startup(x,y,z):(704,16224,144)
-640 18784 7248
-2464 20544 5008
-1424 17648 1888
-1424 16128 -1888
-496 16128 -3600
16 15104 -2368
128 15104 -496
32 16048 -496
560 16144 1296
-16 16656 384
-160 16192 688
-160 16416 864
64 16464 0
64 16464 -816
-352 16272 -816
-16 16224 304
64 16064 -480
272 16128 -640
320 16048 -896
384 16160 -608
384 16160 -352
496 16160 -656
272 16144 -656
384 16272 -720
448 16144 -144
512 16160 464
512 16176 304
480 16176 304
896 16144 448
736 16016 448
704 16096 336
624 16080 128
816 16080 -128
816 16144 160
800 16144 160
912 16224 464
688 16176 48
688 16176 -96
672 16192 80
672 16192 384
720 16224 400
800 16224 304
768 16080 304
720 16128 288
512 16128 -48
480 16112 -128
480 16112 -112
464 16112 -112
368 16208 48
560 16144 -16
592 16160 -224
592 16144 32
624 16192 240
800 16176 256
800 16096 416
800 16096 416
832 16176 -64
768 16144 -32
752 16112 0
752 16192 -16
736 16128 128
736 16240 288
800 16240 -112
656 16144 -112
768 16192 -64
800 16144 480
736 16208 352
704 16208 672
704 16192 672
672 16192 464
704 16064 464
496 16160 368
640 16208 -80
736 16240 -112
624 16240 64
640 16240 128
672 16208 208
672 16144 288
656 16144 64
736 16240 64
800 16176 128
736 16192 240
688 16144 32
736 16192 48
736 16192 192
880 16192 192
800 16208 288
704 16240 288
784 16160 160
672 16112 384
720 16144 576
720 16160 400
784 16160 432
704 16176 432
672 16128 96
832 16096 -64
752 16016 240
752 16144 464
800 16144 640
672 16128 528
800 16128 304
640 16256 192
624 16112 128
768 16112 0
768 16176 0
720 16208 80
720 16192 256
800 16192 256
832 16192 224
800 16160 48
720 16144 96
688 16208 208
864 16176 240
864 16176 144
704 16176 224
800 16160 224
736 16112 224
784 16048 160
688 16144 368
720 16144 240
720 16144 48
768 16240 176
752 16240 256
656 16240 256
720 16240 -32
672 16192 32
592 16128 208
592 16144 240
624 16144 400
656 16128 400
624 16144 96
656 16112 160
752 16192 160
752 16160 304
752 16112 208
704 16144 240
704 16144 432
704 16128 432
768 16176 256
592 16160 416
624 16160 304
624 16064 208
624 16064 208
480 16160 208
464 16160 224
576 16160 384
688 16112 608
784 16192 224
816 16096 448
768 16160 464
768 16160 144
720 16160 144
624 16112 176
656 16096 176
896 16160 176
864 16144 256
704 16160 208
736 16160 176
704 16112 0
704 16096 176
720 16096 176
544 16112 128
560 16144 -64
784 16112 -112
736 16096 16
656 16064 144
560 16112 416
512 16224 416
736 16208 256
736 16176 192
736 16224 224
720 16224 224
640 16304 208
688 16256 208
704 16224 256
704 16176 176
704 16176 448
752 16048 448
592 16128 304
528 16144 240
656 16128 336
784 16080 224
816 16144 48
816 16176 96
656 16176 96
656 16176 -112
880 16224 -144
976 16160 -80
976 16128 64
976 16128 160
976 16048 160
784 16208 112
784 16192 304
592 16144 272
768 16176 112
592 16176 176
592 16176 208
704 16224 208
720 16160 64
768 16192 128
688 16176 192
736 16208 -80
688 16176 16
688 16160 -48
704 16176 48
768 16176 48
624 16160 320
656 16128 -16
544 16144 272
752 16128 176
752 16128 240
704 16096 240
672 16128 496
752 16048 240
528 16112 272
528 16160 192
640 16160 224
640 16160 384
656 16144 160
784 16176 288
720 16128 224
720 16240 160
752 16240 544
736 16208 544
768 16208 240
736 16192 208
640 16208 352
720 16096 304
688 16128 288
688 16128 400
816 16160 400
672 16144 416
576 16192 192
592 16208 192
592 16208 48
624 16128 48
672 16128 112
720 16144 208
704 16224 176
736 16240 176
688 16224 -16
688 16128 -80
640 16128 48
624 16144 48
672 16128 224
768 16096 304
736 16128 288
720 16160 272
720 16128 256
768 16128 256
736 16128 224
752 16112 48
800 16208 64
784 16144 320
672 16128 272
672 16128 224
864 16128 224
672 16096 272
656 16160 672
800 16160 640
784 16128 576
784 16128 384
736 16128 288
720 16144 352
912 16176 352
800 16144 192
816 16160 112
816 16144 48
736 16144 -64
800 16208 -64
848 16176 48
944 16128 -16
848 16176 64
848 16224 48
784 16224 64
816 16240 0
736 16160 0
704 16096 48
816 16128 -48
704 16256 80
704 16224 176
752 16224 176
720 16144 208
640 16144 112
720 16272 144
720 16272 80
704 16272 -48
704 16224 16
672 16224 240
688 16192 240
640 16176 144
736 16176 112
736 16176 192
640 16176 144
624 16240 240
720 16240 112
720 16240 224
832 16192 224
1040 16160 256
896 16192 256
656 16160 416
640 16096 416
672 16080 464
672 16080 80
672 16112 80
592 16048 32
816 16080 64
832 16192 256
832 16208 528
784 16208 544
624 16128 304
480 16080 304
608 16208 272
672 16112 256
720 16144 -32
624 16096 16
624 16096 288
768 16208 288
832 16320 384
688 16192 320
576 16144 144
688 16176 176
688 16208 128
688 16144 48
720 16144 48
704 16160 336
640 16224 208
864 16208 272
608 16320 224
704 16320 224
640 16288 576
672 16208 352
800 16176 -128
720 16240 -48
752 16224 144
752 16256 48
752 16096 -112
672 16192 -176
608 16208 128
640 16112 16
640 16144 0
880 16080 -96
880 16112 -224
736 16112 -288
800 16160 -32
752 16144 208
832 16128 208
704 16176 192
528 16160 64
528 16112 208
512 16112 0
640 16160 0
704 16144 160
464 16176 128
608 16272 16
656 16272 192
656 16272 416
672 16208 208
608 16208 208
688 16160 48
672 16208 176
624 16128 -192
624 16096 -48
656 16096 -48
608 16128 -32
688 16144 288
784 16128 416
768 16176 224
768 16208 176
768 16208 448
720 16208 416
768 16144 416
736 16192 176
688 16096 432
544 16144 448
544 16128 288
592 16128 192
496 16144 192
496 16176 -48
624 16192 64
688 16208 144
720 16144 144
720 16176 240
640 16176 176
800 16160 176
784 16176 160
816 16128 160
912 16064 240
912 16112 160
800 16128 128
912 16128 128
784 16160 80
784 16128 128
736 16176 192
720 16208 496
720 16208 336
720 16240 224
608 16240 224
640 16144 224
656 16160 176
640 16080 256
784 16080 256
784 16080 32
768 16176 32
656 16192 144
784 16224 160
720 16192 384
768 16192 336
720 16096 240
720 16096 304
928 16064 304
832 16112 192
720 16144 336
832 16160 352
832 16144 160
912 16144 416
752 16064 416
832 16112 176
688 16032 336
736 16064 512
736 16096 320
736 16112 -208
784 16112 304
624 16096 304
512 16128 368
624 16112 208
672 16096 160
672 16096 144
752 16096 144
688 16096 -48
736 16112 -48
784 16096 64
752 16080 -64
800 16080 -32
800 16080 320
816 16080 96
608 16144 96
560 16128 80
784 16256 48
640 16176 -16
640 16128 160
640 16144 208
880 16144 256
880 16208 176
800 16208 176
672 16192 224
864 16160 144
912 16176 224
704 16160 176
704 16144 128
880 16144 128
768 16176 272
688 16096 208
672 16096 224
368 16144 240
544 16176 192
640 16176 -176
640 16256 -64
816 16224 128
816 16272 128
864 16224 80
864 16224 272
784 16192 272
704 16208 320
736 16224 224
736 16256 144
608 16176 80
672 16224 272
672 16224 384
528 16096 384
672 16096 736
800 16192 144
720 16176 208
720 16144 416
656 16144 400
512 16128 400
672 16144 192
720 16096 192
688 16112 176
608 16112 352
816 16160 304
816 16160 336
832 16208 336
672 16144 160
704 16176 304
720 16144 160
736 16096 304
864 16144 400
784 16160 320
816 16160 288
816 16160 16
848 16192 16
800 16128 96
688 16224 288
720 16160 144
720 16112 336
704 16112 192
672 16176 192
576 16192 192
608 16208 160
768 16192 16
768 16208 160
720 16192 336
720 16192 176
528 16208 176
640 16176 176
736 16192 16
688 16176 64
688 16080 160
720 16080 464
752 16096 464
768 16176 272
