startup(x,y,z):(704,16224,144)
4160 16736 4848
6416 17408 2912
5536 16464 -3616
4000 13712 -5808
2464 14432 -4496
896 15184 -1776
896 15808 1760
64 16736 1136
64 16176 48
-96 16176 48
-496 16400 160
-512 16256 144
-256 16304 -496
-256 16512 240
-192 16512 -224
-256 16176 -224
-16 16032 64
320 16016 400
560 16160 -32
736 16208 320
512 16128 384
512 16160 -160
480 16160 -160
560 16128 32
528 16144 128
624 16112 32
816 16176 304
816 16176 624
928 16144 624
1008 16128 576
992 15984 -48
1120 16304 1120
1312 16512 832
960 16080 -256
448 15920 -512
560 16032 -96
560 16032 -320
496 16368 -320
528 16080 -32
720 15984 384
656 16160 240
608 16176 176
576 16112 -48
656 16112 272
656 16144 384
880 16144 384
960 16192 512
608 16208 240
-2432 15632 -9312
-3152 15328 -8672
-3152 15328 11984
4480 16576 9968
-1904 17248 -3744
2288 17264 3344
3152 16112 1008
3488 15104 624
2112 16128 736
2144 16080 -464
1648 16064 -2096
1376 15920 -816
1808 16224 2784
1616 16144 3600
752 16128 1376
752 16128 -544
160 16368 -544
656 16224 32
384 15872 176
432 16368 784
432 16448 1072
608 16448 1072
672 16704 848
560 16368 -96
752 16464 -160
1008 16384 176
1232 16224 912
1232 16160 1024
784 16176 -208
784 16176 -784
496 16144 -784
592 16128 48
912 16176 992
800 16096 672
544 16080 -32
528 16112 -288
672 16160 352
672 16160 464
976 16208 464
944 16192 672
896 16096 368
832 16096 128
832 16096 48
688 16144 -80
624 16176 -80
640 16208 -48
928 16224 160
960 16256 480
784 16224 272
848 16240 432
848 16240 0
848 16224 0
768 16160 208
704 16176 176
592 16192 176
592 16192 224
576 16192 224
592 16192 48
656 16192 0
672 16176 128
624 16096 416
512 16096 512
512 16112 208
560 16112 208
656 16160 16
784 16176 304
672 16176 272
640 16144 224
640 16144 224
704 16160 272
608 16192 256
720 16192 592
768 16128 400
736 16128 128
592 16144 -480
592 16128 -544
704 16144 -384
816 16144 -384
592 16128 -16
640 16096 48
704 16048 320
752 16064 192
752 16064 384
656 16112 576
672 16112 432
528 16144 432
592 16128 368
672 16160 -208
560 16144 -128
560 16144 0
624 16176 0
608 16224 208
560 16160 384
672 16160 400
672 16144 304
944 16144 336
816 16128 64
784 16128 64
656 16128 272
768 16080 336
768 16160 128
768 16192 32
704 16192 32
656 16256 -96
768 16144 128
704 16128 16
560 16192 128
576 16160 208
832 16160 304
832 16112 608
832 16112 608
720 16224 496
624 16160 304
640 16128 320
640 16128 528
720 16112 96
704 16112 96
688 16128 224
800 16064 -64
832 16096 176
752 16112 240
704 16096 224
704 16096 144
528 16080 80
624 16128 80
480 16128 320
672 16096 224
768 16128 432
768 16128 288
816 16128 160
656 16112 272
560 16144 272
720 16144 96
608 16240 32
528 16176 48
528 16176 96
464 16128 96
528 16144 176
640 16096 192
640 16048 368
688 16064 -48
688 16128 272
672 16160 208
672 16160 -48
640 16176 -48
672 16144 64
736 16096 352
720 16112 304
720 16096 240
864 16096 288
992 16096 288
944 16128 208
880 16176 336
864 16128 272
848 16224 240
720 16208 144
720 16208 -16
720 16224 -16
496 16128 176
768 16176 112
704 16240 208
704 16256 -144
736 16256 112
672 16192 48
496 16112 0
736 16080 176
736 16048 192
608 16224 272
608 16160 96
608 16160 96
624 16112 -16
496 16144 160
816 16096 160
640 16096 192
640 16096 320
640 16096 208
624 16096 208
608 16144 192
640 16144 64
704 16096 64
688 16128 48
688 16096 272
688 16112 176
576 16112 240
672 16160 240
688 16192 128
720 16224 128
704 16224 0
784 16208 80
784 16080 240
768 16112 192
720 16128 -112
720 16112 16
672 16112 256
816 16160 256
1040 16176 64
864 16160 -64
832 16144 -80
832 16192 80
1040 16192 240
768 16208 240
832 16240 128
816 16224 128
688 16160 208
672 16144 -48
672 16112 -48
624 16112 -32
672 16176 -32
592 16192 304
560 16160 320
704 16144 96
880 16112 112
880 16176 240
864 16144 224
864 16224 288
896 16224 288
976 16192 320
928 16160 288
768 16048 144
464 16112 64
576 16112 160
720 16128 96
720 16128 -240
640 16112 -240
656 16224 0
768 16208 0
688 16176 0
672 16224 144
704 16160 224
704 16160 144
608 16160 144
480 16128 192
592 16112 224
736 16112 336
624 16032 320
624 16208 240
688 16128 128
688 16112 64
688 16112 112
736 16096 112
784 16128 288
816 16080 240
656 16128 240
720 16176 64
784 16144 144
768 16176 176
512 16144 80
512 16144 144
768 16192 144
736 16176 144
816 16128 112
672 16144 16
672 16160 208
784 16160 352
656 16128 352
544 16176 80
576 16112 48
592 16192 128
704 16096 272
704 16144 80
704 16160 -32
704 16160 32
688 16240 -64
816 16208 -64
704 16208 -176
688 16224 -128
592 16240 -32
640 16208 80
640 16208 176
656 16176 256
656 16176 384
608 16208 384
656 16160 256
672 16240 128
560 16224 208
560 16160 -32
528 16160 0
736 16128 0
800 16128 -48
784 16128 -96
768 16128 -176
720 16144 64
736 16176 320
736 16176 256
800 16176 256
720 16208 272
688 16128 288
688 16160 144
736 16112 48
736 16160 -224
816 16160 -224
976 16064 -400
832 16176 -112
768 16224 -64
704 16224 160
800 16160 96
800 16192 160
816 16192 128
800 16160 128
768 16128 464
720 16080 560
864 16064 512
800 16112 224
800 16112 272
528 16128 176
560 16160 416
640 16160 416
672 16128 224
800 16096 160
704 16080 144
688 16112 240
784 16128 176
784 16176 240
704 16176 176
640 16128 176
752 16128 48
688 16144 -112
784 16176 -32
784 16144 112
960 16176 -16
960 16176 -112
832 16208 -112
688 16288 -144
608 16208 288
576 16160 128
672 16128 320
672 16160 400
672 16160 256
704 16112 336
704 16112 64
656 16160 64
800 16112 48
784 16176 -96
688 16208 256
688 16176 160
624 16176 -48
624 16176 -48
720 16144 80
704 16160 432
736 16208 352
704 16192 144
704 16128 -144
704 16128 -128
704 16128 -16
624 16032 -16
640 16096 -32
576 16112 -48
704 16048 416
704 16112 320
752 16112 320
656 16144 320
784 16128 160
896 16144 368
912 16176 288
832 16144 112
752 16064 48
768 16096 176
768 16144 224
848 16112 32
720 16096 288
736 16096 288
720 16144 -224
752 16160 -32
656 16112 384
688 16096 144
816 16112 144
816 16096 160
688 16096 416
736 16080 272
704 16096 576
608 16144 496
528 16208 496
528 16208 416
496 16144 288
560 16096 0
704 16096 0
720 16016 96
592 16080 48
640 16192 16
640 16176 368
640 16176 368
528 16256 384
624 16112 352
656 16128 352
912 16096 256
784 16144 208
864 16128 320
864 16144 144
768 16144 144
704 16096 144
656 16048 224
656 16032 240
656 16144 352
544 16144 416
656 16144 416
752 16144 96
688 16256 128
752 16208 272
688 16208 144
656 16224 160
656 16080 192
784 16080 192
736 16144 128
720 16224 144
512 16160 160
752 16160 -32
832 16128 80
784 16160 176
784 16160 208
848 16144 352
784 16144 336
768 16240 336
880 16192 240
704 16160 304
576 16112 272
576 16112 336
672 16128 256
608 16144 256
608 16240 80
688 16240 -192
608 16224 128
608 16192 176
608 16160 160
576 16160 256
688 16128 256
640 16160 288
624 16128 272
640 16080 368
640 16080 240
720 16080 240
736 16128 224
736 16160 304
752 16208 32
688 16192 128
720 16192 -64
688 16208 -112
688 16208 -64
672 16224 -64
688 16176 -96
624 16208 -112
688 16144 144
688 16176 208
688 16176 128
608 16192 128
656 16160 128
768 16176 128
800 16240 192
768 16176 64
832 16176 192
832 16176 32
800 16160 304
736 16160 304
832 16128 352
880 16160 0
816 16192 48
768 16160 64
688 16112 128
768 16128 336
768 16160 240
608 16160 240
432 16176 272
832 16160 80
800 16128 128
800 16096 128
