startup(x,y,z):(656,16160,128)
5632 15648 3504
3648 17056 1152
2320 16064 1552
976 16496 800
-32 16032 -1072
-2992 18064 -4064
-4048 13440 -9104
-1312 10688 -2928
-192 16112 3376
-192 17648 3376
-128 17552 2992
-432 16848 2032
-320 16480 976
-32 16176 -608
208 15984 -1312
208 15936 -80
864 15936 -80
1024 16192 304
736 15968 -736
848 16048 96
800 16144 832
448 16208 336
448 16352 368
352 16352 480
256 16288 480
448 16208 224
784 16176 496
800 16048 544
800 16032 208
816 16032 -112
720 16080 -304
656 16128 -336
480 16112 -336
672 15952 208
800 16048 192
848 15952 144
848 16192 304
896 16192 304
672 16240 464
736 16256 464
912 16128 96
880 16144 -16
800 16160 0
736 16080 0
736 16160 96
656 16160 0
544 16080 0
432 16112 -288
448 16112 -48
800 16112 144
928 16112 576
704 16048 304
704 16048 384
800 16144 592
752 16224 320
528 16208 320
736 16192 208
992 16080 512
1008 16080 624
1008 16080 480
1088 16064 480
832 16176 560
624 16256 128
528 16112 240
704 16064 256
704 16112 144
896 16128 272
752 16128 176
720 16208 176
624 16128 16
48 16064 -688
-64 15968 -1200
-64 16112 -944
48 16112 -944
96 16144 144
448 16096 240
1104 16272 1472
1392 16272 1072
1408 16240 624
1232 16304 944
1232 16320 400
928 16320 400
752 16240 192
752 16128 -112
736 16096 -304
800 16048 -128
800 16048 192
672 16192 192
544 16096 -48
592 16064 16
624 16064 352
512 16080 256
672 16096 448
656 16160 400
656 16128 288
848 16128 288
864 16112 256
816 16112 64
816 16096 -48
640 16128 240
640 16144 112
528 16192 64
576 16192 32
768 16224 32
672 16176 240
656 16144 448
704 16176 432
704 16128 144
832 16128 144
704 16080 192
672 16064 384
544 16048 400
688 16064 160
736 16016 176
736 16048 -176
688 16048 -176
592 16096 -112
528 16080 288
704 16144 560
240 16128 -608
240 15952 -976
80 15952 -304
64 16096 -304
288 16352 304
272 15984 -16
256 15936 -144
368 15904 -272
1008 16096 416
880 16176 464
880 16176 368
752 15984 368
672 16176 208
688 16160 80
608 16064 -384
592 16016 -144
592 16176 160
768 16080 32
704 16080 -240
512 16032 -240
-144 16080 -848
800 16880 -672
2176 17056 2368
2608 16688 6224
2608 16768 3824
1776 16768 3824
1168 15664 -80
-16 15952 -592
-672 15600 -2832
-240 16128 -2032
368 16416 -80
368 16336 1424
1040 16336 1424
1360 16320 1536
896 16240 -368
64 16304 -1744
144 16304 -912
144 16384 976
720 16384 976
1200 16368 1840
1280 16144 1840
1488 16192 1936
1216 16128 1040
752 16128 416
752 16096 -1312
64 16096 -1312
-16 16192 -1120
896 16128 -128
1008 16064 448
784 16160 480
784 16160 -240
368 16128 -240
320 16144 -224
736 16128 832
1168 16160 1040
1296 16080 368
944 16112 208
944 16240 -80
736 16240 -80
432 16256 -128
624 16176 384
816 16160 208
736 16176 128
736 16176 128
752 16144 -112
752 16160 336
784 16128 336
864 16096 576
752 16176 224
560 16160 -144
576 16064 -320
576 16064 112
576 16080 112
592 16064 480
752 15952 656
800 16016 336
896 16112 336
832 16096 256
832 16080 464
720 16080 464
816 16064 480
816 16080 208
832 16064 240
560 16064 -128
592 16144 -64
592 16144 192
784 16096 192
752 16128 80
752 16128 128
816 16176 144
768 16192 352
720 16112 384
720 16368 384
736 16192 112
672 16176 96
656 16160 32
848 16128 96
800 16144 224
800 16144 80
800 16160 80
800 16144 96
768 16128 160
704 16176 48
608 16176 304
736 16144 336
736 16144 320
960 16144 320
880 16128 96
768 16144 -96
704 16176 304
704 16160 240
608 16128 192
608 16160 160
544 16160 160
592 16160 112
624 16176 208
704 16096 352
608 16128 -48
608 16112 144
688 16192 -64
704 16192 -64
720 16160 -112
640 16096 128
672 16128 160
560 16192 240
512 16208 176
512 16192 176
592 16192 176
736 16176 112
752 16240 80
816 16160 192
768 16096 96
768 16096 272
688 16128 272
880 16112 112
832 16128 304
816 16128 112
736 16128 80
704 16112 240
704 16112 -128
768 16192 -128
688 16160 -48
640 16128 160
784 16096 -16
736 16128 -256
736 16112 -224
592 16112 -48
560 16064 32
704 16128 32
672 16128 352
592 16096 176
384 16128 224
384 16160 -16
608 16160 -16
640 16128 64
624 16144 192
768 16064 0
672 16128 144
672 16080 96
672 16096 80
672 16112 32
608 16112 32
672 16112 192
624 16080 256
672 16032 240
704 16112 320
624 16160 320
720 16160 288
720 16160 336
736 16144 336
672 16176 64
752 16160 64
704 16176 64
832 16144 32
736 16144 368
736 16144 432
704 16128 432
768 16096 240
688 16064 320
672 16048 224
720 16064 256
720 16064 144
576 16112 192
624 16112 176
656 16144 176
608 16128 -112
592 16112 -48
512 16128 0
512 16128 304
624 16144 304
720 16208 288
608 16128 192
640 16080 96
640 16048 288
656 16112 224
656 16144 208
576 16144 544
592 16112 544
624 16128 272
768 16112 112
704 16208 -272
704 16240 0
576 16240 0
592 16224 -16
480 16128 160
592 16128 352
560 16096 160
576 16080 224
576 16048 272
752 16048 272
624 16144 208
608 16144 240
672 16160 176
784 16064 160
736 16112 96
736 16080 176
720 16080 176
624 16080 512
624 16096 256
624 16128 352
736 16176 448
752 16192 336
752 16080 112
1056 16080 112
1072 16064 208
784 16096 144
784 16016 544
784 16016 176
880 16048 176
720 16096 -64
688 16080 -64
400 16160 -48
432 16224 -32
496 16160 -16
496 16144 48
528 16144 48
576 16128 64
544 16128 80
656 16208 400
784 16160 416
720 16240 304
672 16160 192
688 16144 16
688 16144 128
800 16112 128
1024 16080 160
912 16096 -48
864 16048 -16
864 16064 176
848 16064 208
784 16144 208
656 16016 48
544 16112 192
432 16064 336
512 16112 224
512 16112 112
512 16112 0
528 16208 -304
528 16176 -304
672 16192 -288
752 16096 32
720 16080 -16
784 16128 -16
784 16128 224
624 16176 80
704 16208 112
800 16080 112
752 16112 96
704 16080 144
704 16128 112
592 16128 288
608 16112 288
672 16144 240
688 16160 368
656 16128 240
656 16064 384
720 16128 256
768 16112 240
672 16112 240
768 16080 304
656 16112 400
736 16160 240
736 16160 0
736 16160 0
608 16128 256
704 16144 368
672 16128 -48
624 16112 224
624 16192 512
720 16112 384
720 16112 48
880 16160 48
800 16128 192
816 16144 96
720 16192 -32
720 16144 -224
640 16144 -128
624 16080 -128
512 16112 64
624 16112 160
672 16176 320
800 16128 64
656 16144 128
656 16144 -64
704 16192 -64
864 16080 0
736 16160 48
640 16032 64
688 16080 48
688 16080 112
720 16080 32
720 16080 32
704 16176 48
592 16112 112
592 16128 32
640 16080 416
672 16128 80
672 16128 112
656 16112 112
608 16208 320
608 16144 144
672 16256 48
672 16096 176
688 16096 208
832 16080 224
704 16064 304
592 16128 304
688 16144 544
736 16096 288
736 16080 240
784 16080 320
672 16096 320
768 16176 224
720 16112 256
832 16096 176
832 16144 288
784 16128 256
816 16112 256
768 16112 256
752 16112 288
544 16032 400
480 16096 192
608 16112 304
608 16112 544
560 16144 288
608 16080 192
816 16080 288
704 16064 64
752 16048 96
752 16064 304
720 16064 400
672 16096 400
720 16112 320
688 16032 384
848 16112 256
688 16080 304
688 16048 304
720 16048 256
704 16016 256
720 16080 336
704 16080 272
928 16112 192
704 16080 176
704 16160 176
768 16160 176
800 16064 224
672 16128 224
640 16208 48
704 16224 304
704 16112 368
560 16112 368
688 16064 256
752 16064 256
544 16064 272
592 16064 208
704 16208 224
704 16224 208
640 16224 80
640 16192 80
672 16176 144
528 16224 288
608 16160 16
608 16160 80
688 16096 128
688 16080 -176
720 16080 -176
832 16176 -368
704 16144 -112
816 16112 160
704 16128 -16
704 16144 96
752 16144 -128
848 16112 -128
