startup(x,y,z):(656,16160,128)
-4416 15248 -2448
6272 17216 9472
7024 20000 9392
1792 15776 -3632
32 12512 -4816
3392 14384 2704
3392 16304 3632
4400 16560 2976
2432 16400 2976
640 16112 2240
-880 16816 1312
-720 16416 544
-1408 15360 -2064
-1376 15744 -8512
4272 14704 112
6000 15664 11712
3264 16224 7728
3264 16656 80
1648 16656 6304
6496 16352 6304
5360 15664 -528
3520 15168 -6288
960 16832 -592
1888 16528 3376
1888 16032 4048
2240 16144 1440
1376 16192 -448
-464 16192 -448
-1440 15984 -2432
-352 15952 -32
960 16368 2592
1216 16416 1824
1232 16416 3568
1040 16224 3312
784 16288 3120
304 16176 -448
272 16224 -928
416 15888 -832
672 16048 -256
672 16176 304
816 16176 1088
1136 16128 1088
768 16112 64
416 16144 -1536
400 16096 -1008
400 15968 1376
1056 15968 1904
1456 16032 1904
752 16064 752
416 16160 -464
656 16048 -16
864 16032 48
848 16048 192
848 16064 752
704 16064 288
528 16048 288
416 16096 -336
576 16080 -496
720 16080 368
752 16000 928
464 16080 112
464 16016 -352
496 16016 -256
592 16096 -256
720 16064 464
720 16048 656
736 16128 560
736 16176 112
720 16176 80
528 16128 80
640 16096 352
736 16096 304
736 16096 144
512 16048 144
496 16080 -272
352 16032 -96
704 16000 320
704 16016 368
832 16016 256
848 16032 -96
640 16064 -96
736 16064 224
880 16080 368
816 16096 464
752 16144 592
720 16112 128
704 16112 192
704 16096 160
656 16096 160
704 16144 448
656 16192 336
608 16192 96
512 16160 48
512 16128 128
512 16144 400
720 16176 608
800 16176 304
560 16160 304
576 16176 368
480 16160 208
608 16096 144
608 16096 -112
864 16096 176
704 16112 176
768 16080 368
624 16160 272
704 16176 448
752 16176 448
720 16240 464
576 16144 368
640 16128 64
640 16144 -32
672 16144 -32
688 16128 0
736 16064 96
688 16192 272
656 16128 80
592 16096 -32
624 16080 112
624 16144 48
704 16144 80
576 16160 80
624 16080 160
800 16080 80
784 16096 304
784 16144 528
800 16144 672
816 16144 672
800 16112 624
864 16080 432
784 16112 400
560 16080 192
544 16096 48
544 16096 240
656 16096 240
688 16032 128
688 16048 96
720 16080 144
720 16128 48
720 16144 272
624 16144 272
688 16096 432
576 16080 432
720 16080 448
768 16160 384
928 16096 240
720 16096 176
720 16096 224
768 16096 240
864 16096 240
896 16112 144
768 16064 240
656 16048 0
672 16064 336
832 16064 192
864 16128 208
864 16096 512
848 16096 512
720 16096 352
704 16112 -112
736 16112 -16
704 16016 -96
704 16016 0
720 16016 160
848 16016 48
816 16128 -64
704 16080 -64
752 16064 128
656 16064 96
736 16032 240
736 16000 240
784 16000 240
704 16128 -128
704 16080 16
720 16128 96
512 16176 304
544 16144 336
592 16112 176
592 16112 48
800 16112 48
752 16112 -112
736 16176 64
672 16224 144
640 16160 352
624 16176 16
624 16112 -112
592 16112 224
624 16144 144
704 16176 144
464 16160 160
592 16080 -32
560 16160 256
624 16144 208
624 16144 192
608 16160 192
560 16128 240
624 16144 256
656 16176 32
720 16160 32
640 16112 272
624 16192 288
672 16176 176
672 16176 32
800 16144 32
640 16192 208
704 16144 -64
608 16160 64
592 16080 272
592 16128 208
528 16128 208
512 16144 272
624 16128 272
752 16144 384
704 16080 192
576 16080 272
576 16096 288
704 16096 288
528 16096 144
576 16096 64
608 16096 -192
528 16144 64
528 16144 112
688 16160 160
688 16160 48
656 16160 48
832 16096 176
752 16112 576
544 16096 480
544 16080 144
816 16080 256
656 16128 256
688 16112 384
688 16080 400
736 16064 176
736 16064 16
736 16096 -256
848 16064 0
848 16064 256
736 16080 256
752 16128 16
784 16032 80
768 16048 0
768 16032 -64
768 16032 80
720 16144 128
848 16176 192
784 16144 208
800 16144 208
704 16112 -192
624 16208 -352
624 16192 64
624 16144 48
688 16144 -112
832 16128 -112
784 16112 -16
704 16016 288
720 15968 224
864 16112 368
736 16144 240
736 16192 192
752 16192 352
784 16096 352
816 16080 368
688 16096 512
688 16128 416
656 16160 400
656 16160 400
752 16128 256
624 16160 176
576 16176 80
512 16128 400
688 16032 208
688 16032 192
624 16032 48
736 16064 48
704 16080 240
688 16000 448
688 16112 384
688 16176 240
784 16176 240
896 16160 112
800 16144 192
720 16160 224
768 16096 80
816 16128 160
816 16160 32
704 16160 176
544 16160 176
432 16080 224
448 16112 80
672 16144 128
640 16128 -64
672 16160 176
672 16160 32
672 16080 176
672 16080 512
512 16048 512
560 16048 304
704 16048 400
880 16064 288
752 16112 288
752 16112 112
784 16096 112
752 16096 192
720 16096 448
672 16144 256
624 16160 240
688 16096 176
688 16096 160
672 16112 160
672 16096 16
496 16144 176
592 16128 224
592 16064 464
688 16064 128
800 16064 128
784 16064 208
784 16048 112
560 16080 192
608 16128 464
624 16128 400
624 16128 160
688 16064 160
560 16128 192
496 16112 352
608 16160 272
608 16160 288
656 16160 336
608 16144 144
608 16144 144
608 16144 112
720 16096 192
880 16064 208
800 16096 -16
800 16096 320
688 16032 400
672 16080 400
656 16080 576
752 16128 448
832 16128 352
752 16080 256
672 16080 352
752 16080 448
752 16336 576
656 16176 576
624 16176 304
784 16208 0
800 16128 64
832 16080 160
832 16080 272
816 16032 272
928 16064 224
720 16128 224
688 16112 224
832 16192 -112
576 16096 304
576 16096 320
640 16080 320
720 16128 256
592 16176 288
768 16176 64
752 16144 208
752 16144 256
560 16096 192
656 16064 112
736 16064 112
624 16128 224
816 16048 144
608 16144 272
608 16112 336
752 16112 448
736 16144 624
640 16096 624
688 16112 368
576 16160 448
544 16112 208
672 16128 -48
672 16176 160
672 16224 128
704 16224 128
704 16112 288
640 16048 208
640 16192 224
592 16112 256
592 16080 416
624 16112 400
624 16112 384
560 16160 288
560 16160 80
544 16192 80
720 16160 128
544 16144 320
592 16112 208
592 16368 144
752 16144 336
752 16080 336
928 16160 176
656 16208 224
672 16144 128
736 16128 -32
656 16224 32
656 16112 -16
688 16112 -16
800 16048 16
832 16048 64
656 16032 256
688 16048 256
720 16112 64
720 16080 0
832 16080 0
816 16048 208
944 16096 288
896 16096 48
688 16176 240
688 16160 64
752 16080 64
752 16080 160
704 16096 160
608 16096 160
624 16048 432
640 16112 336
720 16144 400
576 16160 192
576 16112 208
624 16112 304
720 16064 304
544 16080 256
592 16032 352
720 16048 320
688 16160 -48
688 16096 -112
768 16064 224
720 16048 224
736 16160 192
736 16160 352
656 16144 352
656 16144 304
656 16144 368
672 16064 592
672 16064 544
752 16064 464
768 16064 464
800 16080 656
688 16048 416
832 16064 304
800 16048 432
752 16112 272
752 16128 192
752 16128 192
736 16128 64
688 16176 112
608 16192 288
528 16128 64
528 16128 112
512 16128 160
496 16064 160
608 16080 192
576 16080 176
576 16096 -48
640 16096 -48
672 16048 96
608 16112 288
752 16112 272
800 16128 240
800 16208 256
864 16208 256
560 16208 256
640 16096 192
688 16112 -64
736 16080 -16
736 16336 -128
864 16144 -128
768 16176 -160
704 16096 -16
512 16112 16
560 16128 176
560 16144 208
512 16144 208
560 16112 192
656 16112 352
608 16208 336
624 16176 288
624 16096 320
592 16096 320
544 16096 208
448 16080 256
592 16112 -80
816 16096 112
816 16096 64
800 16096 64
592 16160 112
704 16144 80
800 16128 96
944 16128 480
944 16128 80
752 16144 80
896 16016 -32
768 16080 512
720 16096 288
720 16176 416
784 16176 192
720 16192 192
400 16112 256
640 16032 400
784 16112 128
784 16096 -80
736 16096 -80
688 16112 -64
704 16096 0
640 16096 80
640 16176 176
736 16176 400
