startup(x,y,z):(656,16160,128)
3600 15088 112
-1776 15200 -3408
-3328 15616 -3456
-1904 15456 -1680
-3376 18128 -4384
-2720 12032 -11152
-2720 12656 -10400
-1152 12656 -4496
304 14352 -4496
1040 18688 256
-1408 17184 -1824
-816 16160 -1328
-816 16432 -1424
656 16432 -1424
656 16144 -1104
880 15984 128
1376 16384 1376
624 15568 -1136
624 16368 -6640
-1072 15840 -4640
-928 15840 -4640
912 16064 6480
1952 15952 7328
816 16224 2256
1584 16576 3440
1584 16576 -1456
576 16528 -3840
-80 16032 -3840
480 16288 -1152
1600 16160 960
1712 16096 2096
1200 16352 352
1200 16112 -2288
352 16112 -2288
224 16032 -2832
848 16192 0
1328 16160 1936
1328 16144 1952
1552 16112 2752
1888 16112 2496
1856 16128 2480
1280 16160 624
672 16144 -464
256 16016 -1072
256 16160 -240
448 16160 304
736 16160 304
720 16064 -32
624 15968 -448
512 16048 -1104
528 16048 -352
528 16064 832
800 16064 1264
736 16080 1264
672 16000 720
512 16080 176
560 16032 -16
560 16144 32
576 16144 480
512 16096 480
560 16000 304
736 16000 -64
640 16064 -208
640 16144 288
544 16160 640
736 16016 384
880 15984 -64
768 16032 -112
768 16064 48
624 16064 336
784 16080 336
672 16112 544
672 16112 512
672 16176 192
688 16176 224
688 16176 288
800 16112 288
704 16064 160
656 16208 96
784 16240 128
784 16176 80
640 16176 64
608 16192 64
592 16144 -32
608 16112 0
608 15984 64
720 16032 496
752 16032 496
736 16128 144
736 16160 160
720 16176 48
624 16128 384
624 16128 624
672 16128 624
560 16112 384
608 16160 320
864 16080 80
768 16112 80
768 16112 144
768 16112 208
656 16112 208
720 16000 96
720 16048 224
736 16048 464
736 16144 640
784 16144 640
928 16096 400
624 16096 320
592 16064 480
688 16080 304
688 16080 272
608 16080 272
656 16112 -96
656 16176 -112
512 16128 -64
576 16144 -48
576 16096 192
608 16096 192
640 16176 336
720 16064 352
688 16112 384
688 16176 176
720 16112 96
752 16112 160
800 16096 160
656 16128 176
640 16096 224
592 16112 192
592 16096 80
640 16096 80
640 16080 32
736 16096 -32
720 16096 -16
736 16080 192
736 16128 192
688 16128 192
768 16192 208
704 16288 400
736 16192 496
672 16112 544
672 16112 320
688 16112 320
672 16064 208
656 16096 -112
752 16144 96
752 16048 112
784 16048 256
752 16048 256
704 16096 320
688 16064 256
656 16048 -64
640 16064 -64
640 16064 208
432 16176 208
560 16176 464
784 16208 272
720 16208 96
720 16128 -16
752 16128 -16
784 16048 -48
688 16032 256
656 16064 352
608 16016 368
608 16032 176
800 16032 192
736 16096 192
832 16048 256
816 16176 32
704 16160 272
704 16048 512
720 16048 512
704 16016 416
592 16112 160
608 16080 288
672 16128 304
640 16096 64
640 16096 208
848 16096 208
656 16032 144
656 16048 160
800 15984 208
752 15984 240
752 15984 432
720 16032 432
656 16016 160
512 16064 208
608 16112 224
624 16112 -80
672 16144 -80
656 16064 0
608 16144 -64
624 16160 160
624 16192 144
624 16192 144
656 16144 192
592 16144 256
688 16128 112
688 16112 256
688 16128 384
688 16128 224
720 16080 224
576 16208 368
656 16160 352
752 16112 144
752 16112 80
560 16144 80
608 16144 512
640 16096 448
576 16000 416
608 16064 256
608 16064 336
592 16160 336
640 16144 496
640 16112 400
640 16112 240
640 16176 304
512 16176 304
480 16208 336
608 16240 224
608 16224 288
528 16144 336
688 16144 192
688 16144 128
752 16224 16
784 16240 16
800 16080 416
688 16144 272
672 16176 368
672 16176 400
672 16176 192
800 16192 192
816 16224 240
656 16176 368
800 16160 -48
752 16144 64
752 16080 144
608 16080 144
752 16096 64
784 16080 144
864 16096 -80
896 16128 176
896 16128 272
624 16192 272
800 16112 464
704 16128 240
848 16064 112
768 16112 240
768 16112 240
720 16160 240
544 16160 176
624 16112 448
736 16160 192
736 16112 -112
720 16112 288
752 16064 288
736 16032 176
800 16032 192
704 16096 336
704 16032 320
704 16112 384
688 16112 384
688 16144 224
624 16128 -128
720 16096 -64
752 16064 96
752 16064 272
640 16064 272
608 16016 256
688 16048 224
688 16080 272
768 16112 176
768 16096 176
704 16096 160
800 16016 160
704 16144 352
576 16112 224
640 16160 192
640 16128 256
512 16128 256
640 16128 128
704 16160 96
976 16096 192
848 16112 352
832 16144 352
832 16112 64
880 16112 64
784 16144 -160
640 16096 -128
656 16000 80
656 16160 48
688 16112 -96
848 16112 -96
880 16112 -176
720 16144 -64
672 16112 192
672 16208 208
672 16176 320
576 16176 352
672 16160 352
656 16224 160
912 16128 256
704 16144 208
704 16144 32
704 16144 32
736 16208 32
688 16112 144
880 16112 80
928 16080 96
896 16080 208
672 16128 208
496 16096 368
496 16144 256
512 16192 320
512 16176 240
592 16176 240
656 16112 288
624 16192 192
560 16144 304
544 16160 336
704 16144 192
704 16128 144
704 16128 240
624 16128 240
656 16144 272
576 16128 256
544 16048 320
544 16048 192
800 16064 192
544 16160 208
464 16224 160
688 16080 336
752 16064 304
752 16064 112
848 16064 112
736 16064 -64
688 16096 48
576 16128 128
576 16160 96
512 16160 -32
656 16096 -32
656 16128 16
640 16144 208
624 16160 224
624 16176 80
656 16176 160
736 16144 160
784 16112 464
752 16128 384
736 16128 544
736 16144 128
736 16144 224
592 16080 224
640 16128 288
720 16016 96
864 16064 352
864 16064 224
736 16064 256
928 15968 256
720 16032 96
656 16112 384
704 16000 192
704 16000 208
624 16064 208
608 16016 256
640 16048 368
592 16112 512
736 16176 400
736 16128 112
720 16128 256
576 16176 256
672 16096 256
816 16112 96
736 16112 -112
736 16112 64
592 16144 64
752 16128 96
688 16096 528
672 16112 112
656 16128 272
656 16176 48
672 16176 176
656 16128 176
640 16144 272
656 16144 352
704 16096 432
704 16096 368
672 16096 368
704 16144 384
752 16096 480
896 16096 208
720 16160 224
720 16160 -32
592 16112 -32
640 16160 16
512 16144 288
496 16080 272
560 16128 272
560 16096 128
512 16096 128
592 16144 256
608 16128 272
640 16160 240
736 16128 288
736 16176 208
720 16176 208
544 16176 288
608 16144 288
624 16096 112
816 16208 208
816 16208 368
752 16176 368
608 16144 208
640 16192 -144
752 16128 -64
608 16096 192
608 16128 256
704 16128 256
704 16112 -16
640 16128 -208
400 16160 192
528 16144 400
528 16160 288
768 16160 288
736 16112 240
688 16064 208
704 16112 160
672 16080 304
672 16080 128
896 16192 128
672 16032 48
752 15968 192
672 16032 144
672 16032 208
912 16064 208
784 16128 176
640 16128 304
640 16112 224
592 16096 144
592 16096 32
848 16176 32
848 16064 160
592 16080 272
688 16144 176
688 16176 256
544 16176 64
688 16160 64
672 16080 96
720 16224 -16
656 16144 192
656 16112 48
816 16112 48
672 16144 400
672 16112 176
800 16144 416
752 16112 448
752 16112 64
704 16112 64
704 16128 96
912 16096 112
800 16176 288
800 16208 32
800 16160 64
656 16160 48
704 16080 48
576 16112 16
624 16128 400
720 16192 352
720 16192 336
704 16192 336
608 16208 320
608 16112 48
704 16112 160
544 16112 208
544 16064 256
592 16064 400
720 15968 400
720 16096 192
784 16112 192
576 16096 304
576 16128 192
672 16128 176
672 16144 176
720 16160 192
704 16176 176
656 16160 128
656 16160 272
624 16096 272
736 16112 224
800 16128 368
800 16064 384
672 16096 432
672 16096 336
688 16096 336
688 16096 288
736 16080 320
496 16112 320
496 16128 64
640 16128 112
640 16112 112
592 16096 192
576 16176 112
416 16128 288
576 16096 96
576 16128 272
704 16128 272
656 16160 32
656 16144 -48
640 16096 416
640 16128 288
656 16128 320
672 16096 320
624 16080 352
