startup(x,y,z):(672,16160,176)
6752 16752 3696
4784 16304 3152
3120 15440 1024
3120 15984 -352
1488 15984 -352
1344 15904 288
800 15952 1152
224 16128 480
-4560 15392 -13248
-4560 17584 -4464
-3872 18752 9088
-400 17328 11056
3296 17328 4976
2528 16576 4976
-496 16448 -3712
-1744 16112 -8240
-576 16048 -3184
-576 15792 4096
2528 15808 320
1136 16176 320
-1104 16192 -3952
-1280 16864 -1808
512 15856 1712
1312 16448 2576
1584 16528 3280
1360 16832 1408
1360 16832 -1392
0 16576 -1392
-384 16528 -1872
272 16288 608
784 15664 1824
784 16048 528
496 16048 528
-304 16064 -2224
-448 16032 -2800
656 16048 16
1984 16064 2608
1984 15968 2352
1552 15968 2352
496 15984 -720
256 16000 -1776
784 16096 384
784 16096 752
976 16096 -272
864 16336 -272
688 15920 -704
-3600 15632 -8192
-656 17488 -2912
-656 17424 7072
5520 17424 10192
6496 16192 10192
2304 16144 2800
944 16528 960
944 16192 -1600
368 15728 -4752
-208 15728 -4752
1056 15984 96
832 16288 1440
192 16144 -816
96 16416 -464
96 16176 -208
240 16176 -208
400 15952 1312
640 16192 1888
944 15968 2704
944 16304 928
720 16112 -528
832 16112 -528
768 16016 -352
608 16032 1136
1184 16064 2080
1344 16128 1424
1344 16144 -400
640 16144 -400
656 16112 -288
656 16240 800
752 16064 928
752 16064 256
1024 16128 -784
688 16128 -784
496 16096 -544
432 16080 -352
624 16128 -96
848 16160 512
848 16096 208
736 16096 144
800 16000 144
848 16096 416
800 16112 80
672 16176 -352
640 16128 -112
496 16160 -16
496 16080 -48
592 16080 288
640 16224 288
688 16208 288
704 16208 -416
608 16160 -528
608 16176 -304
672 16176 -304
816 16176 320
752 16208 288
560 16176 80
448 16176 192
448 16176 608
640 16176 608
640 16256 448
560 16192 128
560 16064 -192
688 16144 48
688 16144 192
656 16208 192
896 16160 192
688 16032 352
656 16032 432
752 16112 240
752 16112 128
656 16176 128
576 16144 240
704 16176 288
656 16112 -48
656 16112 -32
800 16112 112
752 16112 112
800 16160 96
592 16192 128
752 16224 0
752 16160 192
816 16160 112
736 16192 112
704 16288 176
624 16240 32
784 16192 -160
784 16160 64
752 16160 912
688 16112 912
1184 16192 368
1424 15984 336
1152 16208 816
880 16144 672
880 16304 352
864 16304 240
720 16192 240
736 16112 144
928 16112 320
928 16112 176
928 16192 176
752 16192 176
704 16176 224
624 16176 -16
560 16192 0
608 16176 64
608 16192 -176
608 16192 -192
560 16208 -192
720 16176 64
960 16160 304
784 16224 304
704 16192 176
704 16192 0
752 16144 0
688 16176 -272
656 16128 240
768 16160 208
768 16160 176
656 16144 112
736 16144 112
704 16080 -112
560 16144 -64
672 16224 16
672 16176 128
832 16176 128
768 16208 16
848 16160 112
928 16096 176
768 16080 96
768 16000 224
848 16000 480
912 16160 208
896 16160 -48
848 16096 208
752 16128 224
736 16160 256
800 16176 400
800 16192 176
800 16128 336
656 16128 288
624 16176 288
608 16256 208
640 16208 288
688 16240 304
800 16192 80
880 16176 272
880 16176 112
800 16192 112
784 16160 16
736 16096 192
688 16096 -48
720 16192 0
720 16192 224
704 16112 224
624 16144 192
576 16096 320
592 16096 0
816 16128 48
784 16128 144
784 16224 48
768 16224 48
640 16176 48
560 16160 96
608 16256 144
576 16240 416
752 16240 208
752 16240 144
752 16240 128
800 16240 128
864 16176 432
928 16128 528
768 16128 608
768 16144 464
768 16144 464
736 16080 272
816 16128 272
928 16144 224
768 16112 272
784 16080 416
752 16128 160
752 16080 -32
784 16160 16
784 16144 112
864 16144 112
704 16176 -304
608 16176 -304
688 16224 -208
608 16208 208
608 16160 0
640 16160 0
752 16112 528
672 16112 528
720 16112 400
768 16128 320
640 16096 160
640 16256 96
576 16256 96
720 16224 0
880 16192 -176
848 16144 48
800 16160 -272
672 16176 -16
688 16160 32
752 16128 96
752 16128 160
1040 16224 192
896 16224 192
800 16176 480
784 16112 352
704 16144 256
704 16176 256
704 16128 256
624 16128 320
560 16048 192
736 16096 192
688 16176 176
784 16112 416
544 16208 128
672 16144 272
672 16144 368
800 16144 368
768 16160 208
720 16176 128
688 16224 240
768 16112 144
720 16192 112
528 16160 160
528 16160 0
592 16208 0
720 16160 0
640 16160 -16
560 16208 128
800 16128 192
800 16176 304
832 16176 272
832 16224 272
832 16192 32
704 16224 224
704 16176 336
624 16224 464
624 16272 256
672 16272 416
736 16176 416
720 16224 384
736 16176 416
688 16112 400
784 16128 96
784 16128 0
704 16160 112
704 16160 32
592 16256 32
688 16144 144
688 16288 272
768 16224 144
768 16192 16
640 16192 80
896 16144 80
848 16192 240
768 16256 64
688 16256 -32
784 16208 -16
784 16160 -112
784 16128 -176
752 16128 -176
752 16176 224
816 16160 544
912 16112 464
848 16176 288
848 16176 304
768 16176 304
720 16144 224
720 16080 336
784 16192 176
672 16144 32
576 16128 240
496 16112 96
496 16080 192
640 16080 272
672 16160 272
688 16224 256
752 16176 224
704 16208 128
688 16160 256
832 16128 48
656 16160 32
656 16160 256
640 16160 256
592 16128 208
496 16144 208
640 16064 272
640 16080 192
448 16080 192
768 16096 -48
496 16160 128
560 16208 128
592 16144 176
464 16112 144
464 16112 224
512 16112 224
704 16256 208
576 16144 256
608 16080 176
720 16128 384
768 16080 384
768 16080 240
656 16144 240
800 16144 368
720 16192 272
656 16208 432
800 16192 160
800 16192 432
608 16128 432
640 16096 256
720 16160 160
784 16128 16
688 16128 64
688 16096 -16
672 16096 -16
656 16112 224
768 16160 160
768 16160 192
848 16160 288
736 16192 288
688 16240 176
896 16208 32
784 16208 256
848 16176 320
848 16176 160
944 16176 160
688 16176 224
768 16144 -96
816 16224 0
800 16208 96
704 16160 144
688 16128 208
688 16128 352
592 16096 352
624 16112 512
720 16144 352
544 16144 416
592 16160 224
432 16208 352
496 16224 208
672 16192 176
672 16128 64
720 16128 64
592 16128 80
720 16144 64
608 16160 160
688 16208 64
672 16208 -64
768 16128 -64
800 16112 -160
720 16112 16
848 16096 16
848 16112 -400
736 16112 -144
736 16112 -48
832 16112 -48
752 16176 144
688 16160 144
672 16208 224
672 16192 400
736 16192 400
848 16160 128
704 16112 336
608 16128 400
608 16160 480
672 16192 112
832 16080 224
800 16112 48
800 16112 48
768 16080 48
864 16048 -16
720 16112 368
656 16128 464
864 16144 368
816 16160 144
816 16160 96
864 16160 96
752 16160 304
816 16144 272
864 16224 288
832 16176 176
832 16144 80
752 16144 80
736 16144 48
816 16080 16
736 16112 64
624 16208 288
784 16192 304
800 16176 224
800 16176 208
640 16176 208
912 16128 144
608 16160 352
608 16224 96
624 16176 224
624 16176 288
720 16096 288
704 16144 192
736 16144 112
544 16192 80
624 16128 192
656 16080 448
656 16336 448
592 16208 448
624 16176 96
560 16160 256
688 16224 272
720 16160 144
720 16160 416
816 16160 528
896 16160 560
816 16064 560
848 16112 352
848 16112 416
720 16128 544
784 16112 320
784 16112 128
768 16192 128
720 16080 -80
656 16112 288
640 16160 -64
560 16128 32
880 16112 -32
880 16048 -80
784 16048 272
688 16048 272
720 16176 160
576 16160 176
672 16160 224
672 16240 304
480 16240 304
640 16160 336
688 16112 144
736 16096 144
944 16048 224
784 16128 16
832 16096 192
832 16096 176
768 16048 176
704 16080 320
688 16192 160
784 16160 80
704 16272 112
704 16176 208
656 16176 288
704 16192 368
656 16144 368
640 16064 288
640 16128 320
576 16080 224
576 16096 16
720 16096 16
816 16112 192
704 16112 160
640 16144 304
704 16160 176
704 16192 240
704 16144 112
704 16144 304
672 16080 288
704 16112 288
736 16144 208
