startup(x,y,z):(656,16160,128)
176 16256 -2176
528 16192 -272
1328 16336 2304
1568 16416 1872
1008 16336 1136
640 16128 1056
448 16240 720
240 16208 304
240 16192 224
656 16192 -1088
400 16288 -1232
496 16352 -1232
480 16112 -656
912 16032 704
1072 16112 1008
864 16096 912
656 16192 288
656 16192 -512
576 16192 -512
576 16080 -384
672 16144 208
464 16128 384
368 16096 -192
368 16160 -608
352 16160 -768
480 16032 -768
704 16048 1248
1216 16096 1248
1088 16016 1616
848 16032 608
608 16176 -176
608 16256 -512
480 16256 -512
672 16096 -304
848 16096 144
944 16080 160
928 16032 64
672 16112 0
624 16144 -112
624 16144 176
736 16128 176
784 16032 144
656 16032 160
480 16048 272
544 16080 256
544 16112 -240
560 16112 -240
608 16064 224
752 16032 560
832 16064 544
848 16096 288
672 16048 -32
528 16112 -272
528 16096 -64
624 16096 224
624 16048 400
592 16096 400
656 16096 224
752 16016 320
688 16016 96
784 16032 352
832 16064 432
832 16000 144
784 16000 144
720 16032 64
736 16016 -16
704 16080 -80
752 16096 32
752 16096 256
848 16096 256
816 16096 288
800 16128 448
768 16096 272
656 16016 -64
896 15936 352
1152 16016 736
1216 16016 576
1024 16240 576
752 16128 512
816 16288 464
1824 16400 1792
2544 16064 784
2544 16128 1072
2800 16128 976
1632 16128 512
1008 16064 512
736 16240 208
832 16064 -48
896 16096 -512
896 16096 -16
992 16096 512
816 16144 512
512 16112 208
544 16080 288
640 16176 320
576 16176 416
608 16192 448
608 16240 176
656 16240 48
640 16112 48
752 16048 -96
864 16160 176
832 16080 176
720 16080 352
544 16176 32
544 16112 240
624 16112 496
608 16064 272
704 16064 272
576 16096 272
592 16064 96
752 16160 -128
752 16112 80
688 16112 -80
592 16096 128
640 16112 128
560 16128 336
656 16096 304
528 16096 112
672 16160 160
736 16128 304
736 16128 368
880 16128 368
720 16192 160
720 16176 224
640 16224 544
544 16176 368
544 16160 592
544 16160 384
640 16128 384
608 16112 -208
576 16096 -208
592 16080 128
448 16128 112
544 16208 -96
544 16176 -176
608 16176 -128
624 16096 -128
640 16112 48
608 16032 224
640 16080 128
704 16080 160
656 16096 48
672 16144 0
672 16144 208
720 16128 208
736 16160 624
640 16096 304
560 16096 352
656 16080 304
704 16096 160
688 16112 160
704 16208 128
720 16176 256
640 16160 448
400 16080 352
688 16080 64
688 16064 -240
736 16064 -96
832 16032 -96
768 16016 48
704 16016 64
720 16000 448
720 15984 192
784 16096 160
688 16112 -144
608 16112 -144
640 16096 192
672 16112 144
736 16128 -96
720 16128 160
720 16128 32
720 16176 32
784 16176 -64
864 16128 16
688 16128 112
736 16112 80
704 16112 128
688 16112 368
688 16176 64
720 16176 -16
656 16160 -16
640 16128 -64
688 16160 -144
704 16192 -80
848 16144 48
848 16080 48
816 16080 192
704 16080 112
624 16064 112
688 16128 -80
464 16128 256
464 16144 208
704 16160 176
704 16192 224
656 16192 320
656 16144 320
624 16160 320
800 16112 192
672 16080 384
640 16128 144
704 16112 320
704 16064 128
688 16064 -80
736 16096 -80
752 16144 -80
736 16160 48
720 16048 208
624 16144 192
624 16144 32
720 16080 32
608 16112 -64
672 16080 48
736 16176 240
704 16176 32
640 16128 96
640 16144 160
640 16144 160
656 16048 240
672 16128 320
640 16112 32
624 16176 208
688 16208 112
656 16192 144
720 16176 288
512 16144 192
512 16112 112
800 16112 112
880 16112 16
800 16112 160
768 16176 64
832 16224 -48
800 16128 96
800 16192 224
720 16192 480
624 16176 240
624 16176 240
608 16144 256
784 16176 208
720 16080 272
496 16064 304
496 16144 304
544 16144 112
608 16144 112
352 16112 304
480 16112 224
560 16144 192
512 16112 272
624 16144 384
704 16096 272
704 16096 432
576 16144 432
704 16144 416
784 16064 336
736 16144 160
720 16096 256
720 16096 64
800 16096 64
640 16144 -16
528 16160 -16
592 16160 -16
720 16096 112
720 16112 176
720 16112 272
768 16144 272
688 16128 208
688 16112 272
688 16224 160
688 16128 208
688 16112 64
736 16128 240
736 16128 160
528 16144 160
560 16176 16
688 16112 -16
672 16144 -224
672 16192 48
624 16192 48
544 16160 48
704 16080 96
608 16192 160
592 16192 96
576 16224 -16
672 16080 -144
672 16160 0
768 16160 0
672 16176 48
592 16128 64
624 16144 64
544 16192 240
400 16176 272
400 16160 112
432 16016 0
576 16016 288
592 16016 288
608 15968 144
640 15968 304
608 16064 176
608 16080 208
736 16080 208
560 16176 320
624 16176 16
656 16144 96
816 16112 400
640 16096 448
736 16048 416
736 16064 336
528 16064 240
656 16128 240
608 16112 368
624 16032 432
672 16016 256
672 16032 320
736 16032 64
688 16064 240
736 15968 256
672 16016 144
784 16080 80
752 16128 -160
752 16192 160
784 16192 224
688 16144 224
752 16048 448
656 16048 336
672 16096 48
624 16112 32
624 16112 80
736 16096 80
704 16080 240
720 16096 240
816 16000 208
656 16016 176
672 16048 336
672 16112 288
592 16112 208
800 16080 208
624 16064 128
640 16080 0
800 16112 -96
704 16128 448
656 16128 272
624 16064 176
624 16144 0
608 16144 0
592 16192 208
672 16176 320
576 16128 192
656 16144 208
656 16096 528
704 16096 208
768 16176 208
672 16208 -80
736 16192 0
656 16096 64
720 16048 96
672 16080 208
672 16080 368
656 16032 368
688 16032 208
656 16096 -80
784 16112 -208
784 16080 -64
784 16080 -96
768 16208 32
864 16176 144
784 16112 144
752 16192 96
768 16160 -16
768 16160 96
768 16160 64
912 16128 64
848 16080 128
752 16128 224
608 16160 336
736 16128 240
688 16128 224
672 16048 16
704 16128 80
768 16128 0
768 16128 208
800 16128 176
768 16160 176
560 16096 80
608 16048 288
704 16064 512
704 16112 560
544 16064 400
640 16064 368
656 16096 368
672 16048 224
640 16144 96
656 16128 176
656 16128 384
624 16080 384
656 16144 352
688 16160 384
912 16096 224
912 16080 128
976 16112 160
944 16128 16
944 16128 32
784 16144 32
768 16224 192
560 16192 48
592 16112 0
592 16096 208
624 16096 208
736 16064 320
816 16016 160
752 16144 128
816 16144 192
704 16176 48
704 16096 192
752 16096 160
848 16112 160
832 16112 240
832 16224 80
704 16144 144
704 16128 224
704 16128 224
656 16096 224
624 16080 208
752 16160 160
656 16112 176
784 16112 304
832 16128 400
832 16128 272
752 16176 400
672 16192 400
608 16112 256
608 16112 128
800 16096 384
640 16064 256
656 16048 208
768 16096 368
768 16096 80
784 16144 80
816 16160 144
832 16144 112
784 16128 160
784 16208 48
816 16208 -48
752 16176 -48
656 16160 32
640 16112 288
576 16128 304
624 16144 320
592 16160 208
592 16128 128
512 16128 128
544 16112 -96
560 16096 -128
640 16064 224
576 16064 208
576 16064 208
560 16032 208
640 16096 224
608 16064 272
608 16080 240
624 16112 128
640 16112 160
640 16064 560
768 16064 560
528 16080 432
656 16080 32
560 16208 -160
640 16208 160
640 16160 320
672 16160 320
784 16240 128
672 16240 128
640 16160 -112
624 16144 16
592 16160 -48
592 16208 80
608 16192 -96
576 16192 -144
624 16176 -144
720 16208 -304
672 16144 -144
720 16144 -64
784 16064 144
752 16032 144
752 16192 128
656 16192 128
688 16096 272
768 16160 224
672 16176 96
672 16176 80
592 16128 48
496 16128 48
608 16096 160
496 16096 240
576 16096 32
688 16064 208
672 16080 384
672 16080 240
672 16080 192
768 16064 192
784 16112 352
720 16096 448
736 16128 48
784 16176 -144
608 16176 384
720 16176 144
736 16048 144
736 16112 320
912 16128 240
752 16080 288
752 16144 288
752 16144 112
912 16160 160
