startup(x,y,z):(672,16160,176)
-1360 16048 1840
-1648 16080 -1936
1200 15696 176
2112 15744 2224
2112 15744 1040
2032 15840 1040
1824 16080 752
1408 16496 640
1072 16128 560
1104 16144 864
1168 16160 64
1168 15984 -560
736 15984 528
1136 16240 528
912 16224 -640
608 16128 -640
656 16192 64
448 16160 528
592 16080 -224
720 16176 0
944 16224 480
784 16128 48
672 16192 -336
768 16256 -304
768 16256 176
800 16144 512
800 16144 528
864 16176 528
640 16144 -112
832 16128 320
992 16192 496
992 16224 128
1024 16192 -512
880 16192 -368
768 16208 -368
816 16112 96
752 16144 448
736 16160 496
672 16144 240
720 16064 144
720 16176 464
832 16176 272
624 16224 272
608 16208 144
720 16256 240
784 16144 352
688 16128 384
688 16112 512
688 16176 256
688 16176 16
832 16176 16
832 16176 -32
768 16160 160
576 16080 432
640 16160 304
640 16144 112
640 16160 176
672 16160 176
704 16112 464
624 16128 384
608 16160 32
768 16160 -80
800 16208 96
752 16224 272
752 16160 48
864 16160 48
688 16176 224
672 16128 240
768 16112 208
736 16112 256
736 16208 240
720 16144 272
752 16128 272
752 16128 -32
736 16112 -32
640 16000 224
608 16096 128
496 16176 208
720 16176 160
704 16160 96
704 16144 352
704 16112 256
816 16112 112
800 16176 48
704 16176 48
816 16256 -96
592 16160 64
592 16128 112
640 16128 224
640 16128 416
624 16144 416
640 16208 448
624 16176 432
640 16144 160
560 16160 -80
752 16112 -112
800 16144 -160
800 16176 -48
640 16176 -48
656 16144 64
704 16128 64
704 16208 128
656 16240 16
688 16192 96
688 16160 64
720 16208 32
720 16208 -32
720 16160 128
576 16096 160
576 16144 272
656 16160 144
672 16192 240
592 16144 -16
640 16176 176
688 16192 192
640 16176 112
512 16128 272
672 16128 64
672 16160 -80
672 16160 -80
528 16208 16
624 16128 0
816 16176 64
720 16112 192
800 16128 480
832 16144 384
736 16160 320
736 16128 288
704 16128 192
704 16192 192
576 16208 272
672 16192 176
704 16208 160
672 16160 96
672 16128 32
704 16128 32
624 16080 160
784 16176 112
704 16176 112
672 16144 224
672 16096 416
704 16112 400
672 16080 352
672 16080 624
736 16096 352
864 16064 352
576 16080 240
704 16160 144
640 16160 112
656 16192 80
688 16144 304
768 16032 64
768 16128 176
704 16128 176
800 16096 96
784 16128 144
752 16096 320
752 16160 400
752 16160 288
784 16160 304
736 16176 240
736 16176 32
640 16096 32
688 16144 32
736 16160 16
816 16096 -192
816 16064 144
816 16064 224
736 16096 224
688 16096 144
624 16112 240
640 16112 288
688 16176 272
672 16160 240
688 16112 240
688 16368 16
720 16176 16
800 16160 224
784 16256 -112
640 16208 32
528 16112 112
528 16080 240
624 16080 400
736 16080 384
608 16080 480
512 16096 480
672 16032 304
704 16000 192
592 16144 224
608 16160 240
672 16160 208
672 16160 48
816 16176 48
800 16144 -80
848 16160 112
736 16144 176
704 16128 256
816 16128 176
736 16160 208
736 16160 272
656 16128 272
752 16176 240
640 16208 224
640 16192 224
672 16096 272
672 16128 192
848 16112 192
736 16112 48
704 16112 48
736 16112 48
688 16080 128
688 16112 96
688 16144 320
768 16144 320
736 16128 288
736 16192 224
800 16128 432
848 16176 512
960 16144 368
832 16144 288
832 16144 240
704 16160 240
928 16192 320
720 16256 272
528 16176 304
640 16144 224
640 16064 304
688 16064 304
512 16112 352
560 16144 320
704 16096 128
672 16064 304
720 16096 368
720 16096 208
864 16128 272
832 16160 272
720 16144 112
704 16144 80
672 16128 368
560 16128 192
560 16128 144
656 16240 208
832 16240 208
736 16208 48
640 16144 80
624 16192 352
672 16160 160
672 16160 -80
752 16144 -80
704 16144 224
752 16128 208
656 16160 96
704 16160 32
704 16208 16
816 16240 16
816 16240 16
784 16208 16
832 16144 -96
688 16144 336
544 16192 320
544 16112 432
560 16096 160
704 16096 160
576 16160 192
704 16176 224
752 16176 144
800 16144 480
832 16144 224
672 16128 192
672 16128 32
816 16064 32
736 16128 272
800 16112 64
832 16176 -128
752 16160 -96
752 16160 0
960 16112 0
768 16128 -16
720 16144 -16
752 16192 -192
672 16192 240
704 16128 288
736 16144 256
736 16144 -16
704 16144 -48
704 16128 -48
784 16080 128
736 16064 224
816 16112 240
768 16128 112
752 16128 64
752 16160 96
816 16160 64
768 16240 64
816 16192 224
784 16128 272
720 16176 192
720 16208 80
752 16176 64
752 16336 112
736 16224 128
736 16224 160
672 16272 160
624 16224 64
736 16144 112
720 16096 352
720 16144 256
752 16144 16
784 16112 16
816 16112 144
784 16128 144
672 16160 -96
672 16128 176
656 16048 400
656 16128 464
832 16128 224
832 16128 48
816 16176 48
816 16128 128
832 16160 272
944 16096 464
800 16112 496
800 16160 288
896 16176 400
768 16176 352
704 16176 352
720 16128 176
688 16080 464
768 16080 224
864 16128 -288
864 16144 -96
704 16176 48
656 16144 144
784 16208 304
816 16160 240
752 16112 192
576 16112 208
576 16112 368
624 16112 448
736 16064 448
608 16064 432
752 16144 368
688 16144 352
688 16096 352
688 16096 400
752 16160 112
784 16096 128
656 16064 128
656 16096 144
592 16192 -32
624 16176 208
624 16080 -16
640 16080 -16
576 16048 368
688 16080 16
720 16144 176
704 16144 96
656 16128 -32
512 16128 -96
512 16192 160
512 16176 160
704 16176 0
736 16176 0
720 16144 -208
736 16160 -64
656 16128 448
656 16128 272
704 16128 240
672 16080 240
656 16112 80
640 16080 80
544 16144 160
800 16208 192
592 16224 224
592 16192 384
560 16192 464
672 16176 272
752 16192 272
688 16160 64
736 16144 96
688 16240 208
624 16240 176
624 16240 352
624 16256 288
864 16256 288
704 16224 304
816 16160 352
832 16160 128
784 16112 192
784 16112 288
656 16096 288
704 16080 272
736 16096 208
592 16080 0
656 16096 -240
608 16192 -272
608 16192 -48
576 16192 -48
432 16192 144
640 16208 608
656 16192 576
640 16192 240
624 16176 176
624 16160 288
592 16160 160
816 16128 176
864 16128 176
784 16176 128
848 16144 528
784 16128 464
784 16192 256
736 16192 256
720 16160 224
736 16144 192
704 16144 144
688 16192 176
640 16240 224
736 16272 160
736 16176 -16
736 16176 48
768 16112 48
704 16096 336
704 16128 160
672 16176 256
592 16160 32
640 16192 -16
640 16192 16
576 16192 -32
592 16160 -16
704 16128 -16
656 16192 -64
688 16080 -64
672 16064 -80
672 16128 112
544 16128 112
736 16160 288
704 16080 192
704 16112 256
656 16048 192
736 16128 192
688 16176 352
656 16208 352
656 16208 288
784 16144 288
704 16096 320
736 16192 304
784 16128 176
816 16160 144
816 16160 96
896 16176 96
688 16208 112
816 16176 240
752 16160 384
688 16160 384
768 16176 288
768 16176 320
688 16144 320
624 16112 240
688 16176 256
672 16224 64
672 16272 112
672 16288 48
704 16256 336
816 16208 304
704 16208 304
640 16304 272
624 16288 352
672 16176 368
768 16144 336
720 16208 384
720 16208 240
720 16304 240
544 16208 256
608 16176 320
640 16160 432
752 16128 512
688 16048 128
688 16160 112
720 16160 144
688 16208 144
672 16208 336
784 16128 176
672 16112 256
672 16064 -16
672 16064 128
640 16096 176
736 16144 208
640 16144 160
832 16144 160
800 16080 48
624 16064 240
688 16128 176
688 16128 272
528 16112 400
464 16144 400
448 16208 320
592 16176 304
736 16144 48
656 16144 112
624 16176 272
672 16208 368
704 16128 288
720 16160 208
720 16160 208
736 16256 48
656 16240 48
752 16224 384
736 16144 352
704 16096 240
736 16112 112
736 16208 192
736 16160 368
