startup(x,y,z):(704,16128,176)
-992 16464 1760
112 16416 656
336 16272 -1472
336 16144 -2640
496 16144 -3232
1104 15840 -3232
1008 16064 -1808
384 16736 1408
496 16624 1392
16 16896 1808
256 16128 1952
256 16128 1776
208 16272 1776
1040 16080 816
992 16192 -192
1280 16176 -480
1456 16000 -736
1216 16128 -64
1072 16256 -544
1072 16256 -144
624 16048 16
624 16048 1616
544 16304 1616
784 16272 1296
1072 15856 224
-1584 19152 -4064
-1584 19216 -3504
-1760 19216 -2368
800 17872 -2368
4800 19888 2576
6848 17696 5776
6944 17776 3664
3520 14080 1424
256 13824 416
256 14512 -6224
-2912 14512 -8352
-2848 14832 -8352
1024 13488 -16
14224 17152 17472
7024 15520 10352
1312 13328 -3872
-2144 18928 12160
4832 18928 12160
8576 16752 5792
4640 17312 -5376
1648 16080 -10720
256 16416 -11824
256 17056 -5360
-400 17056 -5360
-416 17376 272
160 16768 4752
-1408 15776 4816
-976 15856 2864
32 14800 384
768 15328 512
768 15328 1472
1856 15328 1760
1600 15984 2512
2064 16448 2512
720 16544 400
1008 16256 -832
848 16064 -608
288 15872 -1024
624 15920 -1136
624 16144 -1184
720 16144 -1184
512 16320 -1840
704 16240 -1920
672 16256 -176
656 16032 1584
784 15936 1376
784 15968 944
800 15968 944
576 16096 608
608 16208 528
448 16224 624
544 16144 832
608 16112 864
560 16016 800
560 16016 336
192 16048 336
112 16032 -512
240 16048 -896
368 16208 -432
496 16288 -256
496 16192 -416
672 16208 -208
672 16192 96
640 16192 96
624 16080 640
720 16112 1136
736 16144 1056
608 16176 880
608 16256 768
768 16256 736
624 16256 736
608 16208 272
512 16256 64
416 16256 -64
336 16240 -272
320 16240 -112
320 16320 -336
704 16320 -336
656 16256 96
640 16208 704
688 16192 720
720 16160 640
864 16144 496
864 16224 640
784 16160 272
784 16144 -112
768 16144 -112
672 16240 -32
752 16240 -96
672 16272 -240
768 16224 -64
768 16224 -64
880 16208 -160
816 16192 224
656 16272 416
576 16288 576
608 16192 608
608 16144 592
608 16176 448
704 16176 256
752 16160 256
688 16272 -128
784 16320 0
752 16208 -64
752 16240 176
704 16240 176
800 16240 -128
720 16224 368
832 16240 544
864 16192 240
816 16144 -112
768 16208 -112
768 16256 0
752 16256 0
704 16192 -80
704 16112 -160
608 16256 -240
544 16224 128
544 16224 304
736 16256 272
688 16176 304
544 16192 304
672 16176 544
640 16272 576
656 16160 448
656 16160 48
816 16160 -112
784 16160 16
752 16112 16
736 16128 288
704 16032 288
688 16112 256
832 16128 176
752 16096 288
752 16112 -160
752 16032 192
752 16080 304
768 16144 144
704 16224 -16
704 16256 -128
608 16256 144
672 16144 144
592 16192 256
624 16176 224
848 16176 128
752 16240 48
880 16176 16
880 16176 208
880 16112 208
784 16112 -32
768 16128 80
656 16160 64
608 16176 64
608 16208 416
720 16272 288
704 16224 304
704 16208 272
704 16208 272
736 16112 208
816 16112 16
880 16112 -32
704 16112 160
704 16144 0
704 16144 0
688 16224 32
624 16192 80
720 16144 -48
688 16160 304
688 16240 144
656 16192 128
656 16192 80
512 16192 80
720 16144 160
672 16160 160
720 16112 64
656 16160 304
656 16080 272
672 16176 176
672 16176 240
752 16176 112
864 16176 112
704 16240 128
784 16240 -224
736 16192 16
736 16192 272
528 16176 272
528 16240 304
608 16192 256
608 16096 240
688 16096 272
704 16160 256
784 16192 176
784 16208 288
656 16208 288
736 16208 192
720 16176 528
768 16176 352
688 16160 384
688 16112 80
864 16112 80
768 16160 320
720 16144 448
688 16160 144
704 16208 -256
656 16304 -224
688 16224 -128
688 16224 -48
688 16224 -48
768 16208 -176
672 16224 -48
768 16128 160
544 16160 0
544 16176 -16
672 16160 144
704 16160 80
752 16176 80
560 16144 112
496 16160 144
608 16224 64
704 16128 48
704 16112 -48
656 16144 -96
704 16144 128
528 16192 128
640 16112 272
768 16096 400
688 16144 416
640 16144 224
752 16192 336
752 16192 560
656 16224 560
688 16224 384
720 16176 384
656 16160 208
912 16192 208
784 16192 224
752 16096 256
560 16096 304
656 16224 304
768 16208 272
784 16144 368
736 16144 352
736 16144 288
736 16048 288
736 16032 144
624 16032 160
624 16080 272
768 16112 256
688 16160 352
720 16176 160
688 16224 176
656 16160 208
592 16208 256
624 16208 272
624 16144 176
720 16144 176
544 16160 160
544 16096 176
496 16080 32
560 16160 48
624 16208 288
688 16240 -48
688 16240 64
656 16224 64
656 16208 272
720 16192 272
640 16192 432
720 16176 560
656 16224 304
656 16160 48
688 16112 -144
704 16112 80
512 16192 80
656 16208 0
672 16272 0
720 16192 -64
720 16112 64
688 16112 224
784 16256 224
752 16304 256
752 16288 208
656 16192 240
640 16272 320
512 16144 256
512 16128 192
592 16128 192
512 16160 256
672 16080 144
752 16112 400
672 16080 288
672 16112 128
720 16112 192
864 16064 192
848 16144 160
832 16112 272
640 16144 128
720 16128 32
720 16144 0
720 16064 32
736 16064 32
736 16112 272
592 16112 272
624 16160 192
608 16128 192
608 16144 288
720 16208 208
720 16208 176
736 16208 176
752 16208 -48
640 16256 128
496 16224 128
496 16160 64
720 16112 128
720 16112 112
864 16160 112
784 16160 176
864 16176 304
736 16128 192
544 16128 176
608 16192 80
608 16144 384
592 16144 128
608 16096 128
640 16128 32
672 16192 96
704 16144 496
688 16160 288
688 16160 224
656 16256 96
672 16240 224
640 16144 224
752 16176 144
960 16224 -64
928 16160 256
928 16192 0
800 16192 0
784 16224 112
592 16176 112
560 16160 -48
560 16144 240
624 16160 224
544 16112 352
608 16112 208
608 16112 208
592 16208 208
624 16192 -80
560 16160 192
576 16144 256
576 16160 288
592 16160 144
688 16224 144
752 16160 -112
752 16128 48
672 16160 0
656 16240 96
640 16208 288
640 16160 176
576 16160 176
688 16160 256
640 16128 -64
688 16160 80
688 16160 192
960 16176 176
960 16192 -128
816 16192 -64
816 16192 64
784 16192 64
608 16160 224
640 16160 224
768 16160 240
768 16240 96
720 16240 96
640 16288 96
672 16256 64
592 16224 160
752 16208 -48
688 16208 -64
816 16144 -16
816 16144 288
800 16144 288
544 16160 272
608 16192 320
592 16160 208
656 16160 128
656 16192 96
736 16192 96
736 16128 48
720 16112 48
672 16128 48
592 16144 256
608 16208 -96
720 16256 96
720 16224 128
832 16224 48
848 16256 48
880 16256 64
800 16208 -128
720 16240 208
816 16160 336
752 16208 -16
752 16144 -32
640 16144 224
544 16144 192
448 16096 240
528 16112 400
624 16128 272
704 16112 176
704 16224 128
640 16224 128
736 16240 -48
736 16160 144
736 16144 0
736 16176 -352
720 16256 -336
768 16192 -64
768 16192 -96
896 16288 -96
656 16208 144
784 16128 176
784 16240 128
704 16208 256
704 16224 192
672 16224 160
704 16160 176
464 16160 176
560 16208 240
768 16176 160
640 16176 288
640 16192 336
720 16192 -48
736 16176 -48
832 16176 16
768 16240 -176
752 16208 32
624 16192 272
608 16240 144
608 16192 256
544 16192 80
496 16208 80
864 16112 0
736 16144 -112
736 16192 32
736 16144 192
784 16144 192
784 16256 144
880 16272 224
896 16160 272
784 16128 240
752 16128 0
704 16128 80
704 16240 160
672 16240 160
784 16208 112
672 16208 112
592 16224 144
688 16288 256
672 16256 240
640 16272 224
656 16240 288
704 16256 320
704 16256 256
624 16256 256
640 16240 96
704 16192 80
848 16144 -16
640 16176 -176
640 16176 96
688 16176 96
720 16192 0
704 16208 48
688 16272 -48
688 16256 64
832 16256 80
800 16176 -64
800 16176 144
672 16224 144
640 16224 176
608 16304 320
576 16240 448
672 16128 352
672 16160 64
672 16128 176
672 16112 224
512 16112 224
624 16176 512
640 16256 368
624 16208 176
