startup(x,y,z):(704,16128,176)
1584 16368 -2480
1424 16464 -3344
2048 16400 -4160
128 13008 -5568
-3680 13088 -912
-4192 12640 -624
-400 14752 1424
-1216 15104 -2784
-1216 15104 -928
1856 16384 -928
1632 17136 368
1568 17280 1552
896 16640 -1072
896 17088 -2704
-32 16576 -3616
96 16592 -3616
480 16176 -4576
304 16144 -3360
928 16032 -64
944 16352 3600
896 16096 4464
1008 15728 2832
768 15872 928
768 15872 -1216
608 16096 -1216
144 16256 -2064
-704 16128 -1392
-560 16128 -880
-256 16160 -608
-256 16048 -624
256 16128 -176
256 16096 832
592 16096 832
960 16160 1168
736 16192 1088
512 16128 -240
512 16192 -592
592 16192 -1328
512 16144 -1328
656 16144 -656
832 16208 208
880 16064 912
880 16128 1168
896 16176 800
720 16224 576
720 16224 272
752 16192 272
672 16176 192
624 16160 176
688 16144 -224
672 16208 -496
672 16160 -608
736 16176 432
736 16208 624
720 16208 416
672 16272 416
608 16272 400
640 16208 0
592 16176 -288
592 16256 -160
560 16256 -224
672 16160 -224
672 16128 -192
640 16144 -48
752 16128 32
800 16064 576
992 16128 512
944 16096 416
944 16144 800
1040 16144 288
1040 16224 368
800 16176 144
784 16240 -48
752 16192 -48
752 16256 240
848 16176 336
944 16160 432
944 16192 400
784 16192 400
800 16176 384
928 16144 176
864 16176 -16
864 16176 -176
816 16192 -176
752 16192 -176
704 16224 -16
704 16128 80
816 16176 32
608 16208 -144
512 16176 112
576 16192 0
576 16192 -64
608 16128 -64
640 16160 -48
672 16096 96
560 16064 160
624 16048 304
656 16160 240
656 16112 112
624 16144 128
624 16176 16
576 16176 16
560 16144 16
576 16128 128
608 16144 80
608 16272 144
576 16192 16
752 16192 16
736 16144 144
944 16128 96
672 16144 224
816 16208 176
880 16160 144
896 16176 64
896 16192 80
784 16192 80
848 16224 -80
976 16080 144
944 16208 144
864 16160 320
864 16192 272
864 16192 272
672 16144 336
688 16144 400
672 16144 400
624 16192 0
544 16160 -96
672 16160 208
672 16160 32
560 16224 32
672 16240 128
736 16192 48
704 16224 32
656 16208 304
768 16160 96
752 16096 128
720 16096 -32
720 16096 -176
848 16080 -176
800 16080 -96
784 16048 144
816 16112 -80
832 16128 -176
864 16096 0
864 16096 208
768 16208 240
704 16192 96
640 16112 96
672 16048 80
688 16144 256
688 16208 288
688 16224 -144
720 16224 -144
624 16304 -48
592 16192 304
656 16208 272
528 16240 -144
528 16208 -192
464 16256 -96
496 16272 112
496 16272 320
576 16160 320
480 16208 304
656 16208 224
704 16192 -32
608 16256 -512
608 16128 -448
560 16128 -448
608 16224 -352
544 16176 -16
624 16112 0
576 16128 128
640 16144 144
640 16304 272
608 16304 272
544 16208 128
624 16192 208
592 16176 144
512 16192 0
512 16192 -16
672 16144 -64
576 16128 192
576 16128 176
752 16112 176
640 16272 384
720 16240 32
848 16208 288
864 16208 416
800 16288 304
800 16160 176
720 16160 352
688 16048 464
672 16048 496
800 16064 496
800 16128 224
752 16080 400
736 16208 448
736 16304 336
736 16304 336
704 16208 384
896 16240 560
864 16304 368
832 16144 176
816 16240 128
640 16256 288
816 16160 288
816 16224 448
960 16224 448
800 16144 272
656 16144 272
720 16224 272
784 16192 16
784 16176 16
704 16176 240
544 16256 240
608 16272 96
608 16272 96
608 16304 208
688 16160 224
576 16176 352
576 16176 208
640 16192 208
640 16192 320
704 16192 64
688 16144 384
704 16112 224
752 16208 240
656 16224 240
784 16176 144
784 16176 64
800 16192 64
560 16160 352
624 16112 256
688 16192 256
720 16128 256
800 16032 128
800 16064 112
768 16064 32
800 16128 96
800 16128 -160
864 16112 -128
944 16112 112
912 16112 -208
800 16128 -32
800 16128 128
624 16048 16
752 16048 16
720 16096 -64
800 16096 48
592 16144 -16
608 16176 192
704 16208 512
688 16240 320
688 16240 448
592 16240 448
624 16288 288
672 16224 176
592 16176 352
592 16160 464
560 16144 400
640 16144 400
640 16144 272
752 16080 240
752 16080 208
752 16144 0
608 16208 176
608 16256 144
560 16256 144
560 16128 160
544 16112 256
544 16192 192
640 16192 144
640 16192 208
736 16256 160
768 16128 128
752 16128 128
688 16160 80
816 16176 80
752 16160 32
752 16192 96
848 16192 0
720 16224 -16
720 16224 64
720 16224 128
720 16192 272
656 16128 304
640 16080 400
688 16144 144
672 16160 160
672 16256 128
656 16256 -128
592 16176 -32
624 16048 192
672 16176 352
768 16080 176
752 16128 288
832 16176 352
544 16160 320
544 16128 240
848 16128 224
768 16112 224
688 16176 272
656 16144 -128
704 16192 -48
720 16144 80
720 16128 160
720 16128 160
704 16208 48
864 16224 48
816 16192 256
704 16224 288
576 16096 240
672 16176 288
672 16176 320
864 16160 448
720 16176 448
608 16112 32
544 16096 32
544 16128 192
560 16128 256
688 16144 384
688 16208 240
768 16208 288
976 16160 288
848 16160 48
736 16128 192
624 16192 80
704 16176 -160
640 16240 0
640 16240 16
736 16272 32
800 16192 80
848 16192 80
688 16160 176
688 16192 208
816 16144 208
800 16160 48
800 16160 -80
784 16176 -80
688 16112 160
672 16128 -80
848 16128 48
784 16160 -64
624 16160 -176
560 16192 144
560 16176 0
912 16176 -32
608 16240 -32
688 16176 80
672 16128 368
720 16160 192
736 16176 64
736 16176 128
736 16208 96
672 16256 16
560 16256 16
464 16240 48
592 16176 304
768 16144 208
768 16176 192
816 16176 0
800 16144 0
800 16192 80
912 16160 32
928 16096 48
896 16160 176
832 16096 208
816 16208 64
816 16176 176
816 16176 176
832 16160 112
704 16192 -176
720 16240 -144
624 16160 32
624 16128 96
624 16192 192
672 16192 240
528 16160 336
688 16160 96
656 16160 96
688 16192 288
688 16272 144
672 16224 112
672 16144 48
672 16144 224
672 16096 224
832 16096 288
688 16208 304
800 16256 192
640 16208 208
688 16240 224
608 16208 -16
608 16208 288
592 16128 288
656 16144 -32
800 16192 -32
752 16160 96
768 16176 48
768 16128 208
704 16128 208
672 16208 480
768 16128 384
768 16112 176
880 16048 128
816 16128 256
816 16112 304
672 16112 304
736 16272 192
704 16224 -224
640 16224 -272
480 16208 -208
560 16192 -192
800 16240 -112
672 16256 -80
672 16192 -256
608 16192 -256
704 16160 48
640 16192 128
576 16144 32
656 16208 64
688 16160 -96
608 16224 144
688 16224 160
784 16224 144
784 16128 128
720 16128 128
704 16144 128
704 16112 48
608 16112 112
608 16096 192
656 16176 112
800 16144 0
800 16160 80
688 16192 64
544 16128 96
544 16144 192
624 16224 224
704 16144 144
608 16160 208
736 16176 336
720 16160 240
752 16144 128
704 16160 48
624 16288 48
672 16176 96
688 16176 32
688 16208 -144
544 16256 0
560 16224 -16
528 16144 224
752 16160 176
736 16144 32
752 16144 16
864 16128 288
672 16128 208
608 16192 272
880 16144 192
656 16160 208
752 16144 304
608 16176 160
656 16144 128
576 16192 208
752 16192 176
656 16192 32
784 16208 160
656 16224 -32
768 16160 112
752 16176 224
752 16192 400
864 16192 320
672 16176 160
672 16160 160
736 16160 336
784 16144 288
848 16160 48
752 16176 -176
752 16208 16
624 16208 80
624 16176 32
592 16176 32
640 16192 288
656 16112 256
736 16080 -16
736 16128 -64
736 16192 96
672 16192 96
640 16192 208
688 16256 144
656 16224 176
800 16256 112
752 16208 208
752 16288 160
688 16288 -32
752 16256 -32
768 16272 -128
848 16240 32
784 16256 -80
736 16208 32
736 16176 160
736 16176 176
656 16144 16
816 16176 160
880 16128 144
752 16160 208
688 16240 48
688 16240 -48
752 16208 96
640 16208 96
592 16192 208
720 16240 96
736 16240 368
720 16288 496
