startup(x,y,z):(688,16160,176)
2064 18016 3200
928 17648 320
-640 17648 496
-3152 14880 496
-928 17968 -1120
-1696 16016 -1120
-2288 16352 304
-1088 15824 -5600
-608 15792 -13264
-608 18112 -13536
-160 18112 -13536
6128 18768 8704
-2256 20416 16528
1440 17952 13552
-1424 17024 2784
-1808 16192 -4768
512 18224 -2048
1344 17200 4464
1344 16176 4464
1952 16304 3632
1184 16656 2336
2448 16128 -256
1584 16080 -5424
1152 15792 -6464
1152 15360 -3824
1216 15360 -272
928 15984 -272
832 16176 3664
512 16496 3664
176 16752 1776
80 16720 -1584
784 16512 -2928
896 15968 -2272
896 15872 -1088
784 15872 -1088
1376 16000 1696
944 15984 1888
912 15904 912
1536 16016 1008
1872 15952 2128
2224 15856 1216
2416 15904 -64
1344 15952 -2352
1344 16288 -3056
768 16288 -3056
400 16224 -2768
256 16336 -1408
1024 16256 1280
1024 16096 1792
864 16192 1248
768 16096 304
768 16096 -64
864 16112 -64
832 16304 144
1008 16272 656
1232 16112 -48
1232 16096 -432
1424 16048 -976
1168 16048 -976
1056 16160 -448
896 16192 -176
976 16144 128
832 16208 192
608 16224 96
784 16176 560
784 16176 560
752 16208 560
704 16224 848
576 16224 512
768 16160 -48
768 16192 -176
768 16192 -144
544 16192 256
576 16144 352
576 16144 352
768 16176 272
720 16208 240
768 16224 -192
768 16224 -128
768 16224 -224
784 16192 -224
672 16208 224
576 16176 464
576 16160 592
656 16176 208
752 16224 256
544 16256 16
608 16192 32
608 16128 -48
656 16128 -48
608 16240 -48
608 16208 144
688 16272 256
640 16288 272
640 16192 112
544 16192 112
480 16208 80
576 16144 80
704 16176 192
800 16144 48
704 16176 272
704 16256 272
672 16256 128
784 16208 128
624 16240 -32
656 16256 -304
784 16176 80
832 16144 192
720 16160 240
688 16192 224
688 16192 560
640 16192 560
576 16176 336
432 16176 224
592 16112 528
592 16160 400
608 16160 176
864 16208 176
960 16160 48
752 16208 160
688 16192 160
768 16176 144
784 16144 272
720 16176 288
720 16176 224
640 16160 224
672 16096 160
768 16128 -64
624 16192 -352
688 16160 -48
688 16224 -112
640 16240 112
736 16240 48
736 16272 64
688 16272 64
672 16208 64
720 16160 128
768 16256 352
768 16224 272
768 16144 384
672 16144 384
544 16048 288
624 16144 192
704 16160 128
784 16192 304
768 16144 256
736 16112 272
736 16112 -80
528 16192 -80
720 16208 96
864 16272 112
800 16192 48
736 16176 112
736 16176 192
784 16112 192
640 16112 64
736 16112 64
752 16176 16
640 16208 128
592 16144 336
688 16176 144
688 16176 224
608 16080 224
688 16112 96
560 16128 144
624 16192 112
560 16176 240
496 16224 128
496 16160 192
464 16160 192
416 16064 256
576 16096 -48
768 16048 16
656 16224 -32
656 16176 -16
624 16176 -16
496 16176 256
480 16144 -16
592 16144 96
736 16096 96
800 16112 112
864 16240 16
768 16192 128
768 16192 -16
704 16144 -16
784 16224 -96
656 16208 32
720 16128 -80
864 16160 64
768 16160 64
784 16160 32
784 16128 -32
672 16128 -32
592 16160 144
688 16112 128
608 16112 224
640 16192 192
640 16256 -80
656 16256 -80
560 16240 -96
592 16176 -144
768 16240 0
640 16272 -96
768 16240 64
816 16144 80
816 16208 -128
736 16208 -128
816 16176 -16
704 16176 -112
720 16224 144
720 16208 176
720 16208 208
592 16224 192
624 16192 224
576 16192 400
512 16112 400
576 16048 416
544 16160 512
672 16208 304
672 16208 64
608 16160 208
640 16224 208
656 16160 272
592 16144 320
656 16144 256
608 16128 240
608 16144 160
832 16160 128
832 16192 48
928 16192 48
864 16176 160
656 16144 336
656 16160 208
608 16160 256
608 16240 208
656 16240 208
816 16192 208
800 16176 208
768 16160 464
720 16128 592
688 16144 400
688 16144 240
800 16144 80
784 16176 80
624 16192 208
736 16160 48
688 16144 -128
720 16176 48
608 16176 32
576 16160 16
576 16160 80
784 16112 80
720 16144 224
768 16080 16
736 16160 32
736 16128 256
672 16128 224
608 16144 224
864 16144 16
768 16176 48
768 16128 32
688 16144 144
672 16144 304
688 16096 672
688 16160 256
704 16160 256
768 16208 176
736 16144 160
832 16160 160
784 16160 208
784 16208 32
800 16096 -32
752 16160 0
752 16176 -272
720 16176 48
720 16256 48
848 16208 176
848 16272 80
784 16224 48
784 16128 -48
768 16128 -48
768 16096 208
672 16144 208
640 16128 192
544 16144 272
592 16144 224
592 16144 416
528 16064 416
624 16112 208
624 16160 224
688 16128 528
688 16176 336
688 16112 208
640 16112 208
704 16176 48
576 16224 48
480 16160 112
560 16112 224
576 16128 288
624 16128 288
624 16128 192
704 16160 176
672 16160 176
720 16080 16
816 16208 144
752 16240 400
688 16208 176
656 16208 192
656 16112 144
656 16112 128
672 16176 128
800 16176 48
752 16160 0
768 16112 32
768 16112 128
768 16112 320
656 16160 320
592 16144 64
656 16128 176
608 16256 176
592 16176 240
560 16192 176
624 16080 112
624 16128 -288
688 16128 -288
624 16208 -96
624 16192 -144
480 16208 -128
560 16208 -48
720 16208 48
608 16144 64
608 16160 32
608 16160 48
752 16096 48
672 16096 96
768 16112 -288
784 16144 -96
768 16128 0
768 16128 16
864 16176 304
784 16192 304
784 16128 304
736 16112 304
720 16112 448
656 16224 -16
736 16112 80
736 16192 144
720 16192 144
592 16080 128
672 16032 128
608 16192 128
480 16176 160
544 16176 176
592 16144 48
704 16176 304
704 16176 272
640 16256 272
688 16192 64
656 16160 64
688 16208 48
704 16176 32
704 16176 192
640 16160 192
688 16176 272
704 16160 288
640 16176 288
704 16160 416
672 16064 272
688 16144 -32
688 16144 208
656 16144 -32
752 16160 -32
704 16160 48
896 16208 16
896 16160 160
704 16176 192
656 16208 224
656 16240 240
656 16240 480
608 16192 480
736 16096 224
512 16128 240
640 16208 272
640 16176 128
672 16176 -48
688 16128 -48
560 16176 48
512 16144 -48
624 16112 -144
624 16096 -32
608 16144 336
608 16160 160
672 16160 176
720 16144 176
832 16192 112
720 16064 192
704 16064 -128
704 16160 -128
960 16144 96
768 16192 96
704 16192 96
736 16160 80
736 16080 0
864 16080 16
864 16192 96
704 16192 304
608 16176 48
496 16208 0
544 16256 -16
560 16208 192
560 16208 128
480 16208 80
464 16208 256
496 16192 64
496 16192 128
640 16160 128
736 16160 80
720 16192 352
736 16240 16
544 16224 256
544 16192 432
448 16192 304
480 16192 240
464 16192 400
592 16192 400
688 16192 224
576 16160 288
672 16160 160
672 16144 176
624 16224 256
592 16224 256
640 16224 144
560 16256 112
704 16256 160
672 16192 32
592 16224 80
592 16240 192
576 16240 192
496 16208 208
752 16272 96
704 16304 80
688 16256 144
688 16208 144
496 16208 352
592 16176 352
576 16256 80
640 16176 80
608 16240 128
416 16192 224
480 16224 176
480 16208 272
624 16208 32
736 16224 32
656 16160 192
528 16192 176
544 16144 288
592 16160 336
608 16160 320
656 16112 368
688 16128 144
688 16128 224
880 16096 224
848 16096 192
768 16096 352
672 16112 304
800 16080 208
800 16080 384
592 16080 384
544 16176 416
736 16176 64
784 16144 -32
672 16192 288
608 16144 112
608 16128 32
624 16128 32
736 16224 112
896 16240 96
656 16224 416
768 16144 320
768 16112 48
928 16112 -32
832 16208 64
736 16208 64
528 16256 16
544 16192 144
720 16128 240
720 16208 384
704 16208 592
624 16160 592
768 16160 368
784 16208 320
736 16208 176
752 16160 256
640 16176 64
752 16096 48
752 16160 272
752 16160 272
688 16096 416
832 16112 448
816 16112 288
752 16160 176
752 16144 192
720 16144 16
656 16160 16
672 16192 -16
640 16112 64
640 16112 192
640 16160 192
704 16176 176
704 16224 128
608 16192 144
608 16240 272
