startup(x,y,z):(688,16160,176)
4784 14944 -1136
2592 16512 160
2592 16240 -2880
240 16240 -2112
64 16304 -2224
-992 15792 -4720
944 15696 -256
-496 13952 -2304
-2144 14752 96
-2144 13984 -1936
-1904 14016 -2544
-1456 16000 -2544
-1376 16128 -2720
-608 15920 -1664
400 16800 -144
400 17024 -288
1120 17024 -288
1488 16624 -960
352 16496 -2304
416 16544 -2528
656 16352 -1792
768 16208 -144
768 16240 1344
1232 16240 2528
992 16224 2528
848 16144 2304
528 16128 1232
464 16208 256
464 16176 -480
304 16304 112
176 16304 112
240 16432 48
304 16480 -272
416 16352 -352
464 16192 -464
464 16256 -224
688 16256 480
736 16112 480
800 16176 1376
608 16256 1696
624 16352 944
592 16304 736
592 16304 176
736 16208 176
640 16192 320
576 16160 224
592 16192 272
720 16192 256
720 16208 0
672 16208 0
736 16208 240
944 16160 832
960 16208 784
784 16112 192
800 16608 96
608 16608 352
992 16496 80
928 16352 96
1472 16272 496
1264 16320 800
1040 16320 1104
848 16240 1136
672 16176 1136
656 16160 944
736 16272 544
672 16368 208
816 16288 224
816 16288 256
720 16352 256
704 16160 -80
736 16176 -288
704 16208 -272
752 16224 224
752 16112 480
736 16112 448
896 16160 448
816 16144 384
1008 16128 352
1040 16144 432
944 16096 272
944 16096 96
848 16112 96
896 16128 0
816 16144 -336
704 16160 -384
704 16176 -48
560 16176 0
496 16176 0
704 16144 240
656 16112 112
784 16064 -192
928 16160 -176
928 16144 96
720 16144 96
784 16176 -32
784 16080 208
800 16096 48
880 16128 240
768 16144 400
768 16144 256
896 16128 256
688 16176 336
704 16256 96
752 16208 80
816 16208 96
816 16208 176
480 16128 176
512 16240 144
688 16192 64
912 16208 16
752 16176 48
752 16128 192
928 16128 400
896 16192 400
720 16224 512
688 16208 272
704 16208 224
704 16128 64
944 16128 64
928 16176 160
848 16208 192
848 16080 160
768 16128 208
688 16208 240
752 16208 224
752 16208 224
752 16192 224
720 16208 144
688 16208 288
704 16208 288
704 16176 304
752 16160 -144
704 16240 0
704 16208 208
640 16208 48
672 16176 48
752 16144 320
688 16192 368
784 16096 368
784 16128 352
640 16128 352
688 16144 320
720 16176 32
672 16192 128
704 16192 160
704 16208 -48
704 16208 0
800 16208 0
832 16112 64
864 16160 128
832 16080 224
576 16080 304
704 16080 336
624 16128 336
736 16096 224
800 16080 224
784 16112 176
784 16112 80
880 16160 -240
576 16112 -240
640 16128 272
560 15904 480
640 15920 128
640 16208 16
784 16208 16
752 16128 288
816 16080 304
880 16160 160
864 16096 -112
864 16096 80
832 16176 80
752 16160 144
608 16144 80
688 16192 32
688 16192 32
768 16192 -480
816 16240 -304
784 16176 -80
688 16224 -32
656 16272 128
656 16272 144
816 16224 144
944 16224 160
848 16176 64
656 16160 192
720 16192 272
720 16128 208
720 16128 208
672 16128 224
624 16176 144
624 16192 304
528 16176 224
528 16176 400
656 16192 192
736 16192 192
784 16128 -144
752 16112 -48
800 16080 80
704 16160 96
704 16160 192
720 16160 192
768 16080 144
784 16160 128
736 16192 0
736 16192 320
640 16192 448
784 16144 448
784 16160 336
592 16176 256
656 16208 -96
656 16208 -16
672 16208 -16
688 16240 0
752 16224 48
752 16256 -112
752 16208 160
688 16208 -32
704 16240 -32
704 16176 112
624 16128 96
752 16112 192
736 16192 80
736 16176 352
608 16176 352
656 16240 272
976 16176 144
864 16080 144
864 16192 288
816 16192 96
960 16144 96
880 16160 144
848 16208 64
784 16192 32
720 16144 208
720 16144 240
752 16192 240
720 16224 48
720 16176 32
640 16224 112
640 16208 320
496 16208 304
464 16272 304
656 16112 64
768 16224 48
672 16256 160
800 16224 272
800 16240 208
656 16240 160
528 16160 160
688 16160 176
656 16144 -128
656 16112 128
640 16112 64
784 16160 64
752 16208 32
592 16240 224
624 16144 352
624 16176 480
624 16176 144
768 16176 144
752 16064 224
656 16096 -64
784 16080 128
624 16144 144
704 16176 112
672 16240 240
640 16208 96
640 16208 -32
768 16176 -32
832 16192 48
752 16224 272
880 16192 432
880 16192 96
800 16192 128
656 16192 128
704 16176 -64
800 16128 80
768 16128 16
768 16144 208
768 16144 256
576 16160 256
576 16144 176
608 16128 48
720 16080 -64
720 16112 -16
608 16112 80
496 16112 80
576 16240 176
800 16192 240
688 16208 256
688 16208 160
784 16208 -224
704 16256 -192
640 16240 -144
672 16192 -16
480 16176 64
480 16176 -128
704 16240 -128
704 16208 -160
672 16256 -160
640 16208 -16
640 16208 -192
576 16144 112
672 16080 112
640 16160 80
592 16176 32
704 16128 160
704 16176 320
496 16176 320
480 16240 400
560 16160 256
608 16176 -64
640 16112 160
640 16112 128
800 16240 128
640 16256 128
736 16144 112
560 16112 176
800 16032 112
720 16064 144
720 16064 32
768 16096 32
736 16128 -32
640 16176 224
624 16208 112
624 16208 48
848 16208 112
864 16096 112
704 16192 240
656 16160 0
608 16192 64
608 16224 256
672 16224 0
608 16224 32
832 16208 -16
720 16240 16
672 16192 -48
672 16144 -48
784 16144 -32
912 16192 -32
752 16192 16
784 16160 64
768 16208 -80
720 16208 80
720 16208 32
880 16192 32
928 16208 160
864 16176 192
800 16192 160
800 16160 320
784 16160 192
752 16176 192
624 16144 208
704 16208 496
672 16240 208
672 16208 176
736 16208 192
608 16240 192
640 16240 208
816 16224 64
736 16176 96
736 16224 16
880 16224 16
816 16192 112
848 16192 0
848 16096 -64
768 16160 256
768 16208 96
864 16208 -48
688 16240 -48
592 16272 128
752 16240 256
800 16176 304
800 16176 -32
656 16176 -32
640 16176 128
624 16224 176
608 16128 224
544 16176 304
544 16128 288
496 16128 304
592 16128 304
720 16192 336
752 16176 160
672 16256 128
672 16256 16
832 16256 16
752 16208 432
688 16272 384
784 16208 464
912 16144 224
912 16240 -32
848 16240 64
752 16176 64
624 16144 80
832 16224 -32
816 16128 80
816 16064 -32
864 16064 -32
624 16128 64
464 16176 96
736 16144 112
784 16096 400
784 16160 112
752 16160 112
784 16160 192
832 16176 160
688 16176 384
688 16144 512
688 16144 224
736 16176 224
656 16208 160
624 16176 304
704 16112 208
768 16160 -32
768 16160 128
720 16208 128
672 16192 144
912 16192 0
880 16208 64
880 16160 -64
784 16160 -64
880 16160 -160
784 16208 64
640 16240 192
688 16208 224
688 16176 80
640 16176 80
608 16208 80
688 16112 112
624 16128 224
672 16080 208
672 16144 96
720 16144 160
656 16128 160
784 16128 144
848 16112 320
720 16128 176
720 16144 256
688 16144 224
624 16160 48
752 16144 48
736 16144 -64
736 16192 64
752 16160 0
752 16160 -48
576 16144 -48
624 16192 80
640 16160 288
816 16080 208
768 16112 240
768 16112 224
704 16192 224
640 16208 192
464 16240 336
560 16192 480
560 16192 304
560 16192 48
672 16128 48
640 16112 80
720 16144 48
880 16208 80
720 16176 80
736 16208 144
736 16208 544
832 16176 544
688 16272 448
752 16272 272
640 16224 144
640 16224 64
864 16224 64
768 16256 160
736 16176 192
704 16064 48
720 16144 -176
736 16224 -64
736 16224 16
720 16160 16
688 16128 80
672 16080 176
752 16112 -64
640 16064 16
640 16064 0
592 16048 0
816 16128 -48
736 16096 112
656 16160 32
688 16096 80
688 16048 160
768 16048 96
848 16112 96
848 16224 48
752 16160 -160
784 16160 16
784 16160 -64
768 16208 16
688 16272 16
928 16208 192
864 16192 -64
576 16144 0
576 16128 112
736 16128 96
672 16096 96
592 16112 96
672 16160 272
672 16176 80
752 16176 48
944 16160 48
880 16160 96
736 16112 16
880 16128 64
816 16144 16
