startup(x,y,z):(704,16128,176)
-3168 15760 1120
-944 14896 176
1632 15648 3792
-720 18176 528
-720 18176 7728
3680 21280 7728
1424 20176 7616
4320 20176 3232
4368 18512 3232
3568 17232 -368
2208 16016 -1168
16 15552 -1072
864 17776 7168
1936 18432 6640
1936 18432 2048
5520 17600 2048
4704 16864 -1872
3216 16160 -1792
752 15760 -1872
-256 16192 -1744
160 16176 -288
160 16160 592
-80 16160 1424
1440 15856 2192
1744 15648 1312
1536 15824 1008
1296 15856 -144
1408 16224 -720
1376 16288 -1360
1360 16304 -1952
1360 16352 -1120
848 16352 -1120
464 16304 32
176 16112 208
336 16032 -480
336 16160 -480
512 16144 -128
592 16144 96
816 16144 96
752 16064 832
736 16016 976
608 16064 416
512 16064 -128
496 16160 -512
624 16208 -416
624 16128 -208
624 16128 -208
704 16112 -416
720 16032 -752
704 16192 -544
688 16224 192
736 16160 432
624 16144 432
944 16112 160
880 16128 288
880 16048 384
752 16048 384
784 16112 512
912 16080 192
784 16176 -176
816 16208 -288
816 16192 -416
656 16192 -416
608 16160 -240
672 16160 -48
688 16160 -48
640 16176 416
768 16208 544
656 16224 64
656 16208 368
688 16208 384
592 16352 384
512 16208 400
592 16096 192
416 16144 32
592 16112 16
672 16176 48
704 16192 64
704 16192 288
736 16192 288
736 16160 96
720 16176 224
640 16096 224
656 16096 -48
656 16160 0
800 16160 0
800 16112 128
800 16160 128
752 16144 -32
704 16096 288
640 16112 240
544 16144 448
592 16224 288
592 16256 224
496 16256 368
576 16176 368
608 16240 144
656 16192 480
752 16096 560
656 16096 144
656 16128 -272
656 16128 -272
848 16128 160
800 16176 80
640 16144 480
640 16128 400
640 16128 320
736 16096 320
512 16112 272
704 16128 352
752 16128 448
688 16144 224
688 16144 176
736 16224 176
720 16256 336
768 16128 32
752 16160 16
752 16128 352
736 16128 368
768 16128 368
720 16144 256
832 16240 160
864 16224 352
832 16160 224
720 16128 0
720 16176 432
688 16176 432
672 16208 368
704 16256 304
736 16176 400
752 16208 480
752 16192 272
640 16192 176
736 16096 176
752 16192 48
736 16176 48
736 16144 32
640 16160 -160
704 16160 16
688 16144 80
784 16192 320
752 16208 320
912 16224 176
896 16160 80
832 16064 96
736 16144 48
640 16128 -16
720 16176 -368
720 16304 -144
576 16304 -208
736 16240 -208
688 16160 112
656 16160 288
544 16160 128
560 16112 -16
736 16176 80
688 16096 240
656 16064 192
720 16112 160
704 16144 320
704 16160 496
640 16160 496
672 16240 288
640 16160 240
512 16192 176
576 16240 336
576 16256 208
688 16240 256
784 16208 112
784 16208 240
816 16176 240
720 16272 160
528 16208 192
624 16192 144
624 16192 400
752 16240 -16
768 16240 -16
880 16256 64
848 16144 64
672 16112 288
640 16128 496
592 16144 176
640 16176 16
640 16160 96
672 16160 96
576 16208 96
672 16208 80
672 16304 208
608 16256 304
688 16208 352
800 16256 176
704 16176 192
704 16256 80
656 16256 80
560 16176 352
528 16208 -736
1232 16544 -1872
2752 16528 -1008
2752 16864 -1840
1984 16864 -2960
3760 16448 -2960
2704 15600 -1440
4560 12224 1936
3072 14144 912
1344 12656 -3200
-992 15712 -5312
-992 15824 -8512
-4336 15824 -4880
-224 15744 -4880
1488 17920 -1328
1680 17536 -2160
1696 16592 -1904
448 16400 -2560
448 16400 -1216
-448 17120 720
-656 17120 2688
-1712 17200 2688
-528 16336 2176
-816 16784 3680
208 16288 1776
208 15808 608
512 15808 0
592 16064 0
656 16160 -1168
752 16384 -1008
816 16528 -992
688 16592 -240
544 16480 368
672 16256 656
672 16240 832
960 16240 1088
1040 16160 1088
832 16336 1504
704 16320 1408
960 16128 512
1072 16304 128
1072 16416 272
1488 16432 496
1552 16272 144
1824 16272 -256
1280 16176 -256
704 16112 -272
304 16128 -448
304 16080 -528
304 16112 272
240 16112 832
176 16240 832
336 16320 1312
560 16480 1120
624 16480 288
672 16336 224
480 16288 448
736 16288 768
592 16288 64
512 16240 64
832 16160 -656
768 16208 288
752 16176 512
752 16176 416
768 16160 -16
784 16176 -256
688 16176 -256
752 16192 -96
832 16064 560
864 16016 656
864 16080 736
992 16080 512
848 16128 512
880 16272 128
688 16192 0
592 16096 112
496 16128 -192
688 16224 -432
688 16256 144
704 16192 304
800 16192 304
816 16256 352
688 16224 272
752 16208 304
688 16112 320
720 16096 0
720 16096 -48
576 16128 -48
816 16112 0
832 16208 0
896 16240 -192
736 16256 -272
720 16288 -304
896 16208 -320
896 16144 48
960 16144 256
976 16192 256
992 16128 240
784 16112 304
1056 16160 224
976 16192 192
960 16160 64
832 16160 -80
832 16160 0
656 16224 0
656 16192 -64
640 16192 -256
736 16176 -192
800 16176 -80
912 16096 -208
768 16112 -48
704 16176 -64
704 16128 128
672 16128 416
688 16144 416
720 16256 480
720 16240 416
768 16192 240
768 16096 144
768 16096 160
816 16080 160
688 16112 -224
784 16144 -368
720 16144 -96
704 16128 96
720 16128 288
640 16112 256
640 16176 320
784 16176 320
736 16128 352
736 16160 208
800 16192 -48
736 16176 -128
736 16192 -16
576 16192 32
624 16240 -48
672 16240 128
576 16240 128
752 16240 240
608 16112 512
688 16128 352
688 16128 112
672 16176 112
752 16176 144
656 16272 -64
544 16208 -96
608 16208 -16
608 16160 96
608 16176 -112
640 16176 -48
704 16160 -48
720 16160 -16
1008 16096 48
880 16144 144
704 16160 192
704 16160 128
688 16160 128
704 16160 64
704 16144 512
672 16144 320
704 16176 176
784 16240 64
784 16240 48
704 16240 -208
576 16176 -32
624 16176 -192
688 16192 112
864 16208 208
832 16208 80
832 16208 272
832 16208 224
816 16208 464
688 16192 464
672 16144 400
640 16176 336
608 16144 464
768 16176 288
768 16224 32
624 16272 160
608 16240 192
672 16192 320
576 16272 176
656 16144 96
592 16160 128
560 16176 96
560 16176 368
720 16208 368
656 16160 336
816 16144 352
880 16176 -112
880 16208 32
848 16208 32
656 16272 -48
704 16240 112
816 16144 112
640 16176 160
656 16144 64
576 16192 -96
576 16256 160
576 16256 -208
624 16224 -208
784 16128 -112
832 16192 96
848 16144 -32
864 16160 176
704 16128 96
704 16128 96
704 16128 224
768 16176 224
672 16144 192
736 16128 144
720 16112 16
752 16176 144
752 16176 336
640 16176 336
688 16208 352
720 16192 336
784 16192 192
688 16208 128
688 16208 256
704 16240 192
704 16192 32
928 16192 32
848 16160 64
784 16192 384
976 16128 352
800 16224 176
800 16176 176
688 16160 176
688 16096 256
720 16096 224
912 16224 224
800 16176 144
768 16160 -80
736 16192 96
736 16192 208
688 16192 320
752 16128 320
800 16144 240
720 16192 176
576 16208 16
544 16256 0
560 16176 96
560 16176 -112
496 16160 -112
784 16128 -48
800 16144 -16
832 16128 112
784 16192 176
784 16144 128
816 16144 128
832 16064 240
608 16032 272
608 16128 224
656 16144 400
640 16240 352
432 16272 240
432 16272 16
480 16240 16
560 16192 32
688 16224 -32
640 16272 -80
576 16208 96
704 16240 176
656 16176 112
656 16144 224
800 16176 256
784 16192 224
784 16192 128
688 16160 128
736 16192 112
784 16256 32
688 16176 112
816 16192 48
816 16208 144
800 16240 176
800 16240 448
832 16240 448
640 16208 256
528 16160 224
704 16160 -48
704 16112 96
608 16080 144
720 16080 144
464 16112 208
544 16128 32
672 16016 208
592 16128 272
752 16096 176
752 16144 -48
752 16144 -256
544 16240 -256
640 16192 -16
640 16144 48
528 16160 144
560 16224 0
528 16224 0
576 16144 16
592 16160 16
528 16144 48
656 16128 64
592 16176 240
592 16160 -48
640 16160 224
736 16048 224
752 16000 80
752 16080 48
720 16160 416
768 16160 96
704 16192 96
704 16208 64
656 16240 80
720 16240 -320
784 16256 -320
768 16288 -256
704 16256 -96
768 16176 96
