startup(x,y,z):(704,16128,176)
592 16272 -1536
176 16240 -1728
848 16272 -336
864 16256 832
992 16208 2624
2736 15824 2976
2736 15680 1936
2432 15680 1296
2080 15952 1296
560 15952 512
224 16192 592
-304 16304 -480
208 16208 -592
528 16304 -1024
752 16144 -736
752 15984 -736
976 15984 112
704 15984 112
928 16064 512
576 15968 256
688 16080 -96
752 16064 -336
608 16112 -224
640 16160 -80
640 16144 272
736 16144 272
688 16128 384
816 16112 592
752 16176 656
768 16176 672
768 16176 800
768 16176 800
928 16176 704
816 16128 656
656 16112 368
688 16160 256
704 16192 64
688 16144 -320
688 16144 -176
640 16176 -176
864 16128 -464
656 16176 -384
656 16144 -112
784 16128 336
784 16128 528
816 16032 496
752 16160 288
832 16144 288
720 16144 128
624 16048 -48
688 16080 -32
688 16048 -112
720 16048 -112
624 16112 -16
688 16176 -96
640 16160 496
928 16304 944
928 16384 1136
928 16224 832
928 16192 416
1072 16192 416
1024 16144 496
976 16144 176
640 16224 112
656 16160 256
640 16128 272
592 16176 272
592 16128 448
704 16128 432
800 16096 480
784 16096 -16
800 16144 -16
784 16144 -16
576 16144 -32
576 16192 0
688 16192 96
736 16240 96
848 16176 80
752 16256 192
848 16192 256
768 16176 176
528 16176 48
304 16176 -48
304 16176 -368
400 16080 -368
352 16176 -336
448 16208 -160
448 16240 192
448 16176 352
624 16176 352
800 16112 416
784 16176 208
736 16144 368
784 16144 192
784 16112 128
800 16160 48
800 16160 -96
784 16112 -96
832 16112 112
816 16320 48
576 16240 192
576 16080 64
624 16080 -320
560 16160 -320
448 16384 -320
512 16352 -224
560 16208 -144
800 16064 -48
624 16096 224
624 16192 192
640 16208 272
640 16144 320
544 16144 64
672 16112 176
752 16112 144
752 16096 272
736 16080 192
720 16256 240
720 16160 -16
960 16160 -272
928 16192 -304
864 16112 16
672 16160 -144
880 16128 -48
880 16176 16
864 16176 -96
848 16208 96
736 16192 192
640 16192 192
656 16176 -64
736 16144 304
688 16208 320
688 16176 160
784 16176 160
960 16176 96
1008 16176 -80
800 16208 128
688 16224 144
688 16240 240
640 16208 160
640 16224 160
752 16224 160
576 16224 240
624 16128 368
656 16192 224
656 16112 192
560 16112 -48
528 16192 -48
576 16336 160
480 16304 272
384 16208 64
416 16192 -112
528 16240 -176
608 16224 -48
608 16208 144
688 16208 144
624 16256 144
720 16192 400
592 16144 416
720 16256 256
752 16160 192
752 16128 176
688 16192 192
704 16208 288
592 16208 288
656 16208 352
784 16176 240
880 16144 272
880 16176 256
832 16176 256
832 16064 256
656 16112 224
528 16176 256
784 16176 224
784 16192 240
576 16176 336
752 16192 288
752 16192 272
576 16112 272
656 16112 288
784 16224 240
816 16192 112
768 16176 64
768 16176 -176
592 16240 -176
288 16144 -208
240 16112 -144
368 16192 336
624 16208 416
480 16176 112
480 16256 -128
432 16256 -128
512 16256 32
688 16112 96
816 16048 -64
624 16160 176
624 16112 96
768 16112 304
944 16176 336
960 16176 336
656 16176 400
688 16128 416
560 16160 240
800 16160 -80
736 16128 16
736 16240 64
752 16240 64
720 16288 112
768 16224 48
704 16208 208
736 16224 144
928 16208 -16
832 16240 112
832 16240 400
720 16224 400
800 16224 400
880 16256 160
768 16208 -128
768 16192 -112
768 16192 -32
752 16160 -32
656 16176 160
688 16128 160
688 16128 48
720 16240 16
640 16256 64
640 16240 528
560 16240 416
624 16256 416
656 16224 192
816 16112 160
720 16144 272
752 16208 224
944 16160 160
736 16240 16
736 16128 48
752 16128 48
736 16096 144
704 16112 384
640 16160 176
624 16176 480
624 16128 272
752 16128 272
560 16112 96
528 16192 272
640 16176 496
640 16320 256
640 16240 48
624 16256 64
656 16192 -32
656 16192 256
560 16176 144
752 16176 144
768 16176 -128
704 16176 -96
752 16224 176
784 16208 -48
608 16224 112
608 16208 256
608 16208 256
720 16176 -112
736 16208 -32
656 16208 16
720 16144 -16
720 16224 160
720 16224 -16
736 16160 -16
752 16144 224
800 16128 224
912 16208 160
960 16176 176
800 16176 16
800 16176 -16
880 16160 -16
816 16064 0
768 16112 -32
736 16128 160
688 16144 320
688 16224 224
592 16160 144
592 16128 -128
672 16128 -128
608 16160 -160
576 16224 -128
800 16128 -112
800 16192 -64
752 16192 -96
784 16256 -96
768 16144 16
672 16112 160
640 16096 -240
688 16112 -96
688 16112 -96
688 16128 -16
688 16128 16
640 16112 16
640 16112 48
624 16176 80
640 16256 128
624 16224 336
656 16176 176
656 16176 208
800 16128 320
688 16128 400
688 16128 400
720 16048 304
832 16112 -64
704 16160 384
704 16128 352
800 16128 352
784 16144 368
752 16144 304
688 16192 416
704 16176 272
640 16192 336
656 16176 112
656 16224 176
736 16224 320
640 16192 320
528 16208 128
528 16256 0
528 16272 -48
608 16272 160
720 16224 160
704 16192 -32
672 16208 32
656 16240 96
640 16208 208
640 16192 80
640 16144 32
720 16144 32
784 16192 128
768 16224 128
656 16208 112
640 16176 192
592 16144 176
592 16144 128
608 16144 112
640 16144 -16
736 16176 -16
720 16240 -112
416 16224 -48
608 16160 -16
624 16144 176
720 16176 272
816 16176 128
816 16176 208
688 16176 -144
608 16160 64
624 16176 176
736 16192 208
720 16192 224
720 16112 48
656 16112 48
688 16096 320
848 16176 304
848 16176 384
928 16176 224
832 16096 128
832 16208 144
816 16176 288
896 16192 -128
800 16192 -128
608 16192 64
640 16224 208
688 16240 336
688 16208 464
704 16208 160
784 16160 160
592 16192 96
688 16224 -96
864 16064 48
816 16112 16
768 16096 16
768 16176 320
720 16176 288
736 16160 288
768 16192 224
720 16160 256
672 16112 64
672 16128 128
736 16128 48
880 16064 48
784 16192 240
752 16128 128
784 16128 160
816 16128 80
768 16112 48
768 16144 336
688 16208 336
784 16208 144
608 16160 144
688 16144 16
640 16176 288
736 16272 208
704 16208 176
592 16256 208
592 16272 240
640 16272 32
672 16192 32
768 16160 256
752 16112 256
800 16144 128
800 16128 112
784 16128 192
928 16112 192
896 16144 64
704 16096 464
608 16208 384
592 16208 288
784 16208 464
784 16112 384
752 16112 384
704 16192 272
768 16112 240
704 16128 256
720 16144 208
720 16144 -48
800 16128 -48
784 16144 176
608 16192 176
672 16208 32
832 16160 64
752 16192 80
752 16192 320
848 16144 320
800 16160 -16
768 16192 32
1008 16128 -80
848 16112 -128
848 16080 -112
720 16144 16
720 16176 64
608 16176 64
560 16176 224
576 16256 48
688 16304 80
752 16240 64
624 16256 32
624 16192 240
672 16192 352
640 16160 352
656 16208 240
656 16160 96
720 16160 336
672 16192 208
624 16208 -16
624 16224 16
752 16224 -240
672 16192 -64
784 16176 48
592 16160 16
640 16192 32
640 16064 160
704 16080 192
560 16176 112
560 16176 192
592 16144 192
688 16256 -208
640 16240 -192
720 16160 -368
720 16176 -16
752 16176 16
720 16176 16
544 16272 256
560 16224 352
704 16192 144
672 16240 128
720 16240 112
720 16208 128
896 16208 -128
816 16272 -176
624 16256 -32
640 16192 192
688 16144 352
688 16224 512
512 16240 192
800 16224 256
800 16176 208
816 16176 208
800 16144 144
752 16096 -64
624 16144 112
704 16160 -208
592 16224 80
720 16176 48
720 16176 32
624 16176 32
720 16208 112
752 16256 112
640 16256 160
816 16240 -32
592 16112 192
592 16192 -176
592 16192 -176
688 16160 176
832 16160 144
800 16128 64
736 16176 32
736 16208 32
528 16176 48
544 16160 112
544 16160 96
512 16192 96
640 16208 144
688 16176 -160
688 16304 -160
672 16224 -32
672 16224 0
784 16256 0
848 16224 -16
784 16240 64
