startup(x,y,z):(704,16128,176)
-2048 18128 15856
-1024 17968 7600
2016 18032 5168
656 17344 3808
-688 18016 6368
-688 16528 432
-3152 16528 432
-2928 15520 -1184
-3440 16304 -2832
-1984 16352 -5760
-1216 17264 -3920
-1216 16464 -2176
-2032 16464 -2176
-1056 15760 528
-2272 15936 2960
-768 15680 3648
-352 15600 928
-352 15696 -1328
416 15696 -1328
560 15792 -2816
480 16160 -1536
272 16336 -448
272 16304 816
-16 16304 96
160 16080 96
96 15968 -384
832 15792 1744
-1936 15648 2320
-3328 15840 480
-3328 15984 -1280
-3424 15984 -3328
-3024 16192 -3328
-1072 16512 -3680
256 16528 -2112
672 16400 -1152
672 16384 784
1520 16384 1488
1392 16304 1488
768 16272 1888
784 16256 880
608 16272 592
608 16240 1168
480 16240 1872
416 16288 1872
384 16400 1648
816 16208 -448
752 16144 -1056
752 16144 -1488
368 16144 -928
608 16112 -928
656 16208 -480
688 16320 -400
704 16304 -128
688 16256 240
688 16080 1408
896 16080 1408
896 16080 1504
1088 16176 1120
624 16176 416
624 16208 -608
512 16208 -784
496 16176 -784
640 16224 -608
816 16224 -352
736 16272 128
784 16112 368
864 16112 592
784 16192 592
704 16208 608
432 16160 576
528 16160 352
528 16144 192
480 16144 -80
624 16208 -80
448 16224 -160
384 16272 208
640 16240 272
624 16144 256
624 16144 288
768 16080 288
560 16096 144
704 16080 240
688 16160 528
704 16144 176
704 16176 -112
624 16176 -112
496 16208 -64
496 16176 128
656 16144 560
688 16112 640
688 16112 176
736 16112 176
752 16288 224
736 16240 240
992 16176 304
784 16224 96
784 16096 96
768 16096 96
768 16176 -160
848 16160 -176
912 16176 -128
752 16176 144
752 16176 512
832 16176 512
624 16208 464
704 16176 -128
720 16176 144
720 16160 112
832 16160 -32
864 16176 -32
912 16112 -32
800 16112 208
800 16176 -80
800 16144 64
656 16144 48
688 16176 48
640 16112 144
592 16208 368
624 16208 16
624 16272 128
608 16272 -288
624 16288 -288
816 16160 80
832 16160 -48
928 16144 0
656 16208 -112
656 16208 0
544 16336 0
544 16288 224
752 16320 80
720 16272 -32
720 16144 32
736 16144 32
768 16128 64
656 16224 0
800 16128 256
864 16080 192
864 16144 208
624 16144 208
704 16144 224
640 16112 288
688 16208 352
688 16208 224
688 16208 160
928 16176 160
928 16128 304
912 16160 272
816 16192 368
736 16128 64
736 16208 128
720 16208 128
784 16176 -32
768 16160 32
816 16128 48
816 16128 448
784 16128 112
640 16160 112
720 16160 144
848 16160 304
816 16144 480
768 16128 384
768 16112 256
672 16112 64
704 16160 64
656 16160 -128
496 16176 80
544 16128 144
544 16128 160
752 16160 160
784 16160 144
752 16224 -64
672 16272 0
736 16176 -16
752 16176 48
752 16176 272
736 16144 272
720 16128 -48
736 16176 -64
768 16112 240
768 16112 560
656 16160 560
624 16176 384
608 16112 240
752 16240 240
752 16272 -144
752 16208 -288
800 16144 -448
576 16192 -32
720 16208 -32
896 16176 48
896 16176 -176
800 16256 -176
912 16240 -64
720 16272 -64
560 16176 160
752 16160 368
768 16192 272
768 16192 352
736 16112 352
640 16160 320
608 16080 416
592 16192 240
592 16192 272
608 16192 96
704 16208 96
752 16208 112
704 16208 144
720 16224 -32
688 16192 208
688 16128 176
672 16128 176
704 16112 592
672 16176 304
560 16208 128
560 16224 112
672 16224 144
640 16224 144
656 16240 288
608 16144 256
688 16176 128
736 16160 256
736 16112 -64
688 16112 -64
672 16032 80
912 16128 112
832 16048 160
832 16080 -48
960 16080 32
704 16112 32
656 16208 64
720 16160 80
880 16208 80
880 16208 160
832 16208 128
704 16192 128
832 16208 192
736 16240 -144
704 16176 80
704 16256 0
704 16256 0
592 16240 128
672 16272 128
608 16240 208
800 16208 336
672 16160 256
672 16160 320
704 16144 320
640 16160 400
704 16176 288
608 16160 256
608 16208 112
784 16208 112
672 16240 512
704 16240 320
768 16240 -112
704 16240 -16
688 16208 128
688 16176 240
592 16176 240
528 16160 192
672 16128 48
784 16208 -112
704 16224 -80
704 16224 144
688 16160 144
656 16240 64
624 16288 128
720 16160 80
800 16192 240
800 16192 240
800 16176 176
832 16176 48
784 16112 48
656 16144 96
768 16096 32
880 16064 32
880 16064 256
880 16048 256
816 16160 144
736 16160 0
736 16160 192
704 16080 16
704 16144 64
800 16144 64
784 16112 80
560 16160 176
688 16080 144
688 16144 128
752 16144 0
736 16080 0
768 16128 32
784 16128 96
768 16160 128
768 16128 192
768 16128 16
800 16224 16
720 16256 304
800 16192 288
704 16144 -32
704 16144 192
656 16240 192
640 16224 96
704 16128 256
816 16112 144
784 16048 144
784 16080 208
832 16080 -48
816 16192 192
864 16192 -48
672 16144 64
672 16144 64
624 16256 64
736 16160 224
768 16224 256
768 16176 432
720 16208 384
720 16176 192
832 16176 112
688 16144 112
656 16144 -256
752 16176 -96
688 16320 32
688 16256 -16
736 16256 -16
960 16160 -64
704 16144 0
784 16144 0
736 16224 80
736 16304 32
720 16304 -32
848 16224 -32
768 16128 208
688 16160 192
624 16144 16
624 16224 48
672 16224 208
672 16224 208
672 16208 256
752 16224 64
656 16224 96
656 16192 192
736 16192 128
672 16224 128
800 16224 96
752 16192 272
688 16208 240
688 16208 496
656 16240 496
848 16224 448
896 16176 64
784 16176 -128
752 16208 0
752 16208 -48
704 16176 -48
688 16192 112
720 16192 160
704 16144 96
704 16112 64
688 16112 448
624 16160 448
640 16224 384
688 16112 208
576 16144 160
576 16192 144
624 16192 144
688 16128 112
768 16128 320
672 16224 384
608 16144 480
640 16224 272
640 16224 144
672 16272 144
720 16304 32
752 16240 32
608 16224 -48
608 16160 144
672 16160 144
496 16144 224
608 16176 128
592 16160 96
704 16160 128
704 16160 -112
768 16160 -112
800 16192 -144
848 16144 128
624 16176 48
624 16176 48
736 16176 48
752 16240 -96
864 16256 -96
688 16256 80
640 16208 176
640 16128 224
640 16080 224
688 16080 224
736 16208 144
480 16192 160
608 16176 128
608 16176 0
832 16176 -112
528 16288 -112
640 16240 -64
672 16160 -16
656 16192 16
656 16160 112
624 16160 128
640 16192 128
656 16240 -48
672 16208 -96
704 16224 192
704 16208 256
496 16208 304
624 16224 304
832 16224 240
784 16240 -64
912 16288 -128
688 16176 16
688 16192 160
608 16192 160
672 16128 240
576 16144 96
656 16192 304
672 16128 256
672 16096 208
608 16096 16
624 16032 16
688 16096 -32
880 16144 -64
784 16064 -48
880 16080 288
784 16144 288
832 16192 272
720 16176 32
832 16160 80
832 16224 48
752 16224 144
656 16176 144
688 16192 368
656 16176 128
768 16208 64
768 16160 48
832 16160 -32
864 16064 -32
768 16128 32
672 16176 32
720 16208 96
720 16192 32
672 16192 208
688 16144 208
640 16160 -32
688 16176 -208
672 16288 -112
672 16272 32
912 16272 32
912 16272 96
736 16336 96
752 16288 208
752 16208 224
896 16208 224
848 16208 224
736 16192 176
736 16176 320
784 16128 304
816 16160 80
816 16096 48
848 16096 -144
832 16128 -144
928 16128 -16
752 16176 -144
800 16160 80
800 16160 48
736 16144 48
736 16144 80
672 16176 160
624 16224 128
528 16224 240
528 16224 528
544 16176 528
496 16208 272
432 16224 0
560 16160 240
560 16160 80
528 16208 80
576 16272 112
592 16256 64
672 16160 272
752 16192 112
752 16256 112
720 16256 -400
656 16224 -272
736 16176 -192
848 16192 -32
752 16208 0
752 16208 80
672 16208 80
640 16176 208
704 16144 368
656 16112 288
624 16144 176
624 16112 400
736 16112 368
768 16128 368
704 16160 416
752 16160 272
720 16128 240
720 16128 400
720 16112 400
688 16208 240
560 16192 160
512 16176 224
496 16160 208
544 16096 144
