startup(x,y,z):(688,16160,176)
-1840 16784 -2672
-1168 14368 -1152
-672 15584 -1664
-672 19104 592
1392 19104 -1936
-368 16704 -1936
448 15776 -2224
-1056 15936 -4224
432 16032 -1200
1456 15840 1088
1376 15600 2112
2432 15264 1984
2432 18176 16416
7232 18176 16416
5776 18656 10288
10032 17664 8576
8320 16912 -704
4688 16112 -8032
4688 15920 -8320
3312 15920 -7936
1056 15472 -7936
1456 16368 -3904
1520 17072 2144
1280 16688 3328
1248 16080 2080
640 15520 256
-32 15488 480
-32 15808 3120
528 15808 3120
720 15824 3104
-192 15936 3344
-752 16256 -304
-448 16432 -2464
-608 16672 -2432
32 16496 -2304
704 16352 -1488
704 16352 -1008
672 16208 -1008
912 16176 -512
672 16336 48
832 16192 576
1120 16160 1472
1168 16224 2208
1168 16128 1488
1200 16128 960
1040 16288 -80
1120 16336 -624
1232 16176 -832
1312 16208 240
912 16144 912
912 16016 960
1152 16016 960
832 16064 784
464 16064 176
416 16080 -144
464 16016 -448
528 16048 -432
576 16144 -752
576 16224 -512
560 16224 -176
656 16112 -176
848 16144 96
496 16240 704
576 16240 1024
576 16176 1120
560 16176 752
576 16144 752
704 16240 432
512 16224 32
704 16240 -448
624 16160 -416
720 16272 -528
736 16272 -512
736 16272 112
688 16272 112
592 16144 592
768 16064 800
688 16096 896
768 16000 512
768 16128 144
544 16192 -208
544 16208 -112
592 16208 -112
672 16176 -304
768 16112 -128
752 16160 -352
688 16144 -208
608 16176 400
608 16208 640
768 16208 688
736 16176 688
880 16176 480
832 16144 272
800 16144 -80
736 16208 -368
848 16208 -400
848 16240 -112
800 16240 -112
800 16192 128
640 16176 128
688 16192 592
896 16176 528
848 16144 240
784 16112 112
704 16112 -192
704 16112 -208
704 16160 -208
624 16096 48
496 16128 -32
720 16208 -288
720 16112 80
688 16080 176
848 16080 176
656 16064 240
720 16176 368
736 16224 192
720 16256 -288
704 16256 -288
768 16288 -352
816 16256 -192
832 16176 -432
816 16208 -272
816 16160 80
720 16160 0
704 16048 0
672 16048 0
752 16144 288
768 16144 320
736 16160 304
736 16160 80
816 16048 80
816 16064 64
784 16016 384
656 16080 480
688 16128 496
688 16240 64
624 16240 64
704 16256 -144
528 16288 0
608 16192 224
624 16176 -48
624 16176 32
736 16176 32
848 16256 80
864 16192 512
720 16208 512
736 16112 720
704 16176 352
704 16176 320
656 16144 320
832 16112 128
768 16096 16
624 16112 16
608 16112 32
608 16112 240
448 16208 240
640 16128 240
816 16112 128
768 16192 384
656 16208 368
656 16208 240
672 16224 240
704 16160 80
864 16176 128
816 16144 208
816 16176 304
704 16176 304
720 16192 240
816 16112 352
912 16160 320
784 16192 320
784 16160 48
736 16160 240
704 16128 240
640 16064 112
656 16080 144
608 16176 32
608 16176 -192
656 16176 -192
720 16160 128
832 16224 96
736 16176 192
688 16160 64
688 16128 96
896 16128 -64
880 16128 -64
896 16128 192
704 16192 32
784 16096 -176
800 16112 -48
800 16112 -64
688 16224 -64
672 16192 -160
624 16240 -80
592 16288 -128
592 16224 160
608 16224 0
624 16096 0
688 16112 288
752 16192 96
880 16144 256
880 16224 96
816 16224 192
688 16192 192
496 16224 368
640 16192 240
768 16144 336
736 16112 384
736 16224 288
704 16224 288
768 16144 496
704 16112 192
640 16160 128
720 16192 64
720 16192 48
656 16128 48
736 16176 128
784 16144 112
736 16128 208
672 16080 240
672 16096 432
672 16096 448
624 16032 448
704 16112 448
624 16112 288
672 16128 16
672 16128 96
704 16160 96
640 16144 144
688 16176 -112
736 16176 -96
672 16144 224
672 16144 240
640 16144 256
768 16112 256
608 16128 272
576 16240 288
528 16208 160
528 16240 48
688 16240 144
704 16224 144
672 16192 224
688 16128 96
704 16144 256
640 16112 176
640 16112 400
528 16064 400
720 16160 160
752 16128 240
512 16192 256
672 16192 112
672 16192 96
608 16192 96
704 16128 -48
816 16144 16
672 16208 160
688 16192 288
688 16192 320
688 16192 320
816 16192 352
720 16208 304
640 16176 384
672 16160 112
672 16160 272
512 16080 272
592 16112 240
704 16192 64
768 16128 48
640 16128 192
640 16208 352
672 16208 352
608 16240 192
768 16208 368
704 16256 144
720 16128 112
720 16128 176
704 16128 176
736 16032 240
800 16112 288
832 16144 272
768 16192 176
688 16224 208
688 16224 128
720 16144 128
656 16192 0
576 16192 48
640 16128 96
688 16128 192
688 16096 192
624 16128 288
752 16112 112
784 16080 224
784 16080 16
784 16144 -48
720 16144 -48
640 16128 176
576 16112 192
656 16112 96
656 16160 64
656 16160 304
608 16176 304
672 16208 432
768 16256 272
640 16176 128
624 16128 144
624 16128 272
688 16144 272
656 16128 400
640 16224 208
608 16192 384
672 16208 16
672 16208 176
576 16112 176
592 16144 208
592 16144 112
736 16112 48
736 16144 80
736 16128 80
704 16128 80
576 16224 240
688 16224 176
768 16256 80
704 16240 192
704 16240 -160
720 16288 -160
816 16144 112
704 16224 0
672 16128 48
640 16176 224
640 16176 64
720 16176 64
704 16000 128
656 16112 192
624 16112 480
656 16256 336
656 16256 224
576 16256 224
752 16208 272
720 16272 48
720 16240 176
672 16256 304
672 16160 336
608 16160 64
640 16144 64
480 16176 -64
432 16208 96
672 16176 -32
672 16064 32
496 16064 32
544 16080 144
528 16176 208
624 16192 160
736 16240 192
736 16208 240
672 16208 32
528 16176 128
736 16256 128
736 16208 -64
736 16096 0
640 16128 64
640 16176 160
768 16176 96
816 16208 96
864 16192 272
800 16176 384
736 16064 368
720 16240 224
720 16272 304
784 16272 48
736 16288 32
704 16224 -32
592 16240 16
624 16240 176
624 16208 128
768 16192 -16
784 16192 -16
800 16240 -80
816 16256 -16
736 16192 96
672 16128 112
672 16112 112
672 16112 160
720 16176 160
768 16224 192
528 16176 16
608 16128 176
560 16144 144
560 16144 336
544 16176 336
768 16208 192
688 16176 96
672 16208 0
592 16224 240
592 16224 368
832 16192 368
720 16144 240
800 16208 80
560 16240 32
576 16176 80
576 16192 48
608 16192 48
512 16192 -64
688 16176 208
832 16192 112
704 16160 48
704 16128 64
800 16128 64
608 16208 112
656 16288 32
720 16176 -48
720 16128 272
736 16128 160
752 16160 160
1008 16176 224
832 16192 192
688 16176 336
688 16208 224
560 16208 304
672 16224 304
720 16176 320
848 16144 416
848 16160 544
640 16144 320
640 16144 -16
592 16160 -16
896 16208 -128
784 16224 -80
848 16224 64
928 16176 -192
752 16176 96
752 16176 64
736 16304 64
864 16176 144
800 16144 368
752 16176 352
704 16176 -48
704 16176 96
592 16192 96
576 16240 96
816 16192 144
864 16208 -48
720 16224 192
720 16224 208
656 16288 208
720 16240 -272
672 16176 64
656 16160 320
656 16176 368
656 16176 304
736 16192 304
736 16176 32
848 16144 16
656 16256 -48
736 16192 -16
736 16192 144
688 16208 144
640 16112 144
688 16192 -144
752 16176 32
736 16176 -80
736 16176 0
848 16144 0
720 16208 64
704 16272 192
608 16272 112
608 16208 32
704 16208 -16
736 16224 -16
880 16192 -32
864 16192 0
816 16176 64
816 16128 128
880 16128 128
752 16176 144
752 16240 0
752 16240 -160
480 16224 80
480 16240 -272
480 16240 -128
752 16144 -128
912 16160 16
848 16176 -16
848 16208 112
704 16224 192
640 16224 192
672 16128 -16
560 16224 -32
720 16176 -304
704 16160 80
704 16176 0
624 16176 0
672 16176 48
736 16112 496
592 16160 528
592 16144 480
576 16144 400
704 16096 400
720 16064 160
800 16144 192
832 16192 16
656 16128 64
656 16128 80
736 16160 80
736 16128 -16
752 16128 -80
544 16144 256
544 16176 240
544 16224 304
608 16224 304
576 16256 96
672 16208 -48
720 16144 256
