startup(x,y,z):(624,16192,256)
448 16240 912
608 16192 512
624 16192 528
624 16192 736
544 16192 752
448 16192 752
304 16128 768
448 16128 896
480 16192 816
560 16176 784
592 16096 704
560 16128 800
560 16128 576
496 16240 608
768 16240 704
640 16400 1168
624 16400 1456
480 16384 1456
640 16384 880
608 16320 832
608 16096 528
528 16016 32
528 15936 -64
608 15920 304
240 15920 752
880 16240 752
240 16176 624
672 16144 816
528 16080 624
528 16064 704
560 16096 624
560 16096 720
528 16160 752
560 16224 768
560 16128 832
560 16128 816
608 16128 816
656 16304 1040
640 16432 1152
608 16512 1504
512 16480 1552
464 16400 1136
464 16320 928
512 16320 928
688 16272 816
640 16240 704
608 16336 656
672 16304 352
448 16208 672
512 16192 480
480 16096 672
624 16112 624
704 16176 688
704 16336 992
704 16336 992
656 16368 848
512 16240 912
624 16352 896
384 16336 592
416 16224 704
480 16240 832
576 16304 880
576 16176 880
512 16176 880
400 16128 1088
304 16320 1296
288 16336 1264
288 16336 1136
464 16368 944
640 16272 864
640 16144 400
592 15984 368
784 15984 624
720 15936 624
672 15888 640
848 15936 560
816 15968 992
784 16080 944
784 16128 896
608 16128 928
496 16064 560
560 16016 560
576 16032 656
592 16096 848
592 16176 1008
544 16176 960
480 16096 640
480 16160 576
240 16160 576
400 16208 896
544 16240 1328
448 16288 1216
544 16336 768
720 16240 704
688 16240 784
560 16176 864
736 16144 1168
736 16256 1056
880 16256 1056
640 16336 1056
592 16288 1056
640 16224 1040
592 16176 1040
544 16224 992
576 16160 1104
320 16160 1024
416 16160 944
464 16160 816
672 16480 816
704 17152 1120
832 15824 1648
432 15856 1424
384 15328 1808
640 15680 1520
544 15936 1232
448 15888 1136
512 15984 1024
624 16208 848
624 16192 992
656 16192 832
688 16192 832
640 16176 1024
464 16224 816
528 16192 912
464 16176 752
464 16096 560
576 16000 880
640 16032 544
608 16080 656
608 16160 544
560 16160 544
608 16144 736
688 16128 1088
624 16272 1152
704 16240 928
688 16336 1184
624 16240 1328
624 16240 1296
576 16272 1040
704 16256 1120
608 16240 1120
656 16192 1184
624 16208 1024
656 16128 976
688 16160 880
576 16192 752
576 16192 432
512 16208 80
592 16080 80
592 16112 32
688 16096 400
576 16096 608
672 16352 1296
784 16384 864
784 16304 1040
816 16304 1040
704 16208 1200
608 16256 1552
576 16304 1568
576 16288 1488
592 16320 928
592 16320 1088
544 16384 1184
768 16384 944
752 16256 944
672 16240 1120
592 16240 944
688 16192 1136
608 16192 992
608 16144 864
608 16144 768
544 16112 768
592 16160 752
544 16176 640
480 16160 784
672 16176 896
704 16256 976
704 16256 1040
672 16224 1040
592 16240 880
560 16224 896
672 16160 976
800 16272 912
2064 16368 1056
2064 16368 400
112 16976 400
704 16704 624
1216 16544 1088
1504 16384 1248
1200 16288 1248
784 16256 1088
784 16208 784
400 16208 592
176 16192 592
-944 16368 64
-224 16256 -64
1216 16528 1232
1024 16608 1456
560 16096 1056
288 16048 864
288 16192 960
-16 16192 752
-32 16128 752
-80 16256 848
-128 16240 864
-1104 15888 1312
368 17424 -160
368 16992 368
2928 16992 528
1040 16656 528
1088 16336 336
720 16032 368
752 16000 672
944 16032 752
944 16032 576
992 16112 576
896 16080 704
832 16096 768
720 16048 896
848 16080 1152
928 16112 1040
928 16160 1072
752 16224 848
752 16208 1296
688 16208 1008
656 16256 1008
672 16192 1008
608 16160 832
544 16128 848
592 16192 864
608 16192 736
608 16192 944
560 16192 944
672 16192 880
592 16208 912
656 16192 1056
784 16272 880
736 16224 1152
800 16192 1120
800 16192 1280
704 16176 1120
656 16304 976
720 16208 1104
880 16336 1232
752 16272 1168
992 16176 1152
976 16224 1088
752 16160 1008
752 16160 1280
800 16096 1280
592 16160 1024
432 16208 1056
128 16256 864
208 16176 656
352 16112 832
688 16176 544
816 16096 592
816 16160 928
800 16160 928
880 16240 1504
576 16176 944
432 16096 640
528 16080 688
736 16144 768
768 16224 1056
656 16224 896
656 16272 1152
848 16272 992
880 16240 912
1424 16272 672
2368 15488 4240
-816 15456 2992
-928 15456 2048
-272 15744 2048
80 15872 1456
256 16144 816
400 16192 896
464 16144 944
576 16192 864
384 16240 896
288 16224 864
240 16192 720
240 16256 592
352 16368 976
656 16320 1216
496 16416 1216
496 16416 1104
416 16384 1104
320 16336 1184
-656 15856 1392
464 15792 1728
464 15792 1296
416 16128 1296
1808 16560 496
880 16096 784
880 16064 768
656 16160 960
720 16128 1104
784 16112 912
784 16224 848
1024 16272 864
832 16240 576
752 16272 784
864 16224 1120
1408 16160 1392
1408 16160 1552
1136 16448 656
1728 16448 1456
288 16000 1456
416 16784 800
176 16704 960
-352 16560 784
384 16288 624
528 16256 912
608 16272 784
480 16192 512
496 16128 592
480 16240 864
512 16256 928
432 16320 1024
464 16128 928
560 16192 816
560 16240 1024
544 16224 1184
480 16160 1216
480 16160 1280
208 16128 1008
288 16192 1280
0 16112 1360
0 16048 1408
-272 16048 400
944 15424 1456
752 15744 960
720 16048 688
304 16208 912
288 16192 944
816 16240 1072
992 16240 1248
1904 15824 1696
1152 16000 1728
896 16080 1312
752 15952 1232
576 15984 1152
1024 16016 1632
1408 16032 1760
1264 16208 1520
912 16064 944
640 16064 1136
640 16000 1264
128 16080 992
112 16096 912
192 16144 912
-304 16176 1136
-880 16160 1136
128 15680 2064
368 16080 1088
512 16336 1072
576 16416 1104
768 16592 1376
688 16976 2160
816 17296 2768
1072 17104 2608
1120 15520 704
640 15424 -16
672 15520 320
576 15888 1120
800 16048 1600
800 15792 1232
560 15888 896
496 16032 640
528 16064 1008
560 16144 1040
560 16256 1056
688 16192 912
608 16192 960
608 16240 928
400 16400 976
816 16240 1152
768 16256 1168
576 16224 1248
576 16096 1264
640 16096 1264
560 16112 1280
352 16144 1472
160 16368 1552
224 16528 1936
352 16672 1968
-112 22608 5520
-112 22608 3488
1392 20432 2464
-3520 11360 8400
-1040 23936 -160
1984 15472 -3344
4016 15472 -5312
2784 14032 -5312
880 14288 -5824
16 15472 -4992
192 17376 -3856
1344 17664 -2736
2528 17568 -1264
2720 17856 -48
2096 18400 496
2096 18400 112
1584 17760 -1168
896 17760 -1168
320 16656 -2432
-144 15200 -3792
-400 13840 -4864
-304 12736 -5360
-304 11744 -5824
-208 11744 -6064
16 10112 -5872
-128 10112 -5360
-256 9648 -5360
-336 9696 -5520
-352 11600 -6016
64 10560 -3600
144 11088 576
-6176 11760 15664
-6176 11760 14032
-624 13568 14032
-1280 21360 9264
7360 21248 9264
4416 20512 6592
2080 22480 8160
144 23200 9616
320 23136 8720
1056 23248 6864
1056 23328 5024
1744 22800 2096
1600 22800 -960
816 21424 -960
128 19792 -4496
-80 18032 -7952
240 16288 -11232
912 14496 -13600
1696 10656 -13312
1392 9344 -10352
992 8736 -6640
992 8736 -2944
928 9008 -2944
1168 10176 -672
1072 11088 2400
1248 12304 6432
1840 13968 10096
2720 15856 12624
2720 15856 13072
3312 18064 13072
3552 19552 12064
3328 20448 11072
3056 21312 9008
2752 21808 5808
2240 21536 2384
2240 21536 -1328
1648 20592 -1328
1008 19312 -5344
496 17856 -7920
-144 16592 -9408
-320 15360 -10624
-288 14336 -11344
-16 13328 -11488
32 12320 -10592
64 11504 -8656
64 11024 -6368
208 11024 -3296
432 10976 -2016
1056 11872 -2016
1168 12592 2976
1504 13408 2976
1680 14640 5936
1760 16016 8624
2240 17408 10816
2544 18912 12256
2832 19904 11040
2576 20032 9792
2032 20192 8192
1280 20000 6464
480 19328 3920
-32 18544 1408
-128 18544 -1312
-432 17568 -1312
-528 16544 -3520
-576 15632 -5248
-368 14976 -6320
-32 14240 -6320
208 13520 -6944
512 12880 -7168
592 12400 -7152
592 12400 -6160
720 12080 -4688
816 12160 -3120
1088 12400 -3120
1328 12992 -1168
1776 13936 656
2032 15248 2512
2224 16848 4224
2496 18352 5328
2496 19840 5808
2752 21008 5920
2512 21696 5424
2240 21584 5264
1792 21584 5056
1344 21264 5056
816 20880 3888
480 20224 2480
192 18896 576
16 17632 -1552
16 16384 -3184
-96 15520 -4864
416 15520 -4864
800 13904 -5504
736 12656 -5584
