startup(x,y,z):(608,16112,256)
-1952 16480 4032
1776 16368 3664
1856 16096 -1520
64 15776 -5136
48 16080 -3872
48 16144 -1600
432 16160 304
320 16160 304
304 16224 2096
368 16144 1840
544 15984 416
560 16096 208
992 16224 1152
992 16192 1184
816 16192 1056
384 16208 1056
320 16048 64
384 15952 -560
304 16064 -528
400 16208 -496
528 16304 -64
848 16288 864
848 16288 1664
816 16288 1664
768 16192 1488
720 16096 704
544 16128 -208
544 16032 -496
464 16000 -240
400 16000 -240
416 16176 -320
240 16272 -144
448 16272 -320
576 16128 -176
576 16112 528
736 16112 1264
720 16224 1552
944 16160 1152
944 16160 80
688 16096 80
688 16144 -640
480 16096 -1008
400 16096 -240
448 16160 48
320 16128 -96
432 16096 -208
432 16064 144
672 16064 144
704 16112 448
656 16288 528
544 16256 656
576 16192 1040
576 16240 560
512 16240 432
496 16192 432
512 16144 144
432 16160 240
528 16128 112
704 16160 192
752 16176 400
752 16192 528
720 16192 528
752 16176 416
608 16224 368
528 16224 448
544 16112 416
240 16144 880
128 16256 1296
880 16240 880
880 16080 -1056
1168 16080 -2272
432 16096 -2272
416 16144 -1744
640 16272 -528
288 16256 832
432 16208 1344
432 16208 1056
416 16160 1056
512 16240 -48
544 16304 176
752 16304 176
880 16336 224
800 16240 272
512 16128 496
496 15968 32
496 15968 -112
416 16096 176
416 16208 192
640 16208 192
576 16208 368
592 16272 592
640 16240 592
560 16144 608
592 16144 224
640 16128 160
640 16144 -208
496 16144 -208
352 16128 64
496 16144 32
496 16208 -16
544 16160 -64
592 16144 320
624 16192 624
736 16144 672
736 16064 384
816 16064 384
656 16080 -128
608 16144 -256
528 16176 -528
592 16192 -80
496 16224 64
576 16160 368
576 16128 432
656 16128 320
656 16192 80
672 16192 80
752 16160 320
752 16224 288
784 16192 320
800 16176 464
800 16224 464
704 16224 464
752 16176 656
720 16144 704
736 16192 416
656 16208 176
608 16256 176
640 16192 96
592 16128 352
592 16080 352
720 16080 48
640 16128 48
656 16160 -32
768 16176 -160
656 16240 -272
560 16160 160
528 16208 400
528 16272 544
544 16272 512
608 16144 512
592 16144 272
544 16160 480
592 16208 192
528 16144 48
528 16112 288
512 16112 224
640 16128 224
656 16064 128
656 16112 128
656 16160 192
800 16224 288
560 16192 240
560 16176 208
464 16176 208
528 16160 208
880 16112 112
832 16160 256
864 16096 624
608 16144 720
544 16144 624
544 16128 496
592 16128 512
480 16208 512
496 16192 304
512 16208 208
512 16224 176
512 16192 0
512 16192 -64
464 16080 -64
496 16128 400
464 16096 80
480 16144 -96
560 16208 -48
528 16176 320
752 16144 336
720 16192 336
720 16192 656
640 16144 656
560 16240 352
592 16112 400
544 16080 272
496 16112 192
576 16144 128
592 16192 128
592 16192 288
640 16192 288
720 16176 96
656 16176 -48
512 16224 192
560 16208 432
560 16160 128
592 16160 224
528 16176 224
384 16144 336
336 16176 480
288 16160 272
352 16128 576
576 16144 320
576 16160 272
368 16160 272
432 16176 416
496 16144 288
592 16176 320
496 16160 208
496 16208 224
608 16208 192
624 16256 256
624 16256 144
576 16128 144
528 16144 208
656 16144 368
720 16208 464
768 16176 416
768 16192 336
672 16192 336
544 16096 352
448 16128 272
544 16192 208
576 16192 192
512 16224 80
464 16128 48
656 16160 112
656 16176 144
656 16176 144
768 16160 256
704 16144 -32
672 16176 96
672 16176 144
688 16144 304
560 16160 352
656 16128 192
656 16128 272
704 16192 272
704 16160 304
544 16176 384
592 16224 64
544 16288 240
544 16224 336
576 16224 320
720 16192 320
560 16144 208
624 16160 208
592 16128 272
640 16080 176
640 16112 240
608 16112 240
608 16176 256
592 16208 160
576 16240 336
608 16144 432
608 16176 320
608 16160 272
608 16176 192
528 16176 432
512 16064 432
624 16080 320
560 16112 288
496 16112 480
544 16128 464
544 16128 576
592 16128 576
480 16176 448
448 16272 288
496 16272 176
544 16176 240
624 16096 288
656 16176 128
592 16064 192
592 16064 -96
656 16128 -96
704 16128 96
672 16192 -32
672 16144 144
640 16176 400
608 16176 368
672 16224 416
672 16080 432
640 16080 416
592 16176 416
592 16144 368
752 16144 304
592 16160 304
592 16144 272
784 16144 272
736 16160 272
736 16144 560
576 16080 288
656 16096 320
656 16112 80
640 16176 144
640 16176 48
544 16160 48
560 16176 368
656 16224 128
656 16192 160
656 16192 0
656 16112 -144
624 16080 -96
528 16096 -16
480 16096 -224
640 16064 -224
576 16144 176
736 16112 336
672 16160 320
672 16160 -96
608 16160 -48
464 16192 -48
464 16208 400
512 16192 144
560 16192 432
544 16128 192
384 16080 224
496 16096 544
560 16032 336
560 16032 240
656 16032 240
672 16016 288
624 16032 336
544 16112 208
624 16064 336
624 16160 32
640 16144 -80
640 16144 144
736 16144 0
640 16112 0
672 16096 320
576 16112 592
528 16096 448
544 16096 320
544 16096 384
640 16192 384
640 16128 240
496 16064 384
544 16112 320
528 16096 432
608 16112 336
784 16128 304
784 16096 368
768 16096 368
720 16144 112
624 16128 160
560 16144 400
528 16176 416
576 16128 368
608 16176 384
608 16112 352
608 16192 368
560 16192 64
640 16176 64
656 16144 160
624 16176 112
640 16128 176
640 16160 112
512 16160 112
512 16240 320
528 16160 288
688 16176 192
640 16240 224
592 16304 384
608 16160 336
608 16080 336
608 16080 256
464 16112 496
480 16112 496
512 16112 512
640 16064 464
592 16128 288
656 16144 480
576 16192 368
640 16160 144
640 16160 336
512 16064 336
544 16176 272
592 16176 96
640 16208 64
448 16176 224
448 16160 112
512 16160 224
544 16096 208
672 16096 256
816 16112 256
736 16112 192
592 16208 16
544 16144 128
544 16128 -32
464 16128 32
528 16192 32
544 16144 96
528 16128 304
416 16064 240
432 16112 480
672 16176 144
608 16144 272
608 16144 208
464 16160 208
528 16208 272
384 16256 256
384 16224 272
400 16160 240
400 16224 400
592 16224 400
576 16144 480
560 16160 272
656 16144 224
656 16144 224
672 16176 0
544 16256 16
560 16208 160
688 16176 192
688 16176 240
688 16208 240
592 16192 384
576 16144 496
656 16112 352
688 16144 320
672 16080 320
672 16144 32
672 16144 32
736 16160 128
656 16080 80
640 16112 128
640 16016 144
640 16128 144
576 16128 -48
464 16144 160
528 16160 176
464 16160 176
448 16128 256
576 16128 160
624 16160 368
624 16176 304
576 16176 288
544 16176 288
608 16288 240
608 16272 176
464 16224 224
512 16176 384
512 16224 304
528 16224 400
672 16192 208
592 16208 176
592 16208 400
368 16208 400
592 16208 448
560 16224 368
576 16160 304
640 16096 192
576 16064 192
528 16144 224
592 16112 96
592 16128 112
768 16128 288
768 16064 288
608 16128 320
656 16112 336
688 16064 528
688 16080 336
608 16080 288
624 16048 288
576 16176 240
400 16208 240
544 16176 400
656 16160 384
624 16272 448
624 16192 416
560 16192 416
480 16192 336
576 16208 32
496 16144 224
576 16176 528
576 16192 400
496 16144 272
544 16176 240
544 16176 224
496 16144 224
448 16112 208
576 16032 224
544 16096 240
544 16096 176
624 16112 176
704 16192 176
608 16224 -64
544 16208 80
432 16176 176
512 16128 64
528 16144 192
528 16144 352
608 16112 352
624 16128 176
608 16128 240
512 16176 272
528 16160 272
528 16192 320
576 16160 288
544 16080 288
624 16048 272
624 16048 192
640 16112 192
656 16128 192
624 16160 192
624 16128 272
624 16160 320
656 16160 64
688 16160 160
656 16160 304
592 16144 304
544 16192 208
560 16160 256
464 16112 320
464 16080 336
480 16080 336
560 16192 576
