startup(x,y,z):(592,16016,224)
1888 16048 -9472
2336 16304 -5600
736 16672 -16
-1456 16432 4128
-1456 16432 4080
-896 16768 1040
80 15744 272
576 15648 272
400 16432 912
1520 16352 1584
1904 16240 2144
1264 16608 2592
1264 16592 1104
928 16592 -1472
624 15968 -1472
224 15872 -2832
128 15968 -2320
272 16224 -1808
944 16352 -48
848 16848 2224
576 16496 3248
576 16272 2608
832 16272 864
1088 16128 864
592 16224 -784
272 16064 -2144
192 15856 -1936
304 16080 -880
560 16096 64
656 16176 -176
1120 16208 -192
1120 16208 464
1104 16192 464
944 16128 1760
1008 16176 2944
800 16128 2320
736 16064 928
736 16048 -512
656 16048 -512
416 16176 -1280
240 16064 -896
496 16144 -448
560 16176 -224
608 16048 -160
592 16080 0
592 16080 464
832 16112 464
688 16176 512
656 16208 1168
752 16192 1200
720 16160 1104
720 16112 384
624 16048 288
704 16064 480
128 16064 480
-144 16256 1520
800 16272 1808
1248 16032 64
560 15984 -1408
560 15984 -1488
368 16208 -800
736 16336 -800
448 16336 -48
192 16208 464
80 16112 432
320 15968 -240
384 16128 -592
592 16208 -208
592 16208 336
896 16272 1008
768 16304 1008
704 16240 1088
640 16080 976
832 16064 800
784 16112 240
704 16144 -96
480 16160 -176
480 16208 -128
704 16208 -128
528 16208 208
560 16192 464
560 16144 160
432 16080 -144
432 16080 -128
496 16080 -80
496 16208 -80
304 16256 112
448 16240 16
560 16112 -352
688 16064 -624
576 16048 -64
624 16096 576
624 16096 1120
640 16112 1120
752 16128 976
672 16144 528
464 16128 -64
624 16144 -96
624 16176 80
576 16160 48
576 16096 32
496 16096 -736
544 16112 -560
496 16096 -416
576 16144 -80
544 16160 304
576 16224 352
560 16208 528
592 16176 656
512 16224 688
608 16144 480
496 16176 -48
592 16240 -272
640 16080 -128
640 16080 240
592 16208 256
656 16208 256
656 16160 272
608 16304 464
560 16304 576
544 16240 544
464 16208 400
464 16096 64
528 16128 -32
528 16096 80
576 16096 80
576 16096 176
496 16208 352
768 16144 480
608 16112 720
608 16096 624
592 16096 688
560 16128 400
560 16128 256
576 16144 256
512 16096 208
672 16080 64
576 16064 160
576 16016 64
640 16016 64
592 16032 224
720 16128 304
656 16176 192
880 16208 304
688 16144 496
624 16080 384
624 16032 320
640 16032 80
672 16144 80
592 16160 272
720 16096 448
656 16192 304
544 16176 336
544 16176 592
704 16176 592
752 16176 624
720 16192 496
688 16224 496
672 16176 496
560 16208 80
608 16240 -64
480 16256 -128
624 16208 96
624 16192 64
624 16128 80
848 16128 80
720 16144 256
608 16208 256
656 16160 336
688 16112 256
736 16080 -240
640 16096 -192
640 16096 128
672 16160 128
560 16128 112
624 16128 16
592 16112 304
624 16080 368
624 16080 400
496 16272 304
512 16192 480
480 16192 480
512 16144 80
464 16112 80
496 16128 240
496 16144 96
576 16144 -96
544 16128 -96
560 16160 256
640 16192 192
640 16192 128
544 16224 272
416 16144 416
384 16144 352
384 16144 208
384 16096 208
528 16128 496
576 16096 240
576 16112 384
800 16144 224
800 16160 448
704 16160 448
720 16256 304
752 16160 160
672 16208 160
624 16192 144
688 16144 208
720 16048 224
672 16112 192
672 16160 416
656 16160 336
496 16160 336
576 16160 272
576 16160 336
560 16160 464
544 16080 160
528 16048 352
528 16112 256
464 16112 272
464 16144 272
688 16160 224
624 16128 96
608 16208 48
576 16192 176
672 16192 320
576 16080 128
496 16080 128
688 16128 128
512 16240 368
512 16224 448
560 16240 368
560 16240 320
736 16144 80
640 16176 80
688 16128 352
608 16080 352
592 16032 256
560 16096 208
592 16000 288
592 16032 288
512 16032 288
528 16096 240
656 16096 224
736 16048 112
656 16112 144
656 16144 320
672 16144 208
496 16064 208
480 15952 288
656 16096 96
480 16080 -64
576 16128 112
480 16160 224
544 16144 80
512 16176 144
512 16176 368
560 16144 128
496 16160 128
576 16144 272
512 16176 32
528 16160 160
592 16128 240
432 16144 144
432 16144 112
464 16144 112
528 16176 208
464 16160 384
624 16224 96
560 16240 -64
592 16160 128
592 16160 288
528 16192 352
512 16144 176
496 16176 176
544 16144 256
592 16080 336
688 16144 352
688 16128 -80
608 16128 -80
752 16096 240
656 16080 16
576 16096 272
640 16144 336
624 16096 272
640 16048 288
640 16112 48
640 16112 320
624 16096 320
592 16080 256
608 16160 160
672 16160 272
672 16128 16
656 16128 416
592 16128 416
624 16144 304
528 16160 288
528 16144 400
560 16144 224
576 16112 -80
640 16096 32
640 16096 -80
784 16128 -144
624 16160 -144
368 16176 160
432 16144 176
480 16160 256
528 16096 416
720 16064 224
576 16112 256
576 16016 112
576 16016 112
496 16064 0
480 16128 208
688 16096 272
624 16080 240
624 16064 176
688 16064 48
432 16096 48
528 16096 -112
672 16112 112
560 16096 32
576 16208 48
640 16208 112
672 16176 320
672 16176 320
576 16208 320
608 16192 288
656 16240 288
736 16192 336
816 16192 384
736 16144 320
608 16128 480
672 16112 224
672 16128 624
688 16128 208
528 16144 208
560 16144 16
496 16144 256
416 16160 336
544 16208 336
560 16192 336
608 16224 272
608 16128 256
640 16128 256
528 16128 208
720 16112 272
816 16112 192
784 16080 32
688 16112 144
832 16160 176
832 16144 240
720 16144 96
656 16096 160
688 16096 160
768 16064 192
576 16064 112
624 16160 80
640 16128 272
640 16128 288
704 16080 288
656 16160 288
512 16112 64
448 16064 320
464 16096 320
496 16176 192
432 16176 368
432 16224 464
464 16224 416
656 16080 416
528 16192 112
624 16144 48
720 16096 16
688 16112 -80
688 16112 240
560 16160 240
544 16176 80
592 16192 80
592 16128 64
656 16112 -32
592 16128 160
592 16176 128
608 16176 112
704 16192 112
592 16192 192
656 16192 112
736 16128 112
832 16160 224
688 16144 112
528 16160 -176
528 16128 192
608 16128 64
640 16096 64
624 16096 192
496 16048 128
608 16048 0
576 16032 0
560 16128 -32
560 16128 -48
480 16144 304
576 16144 112
720 16144 192
704 16048 192
464 16064 176
496 16080 128
592 16048 96
592 16016 224
528 16016 384
544 16080 384
640 16112 176
576 16160 16
496 16128 32
640 16160 0
496 16208 32
528 16208 224
528 16208 432
624 16160 432
608 16128 352
432 16128 368
528 16144 368
624 16160 208
624 16176 288
608 16176 416
656 16112 528
640 16112 528
608 16128 416
448 16144 304
400 16128 192
400 16064 144
400 16064 32
544 16208 32
576 16176 96
640 16224 16
592 16112 192
560 16112 208
496 16096 160
496 16112 176
496 16192 128
592 16192 128
640 16096 32
576 16112 144
752 16112 64
656 16160 208
608 16176 224
608 16192 272
512 16192 272
528 16128 176
528 16208 176
576 16160 272
512 16080 400
416 16096 288
416 16176 224
400 16176 -32
496 16128 -32
624 16080 80
592 16192 144
624 16208 208
624 16240 288
624 16224 192
608 16224 304
640 16224 304
704 16176 400
784 16128 352
704 16080 160
704 16128 176
656 16128 240
624 16080 240
864 16112 96
816 16128 -240
624 16176 -16
512 16112 368
560 16144 32
560 16144 112
656 16144 112
784 16112 112
832 16080 48
528 16096 448
544 16192 320
544 16176 176
592 16176 176
512 16176 304
624 16128 320
608 16128 240
480 16224 144
496 16080 80
768 16080 272
768 16080 176
880 16048 80
608 16112 80
576 16128 240
624 16128 384
640 16112 272
592 16144 368
480 16112 240
544 16144 352
544 16144 -32
496 16096 -32
496 16144 -112
736 16144 128
592 16128 192
672 16160 160
672 16224 304
640 16224 304
640 16128 224
640 16208 240
512 16144 160
448 16224 304
448 16192 304
384 16192 288
320 16224 288
368 16256 320
576 16256 400
384 16208 384
