startup(x,y,z):(608,16112,256)
496 15936 -3280
80 16144 -2752
496 16272 -1152
160 16176 416
144 16112 1120
176 16064 1136
464 16000 528
496 16064 352
496 16208 240
768 16208 240
848 16160 1184
848 16160 1056
464 16128 736
368 16096 -144
368 16016 -336
432 16016 -448
432 16096 -448
560 16128 -528
592 16192 80
672 16192 560
704 16240 864
640 16192 656
576 16144 112
576 16160 -128
592 16160 -160
576 16192 -160
528 16160 -176
544 16160 -176
672 16192 -96
416 16160 160
656 16032 448
528 16096 1184
736 16096 1600
736 16080 1104
816 16080 1104
640 16032 128
544 16096 -480
448 16128 -672
384 16128 -336
384 16160 -160
416 16160 32
416 16128 64
336 15872 144
496 16096 144
704 16160 240
704 16144 496
720 16272 768
720 16224 864
704 16112 784
704 16112 448
736 16016 448
560 16048 -320
496 16128 -288
592 16160 -224
480 16096 128
560 16096 368
576 16096 496
576 16096 400
672 16224 400
592 16224 464
608 16240 320
656 16208 336
464 16192 256
592 16192 -144
656 16128 -368
656 16080 -480
656 16080 -80
752 16128 -80
736 16192 240
736 16176 496
672 16224 640
672 16176 736
704 16224 688
608 16192 480
496 16192 192
448 16128 -176
560 16128 -272
576 16080 -272
704 16096 -512
640 16160 -304
688 16192 -144
704 16176 64
704 16144 160
688 16144 192
656 16192 192
720 16096 384
576 16144 624
624 16176 608
688 16128 672
672 16080 544
560 16144 368
608 16208 160
608 16208 64
720 16144 64
656 16208 16
656 16192 -16
624 16144 32
624 16144 80
624 16144 0
496 16160 64
496 16064 112
560 16064 -272
656 16144 -272
688 16128 -160
720 16144 -64
736 16176 144
736 16160 16
592 16160 176
720 16160 112
656 16080 0
768 16048 128
640 16112 336
656 16144 224
640 16112 192
640 16368 384
592 16144 384
672 16208 272
560 16176 432
576 16144 256
544 16192 320
544 16208 304
528 16256 272
560 16128 272
672 16160 240
672 16160 576
528 16080 576
608 16128 400
640 16160 448
544 16208 304
592 16160 256
592 16160 480
528 16176 144
672 16240 144
528 16192 144
592 16240 144
592 16160 368
448 16080 448
560 16064 528
560 16048 288
560 16064 128
624 16064 288
560 16048 288
544 16144 256
608 16160 176
624 16112 320
592 16144 320
592 16112 272
592 16080 288
640 16080 176
704 16080 176
672 16064 224
672 16080 256
752 16032 288
672 16048 208
672 16112 192
496 16080 256
496 16032 320
400 16032 304
608 15984 304
624 16048 400
688 16032 80
656 16128 320
656 16112 352
592 16112 240
592 16144 320
528 16144 320
544 16160 240
640 16160 240
800 16128 160
640 16160 256
496 16112 352
720 16128 160
720 16128 80
768 16208 80
736 16192 112
624 16208 160
528 16112 400
688 16160 192
704 16192 368
720 16128 0
720 16160 256
832 16160 240
576 16208 240
656 16192 -128
624 16096 -80
512 16064 80
528 16048 112
528 16096 112
544 16096 112
832 16112 -96
624 16208 240
416 16224 240
592 16256 48
640 16144 512
720 16128 272
720 16064 336
480 16064 336
384 16128 400
544 16048 416
608 16064 368
800 16192 320
736 16224 144
800 16160 -80
672 16176 64
672 16176 64
624 16208 64
576 16208 128
608 16208 144
688 16240 304
720 16144 224
720 16160 128
880 16160 48
768 16160 224
640 16144 224
576 16144 320
544 16208 320
432 16128 368
528 16064 304
512 16080 240
512 16176 256
592 16176 256
480 16224 256
624 16176 80
704 16240 288
720 16224 384
864 16144 208
656 16160 240
656 16144 464
576 16144 224
480 16192 224
560 16128 272
528 16144 368
736 16112 496
896 16144 496
896 16160 352
704 16160 128
704 16192 176
608 16192 176
672 16144 176
544 16208 288
544 16144 272
576 16160 112
576 16080 32
640 16080 288
512 16112 288
384 16128 272
528 16160 96
640 16160 160
448 16064 336
432 16160 240
432 16240 400
432 16240 208
512 16240 208
512 16240 336
544 16192 144
688 16160 -32
672 16048 128
560 16096 240
496 16176 352
480 16112 288
480 16192 -48
672 16192 -48
672 16080 128
448 16128 272
528 16096 192
768 16112 320
592 16144 288
592 16144 208
464 16128 208
496 16208 -176
560 16112 144
688 16176 192
624 16144 224
560 16208 448
592 16176 368
592 16208 224
512 16208 224
544 16128 256
592 16112 272
608 16112 192
640 16192 64
672 16128 288
592 16144 288
576 16160 224
576 16096 208
544 16096 208
544 16096 256
576 16128 224
384 16112 288
496 16144 368
496 16080 416
656 16080 288
672 16112 288
688 16176 80
592 16144 80
720 16112 64
624 16112 -144
672 16240 -112
592 16240 80
592 16240 128
624 16160 128
688 16160 288
656 16096 208
448 16144 304
672 16096 320
656 16144 352
576 16128 256
560 16160 208
432 16192 160
432 16192 240
528 16192 144
528 16160 144
560 16176 224
496 16112 48
432 16144 272
480 16112 32
416 16160 144
304 16128 240
432 16144 256
432 16144 320
528 16160 320
640 16192 320
656 16128 352
672 16032 240
672 16112 192
768 16144 128
768 16128 336
656 16064 384
576 16128 384
576 16128 144
416 16080 144
464 16112 224
368 16144 320
592 16128 224
512 16128 96
512 16112 160
560 16112 288
544 16096 256
656 16128 352
624 16112 352
608 16128 112
704 16224 192
848 16208 224
848 16240 112
784 16240 112
576 16192 112
336 16160 272
368 16112 336
496 16096 624
544 16160 512
592 16160 432
480 16112 672
592 16208 368
592 16192 368
448 16192 432
576 16176 432
608 16176 384
560 16160 96
448 16256 288
448 16256 16
448 16192 128
432 16128 80
544 16096 256
544 16112 304
592 16112 304
576 16128 304
576 16064 208
464 16176 288
528 16224 256
624 16208 192
624 16144 288
624 16144 400
432 16176 192
576 16176 128
512 16224 128
672 16112 112
624 16160 176
560 16096 256
560 16112 256
512 16080 208
400 16080 176
464 16112 176
448 16176 352
528 16224 128
608 16224 304
768 16112 336
720 16048 368
768 16064 304
768 16320 416
624 16144 416
592 16160 544
672 16080 400
640 16016 64
592 16064 112
672 16144 32
544 16160 144
688 16064 112
592 16112 336
592 16064 288
672 16064 288
800 16080 320
784 16112 224
704 16080 320
608 16128 224
608 16208 144
704 16208 240
688 16112 256
672 16128 272
672 16176 272
656 16192 256
592 16256 208
624 16208 432
416 16128 432
416 16192 336
448 16160 160
624 16160 256
464 16128 256
384 16176 288
480 16176 384
592 16160 288
592 16192 272
624 16064 400
608 16096 112
608 16080 336
592 16080 336
608 16048 208
544 16144 192
688 16160 384
752 16176 272
640 16192 192
496 16096 272
560 16176 224
560 16160 272
512 16160 272
640 16112 112
592 16128 -96
544 16192 80
496 16208 304
496 16144 432
640 16144 288
608 16144 64
640 16192 240
656 16160 48
800 16160 304
624 16160 304
624 16160 224
656 16208 64
640 16112 48
640 16048 16
544 16048 16
624 15984 128
592 16096 272
480 16208 256
448 16128 208
528 16096 496
560 16144 368
560 16112 272
656 16112 272
768 16208 336
720 16160 272
608 16208 336
592 16176 304
592 16192 368
640 16192 432
576 16176 176
576 16144 272
512 16144 272
528 16160 336
640 16112 304
688 16160 96
688 16192 -48
656 16224 208
672 16224 208
688 16192 224
656 16176 -16
608 16192 0
464 16176 112
560 16224 240
576 16224 384
576 16224 48
592 16224 48
720 16208 192
608 16224 160
656 16160 224
480 16144 112
544 16160 208
544 16112 288
624 16176 128
768 16144 208
688 16176 288
688 16176 160
512 16240 160
512 16224 -192
592 16128 -64
512 16208 32
512 16160 -32
640 16160 -112
704 16128 -112
480 16144 64
560 16096 112
528 16224 -48
544 16160 128
560 16208 400
624 16160 352
624 16160 128
688 16208 128
592 16208 192
624 16176 272
608 16176 336
576 16208 240
544 16176 128
656 16128 368
