startup(x,y,z):(592,16016,224)
480 15920 -3184
416 16304 -80
416 16256 2016
80 16192 2208
64 16192 928
656 15872 848
688 16000 48
864 16176 1056
1104 16224 1056
1360 16240 1744
832 16352 1744
560 16144 496
560 15936 -976
320 15936 -976
256 15968 -1424
288 16064 -1168
320 16144 -400
592 16208 656
640 16256 1648
736 16160 1760
688 16064 960
640 16016 64
640 16048 -624
560 16048 -624
368 15936 -832
288 16048 -576
320 16224 -352
512 16176 -336
512 16128 176
784 16112 1072
784 16144 1856
736 16144 2016
784 16128 2016
752 16096 1424
624 16080 368
320 16160 368
1200 16240 688
1200 16240 -224
1168 16096 -224
592 16000 -1904
448 16000 -2176
592 16096 -1312
416 16048 -96
400 16160 768
608 16160 1040
544 16128 752
544 16064 704
656 16240 960
688 16240 784
608 16192 784
640 16192 656
544 16160 288
528 16064 -112
368 16032 -64
480 16064 64
544 16176 272
544 16208 608
480 16208 624
704 16224 624
592 16240 560
672 16208 224
352 16208 -592
288 16144 -784
352 16160 -128
432 16144 -48
800 16096 -96
800 16096 64
672 16128 64
704 16160 304
416 16176 336
576 16192 496
752 16192 464
752 16112 384
768 16112 384
640 16176 -32
608 16192 -272
672 16144 -192
576 16144 -256
480 16160 208
400 16128 400
400 16128 432
448 16112 432
512 16144 416
560 16096 416
688 16064 592
512 16064 528
576 16064 592
528 16112 576
576 16144 512
576 16112 592
608 16112 416
560 16208 416
608 16208 416
496 16144 288
480 16048 240
480 16032 272
480 16032 320
432 16032 224
544 16080 160
576 16080 0
512 16144 0
368 16176 48
608 16064 80
560 16096 -64
560 16128 -112
608 16128 288
688 16128 288
704 16128 320
640 16128 32
608 16160 176
656 16192 336
640 16112 256
624 16160 288
496 16192 112
496 16096 80
592 16096 80
640 16160 -128
672 16112 16
576 16128 48
624 16160 160
448 16176 128
480 16176 304
608 16048 272
608 16048 208
560 16128 368
480 16128 368
400 16144 416
592 16128 528
720 16096 560
720 16080 592
832 16128 288
704 16176 112
656 16224 80
576 16224 0
576 16224 -336
544 16128 -336
464 16176 -336
592 16112 -96
576 16144 -96
608 16160 144
576 16112 224
624 16112 336
528 16128 464
688 16176 432
704 16176 432
592 16128 288
592 16112 240
576 16208 96
656 16144 112
656 16112 560
672 16112 208
752 16096 208
688 16096 16
576 16080 176
480 16128 224
528 16096 176
624 16128 160
688 16160 160
688 16160 272
720 16208 272
544 16160 352
720 16128 112
672 16160 80
672 16160 480
672 16080 640
672 16080 592
576 16080 592
448 16080 528
544 16192 528
544 16160 272
528 16144 160
560 16080 144
560 16016 176
640 16016 240
624 16064 240
768 16080 128
560 16080 272
464 16160 464
544 16144 496
496 16144 528
512 16080 480
560 16128 432
560 16128 192
448 16208 192
432 16176 64
656 16144 0
560 16160 64
560 16144 -128
608 16112 -128
592 16112 -48
528 16096 336
640 16096 336
592 16192 432
576 16160 224
784 16096 144
784 16080 400
672 16080 352
720 16016 352
704 16064 -96
608 16176 128
640 16192 64
560 16224 128
624 16160 128
624 16192 32
672 16192 32
416 16176 144
416 16160 240
352 16160 240
352 16096 160
496 16144 160
384 16144 160
448 16112 16
608 16112 -208
736 16144 48
672 16128 128
720 16096 16
640 16080 176
640 16080 64
512 16128 64
496 16144 64
544 16176 -64
432 16128 192
432 16160 336
608 16160 336
432 16176 256
432 16128 144
464 16096 144
464 16128 368
560 16208 400
624 16176 448
624 16112 336
624 16112 384
560 16224 384
384 16224 352
576 16144 448
544 16128 464
528 16096 352
480 16128 256
512 16128 208
512 16160 240
480 16160 224
560 16080 224
464 16112 256
432 16128 464
576 16224 384
576 16208 208
672 16208 208
656 16192 0
672 16176 128
736 16208 176
752 16176 464
576 16176 448
640 16144 592
640 16144 336
656 16128 336
784 16112 272
784 16144 400
688 16112 416
688 16128 512
432 16144 496
544 16128 288
576 16128 288
592 16080 304
592 16096 144
688 16144 304
656 16192 144
656 16192 160
704 16096 160
608 16144 48
624 16112 -80
704 16208 16
752 16144 96
608 16144 112
832 16160 64
704 16144 224
704 16096 464
640 16096 464
624 16160 448
704 16224 288
576 16208 272
640 16160 336
640 16128 160
640 16080 384
528 16144 320
528 16144 112
528 16192 112
656 16096 112
608 16112 144
640 16080 192
640 16096 384
496 16096 592
496 16160 592
384 16144 576
560 16144 320
624 16080 368
528 16128 368
576 16080 448
576 16144 336
576 16144 112
688 16224 112
592 16256 368
576 16208 128
560 16160 240
560 16144 144
608 16144 144
560 16288 144
624 16192 192
576 16240 144
576 16256 144
688 16208 224
688 16128 224
688 16080 192
704 16080 192
752 16032 128
736 16064 240
832 16048 336
800 16032 336
800 16112 224
656 16144 288
656 16176 256
592 16176 272
544 16192 448
512 16176 448
544 16144 352
448 16144 480
496 16128 400
496 16112 176
576 16112 176
640 16048 64
560 16096 368
480 16096 288
320 16144 208
416 16128 240
400 16064 192
400 16048 320
400 16048 448
448 16128 448
400 16224 352
528 16176 496
592 16144 336
592 16032 272
672 16112 256
528 16096 416
528 16096 272
720 16128 272
592 16128 272
624 16128 208
640 16256 256
640 16160 272
624 16176 528
560 16176 528
416 16160 144
496 16144 80
688 16192 144
736 16224 -16
784 16128 64
560 16128 304
560 16160 304
768 16160 304
624 16080 384
576 16064 448
544 16080 224
704 15984 288
704 16096 112
688 16096 288
640 16160 240
560 16160 208
656 16176 208
704 16128 336
736 16032 320
720 16112 304
624 16144 112
624 16160 176
560 16160 224
528 16128 224
576 16112 176
592 16112 224
576 16144 224
640 16160 400
688 16192 432
624 16192 96
624 16080 112
688 16080 112
576 16048 464
640 16128 448
624 16192 352
544 16176 240
576 16176 304
560 16160 272
560 16128 496
576 16128 496
544 16160 416
512 16176 272
480 16208 368
592 16208 256
592 16192 112
480 16192 112
608 16128 -240
544 16096 272
576 16112 272
624 16144 432
544 16144 224
576 16080 304
576 16080 48
704 16128 48
608 16128 144
496 16080 208
512 16144 288
560 16160 336
560 16160 176
752 16192 160
656 16160 384
544 16112 384
592 16112 352
560 16016 320
608 16032 352
672 16016 368
672 16016 384
512 16064 64
656 16064 64
560 16032 144
576 16160 288
624 16096 288
560 15984 240
592 16048 160
560 16064 224
560 16064 160
672 16064 160
656 16096 208
640 16016 448
528 16032 336
608 16048 256
608 16048 272
528 16080 416
544 16144 400
560 16144 400
592 16096 224
624 16096 320
464 16080 448
464 16176 416
496 16176 144
640 16192 144
624 16112 112
800 16064 160
672 16144 144
672 16176 128
640 16160 256
640 16160 -32
720 16160 -32
656 16176 256
576 16160 368
352 16128 448
352 16096 528
480 16096 288
544 16240 288
528 16160 352
496 16096 320
384 16112 192
448 16160 272
512 16128 160
512 16176 -128
576 16176 -64
480 16176 112
528 16144 112
576 16176 112
544 16176 240
688 16192 224
688 16176 240
512 16176 64
528 16144 240
528 16144 320
608 16112 320
592 16096 304
576 16080 272
688 16032 272
688 16112 336
592 16112 336
640 16112 336
656 16192 592
704 16256 416
576 16208 352
544 16144 480
256 16112 400
256 16176 416
400 16176 368
544 16160 368
512 16096 304
496 16080 96
560 16096 224
560 16064 288
560 16064 448
480 16032 336
448 16048 256
528 16096 320
432 16048 448
448 16080 592
448 16224 496
496 16224 400
496 16272 400
512 16256 416
560 16144 448
656 16176 768
656 16176 512
704 16176 416
608 16112 64
640 16112 -112
704 16128 -112
624 16128 48
560 16064 32
576 16160 464
624 16192 544
624 16208 432
