startup(x,y,z):(416,16240,176)
-12032 15456 5872
-5008 14432 8736
-5008 16016 4240
-3008 16016 3536
2336 15728 3536
6048 15968 -1760
7040 15744 -1760
4528 15600 32
1232 16144 1776
2512 16304 2544
3456 16208 3680
688 16112 2112
-2640 15936 -544
-2640 16112 -2624
-1760 16112 -2624
-688 16464 -3040
368 16336 -3088
752 16336 -3488
1104 16400 -2560
1472 16224 -2560
672 16048 -2512
96 16304 -1680
-32 16368 -1280
-48 16160 -688
-48 16096 -32
64 16096 528
336 16256 864
912 16368 1072
1184 16304 1072
752 16288 1136
416 16176 1008
144 16208 1168
-64 16160 944
112 16224 1120
560 16192 1248
560 16192 1136
544 16160 1136
400 16112 944
336 16224 304
384 16272 -64
560 16208 80
432 16192 -192
384 16160 -160
528 16144 -16
528 16208 112
448 16208 -176
624 16256 -176
976 16288 -160
736 16224 -144
640 16112 -528
768 16160 -608
656 16192 -560
544 16256 -128
448 16208 96
464 16224 352
192 16256 -32
320 16304 -128
320 16304 -432
464 16304 -432
528 16240 -288
560 16336 80
512 16272 464
400 16224 464
432 16128 576
384 16112 720
480 16128 592
448 16240 544
448 16256 256
448 16240 -32
624 16240 -32
480 16240 -96
352 16176 -48
368 16256 128
304 16240 272
512 16224 192
416 16208 256
304 16272 -80
352 16240 -224
352 16176 -416
400 16176 -240
384 16208 -240
496 16192 -160
416 16208 0
384 16192 368
384 16192 336
512 16192 256
464 16192 352
416 16160 288
448 16176 240
448 16176 368
352 16192 368
336 16176 624
432 16176 768
496 16208 560
496 16224 400
432 16192 -48
448 16256 -192
384 16352 -160
448 16272 80
368 16208 192
368 16192 -32
368 16192 -48
432 16176 -48
592 16192 -224
512 16272 32
496 16272 96
544 16256 -32
528 16208 96
464 16224 -80
464 16208 -96
528 16224 144
528 16176 352
464 16224 304
432 16224 288
528 16128 288
368 16192 192
368 16224 0
400 16176 80
448 16160 112
416 16176 96
384 16128 -32
384 16128 16
464 16176 16
480 16144 96
528 16224 208
368 16240 -16
560 16288 -112
496 16256 -16
352 16208 -16
352 16208 -48
592 16256 -48
400 16288 -320
400 16352 -64
400 16320 48
336 16256 192
464 16288 32
448 16272 96
448 16272 32
320 16272 224
528 16256 192
480 16320 16
512 16272 144
512 16224 320
432 16224 144
416 16272 144
432 16256 240
448 16208 80
432 16224 160
400 16208 80
432 16176 80
464 16256 96
400 16240 96
384 16256 176
384 16096 176
272 16128 160
400 16128 320
272 16144 320
400 16176 128
560 16176 -96
432 16144 64
368 16160 320
512 16208 208
512 16208 224
400 16240 224
528 16256 0
560 16192 48
448 16208 -160
368 16192 -80
368 16192 336
384 16192 208
496 16192 144
528 16256 144
480 16400 192
528 16288 176
384 16320 128
448 16272 -16
432 16176 320
464 16224 192
464 16176 144
576 16176 224
512 16160 224
480 16208 208
496 16224 176
464 16208 160
400 16224 -32
176 16224 160
352 16208 144
416 16240 240
416 16224 192
384 16224 -112
400 16256 -112
352 16192 -144
368 16192 80
464 16176 -16
256 16224 0
304 16192 32
272 16240 48
528 16192 48
448 16176 16
432 16176 -160
368 16240 160
384 16256 -96
352 16288 -16
352 16288 192
352 16272 64
400 16208 64
384 16240 64
288 16256 32
400 16256 -48
528 16224 176
448 16240 240
448 16288 208
448 16288 256
496 16256 208
304 16192 208
400 16240 144
528 16240 80
480 16224 192
432 16160 304
560 16208 240
560 16176 192
528 16176 192
592 16240 64
416 16288 192
400 16208 240
560 16192 176
688 16224 -48
656 16224 -48
560 16208 -160
416 16240 -16
384 16224 -176
448 16176 -176
448 16176 -208
288 16144 -208
384 16208 0
416 16256 -80
480 16208 16
512 16192 160
432 16192 176
432 16192 96
592 16256 96
512 16304 16
336 16288 256
464 16144 160
544 16176 -80
448 16176 96
448 16176 288
416 16160 160
416 16176 -96
400 16160 -208
480 16192 -16
512 16160 16
448 16224 112
528 16208 64
528 16192 64
576 16192 272
560 16224 272
432 16272 288
528 16272 224
464 16288 128
432 16192 128
336 16096 240
544 16160 256
512 16208 352
512 16240 176
544 16224 192
544 16224 304
528 16224 304
496 16192 160
416 16208 112
448 16192 -80
416 16256 96
416 16320 -128
448 16256 -160
400 16256 -160
320 16208 -32
384 16128 -16
224 16192 144
352 16144 64
432 16128 -48
416 16192 64
416 16208 -176
368 16208 16
512 16224 16
432 16272 64
480 16288 -352
432 16176 32
528 16192 48
528 16192 -16
464 16208 224
416 16208 -32
400 16256 -32
416 16256 -16
416 16256 16
400 16224 176
496 16160 128
528 16240 192
528 16240 448
448 16160 272
528 16160 128
528 16272 128
512 16288 112
480 16192 192
448 16160 96
448 16224 192
336 16240 208
240 16208 320
352 16176 16
400 16208 112
400 16208 48
480 16224 48
432 16304 -16
320 16288 192
400 16288 0
432 16192 384
448 16224 128
448 16288 112
336 16288 64
400 16320 32
544 16272 32
368 16256 128
528 16256 32
384 16208 304
400 16192 160
400 16224 192
480 16224 144
400 16272 144
464 16288 192
496 16208 160
464 16240 64
528 16176 80
464 16224 304
464 16208 208
416 16208 240
320 16192 240
384 16144 128
304 16144 -64
384 16176 80
384 16272 -32
384 16272 144
352 16224 144
352 16192 144
400 16224 144
496 16208 64
480 16240 -256
416 16208 0
416 16208 -64
496 16224 -64
480 16240 256
432 16128 160
576 16256 208
576 16336 176
528 16336 -48
528 16256 64
544 16272 64
432 16256 112
288 16256 112
384 16272 304
352 16192 320
352 16240 80
368 16240 80
368 16240 384
464 16224 272
448 16304 48
448 16224 -256
432 16256 -80
528 16240 112
528 16224 272
512 16128 368
512 16256 160
512 16256 160
336 16256 128
352 16272 96
448 16272 -16
464 16224 128
496 16128 0
496 16128 208
608 16176 208
560 16160 544
544 16192 336
432 16160 272
464 16144 176
464 16208 144
448 16208 144
400 16192 16
464 16224 -80
496 16128 0
320 16144 -16
352 16176 48
352 16224 32
288 16224 80
336 16224 256
400 16128 256
512 16192 176
416 16192 368
384 16224 288
384 16160 336
352 16160 0
336 16096 0
368 16144 -32
432 16128 -160
528 16112 -160
560 16128 -96
560 16176 112
464 16176 112
448 16192 240
528 16272 80
480 16272 -96
416 16256 208
528 16176 112
416 16160 320
320 16176 288
320 16256 272
320 16272 32
272 16208 -48
288 16208 112
432 16208 112
496 16192 64
544 16224 96
464 16272 32
384 16272 256
416 16256 240
416 16256 224
320 16256 112
480 16192 112
512 16256 240
576 16208 240
576 16272 144
528 16272 416
448 16176 192
496 16160 64
432 16192 96
432 16240 32
464 16240 112
496 16208 112
496 16192 128
464 16224 224
448 16224 176
480 16160 144
432 16208 144
432 16208 336
480 16144 160
448 16176 160
432 16096 464
352 16176 672
432 16224 528
368 16240 352
496 16288 368
496 16288 224
528 16288 64
464 16240 64
560 16208 160
608 16192 160
592 16208 144
544 16176 112
544 16208 240
480 16208 240
448 16176 304
352 16208 304
320 16320 128
336 16288 128
464 16288 64
416 16240 128
416 16272 208
464 16272 208
400 16224 256
432 16176 176
432 16160 80
512 16144 80
416 16256 64
464 16240 128
480 16256 -48
448 16336 -48
672 16224 208
624 16288 112
624 16240 224
544 16240 224
672 16272 128
544 16240 128
416 16240 144
352 16176 96
208 16176 16
528 16224 32
480 16192 208
336 16144 96
400 16192 128
400 16144 96
400 16144 96
320 16192 112
448 16192 112
448 16160 -192
464 16224 -96
352 16144 144
448 16128 80
304 16208 240
576 16240 80
576 16240 240
640 16176 240
640 16176 96
480 16208 112
416 16160 96
384 16160 -288
352 16208 -16
352 16256 48
528 16224 96
496 16224 96
496 16224 96
464 16224 -208
544 16224 -208
464 16176 -32
304 16144 -16
320 16128 304
