startup(x,y,z):(640,16192,208)
704 16336 1248
928 16400 1344
784 16544 1264
720 16576 1264
720 16576 1344
880 16608 1344
752 16544 1328
1040 16992 1424
976 17264 2112
1936 18784 1600
-2384 17632 3840
-3520 16512 -1088
384 12992 -1088
432 12560 656
1536 13232 -128
1312 14816 736
1152 15376 960
1152 15840 1264
816 16080 1360
128 16080 1264
-96 16320 1648
-112 16320 2016
32 16560 1648
336 16208 1648
832 16160 1584
704 16080 2000
560 16272 1616
144 16480 1776
16 16144 1536
16 16000 1440
384 16000 1440
544 16000 1824
944 15952 1808
1248 15920 1760
736 15920 2240
1136 16224 2240
1488 16688 3248
-1792 17344 2224
-640 18544 3856
1904 21168 4928
2784 25984 3408
2784 24208 5840
4448 28432 -1488
1584 17264 -4528
-688 12880 -4256
-1392 13568 -2080
-1008 14848 1104
-672 15392 2688
-80 15744 3328
112 15904 3296
-128 16000 2816
-128 16000 2496
-80 15920 2496
-560 15472 2480
-640 15920 1824
-768 15792 1824
-640 15584 2224
-640 15584 2592
-944 14768 3120
-528 14816 3120
-256 15536 2704
0 15856 3152
560 16048 3504
944 18032 4096
352 24496 3104
-1440 28576 736
-2736 27376 1760
-2864 24944 3408
-1744 21856 5040
-144 19280 5264
1040 17216 4560
1312 15648 3360
960 14672 2112
272 14176 944
-736 13840 208
-736 13600 -128
-1456 13312 -192
-2192 13312 96
-3152 13408 96
-3904 13616 208
-4688 13648 320
-5200 13632 336
-5520 13648 208
-6096 13600 576
-6048 13520 576
-5760 13360 528
-5280 13232 720
-4688 13088 672
-4352 12896 544
-4352 12896 432
-3968 12688 560
-4112 12480 560
-4256 12496 704
-4608 12384 704
-6864 11696 1072
-6048 12448 192
-5696 12448 192
-4688 12592 -1424
-4224 12688 -1632
-4224 12288 -1600
-4608 11936 1024
-5840 11936 720
-5296 12432 720
-6480 12448 1888
-6096 12560 1072
-6256 12608 1008
-6480 12848 1104
-6528 13104 912
-6752 13488 960
-6672 13936 976
-6672 14288 1040
-6576 14544 992
-6416 14544 896
-6288 14752 896
-6144 14720 640
-5808 14688 208
-5872 14592 528
-6096 14352 736
-6384 14176 736
-6656 14096 512
-6784 14000 -64
-6928 13968 -720
-6928 13824 -880
-6960 13648 -976
-6976 13328 -848
-6736 13232 -672
-6384 13296 -912
-6256 13184 -1168
-6032 13024 -1536
-6032 13024 -1952
-5872 12944 -1952
-5856 13008 -2176
-5984 13168 -2240
-5952 13536 -2368
-5952 14192 -2256
-6000 14880 -2016
-6000 15552 -2192
-6144 15936 -2448
-6448 15872 -2464
-6288 15712 -2768
-6288 15232 -2896
-6000 14576 -3264
-5616 14576 -3776
-5552 14176 -3632
-5408 13776 -3712
-5344 13536 -3472
-5408 13408 -3616
-5696 13376 -3776
-5984 13296 -4112
-6000 13504 -4560
-6000 13872 -4704
-6192 14496 -4400
-6352 15424 -4224
-6752 15424 -4480
-6816 16208 -4432
-6656 16560 -4656
-6176 16352 -4800
-5792 15632 -5424
-5632 14816 -5536
-5424 14176 -5648
-5712 13824 -5792
-5744 13840 -6256
-6016 14016 -6384
-6016 14080 -6672
-5952 14080 -7056
-5888 13952 -7056
-5984 13728 -7152
-6080 13488 -7088
-6080 13344 -7184
-6096 13280 -7728
-6320 13200 -7904
-6448 13264 -8064
-6704 13248 -8352
-6976 13152 -7952
-6960 13072 -8208
-6784 12912 -8256
-6752 12784 -8032
-6400 12864 -7904
-6400 13136 -7552
-6144 13136 -7584
-5728 13440 -7584
-5232 13696 -7648
-4976 13600 -7824
-4960 13504 -7744
-4960 13504 -7744
-4928 13344 -7744
-5072 13232 -7568
-5232 13104 -7360
-5360 13008 -7632
-5408 12960 -7392
-5504 12912 -7360
-5504 12944 -7312
-5392 13024 -7232
-5184 13136 -7168
-4928 13136 -7200
-4944 13136 -6928
-4880 13168 -7040
-4880 13184 -7040
-4784 13264 -7024
-4752 13216 -6752
-4848 13184 -6720
-4960 13136 -6560
-4960 13120 -6928
-5056 13120 -7152
-5232 13136 -7136
-5312 13136 -7072
-5408 13072 -7072
-5472 13008 -7008
-5312 13024 -6928
-5360 12992 -7280
-5440 13040 -7584
-5392 13136 -7584
-5344 13040 -7344
-5472 13040 -7216
-5456 12992 -7008
-5264 12992 -7008
-4960 13072 -7008
-4784 13136 -6864
-4464 13264 -7120
-4336 13408 -6976
-4304 13392 -6992
-4208 13440 -6816
-4208 13440 -6720
-4320 13392 -6720
-4464 13472 -6720
-4592 13440 -6816
-4816 13408 -7168
-4928 13376 -7536
-5152 13344 -7776
-5536 13232 -7632
-5520 13072 -7616
-5520 13008 -7632
-5536 12912 -7440
-5536 12912 -7040
-5520 12816 -7184
-5392 12752 -7216
-5392 12928 -7408
-5184 12928 -7360
-4960 12960 -7488
-4736 13024 -7488
-4768 13056 -7328
-4656 13216 -7552
-4608 13200 -7472
-4512 13280 -7216
-4368 13280 -7200
-4400 13312 -7264
-4400 13280 -7280
-4304 13296 -7152
-4416 13392 -7392
-4416 13520 -7264
-4848 13600 -6944
-5040 13568 -7232
-5248 13600 -7424
-5248 13456 -7056
-5472 13456 -7072
-5552 13376 -7264
-5568 13312 -7264
-5424 13184 -7264
-5104 13120 -7024
-4768 13168 -7024
-4304 13248 -6896
-4016 13392 -6640
-3936 13488 -6672
-3920 13568 -6736
-3920 13568 -6992
-3760 13552 -7024
-3648 13712 -6944
-3776 13952 -6928
-3760 13936 -6928
-4016 14096 -6928
-4400 14240 -7056
-4720 14256 -7264
-4768 14320 -6928
-4768 14256 -7024
-4928 14256 -7008
-5104 14176 -7008
-5344 14112 -6784
-5456 14064 -6880
-5344 13984 -6736
-5312 13888 -6736
-5296 13744 -6768
-5136 13696 -6672
-5120 13792 -6768
-4640 13760 -6688
-4320 13792 -6800
-4464 13840 -6688
-4176 13824 -6880
-4112 14048 -6656
-4096 14336 -6560
-4064 14640 -5968
-4416 15040 -5840
-4480 15088 -5600
-4304 15184 -5520
-4336 14928 -5552
-4336 14656 -5504
-4336 14656 -5552
-4320 14480 -5456
-4448 14384 -5456
-4464 14288 -5520
-4480 14256 -5328
-4368 14400 -5248
-4384 14352 -5408
-4336 14288 -5296
-4480 14192 -5168
-4480 14192 -4960
-4560 14304 -4960
-4624 14384 -4848
-4800 14432 -4848
-4592 14368 -4944
-4368 14256 -4864
-3856 14192 -3920
-4000 14624 -3568
-3824 14976 -3072
-3584 15232 -2832
-3584 15312 -2560
-3568 15168 -2416
-3568 14992 -2480
-3568 14896 -2768
-3520 14896 -2656
-3408 14736 -2656
-3424 14720 -2480
-3552 14720 -2400
-3616 14816 -1968
-3728 15024 -1968
-3536 15296 -1744
-3472 15552 -1520
-3280 15888 -1184
-3104 16080 -1168
-3024 16320 -1024
-3040 16368 -752
-3072 16464 -992
-2992 16416 -688
-2912 16352 -592
-2912 16208 -816
-2704 16208 -688
-2368 15856 -512
-2208 15728 -256
-2000 15488 -240
-1696 15408 -240
-1632 15168 -208
-1648 15056 -192
-1952 14928 48
-2016 14928 48
-1984 15008 -48
-2096 15120 144
-2032 15344 128
-2032 15744 192
-2032 16016 352
-2080 16016 368
-2176 16304 752
-2384 16384 816
-2560 16416 1008
-2416 16416 1264
-2304 16400 1520
-2000 16272 1520
-1488 16192 1744
-1072 16080 2048
-768 15952 2336
-448 15824 2208
-448 15792 2256
-480 15776 1808
-1024 15824 1504
-1520 15872 1216
-1520 15872 1344
-1744 15776 1392
-2080 15776 1392
-2352 15776 1648
-2416 15696 1632
-2128 15568 1600
-1984 15520 1488
-1728 15456 1648
-1728 15456 1776
-1424 15360 1696
-1056 15216 1888
-608 15120 2032
-608 15120 2112
-224 15072 2112
-16 15168 2176
-80 15248 2352
-96 15072 2528
-96 15104 2864
-448 15232 2784
-304 15232 3088
-256 15200 3088
-160 15344 3200
-128 15488 3376
-48 15520 3680
208 15488 3536
208 15568 3504
288 15568 3504
256 15504 3408
-176 15488 3008
-336 15984 3840
-224 16208 3088
-224 16256 2976
-112 16288 3344
144 16288 3728
144 16384 3680
272 16480 3488
480 16528 3488
544 16560 3808
432 16448 3872
176 16208 4128
176 16144 3904
176 16144 1376
304 15904 1376
-112 16064 1568
-592 16112 2208
-720 16112 2528
-560 16112 3008
-560 16032 3328
-240 16032 3536
112 15952 3536
352 15936 3600
656 15616 3584
800 15472 3888
976 15312 3888
976 15312 3904
688 15712 3360
960 15808 3344
880 15344 3056
720 14864 2592
336 14592 2288
-128 15072 3328
-128 14576 2640
-192 14576 2640
-656 15008 2960
-704 15056 3056
-240 15248 3296
-464 15312 3808
-464 15312 4512
-880 15744 4512
-928 16288 4544
-544 15616 3648
-992 15616 3920
-1296 15008 3664
-2000 14976 3856
-2000 15232 3328
-2400 15328 3328
-2416 15632 3552
-1984 15568 3792
-1728 15600 3744
-1600 15648 3696
-1472 15088 4208
-1472 14272 4320
-1808 14272 4016
-1952 14464 4016
-1904 14656 3728
-1856 14736 3568
-1680 14528 3552
-1600 13280 3776
-1360 13312 2960
-1360 13312 2464
-1136 13408 2464
-1184 13440 1920
-1872 13456 1344
-2480 13472 848
-2624 13856 1584
-2704 13984 4848
-2704 13984 4688
-2448 14704 2912
-2704 15152 2912
-2384 15328 2192
-2016 15552 4144
-1760 15824 5392
-1520 15504 5216
-1520 15984 3184
-1376 16304 3376
-1664 16304 3376
-1840 16512 3568
-1488 16144 3760
-1072 15088 5424
-768 16608 -1168
-768 18912 -4016
-464 18704 -4016
-576 16704 -1536
-2208 14544 12960
2000 23600 8848
848 25632 6656
-736 19936 6048
-1568 16640 5376
-1376 16640 4352
-560 16368 4416
-208 15584 2752
-256 14976 2128
-144 15104 2080
-144 15072 2352
-480 15072 2704
-1104 15088 2704
-1296 15408 2848
2112 15120 6656
1600 15312 7120
752 15696 5040
-272 15648 4368
-896 15040 3888
-896 15312 3424
-816 17600 4992
4096 14624 5056
192 15440 4128
-432 15440 4128
-736 15776 3360
-608 15920 3104
-384 15776 3024
-416 15712 3056
-576 15696 3312
-464 15728 3392
-528 15680 3632
-528 15776 3680
-656 15776 3680
-624 15872 3696
-576 15936 3584
-432 15936 3632
