startup(x,y,z):(-112,15984,576)
912 15712 176
272 15072 1520
512 15120 2992
160 16064 704
-112 16592 -352
-224 16848 -176
-224 16848 -1104
-672 16672 -1104
-368 16448 -1200
-192 16384 624
-48 16032 768
-80 16144 1104
-192 16176 560
-192 16176 -48
-240 16048 -48
-144 16080 288
-112 16016 16
-48 16064 176
-160 16048 512
-112 16064 720
-112 16000 592
-16 16000 368
-80 15984 368
0 16032 128
-112 16048 32
-48 16064 160
-48 16096 320
-144 16096 528
-144 16048 720
-48 16048 592
-160 16096 592
-96 16064 464
144 15984 240
-32 16032 368
-32 16032 592
-256 16048 704
-272 16032 704
-144 16064 544
-176 16032 144
0 16016 288
-128 16048 400
-336 15984 560
-336 15952 560
-112 15952 416
-240 16016 416
-160 16048 240
16 15936 208
-160 16048 432
-112 16032 208
-112 16032 464
-128 16064 464
-240 16080 384
-208 15984 384
-192 16048 336
-128 16096 272
-192 16016 304
-192 16064 208
48 16000 544
48 16016 432
48 16016 528
-80 16000 528
-80 15984 448
-96 15904 256
-192 15920 224
-160 16048 160
-144 16000 336
-144 16032 320
-208 16032 320
-304 16064 544
-160 15984 640
-112 16064 608
-144 15984 816
-144 16032 736
-144 16032 416
-128 16016 400
-32 16000 496
-48 15920 496
80 15968 496
16 15968 448
-80 16048 368
-80 16080 384
-160 16080 384
-224 16096 208
-16 16096 320
0 16032 416
-112 16048 672
-80 16048 640
-80 16032 608
-64 16048 512
64 16048 512
-192 16016 400
-80 16048 464
-32 16032 352
-176 16000 288
-176 15920 128
-48 15920 208
16 15984 208
16 15952 272
0 16096 272
-48 16096 400
-32 16016 464
-112 16064 432
-112 16064 496
-48 16016 608
-64 16048 608
0 15968 624
16 15952 752
-144 16048 672
-128 16064 608
-144 16064 512
-272 16080 400
-272 16080 544
-288 16096 544
-368 15952 608
-288 16032 560
-240 16000 400
-48 16016 496
-48 16016 480
-112 15952 480
-128 15904 480
-144 15920 432
-112 15952 432
32 15984 400
-128 16032 496
-128 16096 368
-128 16096 560
-80 16000 560
-32 16080 656
16 16000 576
128 15984 736
128 15904 480
144 15904 544
80 16048 272
80 16048 288
16 16096 288
64 16032 272
-48 16032 432
-64 16080 784
-64 16064 960
-160 16064 960
-192 16096 720
-64 16080 784
-112 16112 672
-64 16112 528
-192 16160 416
-64 16032 400
32 16000 464
32 16000 608
-96 16016 608
-304 16064 768
-416 16048 784
-304 16000 704
-112 16096 560
-112 16016 608
-112 16016 640
-112 16048 640
-96 16048 384
-224 16080 384
-208 16112 336
-144 16112 336
-192 16048 464
-192 16000 448
-144 16000 448
-240 16016 464
-224 16048 448
-128 16032 256
-16 16064 288
-16 16016 320
-64 16016 384
-64 16000 416
160 16000 416
-176 16080 512
-192 16032 624
-96 16096 608
-96 16064 688
-176 16064 480
-64 16000 480
-176 16000 368
-144 15904 384
-208 15968 416
-288 16080 560
-208 16096 464
-208 16048 576
-144 16048 400
-48 16048 400
-160 16016 384
-240 16080 592
-192 16048 384
-192 16016 448
-32 16016 448
-240 16048 416
-256 16000 416
-128 15920 256
-48 15968 608
0 15984 576
0 15968 384
-48 15968 240
-32 16016 240
-32 16048 80
16 16064 416
-128 15936 624
-160 16000 464
-112 16000 528
-80 16016 544
-80 16000 720
-112 16000 720
48 16080 480
-96 16048 528
-80 16080 528
-80 16128 544
-192 16080 192
-144 16080 192
112 16128 48
176 16080 160
-80 16080 432
-32 16112 512
-80 16032 192
-112 15984 288
-112 15984 160
-96 16000 160
-160 15968 416
-80 15936 112
-176 16016 352
-128 16032 384
-128 16032 528
-256 16032 432
-288 16032 560
-112 16032 560
0 15968 560
-32 16032 528
32 15968 352
-16 16000 528
-16 15936 512
16 16032 384
-160 16032 384
-240 16096 272
-224 16112 416
-224 16080 496
-128 16032 656
-80 16048 432
-96 15952 384
-96 15952 224
80 16016 224
-48 16064 256
48 15984 400
112 15984 464
-96 16032 320
-80 15984 112
-80 16048 176
-144 16032 288
-144 15952 384
-80 15952 560
80 15904 560
80 15968 656
-16 15968 560
-144 16000 720
-144 15936 688
-16 15936 736
-16 15968 736
16 16048 640
0 16032 608
-80 15984 368
-128 16016 544
-64 16016 464
-64 16016 592
32 15968 592
-32 16080 544
-176 15984 768
-32 15984 656
-64 16048 528
-64 16048 496
112 16016 496
-32 16128 -176
-64 16080 48
-64 16080 48
-112 16080 368
-240 16128 464
-176 16112 528
-176 16128 384
-128 16128 384
-176 16080 336
-96 16080 576
-80 16144 544
-128 16080 592
-160 16032 624
-112 16016 624
-112 16064 592
0 16064 848
-96 16032 800
-16 15920 720
-80 15936 752
-208 16016 768
-128 16000 640
-128 15968 496
-192 15968 496
-352 16000 848
-336 16048 320
-304 16096 320
-192 16032 288
-176 15984 608
-240 16032 560
-240 16032 496
-224 15968 496
-192 15936 416
-176 16000 384
-224 16048 544
-192 16128 464
-192 16096 640
-144 16096 624
-144 16096 560
-112 16080 560
-160 16016 480
-160 16080 288
-80 15984 352
-80 16048 480
-224 16048 288
-96 16048 320
-48 16016 672
-80 16096 640
-80 16016 544
-320 16080 512
-240 16048 400
-240 16064 576
-160 16064 400
-64 15984 400
-16 16032 320
0 16016 192
-240 16016 384
-240 16016 528
-160 16016 368
-336 16064 400
-304 16080 288
-144 16112 288
-192 16048 192
-96 16000 352
-32 15920 304
-80 15984 432
-80 16000 416
-16 16000 592
-208 16016 592
-240 16096 416
-32 16080 400
-16 16064 544
-192 16064 480
-48 16064 224
-48 16032 336
-80 16032 256
-80 16032 256
-16 16064 592
-208 16112 656
-96 16112 592
-96 16064 288
-64 16064 288
-48 16064 304
-80 16064 720
-32 16064 720
-16 16080 528
-64 16064 688
208 16032 592
208 16032 320
0 16032 320
-224 16064 496
-48 16112 496
-192 16208 480
-144 16144 320
-112 16128 448
-144 16080 528
-144 16016 496
-80 16016 368
-32 16064 368
-352 16032 416
-96 15968 336
-176 15984 448
-208 15904 400
-208 15904 352
-128 16032 352
-144 16048 432
-16 16048 368
-32 16016 464
-48 16080 432
32 16096 544
32 16112 592
-32 16112 592
-224 16096 592
-288 16144 640
-64 16112 528
-224 15952 496
-80 15904 480
-32 15984 432
-96 16080 624
-144 16048 592
-144 16048 624
-96 15904 624
-48 15952 256
-32 16000 368
-80 15968 432
-80 16016 336
80 16016 336
32 16000 336
-80 16064 416
-176 15968 544
-96 15968 704
-224 16048 272
-128 16080 368
-128 16080 432
-80 16064 432
16 16032 448
96 15984 416
-208 16000 368
-128 16064 480
-128 16032 416
-144 16032 416
-112 16016 416
-224 16048 656
-64 16080 544
-176 16096 896
64 16016 656
32 16000 656
32 15984 656
-32 15984 656
16 15952 512
32 15952 480
-144 16000 384
32 16016 368
-80 16048 480
32 16064 784
32 16064 544
-160 16032 544
-64 16064 416
80 15968 336
-32 16048 336
0 16048 496
16 16064 512
-160 16016 544
-320 16176 496
-240 16128 592
-64 16144 496
-272 16160 656
-240 16016 720
-240 16080 512
-208 16080 368
-192 16096 368
-192 16048 544
-96 16032 640
-176 16112 672
-48 16064 416
-48 16144 672
-112 16128 608
-112 16080 560
-256 16080 560
-464 16112 592
-336 16064 672
-352 16064 704
-160 16032 464
-160 16000 352
-16 16000 96
-16 16048 160
0 16032 368
0 16000 416
-80 16048 528
-64 15968 480
-48 15984 496
-16 15904 640
-16 15904 368
-128 15968 368
-64 15888 96
-208 16080 256
-368 16080 368
-224 16096 464
-224 16160 560
-160 16128 432
-160 16112 496
-160 16112 496
-256 16064 848
-224 16064 752
32 16048 464
-32 16016 640
-32 16048 560
-32 16048 608
-144 16048 464
0 16064 464
-48 15984 560
-16 16048 480
-16 16000 432
-96 16000 624
-96 15952 480
-96 15952 352
-80 16080 352
-160 16032 256
-112 15984 208
16 15968 288
-192 15952 496
-192 15936 496
-32 16000 400
-112 16000 464
-32 16000 464
-320 15984 480
-160 15904 480
-128 15952 336
-192 16080 352
-192 16080 400
-240 16096 384
-240 15984 384
-96 16032 192
-32 15984 96
-64 15952 224
-96 16016 368
-64 16048 480
-64 16048 624
-192 16032 624
-32 15984 416
-80 16080 176
