startup(x,y,z):(0,16080,464)
-1232 15552 1648
-288 15792 2896
960 17664 480
784 16960 -2272
288 16064 -720
288 16064 -1424
144 16240 -1584
240 16096 -1584
176 15552 1088
-128 15616 1136
-128 15904 1024
-272 15920 1056
-192 16128 320
-192 15984 -160
-32 15984 -160
128 15984 496
-16 16080 288
-80 15952 480
-160 16048 768
-160 16016 448
-224 16016 448
-80 16048 464
-64 16096 560
-208 16032 400
-80 16080 192
48 16048 432
48 16048 544
80 16064 544
0 16112 640
-64 16016 544
64 16032 512
96 16080 336
96 16112 480
-16 16064 320
-64 16064 544
-128 15984 544
-240 16000 656
-208 16080 608
-96 16128 272
-96 16144 400
-128 16144 384
-112 16080 256
16 16080 416
0 16032 416
-16 16016 304
-176 15984 224
-272 16016 336
48 16032 544
0 16048 368
0 16048 464
-192 16032 464
-112 16016 496
-48 15968 704
48 15968 624
48 16032 688
-64 16032 544
-64 16016 544
16 16048 336
32 16016 336
-192 15984 320
-192 16064 512
-32 16096 432
-32 16096 336
0 15984 336
-48 16048 256
0 15936 448
-112 16064 352
-160 16080 416
-160 16112 448
-208 16112 560
-208 16048 160
-80 16048 160
-80 16112 544
80 16080 480
0 16080 480
0 16064 512
-112 16064 432
-160 16064 432
-240 16048 512
-64 15968 496
-192 16016 496
-64 16016 304
-192 16064 400
-448 16064 608
-272 16064 592
-208 16080 592
-208 16080 448
-160 16000 432
-144 15984 160
-176 16160 384
-176 16160 208
-224 16192 208
-256 16128 288
-176 16096 640
-96 16016 656
-144 16080 480
-144 16080 576
-96 16032 576
-208 16048 544
-192 16112 592
-160 16112 608
-160 16096 496
-80 16096 496
-128 16080 496
-48 16064 592
-144 16048 512
-96 16112 640
-96 16160 320
-128 16160 320
-96 16128 352
-144 16160 352
-96 16080 480
-96 16096 400
-16 16080 464
-48 16080 432
16 16096 432
-16 16032 496
-32 16000 336
-144 16112 608
-32 16160 256
-64 16112 352
-64 16112 560
-160 16080 560
0 16080 544
-64 16064 240
128 16064 384
128 16016 416
128 16016 416
-80 16096 640
-160 16128 432
-240 16080 384
-208 16064 496
-256 16144 704
-64 16048 688
-64 16048 592
-16 16048 656
96 15984 704
112 16000 704
-96 16016 608
-112 16000 576
-64 15984 352
-48 16064 432
-240 16064 560
-240 16064 656
-80 15968 656
-80 16064 592
-128 16032 144
-272 16064 368
-192 16112 416
-192 16112 432
-160 16064 432
-224 16064 544
-192 16000 224
-80 16048 240
16 15936 416
-96 16064 544
-144 16128 512
-144 16128 608
-80 16048 608
-96 16096 496
-32 16128 336
-144 16064 272
-144 16032 512
-176 15984 496
-256 16016 560
-256 16016 656
-144 16000 656
64 16016 416
-112 16000 400
-48 15968 496
-48 15968 704
-224 16000 544
-272 16144 544
-160 16096 624
-160 16064 576
-160 16112 448
-32 16080 224
48 16096 256
-16 16032 256
-16 16032 416
0 16048 416
-32 16048 480
-80 16080 656
-128 16112 480
-144 16032 320
-144 16080 208
-208 16064 432
-144 16048 416
-112 16032 384
-112 16048 192
-64 16048 192
-256 16032 608
-368 16064 736
-224 15984 784
-128 16064 672
-128 16000 576
-80 16000 576
-96 16032 384
0 16064 256
-144 16064 560
112 16064 560
128 16064 576
176 16000 400
128 16000 400
128 16000 352
144 15984 352
0 16048 272
16 16064 288
176 16080 256
32 16048 192
-80 16032 272
112 16032 256
112 16064 256
-16 16064 0
96 16000 80
64 15952 112
-96 16032 304
48 16016 368
48 15968 416
144 15968 416
-80 16000 560
-176 16048 448
-176 16064 592
-128 16064 592
-112 16144 544
-48 16048 480
-144 16112 592
-144 16112 576
-160 15984 576
-96 16016 288
-192 16080 480
-64 16048 240
-32 16128 256
-80 16112 368
0 16112 320
-96 16112 464
-96 16016 448
-112 16016 448
-32 16000 288
-112 16080 496
-112 16096 112
-112 16032 272
-112 16032 288
-64 16000 288
-32 15968 368
16 15968 368
32 16032 432
-144 16032 496
-224 16064 480
-224 16000 544
-128 16000 544
-288 16016 544
-144 16016 304
-96 15968 432
-16 15952 608
-16 15984 560
-32 15984 608
-208 16080 496
-192 16080 672
-80 16096 624
32 16144 416
-80 16160 400
-80 16160 384
-48 16112 384
-32 16112 448
-176 16080 400
-16 16096 64
-96 16112 352
-112 16048 304
-96 16048 400
-96 16016 304
48 16016 304
-96 16016 336
0 16032 192
-96 15952 592
-256 16064 496
-224 16032 512
-224 16000 528
-224 16000 416
32 15952 416
16 15968 304
-32 15968 304
-64 16096 432
112 16032 544
144 16096 448
144 16096 416
16 16096 416
-96 16032 336
-128 16144 304
-128 16080 240
-160 16016 128
-272 16064 288
-208 16080 288
-208 16064 656
-224 16064 656
-144 16000 592
-160 16048 640
-16 15952 640
-16 16000 640
-208 16000 640
-64 16016 464
-208 15984 512
-272 16016 624
-96 16080 688
-128 16016 592
-32 15968 704
-80 16048 624
-80 16048 608
-192 16128 608
-208 16112 512
-288 16128 512
-288 16112 608
-288 16080 496
-208 16080 496
-80 16064 544
-112 16096 560
-32 16000 576
-80 16048 400
-48 16048 656
-80 16048 800
-80 16080 672
-96 16080 672
-144 16016 800
-304 15984 800
-64 16016 448
-16 16064 464
-64 16128 624
-96 16064 528
-112 16048 464
-112 16128 448
-112 16128 576
-176 16032 576
-192 16096 640
-144 16096 656
-80 16032 704
-80 16080 656
-96 16080 656
-112 16016 400
-128 16032 496
48 16000 512
-64 16000 432
-32 16016 608
160 16000 496
96 15968 496
96 15968 656
-48 15968 656
-64 16048 624
-240 16048 528
-176 16016 608
-112 16000 640
-128 16096 608
144 16064 496
144 16016 384
192 16016 384
-16 15984 704
32 16064 304
-16 16096 448
-128 16096 384
-128 16096 256
32 16096 256
-64 16112 416
-128 16064 560
16 15984 368
-64 16064 496
-112 16128 512
0 16192 368
0 16192 224
-64 16064 224
96 16048 448
-32 16000 576
-112 16016 592
-96 15952 640
-144 15904 416
32 15888 448
0 15952 432
-48 16032 368
-48 16016 704
-96 16064 464
-272 16096 416
-208 16048 416
-160 16080 320
-160 16080 144
-176 16064 144
-144 16016 336
-144 16000 384
-128 16032 480
-192 16080 592
-160 16112 128
-160 16144 -80
-64 16144 -80
-64 16064 16
0 15984 272
32 15968 608
112 15968 432
112 16128 512
16 16128 560
-64 16096 496
32 16048 384
96 16048 384
-80 16112 544
0 16112 352
-256 16032 384
-256 16032 416
-112 16032 416
48 16032 496
176 15984 448
48 16032 624
-48 16032 480
-16 16016 592
-32 16096 608
-32 16016 512
48 16016 512
-64 16016 464
-16 16032 368
-80 15968 288
-112 16016 208
-16 16064 368
-16 16064 272
-144 16176 272
-160 16080 240
-96 16096 368
-64 16096 368
-192 16112 336
-144 16144 304
-192 16080 224
-192 16080 512
-176 16064 512
-64 16064 256
0 16016 160
-80 16016 336
-80 16016 384
-112 16080 400
-48 16032 608
-48 16064 656
-192 16064 720
-272 16016 720
-128 16080 400
-208 16112 576
-96 16048 624
-96 16048 544
-16 16048 544
-16 16064 512
-80 16064 224
32 16080 512
-128 16112 448
-48 16016 112
-64 16016 368
-64 16016 320
-96 16160 320
-80 16080 416
-96 16144 272
-80 16112 432
-80 16032 528
80 16032 528
16 15968 544
64 15984 496
-16 16096 640
64 16064 560
-80 16112 464
-208 16064 448
-208 16064 416
-128 15984 416
-144 15984 416
-80 16240 512
-224 16128 512
-288 16064 608
-160 16016 464
-208 16080 272
-16 16064 336
-192 15984 592
-192 16112 496
-160 16112 496
-128 16144 464
-80 16144 400
-160 16080 544
-16 16112 544
-16 16112 368
-112 16144 368
-112 16144 464
-128 16112 464
-48 16048 512
-48 16016 432
-16 16000 352
-16 16016 128
-64 16016 256
48 15952 256
16 15968 272
16 16048 352
-64 16128 416
-64 16160 640
-288 16128 608
-192 16096 176
-32 16096 176
-16 16048 176
-96 16176 576
-96 16112 656
-16 16112 656
-128 16128 592
-32 16160 480
112 16096 272
32 16112 320
-64 16096 368
-64 16096 416
-80 16016 560
-80 16016 608
-112 16048 608
-64 16016 496
-80 16096 400
-96 16032 304
-32 16032 400
-144 16048 448
-96 15984 496
