startup(x,y,z):(496,16224,192)
-368 16256 8848
-176 16368 6848
480 16368 6848
1680 15856 2016
2640 16016 -1728
2176 15920 -3776
1040 16128 -5968
-2048 16400 -6144
688 15680 -7312
1152 16080 -7088
1152 16096 -7856
1408 16096 -8480
1328 15888 -9280
1840 16048 -9280
1760 16080 -9840
1744 16144 -9120
1808 16096 -7488
1488 16240 -5280
672 16384 -3712
240 16480 -2400
240 16432 -1056
176 16432 480
-816 16320 480
-1376 16400 624
-1264 16432 1232
-1008 16288 2192
-656 16272 2944
-656 16288 2992
624 16240 3168
992 15984 3584
992 16208 3920
944 16208 3856
768 16240 3856
1280 16080 4224
1248 16000 4448
1024 15872 4048
800 15920 3552
800 15968 3040
336 15968 2992
192 16208 2544
432 16208 2080
432 16256 2080
416 16304 1184
352 16288 -352
512 16288 -992
448 16240 -960
384 16224 -1120
320 16288 -1296
416 16224 -1568
448 16192 -1408
448 16160 -1488
976 16160 -1728
848 16160 -1632
672 16192 -1360
592 16144 -928
592 16208 -640
272 16208 -640
208 16160 336
336 16192 336
480 16208 592
368 16288 752
224 16272 880
464 16224 992
432 16128 944
272 16160 896
288 16208 928
368 16224 784
368 16224 624
400 16112 624
432 16160 -336
320 16272 -528
320 16272 -848
368 16288 -688
288 16304 -688
320 16256 -688
400 16224 -400
512 16224 -224
432 16256 -224
448 16304 -144
688 16240 64
688 16176 368
592 16192 544
400 16272 576
400 16304 480
464 16208 352
496 16192 192
496 16192 -96
272 16176 -240
416 16176 -96
512 16160 -336
432 16176 -336
448 16224 -448
496 16272 -448
464 16272 -272
384 16224 16
336 16256 48
336 16256 256
320 16256 352
432 16192 352
400 16192 768
416 16192 400
448 16224 624
400 16240 576
352 16240 528
416 16320 512
384 16176 368
304 16176 336
272 16176 336
416 16128 208
368 16144 48
368 16176 16
352 16144 -80
592 16224 -272
672 16256 -144
608 16208 -288
608 16192 -208
512 16208 -48
448 16208 176
528 16160 176
480 16224 304
352 16144 432
432 16224 608
352 16192 736
576 16208 352
448 16256 304
304 16176 80
432 16192 -112
256 16208 -16
256 16144 16
240 16144 -112
336 16128 -112
320 16144 -288
240 16160 -144
384 16160 -80
496 16240 96
448 16208 -144
384 16272 -176
384 16336 -64
432 16272 16
480 16224 272
432 16224 208
432 16176 256
400 16176 352
368 16144 352
480 16224 336
384 16208 368
400 16256 448
544 16256 288
416 16208 176
576 16240 0
592 16256 128
640 16272 64
640 16208 32
528 16208 -256
496 16208 -160
464 16240 -160
416 16224 80
416 16208 352
544 16208 208
432 16160 208
336 16240 176
464 16256 48
352 16240 240
352 16256 288
400 16256 32
432 16240 160
384 16224 352
288 16224 288
336 16272 304
384 16240 256
432 16192 256
432 16208 224
352 16176 32
432 16208 0
464 16208 -48
464 16192 -224
496 16192 -224
576 16224 -192
528 16256 -240
368 16256 -48
512 16240 -112
416 16272 -32
416 16272 -112
448 16256 -80
416 16192 80
416 16128 64
320 16128 64
528 16176 80
448 16144 272
432 16128 224
464 16160 368
464 16128 288
384 16128 272
384 16128 128
432 16160 -80
480 16240 -80
528 16144 48
464 16224 96
288 16272 160
368 16208 128
368 16192 240
480 16192 192
288 16192 320
368 16256 528
416 16224 528
448 16144 288
400 16128 144
448 16160 192
416 16176 -16
416 16144 -80
304 16144 48
448 16112 -208
368 16064 -128
400 16160 -272
480 16208 -144
512 16240 64
416 16256 128
416 16256 -96
320 16256 112
368 16192 112
384 16224 80
320 16224 -48
368 16160 0
272 16192 -128
272 16224 -32
416 16192 32
480 16224 32
288 16176 224
240 16208 224
400 16208 -144
352 16208 112
480 16224 80
480 16240 48
464 16240 48
416 16160 -64
576 16208 -176
496 16160 -64
688 16208 -32
704 16144 64
704 16240 -16
608 16240 0
576 16160 0
480 16112 80
416 16208 304
512 16208 240
432 16192 112
432 16272 -64
384 16272 80
480 16256 80
400 16288 192
496 16192 304
448 16224 192
352 16208 304
320 16144 272
320 16256 288
320 16256 288
352 16160 16
368 16192 240
368 16160 512
400 16240 192
400 16304 144
400 16256 0
480 16256 80
416 16176 80
256 16160 96
352 16192 16
416 16192 240
400 16208 512
400 16240 320
288 16240 336
96 16272 336
240 16336 320
400 16304 272
336 16240 272
368 16112 240
480 16144 224
480 16144 160
496 16160 160
336 16224 192
256 16192 160
368 16208 0
368 16240 -16
432 16240 128
320 16272 128
384 16240 96
384 16256 48
320 16224 48
256 16192 -80
448 16224 176
400 16224 224
448 16192 336
448 16176 400
464 16176 144
400 16208 16
512 16144 32
432 16192 -16
416 16288 64
416 16304 32
416 16288 128
464 16288 112
560 16256 112
416 16224 -48
384 16208 0
208 16256 192
256 16288 144
256 16240 80
480 16240 32
368 16304 32
368 16272 112
368 16256 96
384 16272 -96
400 16192 80
368 16304 176
368 16336 144
320 16336 144
288 16320 -16
384 16304 -80
416 16256 128
208 16240 64
208 16304 16
336 16304 -80
528 16288 -80
624 16256 144
512 16240 144
576 16224 224
480 16320 160
480 16256 272
400 16256 48
480 16192 48
528 16160 48
480 16208 48
480 16272 16
432 16304 -64
416 16240 -48
512 16256 0
512 16256 80
496 16304 80
464 16256 -112
320 16288 64
352 16176 128
352 16192 -48
336 16304 -80
384 16272 -128
400 16272 16
528 16304 16
544 16272 -16
496 16384 80
432 16336 32
336 16256 144
336 16272 32
256 16272 112
336 16192 112
352 16240 192
288 16192 192
336 16224 32
256 16208 32
336 16272 96
336 16240 80
384 16240 240
528 16176 240
448 16240 64
320 16192 160
576 16208 0
576 16208 -32
544 16208 -32
432 16256 -32
528 16272 96
416 16224 112
272 16224 128
352 16192 112
352 16224 16
352 16224 160
272 16160 160
320 16240 -256
368 16240 -336
288 16256 160
288 16240 112
288 16256 -48
128 16224 -16
128 16176 128
304 16176 -16
512 16224 -16
464 16224 -208
464 16224 80
480 16208 48
496 16192 240
496 16128 240
432 16128 160
592 16160 160
560 16112 112
400 16144 176
384 16208 112
400 16272 224
512 16256 80
448 16224 48
448 16224 48
288 16288 48
288 16288 128
400 16256 48
496 16224 288
448 16160 128
448 16160 -16
544 16160 0
512 16256 0
496 16288 48
384 16320 224
448 16272 -80
528 16288 0
528 16192 -64
432 16192 -64
560 16192 -192
576 16192 48
448 16192 64
464 16224 192
528 16192 160
528 16288 -48
480 16288 112
480 16240 112
544 16256 96
432 16320 160
384 16240 464
384 16272 352
512 16272 336
528 16160 336
480 16224 -160
400 16096 0
400 16112 64
416 16192 208
432 16160 256
432 16160 224
432 16160 176
480 16192 176
480 16160 160
656 16176 128
720 16240 176
720 16224 192
480 16224 208
480 16208 208
512 16288 112
336 16320 176
528 16320 192
432 16288 352
464 16176 -48
464 16272 112
352 16272 192
288 16256 192
384 16224 -272
384 16192 -144
416 16224 16
352 16208 96
352 16320 128
464 16320 160
416 16224 160
464 16192 208
480 16256 208
544 16208 80
448 16208 16
352 16176 96
352 16224 352
544 16192 160
608 16256 112
496 16256 -16
384 16240 160
192 16192 192
192 16176 160
384 16176 144
464 16208 144
688 16240 -80
432 16272 32
640 16240 16
640 16256 80
576 16304 -32
560 16304 -256
448 16208 -256
544 16160 -144
464 16208 32
352 16224 32
464 16224 240
464 16192 144
384 16192 144
464 16192 112
480 16160 144
512 16128 112
448 16224 48
384 16256 16
384 16256 -48
416 16160 -48
320 16176 64
304 16176 368
368 16192 416
352 16224 176
352 16176 192
384 16176 288
400 16160 288
288 16144 256
368 16144 128
432 16208 224
352 16224 -80
416 16208 -96
416 16256 144
400 16256 144
592 16208 128
480 16208 176
496 16208 160
384 16176 64
384 16192 208
352 16160 224
464 16160 464
432 16160 304
336 16144 304
336 16208 96
400 16208 128
