startup(x,y,z):(-176,16144,160)
-8144 15872 -7472
-5440 16816 464
-3280 16560 464
-2464 15280 1456
-1808 17040 2736
832 16400 5536
832 16176 -560
1600 16016 -1680
912 16016 2224
-208 16000 2224
-1136 15712 48
2528 16304 1840
4960 14784 -2720
8032 15056 960
8032 15056 -4096
7776 14784 -4096
4816 15344 640
1024 15488 1632
1136 15792 832
944 15600 288
496 16064 -624
496 16096 272
-544 15936 -848
-544 15936 2256
-912 16096 2256
-1376 16304 -320
-1312 16160 1312
-464 16208 -880
-464 16304 -560
-224 16304 -64
-224 16224 -64
-656 16080 0
-688 16112 1200
-528 16112 368
-400 16192 464
-32 16144 -32
-32 16224 192
-48 16224 192
-304 16240 80
-192 16176 256
-128 16240 64
-144 16176 400
-208 16176 416
-208 16176 432
-160 16176 432
-48 16192 336
-112 16160 -272
-368 16160 112
-368 16192 224
-368 16208 320
-384 16208 592
-512 16272 592
-400 16128 416
-384 16256 112
-176 16224 -240
-256 16192 80
-256 16224 240
-336 16224 416
-416 16224 352
-480 16304 352
-352 16224 304
-400 16224 128
-240 16240 96
-240 16192 240
-160 16192 240
-128 16128 -256
-160 16096 0
-256 16080 224
-240 16208 336
-256 16192 64
-352 16112 144
-384 16176 320
-384 16208 80
-304 16208 144
-288 16208 144
-176 16208 176
-160 16288 160
-208 16256 80
-176 16240 160
-176 16272 -64
-224 16272 80
-224 16176 288
-96 16176 288
-160 16192 224
-128 16208 144
-32 16128 112
-32 16112 288
-160 16112 288
-176 16112 496
-128 16192 384
-288 16176 176
-160 16080 160
-160 16080 112
-192 16176 368
-192 16176 192
-192 16272 192
-256 16176 416
-160 16208 496
-176 16224 256
-240 16160 240
-240 16128 544
-384 16160 0
-240 16160 0
-384 16112 416
-496 16160 336
-352 16000 -32
-160 16096 368
-208 16192 416
-208 16272 448
-272 16272 448
-240 16224 -96
-320 16272 -80
-256 16208 272
-256 16176 128
-304 16208 272
-320 16320 352
-256 16224 208
-256 16240 112
-400 16240 112
-400 16224 208
-336 16112 400
-288 16176 576
-288 16176 320
-240 16176 288
-368 16192 288
-400 16176 464
-368 16192 496
-352 16208 432
-288 16160 128
-288 16272 -48
-256 16272 -48
-304 16176 416
-256 16160 256
-432 16192 336
-352 16240 128
-352 16240 -64
-208 16320 -64
-192 16256 -336
-80 16176 112
-128 16192 48
-288 16208 -160
-208 16112 16
-208 16112 -64
-144 16112 -64
-208 16224 -96
-208 16208 64
-32 16112 96
-272 16176 32
-288 16192 160
-288 16192 288
-336 16288 288
-320 16272 352
-288 16192 176
-176 16096 0
-192 16192 -48
-192 16160 16
-224 16160 16
-256 16176 160
-400 16176 320
-304 16240 272
-304 16208 160
-256 16176 128
-256 16160 176
-384 16128 80
-320 16128 80
-320 16240 32
-288 16240 16
-352 16320 -128
-352 16288 48
-368 16288 48
-320 16288 48
-224 16128 128
-256 16144 64
-304 16160 304
-304 16096 64
-224 16096 128
-224 16096 224
-288 16176 224
-256 16144 208
-384 16256 432
-384 16176 672
-384 16224 336
-384 16224 208
-528 16256 208
-416 16128 176
-336 16208 368
-448 16160 512
-336 16160 160
-304 16096 208
-304 16160 112
-336 16160 112
-208 16096 208
-240 16064 320
-240 16112 304
-160 16160 192
-160 16176 128
-304 16176 256
-256 16112 256
-208 16160 128
-336 16208 192
-448 16240 224
-208 16064 208
-208 16160 336
-480 16160 368
-384 16144 368
-336 16272 144
-240 16224 64
-48 16272 -144
-80 16224 -224
-192 16192 16
-192 16176 208
-304 16192 240
-416 16192 240
-336 16176 304
-256 16272 32
-240 16288 -48
-240 16176 112
-144 16176 240
-240 16176 240
-176 16192 240
-240 16128 352
-176 16080 336
-176 16144 336
-144 16112 256
-144 16176 96
-240 16176 96
-448 16160 336
-384 16112 320
-400 16160 400
-400 16176 496
-416 16208 160
-336 16208 160
-208 16240 96
-208 16112 304
-288 16160 288
-272 16160 144
-272 16144 144
-272 16208 64
-64 16208 64
0 16224 -48
-112 16144 64
-112 16208 -48
-336 16176 128
-336 16272 320
-288 16272 16
-256 16288 16
-352 16256 128
-240 16320 240
-288 16304 176
-288 16304 144
-288 16304 384
-256 16128 384
-160 16144 256
-272 16176 32
-336 16192 -16
-288 16080 112
-288 16240 128
-336 16160 256
-304 16080 160
-304 16080 -16
-320 16240 -16
-448 16288 80
-272 16208 16
-368 16224 -48
-368 16128 112
-320 16128 288
-416 16144 288
-320 16144 176
-224 16224 32
-240 16224 -80
-304 16272 80
-256 16256 112
-256 16256 48
-192 16224 48
-240 16208 48
-288 16240 0
-384 16176 96
-384 16224 176
-448 16224 304
-400 16224 304
-352 16144 128
-352 16096 80
-448 16160 176
-432 16176 448
-432 16192 304
-304 16192 160
-368 16192 160
-448 16208 128
-512 16160 512
-480 16192 496
-320 16240 112
-320 16288 48
-272 16288 48
-256 16240 64
-48 16192 64
-16 16160 32
-64 16176 -80
-208 16112 48
-208 16112 192
-80 16144 192
-176 16272 64
-192 16224 48
-192 16224 16
-288 16160 256
-320 16112 208
-256 16144 96
-208 16208 -96
-208 16208 -64
-224 16176 -64
-336 16224 -48
-448 16192 240
-384 16256 176
-304 16160 144
-304 16192 144
-336 16192 32
-384 16128 32
-304 16256 80
-192 16256 192
-384 16192 128
-288 16176 288
-288 16208 416
-368 16208 416
-304 16144 320
-224 16160 336
-368 16128 176
-384 16272 80
-384 16256 -64
-416 16256 -144
-208 16240 -272
-272 16240 -272
-288 16192 -240
-208 16112 80
-112 16208 -32
-208 16160 -16
-224 16176 0
-224 16176 144
-304 16128 144
-304 16160 128
-240 16224 32
-224 16176 -16
-144 16304 112
-176 16240 -64
-176 16208 256
-144 16208 256
-320 16176 208
-288 16128 288
-208 16096 144
-112 16256 160
-112 16224 -64
-192 16224 144
-160 16112 112
-208 16192 112
-304 16176 192
-240 16192 288
-256 16160 512
-176 16224 32
-176 16208 192
-272 16208 48
-224 16192 48
-272 16192 192
-272 16144 -48
-80 16144 48
-192 16176 256
-192 16192 32
-160 16240 -96
-176 16192 -64
-400 16240 112
-112 16208 32
-160 16224 -112
-160 16224 -112
-288 16192 -112
-272 16192 -112
-240 16240 -16
-288 16224 96
-400 16224 112
-288 16240 192
-288 16256 176
-320 16256 176
-336 16256 160
-288 16208 384
-144 16224 -224
-128 16192 16
-128 16160 176
-288 16160 176
-288 16240 160
-272 16256 96
-272 16208 96
-192 16224 128
-256 16192 -32
-256 16256 -240
-272 16256 -240
-352 16272 -192
-320 16256 -32
-80 16272 192
-144 16272 32
-144 16240 -128
-224 16240 96
-208 16352 -176
-128 16144 -128
-288 16144 -128
-256 16128 -80
-192 16128 80
-208 16176 32
-224 16144 -16
-224 16144 208
-256 16192 208
-144 16096 208
-288 16224 112
-384 16144 96
-384 16160 -128
-336 16208 -16
-336 16208 256
-416 16288 256
-304 16304 96
-240 16208 112
-352 16256 80
-352 16160 16
-48 16160 0
-128 16144 0
-128 16192 -32
-112 16208 64
-32 16160 32
-160 16160 176
-192 16192 352
-192 16240 272
-336 16240 272
-368 16224 288
-304 16176 80
-320 16176 208
-208 16192 128
-208 16128 320
-224 16128 304
-192 16096 304
-192 16160 112
-240 16176 0
-288 16192 80
-304 16192 64
-304 16112 240
-416 16112 240
-464 16192 96
-432 16176 32
-144 16224 -48
-224 16144 -48
-224 16192 -224
-176 16192 80
-128 16176 48
-192 16208 224
-160 16208 224
-272 16176 160
-192 16224 16
-320 16256 0
-320 16256 64
-368 16256 64
-384 16240 32
-240 16240 -16
-208 16192 128
-192 16144 448
-192 16176 304
-160 16208 48
-256 16208 48
-256 16144 288
-144 16160 64
-192 16176 176
-192 16160 64
-64 16160 64
-128 16192 32
-352 16224 80
-272 16128 16
-256 16112 224
-256 16224 224
-112 16160 304
-112 16160 32
-272 16176 32
-64 16208 208
-240 16240 560
-304 16288 -32
-304 16208 160
-256 16208 48
-160 16160 48
-256 16192 -272
-96 16144 -336
368 16272 96
832 16448 480
832 16448 -352
-400 16448 144
-1184 16576 -880
-1136 15872 -48
-112 16016 96
-256 16016 -160
176 16352 -160
352 16400 0
304 16576 -560
304 16192 448
16 16224 160
-496 16368 -368
-320 16368 64
-144 16320 64
-160 16464 -528
-240 16288 80
-400 16208 32
-400 16208 720
-272 16160 720
-240 16048 256
-256 16032 320
-240 16240 336
-176 16224 -16
-176 16224 64
-128 16224 64
-256 16208 64
-112 16096 48
-128 16224 176
-128 16224 144
