startup(x,y,z):(80,16144,272)
1520 17296 -5600
512 15696 -3792
320 14016 -1072
1104 14960 -992
672 15280 16
672 16336 2448
-880 17392 2224
-880 17808 -624
608 17808 -1712
640 17808 -1712
1168 17072 240
880 16592 1040
592 16160 336
544 16096 -304
544 16416 -160
-160 16416 -160
144 16528 320
96 16256 -64
368 16160 -64
-48 16288 128
48 16224 160
240 16192 288
240 16096 368
144 16096 368
176 16064 176
160 16112 -64
256 16096 32
16 16064 192
160 16096 -160
0 16128 -48
-176 16096 144
-80 16192 128
-80 16080 304
0 16080 304
-32 16032 320
160 16064 112
240 16192 320
192 16160 384
192 16128 272
272 16128 272
160 16176 192
160 16144 208
160 16128 256
144 16128 256
0 16112 432
-32 16112 384
0 16176 160
128 16192 256
128 16144 64
0 16144 288
16 16128 288
-32 16048 432
16 16096 272
112 16192 336
128 15984 608
32 16048 928
32 16064 544
448 16064 208
48 16160 144
48 16224 416
-48 16224 288
224 16192 0
96 16160 48
16 16224 -208
16 16144 336
-48 16144 336
64 16192 272
48 16160 208
208 16144 704
192 16080 480
192 16096 256
256 16176 384
256 16176 544
208 16208 464
144 16128 256
-32 16128 256
-112 16112 368
0 16112 432
-16 16128 432
-16 16096 208
112 16096 112
-144 16128 112
-80 16176 -176
0 16144 208
64 16144 496
96 16144 400
96 16112 208
176 16112 64
176 16112 240
208 16096 240
256 16128 432
112 16128 368
32 16144 176
80 16176 176
96 16144 192
96 16144 160
128 16144 160
64 16224 208
64 16192 208
48 16272 304
16 16128 352
-32 16240 400
-32 16208 560
-48 16208 560
-16 16240 688
48 16192 320
160 16080 272
96 16144 304
96 16064 304
112 16080 256
64 16128 224
64 16128 320
112 16144 320
64 16080 224
32 16128 208
64 16176 256
80 16160 176
80 16176 0
96 16176 64
96 16176 208
192 16176 192
256 16144 0
176 16208 0
192 16320 80
160 16176 320
144 16208 208
144 16192 576
208 16192 576
224 16240 544
128 16224 64
16 16160 144
96 16160 304
64 16128 208
176 16080 112
224 16112 -80
224 16128 -64
224 16128 -64
256 16144 80
160 16160 128
64 16112 336
144 16160 224
144 16128 80
144 16128 272
16 16144 272
112 16144 192
144 16192 192
-16 16192 192
-32 16240 128
176 16176 96
176 16192 288
64 16192 288
192 16160 176
192 16160 240
96 16144 176
-16 16176 48
0 16208 160
0 16160 32
0 16224 192
48 16224 -208
192 16240 -208
272 16208 -64
256 16208 -48
352 16176 288
256 16240 384
144 16304 416
144 16208 304
48 16208 304
96 16160 256
128 16160 256
32 16128 64
208 16112 176
176 16160 384
176 16112 352
192 16112 400
64 16208 400
32 16176 256
192 16144 272
160 16112 272
-16 16128 320
-96 16192 144
-96 16192 -304
128 16160 -304
0 16176 -64
-96 16160 -64
16 16208 96
16 16224 160
64 16224 -48
96 16208 288
0 16192 288
16 16176 192
16 16224 240
80 16192 272
112 16208 224
112 16112 160
64 16112 272
112 16096 272
112 16096 160
32 16160 208
-16 16176 160
80 16160 288
80 16160 160
272 16112 256
208 16144 384
192 16128 384
192 16128 304
112 16128 96
64 16144 80
64 16208 192
-48 16208 144
80 16160 144
176 16208 336
224 16144 336
240 16176 320
240 16160 400
112 16176 368
176 16144 416
224 16144 400
224 16096 272
224 16096 272
160 16160 352
48 16128 240
-16 16112 256
96 16112 192
96 16096 176
160 16096 192
144 16112 304
64 16112 304
96 16064 256
176 16032 448
64 16096 416
48 16096 176
48 16128 144
96 16128 208
160 16144 208
128 16240 432
240 16256 224
192 16192 256
80 16128 128
224 16064 224
224 16096 160
224 16096 336
0 16048 336
32 16128 272
48 16176 272
64 16160 96
64 16096 -144
64 16112 224
80 16112 224
144 16080 288
208 16080 288
160 16144 288
-32 16144 320
112 16192 112
128 16160 96
128 16160 160
112 16144 160
272 16240 128
192 16224 128
192 16272 304
112 16272 320
112 16240 336
112 16288 112
128 16256 272
128 16256 224
48 16240 224
128 16176 352
-16 16128 144
48 16144 320
128 16176 400
128 16112 464
-16 16112 464
64 16096 432
16 16032 384
96 16080 384
256 16112 496
112 16144 512
192 16128 512
192 16128 336
64 16128 336
240 16096 288
64 16096 160
64 16144 112
64 16128 320
48 16160 208
64 16192 256
80 16176 176
80 16128 -112
112 16128 240
144 16032 240
144 16080 112
64 16128 384
64 16112 352
64 16112 336
64 16160 336
144 16176 208
240 16192 208
224 16192 320
176 16272 112
160 16240 224
160 16160 64
112 16160 64
32 16160 176
112 16128 256
128 16176 368
32 16160 352
160 16160 416
128 16128 448
128 16144 368
192 16160 304
192 16160 144
64 16224 144
128 16176 208
96 16128 496
128 16176 368
128 16176 336
96 16240 272
176 16160 272
176 16080 16
144 16160 304
256 16176 304
128 16192 400
0 16160 336
0 16160 272
208 16112 272
144 16144 192
80 16176 -208
16 16240 80
32 16240 144
32 16176 -48
64 16144 272
32 16224 336
144 16224 336
144 16208 432
144 16176 256
224 16240 304
224 16176 144
400 16176 48
208 16160 48
48 16128 32
32 16128 64
224 16208 64
160 16192 144
144 16080 240
144 16144 240
240 16144 240
224 16080 240
144 16160 192
-32 16048 400
48 16080 352
48 16112 144
128 16112 96
112 16128 64
48 16176 176
48 16160 432
32 16160 432
64 16112 688
192 16112 496
32 16080 560
32 16160 352
112 16160 352
208 16208 224
144 16192 192
80 16176 144
128 16192 176
128 16128 128
96 16096 224
32 16144 80
32 16112 176
64 16112 256
208 16112 256
48 16128 304
192 16096 416
112 16112 368
112 16096 320
-48 16096 208
-96 16160 208
-16 16096 272
128 16128 272
160 16064 272
96 16112 256
144 16160 304
96 16096 288
96 16096 32
128 16176 32
112 16176 48
80 16176 160
96 16112 160
16 16096 224
64 16080 224
64 16128 256
80 16128 416
128 16112 416
112 16032 352
0 16112 64
64 16176 224
64 16176 416
176 16064 416
-96 16208 304
-16 16208 304
0 16288 288
-48 16224 416
80 16224 336
-176 16176 448
-16 16192 384
-16 16192 176
-16 16176 176
32 16208 384
112 16192 384
160 16128 240
0 16128 144
144 16176 144
160 16160 352
80 16080 352
64 16080 240
128 16080 256
80 16096 192
80 16096 -48
176 16192 -48
224 16160 -144
112 16144 -80
16 16144 80
0 16208 160
0 16256 336
0 16208 256
64 16208 160
128 16208 160
224 16192 80
448 16128 128
320 16048 176
320 16128 0
128 16128 0
288 16128 272
208 16128 288
144 16096 336
208 16080 240
272 16064 256
192 16176 80
192 16176 -32
256 16288 -32
32 16288 80
224 16224 32
256 16144 112
176 16128 272
176 16128 192
240 16144 368
144 16176 368
16 16224 96
80 16144 96
64 16080 304
112 16048 96
32 16096 224
32 16144 176
0 16144 176
128 16096 224
128 16080 208
96 16064 80
112 16016 256
112 16160 192
96 16160 240
112 16048 240
128 16048 176
-16 16160 176
80 16176 240
16 16144 272
80 16160 304
80 16176 48
80 16128 0
16 16128 0
176 16064 0
224 16112 240
144 16144 336
128 16208 176
208 16144 208
192 16112 272
192 16192 128
128 16192 128
272 16144 208
176 16192 192
192 16128 208
16 16144 96
16 16224 0
80 16224 48
176 16176 320
192 16176 320
160 16176 400
144 16096 448
128 16144 240
128 16080 224
128 16080 224
224 16032 224
208 16048 128
224 16128 272
256 16080 48
240 16112 112
176 16080 192
208 16128 240
208 16128 416
160 16160 416
128 16160 272
128 16208 464
16 16144 304
16 16112 256
96 16112 192
0 16160 192
48 16192 368
-16 16128 224
112 16144 -144
176 16160 -112
176 16128 32
160 16128 32
80 16080 256
128 16112 304
