startup(x,y,z):(-192,16176,96)
7440 11248 -7696
-6416 10864 -2464
-9056 13952 10192
-4992 16192 3472
-13552 15216 -13232
-13552 14912 96
-9024 14912 -448
-3792 16352 -448
-4352 16672 -3472
-2624 15744 528
336 17120 240
336 16560 1280
-864 16192 -752
1696 15760 1344
2704 16176 784
2704 16176 -976
1376 16240 -368
256 16608 -368
480 16192 912
528 15776 688
-1072 15632 1024
-1120 16240 448
-1120 16144 -80
80 16144 -1200
-80 16128 -1200
16 16176 -384
80 16448 720
-144 16288 -672
-240 16144 656
-240 16176 560
-384 16176 672
-320 16272 672
-240 16224 240
-144 16240 144
-144 16304 -224
-272 16240 -624
-272 16224 80
-464 16160 240
-352 16144 416
-352 16208 272
-272 16208 144
-144 16160 144
-80 16192 -288
-160 16192 -336
-176 16208 176
-176 16192 192
-336 16192 272
-336 16128 272
-384 16176 32
-320 16256 -80
-240 16240 -240
-112 16240 64
-80 16224 336
-80 16128 144
-112 16128 144
-272 16192 48
-176 16128 96
-144 16160 224
-240 16144 256
-96 16160 256
-1008 16304 -256
-1328 16752 224
-1328 16224 -368
-784 16224 336
-528 16272 336
-208 16128 320
-128 16256 -208
-224 16256 -64
-256 16272 -16
-256 16272 592
-352 16160 592
-304 16128 -128
-304 16208 -192
-192 16176 -304
-192 16288 -336
-208 16192 32
-208 16192 176
-448 16240 176
-224 16192 400
-368 16176 304
-256 16192 272
-240 16160 176
-240 16208 272
-464 16208 272
-400 16272 352
-128 16208 224
-128 16272 -256
-112 16256 -272
-320 16240 48
-320 16240 128
-352 16208 128
-336 16208 80
-272 16256 80
-400 16160 160
-400 16160 272
-272 16144 128
-288 16144 -128
-224 16240 -128
-272 16192 176
-352 16336 96
-336 16240 192
-336 16240 112
-432 16288 112
-416 16208 320
-352 16224 176
-480 16224 192
-368 16176 112
-240 16256 160
-176 16160 272
-160 16192 240
-160 16192 -96
-304 16144 -96
-96 16144 -48
-208 16144 368
-368 16176 304
-368 16128 336
-272 16128 208
-336 16208 208
-272 16256 256
-304 16208 128
-112 16176 48
-144 16208 32
-144 16192 48
-48 16192 -32
-160 16224 -32
-48 16224 -80
-192 16336 -48
-208 16240 144
-208 16160 176
-112 16160 176
-192 16128 192
-80 16144 224
-192 16240 160
-224 16256 -32
-336 16224 -96
-336 16224 -96
-176 16160 -80
-160 16176 320
-272 16160 432
-256 16144 336
-192 16240 176
-192 16240 32
-208 16240 32
-176 16160 0
-160 16208 0
-160 16192 160
-112 16064 128
-144 16080 240
-144 16144 288
-224 16144 288
-160 16256 224
-176 16208 304
-240 16224 160
-160 16192 336
-288 16272 112
-304 16240 272
-112 16272 144
-112 16176 144
-192 16176 112
-208 16208 112
-256 16128 272
-304 16128 352
-208 16160 432
-208 16160 336
-208 16160 80
-128 16176 80
-176 16224 272
-192 16256 320
-176 16176 288
-320 16208 336
-64 16192 320
-256 16192 272
-144 16160 272
-208 16224 112
-176 16208 -80
-352 16128 256
-288 16208 304
-288 16208 96
-224 16224 320
-128 16112 320
-96 16144 224
-336 16160 192
-128 16128 128
-160 16144 48
-160 16144 96
-272 16224 96
-224 16208 112
-288 16240 -160
-224 16208 -80
-256 16192 96
-256 16192 32
-192 16192 416
-272 16192 416
-192 16192 176
-192 16176 128
-16 16128 112
-16 16176 48
-64 16176 48
-176 16256 112
-192 16192 480
-208 16208 416
-192 16176 400
-288 16208 368
-224 16176 112
-272 16112 432
-272 16176 96
-144 16176 96
-144 16240 -144
-272 16288 144
-320 16304 112
-352 16288 96
-192 16176 -96
-320 16176 288
-400 16112 112
-448 16208 112
-432 16192 224
-480 16240 -48
-192 16288 -112
-192 16336 -16
-336 16336 -16
-336 16272 -32
-272 16208 16
-208 16256 64
-240 16208 80
-240 16128 -48
-64 16128 -176
-160 16128 -176
-288 16192 -64
-240 16192 144
-176 16176 240
-240 16144 144
-240 16144 32
-400 16160 32
-464 16272 -80
-480 16224 0
-400 16176 0
-240 16240 208
-240 16176 352
-128 16176 256
-240 16320 288
-176 16272 192
-128 16160 128
-224 16144 144
-224 16208 80
-192 16208 64
-208 16112 336
-160 16112 336
-208 16192 288
-224 16176 320
-176 16208 288
-144 16192 272
-144 16272 192
-320 16272 272
-384 16224 272
-416 16176 384
-272 16128 336
-208 16224 288
-176 16320 208
-176 16320 192
-288 16224 128
-432 16240 128
-496 16192 112
-352 16192 96
-320 16176 80
-320 16272 112
-368 16272 0
-352 16176 0
-320 16128 80
-368 16144 112
-304 16208 128
-224 16176 208
-224 16160 336
-176 16160 384
-144 16160 288
-208 16240 288
-208 16256 128
-352 16160 32
-304 16224 -208
-304 16144 48
-272 16144 96
-416 16208 96
-384 16176 112
-432 16272 16
-400 16304 -176
-368 16256 112
-368 16320 128
-448 16320 224
-400 16272 224
-352 16256 -16
-288 16208 160
-160 16208 144
-160 16224 176
-304 16176 224
-352 16224 96
-208 16224 96
-32 16192 176
-128 16176 176
-208 16240 -144
-384 16224 368
-128 16240 144
-128 16160 192
-80 16160 192
-144 16144 80
-288 16240 176
-272 16208 -32
-256 16160 128
-256 16160 32
-128 16128 256
-256 16128 320
-224 16064 320
-288 16208 336
-192 16160 272
-224 16160 384
-224 16112 304
-192 16112 304
-224 16160 80
-320 16192 176
-464 16256 128
-432 16256 224
-288 16240 224
-288 16176 368
-288 16176 368
-336 16192 416
-400 16208 704
-208 16256 256
-208 16272 128
-176 16272 224
-112 16176 224
-192 16208 272
-320 16192 304
-224 16208 416
-192 16208 176
-192 16240 64
-272 16240 -192
-272 16224 -32
-256 16224 16
-416 16208 288
-336 16208 336
-336 16112 400
-272 16208 240
-256 16208 512
-272 16192 512
-320 16144 304
-352 16160 240
-256 16144 256
-224 16240 416
-224 16240 224
-208 16240 368
-192 16128 368
-416 16176 384
-448 16272 208
-384 16256 256
-304 16176 160
-304 16176 64
-208 16192 0
-160 16160 0
-224 16208 32
-112 16208 128
-176 16144 176
-224 16128 128
-224 16128 -144
-192 16224 -144
-224 16192 -16
-160 16208 -112
-208 16176 -64
-192 16144 128
-208 16176 -176
-208 16224 16
-128 16224 240
-208 16208 240
-304 16272 448
-336 16208 608
-288 16208 432
-288 16192 384
-352 16192 384
-320 16160 288
-256 16144 224
-272 16160 464
-272 16144 176
-304 16224 64
-320 16192 64
-320 16192 -112
-288 16224 -112
-256 16224 48
-112 16240 144
-96 16192 -64
-320 16208 160
-320 16160 32
-336 16240 32
-240 16208 128
-240 16208 304
-208 16176 304
-448 16208 352
-352 16304 112
-304 16208 320
-304 16176 272
-320 16176 336
-288 16208 336
-336 16208 496
-224 16272 336
-528 16240 288
-496 16224 368
-464 16192 224
-464 16192 240
-432 16192 240
-288 16080 272
-192 16176 16
-240 16224 80
-240 16160 176
-240 16160 160
-80 16176 160
-256 16208 128
-304 16256 176
-384 16208 144
-304 16256 176
-208 16256 128
-208 16256 192
-208 16144 192
-144 16176 96
-240 16192 432
-272 16176 464
-224 16192 400
-224 16208 256
-352 16208 0
-192 16256 64
-240 16256 240
-368 16240 192
-496 16272 64
-416 16192 0
-416 16192 192
-160 16160 192
-192 16128 192
-320 16144 -64
-224 16144 96
-176 16160 48
-128 16192 64
-128 16176 96
-80 16224 112
-192 16224 32
-384 16192 32
-304 16176 272
-240 16160 352
-160 16128 176
-160 16176 16
-192 16192 64
-336 16192 64
-288 16224 96
-272 16112 272
-304 16192 144
-288 16256 112
-336 16160 256
-336 16160 -112
-160 16160 -112
-128 16256 -160
-192 16208 -336
-320 16256 128
-368 16240 192
-368 16208 272
-288 16208 272
-224 16176 16
-336 16208 -16
-272 16256 -48
-192 16256 160
-240 16224 -48
-240 16224 32
-400 16240 32
-352 16256 32
-272 16128 112
-272 16128 96
-224 16240 128
-224 16240 240
-208 16240 96
-160 16192 96
-80 16176 256
-256 16160 304
-368 16304 96
-128 16272 128
-128 16272 -64
-80 16176 -64
-144 16112 240
-224 16112 256
-240 16176 48
-208 16176 160
-208 16192 144
-208 16256 144
-160 16224 0
-160 16224 256
-352 16176 256
-224 16160 160
-272 16176 16
-256 16176 -64
-256 16176 80
-304 16176 208
-304 16160 208
-304 16144 304
-352 16160 336
-192 16144 192
-48 16160 16
-64 16176 96
-64 16176 336
-192 16176 336
-256 16192 336
-192 16176 384
-224 16208 256
-288 16192 368
-32 16192 272
-176 16192 96
-112 16192 112
-384 16176 112
-496 16144 112
-304 16224 176
-304 16304 416
