startup(x,y,z):(496,16224,192)
-832 16160 1376
688 15984 256
688 16160 736
688 16336 1136
-288 16336 1504
-16 16256 1520
928 16112 1280
928 15888 1584
-160 16704 4112
400 17344 1744
400 16320 1232
992 16320 1232
960 16256 -1120
1392 16112 -1120
1712 16272 -2736
1440 16208 -2576
-240 16160 -1312
128 16160 -1024
80 16176 -800
80 16288 -1344
208 16288 -1168
416 16272 -1168
464 16208 -912
800 16256 -352
976 16240 272
784 16192 1168
768 16208 1680
448 16192 1920
288 16208 1632
432 16208 1136
432 16224 752
128 16224 752
256 16256 -128
560 16192 -128
512 16256 -672
448 16304 -1024
544 16192 -1040
416 16128 -1216
368 16176 -1088
400 16128 -1072
528 16128 -608
352 16288 -208
352 16288 240
528 16288 432
464 16288 368
480 16320 368
480 16224 656
576 16208 768
464 16240 976
624 16240 976
544 16368 768
544 16272 720
432 16256 464
368 16208 176
352 16224 -128
400 16240 -304
512 16224 -512
544 16128 -592
480 16080 -464
480 16112 -544
400 16112 -528
240 16224 -528
416 16208 -704
464 16272 -112
608 16240 80
432 16176 224
448 16176 448
400 16176 576
400 16176 592
416 16144 672
544 16160 784
528 16160 704
528 16208 704
624 16160 976
592 16112 656
608 16272 336
464 16256 96
480 16160 -224
416 16144 -448
416 16240 -512
496 16272 -640
384 16256 -624
320 16256 -448
304 16240 -304
304 16144 -224
304 16144 16
368 16192 16
320 16176 32
448 16080 224
368 16208 480
368 16240 416
448 16224 496
512 16176 400
528 16144 592
544 16144 272
560 16192 272
832 16208 -256
576 16304 -384
736 16368 -448
400 16416 -640
400 16256 -224
448 16208 -144
432 16208 -48
336 16224 48
432 16208 -80
512 16192 -80
656 16224 -128
656 16224 16
416 16208 16
480 16128 224
768 16144 256
528 16192 448
496 16256 160
544 16144 208
512 16192 192
560 16224 48
576 16160 176
592 16160 -32
560 16208 -32
560 16240 192
544 16192 224
544 16224 192
368 16224 16
400 16208 128
432 16176 144
480 16208 48
480 16160 64
560 16160 -96
432 16240 80
304 16224 80
352 16240 256
384 16224 304
400 16192 704
320 16208 368
400 16224 320
480 16192 48
608 16224 256
528 16240 16
528 16272 -160
448 16272 -80
352 16208 80
448 16096 96
336 16160 -48
608 16176 -160
768 16176 80
528 16144 80
352 16176 -128
368 16240 -464
432 16224 -112
288 16304 272
240 16176 336
352 16256 112
240 16304 160
240 16208 -48
336 16208 -48
352 16224 112
432 16256 224
432 16256 288
496 16208 288
432 16208 -16
432 16272 80
352 16240 96
416 16192 192
384 16208 128
384 16240 16
288 16272 -64
464 16240 -64
400 16208 128
400 16240 -192
432 16240 -192
544 16224 -48
432 16192 -112
416 16160 48
272 16176 224
192 16192 32
384 16208 192
480 16208 192
480 16176 288
464 16128 288
464 16080 32
496 16080 464
336 16160 336
352 16160 368
448 16128 272
448 16144 272
384 16128 192
400 16208 80
336 16224 16
304 16272 96
304 16224 0
432 16224 0
496 16224 128
656 16224 -16
544 16144 -48
400 16208 -48
320 16224 -32
432 16256 -48
416 16208 -64
368 16256 96
416 16192 -32
400 16176 -64
400 16176 192
528 16176 192
592 16288 192
480 16288 -48
480 16256 -48
544 16256 -96
448 16240 -80
448 16208 -144
416 16272 -80
448 16224 -48
416 16224 16
416 16224 80
432 16224 80
416 16208 -16
464 16176 32
448 16256 112
480 16240 0
608 16224 64
656 16176 96
656 16144 240
576 16144 240
528 16096 -112
464 16176 -80
496 16160 0
448 16224 -96
512 16224 -272
480 16144 128
480 16208 -16
464 16288 32
448 16288 -32
448 16320 -32
256 16320 48
320 16272 48
352 16256 0
496 16256 32
416 16256 -144
464 16256 -64
496 16208 80
496 16288 32
368 16288 80
544 16224 80
448 16256 144
336 16240 128
400 16256 112
336 16192 -144
336 16256 -192
432 16256 -32
304 16192 -96
304 16160 -96
384 16160 -48
320 16304 -48
320 16352 16
336 16256 160
304 16176 80
400 16208 144
400 16272 192
400 16336 -160
400 16336 -160
496 16288 -48
432 16304 -48
320 16336 128
336 16240 144
416 16304 48
464 16208 48
464 16224 96
464 16224 96
448 16224 208
400 16240 64
352 16256 304
272 16256 288
336 16304 112
272 16240 416
384 16224 240
368 16240 192
464 16256 176
464 16256 -112
512 16208 -112
384 16256 176
320 16176 272
400 16272 144
416 16224 224
400 16192 80
416 16176 304
416 16176 160
416 16160 96
464 16208 -80
480 16208 -144
576 16240 -144
480 16288 -80
464 16272 -112
448 16272 32
384 16304 -16
384 16336 48
448 16336 80
496 16192 80
624 16240 208
464 16272 48
464 16304 112
464 16304 128
576 16272 128
544 16256 336
576 16256 144
544 16256 32
496 16192 -32
512 16176 160
560 16240 -96
512 16272 -48
512 16336 16
528 16336 224
496 16288 224
448 16240 176
448 16160 64
416 16160 128
336 16128 192
432 16176 112
432 16208 160
432 16208 176
384 16192 176
464 16112 320
464 16208 16
512 16176 32
512 16144 32
544 16144 0
416 16208 0
400 16160 144
432 16080 256
352 16192 160
496 16208 32
512 16240 -48
512 16272 -16
480 16256 -112
480 16192 304
432 16192 304
496 16256 128
560 16304 128
496 16288 128
496 16272 400
528 16272 320
480 16208 240
480 16224 416
448 16224 144
384 16224 144
336 16336 144
400 16256 272
416 16224 352
400 16192 656
496 16160 400
512 16160 80
512 16224 176
400 16224 -32
336 16176 -32
304 16208 -16
384 16160 -112
288 16256 -48
288 16272 -48
400 16272 32
432 16320 144
400 16368 48
432 16304 16
432 16336 -32
656 16336 80
448 16288 144
464 16240 80
416 16224 -48
496 16176 144
400 16240 128
304 16240 -48
320 16224 48
304 16192 -80
336 16224 80
352 16224 272
384 16208 144
416 16192 144
400 16192 -80
512 16224 64
464 16304 16
480 16208 96
384 16176 32
320 16272 -48
320 16368 16
272 16320 352
304 16272 128
368 16272 128
432 16192 -128
528 16240 -128
624 16160 -32
560 16176 16
512 16176 96
432 16288 192
448 16288 192
432 16288 400
432 16240 192
464 16224 96
352 16176 48
384 16128 192
416 16160 0
320 16160 32
288 16192 80
288 16224 -128
256 16224 -192
416 16208 160
464 16240 16
464 16192 32
384 16192 32
400 16208 144
592 16208 96
528 16240 64
400 16240 -128
496 16240 -128
432 16208 208
368 16256 112
256 16224 80
464 16208 128
448 16192 -48
448 16224 0
496 16224 272
416 16208 272
416 16224 336
544 16192 480
464 16208 144
384 16144 112
384 16144 208
448 16144 208
384 16144 192
480 16176 96
464 16176 160
368 16304 48
416 16304 176
352 16256 288
416 16160 256
288 16128 160
288 16128 160
400 16144 160
384 16208 16
400 16224 -112
592 16208 64
560 16208 64
592 16240 -128
544 16240 -80
528 16272 -160
400 16288 -128
496 16240 80
432 16224 144
384 16208 176
384 16208 96
496 16320 48
464 16288 304
416 16240 240
432 16256 0
528 16336 0
528 16208 144
432 16208 64
416 16208 144
480 16112 112
480 16192 -64
448 16192 96
384 16192 96
576 16256 -48
464 16240 -80
480 16240 -80
560 16240 -176
464 16256 0
448 16224 176
464 16272 160
512 16256 256
448 16256 384
352 16224 368
352 16208 336
256 16208 416
224 16224 416
192 16224 272
336 16240 192
416 16256 112
416 16224 144
432 16192 48
432 16256 192
320 16192 96
384 16176 336
544 16224 400
512 16288 320
512 16288 304
448 16320 304
368 16224 208
496 16224 224
432 16176 192
432 16208 176
336 16192 96
352 16192 96
384 16224 -16
448 16176 80
480 16096 272
464 16160 192
464 16128 48
384 16080 208
288 16144 208
448 16208 352
432 16256 368
384 16192 304
384 16256 160
496 16224 256
512 16176 144
464 16240 -32
480 16176 16
512 16176 224
416 16176 144
480 16176 128
416 16208 80
368 16160 128
368 16144 96
480 16128 160
480 16128 208
