startup(x,y,z):(96,16144,368)
-9040 17280 -7088
-4848 14720 -6880
-976 17024 -4016
-976 19664 -3376
-2160 18960 -4384
2624 17712 -1680
-1536 17712 -1680
1552 16352 304
-1632 16064 -16
1520 15968 544
288 16096 976
288 15888 768
752 15888 224
-32 15856 224
128 16080 192
144 16224 336
560 16256 608
656 16320 608
624 16240 656
624 16320 528
1056 16320 528
624 16208 368
384 16128 480
448 16096 -16
240 16096 32
240 16128 272
64 16128 272
32 16112 112
160 16160 80
-64 16112 128
-208 16128 272
-160 16160 272
-160 16208 208
0 16208 272
112 16208 272
96 16176 272
0 16112 240
96 16240 224
80 16144 -48
144 16176 32
192 16256 336
192 16224 352
224 16224 96
256 16208 0
272 16176 -80
144 16160 -112
144 16224 64
96 16224 304
256 16240 304
208 16224 304
272 16256 384
128 16144 384
176 16128 112
96 16128 96
96 16096 192
48 16096 224
128 16112 224
128 16192 224
-48 16160 64
16 16192 176
16 16176 96
-64 16176 144
48 16128 144
112 16128 -16
208 16096 -48
112 16096 416
112 16096 176
288 16096 176
64 16112 16
16 16128 -128
160 16096 -224
160 16112 160
128 16112 192
240 16144 192
128 16160 64
96 16208 80
112 16224 160
112 16224 192
80 16224 192
96 16160 224
0 16080 400
160 16128 256
160 16128 256
64 16128 256
176 16160 256
128 16128 272
64 16144 368
128 16240 416
96 16176 144
96 16176 336
64 16144 336
-32 16080 208
-128 16128 320
0 16192 304
0 16192 384
-80 16160 128
-16 16112 48
48 16176 -48
32 16128 160
96 16112 304
96 16176 192
64 16176 192
128 16096 224
160 16160 176
64 16144 128
0 16192 240
0 16192 352
-48 16176 368
16 16128 368
80 16160 448
128 16240 256
160 16192 256
224 16224 240
224 16112 256
224 16112 448
176 16112 528
240 16112 528
272 16112 400
288 16096 336
176 16160 272
176 16304 144
160 16304 144
256 16208 272
-16 16144 304
16 16160 368
112 16144 272
112 16176 112
112 16176 112
16 16128 288
32 16128 288
-48 16080 240
48 16112 224
48 16112 224
-16 16192 224
32 16176 240
80 16144 -80
80 16176 160
16 16128 480
16 16112 416
64 16112 416
32 16208 304
96 16224 320
240 16176 416
176 16208 336
176 16208 400
240 16208 400
128 16208 80
96 16272 112
-48 16208 400
96 16208 304
96 16208 256
48 16208 256
128 16208 240
128 16048 272
0 16048 304
0 16048 224
16 16160 336
-128 16176 336
-80 16160 480
-80 16048 480
0 16192 272
0 16080 256
0 16080 256
160 16080 80
240 16144 192
288 16032 160
288 16048 144
256 16048 144
224 16144 128
320 16160 224
224 16112 160
176 16144 208
176 16160 16
80 16160 208
80 16128 208
64 16160 128
160 16192 368
80 16208 368
80 16208 544
64 16224 544
80 16128 368
208 16176 176
80 16160 480
112 16176 352
112 16192 208
112 16192 112
64 16192 112
96 16144 224
176 16112 144
48 16128 48
48 16128 32
64 16096 32
-112 16080 160
-16 16128 -16
80 16176 176
176 16144 240
176 16144 128
128 16144 128
240 16144 -112
64 16064 -64
64 16096 176
80 16096 112
144 16080 112
112 16160 224
80 16128 320
112 16080 272
112 16144 384
176 16144 384
-16 16176 448
64 16160 400
128 16176 272
64 16208 352
64 16144 192
80 16144 192
80 16192 208
-96 16112 272
-16 16128 32
80 16112 112
80 16112 -192
288 16160 -192
272 16064 -32
256 16112 256
208 16128 32
208 16128 256
48 16128 96
192 16176 96
176 16192 416
144 16032 304
48 16112 336
128 16176 240
128 16176 240
176 16208 240
-16 16176 288
-64 16080 240
64 16064 224
64 16080 304
64 16080 224
128 16080 224
160 16016 576
96 16032 640
-80 16048 352
-160 16080 144
-160 16096 224
32 16096 224
144 16096 384
32 16128 272
32 16144 352
128 16144 288
128 16144 192
176 16176 192
96 16176 176
112 16160 -16
112 16192 176
112 16128 96
80 16128 208
112 16128 208
192 16144 208
112 16112 -32
288 16080 224
288 16112 368
192 16112 368
-16 16160 336
272 16144 128
224 16128 176
256 16160 128
256 16176 64
192 16176 64
128 16176 144
176 16240 176
176 16160 432
64 16160 16
64 16160 304
-16 16128 304
80 16176 272
192 16208 144
208 16208 112
208 16208 224
240 16208 144
112 16160 144
256 16096 112
192 16080 128
272 16016 96
112 16080 256
112 16080 -96
128 16112 -96
64 16128 -256
16 16176 64
80 16112 -96
80 16128 0
144 16128 0
96 16144 -16
32 16160 96
64 16160 96
64 16192 304
64 16144 192
224 16144 224
80 16096 224
160 16112 -16
96 16144 64
128 16144 208
128 16144 304
64 16064 304
80 16064 160
96 16112 416
-176 16112 272
64 16160 272
64 16160 480
192 16208 480
32 16256 400
112 16160 352
192 16192 512
192 16208 512
288 16208 288
400 16080 288
352 16112 432
224 16080 384
192 16144 128
192 16128 208
304 16128 64
80 16112 64
192 16048 240
176 16048 112
176 16080 80
240 16080 80
224 16144 320
128 16224 688
32 16256 304
16 16112 256
16 16112 144
112 16208 144
64 16208 320
32 16160 240
-96 16176 192
-48 16144 192
-48 16192 320
-32 16192 320
-32 16176 304
-96 16192 288
96 16096 224
128 16160 64
128 16144 16
64 16144 16
80 16080 240
32 16192 240
144 16144 96
160 16176 160
160 16208 176
144 16208 176
64 16144 144
176 16112 112
144 16128 400
176 16112 64
176 16064 144
256 16064 144
32 16144 192
64 16112 128
80 16048 224
128 16128 192
128 16112 -64
176 16112 -64
304 16080 16
192 16160 176
208 16128 160
304 16144 208
304 16144 336
208 16144 336
144 16192 176
176 16160 32
272 16192 64
192 16144 32
192 16176 160
48 16176 160
96 16192 288
112 16240 240
192 16192 624
144 16176 416
144 16176 176
160 16128 176
112 16192 256
112 16096 352
144 16096 240
160 16160 384
160 16080 304
112 16080 304
96 16096 48
112 16160 -48
128 16208 64
80 16144 144
80 16144 48
176 16144 48
224 16096 336
80 16096 192
32 16096 496
32 16144 352
16 16144 320
64 16112 320
-48 16128 208
-32 16144 384
-32 16144 224
-32 16160 368
-112 16160 720
-80 16112 720
80 16144 528
144 16080 464
-112 16080 448
-112 16096 288
128 16096 288
128 16080 384
112 16112 512
288 16112 256
288 16192 192
240 16192 160
320 16160 160
240 16160 -32
128 16160 -32
112 16128 144
160 16112 240
160 16112 -112
64 16144 -112
128 16096 -64
32 16048 144
48 16080 160
48 16080 96
64 16016 336
96 15984 336
32 16112 80
96 16160 -112
144 16144 160
144 16144 304
160 16144 336
128 16208 336
64 16192 256
144 16112 416
128 16112 192
128 16112 304
208 16160 304
112 16128 -48
32 16112 160
-48 16064 336
-64 16080 272
-64 16208 304
144 16208 304
32 16192 112
80 16192 -48
192 16144 0
192 16144 272
128 16128 272
64 16144 256
64 16112 256
-16 16272 32
32 16240 208
32 16240 192
64 16176 192
64 16144 272
48 16128 368
144 16064 -16
144 16032 -144
112 16032 208
96 16032 208
160 16080 0
160 16208 192
96 16176 240
96 16192 272
32 16192 96
80 16128 96
64 16160 128
-32 16096 352
-48 16144 160
-48 16160 80
160 16160 80
144 16192 -160
352 16176 -208
208 16160 -64
64 16192 -16
64 16192 48
240 16160 48
96 16128 96
64 16176 240
128 16176 32
224 16160 160
224 16160 0
144 16192 0
176 16096 144
160 16160 64
64 16096 496
64 16048 528
64 16048 160
144 16064 160
208 16080 144
-16 16080 400
-112 16128 256
-112 16096 144
-144 16096 144
-160 16112 224
48 16112 96
16 16192 144
192 16208 288
192 16128 336
192 16128 336
256 16128 192
-16 16192 144
-64 16128 256
96 16128 336
96 16128 528
112 16176 528
272 16192 208
176 16144 256
256 16160 112
256 16096 48
208 16096 176
208 16144 176
160 16128 256
