startup(x,y,z):(-176,16144,160)
8992 14960 5008
8304 14352 -1088
5504 17328 512
4352 16736 1424
2480 16320 256
2080 15248 1232
1408 16368 2736
1408 16880 1440
208 16640 1440
-1248 16544 -2688
-624 16512 912
-944 16544 0
-2112 16272 400
-2112 16144 912
-1552 16720 1584
1152 16720 -1408
3312 16352 -1408
4176 16032 -864
4480 15984 -1360
2528 15824 272
2528 15648 1472
592 15648 1040
-80 16320 1040
-128 16320 1392
544 16256 -832
480 15808 -960
-304 15936 -224
656 15712 1584
656 15712 -208
288 15776 -208
96 16160 1744
320 16304 -688
-208 16416 -624
-640 16288 96
-640 16112 592
-560 16112 1360
-320 15920 1360
-272 16000 -48
-336 16048 352
-128 16112 -320
-304 16176 368
-304 16176 384
-624 16176 352
-528 16192 352
-400 16272 -288
-400 16320 96
-368 16240 176
-384 16256 416
-384 16256 -128
-224 16240 96
-192 16256 96
-48 16176 -160
-240 16176 -80
-480 16080 432
-480 16128 624
-480 16128 192
-400 16128 192
-160 16112 -160
-288 16224 -224
-224 16208 -48
-224 16160 192
-160 16160 432
-272 16192 688
-352 16096 688
-304 16176 304
-416 16176 272
-288 16096 144
-288 16064 112
-192 16064 288
-240 16192 288
-320 16208 240
-96 16192 160
-304 16208 -32
-288 16256 0
-288 16192 224
-368 16192 -16
-272 16112 -16
-496 16048 80
-768 16272 208
-512 16304 -96
-512 16304 -176
-368 16288 80
-272 16288 32
-80 16112 32
-48 16080 288
-112 16176 480
-32 16096 208
-128 16176 16
-128 16128 128
-192 16128 128
-240 16176 144
-272 16128 208
-400 16208 320
-224 16304 208
-224 16304 592
-192 16176 -112
-288 16144 -112
-400 15984 496
-544 16080 -96
-496 16096 448
-272 16144 480
-272 16160 -160
-304 16160 48
-288 16192 48
-416 16288 -192
-208 16256 64
-208 16224 -496
-336 16192 144
-336 16192 -48
-160 16160 176
-176 16256 176
-272 16224 160
-272 16208 112
-272 16272 96
-160 16160 -64
-160 16208 512
-256 16240 272
-304 16176 192
-384 16160 208
-384 16160 -48
-352 16208 80
-368 16160 128
-368 16192 160
-336 16192 -80
-144 16144 -80
-304 16160 240
-288 16096 336
-112 16176 288
0 16208 384
0 16176 304
-160 16176 304
-208 16224 224
-320 16096 -48
-320 16160 208
-384 16208 368
-288 16224 32
-288 16224 176
-416 16192 176
-368 16112 224
-544 16128 336
-432 16208 320
-272 16240 224
-272 16240 0
-320 16224 0
-320 16192 16
-304 16112 -64
-224 16176 -304
-224 16176 -288
-224 16240 -48
-224 16240 -224
-208 16208 -224
-208 16240 96
-288 16176 400
-256 16192 176
-256 16208 -80
-272 16208 80
-176 16160 192
-272 16128 192
-256 16160 144
-160 16112 384
-256 16160 320
-256 16192 416
-336 16192 240
-272 16176 240
-256 16224 320
-176 16144 144
-128 16256 -32
-128 16176 256
-320 16192 240
-320 16192 240
-384 16224 240
-304 16256 528
-240 16240 192
-352 16128 176
-352 16160 96
-352 16160 176
-400 16144 112
-288 16160 112
-240 16032 128
-176 16032 -16
-64 16128 80
-336 16208 32
-240 16240 272
-240 16240 176
-384 16256 176
-288 16192 256
-256 16240 144
-288 16128 320
-192 16128 432
-240 16208 336
-240 16208 208
-128 16208 192
-240 16208 288
-416 16192 288
-288 16176 112
-384 16224 64
-368 16272 -112
-368 16272 16
-384 16240 16
-304 16208 0
-336 16192 256
-384 16208 208
-368 16160 176
-368 16144 176
-288 16144 320
-208 16176 320
-352 16176 80
-240 16144 80
-288 16176 96
-240 16080 48
-416 16208 208
-416 16144 112
-272 16144 496
-288 16160 496
-336 16176 -48
-272 16128 320
-160 16096 288
-336 16144 464
-336 16144 384
-176 16144 560
-288 16160 560
-496 16256 432
-480 16240 224
-336 16224 112
-144 16192 192
-144 16160 16
-80 16160 16
-160 16096 -16
-240 16160 112
-208 16192 -16
-192 16096 144
-224 16096 112
-224 16096 352
-352 16080 352
-208 16096 240
-304 16112 224
-352 16256 192
-352 16176 80
-256 16176 144
-304 16176 144
-416 16240 304
-256 16240 96
-384 16256 144
-304 16224 208
-304 16224 288
-192 16208 288
-192 16240 224
-240 16192 96
-240 16208 208
-192 16192 224
-240 16240 176
-240 16192 -96
-240 16192 32
-240 16224 32
-192 16128 96
-464 16176 352
-480 16256 384
-496 16224 272
-496 16224 336
-416 16224 -96
-224 16160 -96
-192 16160 -160
-176 16128 -64
-144 16192 -336
-160 16160 -144
-256 16192 64
-256 16192 400
-208 16192 400
-160 16144 288
-160 16224 192
-160 16288 272
-288 16224 384
-448 16208 368
-416 16224 240
-272 16176 112
-272 16176 -64
-272 16320 -64
-304 16256 16
-336 16192 80
-528 16176 128
-528 16272 -192
-336 16272 -160
-128 16192 -160
-64 16176 -96
-64 16112 64
-224 16096 128
-160 16192 288
-560 16176 368
-496 16368 352
-496 16368 464
-624 16320 464
-672 16336 144
-256 16240 0
-240 16160 208
-208 16256 -32
-208 16256 272
-144 16240 272
-208 16224 272
-304 16256 288
-288 16336 256
-160 16240 432
-176 16336 320
-176 16336 320
-176 16304 96
-128 16224 16
-240 16176 80
-112 16208 112
-64 16240 -128
-160 16256 -80
-192 16176 80
-192 16176 256
-240 16192 256
-176 16128 320
-192 16160 384
-224 16144 16
-224 16144 288
-464 16160 192
-336 16176 144
-208 16160 144
-368 16224 272
-400 16256 448
-400 16160 176
-336 16096 192
-336 16144 -144
-224 16144 -144
-272 16160 112
-256 16128 16
-208 16144 -192
-144 16176 32
-144 16224 -80
-224 16224 -128
-240 16256 -128
-320 16240 0
-272 16256 224
-288 16240 240
-128 16320 144
-128 16320 96
-32 16320 96
-96 16432 256
-448 16336 176
-176 16336 192
-176 16304 -64
-176 16208 -368
-224 16208 -368
-208 16144 16
-256 16160 320
-336 16080 464
-384 16160 320
-416 16192 80
-416 16208 176
-272 16208 176
-176 15968 352
-192 16336 432
-304 16352 80
-304 16288 -96
-368 16288 -80
-176 16288 -288
-240 16272 -288
-208 16240 -528
-400 16224 -112
-272 16176 16
-272 16176 144
-432 16208 144
-336 16224 608
-208 16192 432
-96 16272 320
-224 16224 112
-144 16176 240
-176 16240 224
-176 16224 96
-208 16224 96
-304 16176 80
-272 16208 -112
-224 16208 32
-224 16128 48
-288 16176 144
-240 16176 144
-208 16144 368
-64 16176 160
-48 16208 144
-112 16176 240
-192 16160 32
-192 16144 304
-256 16144 304
-240 16144 288
-208 16176 208
-208 16240 16
-208 16208 192
-256 16208 192
-272 16176 192
-320 16208 240
-304 16240 224
-304 16272 144
-256 16272 256
-256 16256 336
-352 16256 336
-304 16256 32
-176 16240 80
-208 16224 128
-144 16208 256
-144 16144 320
-224 16144 112
-240 16112 112
-48 16208 176
-208 16128 240
-112 16128 304
-144 16192 80
-144 16192 -16
-112 16192 -16
16 16160 256
-112 16192 208
-160 16160 384
-224 16208 384
-240 16160 432
-240 16224 192
-256 16160 96
-304 16160 208
-192 16160 208
-352 16112 192
-192 16144 -176
-256 16144 -112
-256 16048 240
-272 16048 80
-272 16128 80
-368 16208 272
-256 16272 240
-272 16224 320
-208 16192 256
-288 16208 144
-272 16288 272
-272 16288 352
-256 16240 352
-400 16272 256
-288 16192 96
-272 16208 176
-272 16192 -304
-192 16192 -304
-144 16176 -256
-192 16144 176
-144 16144 64
-96 16128 256
-112 16144 48
-112 16272 80
-288 16272 80
-320 16368 -112
-320 16240 -160
-240 16192 -32
-240 16160 176
-304 16208 144
-304 16208 128
-240 16112 128
-176 16176 176
-192 16208 -64
-304 16192 64
-176 16224 128
-176 16240 160
-224 16240 160
-80 16240 -32
-224 16240 -128
-320 16240 -16
-208 16192 -176
-64 16096 -32
-64 16144 208
-160 16112 160
-240 16112 160
-256 16112 416
-336 16240 80
-320 16160 256
-272 16160 192
-272 16160 128
-192 16192 128
-96 16208 160
-176 16112 304
-176 16112 384
-128 16192 336
-128 16192 144
-112 16208 144
-176 16128 144
-240 16160 496
-160 16176 304
-160 16256 192
-176 16256 192
-192 16192 224
-416 16160 208
-528 16160 304
-432 16192 256
-336 16208 192
-336 16144 176
-256 16144 144
-224 16160 144
-256 16176 128
-224 16176 304
-480 16256 240
-336 16160 208
-336 16112 80
-16 16112 80
0 16048 208
-16 16176 288
-224 16176 304
-240 16208 192
-320 16272 400
-320 16272 320
-464 16240 320
-448 16224 304
-208 16160 464
-208 16144 272
-208 16176 144
-272 16240 176
-272 16240 432
-400 16288 432
-336 16144 272
-240 16096 544
