startup(x,y,z):(464,16224,144)
-5328 16176 4192
-2624 15936 3536
-688 15936 3536
-1952 15776 4400
-1344 15872 3392
96 16320 2976
2096 15776 1824
3856 15808 64
3856 16256 848
3888 16320 1296
1792 16320 1296
-2240 15680 5312
-320 15472 3616
1120 16272 1088
432 16096 -208
432 16096 -1600
-528 16528 -2416
-48 16016 -3072
752 15968 -2880
432 16256 -2880
16 16272 -2416
48 16368 -1760
192 16400 -1808
528 16240 -1616
528 16240 -1136
608 16176 -1136
192 16208 -768
320 16272 -864
624 16288 -496
400 16288 528
912 16256 880
912 16256 1056
944 16288 1728
864 16160 1728
688 16192 1824
560 16080 1600
32 16096 1712
32 16112 1584
-16 16112 1344
160 16192 1344
464 16144 672
512 16240 192
448 16224 -336
352 16240 -432
304 16176 -560
176 16176 -256
96 16320 -256
160 16352 -368
224 16320 -448
400 16240 -208
464 16192 -400
464 16192 48
560 16128 208
544 16176 208
624 16176 304
512 16256 304
368 16176 320
448 16160 256
560 16192 -96
464 16224 64
464 16272 -16
400 16272 -16
432 16224 -64
416 16176 -16
384 16192 96
416 16240 176
256 16320 288
256 16224 224
352 16224 496
448 16224 496
480 16160 560
336 16160 576
400 16176 512
400 16176 192
464 16208 192
528 16192 368
448 16112 384
432 16176 352
448 16208 272
464 16192 416
464 16288 192
416 16288 112
304 16256 112
288 16272 -288
496 16336 -352
576 16336 -352
384 16304 -144
496 16208 -64
496 16208 -96
512 16208 -96
480 16288 -96
496 16256 32
512 16128 64
624 16144 0
608 16160 208
448 16208 240
304 16256 384
448 16288 336
496 16240 304
496 16272 448
512 16272 128
432 16288 112
320 16288 -144
240 16272 -144
304 16224 -80
320 16192 48
320 16288 16
304 16272 96
304 16272 432
272 16176 432
496 16160 -48
464 16128 208
400 16160 32
800 16144 0
768 16224 -160
512 16288 -272
512 16288 -192
512 16224 -192
368 16208 80
336 16176 128
432 16192 416
464 16176 416
512 16224 256
512 16224 400
544 16224 208
512 16160 208
528 16208 256
544 16208 224
432 16144 288
432 16208 288
336 16208 320
432 16160 320
368 16240 80
384 16240 -240
400 16240 128
432 16176 48
432 16272 -96
432 16272 160
512 16192 160
592 16192 -32
384 16192 160
528 16128 48
480 16176 -96
480 16176 192
528 16176 192
288 16256 224
272 16288 288
272 16240 272
336 16272 368
464 16224 336
272 16192 288
272 16192 336
320 16192 336
384 16192 192
336 16208 320
384 16208 256
480 16224 128
480 16176 352
320 16176 0
416 16224 0
480 16192 64
336 16208 32
464 16240 -48
464 16240 -48
592 16192 -48
448 16256 -208
464 16304 -240
592 16304 -144
464 16304 -128
544 16160 -128
464 16144 -16
528 16144 128
528 16144 192
512 16144 176
496 16176 176
400 16160 -128
416 16160 48
432 16240 -64
416 16208 -96
496 16176 -160
400 16256 48
400 16256 80
544 16240 -256
544 16224 -256
416 16240 -96
320 16256 -128
384 16176 96
384 16144 176
416 16144 -48
464 16160 -16
464 16208 -80
464 16272 0
464 16272 0
576 16224 224
432 16160 160
400 16224 128
256 16224 32
432 16256 112
432 16256 160
336 16144 160
448 16112 224
496 16176 288
384 16192 592
432 16176 288
480 16256 256
384 16176 144
384 16192 32
176 16176 160
176 16256 320
320 16256 304
400 16256 304
448 16208 48
384 16208 -32
368 16176 -48
512 16256 48
560 16272 64
560 16128 160
656 16128 208
592 16240 208
480 16368 128
384 16352 208
320 16352 -64
496 16336 -64
496 16256 256
496 16256 256
416 16144 128
384 16144 304
432 16176 240
384 16160 400
336 16192 272
352 16176 128
432 16192 96
432 16192 192
432 16160 192
416 16224 32
288 16192 48
432 16128 -64
432 16208 416
480 16240 320
480 16192 224
480 16192 -96
544 16192 352
432 16208 352
656 16272 208
464 16304 352
496 16240 368
528 16240 160
528 16240 208
416 16128 32
432 16096 32
384 16144 64
384 16192 112
464 16176 -16
336 16240 0
416 16176 384
448 16240 384
448 16256 256
320 16208 208
352 16240 -96
432 16240 64
464 16272 64
528 16256 128
480 16224 256
448 16128 144
416 16192 96
432 16208 128
432 16208 112
432 16240 96
416 16224 96
464 16224 128
400 16256 160
400 16192 176
400 16208 160
416 16256 288
416 16224 272
288 16224 176
304 16176 176
448 16256 240
384 16176 160
384 16208 128
336 16224 288
448 16192 288
512 16160 80
368 16192 192
368 16224 64
432 16224 64
384 16224 -16
432 16208 176
368 16192 480
448 16240 160
448 16176 144
480 16176 96
448 16192 176
544 16288 176
400 16240 224
384 16224 176
496 16144 272
496 16160 176
496 16208 -64
512 16208 64
432 16256 64
384 16240 64
368 16256 96
320 16192 112
240 16208 144
304 16224 160
400 16192 -48
400 16288 -160
480 16288 -160
368 16272 -32
432 16192 -96
624 16160 64
576 16176 -96
576 16144 -96
480 16144 -64
400 16160 -64
432 16160 -208
544 16240 -32
416 16288 48
480 16288 0
352 16352 256
352 16352 304
320 16352 112
432 16272 112
384 16256 208
432 16208 -64
400 16240 80
528 16208 112
480 16240 112
400 16272 384
432 16224 128
432 16224 96
448 16320 96
432 16336 80
448 16304 48
400 16304 64
368 16352 0
368 16352 160
368 16224 176
496 16176 176
416 16176 144
400 16160 256
400 16160 384
368 16192 80
368 16192 384
432 16192 384
432 16288 32
368 16272 80
368 16208 288
496 16128 320
496 16208 -80
320 16208 144
128 16192 144
320 16208 0
368 16240 -80
512 16144 -48
432 16224 0
432 16256 80
352 16256 160
272 16272 160
384 16288 256
496 16240 176
304 16208 96
272 16224 384
272 16224 144
256 16224 144
288 16288 144
336 16352 128
400 16240 144
432 16224 32
432 16192 80
448 16192 80
432 16256 80
544 16240 0
400 16256 240
400 16176 64
480 16224 16
400 16288 80
400 16224 64
560 16224 64
496 16128 240
416 16128 448
528 16160 272
416 16160 176
416 16176 432
400 16176 272
416 16224 272
432 16240 144
464 16160 192
528 16160 256
368 16224 96
368 16224 -32
448 16240 -32
352 16176 288
288 16288 416
144 16256 272
288 16208 240
288 16144 128
336 16144 64
288 16224 64
336 16176 -80
400 16128 -208
480 16112 -256
512 16176 -32
512 16176 144
400 16192 144
368 16128 224
384 16176 -64
320 16272 208
448 16272 0
368 16240 96
368 16240 0
352 16256 0
480 16320 -112
512 16320 208
592 16176 144
528 16128 144
528 16128 -16
544 16240 -16
512 16192 272
592 16192 256
800 16128 80
560 16112 32
496 16144 -64
496 16192 -64
288 16192 -64
400 16224 -80
464 16256 144
432 16256 96
592 16288 160
592 16288 64
672 16272 64
368 16240 96
288 16112 48
512 16208 32
544 16208 -112
512 16256 -96
512 16176 -64
480 16176 -48
400 16176 -48
432 16192 240
480 16240 96
448 16240 -96
448 16224 192
432 16224 32
512 16304 32
464 16240 128
448 16272 208
448 16272 144
464 16272 416
512 16176 224
512 16208 160
544 16208 176
512 16272 176
560 16224 208
528 16160 192
352 16160 208
416 16176 288
416 16192 176
432 16192 48
416 16176 48
464 16208 144
528 16240 128
448 16192 176
432 16160 208
432 16160 256
464 16160 256
448 16160 224
560 16192 224
480 16240 224
400 16256 -48
464 16240 -240
464 16224 -240
416 16224 208
304 16160 208
160 16224 144
320 16240 176
400 16224 208
368 16224 208
432 16256 176
416 16240 0
464 16240 144
448 16304 -16
416 16304 -112
416 16304 128
304 16304 128
336 16288 32
336 16288 80
544 16208 64
512 16288 80
512 16224 144
512 16224 112
416 16192 112
368 16272 240
384 16208 160
288 16176 128
528 16208 208
448 16256 96
448 16256 176
480 16192 176
416 16288 32
512 16128 64
352 16240 144
432 16192 160
464 16208 208
464 16208 240
416 16176 240
528 16224 240
464 16208 192
448 16208 336
384 16208 256
384 16208 112
