startup(x,y,z):(512,16224,1456)
592 16288 1008
688 16128 752
496 16320 864
624 16272 1312
592 16368 1200
624 16272 1536
368 16288 1536
384 15936 1248
592 16048 1264
688 16112 1488
640 16208 960
784 15744 -16
784 15456 -624
928 15728 -832
-704 11008 -592
-1632 11200 3472
-128 15376 2256
-128 15584 1600
192 15776 1184
448 16016 1040
512 16064 1024
496 16048 1136
448 16112 960
576 16192 1216
480 16176 1216
416 16256 1120
480 16192 976
448 16160 1280
416 16144 1328
368 16176 1232
592 16192 1040
656 16224 1200
496 16128 1136
576 16080 1152
480 16080 1168
400 16160 752
416 16160 944
464 16176 1056
512 16176 1184
448 16192 1184
384 16176 1232
400 16176 1248
432 16128 1312
464 16160 1264
448 16112 1232
496 16160 1280
496 16112 1168
496 16160 1104
512 16192 928
480 16112 928
464 16160 1168
480 16192 1168
640 16112 1440
512 16160 1200
432 16304 1616
496 16096 1104
480 16176 1072
416 16224 1360
336 16224 1216
448 16176 1040
464 16208 1056
512 16192 1088
368 16144 1104
480 16144 960
464 16224 1072
544 16144 1168
464 16192 1136
560 16224 1008
464 16288 1232
480 16256 1456
528 16208 1232
560 16160 1088
496 16048 1088
496 16112 1088
544 16064 1008
464 16144 912
448 16176 1088
464 16208 1088
512 16192 1168
448 16176 1392
272 16160 1328
480 16224 1168
528 16176 1312
544 16144 1296
528 16128 1200
480 16192 1152
416 16288 1152
528 16192 1376
448 16256 1376
528 16208 992
528 16224 1136
608 16240 1296
656 16240 1328
416 16176 1200
336 16192 1200
368 16208 1248
464 16192 1152
768 16016 992
624 16064 1040
608 16096 1184
768 16112 1152
624 16144 1296
416 16256 1392
416 16176 1360
480 16176 1248
512 16144 1088
352 16192 1136
400 16192 1248
480 16176 1344
416 16208 1344
448 16144 992
448 16192 1264
448 16160 1376
448 16128 1248
432 16096 1520
496 16192 1280
480 16160 1152
512 16144 1168
448 16080 880
432 16048 1408
336 16080 1584
496 16048 1648
480 16160 1200
496 16160 1264
560 16112 1344
592 16176 1392
528 16176 1568
560 16160 1616
576 16192 1360
592 16160 1296
560 16160 1184
544 16144 1120
432 16160 1088
544 16160 1168
512 16064 1152
592 16080 1200
560 16144 1440
432 16192 1328
432 16192 1360
528 16560 1536
432 16384 1248
416 16368 1296
608 16144 1568
496 16176 1248
608 16208 1088
688 16160 1280
624 16128 1264
560 16096 1488
656 16144 1280
608 16160 1360
656 16240 1264
576 16208 1360
544 16192 1360
528 16192 1376
480 16144 1632
576 16208 1456
608 16160 1440
640 16176 1536
624 16144 1376
608 16160 1376
624 16096 1360
608 16144 1392
528 16176 1296
640 16144 1360
624 16192 1392
640 16160 1056
672 16240 1184
576 16240 1312
592 16176 1456
560 16176 1440
592 16240 1312
592 16240 1360
656 16160 1168
560 16144 1152
560 16192 1232
576 16160 1408
736 16144 1344
624 16128 1296
576 16096 1392
448 16128 1392
544 16160 1376
560 16144 1360
496 16128 1344
448 16096 1424
512 16128 1392
592 16096 1440
528 16192 1344
608 16176 1248
656 16160 1296
496 16128 1312
384 16144 1264
480 16208 1424
752 16304 1424
624 16304 1424
496 16240 1600
720 16240 1648
576 16192 1472
656 16176 1472
608 16192 1408
592 16112 1344
400 16128 1616
496 16144 1488
512 16192 1600
480 16192 1312
496 16176 1216
512 16192 1344
560 16192 1344
496 16208 1392
448 16192 1488
432 16256 1504
432 16192 1520
432 16224 1424
480 16208 1424
544 16208 1408
560 16208 1456
624 16208 1456
576 16128 1152
528 16112 1264
528 15984 1504
544 16080 1520
576 16144 1440
544 16176 1408
432 16048 1760
512 15984 1440
512 16016 1520
560 16112 1376
624 16160 1216
592 16160 1216
608 16144 1168
640 16080 1408
400 16032 1344
688 16048 1296
688 15952 1328
256 16032 1216
608 16144 1264
464 16208 1552
560 16192 1456
624 16160 1360
624 16128 1408
1168 16752 816
1168 16496 1392
832 16368 2032
800 16224 2064
704 16192 1728
624 16144 1408
608 16192 1424
560 16176 1664
512 16176 1600
544 16112 1488
576 16160 1328
528 16176 1408
528 16144 1248
544 16192 1408
512 16192 1392
592 16128 1472
592 16128 1520
