startup(x,y,z):(4032,15776,-1088)
176 16800 2848
1440 12464 -1744
80 12992 -3440
352 14656 -1248
-848 15568 -48
-400 15856 -352
944 15840 560
752 16656 448
1024 16368 496
816 16048 1168
144 15696 880
-80 15984 736
-112 16416 1200
864 16640 1808
240 16576 1568
864 16000 1104
848 16272 1888
1008 15680 528
1168 15968 784
-112 16576 1424
832 17024 1904
1024 16656 1808
912 16576 1792
1168 16096 64
416 16480 -352
-416 15520 16
-112 15888 240
320 16000 1056
608 16416 1216
352 16096 992
304 16160 1328
176 16208 1552
416 16272 1328
496 16336 1200
608 16288 1152
768 16192 1040
368 16064 816
448 16048 928
688 16208 432
784 16128 96
624 16160 288
368 16224 528
512 15984 752
448 16064 496
512 16032 576
544 15968 848
464 16000 960
352 15984 816
208 15648 688
656 16160 688
640 16048 832
432 16096 544
208 16384 1296
160 16176 1088
192 16304 768
352 16304 736
400 16224 768
592 16176 1008
624 16160 1008
368 16144 896
416 16160 1024
320 16144 784
400 16192 704
464 16144 768
352 16144 640
432 16160 496
320 16176 272
272 16112 496
304 16128 624
400 16192 688
432 16320 688
528 16320 720
576 16304 736
576 17120 3040
608 17856 5440
384 18016 5664
304 18256 3312
1488 18720 4096
544 19840 3072
8896 13056 8128
-1104 -9056 4064
2256 -4816 608
2192 1344 6048
5568 16912 -5840
9120 26112 6848
3600 16400 10832
-2912 12800 13152
-2624 14848 8704
-1152 15936 -480
144 14176 -11184
-192 8064 -13984
-208 5344 -14064
-1296 1424 -12096
-2512 -2160 -9136
-3472 -3296 -4368
-3344 160 -3936
-2560 2864 -4192
-2544 6048 -3264
-3136 12992 4272
-5200 22816 5072
-2848 26592 5728
3392 16128 4080
2912 15680 1600
1808 15888 384
880 15488 -256
176 14320 -512
-432 12384 144
-720 13136 256
-704 14800 384
-112 15040 208
-544 15664 -80
-544 16080 -32
-1216 16432 -64
-1248 16720 112
-1280 16944 16
-1088 17088 -160
-496 17248 -576
-1456 17024 -2096
-1344 17168 -2304
-944 16928 -1792
-592 16208 -1040
144 16368 -1632
496 15712 -1360
704 15408 -848
960 15520 -1184
1184 15728 -1296
960 15408 -896
896 16128 -864
560 15808 -592
240 16288 -704
128 16368 -784
272 17056 -800
-16 17200 -944
-16 17120 -752
-1440 16752 -464
1168 17152 912
-432 17088 -720
-640 16752 -1248
64 16288 -928
432 15872 -992
-48 15664 -576
-1376 15696 848
-2688 15360 1696
-5808 15312 1632
160 15728 -608
-2624 15600 1616
-2624 15824 -2304
-1936 14864 -1184
-1536 15040 -368
2032 14976 -3520
4304 15680 -1872
48 15280 1536
-3824 14496 240
-1008 13072 -4128
-2176 13328 -1824
-2944 13104 -2272
-1392 14048 -160
1680 14016 -2624
1568 15840 -208
1728 15440 -1184
-1120 16384 816
1456 17392 -768
3168 18000 -1280
6752 18624 -1280
5968 17840 -4928
5024 17392 -752
3664 17104 128
1440 16688 960
368 17024 1088
416 17552 640
-1248 18000 2096
-672 17088 2336
720 16400 -672
816 17136 1104
6144 15136 -2768
5696 16432 -1840
4496 17696 -1648
4096 17696 -544
3664 17440 -864
3744 17168 -1920
4576 16400 -2000
3744 16176 496
1664 16000 800
1744 16128 464
1696 15936 -256
1744 15840 240
1856 15920 -128
3408 15952 -592
3872 15888 -896
3648 15808 -1104
3440 15872 -992
3264 15760 -896
3408 15488 -1296
3792 15616 -1136
4208 15968 -800
4096 15856 -1008
4064 15872 -800
4000 15824 -1232
3952 15824 -1232
3920 15776 -1280
3824 15824 -1200
3824 15728 -1072
3776 15664 -1056
3792 15824 -1088
3664 15920 -928
3552 16032 -1024
3648 15920 -1248
3776 15920 -976
3904 15968 -720
3472 15904 -1360
3552 15968 -1536
3712 16016 -1040
3792 15952 -1168
3808 15776 -1072
3728 15760 -1088
3728 15808 -1088
3680 15712 -1200
3552 15776 -768
3584 15664 -544
3664 15488 -784
3680 15728 -832
3760 15744 -768
3664 15712 -512
3744 15552 -800
3712 15584 -912
3664 15600 -704
3888 15584 -656
3968 15632 -752
4016 15504 -864
4112 15792 -1168
4176 15792 -1200
3968 15568 -1120
3648 15344 -928
3712 15408 -1072
4256 15600 -864
3888 15856 -1200
3712 16032 -720
3408 16096 -912
3600 16048 -704
3664 16160 -848
3552 16192 -1024
3680 16128 -1104
3680 16080 -1088
3680 15984 -1136
3584 15888 -992
3648 15808 -800
3632 15808 -928
3712 15888 -960
3728 15744 -944
3824 15680 -1040
3952 15744 -1040
3888 15712 -1120
4064 15584 -1296
4048 15584 -1472
3760 15632 -1488
3584 15808 -1248
