startup(x,y,z):(496,16240,1392)
432 16240 1232
384 16176 1232
368 16192 1040
176 16240 1152
304 16208 1040
448 16144 896
384 16096 960
480 16112 1056
592 16144 1200
464 16160 1072
576 16192 1088
384 16176 1136
448 16144 1056
400 16192 1104
624 16112 1088
368 16064 1072
368 16112 1216
336 16144 1296
336 16128 1168
304 16192 1008
416 16192 1168
480 16144 1248
400 16192 1264
416 16144 1184
640 16176 1056
432 16208 1312
384 16160 1184
368 16176 1232
336 16160 928
416 16144 864
336 16144 1056
352 16160 1072
384 16144 1088
384 16192 848
384 16144 896
448 16160 976
448 16144 1120
432 16224 1120
416 16128 1040
464 16176 1104
432 16208 1120
464 16176 1184
416 16192 1280
320 16192 1344
352 16208 1312
256 16272 1296
432 16240 1344
304 16272 1376
400 16224 1296
400 16176 1184
464 16144 1312
480 16192 1280
448 16176 1312
336 16256 928
432 16208 960
352 16176 928
368 16128 1056
336 16112 1168
320 16128 1152
304 16112 1024
336 16160 1024
496 16064 1056
496 16112 1248
336 16112 1200
448 16128 1376
496 16128 1264
432 16176 1312
400 16208 1184
416 16224 1120
368 16224 1184
368 16192 1232
288 16192 1296
288 16192 1216
320 16208 1360
384 16176 1408
384 16224 1088
320 16224 1104
352 16192 1088
368 16144 1120
304 16144 1184
336 16160 1072
432 16144 1344
432 16160 1200
400 16192 1168
400 16144 1168
288 16128 1152
368 16144 1072
528 16176 1072
480 16192 1136
480 16224 1312
416 16224 1232
432 16224 1216
464 16224 1216
464 16192 1104
432 16224 1136
416 16272 1248
400 16240 1168
416 16192 1232
416 16176 1440
352 16208 1216
368 16192 1152
384 16192 1136
352 16176 1168
384 16272 1232
48 16320 1104
208 16288 1136
256 16256 1136
304 16144 1088
352 16192 1136
480 16128 1248
464 16064 1248
400 16064 1504
656 16160 1168
368 16144 1424
416 16112 1376
400 16240 1376
496 16240 1216
560 16224 1232
448 16128 1200
320 16128 1376
368 16144 1168
400 16176 1168
352 16144 944
320 16128 1024
368 16176 1120
336 16192 1184
432 16224 1056
384 16176 1072
400 16272 1088
416 16272 1296
416 16176 1152
608 16160 1168
464 16096 1104
352 16128 1216
336 16128 1200
560 16080 1280
448 16176 1344
512 16368 1216
384 16176 1056
352 16160 1104
304 16192 1152
432 16192 752
512 16160 960
384 16208 1040
400 16208 1296
480 16208 1136
432 16224 1216
464 16208 1264
416 16208 1328
336 16192 1184
336 16096 1392
256 16080 1168
288 16080 1104
336 16128 1008
512 16096 816
432 16224 960
448 16192 720
384 16208 880
320 16176 992
272 16240 1104
368 16240 1680
576 16224 1584
560 16192 1248
528 16064 1232
400 16096 1232
416 16112 1296
352 16128 1232
272 16208 1136
368 16160 1104
416 16160 1168
384 16192 1200
480 16160 1104
480 16176 1216
416 16192 1264
416 16288 1296
416 16112 1200
480 16160 1376
448 16160 1344
352 16224 1568
272 16240 1376
400 16240 1296
336 16288 1408
336 16224 1376
288 16144 1312
464 16144 1008
384 16128 1024
368 16096 1024
288 16176 1120
352 16224 1264
528 16176 1152
480 16096 1328
336 16128 1312
352 16192 1280
320 16144 1248
320 16208 1152
336 16208 1072
352 16208 1296
336 16224 1168
224 16240 1104
352 16224 1248
448 16240 1232
432 16224 1296
352 16224 1312
384 16144 1056
384 16160 1344
352 16192 1168
240 16192 832
288 16192 1008
352 16128 1184
368 16080 1152
416 16128 1088
400 16224 1216
320 16176 1392
240 16208 1328
272 16192 1328
352 16160 1328
336 16240 1376
576 16208 1392
608 16176 1376
512 16176 1376
544 16160 1200
480 16144 1232
464 16176 1040
304 16176 1312
192 16096 1376
256 16176 1200
336 16128 1120
448 16176 1168
496 16176 1152
560 16160 960
448 16224 1120
400 16272 1120
352 16240 1280
432 16208 1200
400 16240 1312
448 16240 1280
368 16304 1440
464 16192 1408
352 16304 1264
368 16304 1136
288 16240 1168
320 16160 1168
304 16176 1184
352 16128 1280
368 16240 1168
400 16256 1248
448 16224 1216
288 16160 1056
304 16208 1056
352 16272 1088
432 16240 1120
448 16192 1504
496 16176 1408
368 16256 1344
256 16160 1440
336 16128 1328
