startup(x,y,z):(48,13072,4672)
352 16448 1024
512 16848 1168
2336 18608 1088
-16 17744 1504
-192 16960 2480
-80 16352 2480
-528 16768 1056
-144 16768 720
2400 16576 880
1328 15152 976
1664 17248 1584
1648 16768 1824
880 16128 2080
1904 17056 2208
-1056 13712 -688
-1056 12944 656
176 15168 -160
-1856 14144 720
-192 14752 1088
576 15216 1856
-256 15552 2096
1136 16224 2288
352 16128 2512
432 16544 2336
256 16288 2416
1088 16288 2448
896 16512 2144
880 16240 2768
1216 16560 2880
368 17280 2800
1152 17584 3536
1968 17744 3744
2032 16400 4288
1280 16400 3792
1312 16528 2688
864 15808 2976
1376 16192 2368
912 16368 2240
1120 16432 2000
1056 16512 1984
928 16784 2176
1216 17904 1216
1840 11584 -688
-704 16800 3184
512 15232 4016
1216 15568 4816
1328 15712 4816
1808 14288 4704
1216 14880 4432
1696 15168 5008
2240 15584 5616
2320 15664 5744
2016 15776 4624
2144 15504 4624
2992 15888 3312
4304 16144 -4352
-960 14528 6752
-2448 12224 4672
-2832 14464 4000
-1712 14384 3184
-1280 14976 4032
-624 15152 4032
-144 15536 4544
0 15536 4784
-992 15456 5136
304 15024 4208
112 14832 3424
400 14512 2848
1440 15456 6560
2944 19600 8960
3520 18256 10416
3936 17040 10288
2608 16112 6064
2000 16656 4176
912 16288 2656
-176 15648 1216
-416 15488 128
-704 15440 -432
-992 14800 -640
-1312 14016 400
-1776 13952 1136
-1856 14016 1840
-1984 13936 2688
-2160 13616 2416
-2080 13424 1952
-1776 13424 1904
-1168 13888 1136
-768 14064 864
-256 14336 896
384 15024 1568
1744 15056 2000
2480 14784 1456
3296 14912 640
3744 15552 -416
3392 15856 -864
3216 16096 -960
2960 16224 -1184
2592 16368 -1184
2352 17056 -976
1840 17120 -816
704 16848 -800
480 16688 -704
464 16848 -768
528 17136 -1008
528 17184 -1376
224 16976 -1584
16 16960 -2240
0 16528 -2096
0 16192 -2112
-224 16096 -2576
-224 16032 -2832
-256 15968 -2992
-816 15888 -3728
-528 15760 -3456
-384 15600 -3200
-464 15328 -3056
-288 15472 -3280
-272 15984 -3824
-32 16240 -4224
80 16032 -4864
224 15984 -4848
-48 16000 -5264
64 15920 -4688
144 15712 -4064
288 15776 -4064
336 16096 -3920
464 16384 -3808
464 16336 -3952
48 16448 -3824
64 16416 -3856
288 16320 -3712
80 16288 -3520
160 16176 -3680
48 16256 -4192
288 15856 -4224
336 15568 -4368
288 15424 -4672
160 15232 -4608
208 15184 -4768
112 15056 -4752
-32 14896 -4624
128 14736 -4512
208 15072 -4096
112 15632 -4032
-16 16080 -3760
-464 15872 -3040
-400 16272 -3248
-208 16032 -3312
-384 15424 -3184
-1104 13312 -3248
-1280 13552 -4592
-1504 14128 -5040
-1408 14640 -4928
-1120 14704 -4480
-1088 14784 -4336
-1008 14832 -4272
-848 14816 -4064
-640 14720 -3920
-256 14896 -4048
288 15776 -4144
368 16176 -4288
560 16384 -4160
688 16496 -4112
1072 16544 -3792
1072 16768 -3840
1136 17040 -3936
896 17280 -3744
1040 17376 -3648
1088 17408 -3328
960 17456 -3296
704 17488 -3248
800 17248 -2992
640 16992 -3008
624 16736 -3024
448 16608 -3168
400 16512 -3520
352 16400 -3600
96 16304 -3632
16 16320 -4528
-16 16240 -4128
128 16464 -3856
32 16720 -3664
-48 16992 -3808
-224 17072 -3376
240 16976 -3024
288 16864 -2880
240 16848 -2832
240 16816 -3040
128 16880 -3040
0 16816 -2832
400 16672 -3536
208 16592 -3504
16 16656 -3840
-96 16880 -4256
-768 17056 -4240
-848 17600 -4400
-1152 17168 -3616
-1024 17040 -3248
-1072 17248 -3216
-1216 17184 -3168
-1184 16944 -2672
-992 16880 -1968
-704 16368 -1584
400 16080 -544
864 15728 496
1600 15824 720
1808 15840 720
2304 15392 1696
3920 15024 1872
4400 14368 1520
4912 13776 32
3232 13840 -480
3168 13856 400
4240 14000 1488
4352 14144 1936
3696 14704 1360
1808 18480 -5264
1376 20512 -4816
1488 16912 -3696
1216 12784 6176
1392 13056 1584
1008 13840 -144
928 14880 -368
592 15296 -496
-4368 13600 1744
-2016 14448 1216
-432 15024 1424
256 14688 2272
560 14304 2816
816 14432 2960
1152 14624 3184
1296 14880 3552
1664 14656 2928
1792 15360 2944
1520 15200 4464
1184 15168 3632
688 14560 4240
512 14448 3264
-48 13744 3088
-144 14224 2944
-528 13360 3152
-512 13024 3696
-784 13712 1168
-656 13568 5936
-1120 14128 3104
-1568 14000 6656
-1632 13392 5648
-1856 12656 5344
-4112 15952 -11184
-4096 14064 4432
1152 23088 -3568
1552 30256 -4976
-384 25936 1520
-768 19760 8896
-512 16096 6224
-336 16096 2656
