startup(x,y,z):(464,16224,-16)
-496 16096 992
-432 15712 -672
-32 15712 -672
-160 15472 -800
-288 16640 1680
-112 16640 1376
1424 17984 1376
1728 17728 1760
880 17168 2144
-752 16832 688
-1360 16528 -224
5712 18576 864
2096 16944 2336
1456 16448 1408
1056 16256 912
832 16192 672
832 16128 1056
624 16128 992
432 16112 992
576 16224 960
704 16224 864
560 16160 896
544 16240 800
544 16224 864
464 16224 864
416 16240 944
416 16240 944
416 16208 880
480 16176 848
448 16208 672
480 16176 768
384 16224 960
384 16208 896
352 16208 816
480 16144 816
368 16176 976
304 16272 880
480 16240 880
336 16192 896
432 16224 880
400 16208 640
448 16224 688
448 16224 624
544 16272 624
560 16256 896
512 16224 880
336 16192 736
400 16192 608
304 16208 624
320 16192 720
320 16224 624
416 16224 752
592 16176 752
592 16224 880
416 16224 832
464 16240 832
432 16240 752
336 16208 784
272 16192 896
464 16192 1120
464 16240 960
480 16144 816
496 16144 800
512 16240 800
496 16240 864
416 16176 848
496 16176 608
624 16240 608
480 16240 736
448 16256 768
1072 16224 2064
1888 16128 2064
2016 17184 3696
2496 16752 3248
2416 16128 1616
2752 12496 2064
880 14512 1152
-144 15584 816
-208 15584 1168
-64 16112 1168
-2144 18704 -2128
736 16800 -1200
32 16432 -144
96 16368 736
368 16320 1024
368 16208 864
208 16512 1664
224 16512 1296
336 16496 1296
352 16112 672
256 15968 16
272 16096 496
144 16144 688
320 16208 832
320 16208 1152
368 16192 1152
416 16144 1040
416 16208 944
336 16208 672
384 16256 672
416 16288 784
400 16240 944
336 16208 896
288 16240 784
240 16240 656
288 16208 768
368 16240 960
368 16480 1376
384 16480 1120
544 16384 1104
368 16144 608
336 16016 464
160 16144 464
384 16160 1120
320 16208 1088
512 16224 1264
416 16224 1104
400 16304 992
528 16384 1296
528 16208 816
464 16208 816
416 16160 912
416 16192 832
432 16256 768
432 16208 800
384 16240 704
272 16240 704
224 16160 784
288 16176 976
320 16272 944
400 16256 944
368 16256 944
416 16368 1280
272 16224 1152
400 16112 464
448 16128 608
496 16160 672
496 16160 784
496 16304 1200
560 16304 1200
624 16288 1200
512 16240 992
432 16240 1120
304 16096 800
432 16080 992
304 16192 992
304 16256 976
256 16256 512
-48 15968 560
1632 15584 608
1632 15584 1632
816 15952 1632
304 16080 1072
-160 15904 944
-1232 16112 832
-528 16112 832
736 16160 832
1184 16288 928
1104 16224 944
688 16192 736
336 16240 768
368 16224 864
464 16192 896
752 16256 704
752 16256 1344
736 16112 1344
400 16144 1072
448 16112 1248
352 16128 1040
320 16128 1232
352 16192 1280
352 16192 992
304 16160 864
32 16160 496
32 16160 496
-48 16192 688
32 16192 432
96 16176 704
464 16144 1040
464 16160 1008
544 16160 1008
560 16272 1008
816 16224 1024
736 16240 1008
704 16256 736
848 16240 816
864 16160 976
864 16208 1120
848 16208 1184
656 16272 1184
352 16240 1056
320 16256 1344
432 16176 976
416 16240 880
416 16240 1040
336 16288 1040
672 16336 1040
688 16272 1008
592 16176 976
480 16176 1024
480 16192 896
608 16192 896
560 16128 928
464 16144 752
352 16176 832
432 16128 1024
560 16144 1168
560 16176 944
624 16176 944
544 16240 944
560 16288 864
432 16336 1104
416 16288 1088
416 16256 1424
912 16256 1744
1248 16208 1744
1440 16256 1648
1616 16304 1392
1584 16352 912
80 16192 1568
-496 16064 1552
-496 16544 608
-736 16544 528
432 16784 528
1744 16576 1024
1600 16608 1088
896 17120 2512
-512 16192 1984
-512 16144 1600
64 16288 1184
64 16048 928
544 16048 1072
384 16080 1072
272 16064 864
416 16240 896
144 16304 1024
320 16368 1072
320 16320 896
288 16320 896
384 16176 1008
320 16240 736
224 16320 720
416 16256 704
304 16176 784
304 16336 704
336 16336 896
576 16288 896
544 16256 1088
416 16208 1168
448 16368 1376
384 16336 1376
384 16176 960
288 16176 976
160 16064 976
240 16224 1120
352 16224 1024
240 16192 1184
416 16224 1040
272 16304 1120
272 16304 816
320 16160 992
304 16080 992
448 16128 1072
336 16144 1072
384 16176 1168
336 16176 1072
336 16160 1088
464 16160 832
512 16160 960
464 16192 784
432 16224 992
576 16224 976
576 16240 928
448 16240 896
400 16224 896
448 16176 896
384 16128 960
288 16112 944
400 16144 928
400 16192 1104
368 16192 1136
208 16240 1136
256 16304 1008
416 16288 992
416 16272 992
448 16336 960
448 16592 1696
304 16592 1440
720 16512 1440
576 16288 928
480 16160 528
384 16096 640
256 16240 976
256 16240 1088
352 16240 1088
64 16224 1008
416 16208 1024
-4368 17872 480
-272 15376 1808
2112 14432 336
2112 15584 -464
-160 15584 1008
384 15888 1008
464 15856 928
320 15888 880
-864 16032 800
-1344 15936 864
-1344 16016 1088
-784 16016 1088
256 16240 1152
832 16304 976
4128 17552 -416
2496 17232 416
608 16880 896
0 16592 912
0 16496 1008
464 16496 1008
1488 16288 1632
896 16272 1120
-32 16224 800
-752 16160 336
-1088 16128 -32
-1088 16000 -576
-816 16000 -576
-736 15792 -224
2608 14928 2480
0 15824 608
912 15920 992
384 16240 2192
384 16336 2112
192 16336 2112
640 16384 1088
736 16304 992
432 16288 864
656 16192 1216
656 16160 1264
512 16128 1152
320 16176 1152
320 16176 1264
304 16160 1264
432 16160 1200
400 16224 1088
496 16192 928
400 16256 1040
400 16256 896
384 16256 1136
304 16192 1136
384 16224 1104
464 16128 1008
624 16240 1024
528 16256 928
544 16224 720
528 16240 1072
720 16240 1216
720 16160 1216
384 16160 1264
416 16176 1168
432 16176 1168
432 16256 1008
432 16256 1040
464 16160 1040
560 16112 1136
1360 16224 1920
1936 16032 2800
1936 16256 2416
1824 16256 1952
1392 16400 1952
1040 15920 848
-5664 14176 2592
-1856 14480 3200
-160 15344 1936
368 15984 1488
368 16368 1680
592 16368 1376
928 16400 1376
-1632 16800 -1008
336 16384 816
-288 16368 976
544 16400 944
544 16336 880
320 16288 992
320 16288 992
224 16272 1120
112 16240 1120
256 16192 1072
224 16208 1152
320 16208 1200
432 16160 896
432 16256 1184
448 16256 1184
512 16208 992
512 16208 960
400 16160 880
384 16176 880
224 16208 992
224 16208 960
288 16176 1312
224 16176 1312
352 16176 1136
272 16208 1232
288 16208 1136
288 16224 1056
352 16224 1056
288 16144 1088
272 16272 1232
432 16144 944
464 16144 1168
320 16224 1072
320 16224 1072
176 16224 1072
240 16128 1136
336 16144 976
336 16144 880
256 16160 1072
144 16160 1024
400 16224 1056
304 16224 1040
240 16272 1040
256 16256 1120
400 16256 1104
368 16176 1024
368 16208 1120
368 16240 1200
208 16240 1200
240 16176 1024
192 16240 1056
208 16240 880
208 16288 1168
208 16256 704
208 16224 720
480 16224 752
352 16112 576
272 16208 576
304 16176 768
144 16192 1008
272 16112 944
272 15808 1472
-1120 15808 944
-1680 15776 1056
-912 15904 1056
144 16016 960
3216 18544 -6640
2128 18448 -4480
656 17584 -2768
560 16704 -816
1360 16208 1184
4704 14320 2976
272 15520 1712
1008 15680 2000
1008 16000 1376
592 16112 1040
560 16112 912
544 16096 912
432 16128 752
320 16208 832
304 16224 912
288 16240 832
592 16208 944
448 16208 1040
608 16176 1168
608 16176 1328
496 16192 1120
416 16144 1248
400 16064 1424
400 16368 1072
448 16224 1072
384 16304 1008
704 16240 1040
704 16368 1344
752 16240 1312
1040 16240 1312
784 16128 1296
912 16336 1728
976 16336 2096
896 16368 2096
944 16512 1856
832 16192 1392
-880 16944 -1440
-288 15680 -256
816 15680 -16
1184 16016 512
880 16192 1184
672 16448 1616
496 16608 1904
304 17088 2752
-2000 16448 32
-2000 16448 2672
16 17120 2672
-3904 20144 4384
-1760 18912 10832
4080 19312 20224
-3584 18368 13216
-6736 20864 6400
-6736 16464 1088
-3568 14080 -4256
2336 4560 -11024
7728 -464 -15600
10448 5328 -16928
10768 11872 -16576
9504 14080 -14896
7632 14672 -12624
4080 14512 -8944
-256 15104 -4992
-3840 15904 -1312
-3712 16640 1936
-5856 16640 3888
-6800 17376 3888
-6400 17600 4320
-4896 17088 3664
-2672 16224 2368
-304 15440 688
1792 15088 -672
