startup(x,y,z):(160,16144,272)
592 16432 1344
528 16544 2064
560 16160 2064
656 16144 2160
640 17072 2528
672 16336 2832
544 16512 2800
544 13408 4560
2864 13408 5680
1648 17808 5680
512 20608 6256
-48 19808 6256
368 18880 6528
864 18352 4112
496 16864 4976
496 16864 4544
2224 15808 4544
1984 13120 5136
176 13136 1696
-960 13952 -1264
-3040 -7248 -7408
-3040 4848 -2048
-2208 10976 496
-1440 14144 928
-1440 15104 432
-656 15104 -1360
-128 14560 -1360
-128 13664 -2160
-16 12848 -2288
496 12704 -2240
1264 12272 -1920
1136 22464 112
1984 16000 2336
1616 12224 1648
1216 11456 0
720 12176 208
720 13168 624
784 13168 2768
704 14208 2768
496 15280 3808
0 16688 3392
-784 17504 2304
-784 18096 2064
-1200 18096 2064
-1312 18400 2576
-1424 16848 384
-2256 17600 -1712
-2800 17872 -1776
-2896 18080 0
-2896 18496 1840
-2512 18496 2560
-1792 18816 2560
-768 18816 1456
16 18432 1824
464 17904 1328
464 17488 1264
640 17296 1008
688 17264 1168
704 17264 1168
480 17136 1344
368 16992 800
336 16752 848
336 16512 816
304 16512 816
128 16320 768
16 16160 720
-16 16080 896
-64 16032 1008
-672 16064 1264
-944 16048 1184
-944 16016 1024
-1104 16016 1024
-1344 15904 736
-1472 15680 608
-1616 15680 560
-1408 15264 -96
-1408 15264 -336
-1616 14976 -544
-1472 15104 -544
-1264 15392 -1056
-1168 15664 -1056
-1040 15680 -1232
-928 15536 -1040
-832 15408 -512
-832 15408 -1120
-544 15408 -1120
-576 15744 -1264
-272 15984 -1280
-144 16208 -944
192 16352 -1200
192 16384 -1456
240 16432 -1216
240 16432 -1040
144 16416 -1040
32 16448 -1120
16 16416 -1456
80 16560 -2016
80 16560 -2304
32 16608 -2304
64 16688 -2336
128 16592 -2240
496 16416 -2528
496 16224 -2320
784 16128 -2288
784 16000 -2016
864 16000 -2048
736 15920 -2048
544 15792 -2144
448 15760 -2352
448 15664 -2496
336 15664 -2560
176 15552 -2560
64 15536 -2848
-64 15456 -2928
-112 15248 -2912
-96 15008 -2720
-192 14848 -2624
-240 14736 -2624
-240 14608 -2400
-592 14608 -2288
-704 14608 -2288
-656 14608 -2384
-560 14592 -2064
-432 14656 -2352
-432 14656 -1824
-352 14768 -1824
-192 15008 -1824
-96 15248 -1648
-80 15456 -1808
-208 15680 -2000
-368 15760 -1696
-368 15760 -1776
-640 15840 -1776
-880 15792 -1856
-1040 15744 -1936
-1184 15872 -2416
-1344 15920 -2336
-1344 15920 -2304
-1312 15904 -2320
-1440 15968 -2496
-1376 15952 -2496
-1296 15904 -2464
-1248 15920 -2048
-1056 15888 -2384
-1056 15952 -2400
-784 15952 -2400
-592 16032 -2576
-624 16144 -2672
-528 16112 -2416
-464 16192 -2320
-464 16192 -2192
-432 16256 -2272
-272 16256 -2416
-176 16272 -2416
-288 16288 -2336
-320 16384 -2224
-112 16512 -3232
-112 16512 -3056
-112 17120 -3056
-432 16912 -2208
-672 16416 -2064
-944 16080 -2032
-944 15856 -2080
-880 15680 -2304
-864 15568 -2416
-784 15696 -2160
-784 15696 -2208
-704 15792 -2208
-512 15872 -2272
-448 16112 -2672
-272 16272 -2560
-272 16448 -2448
-48 16448 -2160
-80 16496 -2160
64 16512 -2080
48 16528 -1872
32 16480 -1408
-32 16544 -1536
0 16704 -1168
0 16656 -832
160 16656 -832
448 16608 -48
784 16672 -464
704 16688 -464
688 16544 -480
688 16544 -528
64 16336 -896
-112 16336 -848
-320 16352 -848
-240 16384 -1200
-400 16384 -1680
-336 16304 -1968
-336 16288 -1568
-256 16288 -1840
-64 16192 -1840
32 16160 -1728
144 16192 -1920
-32 16096 -2048
-160 15984 -2080
-416 15952 -1792
-416 15952 -1552
-704 15776 -1552
-1040 15584 -1568
-1104 15376 -1712
-1056 15136 -1856
-912 15024 -1952
-912 14912 -2032
-1008 14912 -2032
-832 14832 -2160
-1056 14832 -2112
-1248 14768 -2048
-1264 14816 -2048
-1472 14928 -2112
-1360 15056 -2176
-1472 15120 -2096
-1456 15216 -2368
-1424 15296 -2240
-1424 15408 -2256
-1408 15504 -2176
-1264 15616 -2240
-1120 15680 -2144
-1056 15760 -2256
-1088 15776 -2464
-1152 15760 -2432
-1312 15776 -2384
-1312 15728 -2464
-1440 15632 -2176
-1408 15632 -2320
-1552 15504 -2336
-1408 15568 -2128
-1408 15568 -2080
-1424 15712 -2080
-1360 15936 -2080
-1360 16048 -2080
-1264 16272 -2080
-1152 16560 -2048
-928 16640 -2048
-928 16736 -1824
-672 16768 -1840
-496 16864 -1792
-464 16784 -1680
-464 16736 -1648
-512 16688 -1520
-560 16688 -1520
-528 16592 -1520
-448 16528 -1600
-336 16400 -1584
-336 16320 -1632
-256 16208 -1744
-112 16192 -1712
-96 16144 -1632
-384 16080 -1472
-304 15936 -1392
-464 15920 -1456
-368 15904 -1488
-352 15904 -1488
-400 15792 -1648
-448 15808 -1472
-384 15824 -1440
-320 15792 -1440
-288 15712 -1360
-352 15824 -1520
-272 15808 -1552
-272 15840 -1520
-64 15840 -1536
-176 15872 -1536
-208 15952 -1552
-336 15984 -1408
-304 16080 -1520
-240 16192 -1584
-240 16256 -1392
-208 16256 -1152
-208 16208 -1152
-32 16208 -1216
16 16224 -1312
-16 16192 -1408
-16 16176 -1632
-16 16176 -1632
80 16160 -1392
128 16176 -1344
320 16160 -1168
256 16048 -976
512 15952 -1136
512 15952 -1168
512 15968 -1168
640 15808 -1216
672 15776 -1104
640 15728 -1168
656 15696 -1056
656 15696 -1104
656 15728 -1104
496 15760 -1200
512 15904 -1232
480 15968 -1392
368 15920 -1360
416 16096 -1440
416 16080 -1792
352 16080 -1568
224 16112 -1568
-48 16112 -1568
-176 16176 -1648
-80 16176 -1744
-192 16224 -1856
-192 16240 -1616
-144 16240 -1472
16 16304 -1472
-16 16336 -1488
144 16336 -1712
144 16368 -1376
144 16400 -1296
144 16400 -1296
192 16448 -1248
336 16448 -1152
320 16240 -1040
384 16208 -1088
496 16192 -928
592 16048 -1024
592 16048 -960
656 16016 -960
848 15872 -960
864 15968 -1008
736 16000 -960
736 16000 -1312
688 16000 -1312
624 16032 -944
544 16144 -1120
544 16160 -1136
512 16208 -1296
352 16192 -928
352 16176 -720
368 16176 -720
240 16288 -992
96 16304 -1104
128 16288 -1088
224 16208 -1072
224 16208 -1104
240 16272 -1104
448 16288 -1184
256 16256 -976
336 16160 -800
256 16096 -944
448 16064 -1040
400 16048 -1296
400 16080 -1088
208 16080 -1088
96 15952 -1200
80 15952 -1184
32 15824 -816
-224 15920 -1008
-16 15920 -1088
-32 15936 -1024
-128 15936 -1024
-192 15904 -1024
32 15888 -1296
-32 15920 -1024
-32 15904 -1040
32 15904 -1040
96 15984 -1360
48 15920 -1152
96 15920 -1152
112 15936 -1280
112 15952 -1168
96 15936 -1168
96 15936 -1440
80 15968 -1440
144 16064 -1408
-64 16112 -1408
-32 16096 -1136
-32 16096 -1184
256 15968 -1184
272 16048 -1344
208 16112 -1552
176 16176 -1616
176 16128 -1488
320 16080 -1424
320 16064 -1328
400 16064 -1328
544 15936 -1440
496 15904 -1184
240 15936 -1152
240 15968 -1216
288 15968 -1248
320 15984 -1248
336 16032 -1312
352 16032 -1232
160 16016 -1232
176 16096 -1216
176 16112 -1392
288 16112 -1552
304 16112 -1504
176 16096 -1504
144 16192 -1440
80 16288 -1344
144 16240 -1488
144 16240 -1424
48 16304 -1424
-16 16256 -1296
128 16208 -1344
304 16064 -1456
224 16096 -1216
272 16096 -1312
272 16016 -1344
352 16016 -1344
432 16064 -1440
336 15904 -1232
352 15920 -1440
272 15936 -1504
272 15936 -1632
304 15888 -1632
400 15936 -1488
256 16032 -1552
320 16048 -1728
128 16096 -1520
128 16096 -1584
0 16080 -1584
16 16160 -1552
80 16160 -1696
144 16160 -1744
208 16208 -1664
208 16208 -1360
144 16144 -1360
272 16208 -1408
352 16176 -1408
240 16160 -1360
336 16192 -1760
240 16160 -1440
240 16112 -1632
176 16112 -1632
352 16048 -1712
256 16000 -1648
304 16032 -1600
384 15920 -1408
384 15968 -1360
352 15936 -1440
416 15936 -1632
400 15920 -1632
272 15936 -1392
304 15968 -1584
336 15984 -1504
336 16016 -1344
272 16016 -1424
208 16032 -1424
448 15936 -1600
-16 15920 -1776
-48 16048 -1728
96 16208 -1568
96 16208 -1504
128 16240 -1504
192 16288 -1264
256 16224 -1552
256 16208 -1360
256 16208 -1264
432 16112 -1264
480 16048 -1408
480 16000 -1520
448 15920 -1728
352 15872 -1712
352 16112 -1264
96 16112 -1264
48 16208 -1152
112 16192 -1152
96 16144 -1312
96 16288 -1520
128 16288 -1520
176 16224 -1520
192 16256 -1424
416 16192 -1600
240 16304 -1680
240 16304 -1408
336 16304 -1408
544 16304 -1568
512 16224 -1648
256 16112 -1504
256 15920 -1520
416 15920 -1696
656 15824 -1696
640 15696 -1584
672 15776 -1344
576 15808 -1424
576 15808 -1264
640 15872 -1264
672 15872 -1376
592 15920 -1472
640 15904 -1440
640 15920 -1392
528 15920 -1264
336 15904 -1264
400 15920 -1488
336 15776 -1536
352 15824 -1664
352 15936 -1920
368 15936 -1920
304 15968 -1680
272 16080 -1744
208 16144 -1632
288 16048 -1536
288 16096 -1520
176 16096 -1520
320 16112 -1632
320 16128 -1584
416 16112 -1664
416 16112 -1600
480 16064 -1888
432 16016 -1888
432 15984 -1584
496 15984 -1504
352 15968 -1408
352 15984 -1728
352 15984 -1728
304 15936 -1472
288 15904 -1520
256 15920 -1600
