startup(x,y,z):(80,16224,224)
-96 17344 6368
-304 18000 832
48 13792 -624
-2656 10112 -736
-2464 13136 -2096
-1424 15504 -1968
-1424 15504 -1168
-80 16096 -1168
-544 15968 -944
-304 15776 -960
-640 15040 -976
-640 14736 -1248
-736 14736 -1136
-432 15920 -1136
-576 14832 -944
48 15168 -512
-720 16160 3600
-848 17056 3744
-240 16432 1648
-240 16432 352
224 15888 352
-96 15680 -592
-64 15536 -1008
-560 16240 304
-288 16528 1664
-288 16832 -64
-384 16832 -64
-368 15952 128
784 15504 128
448 16000 1040
400 15744 1248
336 15968 272
336 16144 -80
304 16144 -80
400 16128 256
320 16128 240
160 16240 448
192 16224 -16
192 16224 352
224 16224 192
112 16224 576
80 16176 576
96 16272 416
48 16256 448
192 16128 672
192 16032 336
176 16032 256
160 16144 256
240 16160 176
272 16192 304
240 16256 304
288 16176 272
256 16224 272
320 16112 544
320 16032 336
288 16032 336
368 16480 -880
544 16800 -656
304 16592 336
272 16544 512
272 16288 48
208 16288 48
256 16224 208
160 16176 208
208 16128 624
32 16128 624
80 16144 544
80 16192 512
144 16192 512
176 16192 624
128 16240 560
-656 16352 -96
112 15744 864
112 15744 816
0 16192 816
-480 15920 624
-320 16128 624
-192 16144 640
256 16096 656
352 16112 224
352 16176 -192
256 16176 -192
384 16240 -176
256 16272 160
208 16288 336
672 16272 384
1568 16912 656
816 16448 -1072
816 16448 672
-160 16544 672
-1168 18928 1760
-1184 13680 1360
-1040 12832 1952
-1328 15872 1232
-1328 17328 1920
144 17072 2928
-1008 16896 2928
-1792 15504 720
-3488 14112 4544
-976 14112 4544
1072 13760 4480
496 11280 5488
-128 10688 5392
-1680 12480 4432
-3056 15648 3840
-3056 15648 3680
-5024 16496 3680
-448 24576 -6672
-112 23824 -6528
4320 28240 -2992
5680 -2192 -13488
7392 14400 -5808
7392 -6512 -3952
3872 -6512 -3952
2864 12432 2464
2032 15472 5088
4736 15472 5088
4080 24064 -3648
-528 30464 -3648
-2752 28784 -784
-4656 28784 1520
-6912 27280 1520
-8064 25344 2592
-7216 22000 4048
-5280 17424 5200
-5280 13328 5264
-2016 13328 3584
1200 11520 3584
4384 8640 768
7344 5264 -2496
9872 2464 -4928
11472 -32 -6576
11392 -2160 -6800
8560 -4992 -5120
8560 -6112 -2560
4368 -6112 -2560
-144 -4864 -896
-3664 -2736 -352
-6032 -496 -752
-6720 1680 -1248
-6400 4096 -1680
-5248 6608 -1056
-3456 8960 176
-3456 10944 1088
-1472 10944 960
688 12992 960
2608 14592 800
4640 15248 384
5680 15888 -288
5920 16368 -752
5920 16368 -928
5952 16624 -928
5600 16576 -976
5136 16176 -1312
4384 15520 -1296
8656 24080 6976
-2048 -4272 -1248
864 -976 448
-1488 -16800 3568
2768 6240 4384
6448 19440 4416
7760 25856 432
7072 19344 -2496
6480 12576 -4112
6464 10048 -5280
5696 11472 -6048
4720 13984 -6848
4720 15424 -7808
4080 15424 -8704
3504 15872 -8704
2848 15856 -9600
2688 16112 -10176
2608 16288 -10224
2608 16288 -9664
2768 16288 -9488
3328 16128 -9056
3408 16128 -8656
3440 16064 -8656
2640 14960 -8720
2912 15664 -9184
2688 16112 -8672
2688 15584 -8112
1248 15584 -8256
-528 15104 -8256
-944 15120 -8272
688 15744 -7952
1296 15664 -7440
1088 15472 -6864
272 15296 -6512
736 15168 -6464
1616 15104 -6208
1616 15104 -5776
2560 15040 -5776
3392 15136 -5264
3824 14864 -4880
3584 14880 -4768
3264 14976 -4368
3152 14928 -4368
3360 14864 -4464
3360 14976 -4336
3136 14976 -3984
2992 14944 -3984
2640 14976 -3840
2512 15024 -3680
2384 15024 -3712
2384 15088 -3632
2176 15088 -3632
2144 15056 -3728
2016 14992 -3808
1888 14992 -3680
1696 15040 -3904
1696 15008 -4192
1616 15008 -4192
1520 15056 -4320
1696 15168 -4080
1696 15264 -4448
2096 15344 -4672
2096 15248 -4832
2288 15248 -4832
2416 15328 -4864
2576 15392 -4848
2848 15360 -4944
3024 15296 -4848
3120 15360 -4768
2880 15312 -4672
2880 15312 -4688
2576 15392 -4688
2240 15408 -4432
2064 15360 -4512
1872 15328 -4464
1856 15328 -4432
1744 15248 -4352
1776 15280 -4224
1696 15216 -4128
1696 15232 -4304
1696 15232 -4416
1840 15232 -4416
1840 15232 -4624
1856 15248 -4544
1792 15184 -4848
1824 15280 -4784
1824 15280 -4768
1728 15360 -4768
1584 15328 -4688
1840 15360 -4992
1888 15296 -5088
2112 15344 -5008
2128 15424 -5168
2128 15344 -5120
2240 15344 -5072
2416 15344 -5072
2512 15344 -5200
2608 15344 -4880
2416 15248 -4848
2416 15232 -4544
2400 15232 -4656
2528 15232 -4704
2544 15232 -4720
2784 15216 -4720
2816 15248 -4704
2640 15264 -4704
2496 15248 -4784
2496 15248 -4736
2240 15344 -4736
1968 15296 -4496
2112 15264 -4624
2048 15264 -4640
1936 15264 -4688
1952 15280 -4640
1952 15328 -4496
1840 15328 -4784
1760 15424 -4784
1776 15344 -4720
1616 15392 -4784
1776 15328 -4960
1776 15248 -4992
1872 15248 -4848
2048 15296 -4848
2048 15280 -4800
2064 15264 -4800
2128 15280 -4688
2224 15328 -4688
2208 15312 -4368
2304 15280 -4640
2400 15280 -4400
2400 15232 -4128
2384 15232 -4128
2272 15104 -4160
2352 15152 -4432
2432 15232 -4384
2160 15216 -4384
2160 15232 -4336
2016 15216 -4416
1824 15184 -4288
1824 15216 -4256
1952 15216 -4256
2064 15168 -4560
2112 15200 -4576
1968 15312 -4832
1984 15280 -4704
1984 15312 -4864
2128 15312 -4864
2240 15424 -5488
2224 15408 -5456
2320 15472 -5520
2384 15456 -5456
2464 15504 -5552
2464 15472 -5136
2432 15472 -5216
2336 15472 -5216
2272 15360 -4992
2096 15520 -5248
1392 15360 -5168
1536 15168 -5152
1840 14880 -4944
1840 14944 -4976
1920 14944 -4976
1712 14992 -4848
1808 15152 -4784
1584 15280 -4608
1584 15360 -4608
1584 15344 -4768
1568 15344 -4912
1648 15312 -4912
2064 15280 -4912
2048 15296 -4880
2240 15264 -4880
2080 15200 -4800
1984 15232 -4928
1984 15360 -5056
2000 15376 -5008
2000 15376 -4784
1984 15424 -4880
2128 15312 -4880
2096 15296 -4928
2160 15296 -4880
2160 15264 -4576
2176 15392 -4480
2112 15376 -4384
2112 13872 -5040
3040 13872 -5040
3232 13568 -4752
2656 14112 -4096
1424 14688 -3664
1424 15008 -3520
320 15184 -4240
64 15184 -4240
768 15344 -4240
1808 15264 -4320
2144 15232 -4176
2160 15248 -4128
2400 15184 -4192
2432 15264 -4416
2432 15264 -4448
2240 15328 -4448
2160 15296 -4736
2192 15296 -4992
2032 15408 -4912
2016 15392 -5200
2016 15392 -5184
1696 15344 -5312
1280 15520 -5120
1568 15632 -5120
2144 15504 -4992
2768 15424 -4800
3184 15392 -4656
3296 15408 -4928
3296 15408 -5360
3040 15552 -5360
2784 15760 -5664
2720 15824 -5472
2448 15840 -5760
2112 15760 -5760
2064 15920 -5648
1840 15968 -5424
1744 15728 -4976
1744 15664 -4096
1856 15664 -4000
2160 15632 -4000
2368 15696 -3968
2336 15456 -3504
2592 15408 -3600
2544 14192 -3760
2544 14192 -4032
3056 15568 -4912
2320 15568 -5936
2128 16640 -5936
1824 18496 -6080
1856 20432 -7360
1424 21120 -7952
1424 20960 -8144
448 20736 -8352
32 20736 -8352
-128 20784 -8160
-208 21264 -8096
-304 21824 -7072
-1008 21840 -5984
-1376 21664 -4960
-1904 21296 -3808
-1904 21296 -2384
-2144 21120 -2384
-1904 21248 -1696
-1776 20896 -1152
-1264 20256 -1056
-1264 19408 -1072
-1088 19408 -576
-1120 18720 -576
-1344 17696 -704
-1248 16560 -800
-640 15360 -1184
-416 14400 -1616
-704 13024 -2016
-704 11520 -2032
-384 11520 -2032
1376 10816 -1712
2624 10416 -1680
10000 -5232 13328
4464 4400 560
2768 9056 -10272
3680 10016 -15712
8432 11568 -14448
8432 14432 -14112
9360 14432 -10032
7744 15088 -10032
3232 10896 -6400
-368 8752 -2192
-2304 11424 1088
-2464 14256 3520
-2464 14256 4624
-3600 17984 5104
-4640 17536 2256
-4576 16560 1520
-3328 15200 1520
-2480 13968 1344
-1920 13632 1232
-1472 14032 1856
-1472 14032 2960
-1104 14000 2960
-496 14848 3248
-528 14496 3008
-736 15136 2752
-736 15792 2336
-752 15792 2944
-1520 15760 2944
-2080 15792 3328
-2576 16032 2896
-2416 16656 2496
-2144 18112 1376
-2144 18112 1232
-1776 18528 1232
-1072 18688 3360
-1120 18352 2944
-752 17696 2896
-752 17312 3040
160 17312 2656
560 16864 2656
800 16512 2528
848 16128 2464
848 15920 2416
592 15920 2256
96 15824 2256
-448 15696 2144
-992 15472 2384
-1648 15440 2464
-1696 15504 2640
-1696 15632 2864
-1776 15632 2784
-1584 15440 2784
-1312 15232 2528
-832 14992 2704
-800 14256 2544
-800 13392 1456
-576 13392 1456
-592 12928 2128
-976 13008 2752
-1088 7648 1600
-2032 20064 3360
-1888 19184 3776
-2240 17360 3488
-2240 17024 2032
-2480 17024 1936
-2256 17152 1936
-1296 15808 1376
-1472 16768 816
-1440 15312 1024
-1440 19424 400
-1376 19424 -304
-1488 15952 -304
-64 16720 -880
-2480 14544 5664
1168 15120 7008
1168 15120 5808
2160 16304 5808
1616 16528 5184
624 16544 4288
-96 16560 3568
-464 16496 3504
-464 16384 3232
-112 16384 3024
368 16192 2608
624 15888 2608
1232 15456 1312
592 15888 1536
192 15952 1744
192 16016 2000
128 16016 2000
-160 16144 2352
-272 16096 2304
-288 16048 1888
-128 16096 2064
0 16096 2304
-16 16000 2400
