startup(x,y,z):(432,16224,160)
336 16048 992
688 16192 1200
240 16256 944
240 16256 912
432 16128 912
800 15920 1408
2304 19120 3968
-1984 16464 2592
-1440 16464 2592
480 16432 1216
640 16176 368
112 15680 -32
272 15856 752
720 16016 1200
832 16224 1376
832 16288 1904
1024 16288 2224
736 16144 1616
256 16080 1328
256 16208 1456
672 16208 1456
352 16224 1088
-384 16288 976
192 16192 1424
0 16128 1200
16 16032 976
144 16032 1232
144 16096 1552
192 16160 1424
192 16160 1568
304 16144 1568
496 16176 1712
480 16176 1952
512 16192 1824
544 16144 1568
512 16112 1616
512 16112 1696
704 16112 2016
656 16096 2016
608 16176 1904
672 16256 1648
688 16400 1600
736 16416 1792
736 16976 1920
800 16976 1856
704 17712 1856
704 17776 2240
480 17648 2624
416 16176 2640
384 15248 1408
624 15248 1184
880 16416 1184
592 16832 1824
656 16464 2992
736 16560 3136
960 16672 2736
272 17024 2144
976 16224 2576
576 15696 1504
112 15600 1696
112 15488 2432
704 15488 1728
704 16032 1728
400 15952 2128
704 15568 2032
160 14768 1984
-176 10720 3936
-80 12784 2480
224 14096 1488
224 14096 2256
288 15056 2256
752 15664 2784
832 15968 3104
864 16064 2976
640 16144 2960
704 15952 2304
384 15984 1648
384 15984 1664
368 16048 1920
592 16048 1936
656 16048 2384
608 15968 2288
624 16160 2592
1152 16064 3072
1360 16096 3584
1360 16144 3360
1184 16144 3360
1968 16016 3792
1824 16240 3728
1456 16432 3312
1360 15776 3104
1520 15920 3040
1008 15504 3456
1008 15120 3776
-16 16000 4320
-16 16000 3696
-176 16496 3696
-1328 16048 3344
-1232 15472 1648
-992 16160 1648
-1200 15616 1520
-592 15088 1616
320 14688 896
-768 14176 1072
-1504 14160 1392
-1536 14336 1296
-1536 14336 1168
-1424 14560 1184
-1072 14816 1184
-944 15056 1248
-784 15296 1232
-400 15712 1168
240 16176 576
816 16576 16
1296 16736 -352
1456 16800 128
1472 16592 320
1552 16400 464
1552 16336 672
1728 16336 672
1664 16288 576
1888 16336 576
2160 16320 -208
2176 16192 -608
2176 16128 -896
2128 16048 -1008
2224 16064 -1472
2080 16080 -1600
2048 16064 -1712
1776 16112 -1568
1776 16144 -1488
1472 16144 -1296
944 16272 -1296
736 16288 -1408
688 16528 -1520
448 14832 -1728
720 13968 -2144
1376 14384 -2224
1840 17504 -2272
1712 15376 -2480
1936 16608 -2144
1888 16736 -2224
1888 16736 -2176
1568 16736 -2384
1408 16976 -2528
1632 16544 -2528
1520 16464 -2672
1776 17312 -2464
1760 16880 -3056
1440 16672 -3216
1104 16816 -3184
496 16560 -2864
496 16560 -2960
736 17104 -2960
336 16784 -3408
-32 16496 -2736
48 16416 -2480
304 17024 -2240
1104 18608 -2944
1104 16672 -1840
1200 16544 -1168
1200 18208 -720
1472 18208 -400
1264 20656 -400
1312 19056 -880
1328 15216 -1440
1232 14720 -1264
1440 12384 -1472
1536 12288 -1408
1120 13040 -1056
560 13664 -432
-128 13840 224
-128 13840 1536
-688 13856 3120
-928 13920 3120
-3616 14656 -496
-1200 15488 -1488
-192 15952 4768
-800 16736 4864
-800 14960 3536
-1504 14960 4352
-784 15808 4352
-304 14080 3648
-416 13296 2864
-1136 12944 2576
-1840 12928 2528
-2432 12928 2352
-2688 13344 2272
-2560 13840 1808
-2560 14080 496
-2368 14192 -128
-1792 14192 -1248
-1008 14512 -1248
-112 14704 -1760
240 14752 -2128
704 15328 -2960
5440 18032 -4112
6704 19888 -5776
6272 24336 -3856
6272 24336 -6176
5952 21232 -6176
6128 20176 -6560
6688 19920 -6928
5712 19504 -5520
5424 18656 -5712
4720 17392 -6272
3840 16672 -5248
3472 16784 -3696
3472 16784 -3072
3680 17344 -3072
4288 18176 -3264
4032 18256 -2784
3568 17936 -2384
2480 17136 -1952
1824 16320 -1840
672 15520 -1120
672 14816 -256
-320 3968 3952
-12640 3968 3952
-12848 8368 8480
-9152 13488 7104
-4416 16912 1696
-1408 17520 -1792
-2832 14832 -7872
-2624 14480 -1968
-2624 11472 -1552
-2656 11472 192
-2912 9136 192
-4112 7712 2400
-5744 7600 3952
-7008 8560 4768
-7936 10080 4304
-7952 11312 3024
-7952 12240 1472
-6736 12832 32
-5040 12832 10512
2576 20704 10512
4208 15760 -1296
4608 17264 1344
5328 13472 -2192
5632 12160 -4608
6432 12960 -4816
6992 14720 -4944
6992 17328 -5456
6144 17328 -6384
6048 18880 -6384
5920 19328 -6736
5904 18752 -7296
6576 18912 -7776
5952 19088 -7056
5664 18368 -7120
5024 18032 -3536
5024 18592 -3408
5328 18592 -4192
5056 18720 -4192
4352 18096 -5024
3296 17104 -5056
2656 16240 -5344
1840 15504 -5504
944 14864 -4848
944 14112 -3904
-416 13312 -2704
-1552 12560 -368
-9552 7152 -64
-10512 9472 6784
-7760 13984 3808
-3328 16912 1296
32 15984 704
1120 15136 288
384 13840 256
-464 13120 -896
-944 12768 -1744
-1440 12704 -352
-2528 12160 2368
-4048 11968 4768
-2656 12160 4080
-3552 11920 4016
-2800 13840 2448
-2064 16544 1136
-144 18656 -1616
2304 20288 -2992
4544 20944 -3760
4544 20752 -4384
5792 20752 -4896
5888 20352 -4896
5296 19856 -4688
4848 18960 -3968
4480 17952 -3456
4480 17040 -2256
5200 16976 -1056
6240 17808 -1104
6240 18784 -2000
7072 18784 -3360
7168 18608 -4304
6288 18608 -4304
5264 17776 -5008
4224 17168 -5360
3248 16512 -5424
2416 15968 -5344
1696 15456 -5088
1696 15216 -4848
1296 15216 -4224
1200 15024 -4224
608 14912 -4384
48 14592 -3824
-12896 4880 2176
-12368 4896 11520
-8080 8496 10336
-8080 8496 5888
-4528 11904 5888
-1424 13344 2880
512 13920 1376
240 13792 1136
-1040 13120 288
-2592 12720 -768
-3168 12720 -1856
-3280 12544 -592
-3280 12352 1856
-3536 12352 1856
-3376 18400 13776
-496 16384 -3872
-2256 19120 11120
-2400 18448 5280
-2080 18800 1328
-272 20272 160
2496 21440 -1456
4288 21568 -3008
5056 21712 -4064
4880 21712 -4176
4880 21424 -4176
4544 20032 -3360
4176 18240 -2512
4480 17328 -1296
5104 16528 32
6576 16928 -1152
6576 17264 -2656
7152 17264 -4656
6848 17504 -4656
6272 17536 -6224
5424 17280 -7088
4656 16624 -7056
3856 16016 -6640
3856 15632 -6352
2992 15632 -6144
2272 15408 -6144
1632 15136 -6064
1856 15184 -6640
1408 15072 -5888
928 14800 -5312
336 14320 -5104
336 13808 -4224
64 13808 -2256
-688 13024 -2256
3232 9232 -944
-3472 9264 -496
-5024 10976 5216
-3152 13536 4896
128 15904 1952
1184 16256 -1888
-1328 15232 -3744
-1328 21936 9936
-2432 21936 -5840
-1888 19072 -3120
-1200 14912 7376
-2144 14912 7136
-3728 14112 7728
-4848 14128 7728
-4576 15040 5696
-2928 16816 3776
-912 18224 1872
768 19152 -336
2448 18896 -2256
3488 17360 -2224
4080 16576 -2320
3856 16656 -2336
3504 16656 -2336
3008 17136 -2416
2832 17712 -2672
2976 17968 -3456
3120 18336 -4256
3536 18336 -4928
3840 18656 -4992
4080 19008 -5712
4032 19200 -5392
3744 19488 -4304
3824 19728 -3184
4032 19952 -2672
4048 19760 -2544
3696 19536 -2096
3520 19120 -2256
3104 18416 -2528
2672 17600 -2272
2048 16896 -1456
1392 16032 -1232
1392 15136 -1040
144 14256 -496
-896 13360 640
-1600 12480 1888
-5440 6016 5120
-5440 7872 4320
-8192 10352 6528
-5232 12736 4224
-4432 13120 800
-3232 12816 -336
-2208 11680 -960
-2256 11680 -704
-2176 10432 -704
-2256 9776 400
-3024 9584 1232
-4576 9968 848
-6048 11568 592
-6176 12352 -128
-6176 12768 -752
-4976 12768 -1200
-3776 13152 -1200
-1104 15440 3248
3312 20160 -2448
4512 20704 -4416
6656 22656 -3520
6272 21744 -3952
4560 20080 -4128
2416 18480 -4416
464 18736 -5712
-656 19136 -7296
-32 18096 -10032
-32 16624 -8560
624 19152 -1792
1760 20688 112
3072 22048 944
2784 22080 1792
4944 15552 1536
4144 15488 -2416
2992 16384 -1248
-1504 17264 -256
-1504 17264 -2144
-1408 20080 -2320
848 18736 -2320
800 16176 704
512 13792 3568
-128 12416 4736
-448 11952 4304
-448 11088 -1136
-5632 11088 -3232
-6544 14000 -4896
-2976 15120 -3088
-2976 15120 -2896
-2320 15056 -2896
-2256 14000 -3760
-2768 12096 -2224
-3056 11216 688
-3424 11056 912
-4224 11472 1280
-6016 12032 1504
-6176 12704 960
-6176 13248 464
-6176 13248 -608
-5456 13872 -608
-4320 15088 -1824
-1472 15648 -1536
3792 17184 -4544
3008 16576 -4656
3008 16848 -4384
2352 18048 -1696
3440 20048 -480
4576 22224 672
5776 24000 1664
6928 24880 2464
7568 25040 2224
7552 24752 1504
6992 24160 720
3712 9776 160
3712 20624 -608
-912 22048 -4144
-288 20576 144
1872 19584 2192
2784 18928 1376
2784 17904 -560
816 16800 -1936
816 15424 -2352
32 13824 -1728
-1328 13824 -8432
-5584 10336 -3392
-5584 8896 -2672
-4528 8528 -2672
-3696 8384 -3200
-3440 6832 4608
-16176 2640 6448
-9936 8656 6928
-7456 9472 -176
-6608 8448 -352
-6608 4912 3728
-7360 4912 3952
-6624 5584 2144
-5728 5584 -2336
-1760 1920 -2336
-5344 11232 2000
-5840 3680 6368
-3504 4448 3152
-2096 6752 816
-1072 10064 -16
16 13168 -896
944 16128 -1200
-2320 23408 8992
-2320 23296 -912
8320 23872 -15952
9088 23872 -12896
4736 22352 -4176
2656 20672 -4176
4272 21584 -576
6224 23392 -688
6896 25056 -5568
7200 25744 -5568
