startup(x,y,z):(704,16208,272)
544 16160 880
576 16096 1152
480 16096 1008
432 16112 1072
512 16128 1072
608 16064 992
624 16032 1104
656 16128 1152
480 16224 1152
480 16224 1232
544 16192 1232
560 16144 1136
736 16176 1344
592 16192 1056
464 16208 912
464 16192 880
480 16080 1008
512 16096 896
480 16144 976
512 16176 1184
512 16224 1328
528 16288 1376
576 16224 1376
608 16176 1408
608 16160 1344
624 16160 1424
592 16160 1424
640 16128 1152
624 16288 1040
544 16224 928
608 16224 976
736 16272 1008
480 16256 1040
432 16224 992
416 16176 1040
464 16240 1152
368 16208 1024
304 16192 976
448 16240 944
448 16224 1072
496 16160 1072
496 16176 1216
496 16224 1168
576 16224 1168
672 16208 1440
400 16176 1280
528 16192 912
704 16160 912
752 16192 896
560 16112 944
768 16112 912
576 16128 928
432 16240 1024
416 16304 1216
640 16192 1024
592 16208 1184
592 16208 1168
592 16208 1360
640 16272 1056
672 16208 1056
656 16208 1360
608 16160 1360
576 16176 1216
544 16256 1248
464 16208 1344
528 16208 1216
528 16176 1136
544 16176 1104
464 16192 1104
480 16224 976
464 16192 1040
672 16128 960
704 16144 944
720 16144 1072
656 16176 1152
720 16112 1088
640 16112 1008
640 16064 1264
704 16064 1184
640 16144 1072
640 16144 1040
672 16128 1152
656 16112 1072
656 16176 960
576 16176 960
624 16160 928
640 16128 816
496 16144 928
416 16112 1040
560 16192 848
544 16272 960
304 16224 1184
368 16192 1200
432 16176 1264
432 16208 1328
368 16208 1104
624 16240 1104
672 16224 1344
832 16096 1216
624 16176 1408
624 16256 1376
704 16240 1328
704 16240 1568
832 16240 1568
704 16208 1408
688 16208 1312
608 16240 1408
576 16160 1424
512 16208 1376
288 16096 1520
288 16176 1568
256 16176 1568
304 16176 1248
608 16160 1248
752 16176 1168
656 16128 1440
432 16160 1296
-448 16816 2336
-448 16240 1776
-704 16240 1456
-480 15968 944
112 15856 944
496 15760 752
960 15728 528
1168 15728 656
1168 15792 592
1088 15920 752
1088 16064 784
992 16064 1040
960 16064 1040
800 16064 1152
608 16160 1344
592 16160 1504
640 16160 1520
672 16144 1520
704 16096 1552
704 16048 1440
544 16064 1136
608 16064 1072
656 16016 1072
528 16032 1312
640 16192 1456
624 16256 1568
576 16240 1152
576 16240 1312
608 16288 1312
688 16288 1264
720 16112 1088
720 16160 1200
624 16176 1200
592 16160 1376
592 16112 1392
400 16112 1824
320 16096 1824
640 16144 1488
448 16224 1632
640 16176 1264
640 16176 1344
736 16176 1200
672 16160 1200
624 16096 1392
736 16208 1248
624 16176 1456
656 16128 1536
656 16272 1456
624 16272 1456
576 16192 1344
496 16128 1184
304 16048 1280
304 16048 1232
336 16048 1360
288 16032 1360
464 16048 1456
496 16112 1520
528 16160 1536
512 16096 1664
592 16176 1488
592 16176 1680
576 16160 1680
624 16144 1568
608 16144 1760
576 16064 1344
592 16128 1264
592 16128 1184
592 16224 1184
624 16128 1152
624 16144 1328
720 16160 1280
736 16144 1152
624 16208 1312
624 16208 1616
576 16192 1616
576 16240 1440
544 16256 1424
368 16160 1488
288 16160 1504
288 16096 1680
384 16128 1440
592 16128 1536
784 16176 1536
624 16128 1440
512 16080 1584
496 16080 1392
400 16064 1280
560 16064 1264
688 16112 1216
688 16112 1696
592 16160 1696
512 16144 1616
496 16112 1552
608 16112 1488
672 16128 1568
496 16160 1456
560 16064 1488
560 16144 1424
544 16208 1392
400 16144 1424
544 16144 1584
800 16144 1392
784 16176 1344
704 16144 1264
608 16160 1248
464 16256 1136
528 16160 1648
752 16144 1952
752 16192 1968
752 16224 1712
816 16224 1680
768 16256 1600
688 16224 1744
656 16192 1696
640 16160 1680
624 16160 1808
752 16160 1712
672 16144 1424
800 16176 1216
752 16176 1344
752 16176 1488
656 16112 1488
768 16064 1456
656 16048 1440
480 16064 1344
320 16032 1280
544 16368 2240
768 16480 2240
1104 16448 1744
944 16272 1488
912 16192 1296
656 16096 1120
528 15968 1072
400 16016 1392
528 16080 1456
528 16112 1584
544 16112 1632
656 16256 1424
672 16224 1584
784 16224 1744
784 16192 1680
816 16192 1744
720 16160 1744
752 16224 2016
736 16224 2016
752 16160 1680
688 16064 1808
576 16016 1456
720 15952 1296
672 15984 1296
752 16016 1488
752 16160 1632
656 16176 1552
704 16192 1632
512 16160 1456
672 16080 1424
672 16144 1568
608 16240 1744
736 16208 1728
560 16144 1808
688 16192 1872
688 16160 1712
576 16160 1712
752 16144 1728
736 16160 1792
640 16112 1632
592 16160 1856
640 16112 1664
560 16128 1888
528 16112 1888
528 16112 1936
640 16192 1936
768 16176 1600
800 16112 1648
736 16096 1392
704 16048 1456
608 16128 1440
608 16176 1440
608 16224 1664
496 16176 1712
592 16160 1920
464 16112 1840
608 16208 1680
656 16160 1744
656 16192 1680
720 16192 1552
720 16128 1680
672 16128 1776
592 16112 1776
656 16112 1664
496 16032 1760
624 16096 1696
720 16144 1840
720 16176 1856
736 16176 1856
656 16144 1472
624 16144 1728
560 16048 1712
464 16144 1888
528 16224 1856
688 16208 1696
624 16176 2064
624 16272 2032
544 16272 1776
704 16224 1776
752 16128 1712
784 16224 1888
816 16176 1584
688 16208 1808
688 16208 1808
848 16208 1760
832 16208 1760
800 16096 1728
768 16128 2064
560 16288 2192
688 16304 2080
656 16240 1808
688 16160 1680
688 16064 1488
624 16064 1744
688 16000 1744
624 16000 1648
480 15984 1568
608 16080 1616
528 16144 1824
512 16224 1712
608 16144 1936
608 16128 1952
624 16128 1936
672 16144 1936
768 16128 1760
720 16064 1664
688 15984 1712
576 16144 1728
592 16144 1776
592 16096 1712
672 16096 1696
576 16128 1888
608 16128 1712
608 16128 1904
784 16096 1904
752 16176 1952
800 16096 2112
672 16128 1888
704 16128 1888
880 16128 1872
992 16144 1776
992 16032 1696
880 16032 1808
800 16064 1808
864 16080 1664
784 16096 1584
672 16112 1728
608 16160 1952
608 16064 1776
640 16064 1776
832 16096 1648
640 16160 1968
432 16224 2000
528 16208 1936
640 16192 1856
608 16112 1760
608 16112 1664
672 16128 1696
816 16128 1696
768 16112 1840
624 16192 1920
896 16128 1776
848 16064 1744
688 16128 1584
688 16032 1632
720 16144 2032
384 16144 2032
128 16144 2096
528 16096 1840
784 16016 1440
784 16016 1456
784 16016 1520
752 16016 1520
640 16112 1840
624 16144 2096
720 16096 2064
688 16128 2160
816 16128 1840
816 16288 2384
656 16288 2384
736 16160 2224
768 16192 2096
688 16160 1760
688 16144 1904
560 16320 1568
640 16320 1456
496 16144 1456
592 16016 1728
592 16080 1504
528 16048 1520
736 16032 1472
688 16080 1744
688 16208 1920
672 16208 1920
704 16128 1968
752 16112 2080
736 16304 1568
128 16512 3184
528 16160 2176
416 16384 2400
416 16224 2032
512 16224 1952
672 16208 1952
720 16176 2176
768 16000 2016
688 16048 2112
624 16144 2352
624 16112 1872
656 16144 1824
656 16144 1824
688 16048 1792
736 16080 1888
704 16112 1728
784 16160 1680
736 16160 1648
736 16160 1744
752 16112 1872
640 16080 1872
512 16080 1888
608 16080 1440
640 16224 1904
720 16224 2000
720 16208 2128
768 16208 2240
800 16240 2240
928 16064 2032
848 16080 1920
656 16096 2080
656 16048 1952
320 16048 1952
576 15952 2032
704 16000 2064
704 16096 2096
688 16112 1920
608 16080 2128
608 16096 2208
448 16112 2096
624 16192 2000
816 16192 2000
752 16112 1984
688 16064 1808
672 16096 1776
672 16176 1856
704 16176 2336
688 16064 2144
672 16080 2144
480 16064 1952
640 16192 1840
912 16144 1872
720 16112 1888
720 16112 2096
688 16000 2096
704 15968 1856
704 15984 1808
640 16080 1904
608 16192 2048
624 16112 2016
624 16112 1968
720 16016 1968
656 16144 1712
656 16128 1984
816 16096 1792
816 16112 2032
816 16096 1872
848 16096 1872
688 16096 1920
752 16032 1856
848 16016 1936
800 16048 1760
736 15952 1792
736 16048 1440
688 16048 1712
832 16080 1712
720 16064 1840
480 16064 2144
480 16128 1888
592 16128 2480
544 16176 2480
784 16112 2160
816 16208 1728
864 16176 1872
864 16032 1744
848 16032 1824
800 16080 1824
736 16144 2208
720 16064 2112
624 16128 2064
544 16144 2160
592 16096 2320
