startup(x,y,z):(64,16192,336)
688 16112 1024
656 16256 1232
400 16192 1376
464 16240 1072
256 16160 1200
256 16352 1024
64 16352 944
-240 16656 944
-112 17536 896
144 17312 1120
560 18816 1136
560 20464 976
576 20464 992
976 18992 992
832 17728 1488
512 16864 1552
80 16352 1376
80 16352 992
32 15952 864
416 15728 864
480 15600 1360
944 15840 1696
352 16224 1936
5152 14368 512
5152 14368 464
3184 15056 464
880 16608 1152
496 17008 1616
224 -3488 -1312
-224 -3232 -4720
-224 9824 -1184
-560 9824 832
-224 11456 832
672 13952 1792
640 14784 2064
704 15120 1760
704 15520 1488
624 15520 1488
688 15552 928
656 15552 976
416 15712 1408
400 15808 1552
400 15760 1712
432 15760 1616
336 15792 1616
368 15872 1728
368 15936 1520
256 16016 1552
256 16000 1792
400 16000 1792
256 15888 1824
208 15824 1776
160 15600 2320
512 15424 1360
512 15376 2080
512 15376 2080
400 15424 2368
320 15504 2464
-144 15488 2528
-176 15328 2432
-176 15248 2624
-432 15248 2624
-336 15312 2352
-192 15360 2416
-160 15424 2400
-160 23584 3792
496 20000 4224
1056 19200 2928
384 15760 3744
384 15760 3424
-112 13136 3424
-384 13120 2800
-400 15168 2800
128 14048 2976
240 15072 2496
576 14528 2288
576 14320 2256
464 14320 1856
448 14256 1856
608 14240 1824
736 14176 1824
784 13920 1632
528 13632 1680
592 13632 1568
336 13344 1568
304 13072 1152
144 12688 832
0 12368 512
0 12368 320
-224 12032 320
-400 12304 -592
-240 12416 -1056
-144 12496 -1248
16 13088 -1344
336 13840 -1584
336 13840 -1648
624 14432 -1648
608 15008 -1712
448 15712 -2016
320 16416 -1792
320 16848 -1968
432 16848 -1968
704 17168 -1856
1008 17536 -1808
1136 19264 -512
528 20368 -3648
416 23872 4304
416 23872 -1856
1312 22400 -1856
2464 21264 112
3808 19968 -1712
4832 19392 -3216
5520 18384 -3536
5520 18128 -4032
5584 17824 -4720
4112 17040 -4512
4240 16416 -4400
4240 15504 -5424
4864 14864 -10640
3984 14864 -10640
1360 11760 -14384
-3008 9680 -8112
-3664 9280 416
-3344 13216 5232
-3344 16240 2000
-112 18432 -1328
-976 18432 -2912
-1040 17312 -3024
-96 17360 -6160
1328 18416 272
2256 18224 -4528
2256 17600 -3584
2480 17600 -3584
2912 16912 -3504
3424 17184 -3472
3168 18176 -4112
2992 17184 -4544
2992 16688 -4688
3056 16688 -4704
3200 16688 -4704
3472 16672 -4976
3200 16128 -4608
3088 15728 -4784
3136 15360 -4800
3136 15360 -4800
3248 15152 -4800
2976 15472 -4800
2704 15360 -4816
2752 15104 -4464
2752 15344 -4064
2592 15344 -4128
2240 15424 -4128
1952 15312 -3808
1728 15200 -4272
1728 15376 -4240
1744 15136 -3936
1744 14880 -3824
1888 14992 -3824
1808 14992 -3728
2032 15232 -3776
2192 15616 -3888
2144 15376 -3792
2144 15424 -3520
1888 15424 -3520
2000 15408 -3552
2016 15456 -3664
2016 15536 -3728
2160 15536 -4064
2160 15536 -4256
2096 15536 -4256
1904 15568 -4128
1840 15568 -4048
1632 15632 -3856
1616 15568 -3728
1744 15584 -3648
1744 15552 -4016
1584 15504 -3808
1472 15504 -3808
1424 15584 -4016
1552 15552 -3968
1568 15536 -3984
1568 15472 -3984
1440 15472 -3888
1520 15504 -3888
1536 15520 -3984
1536 15568 -3968
1648 15424 -3920
1808 15504 -3904
1808 15488 -3904
1776 15488 -3936
1840 15488 -3936
1856 15472 -4032
1824 15488 -4128
1968 15600 -4128
1968 15552 -4224
2016 15552 -4224
2192 15552 -4544
2192 15584 -4272
2240 15552 -4544
2176 15584 -4544
2176 15648 -4512
2032 15600 -4448
1776 15600 -4448
1440 15616 -4336
1712 15632 -4416
1664 15616 -4224
1680 15648 -4384
1680 15856 -4272
1536 15856 -4432
1584 15824 -4432
1504 15936 -4528
1568 16080 -4240
1456 16144 -4064
1424 16048 -4032
1424 16048 -3968
1536 15312 -3968
1696 14960 -4192
1872 15136 -4064
2112 15392 -4304
2064 15504 -4288
2064 15536 -3888
1904 15792 -3856
1712 15616 -3856
1808 15536 -4208
1712 15568 -4048
1792 15536 -4032
1808 15488 -3936
1808 15504 -3776
1568 15504 -3776
1552 15552 -3920
1632 15488 -3936
1760 15472 -3792
1728 15600 -3728
1728 15600 -3584
1744 15600 -3568
1856 15456 -3568
2048 15552 -3632
2032 15776 -3632
1904 16032 -3520
1952 16176 -3504
1952 16176 -3792
1744 16128 -3792
1472 16384 -3904
1136 16848 -3728
1104 17328 -3616
816 17104 -3760
816 17264 -3760
912 16944 -3600
1248 17104 -4192
1680 16688 -3408
1872 15568 -4816
1872 14912 -4032
2000 14912 -7616
5136 -1088 -2432
5280 2496 -3072
3968 7648 -3072
2768 11184 -3984
2080 13264 -4176
1664 14032 -3920
1808 14768 -4352
1808 15264 -4176
1792 15264 -3952
1680 15504 -3952
1712 15536 -3776
1744 15568 -3936
1872 15712 -4016
1872 15696 -4208
2016 15696 -4320
1984 15696 -4320
2128 15520 -4176
2352 15616 -4000
2160 15680 -4064
2112 15744 -4064
2112 15744 -3696
2240 15872 -3696
2544 15904 -3552
2320 15792 -3456
2336 16080 -3424
2336 16480 -3312
2368 16208 -3024
2448 16208 -3024
2272 15888 -2800
1808 15232 -3520
1952 15712 -3232
2144 16240 -2848
2144 17184 -2960
2560 17184 -2960
2512 16768 -2976
2976 16064 -2688
3680 14672 -2864
3136 15952 -2992
3136 15952 -2512
2176 17296 -2512
2112 8032 336
2928 12624 -3552
3232 14448 -4000
3120 14816 -3408
3120 14704 -2720
3152 14704 -2720
3424 14528 -2864
2624 18640 -4560
2992 11456 -3920
2992 11776 -4800
4384 11776 -4160
4192 13104 -3472
3808 14032 -3472
3408 14336 -2480
3056 14640 -1888
2512 15024 -1728
2448 14784 -2176
2448 14784 -2416
2592 14848 -2416
2944 14976 -2544
3040 15328 -2416
2976 15552 -2176
2704 15648 -2160
2704 15888 -2240
2320 15888 -1968
1936 15728 -1968
1568 16224 -1920
1888 16576 -1936
2208 16016 -2032
2208 15664 -2032
2496 15664 -2032
2704 15568 -2176
2832 15920 -2256
2784 16048 -2256
2624 16160 -2352
2624 16224 -2320
2512 15584 -2496
2368 15584 -2512
2400 15504 -2512
2496 15184 -2464
2384 15264 -2512
2320 15616 -2544
2320 15648 -2800
2288 15648 -2800
2128 15680 -2720
2112 15680 -2592
1984 15664 -2752
2000 15552 -2672
2000 15632 -2560
1856 15632 -2560
2000 15312 -2448
1936 15648 -2480
1952 15808 -2448
1968 15760 -2592
1968 16416 -2432
1296 16416 -2480
2128 16224 -2480
2080 16160 -2400
2032 16048 -2304
2096 15888 -2560
2096 15808 -2432
2336 15808 -2544
2480 15648 -2544
2432 15552 -2512
2560 15584 -2544
2528 15568 -2464
2448 15584 -2352
2448 15664 -2464
2320 15664 -2720
2256 15776 -2720
2288 15776 -2800
2320 15840 -2640
2320 15936 -2304
2224 15920 -2144
2192 15888 -2256
2320 15952 -2256
2288 15888 -2352
2160 15856 -2480
2272 15936 -2736
2272 16016 -2560
2224 16016 -2560
2240 15792 -2368
2048 15808 -2368
2064 15776 -2352
2192 15824 -2192
2192 15696 -2336
2208 15776 -2368
2048 15776 -2368
2208 15904 -2400
2144 16128 -2400
2128 16240 -2368
2128 16304 -2176
2048 16304 -2320
2176 16336 -2320
2160 16080 -2272
2080 16048 -2272
1952 16208 -2608
1840 16144 -2464
1840 15968 -2864
1936 15968 -2976
1888 15888 -2976
1952 15792 -3264
1872 15600 -2928
1856 15616 -2896
1856 15600 -2944
1792 15600 -2944
1936 15488 -2656
2128 15456 -2576
2096 15616 -2464
2240 15760 -2480
2240 15808 -2560
2592 15808 -3072
2640 15840 -2960
2640 15824 -2784
2496 16000 -2560
2544 16016 -2352
2544 16144 -2240
2304 16144 -2240
2144 16128 -2320
2032 16064 -1968
1968 15904 -2336
1984 16000 -2640
1984 15872 -2640
1888 15824 -2912
1808 15824 -2912
1920 15808 -2880
1984 15728 -2576
1856 15744 -2448
1856 15824 -2528
1856 15824 -2912
1968 15936 -2912
2048 15984 -2896
1904 15968 -2496
1968 16064 -2256
1984 16096 -2064
1984 16000 -2192
2016 16000 -2192
1984 16000 -2128
1872 15984 -2448
1792 15856 -2640
1792 15936 -3056
1792 15936 -3168
1792 15936 -3024
1808 15920 -3024
1888 15888 -2944
1776 15840 -3136
1776 15808 -3376
1776 15776 -3456
1760 15776 -3344
1616 15824 -3344
1520 15664 -3168
1376 15728 -2816
1600 16000 -2608
1600 16000 -2656
1808 16096 -2656
1744 16144 -2288
1936 16144 -2480
1776 16160 -2496
1744 16064 -2688
1792 15984 -2768
1792 15984 -2608
1856 15888 -2608
1888 15952 -2720
2016 15888 -2480
2112 15888 -2352
2112 15904 -2512
2160 15904 -2768
2272 15824 -2624
2256 15824 -2512
2160 15904 -2832
2320 15936 -2720
2176 15808 -2528
2176 15808 -2256
2016 15744 -2256
1936 15696 -2112
1952 15600 -2320
1312 15168 -2144
1312 14752 -2112
1408 14752 -2624
1264 15024 -2624
912 15760 -2240
80 17488 -1792
576 16624 -1712
912 18208 -1760
912 17504 -1216
2160 17504 -1216
3280 16944 -1216
496 18752 -864
7616 16976 -4080
5840 16736 -3280
5840 16896 -1792
2320 16896 -1792
1552 16800 -1104
1136 16496 -880
944 16272 -544
832 15216 -1056
1408 15216 -1056
1984 15552 -1360
2816 16128 -1984
3328 16496 -2448
3328 16576 -2416
3584 16576 -2256
3584 16448 -2256
3232 16192 -2128
2864 16048 -1696
2208 16128 -1360
1584 16112 -1120
1584 16288 -1168
1152 16288 -1168
1312 16368 -1264
1568 16384 -864
1968 16592 -256
2176 16784 -128
2176 16992 -64
2304 16992 48
2128 16912 48
1872 16768 80
1664 16544 176
1280 16272 400
