startup(x,y,z):(608,16176,336)
768 16176 944
736 16240 1056
784 16224 1088
736 16272 1200
752 16128 752
656 16064 560
528 16048 816
528 16144 704
560 16192 992
560 16144 1008
752 16144 1136
704 16160 1152
608 16192 1296
656 16160 1120
496 16112 1072
560 16016 736
656 16016 992
592 16080 1056
576 16176 1056
592 16128 928
576 16160 944
656 16112 1088
592 16192 1072
656 16112 1104
640 16112 1152
656 16192 1152
720 16144 1088
576 16128 1264
432 16176 1232
512 16272 1296
2016 16512 880
1712 16368 1056
1104 16288 928
1008 16272 896
896 16272 928
720 16272 912
688 16288 1024
544 16256 960
464 16176 960
464 16128 1328
480 16128 1152
672 16080 1184
624 16096 1280
736 16224 928
768 16128 928
656 16128 912
704 16176 1168
608 16176 1152
656 16192 1088
656 16192 1312
848 16096 1552
800 16176 1344
704 16176 1344
624 16192 1376
720 16288 1568
528 16592 1632
464 16928 1744
240 17648 1664
240 17344 1648
288 17344 2592
880 17904 2592
720 16320 2304
1024 16432 1504
832 16432 1248
672 16224 1296
768 16096 1216
608 16144 1296
608 16256 1008
672 16320 1040
672 16080 1264
640 16080 960
656 16112 960
672 16128 896
624 16112 864
624 16224 1152
672 16304 1120
672 16208 1120
784 16576 1392
864 16704 1728
992 17232 1872
992 17552 1968
1312 17552 2256
1360 18320 2256
-1632 16256 2752
656 19264 1968
400 18752 2112
2176 17312 2176
2176 19072 2704
2448 19072 3744
2272 19600 3744
416 17728 6544
2368 -3984 -9408
544 9920 -6336
-304 12704 -2976
80 14176 976
112 14976 3952
-512 19296 4528
-1008 18208 4832
-1216 17440 3888
-1136 17504 -272
-768 17584 -1600
-176 17088 -1328
832 16176 -864
1376 16288 -576
1376 16320 128
2000 16320 656
2224 16224 656
2816 15936 1136
3248 15696 1280
3408 15488 1088
3408 15216 832
3344 15216 -352
3312 15120 -352
3152 14944 -704
2928 14752 -944
2752 14608 -1296
2496 14384 -1248
2288 14256 -1088
1648 14640 -848
1648 14832 -624
1168 14832 -240
720 14976 -240
496 15136 352
96 15296 624
32 15440 832
-96 15632 880
-96 15728 912
-144 15728 736
-112 15776 736
-32 15936 832
-48 16128 880
-48 16320 752
-48 16320 1264
-80 16352 1264
352 16480 1200
512 16496 1104
544 16544 1200
864 16720 1296
1152 16752 1216
1152 16912 1200
1232 16912 1200
1456 16944 1120
1536 16928 832
1552 16832 736
1632 16800 416
1632 16800 272
1392 16688 272
1456 16480 96
1536 16384 -192
1536 16224 -304
1792 16176 -560
1680 16128 -432
1680 16128 -224
1648 16240 -224
1568 16320 -304
1568 16288 32
1504 16240 192
1568 16224 496
1568 16224 528
1584 16224 448
1552 16128 448
1632 16096 240
1504 16096 160
1424 16096 144
1264 16128 368
1264 16112 416
1312 16112 336
1312 15984 336
1312 15920 688
1248 16048 656
1248 16032 768
1152 16128 688
1152 16112 464
1120 16112 112
1168 15984 112
1216 15872 304
1056 16000 288
816 16096 480
944 16064 560
944 16192 592
1024 16192 688
1040 16176 688
1312 16128 672
1344 16144 800
1344 16160 736
1232 16144 576
1232 16192 432
1216 16192 688
1488 16176 688
1392 16240 592
1424 16384 384
1600 16336 496
1584 16352 464
1584 16368 688
1584 16368 736
1568 16368 736
1552 16432 704
1616 16352 816
1568 16192 688
1568 16176 592
1488 16128 720
1488 16112 432
1472 16000 416
1488 16000 592
1488 16032 448
1392 16032 416
1232 16096 512
1056 16096 448
1200 16112 448
1184 16160 592
1456 16256 304
1552 16320 16
1568 16400 288
1616 16336 256
1520 16384 176
1680 16288 288
1680 16272 272
1664 16272 352
1760 16192 224
1680 16192 224
1792 16224 400
1552 16240 352
1376 16240 544
1280 16224 544
1312 16304 544
1296 16240 480
1184 16256 496
1136 16336 800
1040 16336 416
1152 16224 464
1168 16176 576
1216 16160 576
1424 16176 320
1856 16160 416
1872 16192 560
1872 16192 448
1952 16288 448
2016 16272 576
2016 16240 528
2016 16192 608
2048 16144 592
1904 16144 384
1744 16096 336
1680 16064 320
1552 15936 320
1248 16000 192
1184 16016 176
1184 16016 544
1136 16160 544
1040 16144 352
1120 16032 240
1232 16160 240
1344 16096 320
1280 16112 368
1136 16176 96
1216 16192 192
1312 16128 224
1376 16176 224
1248 16240 80
1328 16288 192
1328 16288 352
1440 16304 512
1536 16368 656
1568 16448 800
1616 16480 800
1696 16480 784
1728 16576 784
1712 16560 864
1760 16336 784
1792 16336 768
1792 16256 480
1840 16208 496
1712 16080 576
1664 15824 752
1488 15552 1056
1152 14528 2000
1248 15152 608
1248 16016 -592
1008 16016 -704
1296 16992 -704
2016 17088 -464
2000 16560 128
1808 15952 368
1648 15696 672
1376 15984 736
1376 16384 512
1248 16544 576
1248 16608 592
1136 16608 736
1056 16512 736
896 16336 880
976 16240 1088
1008 16256 976
944 16240 1024
944 16336 768
1136 16384 496
1136 16304 528
1200 16144 496
1136 16096 704
1312 16096 704
1328 16048 528
1280 16064 432
1344 16096 432
1344 16096 336
1392 16176 448
1360 16176 448
1488 16128 704
1776 16160 688
1680 16144 656
1728 16192 800
1664 16272 704
1632 16272 256
1584 16224 496
1584 16208 32
1440 16208 32
1392 16128 0
1136 16080 96
848 16032 288
672 16240 368
608 16208 240
704 16096 64
864 16096 96
672 16144 480
720 16176 528
720 16176 656
432 16160 656
704 16128 608
800 16080 768
1024 16240 992
1024 16368 1072
1024 16368 1168
880 16384 1056
1024 16384 944
1072 16256 864
1344 16256 768
1072 16256 800
944 16240 800
1056 16288 816
1296 16512 912
1136 16640 576
1296 16736 592
1296 16960 800
1520 16800 832
1472 16624 768
1552 16624 1216
1696 16624 1232
1472 16608 1232
1216 16560 992
1184 16640 1072
1280 16448 880
1456 16352 992
1232 16080 768
1200 15904 688
1184 15728 736
1248 15552 576
1072 15536 416
816 15472 544
816 15472 240
912 15472 240
624 15552 368
656 15696 640
640 15776 608
928 15792 944
1200 15984 864
1072 16112 864
1200 16224 688
992 16368 720
1104 16480 736
1104 16480 912
1152 16480 912
1360 16448 864
1328 16400 816
1488 16416 816
1296 16352 640
1296 16336 608
1152 16224 592
1168 16080 656
1168 15920 608
1280 15920 608
1104 16000 608
1152 15984 624
1168 15920 640
1120 15968 640
1120 16000 704
1168 15984 832
1168 15984 784
960 15856 816
1072 15888 736
1264 16000 640
1264 16000 640
1200 15936 576
1136 15920 464
1328 16000 560
1136 16096 336
1136 16240 320
1248 16256 528
1248 16256 528
1296 16256 640
1376 16336 704
1232 16448 848
1360 16528 848
1312 16560 544
1232 16544 560
1232 16480 656
1296 16480 496
1296 16480 496
1408 16448 560
1328 16352 560
1360 16192 576
1456 16064 464
1328 16048 544
1280 16000 608
1280 16000 752
1280 15936 752
1312 15920 480
1344 15872 576
1168 15920 720
1136 15920 672
1104 16032 736
1008 16240 656
1008 16320 688
912 16320 688
992 16320 960
1120 16288 720
1184 16256 720
1184 16272 640
1248 16288 704
1248 16288 640
1344 16272 832
1520 16160 656
1568 16112 768
1504 16048 768
1504 16064 480
1520 15616 -176
2176 15456 -432
1456 15392 96
1216 15312 560
1312 15824 912
1344 16288 976
1392 16496 1040
1488 16512 1040
1312 16432 1328
1088 16432 1296
1040 16432 1248
1072 16528 1008
1024 16416 688
1104 16272 816
1040 16224 816
1056 16176 720
1024 16192 624
1168 16240 576
1216 16176 528
1184 15968 832
1360 16096 928
1296 16400 960
1296 16384 752
1424 16272 896
1616 16272 1008
1616 16160 1008
1616 16032 944
1664 15984 656
1440 16000 640
1488 15952 640
1536 15968 752
1472 15968 880
1392 16080 896
1312 16208 1008
1136 16224 848
1120 16176 944
1248 16208 1072
1232 16272 992
1296 16272 816
1280 16272 768
1232 16272 784
1232 16272 800
1408 16256 784
1328 16256 880
1328 16176 880
1344 16160 928
1504 16192 784
1520 16192 656
1504 16192 528
1552 16176 608
1568 16144 688
1472 16160 608
1472 16080 656
1440 16096 688
1440 16096 832
1504 16064 832
1488 16048 800
1488 16080 960
1328 16144 768
1232 16224 768
1296 16240 832
1200 16256 560
1280 16352 720
1152 16384 720
1152 16384 736
1152 16384 640
1248 16368 640
1424 16384 624
1408 16352 752
1424 16160 704
1472 16064 656
1504 16112 608
1536 16064 656
1664 16048 624
1664 16048 528
1952 16096 496
1952 16096 608
2016 16000 656
2048 16208 544
