startup(x,y,z):(464,16272,272)
112 17952 4464
2400 16416 4384
640 17232 2704
0 15712 -368
0 15344 -2656
1392 15344 672
-496 16672 -688
-320 16736 -688
944 15552 -2384
1120 18112 1712
-848 17696 2992
576 15200 -1056
2000 17856 976
-1200 18176 1744
-1200 23696 3280
80 23696 3280
-5872 30304 10816
-3376 -16896 2464
-2768 15648 10544
1696 14976 9760
6368 15696 688
4688 15760 -3712
3984 15248 6560
1968 16000 2256
1968 16000 -800
2192 13680 -2448
2608 11904 -3392
4528 11088 -5328
4528 10496 -6880
5120 10496 -7712
5760 9488 -7712
6400 8336 -7904
5808 7600 -13312
6464 7760 -12864
7616 8448 -11760
7616 8448 -9664
7056 8576 -8784
5408 8752 -9248
4432 9728 -3008
3376 10656 48
2448 10656 12512
9632 12272 12512
-4464 15536 3920
-15632 21968 6960
-11440 20032 5408
-5504 17840 4096
-5504 15648 2288
-2816 14416 1376
-2560 14416 1200
-3776 12992 1200
-3296 13440 3168
-15088 13360 4160
-14224 11872 752
-6432 11280 -3136
-960 11120 -2560
-896 11792 720
-1664 13392 1120
-2064 14704 704
-2368 15056 192
-1456 14512 672
-528 13840 752
48 13712 96
800 14080 -864
1312 14560 -1488
2672 15024 -1632
4656 16384 -1872
4608 18064 -544
5008 19264 400
6448 19328 832
7104 18384 768
6144 17600 -304
5584 17184 -1264
5904 17376 -880
5904 17376 -640
6592 18112 -640
7696 18368 -304
6816 17696 -1168
6096 16704 -1104
6096 15856 -1056
4144 15696 -1344
4144 15792 -1200
3600 15792 16
1328 16112 16
656 16528 784
656 16368 1264
176 16976 2112
-1008 17408 2608
-1168 18032 2288
-1232 18720 2000
-400 18800 1600
1664 18608 400
2368 18208 192
1840 17424 -528
1904 16624 -752
1904 16032 -992
2992 15808 -1344
3136 16064 -1968
3792 16160 -1248
4000 16560 -1728
4000 16976 -1232
4192 16976 -1440
4384 16992 -1392
4064 16880 -1472
4064 16784 -1568
3728 16784 -1520
3376 16592 -1520
3200 16608 -1488
2992 16464 -1392
2848 16224 -1088
3056 16096 -1280
2656 15968 -1232
2416 15904 -1248
2576 15904 -960
2768 15728 -960
2816 15776 -1184
2928 15824 -816
3152 15712 -1072
3104 15616 -1184
2944 15648 -1184
2944 15840 -1424
2976 16352 -1024
2912 16576 -960
2208 16512 -1152
2176 16208 -1088
2368 16208 -1088
2384 15952 -1360
2080 15952 -1360
2448 16128 -1360
2704 16176 -1392
2720 16016 -1152
3216 15712 -1040
3488 14912 -720
4240 14912 -2672
4624 15552 -2784
3936 15648 -2784
2688 15168 -2896
304 15008 -3456
208 16400 -1520
2480 14464 -1584
3600 15264 208
6080 15200 208
3088 14624 -336
2416 14944 -752
2816 15296 -1600
3056 17408 -1600
3600 16416 -1184
3312 17280 -1280
3248 17120 -1360
3264 16448 -1600
3424 16240 -1872
3408 16064 -1872
3648 15872 -1616
3520 16176 -1280
2752 16480 -1088
2496 16032 -1152
2496 16032 -880
2448 16000 -880
2624 16240 -880
2752 16368 -1296
3072 15936 -1408
3072 15840 -1488
3136 15792 -1328
3200 15792 -1536
3152 15808 -1536
2560 15712 -1776
2704 15712 -944
3088 15712 -944
3200 15872 -1152
3392 15984 -1344
2736 16000 -336
3440 16000 -336
3792 15904 -1312
3792 15712 -1648
3536 15632 -1696
3376 15632 -2112
3584 15952 -1808
3488 16192 -1936
3424 16128 -1712
3200 16016 -1712
3184 15936 -1440
3200 15904 -1696
3216 15904 -1456
3104 15888 -1456
3088 15824 -1472
3120 15808 -1456
3120 15776 -1488
3072 15872 -1488
3056 15856 -1488
3056 15840 -1856
3040 15840 -1888
3024 15088 -2320
2800 15376 -1648
3248 15968 -1760
2240 15968 -1696
2624 16000 -1568
2736 15824 -1840
2944 15952 -1792
3328 15952 -1872
3328 15984 -1824
3408 15920 -1776
3312 15872 -1696
3456 15984 -1744
3328 15984 -1728
3264 15888 -1696
3296 15776 -1648
2992 15936 -1568
3120 15936 -1600
2912 15904 -1600
3040 15936 -1760
3280 15952 -1920
3520 16000 -1728
3632 15936 -1712
3680 15856 -1824
3680 15840 -1888
3472 15856 -1712
3472 15856 -1872
3328 15840 -1952
3264 15856 -1952
3392 15952 -2064
3296 16000 -1792
3216 15776 -1680
3296 15760 -1984
3392 15824 -2064
3280 15936 -1856
3328 15936 -1696
3232 15904 -1552
3200 16000 -1552
3424 15984 -1632
3168 15920 -1968
3120 15840 -1808
2960 15792 -1824
2960 15904 -1728
3040 15904 -1872
3136 15888 -1872
3152 15904 -1552
3376 15376 -1936
3184 16144 -1744
3344 16192 -2032
3056 16384 -1104
3328 15600 -1648
3296 15504 -1792
3360 15696 -1488
3408 15696 -1600
3328 15760 -1776
3392 15744 -1760
3392 15744 -1568
3216 15760 -1568
3264 15792 -1536
3008 15824 -1632
3184 15840 -1776
3216 15808 -1632
3200 15808 -1872
3136 15776 -1712
3136 15856 -1472
3152 15856 -1392
3056 15952 -1520
3088 15984 -1744
3200 15904 -1792
3312 15888 -1904
3312 15824 -1792
3280 15872 -1856
3296 15856 -1904
3328 15968 -1856
3328 15968 -1904
3360 15936 -1904
3168 15888 -1936
3152 15744 -1776
3152 15776 -1600
3120 15776 -1776
3264 15840 -1776
3248 15888 -1760
3232 15936 -1856
3408 15952 -2016
3280 15936 -1728
3216 15904 -1824
3120 15952 -1632
3136 15984 -1632
3120 16016 -1760
3088 15984 -1936
3248 15952 -1824
3248 15968 -1712
3168 15840 -1728
3232 15824 -1856
3280 15936 -1792
3232 15952 -1712
3264 15984 -1728
3216 15840 -1680
3296 15840 -1872
3152 15824 -1696
3152 15840 -1664
3120 15856 -1680
3216 15856 -1520
3248 15808 -1600
3008 15808 -1728
3120 15808 -1728
3120 15744 -1760
3024 15792 -1664
3072 15760 -1664
3008 15920 -1728
2992 15984 -1760
3088 15936 -1600
3136 16016 -1744
3056 16016 -1696
3184 15920 -1648
3120 15920 -1664
3120 15920 -1632
3184 15920 -1728
3232 15920 -1728
3200 15904 -1696
3152 15840 -1680
3088 15792 -1584
3152 15776 -1488
3152 15808 -1584
3152 15808 -1552
3136 15776 -1520
3056 15904 -1744
3056 15904 -1872
3040 15856 -1760
3008 15856 -1728
2864 15888 -1728
2816 15904 -1696
2944 15904 -1776
3120 16000 -1632
3024 15984 -1264
3152 15968 -1520
3104 15920 -1536
3104 15904 -1696
3104 15904 -1696
3056 15984 -1568
3120 15888 -1568
3152 15904 -1568
3168 15872 -1536
3024 15856 -1376
3072 15872 -1424
3056 15904 -1600
3040 15920 -1664
3104 15904 -1664
3168 15968 -1760
3168 15920 -1776
3296 15920 -1952
3248 15904 -1952
3200 15872 -1936
3184 15840 -2016
3216 15904 -2080
3296 15872 -1776
3248 15856 -1584
3168 15808 -1712
3168 15904 -1680
3136 15872 -1680
3104 15872 -1552
3072 15776 -1504
3008 15776 -1504
3008 15840 -1424
2896 15840 -1552
2880 15760 -1312
3024 15744 -1488
3120 15888 -1424
3168 15808 -1552
3088 15744 -1696
3088 15760 -1680
3088 15808 -1536
3088 15808 -1600
2992 15808 -1616
2992 15808 -1600
3024 15824 -1600
3216 15808 -1824
3152 15760 -1712
3152 15520 -2160
2880 15520 -1536
3152 15920 -1536
3248 15920 -1808
3200 15984 -1936
3264 15872 -1744
3360 16096 -1840
3408 15952 -1760
3488 15856 -1840
3472 15872 -1840
3472 15952 -2032
3360 15952 -2032
3408 15872 -2032
3184 15888 -1856
3136 15904 -1936
3104 15888 -1840
3120 15856 -1600
3088 15872 -1648
3088 15888 -1632
3088 15888 -1632
3216 15904 -1632
3264 15888 -1760
3344 15840 -1744
3360 15824 -1456
3184 15856 -1520
3184 15856 -1680
3344 15856 -1680
3328 16016 -1616
3280 15888 -1824
3264 15856 -1728
3216 16000 -1856
3280 16000 -1840
3440 15936 -1840
3424 15824 -1792
3312 15920 -1696
3072 15872 -1616
3024 15888 -1664
3232 15888 -1680
3328 15872 -1776
3296 15824 -1856
3136 15904 -1776
3136 15920 -1712
3136 15920 -1536
3184 15824 -1584
3280 15808 -1616
3312 15760 -1728
3344 15808 -1760
3232 15840 -1680
3296 15920 -1760
3296 15952 -1376
3216 15920 -1680
3296 15904 -1664
3312 15920 -1616
3280 15856 -1696
3280 15872 -1648
3280 15888 -1664
3296 15824 -1728
3184 15856 -1488
3248 15888 -1552
3264 15840 -1616
3312 15808 -1536
3312 15824 -1424
3216 15824 -1424
3344 15840 -1600
3184 15840 -1376
3168 15920 -1712
3184 15872 -1488
3232 15888 -1472
3184 15936 -1824
3312 15888 -1600
3168 15952 -1648
3136 15968 -1568
3104 15920 -1520
3168 15872 -1488
3328 15936 -1648
3312 15920 -1680
3392 15856 -1680
3120 15808 -1584
3280 15824 -1696
3152 15888 -1744
3120 15968 -1872
3184 15952 -1968
3216 15920 -1824
3216 15920 -1952
3184 15952 -1856
3136 15888 -1792
3200 15888 -1520
3232 15952 -1456
3232 15936 -1600
3104 15936 -1440
3120 15904 -1648
3104 15888 -1648
3056 15840 -1408
3168 15840 -1520
3264 15856 -1520
3136 15904 -1440
3216 15872 -1568
3264 15856 -1616
3120 15904 -1488
3168 15840 -1536
3136 15904 -1456
3264 15888 -1488
3216 15872 -1792
3392 15904 -1488
3216 15824 -1488
3120 15744 -1440
3136 15776 -1680
3312 15744 -1584
3280 15792 -1664
3264 15776 -1584
3168 15840 -1488
3216 15856 -1616
3232 15888 -1520
3280 15840 -1472
3264 15952 -1552
3248 15904 -1216
3248 15856 -1312
3232 15872 -1472
3168 15856 -1392
3152 15920 -1488
3152 15920 -1504
3424 15888 -1504
3376 15872 -1504
3248 16096 -1392
3232 15872 -1360
3280 15872 -1680
3344 15904 -1680
3440 15888 -1520
3248 15920 -1456
3376 16000 -1536
3360 16000 -1696
3360 16032 -1696
3216 16080 -1664
3232 15968 -1616
3136 15952 -1696
3216 15920 -1664
3168 15904 -1568
3168 15904 -1552
3248 15904 -1536
3360 15872 -1424
3232 15856 -1424
3264 15808 -1408
3264 15792 -1488
3168 15792 -1472
3264 15872 -1520
