startup(x,y,z):(160,16192,288)
1520 19456 3520
2640 21104 10832
-1408 18704 9744
-864 16704 8688
-1440 23760 5712
-1920 23760 5712
2016 22160 432
2992 19792 -4560
2928 16432 -3616
2704 13600 -4464
1952 13712 -8448
1952 9456 -3616
3136 9456 -384
3152 624 -384
704 -1152 16
-720 1424 -2832
-1328 5648 -5456
-1024 9024 -6800
-656 11024 -6528
-240 12352 -5424
-240 12352 -4016
-160 13088 -2800
-112 13584 -2800
-336 13952 -1936
384 20224 1712
2896 17280 -5520
2752 17680 -8832
-3264 25168 -6624
-2960 9936 -2016
-2960 8896 1216
304 8896 -3552
3136 10816 -3552
2000 13792 -4496
704 20208 -6400
400 19312 -7456
368 17952 -8208
736 16064 -7520
1536 14336 -5888
1536 13360 -4736
2752 13360 -4656
3552 13328 -4656
3600 13680 -5008
3360 14032 -5584
2928 14272 -5552
2400 23456 -3568
1824 16096 -4432
1824 13664 -3728
1184 10640 -4672
1376 17936 -3696
1008 14656 -3888
1008 13904 -4432
752 16448 -4448
608 16448 -4448
240 16656 -4352
-96 15568 -4704
-320 15616 -4720
-432 16048 -4496
-432 16064 -4112
-656 15840 -3680
-576 15696 -3472
-560 15696 -3584
-320 15712 -3376
-320 15776 -3312
64 15776 -3312
272 15712 -3072
416 15792 -2992
544 15728 -3168
768 15856 -2096
768 15792 -2368
816 15568 -2624
848 15280 -2928
1104 15280 -2784
1344 15792 -2784
1584 16240 -2624
1360 16128 -2704
1568 15696 -3008
1568 15472 -2656
1856 15472 -2768
2016 15664 -2768
2048 15808 -2624
2304 15728 -2384
2368 15584 -2288
2336 15600 -2544
2448 15888 -2576
2368 16032 -2560
2368 15840 -2640
2304 15840 -2640
2128 15872 -2512
2384 15840 -2512
2496 15824 -2624
2384 15808 -2704
2304 15872 -2736
1968 15840 -2672
1760 15808 -2544
1632 15808 -2544
1632 15712 -2384
1616 15712 -2336
1456 15792 -2336
1440 15824 -2560
1408 15808 -2672
1312 15760 -2640
1184 15808 -2608
1392 15728 -2752
1392 15552 -3152
1408 15616 -2912
1408 15840 -2800
1424 15840 -2480
1664 15872 -2480
1776 15808 -2576
1888 15824 -2688
1856 15856 -2816
1856 15824 -2880
1936 15824 -2944
1984 15888 -2944
1760 15920 -2960
1824 15920 -3248
1856 15904 -3328
1808 15792 -3072
1824 15840 -2944
1680 15920 -2944
1680 15888 -3040
1648 15888 -3040
1200 15920 -2720
1152 16096 -2400
1072 15904 -2544
848 15808 -2688
656 15808 -2880
448 15824 -2560
288 15904 -2448
288 15952 -2560
304 15952 -2688
272 15984 -2688
496 15904 -2528
560 15968 -2704
752 16032 -2928
1008 16000 -2720
960 16000 -2816
880 15856 -2816
1184 15952 -2976
1312 15872 -3184
1536 15856 -3248
1584 15920 -3328
1536 15888 -3232
1344 15792 -3456
1360 16192 -4640
1360 17376 -3056
1664 17376 -1264
1408 16736 -1264
816 15664 -1264
608 15328 -1376
384 15664 -1600
160 15904 -1824
-272 16048 -1984
-272 15824 -2544
-304 15824 -2544
-224 15792 -2512
-240 15712 -3056
-272 15808 -3008
384 15840 -2656
736 16128 -2272
736 16128 -2112
1104 15984 -1920
1856 15984 -3312
1616 16256 -3312
1792 15744 -3680
1952 15824 -3376
1744 16144 -3472
1744 16144 -3248
1632 16112 -3024
1936 15952 -3024
1648 16080 -2592
1216 15984 -2768
384 15920 -2560
-336 16192 -2624
-640 15808 -2720
-928 15600 -2544
-928 15600 -2752
-1120 14880 -2752
-1232 15280 -2624
-1136 16144 -2352
-624 15616 -3072
176 15264 -3264
176 16304 -3088
560 16304 -2832
-112 15616 -2768
-128 14912 -2608
912 16832 -2608
608 16704 -2448
496 15968 -2192
624 15584 -1808
688 15888 -1808
688 16144 -1840
576 15968 -1840
496 15968 -1840
304 15776 -1792
208 15792 -1872
112 15952 -2048
64 15888 -2112
-128 16096 -1840
-496 15920 -1024
-496 15664 -1024
-544 15744 -1824
-544 15728 -1888
-192 16000 -2464
-144 16096 -2656
80 16096 -2944
80 16016 -3024
112 16016 -3152
128 16112 -3216
480 16112 -3216
544 16080 -2848
624 16096 -2992
656 15920 -2432
656 15936 -2400
720 15936 -2272
704 15984 -2272
704 15920 -2224
784 15840 -2064
592 15920 -2064
432 15952 -1888
256 15984 -1712
256 15920 -2256
256 15920 -2016
256 15936 -2016
0 16016 -2208
80 15952 -1920
160 15888 -1808
96 15904 -1888
96 15904 -1904
48 15856 -1904
32 15968 -1824
0 15952 -2144
80 16000 -2144
176 15968 -2656
128 16032 -2704
128 16096 -2608
112 16112 -2816
32 16048 -2752
96 16048 -2784
96 16080 -2912
48 16080 -2912
48 16112 -2736
0 16096 -2480
224 15920 -2480
240 15984 -2336
208 16000 -2288
128 15952 -2208
128 15952 -2048
128 15808 -2048
128 15776 -1776
80 15824 -1808
48 15840 -1696
176 15872 -1872
128 16016 -1984
96 15952 -2080
96 16032 -2336
-64 16032 -2336
-192 16032 -2544
-208 16064 -2656
-208 16128 -2768
-272 16128 -2704
-352 16064 -2704
-416 16080 -2896
-272 16176 -2928
-64 16208 -2912
0 16112 -2592
-32 16016 -2432
32 16032 -2448
32 16032 -2336
-16 16032 -2336
96 16080 -2416
112 16032 -2256
192 16032 -2208
208 15968 -2208
208 15936 -1824
160 15936 -1936
208 15952 -1936
176 15984 -2304
256 15920 -2304
208 15984 -2176
144 15984 -2256
160 15936 -2336
256 15952 -2224
320 15888 -2288
112 15952 -2512
112 15968 -2576
224 15968 -2656
176 16288 -2736
112 16160 -2736
176 16096 -2576
16 16112 -2496
144 16064 -2640
288 16048 -2416
288 16016 -2592
144 16016 -2448
48 16016 -2448
-192 16000 -2464
0 15984 -2304
32 16016 -2592
80 15984 -2736
160 15984 -2416
160 16000 -2128
112 16000 -2128
240 16064 -2208
208 15984 -2208
240 16000 -2240
304 15888 -2080
96 15920 -2096
96 15952 -2032
80 15952 -2032
32 15904 -2272
32 15888 -2272
16 15872 -2272
112 16032 -2560
288 16064 -2416
288 16176 -2784
368 16176 -2784
432 16128 -2992
528 16144 -3200
608 16160 -3072
512 16192 -3168
512 16160 -3424
208 16240 -3152
48 16048 -3872
-1168 16048 -2544
-704 16496 -2544
-784 16976 -2304
-192 16464 -2704
-320 15952 -2992
-320 15296 -2400
-112 15296 -2304
48 15328 -2096
320 15760 -2096
480 16192 -1616
448 16144 -1408
352 16032 -1104
432 16016 -1376
432 15968 -1392
416 15968 -1600
368 16048 -1600
416 16112 -1776
224 16128 -1696
448 16112 -2368
448 16192 -2192
608 16192 -2336
704 16512 -2336
1008 16464 -1984
976 16208 -1984
672 16336 -1760
672 16640 -1792
864 16544 -1696
864 16544 -1200
864 16320 -1200
256 16976 -1136
944 17584 -1456
704 16880 -1312
704 15984 -1648
368 15984 -1184
432 16720 -1520
-368 16720 -1552
-752 16544 -1552
-784 16416 -1648
-1088 15696 -784
-1024 15680 -544
-1024 15680 32
-960 15696 32
-832 15920 192
-704 16368 320
-368 16496 112
-1200 17968 704
16 19136 400
-768 19376 1040
-784 17376 560
-784 17376 -160
-320 16432 -944
-32 17024 -672
-176 16864 48
-448 16816 400
-448 16656 784
-592 16656 336
-608 16432 368
-512 16432 304
-416 16064 304
-4192 14368 5440
-2256 14224 2256
-1200 14176 864
-1200 14096 1040
-384 13840 1136
-80 14048 1136
176 14224 944
288 14496 864
480 15088 1472
1264 15648 144
9728 16560 1408
6992 17072 160
6992 17072 4048
1536 16368 4048
1568 20368 4496
2352 21632 6896
1136 18512 4736
1136 16992 4080
1088 16992 3664
1104 16592 3664
1376 16464 2800
736 17024 1760
864 16640 1648
48 16272 752
-112 15568 432
-112 15392 528
0 15392 528
144 15488 912
272 15632 1024
336 15792 768
160 15856 1072
160 15856 1376
-176 15936 1728
-288 16032 1584
-256 16160 1712
-320 16128 1712
-128 16064 1664
-256 16160 1616
-416 16240 1664
-752 16368 1408
-752 16336 1280
-992 16336 1408
2720 14592 1408
-144 16160 864
1888 15536 1504
2336 15520 1616
976 15920 1040
272 15776 944
272 15776 768
32 15280 768
-432 15152 320
-592 14944 96
5008 15152 -80
2000 14048 -480
2000 13952 -1264
288 13952 -1376
-1088 13072 -720
400 13072 -144
208 11104 -144
-2752 4736 -640
-48 4384 -3088
-48 18512 -4224
-2544 6288 -384
3520 -4000 -192
3520 13920 -4992
1904 13920 -5408
1792 12160 -1840
-720 12784 -256
-720 12784 224
4016 22304 8032
2400 18816 15920
11664 25552 15920
1600 16912 9120
1440 15392 -1040
3168 13696 1232
3168 14864 2096
240 14864 1552
464 14976 1056
768 15472 832
432 15824 832
624 15840 768
0 17568 -2736
80 16608 -976
-48 16352 -384
-48 16256 304
-240 16256 -144
176 16224 -144
-64 16240 400
128 16176 368
208 16080 384
896 15536 -144
720 16048 16
720 16064 -160
496 16064 352
816 16576 352
400 16432 240
448 16400 320
288 16384 400
288 16272 928
-176 16272 928
176 16192 48
32 16208 272
176 16144 272
160 16288 144
32 16256 544
80 16240 432
688 16432 80
560 16352 304
432 16432 160
304 16384 688
112 16336 848
112 16320 560
32 16256 160
96 16256 144
496 16272 144
496 16176 -192
576 16064 -416
320 16112 -448
320 16112 -288
-48 16160 -288
48 16256 -16
96 16160 192
272 16128 208
144 16160 208
48 16144 416
0 16272 384
0 16272 576
48 16272 576
144 16144 480
