startup(x,y,z):(144,16080,320)
1216 17840 5792
112 18080 2928
112 18336 3328
-736 18176 3328
-1392 17952 3216
-1360 17440 3184
-1104 16848 2800
-1104 16784 1312
784 16784 1936
112 16384 1936
1280 16224 608
1968 16560 1024
1264 16688 640
512 17072 736
512 17696 1120
32 17696 2000
48 18288 2000
-256 19568 3584
688 22688 5376
1696 19840 5136
1696 19840 6400
-304 17648 6400
-3072 17968 6464
-3632 17424 8496
-2256 16256 9840
-32 4240 10608
-512 18208 7536
2912 19360 5152
3264 18032 3424
1536 17184 288
1168 16992 256
896 16592 -112
416 15904 -176
416 15904 -256
0 15136 -800
32 14544 -800
80 14208 -480
96 14048 -832
80 14064 -816
16 13808 -1088
16 13808 -752
-224 13696 -752
-96 13568 -1632
-128 13344 -1360
-128 13344 -1536
-144 13488 -1536
-256 13552 -1520
-512 13552 -1280
-416 13808 -1408
-416 13952 -1392
-464 13952 -1456
-592 14144 -1456
-864 14400 -1488
-1376 14688 -944
-1792 14960 -992
-1712 15040 -784
-1712 15040 -1120
-1616 15072 -1120
-1552 15184 -1072
-1264 15136 -912
-1264 15376 -752
-1488 15520 -224
-1488 15792 -192
-1456 15792 -192
-1600 16080 64
-1632 16304 176
-1920 16320 592
-1712 16384 736
-1712 16480 544
-1328 16480 576
-1328 16544 576
-1104 16640 544
-816 16864 624
-384 17328 -160
-336 17520 -16
-336 17520 128
-400 17712 128
-288 17824 -240
-288 17888 160
-224 17744 352
-144 17776 464
-160 17568 592
-160 17568 784
-32 17328 784
144 17056 800
160 16864 624
208 16672 592
224 16640 608
224 16640 656
-16 16592 656
-128 16640 496
-80 16656 496
-64 16720 368
-48 16736 1040
-160 16736 1072
-96 16720 1072
-80 16800 880
-16 16784 704
128 16832 816
128 16736 832
48 16736 1088
64 16656 1088
16 16528 864
-176 16464 528
-384 16304 576
-592 16096 672
-592 16096 624
-656 15968 624
-736 15744 1040
-640 15584 896
-704 15424 1024
-704 15312 912
-688 15312 1072
-528 15264 1072
-448 15296 1312
-416 15312 1248
-464 15392 1552
-544 15488 1456
-544 15488 1376
-544 15504 1376
-416 15584 1184
-224 15504 928
-224 15536 768
-224 15520 640
-192 15520 640
-448 15408 736
-272 15440 672
-352 15552 912
-224 15584 848
-80 15600 944
-80 15520 896
64 15520 896
-224 15568 848
-224 15536 960
-352 15520 896
-384 15552 1072
-384 15552 1072
-368 15472 1072
-464 15632 1296
-368 15760 1088
-528 15856 1152
-480 15968 1264
-480 16000 1408
-560 16000 1056
-464 16080 1056
-448 16160 1024
-320 16160 928
-304 16144 944
-304 16144 1104
-448 16064 1104
-432 16064 736
-384 16032 784
-384 16048 752
-192 16096 736
-192 16176 992
-224 16176 992
-144 16224 832
-16 16288 576
-80 16304 1056
-80 16368 1104
-176 16368 1008
-240 16480 1008
-208 16384 1136
-256 16448 1152
-256 16448 1184
-256 16384 1152
-208 16384 1088
-336 16288 1088
-256 16288 1344
-240 16288 1184
-416 16368 1136
-416 16448 1024
-320 16448 1024
-176 16432 736
-304 16512 960
-336 16448 896
-224 16496 976
-224 16432 944
-240 16432 912
-272 16384 912
-320 16336 1072
-304 16352 1184
-384 16160 1296
-400 16080 1200
-400 16080 816
-368 16160 816
-400 16080 976
-368 16048 1056
-512 16048 976
-480 16176 1008
-480 16240 1184
-496 16240 1248
-368 16240 1248
-384 16256 1152
-464 16192 1264
-400 16080 1152
-400 16080 1296
-448 16016 1296
-576 15920 1408
-432 15824 1168
-512 15760 1104
-560 15744 1136
-560 15760 1168
-480 15760 1168
-432 15840 1040
-416 15920 944
-560 15936 1040
-496 15856 1104
-496 15856 1136
-464 15920 1136
-544 15808 1152
-480 15808 1104
-512 15888 1248
-512 15952 944
-480 15920 960
-400 15936 656
-480 15888 896
-512 16000 1024
-368 16032 880
-368 16032 560
-288 16048 560
-272 16080 640
-368 16096 816
-256 16096 800
-400 16160 672
-400 16352 656
-416 16352 656
-448 16496 560
-336 16528 848
-336 16464 1056
-368 16496 864
-368 16496 816
-320 16416 816
-368 16304 960
-400 16288 1008
-448 16208 1216
-336 16144 1056
-336 16000 1120
-336 16000 1120
-576 15936 816
-384 15904 896
-256 16128 208
-256 15984 896
-128 15984 1088
-256 16288 1088
-160 16544 1408
-240 16384 1552
-16 16272 1376
-16 16224 960
-96 16224 960
-160 16112 848
-240 16240 864
-288 16240 864
-192 16192 688
-192 16144 640
-352 16144 576
-176 16128 576
-96 16032 880
-48 15920 960
-16 15888 1024
-16 15776 1088
32 15776 1088
-80 15920 1072
16 15952 1040
-128 15904 1344
-240 15920 1200
-240 15920 1008
-192 15936 1008
-320 15968 1024
-224 15920 928
-272 15984 912
-272 16064 752
-272 16096 1024
-352 16096 960
-128 16144 960
-176 16224 784
-304 16288 736
-384 16352 816
-384 16288 1056
-352 16288 1056
-224 16256 960
-336 16176 992
-240 16288 768
-272 16256 912
-272 16224 1008
-304 16224 800
-240 16240 800
-240 16384 624
-224 16384 608
-160 16336 560
-160 16464 880
-176 16464 880
-144 16384 768
-64 16384 672
-64 16384 640
-160 16304 768
-160 16304 1008
-224 16320 1008
-176 16160 1168
-64 16128 736
0 16016 1216
0 15936 800
-48 15936 800
-112 15904 928
-192 15904 1008
-224 15904 1024
-224 15872 944
-176 15920 784
-208 15920 784
-96 15968 960
-128 16016 928
-64 15968 960
-144 15984 976
-144 15984 1280
-256 15952 1280
-176 16016 1280
-240 16016 1072
-240 15920 1088
-240 15824 1296
-160 15824 1120
-176 15840 1120
-384 15792 1168
-48 15840 1104
32 15872 1072
32 15904 1088
32 15904 1040
-80 15984 1040
-32 16000 912
-80 15968 1184
-112 15936 1136
-112 15920 944
-128 15920 880
-96 15904 880
-96 15840 960
-208 15872 1152
-304 15920 1312
-288 15904 1200
-288 15904 1248
-128 15888 1248
-48 15920 1312
-160 15936 1296
-304 15984 1408
-176 15968 1360
-176 16064 1184
-192 16064 1184
-336 15952 1136
-192 16000 1008
-256 15984 1008
-304 16080 1120
-304 16016 1040
-96 16016 1088
-208 15984 1088
-208 16096 912
-304 16160 1008
-144 16160 1040
-96 16240 1200
-96 16240 1360
-304 16272 1360
-224 16256 992
-384 16240 1264
-304 16192 1072
-288 16208 1072
-288 16288 720
-288 16288 720
-320 16352 976
-368 16400 928
-464 16464 1056
-384 16368 1264
-384 16384 1312
-432 16384 1232
-432 16304 1232
-416 16352 1520
-400 16384 1504
-400 16304 1344
-400 16336 1120
-384 16336 1120
-400 16256 1360
-560 16288 1136
-432 16320 1408
-432 16288 1200
-432 16240 1568
-448 16240 1520
-448 16208 1520
-368 16208 1312
-304 16320 1296
-240 16320 944
-240 16320 912
-288 16320 672
-240 16336 672
-304 16224 784
-352 16144 912
-480 16096 1056
-480 16080 944
-544 16080 944
-384 16048 1040
-400 15952 1088
-480 15872 1120
-416 15936 1104
-416 15888 1184
-384 15888 1184
-304 15856 912
-368 15856 1200
-480 15968 1104
-480 15936 1296
-480 15904 1568
-544 15904 1568
-528 15952 1328
-464 15952 1408
-432 15920 1408
-352 16032 1312
-352 16032 1104
-240 16000 1104
-384 16032 1200
-432 16032 1312
-352 16016 1264
-320 16048 1392
-320 16048 1408
-224 16048 1312
-416 16016 1312
-384 16032 1472
-208 15936 1440
-160 15984 1552
-160 16080 1360
-128 16080 1360
-288 16160 1376
-256 16160 1344
-272 16160 1552
-208 16128 1504
-208 16144 1280
-176 16144 1168
-176 16176 1168
-160 16080 1104
-112 16000 1328
-464 16032 1328
-464 15920 1520
-384 15920 1616
-432 15952 1616
-352 15968 1520
-240 15920 1648
-208 15904 1424
-160 15968 1472
-160 15968 1504
-224 16032 1504
-320 16064 1376
-496 16112 1456
-544 16112 1280
-544 16176 1296
-512 16176 1424
-400 16144 1424
-352 16048 1376
-432 16096 1584
-288 16096 1456
-368 16096 1344
-368 16096 1376
-320 16064 1376
-288 16144 1472
-192 16272 1248
-304 16224 1120
-304 16224 1232
-272 16176 1232
-112 16128 1232
-224 16064 1344
-256 16080 1232
-192 16128 1248
-192 16112 1392
-192 16112 1280
-336 16112 1280
-272 16048 1264
-320 16016 1552
-400 16096 1392
-400 16000 1568
-320 16000 1360
-192 15888 1360
-240 15952 1648
-112 15952 1392
-240 16016 1360
-192 15968 1248
-192 15968 1184
-320 16016 1184
-352 16048 1232
-400 16112 1248
-320 16128 1408
-400 16192 1392
-400 16192 1200
-272 16160 1200
-208 16128 1376
-336 16160 1392
-208 16128 1536
-160 16080 1456
-160 16080 1344
-320 16096 1344
-304 16144 1088
-352 16144 1456
-416 16112 1360
-416 16112 1328
-416 16112 1216
-272 16032 1216
-224 16000 1424
-304 15904 1696
-256 15920 1584
-256 16000 1344
-128 16000 1504
-16 16048 1504
16 16160 1392
192 16128 1248
32 16208 1184
32 16144 1200
-48 16144 1200
-144 16096 1424
-112 16160 1248
-64 16176 1264
-64 16128 1376
