startup(x,y,z):(208,16096,336)
0 16704 2960
-1296 13600 3696
1648 12848 2640
1040 14864 1760
1040 14864 2032
928 16048 2032
224 16112 1632
-816 16208 720
-272 16560 704
-352 16176 736
-128 16400 752
-128 16400 592
-592 16416 592
-1088 16112 416
-1440 16368 720
1600 16176 -656
1600 15776 384
2208 14800 1008
1616 14800 1008
656 16192 336
304 16240 -144
336 15888 -496
-576 15120 -608
-1024 14560 -1104
-1184 14672 -1280
-784 15008 -1392
-784 15008 -1584
-1312 15728 -1584
-400 15872 -944
-48 17328 80
112 19552 256
3248 24720 -8912
3248 24720 -2528
-1072 17744 -2944
-1072 21232 -1936
-3024 21232 -1936
-1104 22784 -8000
-464 19936 -6112
-1104 16976 1696
-1472 17264 5792
-1472 19104 4992
-1248 19104 -768
-464 20832 -768
1216 19664 -1296
1584 20544 -3232
992 18944 -1072
256 17312 -1728
-384 16560 -800
-384 16240 304
32 16240 304
-416 15312 -624
-528 13888 1856
-656 13520 1648
-1424 13568 -160
-2352 14192 -3120
-3472 15280 -560
-1952 15296 5728
-2368 14592 4160
-2368 14288 3232
-2144 14288 1024
-1808 14288 1024
-1168 13792 -768
-816 13680 -2208
-496 13696 -2320
-496 13696 -1536
-416 13664 -1040
-112 13424 -1040
1328 5952 -1728
496 3344 -1728
-768 4432 -288
448 9072 -3776
448 5728 -1440
-256 5728 -3456
432 12352 -3456
192 14368 -3008
240 8224 -3456
192 10656 -4944
-64 21024 -5296
-432 21744 -5456
-880 16752 -5344
-1728 11728 -4896
-1808 13552 -5472
-2032 14768 -4880
-1808 14768 -4080
-1792 15328 -4080
-1280 13792 -3440
-848 15840 -3024
-240 14656 -2880
208 14560 -2256
208 14848 -1536
832 14848 -1536
1264 16912 -160
1936 15248 160
2336 13968 32
2960 13856 272
2960 13408 -192
3776 13408 -192
4592 14096 1008
5040 14560 224
5872 14896 656
6240 15264 1024
6240 15520 880
6352 15472 880
6256 15248 448
6016 14672 240
5504 14256 256
4768 14064 576
4160 14240 464
4160 14544 112
3472 14544 80
2608 14816 80
1328 15152 240
272 15584 240
-160 16240 784
-160 17200 752
288 17200 752
1344 18144 1184
2304 18704 1584
2864 18896 1984
3088 18736 1872
2768 18672 1904
2768 18672 1824
2192 18544 1824
1440 18608 1536
640 18640 944
1696 19024 -3280
1696 19616 -4176
992 19616 -2992
-272 19424 -2992
-1248 19200 -2544
-2032 18768 -3424
-3248 18096 -3280
-3248 17424 -1840
-4336 17424 -528
-4144 17424 -528
-3680 17200 -976
-3680 17008 -992
-4032 16736 496
-3792 16528 1200
-3792 16800 480
-2736 16800 480
-2096 17024 -416
-1616 17264 -1648
-2064 16960 -992
-1808 16688 -656
-1808 16176 0
-1488 16256 0
-928 15696 304
-512 15472 720
64 15520 1264
1248 15808 1792
1248 16224 2352
3072 16224 2352
5120 16560 1424
6544 16336 3264
8704 11952 15888
4752 13136 16048
4752 14608 9600
6544 14608 9600
6176 15440 6752
6384 16032 5072
6128 16464 6160
6032 16800 2864
4928 16624 1216
4928 16624 9168
-1792 -1792 9168
-176 9616 2832
1008 13680 4256
1072 14960 5856
1072 15456 4544
704 15456 1856
464 15968 1856
352 16032 -528
-896 15232 496
-2176 14592 2016
-3632 13968 2560
-3632 13968 2288
-5088 13408 2288
-4752 13584 -144
-4496 13968 -880
-4384 14688 -1472
-4464 15584 -2368
-4464 16640 -3328
-4416 16640 -3440
-4400 17520 -3440
-4352 18176 -3328
-4368 18560 -2784
-4224 18720 -2640
-4224 18720 -2176
-3984 18736 -2176
-3712 18736 -1600
-3008 18656 -944
-2080 18400 -160
-624 18288 -144
1296 18128 -848
1296 18128 -336
2736 17776 -336
3776 16976 1072
4320 16096 2320
5504 15872 -1712
5504 15952 -2288
6032 15952 -2288
5632 15840 2688
6064 17808 -1792
6976 19344 752
7088 19168 4880
7088 18496 5616
6752 18496 4272
5792 20240 4272
5088 20320 2864
4272 19568 1840
2928 18688 2128
2928 17888 2016
1664 17888 2016
0 17072 1440
-1776 16592 928
-3440 16272 1008
-5104 16128 576
-5104 16128 -384
-6528 16016 -384
-7488 15872 -1920
-8064 15872 -3360
-8288 16592 -4416
-8400 16976 -4160
-8400 16976 -3488
-7616 15456 -3488
-6464 15600 -2576
-5440 16096 -2576
-3952 16592 -1888
-3168 17200 -688
-1936 17424 400
-1936 17424 960
-256 17536 1824
1440 17648 1824
3392 16912 1808
4464 16768 2544
5184 16176 2432
5184 16176 2384
5536 16048 2384
5712 15680 2176
5696 15360 1792
5232 15296 2112
4272 15408 2160
4272 15728 2128
3408 15728 1456
2544 16000 1456
1488 16240 944
272 16032 800
-1024 15888 480
-1024 15728 880
-2096 15728 880
-2592 14800 1104
-2528 15840 -848
-3312 16656 -736
-2512 18480 544
-2512 18336 -224
-2000 18336 1424
-2368 17776 2912
-2992 17328 2912
-2928 17056 2400
-2608 17024 1216
-2048 16672 464
-2048 16512 512
-1520 16512 944
-944 16208 944
-256 15856 1872
768 15648 2304
1760 15328 1744
1760 15040 512
2384 15040 1408
-192 14176 1408
-688 13728 640
-1264 13536 1472
-272 13808 1584
-272 14464 4608
512 14464 4608
896 14752 2464
592 15248 640
-48 14176 -1328
96 14944 -1120
-96 15568 1888
208 16560 992
208 16560 2000
432 16912 2000
496 16560 816
224 16560 1120
-176 16112 1664
-176 16112 2736
-368 15584 2736
-512 15440 2992
-560 15552 2400
-384 15808 1408
-384 15952 992
-384 15952 848
-496 15920 848
-816 15744 752
-816 15600 288
-832 15456 -272
-832 15376 -512
-3984 14976 992
-4304 14544 816
-4592 14544 1664
-2720 18144 2992
-2336 19376 5440
-2336 18000 4128
-1008 18000 2336
-128 16928 2336
320 16608 816
512 16576 544
512 16656 976
624 16656 1856
624 16720 1856
672 16608 2096
720 16624 2320
560 16240 2288
1216 17488 2608
1216 18000 3840
1120 18000 3840
1984 16992 3552
1376 16304 2176
880 15984 1168
1008 15216 1040
608 15168 1072
32 15504 992
-592 15664 1168
-912 15840 1136
-912 15840 1392
-1504 15840 1392
-1568 17872 1888
-1632 18432 1472
-1456 17280 1312
-944 16176 880
-944 16176 992
-624 16320 992
-192 15616 736
144 16368 496
304 15968 400
432 15648 800
432 15648 864
560 16048 864
592 15968 944
496 16064 992
480 16192 1104
480 16352 1040
432 16352 784
400 16432 784
384 16464 1088
272 16352 1152
64 16336 1184
64 16432 1456
-320 16432 1216
-416 16512 1216
-448 16400 1168
-352 16592 1472
-208 16736 1440
-208 16656 1200
400 16656 1200
368 16480 1392
224 16320 1776
288 16208 1648
320 16192 1136
320 16192 848
336 16128 848
416 15968 896
416 15744 928
400 15680 1120
304 15840 992
304 15840 976
192 15968 976
144 15904 1072
64 16032 1088
-16 16144 1136
-16 16320 1696
-16 16288 1424
256 16288 1424
208 16304 1408
160 16192 1584
272 16224 1376
336 16160 1360
336 16160 1392
496 16048 1392
384 16192 1360
400 16160 1472
96 16320 1456
96 16288 1136
144 16288 1200
-96 16480 1200
144 16640 1152
224 16560 1440
32 16512 1520
32 17152 1792
-32 17152 1792
-80 16064 1520
-432 14432 1680
-256 15984 1360
-256 14224 1376
-176 14224 2096
-128 13536 2096
-256 13696 2304
-736 14416 3968
1824 15632 1504
256 16368 432
256 16368 144
3696 17120 144
2112 17392 9200
1456 17568 14912
320 16992 7072
320 16464 5632
48 16464 5424
-128 15872 5424
-240 15440 3808
64 15296 3808
160 14816 2320
160 14416 2464
-48 14416 2464
2224 14832 2368
1680 14480 1920
1168 12816 -4832
240 11680 -1744
-368 12448 4368
-496 18080 4368
-432 15728 2944
-256 15808 1232
-160 15856 2208
96 15664 1904
96 15664 1600
320 15792 1600
320 15824 1520
240 15712 1664
112 15696 1504
112 15696 1664
144 15744 1728
-16 15840 1728
-64 15888 1664
-208 15968 1888
-224 15936 1856
-224 15936 1936
-64 15936 1936
144 16016 1552
272 16112 1952
288 16048 2000
288 16048 2128
240 16048 2128
160 16016 1856
-64 16032 1648
-192 15904 1776
-176 15856 1664
-176 15856 1712
0 15856 1712
-112 15952 1568
-128 15920 1696
-176 15888 1872
-176 15888 1936
0 15888 1936
48 15920 1904
128 16160 1632
224 16144 1664
240 16192 2144
240 16192 1904
384 16208 1904
240 16176 1856
16 16144 2000
-256 16128 2032
-256 16160 2240
-368 16160 2240
-352 16192 2032
-256 16240 1920
-64 16016 2080
528 15952 2064
528 16096 1616
-80 16096 1408
-592 16208 1408
-192 15920 1808
304 15696 1760
16 15824 1760
16 15856 1424
-96 15856 1744
672 15808 1744
480 15936 1728
112 15904 1632
304 15872 1440
304 15952 1520
128 15952 1520
-112 16048 1792
144 15984 1824
64 16064 1824
-240 16384 1168
-240 16384 1488
-112 16272 1488
240 16208 1616
112 16192 1904
352 16144 1680
352 16128 1664
368 16128 1344
128 16064 1344
176 15984 1104
160 16016 1104
192 15888 944
288 15824 768
240 15888 816
240 15888 1168
240 15888 1168
416 15952 976
96 15872 944
-80 15904 880
208 16048 1056
208 16048 1520
208 16176 1520
112 16272 1488
3456 20992 -2128
368 17392 -336
368 15120 880
