startup(x,y,z):(144,16176,304)
512 16400 2224
288 16848 2128
-256 16960 2176
-256 9088 1440
-16 9088 1440
-288 15056 576
-544 15872 2016
-272 17184 3088
-640 16928 2816
-640 16928 2512
608 17568 2512
1104 18672 1248
416 18688 240
48 18144 288
352 17584 368
352 17584 928
-336 17360 928
-1904 18624 1088
-752 22976 1888
608 25360 2064
256 24640 2224
256 19216 7808
5552 19216 7808
4320 14560 9504
6672 18256 6784
1568 24992 8272
-2016 23456 -992
-3328 20256 32
-1552 17696 880
608 15648 1280
1792 14128 736
1760 13120 -336
1168 13264 -1680
464 14384 -2832
-272 15776 -4368
-272 17248 -5184
-864 17248 -5696
-816 17216 -5824
-112 16192 -5136
1056 14512 -4512
1824 13216 -3744
1824 12720 -3136
2288 12720 -3136
2416 12720 -2752
2352 12928 -2752
2128 13216 -2416
1648 13376 -2416
1312 13568 -2224
816 13776 -1616
544 14096 -1008
496 14448 -768
640 14784 -992
800 15024 -992
1040 15120 -1120
1264 15008 -1408
1440 14976 -1424
1520 14944 -1296
1728 14864 -1504
1856 14832 -1344
1856 14832 -1232
2080 14720 -1232
2224 14704 -1136
2400 14624 -880
2384 14512 -704
2432 14336 -704
2432 14336 -912
2512 14176 -912
2320 14288 -1040
2352 14144 -1040
2256 14336 -1584
2176 14496 -1680
2048 14272 -1936
2048 14128 -2016
1984 14128 -1920
2016 14160 -1920
2112 14128 -2032
1984 6560 -4272
1824 1504 -2896
1824 336 -1600
2192 16496 -64
1872 6128 -2032
1744 3312 -1920
1744 17984 368
5616 8592 -1792
4080 8592 -816
7424 20624 -816
4432 10320 -2368
5152 21488 -1536
3600 16592 -2816
1488 8464 -2416
1184 10928 -1744
1568 16944 -1376
1984 18320 -1616
1824 16400 -2256
1824 14688 -2560
1488 14688 -2560
1408 15168 -2464
1296 16320 -2464
1520 16800 -2544
1632 16176 -2672
1632 15664 -2864
1584 15824 -2816
1520 16304 -2464
1600 16304 -2272
1408 16416 -2272
1536 15936 -2256
1440 15808 -2272
1616 15984 -2192
1616 15984 -2032
1840 16208 -1888
1760 16080 -1888
1632 15888 -1488
1488 15872 -1568
1552 15856 -1280
1536 15920 -1136
1600 15840 -1152
1600 15840 -1152
1696 15824 -1392
1824 15872 -1248
1952 15968 -1376
2000 15984 -1600
2144 16000 -1696
2144 16000 -1648
2288 15968 -1648
2048 15920 -1808
2016 15920 -1744
2048 16000 -1888
2048 16064 -1840
2176 16032 -1888
2176 15968 -1968
2304 15968 -2128
2384 16048 -2128
2368 16080 -2064
2496 15984 -2224
2480 16000 -2192
2400 15952 -2176
2400 15920 -2288
2336 15952 -2016
2016 15840 -2128
1888 15840 -2128
1824 15776 -1984
1744 15824 -2048
1664 15904 -2256
1664 15968 -2096
1504 15968 -1856
1456 15984 -1856
1712 15968 -2096
1680 15936 -2240
1568 15984 -2624
1600 15952 -2896
1616 15952 -2480
1616 15904 -2432
1600 15904 -2032
1888 15872 -2032
2064 16000 -1744
2128 15952 -2032
1904 16064 -2272
1856 16080 -2480
1856 16016 -2224
1712 16016 -2224
1776 16048 -2192
1904 15952 -2192
1856 15968 -2240
1920 16016 -2112
1952 15984 -2224
2112 15968 -2272
1888 15936 -1920
2032 15968 -1920
1952 15872 -2000
1760 15952 -2144
1824 15984 -2096
1776 15904 -2096
1712 15952 -1680
1712 15952 -1952
1744 15952 -2176
1680 16000 -2176
1728 15968 -2272
1920 15984 -2496
1856 15968 -2240
1856 15968 -2032
1968 15968 -2000
2032 15920 -2000
2192 15856 -2064
2192 15872 -2032
2016 15952 -2144
1840 15936 -2080
2016 15968 -2144
2192 15936 -2064
2192 15872 -2032
2064 15872 -2032
2032 15984 -1872
2000 16032 -2000
2080 15968 -2080
1984 15984 -2256
1856 16000 -2048
1792 15888 -1872
1616 15920 -1712
1616 16000 -1824
1568 16000 -1824
1552 15984 -1552
1712 16048 -1856
1600 15936 -1664
1680 15968 -1808
1680 15984 -1792
1728 15984 -1920
1728 16048 -1920
1904 15984 -1920
2048 15984 -1920
1952 16032 -2000
2160 16096 -2272
2144 15984 -2288
2144 16000 -2336
2000 16000 -2336
2032 16016 -2288
1984 16064 -2304
1808 16112 -2352
1744 16016 -2384
1552 16032 -2256
1520 16000 -2048
1632 16000 -1936
1632 16000 -2240
1664 16016 -2240
1648 15968 -1968
1520 16000 -2208
1616 16048 -2272
1488 16032 -2128
1488 15984 -2112
1488 15984 -2272
1664 16000 -2272
1648 16032 -2016
1664 16032 -1888
1696 16048 -1920
1696 16064 -2256
1904 16016 -2192
1904 16048 -2192
1904 16048 -2192
1856 16000 -1856
1936 15984 -1792
1920 16032 -1920
1760 16080 -1600
1808 15968 -1648
1824 15984 -1568
1792 16032 -1632
1792 16000 -1680
1824 15984 -1632
2032 15984 -1632
1984 15984 -1456
2144 15936 -1216
2016 15936 -1632
1968 15904 -1616
1968 15952 -1760
1920 15952 -1632
1984 15952 -1632
1968 16080 -1936
2000 16080 -1888
2144 16000 -1888
2048 16016 -1952
1968 16048 -1968
1776 16032 -1824
1904 16016 -1760
1984 15968 -1440
2032 15984 -1440
1968 16048 -1744
1872 16032 -1776
1904 16032 -1856
1984 15968 -1920
1952 16016 -1840
1952 15984 -1776
1952 15984 -2080
1840 16000 -1952
1808 16048 -2000
1840 16048 -2000
1728 16064 -2016
1792 16016 -2032
1792 16000 -2032
1712 15968 -2032
1904 15968 -1984
1872 15984 -2208
1872 16032 -2112
1728 16032 -2112
1600 16064 -1968
1872 16016 -2096
1744 15984 -1808
1744 15984 -1728
1760 15984 -1840
1760 16048 -1872
1792 16080 -1872
1792 16080 -1920
1760 16064 -1920
1872 15984 -1776
1856 16016 -1648
1840 16048 -1840
1840 16032 -1728
1840 16064 -1920
1824 16064 -1920
1536 16208 -1968
1456 16192 -1744
1552 16064 -1680
1648 16064 -1888
1504 16112 -1632
1504 16240 -1712
1408 16240 -1840
1424 16320 -1840
1104 16608 -1984
848 16384 -2256
432 14656 -2176
432 13120 -1888
480 17616 -1584
1456 17360 -1616
1888 17584 -2112
1888 17584 -2112
1424 13968 -2080
1456 12288 -1920
1920 16032 -2096
1920 18288 -1632
2304 18288 -1632
1712 15120 -1424
1104 12192 -768
1472 17776 -1760
928 15872 -1552
704 13648 -1456
1200 17424 -1824
1184 15680 -1776
1184 15680 -1472
1264 17968 -1472
1248 16688 -1072
1312 16368 -672
1312 16464 -640
1440 16704 -784
1440 16992 -896
1456 16992 -1008
1456 17072 -976
1440 17120 -816
1536 17040 -544
1552 16832 -544
1760 16608 -704
1904 16352 -784
2112 16128 -1040
2112 15904 -784
2096 15872 -752
2048 15872 -752
1760 16064 -752
1536 16256 -752
1360 16352 -528
1088 16432 -416
976 16624 -336
736 16912 144
736 17280 368
544 17280 368
800 17776 640
912 18256 384
1152 18352 352
1072 18192 240
1072 18192 128
960 18000 128
992 17552 304
992 17152 560
944 16672 752
768 16128 576
688 15696 496
688 15696 912
656 15344 912
832 15056 1152
1200 14816 848
992 14704 624
640 14640 304
400 14576 -144
96 14624 -192
-288 14576 240
-288 14576 -4864
-736 14816 -4864
-848 15072 5264
-1744 16944 5024
-1072 17840 3568
-320 18144 720
-320 17632 720
752 17488 -320
-144 16080 -1616
-80 14624 544
-496 14032 2064
-608 15152 2896
-272 16112 3920
176 16704 3840
176 16992 3152
112 16992 2208
-448 17504 2208
-800 17072 1712
-720 16752 1264
-272 16480 1808
144 16592 1552
144 16960 816
528 16144 176
528 16144 576
-464 15680 576
-1392 15648 816
-2368 15936 -1552
-704 15568 2272
-704 13936 1344
496 13936 1344
1088 13344 -1344
1344 13712 -752
3008 17312 -10000
2464 18064 -4816
2016 17984 -992
2144 17616 1984
3968 17088 2672
3968 15776 2832
2864 15776 2832
2352 14480 2064
2128 14640 1280
2128 14512 928
1648 13904 1136
736 13024 1184
-32 12512 816
-608 12880 1008
-608 13776 1616
-176 13776 1616
128 13456 2656
400 13824 2080
-496 13040 688
1904 22848 1408
240 6320 19008
-1824 -10912 19008
-848 6784 12624
-288 4000 3744
80 14464 3744
256 12512 2992
320 15696 1664
512 16016 1424
512 15904 1552
800 15904 1712
1104 16320 1712
1376 16176 1936
976 16240 1904
784 16176 2384
736 16208 2416
656 16304 2224
656 16304 1776
464 16304 1776
192 16208 1632
208 16096 1728
208 16000 1504
128 16016 1440
128 16032 1648
176 16032 1648
64 16160 1904
192 16096 2144
256 16208 1888
288 16288 1856
432 16144 1664
432 16192 1632
336 16192 1536
304 16192 1536
272 16128 1632
384 16096 2192
480 16288 2368
480 16432 2176
336 16528 2576
512 16624 3120
816 16608 3120
1088 16608 3120
1248 16560 2912
-816 16032 3440
-528 16176 2352
-528 16128 1904
-64 16128 1904
16 15968 2064
-64 15936 1680
-176 16032 1536
-32 16096 1680
96 16064 1760
16 16112 1280
80 16176 1200
80 16128 1536
208 16128 1536
576 16144 1792
784 16128 2192
448 16112 2384
480 16256 2432
480 16512 2560
672 16480 2560
576 16448 2704
336 16368 2880
128 16336 2096
-80 16336 1936
16 16224 1936
48 16176 1984
-32 16064 1904
240 15936 1840
240 15712 1520
608 15712 1568
944 15568 1568
880 15520 1440
880 15424 1344
656 15424 1264
592 15472 1168
416 15552 1216
416 15552 1136
416 15760 1136
112 15776 944
128 15904 1328
80 16176 1616
80 16336 1936
80 16688 2240
192 16688 2768
480 16368 3536
704 16368 4176
1104 16384 4176
672 16208 4544
304 15872 4080
528 15632 3904
672 14880 3744
