startup(x,y,z):(448,16208,64)
448 16208 1024
624 16128 944
560 16128 1056
368 16176 912
320 16208 912
384 16208 992
240 16288 1120
480 16400 1008
576 16416 1168
560 16320 1408
512 16224 1040
512 16224 992
448 16176 784
352 16192 960
544 16352 1040
224 16272 1008
384 16304 1168
384 16304 960
464 16336 1120
528 16272 1120
448 16272 1088
368 16256 1200
432 16272 1072
320 16272 1056
336 16240 1120
336 16160 1184
336 16160 1184
336 16224 848
336 16224 624
624 16192 624
480 16160 512
496 16112 720
320 16208 1168
384 16432 1216
384 16368 1280
416 16368 1088
448 16352 896
512 16288 1072
448 16240 1168
416 16240 1168
416 16288 1344
320 16288 1664
352 16288 1664
400 16272 1344
400 16304 1376
592 16160 1136
656 16160 912
624 16128 1040
624 16272 1168
496 16272 1168
432 16400 1152
496 16320 944
528 16224 688
624 16304 1280
624 16352 1392
432 16352 1600
400 16304 1600
400 16272 1248
592 16192 1328
512 16160 1408
512 16144 1184
608 16160 1088
608 16208 1296
624 16208 1040
608 16096 1040
448 16144 896
-224 15408 1152
224 15328 1280
112 15856 1360
320 16016 1328
320 16016 1248
400 16160 1248
496 16160 960
400 16224 1136
336 16160 1408
320 16160 1440
544 16192 1376
528 16128 1264
528 16128 1328
512 16112 1248
512 16160 1248
464 16176 1296
528 16112 1456
528 16112 1392
432 16096 1296
368 16096 1136
368 16160 1024
448 16160 1024
464 16208 1104
432 16176 1312
544 16048 1424
656 16144 1424
560 16096 1280
800 16048 1088
560 16000 1328
736 16064 1232
736 16064 1248
880 16128 1248
672 16224 1312
608 16224 1376
624 16192 1520
640 16144 1488
528 16224 1456
528 16224 1248
560 16256 1248
592 16224 1200
608 16208 1312
480 16208 1440
304 16176 1472
400 16256 1392
400 16256 1328
432 16208 1328
544 16240 1344
512 16192 1200
496 16144 1200
304 16144 1408
432 16176 1472
496 16192 1136
448 16224 1296
480 16144 1312
480 16240 1120
688 16240 1120
656 16208 1184
544 16240 1280
480 16192 1312
432 16256 1040
432 16224 1232
560 16208 1312
560 16208 1200
544 16224 1200
368 16128 1264
576 16160 1472
560 16160 1632
544 16224 1456
544 16272 1392
544 16208 1376
528 16208 1440
560 16208 1440
544 16144 1344
592 16160 1296
640 16128 1312
480 16144 1184
384 16128 1232
432 16144 1216
432 16208 1424
512 16144 1360
512 16128 1376
416 16208 1520
512 16256 1360
544 16240 1344
416 16208 1632
512 16208 1424
400 16176 1568
400 16256 1568
432 16256 1600
432 16256 1600
464 16224 1504
576 16224 1472
608 16240 1456
592 16208 1520
416 16208 1328
480 16096 1088
528 16032 1088
656 16000 1264
608 16080 1440
672 16144 1360
672 16208 1376
784 16208 1376
832 16224 1216
672 16208 1264
608 16192 1408
576 16176 1184
640 16176 1056
640 16112 1056
576 16176 1232
576 16144 1200
608 16144 1328
496 16144 1328
400 16176 1472
512 16192 1376
464 16144 1328
608 16176 1248
608 16176 1328
528 16176 1280
672 16176 1280
624 16192 1376
544 16192 1200
416 16160 1040
336 16144 1392
336 16128 1360
608 16128 1360
736 16272 1360
576 16208 1408
592 16192 1344
624 16224 1328
720 16224 1568
656 16272 1680
560 16208 1744
560 16208 1808
304 16176 1632
576 16240 1616
368 16272 1344
400 16240 1264
464 16176 1312
560 16160 1232
560 16160 1376
352 16160 1264
368 16128 1296
368 16128 1376
400 16128 1376
464 16096 1392
544 16208 1424
512 16192 1488
480 16128 1280
448 16208 1488
496 16272 1536
560 16272 1456
528 16272 1408
496 16224 1328
496 16144 1520
528 16144 1328
592 16192 1472
480 16144 1440
480 16112 1360
432 16112 1376
480 16112 1344
480 16176 1488
560 16176 1536
512 16208 1536
432 16288 1616
384 16240 1376
496 16224 1344
432 16176 1616
544 16144 1360
544 16096 1424
480 16096 1424
496 16272 1568
480 16304 1536
464 16256 1536
464 16240 1280
576 16224 1472
512 16176 1472
544 16192 1440
480 16240 1424
464 16240 1584
464 16176 1424
656 16176 1168
576 16160 1104
480 16208 1248
576 16208 1408
528 16176 1536
544 16208 1744
480 16240 1744
416 16288 1584
416 16208 1712
464 16160 1824
368 16144 1520
368 16128 1536
512 16128 1584
448 16208 1584
384 16176 1696
528 16192 1584
672 16240 1584
704 16256 1344
528 16208 1376
416 16208 1376
416 16208 1328
560 16256 1152
576 16160 1152
576 16176 1136
464 16160 1280
496 16144 1200
304 16160 1328
496 16112 1552
496 16112 1440
480 16096 1440
528 16176 1632
512 16208 1712
416 16192 1680
448 16320 1584
528 16224 1568
528 16336 1632
368 16336 1568
480 16224 1568
656 16144 1472
544 16160 1392
544 16176 1328
496 16176 1408
496 16208 1488
512 16208 1488
304 16160 1488
400 16096 1280
480 16160 1424
624 16288 1312
640 16224 1664
512 16224 1520
496 16176 1616
496 16144 1696
336 16144 1696
416 16144 1472
480 16128 1664
544 16080 1600
544 16080 1600
544 16192 1776
528 16160 1344
496 16160 1344
480 16192 1440
448 16176 1360
448 16144 1472
432 16144 1600
448 16144 1616
448 16112 1696
576 16112 1696
624 16112 1792
544 16176 1824
512 16112 1792
416 16160 1840
592 16128 1392
592 16096 1456
560 15984 1520
560 16112 1520
528 16112 1600
352 16208 1600
576 16224 1472
544 16192 1584
560 16112 1664
560 16224 1616
576 16240 1744
512 16304 1680
496 16240 1600
528 16272 1616
560 16240 1584
560 16240 1584
448 16176 1584
464 16176 1648
512 16112 1648
464 16112 1552
448 16144 1536
496 16128 1520
400 16176 1328
384 16208 1424
448 16176 1376
400 16176 1536
400 16160 1504
496 16160 1504
336 16096 1568
480 16080 1488
496 16160 1632
624 16112 1584
496 16144 1632
512 16144 1568
512 16240 1600
544 16240 1456
640 16192 1504
448 16160 1504
432 16144 1664
528 16176 1696
336 16112 1584
464 16192 1440
464 16192 1488
480 16192 1424
432 16112 1568
688 16160 1456
576 16080 1680
528 16112 1568
528 16144 1584
528 16144 1536
480 16128 1536
512 16192 1504
480 16176 1680
528 16096 1504
464 16224 1488
464 16192 1488
592 16192 1616
352 16192 1616
416 16160 1520
432 16192 1536
352 16224 1584
432 16208 1728
432 16288 1408
544 16256 1424
640 16256 1424
672 16176 1424
704 16240 1472
528 16224 1120
608 16224 1120
592 16224 1344
592 16176 1424
656 16176 1424
640 16208 1392
448 16144 1520
448 16160 1600
512 16160 1536
512 16176 1648
560 16176 1600
624 16224 1600
704 16096 1536
592 16032 1552
656 16048 1456
528 16112 1552
592 16080 1424
592 16128 1408
544 16128 1488
560 16160 1488
512 16144 1376
496 16160 1232
528 16160 1360
528 16176 1408
736 16160 1536
672 16160 1536
560 16176 1712
480 16208 1440
384 16208 1600
448 16208 1456
448 16192 1568
400 16192 1536
448 16208 1536
464 16192 1760
624 16256 1744
512 16208 1712
480 16160 1568
400 16112 1488
400 16208 1472
576 16208 1472
448 16176 1440
496 16144 1584
512 16208 1776
448 16224 1824
432 16272 1856
432 16272 1728
512 16176 1568
512 16096 1600
464 16144 1600
448 16192 1440
448 16144 1648
432 16112 1760
448 16160 1600
448 16208 1520
544 16208 1472
432 16160 1472
592 16160 1616
480 16192 1456
512 16176 1456
400 16192 1664
416 16192 1664
480 16208 1792
480 16192 1728
432 16192 1728
496 16144 1968
544 16112 1760
464 16224 1520
560 16208 1376
480 16240 1488
496 16192 1728
496 16240 1648
416 16208 1552
416 16256 1568
448 16192 1504
512 16192 1568
496 16064 1648
496 16128 1664
528 16128 1488
592 16160 1488
528 16192 1424
576 16144 1456
496 16208 1456
560 16224 1632
576 16176 1536
592 16112 1584
560 16112 1168
528 16128 1360
528 16128 1312
480 16112 1200
448 16128 1344
432 16128 1408
416 16128 1488
416 16192 1376
464 16224 1424
464 16240 1648
624 16240 1648
560 16272 1440
752 16224 1504
768 16176 1488
704 16192 1488
704 16144 1408
608 16144 1456
512 16192 1408
480 16160 1424
496 16112 1328
480 16160 1392
464 16112 1488
464 16240 1472
464 16240 1504
464 16272 1504
480 16176 1504
624 16208 1696
560 16224 1680
432 16256 1632
432 16208 1264
448 16144 1440
432 16144 1440
464 16144 1520
512 16080 1936
544 16080 1792
480 16112 1728
480 16096 1616
416 16096 1696
368 16160 1696
288 16176 1648
608 16112 1504
592 16096 1728
752 16080 1504
