startup(x,y,z):(128,16144,240)
672 17152 2800
208 16432 1616
208 16432 1792
-128 16704 1936
-528 16336 1600
448 16336 1600
-240 16496 1184
-144 16448 1280
368 16000 784
368 15952 864
144 15952 864
656 15824 560
720 15728 -128
512 15600 -368
496 15600 -672
-96 15456 -592
528 15216 -352
528 15584 -480
608 15584 -480
528 15568 -288
576 15712 -288
-2512 15968 1264
-2512 15488 2560
-4000 12160 4416
-2176 12160 4416
-7248 23920 -20032
-640 17040 -8576
80 16096 -2544
96 15920 -1456
-96 15920 -2096
-3264 16544 -2096
4016 3200 2176
-736 7920 -1488
-4464 11440 -4384
-2992 11152 -3584
368 12464 -2048
1488 18096 -2912
1488 19184 -1392
-5152 19184 1120
-3168 19248 1120
-1792 16512 2880
960 16256 4528
-1904 17344 1584
-1904 17600 400
-1136 17600 -112
928 16304 -112
-1328 18288 16256
864 17808 7696
656 17360 2608
656 16448 1008
-1056 16736 1264
-864 16816 672
-864 16816 768
-464 16560 768
-128 16336 432
-80 16336 608
64 16208 240
-688 16320 -16
-688 16320 -16
-208 16336 544
16 16336 224
560 16192 224
976 16000 144
512 16208 560
208 15968 -736
208 15968 -576
-416 15952 -576
-528 16208 352
-48 16384 1184
-96 16368 1312
208 16368 1280
208 16464 1008
208 15968 960
560 16432 1440
496 16672 2016
992 17744 2480
464 17376 1744
464 16256 928
192 14192 1088
192 14960 1088
-192 14880 1008
512 16928 1616
1056 16992 2176
-1808 16800 1504
-640 16224 480
448 15632 672
448 16144 672
144 16320 1024
240 16224 1264
432 16576 1664
816 17024 1456
-2272 18448 1568
-2272 17616 3888
1168 17616 3312
640 15296 2560
1648 15920 2560
1472 21200 512
96 22432 -928
2128 19808 -1264
2128 19808 672
1392 17376 672
-1536 17696 2992
-240 17936 224
528 1776 3136
3920 17216 -80
2992 17872 -4160
-48 18864 2208
960 14688 1728
960 15888 2352
560 15888 2352
0 16448 2656
-32 16112 2320
432 16272 1856
176 16208 1792
32 16208 1488
16 16192 1488
-192 16208 1648
688 16192 2256
1136 16000 2272
1216 15808 2224
1664 15600 1856
1664 15376 1744
2000 15376 1776
1584 15312 1776
656 14720 1952
816 14944 1712
1088 15088 1376
1120 14832 1376
1120 15072 1584
880 14272 3008
336 14464 4560
336 14080 4800
320 14080 4800
480 13360 4784
1072 15968 4672
1520 16544 4544
1520 17072 4640
1760 17072 4640
1648 16800 4640
1216 16160 4384
832 15728 3536
736 15040 2896
128 15184 1952
-48 15456 1424
-48 15648 400
-96 15648 400
336 15920 -352
-32 16640 -464
-464 16880 -496
-336 17008 -896
-336 17008 -1152
-224 17008 -1152
-144 17104 -1392
-384 17392 -1600
-480 17792 -1808
-608 18240 -2128
-672 18224 -2368
-672 18224 -3136
-336 17568 -3136
-432 16560 -3312
-256 15664 -3536
-32 14784 -3744
96 14016 -3760
96 14016 -3648
208 13312 -3648
400 12864 -2944
368 12576 -2944
48 12976 -2656
-160 13744 -2400
-64 14528 -2016
-64 15568 -1712
-368 15568 -1712
-112 16176 -1936
192 16784 -1936
320 17216 -1776
608 17744 -1808
704 17568 -1904
784 17184 -1920
688 16816 -1536
688 16624 -1120
1104 16624 -912
912 16864 -912
928 16752 -736
768 16448 -720
688 16448 -752
784 16640 -768
784 16816 -704
1296 16816 -704
1280 16832 -576
1536 16736 -576
1136 16784 -720
768 16704 -912
688 16576 -784
688 16576 -912
528 16544 -912
480 16432 -1168
688 16336 -1248
416 16144 -1088
544 15904 -912
464 15584 -800
368 15344 -960
336 15200 -720
336 15200 -512
512 14976 -512
480 14928 -528
368 14992 -384
464 15136 -608
464 15360 -800
480 15360 -928
544 15488 -928
432 15696 -1056
480 15840 -1040
208 15968 -880
288 16064 -928
224 16144 -1040
224 16176 -1120
272 16176 -1120
144 16096 -1056
0 16064 -1088
-128 15968 -800
64 15984 -688
-16 16128 -928
-16 16064 -1008
208 16144 -960
208 16144 -1088
192 16144 -1088
192 16064 -1152
80 16128 -896
32 16144 -944
32 16144 -944
192 16208 -944
160 16272 -960
240 16320 -992
544 16352 -1056
528 16432 -1232
352 16352 -1296
272 16256 -1504
272 16256 -1360
320 16064 -1360
224 16080 -1376
80 16096 -1296
16 16096 -1184
16 16192 -1312
112 16192 -1312
-16 16144 -1360
64 16016 -1280
48 15920 -1168
64 15856 -1056
96 15984 -1072
96 16032 -864
288 16032 -1136
384 16016 -1136
560 16032 -1328
512 16080 -1312
480 16144 -1328
480 16256 -1472
544 16256 -1632
560 16256 -1632
560 16368 -1632
336 16384 -1376
208 16304 -1312
96 16192 -1616
112 16128 -1888
-48 15984 -1488
32 15920 -1376
-48 15840 -1376
160 15824 -1408
32 16000 -1440
48 16032 -1296
96 15952 -1328
0 16000 -1520
0 16032 -1424
96 16032 -1248
128 15968 -1248
112 15936 -1200
48 15936 -1200
32 15936 -1376
32 16000 -1536
176 16000 -1536
96 16064 -1728
32 16096 -1488
16 16192 -1488
0 16224 -1344
16 16160 -1376
16 16160 -1296
16 16160 -1296
-128 16096 -1344
-96 16192 -1376
-32 16192 -1456
0 16112 -1536
0 16112 -1536
176 15952 -1536
80 15920 -1440
176 15872 -1360
128 15856 -1584
-64 15856 -1280
-64 15872 -1616
-64 15872 -1776
-16 15888 -1776
-16 15968 -1456
-64 16032 -1520
-176 15984 -1184
-176 16064 -1120
-256 16064 -1120
-128 15984 -1152
-112 15984 -1184
-240 16048 -1408
-112 15968 -1440
-80 16064 -1632
-80 16112 -1600
80 16112 -1600
-208 16176 -1536
-176 16256 -1424
0 16176 -1344
64 16176 -1728
0 16112 -1552
-192 16096 -1600
-192 16016 -1328
-160 16016 -1328
-80 15952 -1280
-80 15872 -1312
0 15920 -1312
0 15936 -1648
48 15936 -1440
-16 15840 -1440
-96 15968 -1280
-64 15920 -1376
-80 15952 -1472
-16 15968 -1632
-16 15888 -1456
-96 15888 -1632
-96 15936 -1632
-224 15920 -1648
-336 15920 -1584
-240 15840 -1696
-240 15872 -1728
-160 15872 -1728
-160 15888 -1536
-240 15856 -1552
-384 15968 -1520
-320 16064 -1776
-128 16096 -1648
-128 16096 -1536
-96 16208 -1536
-64 16256 -1600
-80 16144 -1712
224 16128 -1744
224 16128 -1776
352 16144 -1776
464 16080 -1840
448 16048 -1808
400 16080 -1856
432 15984 -2096
352 15968 -1840
352 15888 -1856
144 15888 -2032
0 16016 -2032
0 15936 -1728
-96 15936 -1792
-96 16016 -1536
-16 15952 -1472
-16 16032 -1504
-80 16032 -1504
-80 16000 -1776
-80 15984 -1584
16 15936 -1536
32 15952 -1280
64 15920 -1440
64 15920 -1456
96 15920 -1456
128 16032 -1456
112 16112 -1456
16 16208 -1552
128 16224 -1712
128 16224 -1520
-32 16352 -1520
-32 16304 -1616
208 16240 -1616
224 16176 -1520
224 16032 -1664
224 15952 -1472
208 15952 -1472
240 15968 -1280
176 16000 -1168
64 16032 -1072
96 16080 -912
48 16160 -1152
48 16160 -1472
-224 16256 -1664
-256 16256 -1664
-96 16192 -1616
-64 16064 -1264
-176 15952 -1376
-176 15984 -1600
-128 15984 -1600
-176 15824 -1440
-32 15968 -1472
96 15968 -1488
80 16128 -1664
80 16144 -1680
64 16208 -1664
48 16208 -1648
-16 16160 -1648
-64 16128 -1504
-80 16048 -1600
-48 15936 -1120
-48 15968 -1296
48 15968 -1104
48 15936 -1088
128 16048 -1088
336 16048 -1152
304 16112 -1152
144 16128 -1136
112 16064 -1120
64 16064 -1056
64 16064 -1344
80 16160 -1344
32 16160 -1168
64 16144 -1152
16 16096 -1280
-16 16064 -1248
-16 16064 -1312
128 15952 -1312
80 15904 -1504
80 15904 -1472
224 15920 -1296
192 15952 -1040
192 15952 -992
176 16000 -992
176 16032 -944
80 15952 -960
176 15888 -928
176 15904 -848
64 15904 -848
32 15968 -1120
0 16064 -1280
64 16064 -1280
144 16080 -1552
80 16176 -1360
176 16224 -1840
192 16224 -1616
192 16224 -1472
64 16160 -1472
128 16096 -1616
-64 16160 -1680
-224 16000 -1440
-176 15936 -1504
-32 15872 -1472
-32 15856 -1296
-16 15856 -1296
-64 15968 -1232
-32 15952 -1328
-96 15936 -1088
-80 15984 -1296
-112 16064 -1504
-112 16032 -1472
-112 16032 -1936
-96 16144 -1936
-176 16176 -1792
-80 16208 -1744
-224 16192 -1744
-96 16128 -1728
-96 16032 -1584
-128 16032 -1520
48 15920 -1520
80 15936 -1584
-32 15984 -1632
16 16096 -1520
-64 16112 -1280
-64 16112 -1248
64 16032 -1424
96 16032 -1264
112 16096 -1264
336 16096 -1312
256 16128 -1824
224 16048 -1744
224 16064 -1328
176 16064 -1488
192 16096 -1488
176 16032 -1856
48 16016 -1568
80 16016 -1856
128 16048 -1488
128 16000 -1392
64 16000 -1536
128 16000 -1536
128 16048 -1728
96 16048 -1616
128 16064 -1760
128 16032 -1344
-16 16032 -1232
-96 16032 -1232
-80 16000 -1168
80 16000 -1184
0 15984 -1296
-192 15984 -1376
-112 15872 -1424
-112 15872 -1312
-96 15840 -1312
16 15968 -1472
-96 15984 -1280
-192 16160 -1408
-208 16288 -1456
-112 16272 -1360
-112 16192 -1424
-32 16192 -1472
16 16112 -1184
144 16000 -1184
-32 15888 -1168
0 15840 -1216
-16 15824 -1312
-16 15888 -1408
