startup(x,y,z):(496,16192,288)
-160 17040 1600
-224 17104 2224
912 17472 2320
-288 12336 2640
-144 15664 1152
1936 14016 848
1120 15584 896
192 16528 1280
480 16944 2016
448 17072 624
1168 16544 656
720 16864 624
720 16976 928
704 16688 848
480 16688 448
720 16480 448
-144 16816 592
-16 17728 1056
1184 17600 1168
496 17984 1168
1104 20576 1728
3648 26608 -1184
8832 9088 2048
3744 24256 -3888
-7744 22448 -1888
-6368 19008 -1872
-3200 16720 -2048
-256 16032 272
-176 16160 1712
656 16544 2928
656 16544 3968
1936 16432 3968
1856 16176 3456
2400 15968 3072
2128 15728 1760
1280 15632 928
928 15648 64
1440 15600 288
1424 15600 688
1008 15520 688
336 15792 1424
608 15984 2048
1008 15888 2128
1008 15920 2240
1152 15920 2368
704 15232 2368
64 15488 3120
-288 14304 2816
-224 13040 2208
160 13648 2000
-48 16288 2480
-48 16288 3040
-912 16128 2896
-368 15776 2896
-288 15680 2304
-112 15376 1824
-16 15168 1152
-96 14944 896
-64 14592 784
-64 14448 800
-336 14288 736
-304 14240 -256
-304 14224 -656
-208 14224 -1168
48 14304 -1792
256 14256 -1792
608 14464 -2352
928 14560 -3296
1040 14768 -3296
2272 15488 -2304
1648 19488 -880
3024 13824 -1168
4112 23216 -2832
4096 17024 -2832
3568 22656 -2288
3744 17440 -3296
3200 18272 -3264
3120 18480 -2800
3120 17632 -1872
3296 17632 -2048
3536 19600 -2048
3456 18208 -2720
3184 17824 -2672
2688 17712 -2448
2192 17360 -1936
1680 17008 -1824
1040 16784 -1296
544 16560 -1024
240 16640 -1120
-368 16768 -704
-496 16560 -224
-864 16208 512
-864 15600 944
-864 14976 1136
-912 14192 1568
-656 13504 1312
-816 12976 1552
-480 12672 1616
-480 12672 1552
-272 12672 1664
-256 12880 1664
-544 13248 1760
-864 13712 1856
-1168 14480 2224
-800 14464 2608
-480 14128 2672
-304 13872 2224
-304 14768 -3040
2512 14768 6544
1488 17360 6544
672 17856 4592
128 18432 1808
1104 18608 -1696
1328 17760 -2624
1744 17248 -2544
1904 17168 -2512
1728 17344 -2832
1728 17904 -3248
1968 17904 -3248
2016 18704 -3440
2240 19088 -3840
2656 19280 -4224
3232 18912 -4288
3344 18448 -4464
3264 17744 -4112
3200 17536 -2976
3280 17888 -2368
3440 18048 -2448
3056 17952 -2832
3056 17456 -2880
2528 17456 -2432
1952 16096 -1632
1632 16096 -1760
1936 15968 -1760
1280 15408 -944
864 14912 -768
608 14480 -480
224 13856 -96
-640 13264 1120
-1408 12992 1680
-1408 12992 2512
-2160 12848 2640
-2912 12848 2864
-3600 13152 2672
-3984 13152 2672
-4288 13408 2512
-4448 13568 2480
-4576 13776 2608
-4672 14144 2464
-4560 14400 2256
-4400 14480 2288
-4112 14608 1728
-4112 14608 9728
2896 18400 9728
-1104 17248 7568
-720 17232 2208
208 17392 1456
608 17840 -448
1456 17968 -1536
1920 17328 -2384
2656 17328 -2960
3680 17360 -3568
4576 17200 -4384
4576 17200 -4144
4912 16864 -4144
4720 16528 -3664
4000 16528 -2640
3600 16976 -1616
3264 18272 -1120
3232 19760 -1200
3120 20896 -1280
2784 20976 -1392
2784 20976 -1392
2528 20352 -1600
1792 19264 -1600
1104 18144 -1664
592 17120 -1664
16 16176 -1680
-368 15200 -1440
-368 14288 -1168
-528 13792 -624
-1616 13152 272
-1616 12848 592
-1888 12848 592
-2192 12672 1440
-2736 12448 2496
-3056 12672 2992
-3328 12864 3808
-3328 13120 4416
-3648 13120 4400
-3696 13472 4400
-3456 13760 4032
-3520 13952 3888
-3584 13808 3584
-3536 13376 3344
-3488 13136 2224
-3120 13104 1536
-3120 13216 480
-2448 13216 480
-1952 13264 -384
2656 15040 7712
3568 14688 1376
32 15792 16
-1616 18512 -7104
3680 15872 -5584
912 17088 -4480
272 17696 -1808
1792 18960 -1088
1792 18960 192
2896 20336 192
3536 21888 352
4576 22512 -48
6112 22832 -752
6688 22416 -1600
8544 17424 -4176
4816 11680 -6128
3408 19424 -5776
2272 19424 -4640
1424 17504 -4640
1392 18416 -3456
1728 18576 -2096
624 18336 -1008
2432 17584 -1312
2432 17120 -1712
2432 16512 -1280
1216 16512 -288
-256 15616 48
-1040 14688 48
-2080 13712 1072
-3488 12944 2048
-3136 11696 4304
-4800 11536 4720
-5632 11792 2560
-5632 12528 1024
-5616 12768 624
-5296 12768 624
-4912 12576 1872
-4352 12304 2992
-3456 12288 3920
-2672 12640 4080
-2720 13600 3376
-1024 15552 2768
720 14512 3184
720 16208 -928
-624 16208 -2304
-1376 16336 -2304
1280 16608 -2128
2016 18272 -704
3040 19440 -768
3648 20576 -528
5120 20512 -896
5120 19952 -2384
6528 19952 -3552
7056 19840 -3552
6688 22592 -4656
-1120 22608 -2096
2944 24896 -4048
2976 15248 -4656
5808 18912 -6368
5808 19728 -5856
4528 19728 -4080
3008 19536 -4080
2592 18576 -3056
2320 17280 -2784
2320 16352 -3584
1168 15408 -2928
1168 14816 -1696
-240 14816 -1008
-1296 14224 -1008
-1360 13744 -592
-1632 13104 528
-400 16688 12672
-3568 12944 11408
-3776 12928 8928
-3776 12784 5984
-2880 12784 2352
-3008 12592 176
-3840 12096 176
-4960 11184 -624
-5424 10064 1280
-5008 9504 3024
-4240 9680 3904
-3280 10592 4000
-2128 11808 3456
-2128 12144 3680
-1232 12144 3520
-352 12816 3520
640 13760 2528
1328 15648 10224
3168 18304 4000
2368 19488 -2704
1504 19856 -4064
1504 26256 8928
4608 19552 -4512
5296 20752 -2336
6608 19424 -4000
6608 14560 -2432
7824 14336 -2432
7968 16192 -4320
7616 19440 -5088
6400 19376 -4752
5504 20608 -4080
5024 22432 -4224
5024 21552 -3888
3712 21552 -3280
3072 19952 -3280
2912 18432 -2848
3120 17776 -3344
2704 16928 -3104
2704 16096 -2976
2000 15440 -2352
1440 14864 -2112
976 14864 -960
352 14016 -960
-400 13392 -192
-1088 12832 608
-1904 12160 1584
-2176 10576 6912
-4016 10480 2128
-2352 12336 8800
-2352 13312 5360
-2048 13312 2912
-1888 13872 2224
-2384 13376 2800
-2944 13376 2800
-1792 14912 4176
-2208 14576 -848
-2032 13744 4224
-1680 13632 1888
-864 12992 -544
-864 12992 -3456
-544 13168 -3456
624 20544 2000
2912 22320 -3024
2544 22192 -6208
3360 19184 -2000
5200 6784 -3296
5888 15072 -2064
5056 13168 -3968
4768 16704 -4512
4768 16704 -4688
4912 17232 -4688
5232 16992 -5072
5008 17456 -4976
4704 17360 -4720
4544 19120 -3344
4912 20800 -2192
4912 15584 -480
4288 18608 -1296
4640 18608 -1440
3856 18944 -1440
3184 18256 -1488
2672 17264 -1648
2144 16096 -1440
1424 15280 -1616
1424 14528 -1504
848 14528 -960
400 14208 -960
240 13840 -896
-160 13456 -144
-672 12896 1184
-4944 9600 -1104
-5280 9232 1328
-5280 9232 16
-3712 14016 16
-896 12128 2752
112 11712 288
0 11232 320
-1216 10176 1680
-2208 10352 2288
-2208 11424 2672
-2912 12816 2768
-3344 12816 2768
-3360 14400 2672
-3312 15024 2608
-2848 15072 2976
-1920 14880 3056
-1920 15056 1680
-512 15056 6560
3520 21840 -7744
5120 21472 -5904
5920 21472 -4640
6256 22368 -4480
5984 21104 -4480
6080 19280 -5552
7216 2912 -8368
6960 12400 -5264
5712 16800 -4592
5712 10512 -5888
3888 10512 -4032
3936 16304 -4032
3472 15552 -4144
3360 17664 -2624
3744 19904 -1136
4464 21136 -256
4464 21024 -160
4928 20304 -368
4592 20304 -368
3808 18944 -896
2912 17680 -1504
1744 16496 -1696
1152 15424 -1552
576 14288 -1472
576 13440 -1008
-16 13440 -1008
-880 12784 -48
-1840 12272 608
-2496 12112 1296
-3136 12208 1680
-5600 11472 -992
-5600 13120 -1200
-5056 13120 -1200
-3744 14096 -896
-2496 13632 160
-2544 12496 2160
-2944 11968 3104
-3152 12512 2496
-3152 13584 1584
-2816 13584 1728
-2336 14368 1728
-1680 14624 1728
-1440 14256 2624
-1264 13888 3024
-560 14336 2208
-560 14336 864
672 15200 864
3968 18528 -2768
4288 23664 592
5104 23712 -128
5376 22240 -2944
5600 21072 -4496
5600 21072 -4560
5632 19760 -4080
5104 18480 -4080
4368 17808 -3968
3664 17264 -4800
2976 16816 -3392
2976 17328 -2112
3152 17328 -1840
3904 18448 -1840
4160 19136 -1984
3952 18880 -1776
3488 18352 -2480
2816 17392 -2736
2128 16000 -1408
1072 14704 -1408
32 14080 -208
-1040 13568 704
-1520 13120 1344
-1504 12560 1504
-4176 10000 4656
-5696 10384 10160
-5328 12336 3696
-5328 12336 768
-3376 15088 768
-2656 14864 -128
-2112 14032 368
-2608 12160 1008
-3088 9792 2400
-2832 8752 3024
-3056 8752 1744
-2640 10512 368
-2400 13168 368
-2128 15024 -256
-2096 15920 1072
-1968 16352 2288
-1648 16560 2736
-1648 16816 2688
-960 16864 4464
400 20256 4464
3104 21360 -3296
4128 21808 -6992
4816 21664 -6368
5296 20704 -6000
5296 19936 -6464
4848 19936 -5168
4256 18160 -5168
4224 17088 -2976
4640 17248 -1280
5008 18304 -1392
4672 19184 -2016
3984 19344 -2304
3984 19344 -2272
3232 18880 -2272
2768 18048 -2336
2208 17136 -2576
1520 16320 -2208
928 15760 -2560
368 15248 -2656
-64 14608 -1904
-64 13728 -1280
-176 13728 -1280
-384 13200 -512
-5760 11840 -3696
-4944 11744 -592
-4832 13632 1248
-2528 15408 480
-1456 15136 -400
-1456 14112 -768
-1120 14112 192
-1904 12784 192
-3088 11536 320
-4064 11248 144
-4976 11552 -176
-6224 11632 1232
-6224 11776 2608
-6560 11776 2960
-5200 12544 2304
-3344 14224 2304
-1648 16032 1360
-688 16656 1392
304 17024 1504
