startup(x,y,z):(64,16160,400)
80 15952 1168
-16 15808 1504
0 15712 1392
0 15744 1360
112 15744 1360
-80 15744 1136
-224 15792 896
-384 15168 896
-96 15296 816
-320 15584 1248
-112 16960 1264
-112 16960 816
-192 17616 592
-128 18480 592
-48 18336 768
-32 17744 1088
-96 17248 1152
0 16832 1408
-16 16640 1280
80 16624 1072
80 16624 928
176 16624 928
320 16544 912
192 16320 592
320 16112 16
2272 17424 6432
2272 16112 816
1824 16112 9488
1744 15504 9488
1088 16128 -1568
752 16112 -1568
176 14528 -976
160 14480 -752
48 14848 -1504
48 15120 -848
-416 15120 -848
-848 15232 -880
-928 16000 -1792
-960 16352 -1328
-640 16528 -2000
-384 16448 -2240
-400 16512 -2080
-400 16512 -2336
-544 16512 -2336
-608 16432 -2256
-560 16336 -2368
-480 16256 -2368
-448 16224 -2304
-448 16192 -2176
-544 16192 -2176
-368 16192 -2176
-240 16160 -2096
-144 16272 -1936
-176 16304 -1872
-48 16336 -1968
-16 16304 -1824
-16 16304 -1984
16 16320 -1984
64 16352 -1600
368 16384 -1840
16 16464 -1424
64 16656 -1424
64 16688 -1456
64 16688 -1424
-64 16576 -1440
-144 16448 -1184
-176 16448 -1184
112 16336 -1312
32 16256 -1536
-32 16128 -1504
-32 16016 -1168
80 16048 -1184
-32 16048 -1184
64 16112 -1184
144 16128 -1072
336 16288 -1264
208 16272 -1088
64 16320 -1328
-128 16416 -1152
-128 16416 -1280
-32 16304 -1424
64 16160 -1552
-176 16064 -1344
-80 15904 -1232
-80 15648 -1104
0 15728 -1104
80 15888 -1616
96 15952 -1472
0 16032 -1392
-192 16032 -1056
-128 16048 -864
-128 16064 -1232
112 16064 -1232
-64 16160 -1312
80 16144 -928
176 16128 -912
464 16000 -1104
464 15904 -944
144 15904 -1056
64 15872 -1104
128 15872 -1104
-16 15936 -912
-96 16064 -1232
96 16000 -1232
96 16000 -1344
192 16000 -1344
128 16032 -1280
-96 16016 -1200
16 15968 -1088
80 15936 -1136
16 15808 -1232
-32 15792 -1440
80 15728 -1424
80 15696 -1264
-16 15696 -1264
-96 15712 -1120
-96 15808 -928
-80 15888 -720
-128 16064 -1072
16 16336 -1264
16 16336 -1312
64 16592 -1312
0 16688 -1248
112 16656 -1248
48 16624 -1360
32 16464 -1440
128 16256 -1344
128 16064 -1232
16 16064 -1232
-16 16000 -1312
-16 15904 -1328
16 15872 -1424
0 15872 -1408
-128 15904 -1328
-192 15872 -1360
-192 15968 -1248
-144 15968 -1152
-112 16112 -1152
-176 16160 -1088
-32 16224 -1296
64 16304 -1456
64 16400 -1216
64 16400 -1216
16 16432 -1184
64 16352 -1184
96 16256 -1152
96 16112 -1200
0 16080 -832
64 16032 -1072
64 16048 -1040
80 16048 -1040
-160 15984 -1008
-176 16000 -1136
-80 15984 -1168
-32 15968 -1040
16 15936 -1072
16 15936 -880
224 16080 -1040
176 16128 -1040
240 16128 -928
112 16112 -928
192 16080 -816
16 16128 -1088
64 16160 -1152
64 16176 -912
-16 16176 -896
160 16048 -896
32 15968 -816
96 15872 -896
-64 15904 -960
-48 15904 -768
-16 15904 -880
-16 15888 -864
-16 15888 -992
160 15904 -992
144 15968 -1040
96 16000 -864
0 16000 -720
80 16080 -736
80 16144 -832
-48 16144 -816
-16 16208 -832
-16 16208 -976
-176 16192 -976
-192 16208 -768
-32 16288 -928
32 16240 -880
32 16240 -736
-32 16256 -768
-128 16240 -768
-16 16096 -1008
-48 16064 -1168
32 15984 -1056
16 15872 -1136
-80 15792 -1072
-48 15792 -1152
-48 15792 -1344
64 15840 -1200
-16 15888 -1072
-16 15904 -1072
32 15920 -928
96 15936 -944
96 15936 -944
176 15968 -944
-32 15968 -976
-32 15968 -1344
64 15984 -1344
-64 16032 -1312
0 16096 -1344
-176 16144 -1136
-176 16240 -1232
32 16240 -1168
64 16304 -1168
160 16208 -1040
208 16176 -1120
320 16128 -1104
320 16112 -1168
304 16128 -1232
304 16160 -1072
80 16160 -1200
-16 16224 -1200
-16 16192 -1072
-128 16176 -1136
16 16304 -1120
80 16336 -1568
96 16304 -1344
176 16304 -944
192 16240 -912
160 16096 -896
160 16096 -976
-128 16032 -976
80 15936 -1216
176 15968 -1616
-16 15936 -1440
-112 15968 -1328
-112 16016 -1104
-128 16048 -1040
-160 16224 -1264
-96 16224 -1264
32 16272 -1136
-16 16256 -1280
80 16304 -1520
-16 16336 -1344
-16 16288 -1440
192 16256 -1664
80 16256 -1424
16 16192 -1424
-64 16048 -1280
-160 16064 -1328
-352 16112 -1392
-224 16080 -1520
-64 16048 -1392
64 16000 -1360
64 16016 -1472
0 16016 -1472
112 15936 -1504
-32 15952 -1472
192 15920 -1536
112 15888 -1568
64 15920 -1504
96 15888 -1744
96 15808 -1568
144 15808 -1568
96 16032 -1712
64 16064 -1536
-32 16048 -1440
-32 16192 -1376
-144 16256 -1440
0 16256 -1440
32 16320 -1488
-96 16336 -1504
112 16320 -1264
48 16288 -1216
-80 16240 -1104
-80 16144 -1296
-112 16144 -1408
-112 16144 -1408
-128 16032 -1232
-48 15984 -1344
-160 15968 -1536
-160 15968 -1344
-176 15968 -1280
-112 15872 -1280
-112 15872 -1520
-32 15888 -1472
-64 15904 -1472
16 15904 -1392
-32 15968 -1232
-32 15888 -1104
0 15888 -1104
-128 16032 -1264
-16 16048 -1280
16 16096 -1312
208 16080 -1344
144 16144 -1392
160 16144 -1408
112 16080 -1488
112 16000 -1344
112 16000 -1504
240 15952 -1504
208 15888 -1600
64 15872 -1488
-80 15824 -1312
64 15824 -1312
64 15952 -1392
64 15952 -1392
-32 16000 -1520
-16 16032 -1360
-64 16032 -1200
-176 16112 -1200
-128 16112 -1216
-128 16176 -1600
-32 16240 -1776
16 16288 -1712
32 16192 -1536
192 16128 -1440
96 16064 -1424
176 16016 -1392
160 15888 -1536
160 15888 -1264
48 15840 -1264
16 15936 -1296
64 15920 -1360
176 15920 -1312
176 16048 -1504
288 16048 -1376
96 16096 -1376
16 16032 -1344
0 16128 -1664
16 16144 -1760
-96 16224 -1680
-224 16240 -1520
-224 16192 -1600
-160 16192 -1600
-160 16192 -1520
-48 16080 -1312
96 16016 -1472
64 16016 -1520
48 15968 -1568
48 15920 -1520
48 15920 -1296
80 15984 -1328
80 15952 -1264
-112 15952 -1520
-144 16080 -1456
-80 16160 -1616
-64 16176 -1616
-64 16208 -1728
-112 16128 -1776
48 16128 -1776
96 16048 -1440
0 16048 -1600
-96 16000 -1664
-112 15936 -1664
-192 15856 -1760
-192 15904 -1616
-32 15904 -1664
16 15824 -1664
0 15856 -1440
-80 15968 -1536
0 16000 -1472
0 16000 -1440
16 16000 -1440
96 16016 -1568
16 16016 -1600
32 16064 -1536
-16 16064 -1200
96 16224 -1312
144 16240 -1504
144 16240 -1312
48 16144 -1312
-144 16256 -1456
-112 16272 -1824
16 16272 -1520
-16 16160 -1408
-16 15904 -1232
32 16096 -1376
-48 16128 -1328
-48 16016 -1328
-32 16112 -1392
128 15968 -1584
128 15936 -1808
128 15936 -1536
-48 15936 -1536
32 15840 -1552
80 15808 -1408
112 15920 -1312
160 15936 -1456
96 16000 -1568
32 16048 -1568
96 16048 -1920
80 15984 -1776
80 15984 -1504
-32 16080 -1504
208 16048 -1504
96 16112 -1632
0 16304 -1616
0 16192 -1488
-32 16192 -1728
-112 16176 -1616
-176 16032 -1520
-288 16032 -1520
-192 16000 -1488
-80 15904 -1488
-80 15840 -1600
-80 15920 -1728
-128 15920 -1728
32 15920 -1696
0 15904 -1648
-48 15888 -1408
-32 15920 -1296
80 16048 -1424
-64 16080 -1280
-80 16128 -1536
-80 16096 -1712
0 16096 -1712
-48 16016 -1552
-64 16096 -1664
-256 16096 -1760
-128 16048 -1632
-128 16016 -1712
-160 16016 -1728
-96 16064 -1728
-192 16032 -1520
-256 15968 -1456
-208 15952 -1104
-208 15984 -1264
-128 15968 -1456
-128 15968 -1184
-176 16048 -1520
-64 16080 -1520
-80 16160 -1536
0 16288 -1680
-256 16208 -1520
-176 16144 -1552
-192 16112 -1600
-192 15984 -1648
-48 15984 -1744
-48 16000 -1744
16 15920 -1728
0 15760 -1776
-80 15776 -1936
-288 15712 -1632
-288 15712 -1616
-272 15760 -1616
-32 15792 -1552
48 15824 -1504
0 15936 -1568
-32 16000 -1408
32 16080 -1504
32 16128 -1328
32 16128 -1328
-64 16224 -1392
64 16240 -1312
-112 16256 -1264
48 16256 -1408
48 16160 -1376
16 16096 -1344
32 16064 -1440
32 16064 -1664
64 16048 -1664
16 16032 -1616
-96 15952 -1552
-32 15888 -1472
-32 15888 -1648
-80 15824 -1664
-272 15856 -1664
-272 15824 -1328
-208 15840 -1152
-208 15856 -1312
-96 15968 -1648
-112 15872 -1792
-112 16000 -1808
-112 16000 -1760
32 16000 -1760
0 16144 -1584
-80 16192 -1664
64 16192 -1648
-112 16208 -1568
-112 16160 -1408
-112 16160 -1408
-48 16176 -1584
0 16144 -1488
-144 16032 -1488
-64 15968 -1488
-96 16016 -1584
-128 16000 -1552
-128 16000 -1552
-240 16032 -1552
-96 16016 -1408
-48 16048 -1504
0 16064 -1488
-80 16096 -1376
-32 16048 -1376
-64 16032 -1392
-64 16032 -1456
-32 16096 -1456
48 16064 -1520
48 16016 -1216
0 16128 -1296
0 16208 -1472
-80 16208 -1472
-80 16272 -1760
32 16192 -1824
96 16128 -1760
48 16032 -1568
0 15888 -1360
0 15840 -1520
-64 15840 -1504
-16 15728 -1504
-16 15728 -1344
-48 15600 -1456
