startup(x,y,z):(320,16208,48)
368 16320 928
432 16304 832
448 16192 1072
608 16112 832
544 16192 976
480 16128 848
464 17856 3664
-192 17856 3664
-336 17424 5344
816 18560 4912
480 18096 4272
1232 18432 3680
688 19696 5248
-592 16208 5184
-592 16208 1872
-14688 23792 8768
-9168 20960 9136
8784 26800 592
15376 26752 1008
14592 29696 -6832
14592 31136 1248
3040 21728 8752
2160 16048 5760
2224 15312 -1440
2640 15312 -7680
3600 14816 -9968
3872 14208 -10336
3872 12816 -8992
3040 12816 -7360
1696 11056 -5360
400 9488 -5360
-720 8336 -3936
-1712 7648 -3904
-2624 7104 -4960
-3472 6448 -5136
-4208 5792 -4720
-4736 5568 -3936
-4336 5952 -1728
-2880 7568 224
-2912 9424 4512
-2320 12624 6528
-2320 14944 5424
-1712 14944 3312
-512 16576 3312
-1696 16112 1248
-3136 15968 928
-4336 16368 1856
-4080 16624 3360
-2736 17264 4000
-1712 17616 3008
-1184 16880 1664
80 16496 1264
928 16096 -112
928 16096 -656
1168 15504 -656
1728 15392 -960
1696 15456 -1520
2176 15488 -2112
2496 15456 -2352
2624 15328 -2192
2032 14896 -2096
2032 14896 -2096
1104 14640 -2096
768 14528 -2224
1392 14528 -2560
2464 14656 -2384
2416 14128 -2240
2416 14032 -2240
1680 14032 -2576
960 13952 -2576
272 14128 -3136
192 14544 -2912
912 15104 -1712
832 15792 -1760
-192 15760 -2272
-192 15728 -4096
-1120 15728 -4096
2704 16096 -2112
5600 15536 1872
5136 15488 816
3232 15584 -1888
-1088 12032 3552
-80 13440 -912
-80 14000 -3504
848 14128 1856
5616 14128 1856
7392 14032 3440
3936 13616 -2432
-32 13296 -10032
-32 12944 -9184
544 12944 10144
4240 2320 -2832
5136 6544 -176
2096 -3408 -3536
8528 14624 -4608
8848 7632 -4656
7280 7984 -6560
10352 16256 -5392
10464 16256 -6448
9456 15920 -6448
7536 9408 -7056
8432 11216 -5520
10880 15808 -3328
9232 12752 -3472
9232 11760 -3376
8336 11760 -1984
8928 13248 -1984
9440 15072 -2208
8880 15264 -2864
9008 15376 -3344
9008 14768 -3120
9312 14768 -3024
8960 14592 -2912
8128 15040 -2912
7456 14912 -3104
7904 15888 -2656
7328 15648 -2416
6656 14704 -2160
6736 14736 -2128
5904 14736 -2128
5488 14656 -1840
5232 14960 -1664
5344 15072 -1728
5312 14976 -1968
5264 14752 -1904
5264 14752 -1760
5280 15360 -2000
5632 15360 -2208
5888 14768 -2208
6000 14656 -1760
6000 14704 -1936
5600 13856 -2320
5392 13984 -2832
4848 13152 -2896
4848 15008 -2592
5568 15008 -2576
4192 11408 -2576
4176 12160 -3360
4144 11984 -2224
6608 14240 -1408
6256 14896 -1872
8688 15072 -1392
8256 14912 -1856
9568 14912 -2256
6640 14880 -3408
6464 15232 -2800
6208 15312 -2736
6208 15008 -2144
7872 15472 -2416
7552 15472 -2048
7184 15936 -2048
6944 15648 -1696
6992 15504 -1520
7120 15472 -1392
7024 15568 -1248
6960 15824 -992
6848 15152 -1392
6848 15040 -1392
6720 15040 -1456
6576 14960 -1712
6640 14912 -1552
6672 14880 -1712
5920 15280 -3008
6480 15008 -2112
6512 14400 -1792
6400 13984 -1808
6528 13968 -1760
6896 14224 -1888
6896 14432 -1904
7072 14752 -1392
6704 14896 -1472
6704 15040 -1840
6720 15040 -1392
6624 15024 -1392
6464 14896 -1664
6496 14640 -1680
6720 14480 -1792
6944 14752 -1840
6944 15008 -1696
6992 15008 -1696
6512 15216 -2192
6288 15200 -1824
6464 14944 -1680
6560 14640 -1776
6992 14448 -1888
7152 14272 -1712
7440 14144 -1728
7520 14400 -1456
7056 14832 -1328
7056 15664 -1856
5632 15664 -1504
5264 16048 -1504
6240 15104 -1888
7056 14944 -2144
7056 14784 -1936
6832 14736 -1808
6896 14736 -1776
7056 14752 -1760
7008 14752 -1936
6912 14688 -1824
6800 14704 -1760
6944 14624 -1728
7008 14656 -1840
7024 14672 -1968
6992 14576 -2000
6896 14704 -1696
6896 14656 -1776
6848 14656 -1776
6896 14688 -1920
6848 14720 -1968
6864 14752 -1808
6800 14656 -1728
6832 14720 -1744
7008 14784 -1744
7088 14752 -1776
7536 14848 -1568
7536 14816 -1456
7504 14672 -1968
7424 14592 -2192
5808 13888 -1824
4960 14688 -1552
5872 14816 -1120
6688 14656 -1280
6784 14912 -1920
6880 14704 -1824
6896 14640 -1872
7072 14624 -1728
6912 14672 -1664
6912 14640 -1520
7024 14480 -1664
6736 14480 -2176
6560 14688 -2160
6640 14592 -2160
6896 14608 -1872
6864 14880 -2032
6848 14672 -2080
6944 14544 -1968
6944 14800 -2048
6944 14800 -2320
7056 14544 -2464
7056 14640 -2288
7264 14480 -2400
7216 14512 -2304
7248 14512 -2000
7360 14512 -2000
7344 14480 -2080
7344 14576 -2272
7264 14656 -2000
7472 14528 -2112
7664 14400 -1952
7760 14352 -2032
7760 14560 -2256
7408 14480 -2448
7408 14496 -2320
7056 14384 -2416
6736 14384 -2448
6688 14384 -2448
6784 14416 -2320
7040 14496 -2112
7024 14624 -1920
6912 14592 -1744
6816 14592 -1872
6864 14528 -1872
6832 14544 -1856
7008 14560 -1968
6992 14608 -2000
6992 14544 -2112
6992 14544 -2240
7232 14512 -1968
7152 14560 -2192
7136 14528 -2288
7136 14544 -1824
7104 14544 -1824
7168 14560 -2064
7104 14544 -2192
6992 14496 -1984
7056 14480 -1904
6976 14480 -2016
6976 14560 -2016
7008 14528 -1872
7184 14496 -2240
7024 14544 -2064
6992 14672 -2112
6992 14544 -1952
7088 14544 -2256
7040 14528 -2272
7088 14496 -2192
7088 14496 -2064
6976 14512 -2064
7040 14464 -1872
7040 14496 -2000
7040 14496 -2000
7152 14528 -2080
7184 14528 -2160
7184 14400 -2176
7184 14400 -2176
7024 14480 -1872
7152 14464 -1936
7296 14528 -2224
7264 14624 -2432
7104 14480 -2176
6864 14464 -2048
6864 14608 -2176
6992 14560 -2080
6912 14528 -2048
6912 14528 -2112
6880 14560 -2112
6960 14480 -2144
7088 14496 -2144
6912 14560 -2032
6880 14512 -1744
6944 14496 -1888
6976 14464 -2016
6976 14560 -2128
6992 14560 -2128
6992 14512 -1968
7072 14432 -2064
7072 14480 -1968
6992 14528 -1776
7200 14512 -2016
7200 14512 -1872
7152 14496 -1872
7136 14432 -1968
7104 14368 -1888
7040 14416 -1856
7120 14400 -1936
7120 14288 -2080
7184 14240 -2160
7328 14240 -2160
7472 14368 -1952
7280 14512 -1952
7152 14800 -1712
6848 14960 -1824
6576 15072 -2160
6400 15088 -1968
6400 14960 -1808
6224 14960 -1648
6320 14864 -1648
6432 14784 -1504
6560 14688 -1536
6688 14672 -1904
6720 14544 -1952
6592 14496 -1856
6896 14656 -2080
6896 14656 -2080
7024 14736 -2256
7232 14640 -2256
7296 14496 -2240
7296 14384 -2320
7328 14384 -2352
7360 14304 -2352
7424 14320 -2496
7296 14496 -2272
7184 14496 -2112
7216 14528 -1872
6912 14544 -1888
6960 14560 -1696
6992 14560 -1920
6992 14576 -2000
6944 14560 -2016
6784 14560 -1904
6784 14528 -2096
6992 14496 -1968
7248 14448 -2000
7184 14560 -2160
7168 14608 -2352
7104 14576 -2336
7232 14576 -2144
7072 14544 -2064
7136 14624 -1952
6928 14608 -2112
6928 14608 -2048
6880 14672 -2048
7008 14672 -2064
7040 14736 -2112
7040 14736 -2032
7056 14672 -2032
7168 14608 -2000
7168 14496 -1776
7120 14496 -1776
7184 14304 -1776
7216 14336 -2016
7216 14336 -1952
7312 14384 -2000
7312 14448 -1776
7312 14448 -2032
7200 14448 -2032
7040 14592 -1952
6800 14704 -2096
6576 14768 -1840
6384 14832 -1632
6352 14976 -1808
6352 15056 -1680
6352 15120 -1696
6336 15120 -1552
6464 14752 -1552
5792 11904 -1232
6864 12960 -2336
7072 13744 -2256
7072 14128 -1984
6640 14784 -1808
5536 14784 -1808
6864 14688 -1152
6816 14704 -1488
6704 14480 -1456
8560 14192 592
8656 13120 -1088
8592 14304 -2000
8416 14224 -1840
8080 14064 -2112
8080 13552 -2080
7840 13008 -1680
8688 13088 -2352
8912 13088 -2352
8864 13376 -2656
8640 13696 -2352
7840 14016 -2208
7952 13920 -1872
7984 13936 -2144
8176 13856 -2288
8240 13600 -2416
8048 13600 -2384
7984 13760 -2144
7984 13776 -2064
7824 13776 -2016
7776 13536 -2048
8032 13856 -2208
8032 14512 -1904
7824 14512 -1600
7168 14688 -1600
6928 14560 -1440
6672 15088 -1216
6944 15168 -1280
7008 14736 -1504
6816 14800 -1408
6736 15024 -1488
6576 15024 -1504
6416 15184 -1728
6224 15040 -1520
6160 15088 -1472
6256 15088 -1520
6608 15024 -1520
6592 14992 -1920
6560 14992 -1728
6528 15008 -1776
6688 14784 -1888
6720 14736 -2016
6896 14736 -1856
6848 15088 -1856
7024 14960 -1664
7088 14960 -1760
7264 14800 -1792
7200 14640 -1696
7344 14448 -1984
7264 14224 -1920
7184 14224 -2064
7696 14016 -2064
7664 14048 -2096
7728 13904 -1600
7504 13888 -1712
7616 13968 -1904
7936 13984 -1936
7792 14112 -1968
7744 14064 -1952
7744 14320 -1760
7664 14192 -1760
7552 14256 -1744
7408 14304 -1680
7328 14320 -1792
7376 14336 -1776
7328 14352 -1568
7392 14256 -1760
7392 14256 -1744
7296 14320 -1744
7248 14272 -1584
7344 14368 -1680
7264 14416 -1632
7344 14496 -1776
7248 14528 -1696
7248 14544 -1808
7264 14544 -1776
7008 14560 -1776
6992 14512 -1648
7056 14656 -1632
7008 14576 -1712
7008 14592 -1728
6944 14544 -1760
7136 14560 -1984
7136 14496 -1760
7056 14496 -2032
7152 14448 -2032
7200 14432 -1856
7216 14480 -1856
7120 14384 -2096
7152 14432 -2272
7152 14544 -2160
7280 14544 -2048
7136 14560 -2048
7264 14576 -2160
7296 14608 -2224
7200 14576 -2048
7152 14544 -1920
7280 14576 -2016
7120 14544 -1504
7152 14544 -1728
7216 14560 -1744
7216 14576 -1936
7120 14608 -1776
6992 14560 -1824
7040 14608 -1840
7040 14512 -1936
6928 14512 -2272
