startup(x,y,z):(272,16384,48)
448 16224 960
352 16240 1168
416 16256 1200
528 16288 992
400 16256 1152
464 16208 1120
464 16176 1104
576 16160 864
448 16096 960
320 16176 928
352 16096 928
432 16128 560
448 16080 736
640 16208 880
448 16304 992
432 16208 1280
400 16240 1072
400 16304 928
480 16240 928
512 16224 976
448 16192 1152
304 16144 1152
368 16160 1024
512 16128 960
560 16144 1136
384 16224 1248
432 16272 1104
496 16192 1072
512 16160 976
560 16192 1040
448 16192 992
416 16144 1008
480 16144 784
416 16224 832
368 16176 608
336 16240 768
448 16112 800
400 16128 800
544 16064 656
560 16080 640
368 16080 768
384 16144 896
368 16144 976
416 16160 896
448 16240 848
672 16176 768
736 16128 736
512 16144 816
496 16096 816
416 16048 928
576 16144 528
480 16144 864
656 16496 960
624 16528 464
176 16352 688
160 16160 752
224 16080 736
352 16288 848
464 16288 832
400 16320 944
480 16240 928
480 16160 528
464 16224 640
592 16096 464
624 16288 176
784 16464 208
672 16512 352
640 16416 464
800 16528 448
1008 16496 304
928 16480 352
944 16432 560
896 16432 480
1136 16416 624
1168 16464 640
704 16576 912
352 16496 1072
480 16320 512
816 16480 352
816 16304 560
672 16096 752
608 16224 416
800 16128 -16
848 16560 144
752 16592 336
704 16432 288
896 16496 112
608 16160 -144
560 15952 -496
352 15872 -1648
896 17056 768
1120 17360 2656
352 16624 960
304 16272 224
576 16256 400
496 16208 336
448 16208 16
384 16256 16
416 16256 48
176 16288 288
272 16256 320
368 16192 160
432 16224 192
400 16240 176
416 16240 -208
320 16208 16
384 16192 16
336 16176 160
416 16240 -32
224 16192 -32
272 16192 -144
416 16144 176
512 16288 128
608 16272 176
384 16256 288
320 16192 288
416 16224 288
480 16192 240
480 16192 224
240 16176 16
320 16144 16
464 16240 96
512 16224 -48
448 16272 112
400 16256 32
384 16288 288
432 16128 208
384 16112 400
512 16128 144
304 16064 160
384 16128 192
464 16224 -288
432 16192 -144
384 16176 -80
448 16288 256
416 16464 880
512 16304 752
448 16304 256
528 16224 -16
336 16320 96
224 16256 80
496 16160 304
432 16176 16
384 16320 -160
432 16240 -272
416 16192 -64
464 16208 176
336 15984 288
240 16000 496
288 16096 368
336 16128 240
368 16144 176
336 16320 208
384 16320 112
432 16208 32
384 16224 112
352 16240 80
368 16224 64
336 16192 176
416 16224 144
416 16064 176
464 16128 192
464 16128 112
432 16192 -16
240 16112 528
528 16128 272
560 16224 176
528 16176 128
480 16208 160
416 16192 384
464 16272 368
432 16240 272
400 16304 368
352 16288 160
416 16192 112
416 16208 96
400 16176 224
416 16192 272
432 16160 112
368 16160 96
320 16128 192
560 16160 240
432 16224 384
400 16176 496
416 16192 304
320 16160 128
368 16160 240
384 16176 144
384 16144 176
416 16160 240
400 16192 224
400 16272 -64
416 16240 64
304 16288 256
256 16272 128
352 16304 -16
304 16304 48
400 16304 112
496 16256 64
480 16272 96
480 16224 112
352 16160 176
400 16112 416
384 16176 224
416 16160 160
432 16176 144
448 16192 224
480 16288 -160
320 16288 -16
368 16224 224
400 16192 160
400 16208 160
448 16304 192
352 16304 192
496 16240 224
560 16208 64
464 16240 48
544 16176 432
496 16160 256
448 16192 352
432 16256 224
416 16224 160
528 16192 544
384 16176 336
480 16208 160
576 16224 80
528 16256 144
496 16192 144
400 16224 128
480 16256 288
576 16208 64
544 16192 112
496 16128 384
528 16176 320
400 16208 240
432 16288 352
528 16192 416
368 16144 320
400 16160 160
368 16240 384
368 16192 368
384 16128 784
320 16208 528
160 16288 288
352 16240 192
368 16256 192
288 16176 32
400 16240 256
288 16224 32
224 16192 80
304 16240 288
352 16192 80
368 16144 96
432 16224 128
464 16176 320
400 16160 560
