startup(x,y,z):(4000,15376,-944)
720 21296 3088
208 14928 -848
256 15088 -1856
368 15280 -1472
512 15504 -656
640 16256 352
656 16832 1424
592 16704 1888
416 16832 1968
240 16560 1920
256 16912 1632
96 16592 336
336 14960 16
720 15888 768
528 16064 1728
640 16176 2064
496 17984 1248
928 18048 1616
-32 18640 2864
-528 25648 5248
112 29152 448
-16256 14304 15616
-11808 23472 832
3968 28064 8192
2368 24576 18672
4912 20848 5296
4544 17360 -2384
-1056 12064 -2320
448 9328 -5952
1504 6800 -7968
6352 5504 -9440
8480 4352 -10208
9920 3168 -10448
10352 2128 -8672
9424 2192 -6288
7680 3664 -4816
5984 6032 -2560
4928 8912 -1216
4176 13504 2272
4608 15984 2304
5760 18032 8704
5184 18224 9712
1264 19760 12832
-4784 21168 13248
-7040 19184 7296
-3008 17456 4208
240 15616 1728
1248 14688 672
848 14608 336
608 15312 176
1776 14832 -448
2752 14800 -976
3264 14112 -1440
3456 13552 -2144
3760 13136 -2464
3696 12800 -2560
4624 13728 -1744
4384 13440 -1936
4288 12960 -2704
4816 13488 -1904
4976 13680 -1904
4928 13040 -3568
4544 14000 -3904
4976 14384 -3728
4800 15056 -2896
5728 15392 -2336
5136 15856 -2592
6720 18256 -944
6320 17872 -1392
5872 17472 -1744
5488 17072 -3152
3760 20912 -6672
7184 21040 -8512
6400 19360 -6000
6464 16720 -5952
7120 15216 -4944
6704 13952 -4000
7248 14368 -3088
7264 14896 -3120
7520 14224 -2608
7088 13552 -3344
7344 14064 -4448
8656 14736 -2704
7968 14256 -3376
8384 14880 -3072
8272 15888 -3872
7856 16208 -4128
8144 15872 -3168
7952 15904 -3232
8352 14816 -2512
7584 14752 -3312
6592 13872 -5344
6688 13584 -5392
6736 13488 -5072
7024 14160 -2880
7600 13920 -1968
7632 14224 -3264
7696 13984 -3216
7584 13456 -3408
7408 13424 -3584
7440 13616 -3568
7392 13440 -3616
7072 13056 -3856
7184 13696 -4144
7216 13888 -4144
7840 12896 -3840
8208 13424 -4128
8320 14000 -4096
7936 13776 -4496
8032 13936 -4640
7760 13536 -4816
7952 14160 -4432
8048 14352 -4384
8160 14240 -3968
7968 14080 -3952
7840 14112 -4416
7952 14432 -4128
7536 14592 -3856
7200 14416 -3360
7168 14224 -3552
7344 14096 -3792
7616 13728 -4160
8016 13968 -4080
8128 14144 -3984
8048 13904 -3968
8176 13632 -4128
8272 13456 -4240
8368 12896 -4368
8432 12880 -4144
8384 12944 -4096
8368 13120 -4176
8432 13456 -4192
8512 13824 -3856
8528 13760 -3968
8416 13728 -4032
8208 13600 -3776
8192 13648 -4048
8096 13600 -4192
8016 13568 -4112
8080 13584 -4112
8176 13648 -3952
8080 13664 -4064
7984 13552 -3952
7936 13616 -4144
8000 13664 -4048
8016 13760 -3888
7952 13760 -3664
8048 13664 -3648
7984 13744 -4096
7968 13792 -3664
7904 13840 -3664
7920 13840 -3696
7952 13808 -3536
8048 13728 -3664
7904 13584 -3536
7808 13600 -3616
7680 13632 -3504
7728 13648 -3552
7728 13664 -3456
7696 13760 -3152
7648 13904 -3152
7520 13920 -3232
7552 13840 -3232
7632 14128 -3216
7568 14048 -3136
7392 14096 -3120
8080 14032 -2944
7776 14160 -3152
7648 14176 -3152
7280 14224 -2768
7136 14352 -2928
6848 14320 -3104
6880 14320 -3120
7088 14368 -2672
6592 14368 -3040
6720 14448 -2416
6672 14464 -2016
6592 14672 -2016
6064 14576 -2160
5376 14432 -2288
7840 14640 -208
6256 14704 -2928
4368 14464 -3920
4016 14576 -2080
6768 14800 64
4704 14928 -2544
5616 14880 -1776
6224 15008 -1152
5392 15056 -2720
6608 15040 -3216
5360 14992 -1776
6336 15296 -1312
5552 15472 -2608
7616 15888 -16
5648 16064 -2592
5792 15872 -2160
5872 15808 -976
5344 15776 -1200
4992 15760 -1072
4416 15808 -1584
4272 15472 -1152
4128 15392 -976
3920 15488 -1152
3952 15280 -816
3904 15408 -816
3904 15488 -704
3568 15664 -816
3328 15760 -720
3488 15920 -448
3200 16000 -592
3200 16144 -640
3072 16240 -944
2912 16208 -784
2864 16160 -448
2880 16112 -448
2976 16160 -512
3024 15984 -400
3072 15936 -288
3040 15920 160
3168 16128 64
3120 16176 320
3184 16288 400
3008 16160 352
2704 16016 448
2208 16000 544
1920 15952 560
1808 15904 720
1856 15856 736
2016 15888 704
2144 15808 688
2352 15824 624
2336 15776 704
2208 15744 768
2048 15824 784
2032 16096 816
1872 16512 832
1728 16576 912
1536 16496 1008
1440 16352 1264
1440 16448 1184
1168 16528 1024
960 16336 1008
512 16112 960
592 15984 928
992 15424 -768
592 15552 -464
96 16224 352
272 16560 592
624 16576 736
1296 16464 336
1424 16304 -224
1232 16144 -192
944 15824 256
720 15520 688
736 15568 688
784 16000 976
