startup(x,y,z):(336,16224,1648)
416 16272 1024
384 16096 960
448 16064 784
400 16048 1088
400 16032 1024
416 16032 1056
416 16160 1120
416 16112 896
432 16192 912
496 16176 592
368 16176 592
592 16160 1024
496 16304 1072
432 16304 1040
432 16240 1024
432 16144 1088
432 16192 1104
368 16288 1472
416 16256 1520
336 16224 1424
432 16208 1152
352 16112 704
304 16128 848
352 16128 880
304 16096 944
368 16128 976
464 16176 864
464 16240 960
416 16224 960
432 16240 1120
512 16272 1200
416 16240 1408
432 16240 1408
272 16288 1216
512 16208 1088
432 16128 1200
272 16128 1072
416 16160 1168
400 16176 1024
368 16192 1040
352 16160 944
368 16128 1280
384 16080 1200
368 16128 1056
400 16128 1008
480 16112 1120
368 16096 1072
480 16128 1136
336 16176 1136
368 16192 1120
400 16128 1088
320 16096 1200
304 16192 1248
272 16144 880
336 16144 1184
384 16240 1024
320 16240 1008
336 16224 1072
496 16160 1088
464 16176 1152
384 16192 1136
384 16144 1168
384 16112 912
288 16192 1024
272 16144 1152
304 16208 1056
352 16160 1184
352 16144 1184
352 16192 1248
352 16160 1184
272 16208 1040
304 16256 1152
400 16176 1200
432 16192 1152
448 16192 864
448 16240 992
496 16240 1008
416 16192 1040
384 16240 1408
320 16240 1216
384 16240 1088
368 16192 1088
368 16112 1424
288 16144 1248
432 16144 1136
480 16208 1120
400 16240 1248
336 16224 1328
320 16192 1232
288 16160 1072
432 16272 1120
272 16256 1344
320 16256 1152
352 16208 1248
352 16320 1200
320 16256 1472
544 16272 1216
432 16240 1200
400 16192 1488
256 16240 1456
336 16240 1504
336 16256 1392
288 16224 1072
256 16224 800
336 16240 880
320 16192 1248
320 16176 1168
400 16192 1184
448 16144 1200
368 16128 1232
320 16208 1232
304 16208 1200
384 16336 1360
400 16240 1280
384 16208 1168
368 16144 1344
384 16160 1216
192 16112 1200
208 16128 1184
208 16192 1200
304 16176 1120
352 16208 1008
400 16128 1104
480 16176 1104
368 16176 1280
288 16256 1008
352 16192 1200
288 16208 1216
224 16208 1216
272 16208 1488
416 16160 1280
240 16096 1312
288 16176 1408
384 16176 1280
432 16176 1264
336 16224 1232
320 16224 960
368 16224 960
448 16128 1088
336 16192 1200
336 16256 1152
272 16256 1280
304 16224 1344
256 16160 1136
320 16160 1136
288 16160 1184
368 16128 1168
336 16176 1184
176 16208 1216
208 16224 1072
240 16256 864
288 16208 944
272 16112 1040
288 16288 1152
288 16176 912
368 16144 1120
336 16096 1360
416 16128 1296
352 16112 1264
304 16160 1232
368 16192 1088
336 16160 1104
288 16192 1056
400 16144 992
336 16192 1088
320 16192 1392
352 16208 1232
432 16176 1216
336 16096 1280
304 16144 1216
304 16128 1152
336 16128 1152
336 16048 1120
400 16208 1312
368 16224 1424
432 16208 1360
416 16176 1344
368 16224 1200
160 16224 1264
304 16192 1168
320 16208 1136
304 16176 1168
368 16160 1216
352 16240 1120
464 16320 1216
432 16208 1232
496 16112 1200
400 16080 1328
224 16080 1232
240 16192 1184
400 16240 1216
368 16240 1184
320 16176 960
352 16176 912
320 16128 1088
288 16080 1152
352 16064 1216
480 16128 1152
384 16160 1136
368 16112 1184
496 16128 1104
432 16208 1232
352 16256 1296
384 16208 1280
304 16208 1280
304 16208 1168
320 16208 1136
272 16176 1088
192 16240 1056
368 16144 1040
384 15088 1664
320 16016 1216
512 16064 1008
80 16192 1056
256 16112 1264
304 15984 1376
288 16032 1216
288 16016 1200
240 16160 1440
464 16192 1040
288 16112 992
208 16160 1280
288 16144 1328
288 16080 1216
208 16064 1216
304 16080 1120
288 16176 1392
352 16256 1280
320 16240 1056
384 16304 1232
416 16240 1328
400 16272 1296
304 16240 1472
160 16208 1408
256 16240 1328
336 16304 1184
336 16240 1248
400 16240 1344
432 16256 1264
432 16288 1504
224 16128 1584
176 16016 1280
240 16064 1216
384 16128 1104
384 16096 1248
240 16080 1344
288 16144 1424
256 16128 1312
240 16160 1376
208 16128 1184
272 16064 1200
160 16192 1312
176 16160 1392
240 16272 1152
256 16192 1472
288 16208 1440
