startup(x,y,z):(560,16192,160)
-3328 16160 6736
14656 8496 -5280
5552 13328 -7968
5296 14752 -512
5296 15264 -5536
-7984 15264 -10208
-5504 16128 -10208
-19072 18064 192
-5952 17408 32
-6272 15984 4496
-4352 15648 12000
-1232 15952 6864
-1232 15952 8640
-6352 15952 8640
-1376 15776 3536
-464 16112 2560
1712 16432 -2992
1040 16304 -2656
1040 16304 -5328
416 16416 -5392
1056 16416 -1728
560 16432 -1728
2944 15952 -816
-144 16000 1792
2160 16048 3664
2160 15888 3328
-1104 15888 1072
464 16144 1072
16 16352 16
1056 16336 -368
528 16512 0
672 16400 -1440
224 16448 -1136
224 16448 -304
-288 16256 -304
0 16192 32
-144 16096 432
432 16048 1200
432 16048 944
256 16144 944
624 16112 896
544 16256 384
336 16272 -400
896 16272 -544
640 16208 -880
832 16224 -656
832 16224 80
304 16224 528
1056 16160 528
352 16144 784
672 16096 272
768 16048 -608
640 16096 0
640 16144 -112
752 16080 336
352 16016 -304
944 16016 -224
192 16144 -224
832 16288 -304
400 16256 208
672 16224 672
672 16224 720
896 16160 720
768 16160 672
848 16192 -32
544 16192 96
784 16128 -160
704 16192 -336
672 16224 -96
672 16224 288
688 16144 288
416 16192 736
496 16192 736
496 16160 256
496 16224 0
592 16224 0
576 16144 -160
704 16208 -112
528 16144 -256
624 16192 -512
752 16176 -336
752 16160 -64
608 16160 -64
576 16208 272
736 16144 576
608 16176 496
640 16160 320
640 16128 448
704 16128 448
384 16128 240
640 16208 -352
624 16176 -384
528 16176 -176
544 16160 -48
480 16096 240
480 16144 160
352 16144 160
512 16272 224
640 16256 320
512 16160 224
496 16192 288
640 16160 64
688 16176 -176
560 16160 -400
560 16160 -400
720 16192 -400
576 16160 32
544 16144 288
544 16160 336
544 16160 336
624 16176 304
416 16208 304
496 16240 352
544 16144 464
592 16256 400
736 16176 224
736 16176 -16
720 16176 -16
752 16144 -32
816 16192 384
528 16160 256
608 16144 416
608 16144 608
624 16128 608
816 16208 160
720 16080 -64
768 16144 16
656 16160 64
816 16192 80
768 16096 176
768 16192 176
688 16192 176
784 16208 0
736 16160 32
512 16112 272
496 16160 384
528 16112 320
640 16128 208
608 16160 128
608 16160 192
416 16128 368
560 16128 368
400 16112 320
416 16160 496
544 16208 496
672 16176 240
672 16240 -128
688 16240 -128
528 16256 16
528 16128 16
560 16224 144
768 16192 400
784 16144 416
784 16112 336
736 16112 336
576 16112 496
672 16224 320
592 16272 352
656 16272 144
656 16192 176
688 16192 208
688 16128 352
464 16128 352
608 16128 320
544 16160 320
576 16144 320
576 16208 416
560 16208 208
480 16272 208
544 16208 208
576 16128 48
672 16064 -16
608 16096 96
656 15984 176
656 16000 320
720 16000 320
768 16048 192
720 16128 192
912 16160 48
912 16176 -16
848 16176 224
720 16160 224
832 16176 112
736 16160 128
624 16160 160
432 16096 320
528 16192 208
528 16176 208
672 16176 336
608 16224 336
688 16224 256
720 16208 336
672 16160 352
640 16192 272
640 16112 192
656 16112 288
672 16160 336
528 16160 336
576 16176 224
528 16288 192
608 16192 128
608 16128 32
576 16128 32
736 16080 -64
672 16096 224
640 16128 256
656 16192 64
656 16192 240
592 16192 240
592 16192 32
640 16224 32
576 16144 48
576 16160 16
672 16160 80
672 16160 112
768 16144 112
608 16128 192
448 16176 240
352 16160 256
448 16208 224
560 16128 240
560 16192 208
560 16192 80
672 16192 80
672 16144 -80
672 16128 -48
688 16128 96
688 15872 48
736 16064 112
480 16080 112
640 16112 432
592 16224 288
448 16240 16
448 16112 80
560 16160 256
640 16160 0
752 16128 160
592 16160 112
768 16112 -64
672 16064 112
672 16160 208
512 16160 32
336 16192 176
448 16176 208
704 16176 208
560 16128 -176
624 16112 -160
544 16144 -192
544 16144 -256
576 16192 -256
608 16192 -64
608 16144 176
640 16096 -128
640 16112 272
656 16128 192
720 16160 208
688 16160 224
512 16176 224
640 16208 112
640 16192 464
800 16208 304
800 16208 320
768 16288 384
608 16192 384
640 16208 208
688 16160 208
560 16080 48
560 16192 0
560 16160 176
672 16160 288
608 16256 288
720 16192 80
720 16160 224
736 16112 48
736 16176 48
560 16176 48
560 16240 272
448 16272 176
544 16256 144
608 16240 48
640 16272 -208
640 16192 192
544 16208 416
576 16208 336
656 16128 336
608 16144 96
592 16176 192
608 16144 256
592 16176 208
592 16176 336
656 16240 224
784 16240 32
512 16192 32
544 16144 272
576 16144 160
640 16224 256
640 16224 160
640 16288 192
640 16256 144
704 16256 32
752 16176 32
704 16192 464
688 16128 480
832 16208 480
720 16240 208
624 16192 160
624 16192 128
736 16160 128
656 16208 208
640 16176 208
624 16144 336
624 16144 336
672 16144 240
736 16112 288
688 16192 336
672 16128 336
560 16144 496
544 16192 160
656 16128 128
656 16128 160
688 16144 160
752 16112 32
768 16096 80
592 16176 16
560 16176 144
560 16144 80
592 16144 96
592 16144 240
528 16176 240
624 16192 -80
608 16160 208
656 16128 176
656 16112 0
816 16368 -32
816 16192 -32
720 16208 32
672 16224 48
672 16256 240
592 16192 240
592 16224 176
608 16176 192
608 16176 320
624 16144 320
720 16192 368
528 16208 320
448 16192 272
448 16192 256
480 16192 0
656 16144 208
560 16048 336
592 16192 256
624 16176 368
624 16320 256
656 16320 160
640 16272 160
640 16272 -16
592 16208 160
672 16208 176
672 16192 272
528 16192 256
464 16176 288
624 16176 176
656 16208 176
640 16256 192
496 16224 352
576 16320 256
576 16240 256
608 16240 128
480 16288 128
544 16208 80
544 16224 192
576 16192 464
640 16160 416
672 16256 368
672 16224 272
624 16224 336
624 16176 336
752 16128 416
752 16176 336
672 16160 240
672 16176 448
672 16144 368
704 16144 352
624 16224 368
720 16176 320
736 16192 320
720 16144 208
672 16208 208
688 16240 112
688 16240 144
640 16224 144
656 16176 240
768 16112 208
608 16192 256
816 16176 112
784 16144 320
720 16128 160
720 16128 96
672 16192 96
640 16208 48
624 16128 80
704 16144 144
704 16144 272
640 16240 272
752 16192 560
704 16032 384
640 16016 80
544 16096 320
576 16176 64
576 16208 64
624 16208 336
576 16160 336
624 16240 304
560 16192 320
560 16160 256
624 16192 144
640 16192 144
752 16224 112
688 16160 32
736 16224 112
624 16176 240
656 16112 224
656 16112 160
704 16192 128
624 16192 128
640 16208 160
560 16208 -64
528 16256 160
576 16208 208
576 16240 128
592 16240 128
352 16304 208
512 16240 208
560 16256 176
608 16208 272
624 16192 160
624 16192 224
736 16208 224
688 16128 96
640 16128 32
640 16160 112
640 16160 16
688 16160 48
560 16256 96
576 16272 208
688 16192 208
608 16256 144
464 16144 0
496 16192 80
496 16192 272
688 16128 272
704 16192 240
960 16176 160
752 16208 -128
752 16224 -80
848 16208 96
928 16272 16
704 16272 16
464 16288 144
704 16208 128
720 16160 224
720 16208 368
544 16208 368
512 16224 368
416 16192 160
512 16208 304
448 16192 240
560 16192 240
544 16256 32
640 16256 32
608 16192 -96
592 16224 112
608 16160 32
576 16288 96
576 16160 128
656 16160 160
688 16176 160
832 16144 48
688 16176 144
688 16192 160
768 16128 96
704 16032 128
704 16032 112
672 16000 112
816 16080 304
784 16128 272
704 16240 96
560 16288 272
560 16240 80
592 16240 128
688 16256 128
608 16144 128
608 16128 32
496 16240 -144
432 16256 -112
432 16256 -208
576 16224 -208
608 16224 -32
608 16192 128
656 16176 192
704 16192 224
704 16176 -48
688 16192 32
688 16112 -48
656 16112 64
768 16240 64
624 16288 112
656 16336 256
528 16224 176
528 16144 496
576 16144 288
624 16160 288
