startup(x,y,z):(656,16192,224)
2832 16592 -3568
-1344 16368 -3056
-416 16128 -2208
8048 16256 -5184
2832 15824 2752
2832 15536 2768
6608 15536 4752
-3616 15632 4752
2512 15712 4160
2912 15920 2656
464 16032 -32
896 16144 -1616
624 16224 -2752
1472 16160 -3264
1024 16208 -672
1104 16160 1456
560 16144 1456
544 15984 2256
1392 16112 1568
-2768 16464 1456
-704 16144 688
768 16128 -560
-96 16112 -640
-224 16272 432
1088 16192 512
128 16208 608
928 16256 -48
880 16192 -320
720 16224 16
736 16064 -128
736 16080 -496
576 16144 -528
1712 16128 -1104
1712 16080 512
-256 16080 592
208 16240 368
1120 16176 240
1376 16112 -288
624 16192 -144
608 16144 -208
544 16160 240
832 16176 288
576 16176 -80
576 16208 -64
624 16192 208
752 16224 432
608 16192 192
608 16176 240
656 16192 416
784 16112 176
608 16176 288
672 16192 544
672 16192 240
608 16192 240
896 16208 -208
704 16176 -432
560 16288 -160
592 16256 16
592 16160 -48
704 16160 -16
784 16160 -16
672 16144 512
688 16128 224
544 16224 224
544 16096 160
576 16096 160
368 16176 208
368 16160 496
784 16160 336
416 16096 416
416 16096 48
784 16000 48
832 16080 -64
880 16192 48
752 16128 256
752 16160 176
752 16160 144
448 16160 144
400 16224 192
240 16240 224
288 16144 272
656 16176 512
656 16192 512
624 16192 560
576 16160 560
592 16144 224
736 16224 -112
736 16128 -160
720 16128 0
512 16176 0
624 16160 -32
560 16032 320
544 16064 272
544 16112 528
544 16112 480
576 16096 480
512 16240 448
720 16224 400
784 16192 -64
784 16192 0
576 16192 0
688 16176 -112
656 16240 64
592 16240 256
576 16224 208
576 16224 544
528 16224 544
576 16096 528
592 16160 304
496 16176 384
496 16176 480
672 16176 208
688 16224 208
640 16208 -112
784 16176 -128
736 16176 -192
736 16176 -192
736 16160 -240
656 16160 96
544 16144 288
528 16224 352
592 16208 448
592 16208 -32
736 16192 -32
768 16112 32
736 16144 16
560 16160 32
560 16208 -224
704 16208 96
704 16128 96
560 16144 176
528 16080 144
544 16064 160
656 16080 144
656 16080 -80
576 16128 -80
640 16128 -144
736 16208 -112
560 16224 48
560 16160 368
528 16160 256
560 16144 256
608 16192 112
448 16128 64
464 16112 160
464 16176 32
544 16176 32
480 16224 192
544 16192 336
560 16208 64
560 16256 48
544 16256 32
624 16144 32
688 16208 0
752 16224 -128
784 16128 -96
784 16096 240
672 16096 48
592 16080 48
592 16176 304
560 16304 176
464 16256 224
464 16256 112
624 16288 112
672 16160 80
720 16048 -176
608 16080 240
592 16128 240
592 16128 304
720 16176 304
576 16160 256
608 16128 -16
752 16144 -128
752 16064 336
688 16064 336
704 16128 272
688 16128 16
688 16096 96
688 16208 112
688 16176 -16
688 16176 16
512 16192 16
576 16192 272
608 16144 -80
672 16160 160
672 16192 176
816 16192 176
944 16208 112
768 16144 256
688 16176 352
720 16176 32
720 16176 336
736 16192 336
912 16240 192
672 16192 368
496 16192 432
496 16176 272
560 16176 80
736 16144 80
624 16224 80
512 16176 192
528 16112 256
528 16192 160
608 16192 160
576 16208 112
560 16144 160
720 16176 144
656 16192 544
656 16192 480
464 16272 480
464 16256 320
576 16160 144
576 16176 64
640 16176 48
640 16208 48
720 16144 144
768 16128 128
784 16192 160
688 16192 240
688 16192 304
624 16208 304
656 16160 224
672 16160 -32
800 16064 -16
800 16064 -192
656 16064 -192
544 16128 -48
672 16128 -48
576 16192 176
688 16160 256
688 16112 320
624 16112 128
656 16224 128
608 16176 80
544 16176 -80
688 16176 64
688 16176 -208
560 16192 -208
656 16224 -224
640 16144 -144
688 16176 -304
688 16176 48
640 16176 384
608 16160 384
624 16064 304
528 16128 400
624 16112 224
624 16192 480
640 16192 480
384 16128 464
656 16176 256
576 16176 -80
560 16224 80
560 16192 192
672 16192 112
640 16192 512
560 16224 512
624 16224 336
592 16320 576
560 16192 272
560 16272 224
640 16272 224
688 16208 224
688 16208 240
608 16240 32
704 16192 80
704 16224 -80
736 16224 64
832 16160 64
720 16112 112
688 16192 -16
704 16192 -80
704 16240 96
576 16240 96
592 16256 304
544 16240 224
576 16096 288
544 16144 480
544 16176 240
704 16176 288
512 16192 288
640 16160 480
608 16240 320
672 16240 80
672 16256 128
480 16256 128
624 16256 48
688 16240 16
720 16192 32
784 16144 -80
784 16224 96
736 16224 64
672 16224 64
656 16192 256
704 16240 384
592 16160 112
592 16240 160
688 16240 160
672 16272 176
448 16208 224
544 16192 64
560 16192 -80
560 16192 -64
640 16288 -64
640 16176 176
656 16176 192
704 16144 384
736 16160 512
736 16160 256
640 16208 256
576 16208 0
688 16192 -96
672 16208 -176
672 16208 -48
688 16208 -240
736 16288 -240
544 16256 32
448 16288 112
528 16240 224
528 16112 496
640 16112 496
656 16176 336
688 16224 320
688 16160 272
720 16208 160
720 16176 192
672 16176 192
880 16160 192
736 16208 176
800 16176 -112
672 16256 64
656 16192 16
672 16128 304
608 16128 496
592 16160 224
560 16192 144
560 16192 128
544 16064 128
592 16144 -208
688 16160 -160
800 16064 -32
800 16160 144
624 16160 144
704 16144 112
704 16128 144
640 16224 256
704 16208 208
704 16208 240
688 16192 240
800 16208 192
832 16192 160
720 16144 192
736 16192 112
736 16192 144
560 16192 144
528 16144 128
608 16144 32
624 16224 144
624 16224 208
784 16128 208
688 16096 208
720 16192 208
656 16192 144
592 16160 -160
592 16208 -80
688 16208 -80
704 16144 -80
656 16112 0
512 16192 176
512 16192 208
592 16192 208
640 16144 96
592 16144 -112
592 16192 96
544 16224 304
544 16224 32
592 16208 32
576 16208 32
688 16208 256
736 16160 64
736 16160 160
688 16160 160
688 16160 160
560 16128 208
656 16208 176
544 16320 224
544 16240 -32
544 16240 -32
624 16208 32
624 16192 96
592 16256 -16
672 16160 -176
672 16160 -64
672 16192 -64
704 16208 48
784 16208 176
608 16144 176
608 16208 80
544 16208 32
640 16192 32
704 16208 48
624 16240 176
624 16240 384
624 16240 400
576 16176 400
720 16160 224
640 16144 304
720 16080 48
720 16144 -128
736 16144 -128
720 16160 -80
688 16160 0
720 16160 96
720 16192 96
720 16192 192
672 16128 192
608 16112 304
736 16080 304
672 16192 224
672 16128 240
480 16128 240
496 16176 176
560 16144 32
656 16160 160
656 16112 128
656 16192 96
704 16192 304
576 16160 304
608 16176 -32
576 16160 256
544 16208 96
544 16208 208
528 16208 208
592 16240 -176
576 16256 64
544 16192 176
576 16160 352
576 16160 192
560 16160 192
592 16160 336
560 16128 304
640 16160 256
640 16176 288
624 16176 288
688 16064 464
736 16096 64
800 16160 288
832 16224 128
832 16224 352
768 16256 352
720 16224 464
544 16192 320
656 16112 464
656 16128 384
640 16080 320
560 16048 16
480 16160 64
576 16224 224
576 16208 128
608 16208 128
752 16176 240
688 16144 192
656 16080 160
720 16112 272
720 16192 416
608 16192 416
608 16128 272
544 16128 272
576 16144 64
576 16160 112
544 16160 -16
528 16144 -16
576 16224 -320
480 16160 32
688 16160 112
672 16160 64
672 16160 -32
608 16160 -32
720 16112 16
784 16064 112
672 16128 112
672 16128 240
672 16176 240
560 16208 288
608 16272 224
640 16208 272
640 16224 288
640 16224 96
640 16224 96
544 16176 96
576 16176 384
544 16192 224
544 16192 32
576 16192 288
480 16224 448
576 16160 368
640 16208 272
544 16160 256
544 16224 192
576 16192 256
576 16192 208
544 16208 208
608 16128 224
496 16176 208
656 16192 304
656 16192 304
768 16176 240
736 16224 0
704 16144 -176
640 16080 -160
544 16192 -16
544 16144 64
