startup(x,y,z):(640,16160,272)
-3776 18928 480
6928 15984 -5488
8944 15632 -5904
6064 16080 -1600
1840 16720 -3664
3456 16528 -1360
3456 17040 -784
1936 16736 336
736 16432 -192
1920 16560 -192
1296 16288 -32
1024 16032 -352
1136 16096 -784
1104 16128 -64
1104 16128 2480
-5328 16336 1936
-256 16544 1936
-3952 16544 2480
13280 16224 2208
3904 16320 1152
1472 16864 -512
-112 17104 -2608
-112 16784 -2464
-2288 16784 -3056
2640 16480 -3056
-1504 16848 1504
816 16304 3744
2000 16064 4096
-416 16000 4864
-416 16000 3216
1264 15808 3216
1488 15840 608
640 16000 608
688 16128 -816
-592 16224 -2128
-16 16336 -3376
-16 16384 -2448
-352 16384 -816
1120 16368 -816
880 16304 528
416 16224 2400
960 16048 1472
416 16208 1328
496 16304 192
400 16272 -1264
400 16272 -880
-16 16304 -880
512 16352 -960
720 16240 -208
480 16192 352
368 16160 1328
656 16096 944
656 16096 496
560 16096 112
736 16144 -256
448 16144 -256
544 16256 -816
352 16240 -1024
592 16256 -944
592 16208 -208
1072 16208 880
672 16144 880
880 16016 880
704 16144 448
544 16080 320
752 16048 -256
736 16176 -304
704 16224 -64
832 16320 -48
656 16224 288
656 16224 304
720 16208 304
752 16192 112
560 16208 0
544 16240 -64
640 16160 -64
448 16176 160
544 16112 0
544 16208 -128
608 16208 -128
400 16256 -48
752 16208 80
720 16224 192
720 16160 432
640 16160 448
880 16112 448
896 16128 96
816 16080 -144
816 16192 -224
608 16256 -80
640 16256 -112
640 16064 -16
736 16064 -16
432 16192 304
560 16224 240
784 16272 32
704 16256 160
832 16272 -128
704 16240 176
704 16240 240
576 16160 32
736 16160 -144
784 16144 -144
784 16096 -352
624 16080 -128
624 16192 16
560 16192 288
576 16256 288
608 16128 240
560 16160 176
784 16128 112
704 16192 0
544 16192 -48
544 16112 -16
608 16112 -16
576 16224 -96
656 16160 80
768 16160 -48
672 16256 -96
672 16160 112
688 16160 -80
800 16160 -80
688 16160 96
656 16144 48
672 16240 0
640 16208 -96
576 16192 96
576 16192 304
624 16208 304
704 16128 240
720 16160 144
480 16096 256
560 16128 160
560 16176 16
528 16176 16
528 16160 272
656 16144 272
752 16144 400
704 16144 336
576 16192 256
576 16128 224
576 16176 464
560 16176 464
592 16176 224
656 16160 112
464 16176 112
352 16144 -128
464 16208 0
528 16160 -80
816 16176 240
672 16192 288
640 16096 272
640 16096 496
560 16144 496
640 16192 272
640 16144 32
720 16192 0
640 16208 64
528 16224 176
560 16272 224
560 16256 128
512 16256 128
576 16208 32
560 16208 208
608 16112 0
608 16160 96
448 16176 240
416 16208 240
464 16256 288
448 16144 128
496 16224 192
672 16192 272
592 16128 288
592 16192 176
560 16192 176
816 16176 336
880 16176 224
704 16176 -16
704 16144 240
704 16144 176
640 16144 176
592 16032 192
528 16128 128
560 16192 0
560 16208 64
560 16208 112
528 16224 112
560 16224 -64
544 16240 32
624 16288 16
624 16160 32
576 16160 192
624 16240 192
576 16288 176
576 16160 384
592 16224 352
592 16176 144
624 16176 144
608 16224 144
832 16208 -32
816 16192 -128
816 16192 64
944 16256 -208
752 16256 -208
576 16240 208
608 16256 -16
592 16192 368
640 16224 432
640 16256 432
720 16256 432
896 16256 224
816 16144 128
704 16160 96
704 16160 416
624 16160 416
640 16256 0
592 16224 112
672 16176 -64
720 16144 32
720 16208 48
656 16208 48
704 16176 16
928 16144 16
1568 16064 224
1568 16096 112
1104 16096 128
896 16032 128
544 16192 304
912 16192 48
832 16240 400
704 16208 192
704 16272 80
592 16272 -144
672 16272 -144
608 16192 320
544 16176 112
544 16240 176
576 16240 336
704 16144 256
608 16144 256
464 16192 64
496 16256 -144
480 16128 192
528 16128 144
528 16128 -48
656 16128 -48
688 16112 128
752 16096 304
640 16032 240
640 16032 256
624 16032 256
672 16128 272
800 16208 448
656 16128 368
576 16112 272
576 16112 128
512 16112 128
576 16144 144
592 16176 176
720 16176 112
720 16160 192
640 16160 -48
704 16144 -48
624 16208 -192
704 16192 -112
624 16288 -16
624 16256 16
720 16256 -32
752 16256 -32
832 16176 -160
544 16240 -288
432 16224 128
432 16208 512
496 16208 512
624 16208 512
560 16224 336
688 16160 464
496 16256 464
496 16256 208
688 16144 208
736 16160 -112
656 16128 -176
672 16112 -64
672 16128 -96
640 16128 16
592 16144 16
576 16176 16
336 16144 208
496 16192 224
624 16112 128
624 16160 192
544 16144 112
544 16144 64
656 16176 64
672 16176 -16
672 16224 -16
656 16224 288
656 16192 352
624 16192 160
736 16144 160
528 16160 176
608 16176 112
736 16208 256
512 16192 272
512 16160 560
512 16128 416
576 16128 240
640 16128 240
592 16192 400
544 16144 256
544 16096 320
560 16176 96
560 16176 288
624 16112 288
592 16112 320
688 16160 320
624 16192 288
704 16192 224
688 16224 128
688 16208 400
736 16208 400
736 16160 368
592 16240 144
688 16240 144
448 16256 192
464 16160 32
528 16128 96
640 16112 304
640 16112 160
624 16128 160
528 16208 96
688 16208 96
704 16256 256
672 16208 144
608 16144 176
544 16112 0
544 16128 64
608 16096 304
720 16352 320
656 16128 320
704 16160 144
576 16176 80
592 16160 208
592 16160 160
576 16160 240
672 16096 240
608 16256 144
512 16240 176
720 16176 208
736 16224 160
560 16176 32
704 16128 -16
704 16128 -192
592 16128 -32
544 16208 -32
576 16224 192
704 16208 304
688 16160 320
752 16224 240
752 16224 272
576 16128 0
592 16176 144
576 16144 144
608 16176 80
784 16208 16
704 16224 112
704 16192 -64
736 16192 -64
624 16208 48
704 16160 -176
544 16160 -80
624 16128 16
624 16064 192
528 16112 176
592 16112 80
592 16112 384
720 16224 384
656 16128 448
720 16240 80
592 16144 -96
656 16144 -32
592 16176 144
672 16224 64
672 16192 144
672 16128 320
608 16144 416
608 16144 288
528 16240 288
688 16208 352
624 16176 240
528 16192 400
496 16208 192
432 16224 80
432 16224 -96
272 16224 -96
496 16192 -160
512 16144 -224
432 16256 -80
560 16176 -64
624 16176 48
624 16224 80
656 16224 208
752 16208 208
608 16224 224
688 16144 320
672 16160 272
672 16128 224
672 16080 224
736 16080 480
592 16144 480
544 16080 416
544 16144 480
656 16160 336
656 16240 640
656 16240 528
800 16224 528
704 16192 512
496 16176 208
464 16144 224
688 16080 192
720 16160 320
720 16192 272
688 16192 272
608 16144 544
576 16144 272
688 16160 160
544 16192 -64
752 16208 -208
672 16240 -160
672 16208 16
592 16176 192
592 16256 176
560 16256 176
720 16208 192
704 16144 160
560 16208 176
656 16192 368
656 16192 96
640 16192 16
656 16224 16
640 16256 0
656 16160 32
672 16144 320
720 16144 432
768 16208 320
768 16144 368
720 16144 368
864 16128 352
720 16176 176
640 16192 16
592 16256 -16
592 16144 64
624 16144 0
784 16160 256
688 16160 288
736 16128 288
624 16240 240
816 16240 144
592 16224 64
592 16224 144
496 16176 144
592 16240 32
864 16208 0
608 16096 192
608 16144 240
592 16272 384
592 16224 16
592 16224 400
560 16144 400
560 16224 80
576 16240 112
544 16256 -128
544 16288 32
544 16176 128
688 16160 176
688 16224 144
720 16176 176
688 16112 288
592 16112 288
640 16160 304
592 16160 384
576 16176 384
576 16160 272
528 16160 272
672 16176 272
640 16128 208
576 16096 0
688 16080 128
704 16160 432
800 16160 192
752 16112 112
752 16112 208
736 16032 288
880 16064 288
704 16112 288
592 16096 384
624 16112 240
736 16176 96
736 16176 -144
784 16128 -112
736 16112 -32
528 16112 -32
464 16144 80
560 16160 16
624 16160 32
624 16176 -48
608 16176 -48
880 16096 96
640 16160 336
672 16192 128
848 16192 80
752 16208 16
