startup(x,y,z):(560,16192,160)
1152 15840 -2320
672 16000 -1232
1072 16000 -576
752 16064 -576
800 16096 208
-6368 16000 -160
-672 15712 960
3168 15792 1008
80 15936 3248
80 15968 1328
816 15968 1536
-3280 16000 -128
-960 16112 -928
432 16112 -1296
-80 16288 -1296
656 16352 -2256
-688 16416 -1328
880 16304 -320
224 16224 528
224 16224 1184
496 16224 240
192 16208 240
176 16304 464
3264 16192 -688
1376 16048 768
3712 15936 128
3712 16064 576
-512 16064 576
2208 16048 -16
1136 16176 432
1440 16144 1296
1232 16240 800
976 16224 176
976 16208 -448
1360 16208 -144
752 16208 -144
1264 16208 -576
464 16240 -288
464 16240 352
832 16208 160
832 16192 640
432 16192 752
608 16080 752
608 16128 592
208 16192 272
1168 16192 -608
64 16320 64
944 16288 320
944 16272 496
416 16272 496
944 16240 208
656 16224 48
656 16112 192
192 16128 128
480 16160 -112
576 16128 -256
576 16224 208
416 16224 352
672 16160 352
608 16144 480
400 16192 208
592 16160 0
592 16160 16
576 16208 16
448 16192 320
544 16160 -48
720 16176 192
576 16208 224
816 16176 128
608 16192 416
608 16192 816
960 16176 816
752 16160 320
752 16240 176
640 16208 80
640 16176 0
576 16144 32
736 16144 32
704 16128 160
640 16192 160
400 16128 272
672 16224 -128
544 16240 -256
544 16240 -96
624 16192 -96
640 16192 -64
496 16192 80
576 16160 224
560 16224 240
480 16208 144
480 16208 224
576 16144 224
608 16256 64
592 16192 192
656 16160 144
624 16192 144
624 16160 -144
464 16208 304
416 16240 144
576 16192 320
784 16176 112
624 16160 448
448 16240 304
576 16192 32
576 16240 -32
560 16240 64
816 16128 64
864 16112 96
720 16144 112
512 16224 208
512 16240 -416
432 16240 -192
432 16208 -192
592 16208 -256
80 16144 80
656 16192 0
624 16272 336
624 16208 64
608 16208 -96
608 16080 -96
704 16160 -256
784 16208 -240
800 16160 64
768 16176 208
768 16176 272
752 16176 336
640 16176 336
592 16144 16
592 16128 96
576 16080 160
576 16096 80
624 16096 80
720 16112 -64
624 16080 80
560 16096 64
672 16144 48
672 16192 224
752 16192 96
720 16224 96
848 16192 80
784 16240 112
512 16176 304
560 16208 96
560 16208 128
560 16224 144
608 16288 -112
784 16208 -16
672 16192 96
576 16192 240
576 16096 208
528 16096 -48
448 16128 -80
608 16160 224
544 16192 32
512 16192 208
560 16192 160
560 16224 64
672 16224 128
640 16208 304
656 16080 288
624 16080 160
592 16192 160
656 16176 192
704 16176 208
624 16240 352
496 16272 304
496 16128 256
384 16128 80
320 16128 80
480 16096 224
528 16080 512
464 16176 384
320 16176 352
320 16256 176
528 16256 176
624 16224 80
784 16160 80
720 16128 144
784 16144 256
528 16192 320
736 16192 368
656 16112 368
672 16064 192
624 16144 112
528 16160 400
672 16176 272
672 16160 320
800 16160 320
656 16160 272
736 16224 240
608 16208 464
640 16224 240
640 16304 192
528 16304 336
656 16224 336
672 16256 144
784 16192 112
576 16144 208
672 16192 304
672 16176 464
720 16176 464
720 16128 416
688 16144 48
736 16208 176
592 16224 192
512 16224 352
512 16208 352
448 16208 432
512 16224 432
528 16240 496
608 16192 496
784 16176 160
816 16144 208
768 16144 368
640 16192 368
656 16144 0
784 16112 176
624 16080 176
768 16160 416
512 16176 272
688 16176 384
656 16160 384
640 16144 240
656 16112 352
608 16208 112
672 16208 224
672 16176 288
704 16176 240
416 16112 240
560 16288 144
592 16160 368
672 16176 320
688 16208 352
688 16176 224
560 16176 224
720 16208 160
592 16224 80
640 16128 32
544 16176 112
752 16304 208
752 16304 -80
640 16272 -80
448 16224 -32
624 16160 0
608 16064 304
656 16112 304
688 16128 192
704 16128 192
640 16128 240
672 16112 208
608 16192 432
480 16192 32
592 16192 -144
592 16192 96
496 16144 96
336 16144 336
480 16096 400
608 16144 400
608 16176 608
544 16176 512
768 16144 512
688 16144 432
752 16208 544
832 16208 256
816 16240 32
816 16224 64
816 16192 -208
736 16192 -208
656 16160 -32
448 16192 176
512 16144 288
608 16160 464
608 16160 272
496 16128 272
736 16176 96
704 16128 96
672 16112 16
688 16128 -256
624 16176 16
624 16128 112
672 16128 240
560 16128 240
480 16144 144
656 16176 0
768 16176 96
768 16144 80
688 16144 160
800 16192 240
688 16192 240
768 16144 256
624 16224 208
816 16048 256
816 16208 288
736 16208 288
592 16256 192
672 16160 48
512 16192 96
592 16112 272
672 16064 176
672 16080 304
624 16080 384
624 16144 240
560 16144 256
432 16112 256
608 16176 352
528 16208 464
656 16224 400
656 16272 272
528 16272 352
544 16240 352
752 16208 144
704 16240 32
624 16208 -128
592 16176 -144
688 16192 16
688 16192 48
672 16176 48
560 16272 112
640 16192 48
544 16224 0
480 16320 272
480 16272 432
384 16288 608
480 16336 416
480 16336 416
400 16240 368
544 16256 400
528 16320 336
480 16208 288
576 16208 128
496 16208 128
592 16256 -96
480 16192 96
592 16192 192
640 16192 208
560 16176 -160
672 16112 -224
672 16112 -64
656 16128 -64
704 16128 240
752 16176 112
592 16160 240
640 16160 288
624 16192 224
688 16160 192
560 16192 80
560 16128 80
688 16128 112
656 16160 112
656 16176 48
576 16176 208
576 16160 208
672 16176 144
672 16176 272
576 16192 272
560 16256 160
576 16240 144
560 16192 256
656 16080 272
688 16192 240
688 16192 192
576 16192 192
720 16176 288
688 16160 544
656 16176 480
464 16160 528
464 16160 240
720 16176 240
720 16080 112
576 16144 32
576 16112 48
416 16176 16
512 16208 176
512 16208 368
624 16208 368
560 16176 240
528 16144 416
560 16176 256
608 16224 128
608 16224 352
464 16144 208
464 16144 480
496 16128 480
560 16192 160
752 16160 16
784 16160 128
784 16208 112
800 16208 112
672 16304 224
672 16176 224
768 16208 320
720 16176 144
688 16176 160
560 16224 432
608 16256 256
608 16208 208
496 16208 208
640 16144 352
624 16176 192
512 16272 208
832 16256 64
832 16208 176
720 16208 192
672 16144 192
640 16096 64
720 16080 -48
608 16080 -96
720 16176 144
720 16240 512
656 16240 160
816 16240 160
688 16176 -48
672 16224 -48
624 16224 -64
624 16208 -112
624 16208 224
592 16176 176
656 16176 176
512 16240 160
528 16272 64
576 16240 -64
576 16240 32
576 16240 32
608 16256 48
624 16208 -16
768 16160 -112
816 16208 -64
816 16240 160
624 16192 144
624 16160 320
624 16160 320
640 16128 288
624 16080 160
592 16144 208
592 16192 96
752 16192 -128
704 16192 -128
592 16224 176
576 16224 528
736 16192 352
800 16192 336
816 16240 64
832 16208 128
832 16192 224
752 16192 736
608 16160 608
608 16176 256
576 16112 464
576 16192 240
576 16192 400
624 16112 240
592 16176 128
448 16272 128
512 16240 512
576 16304 -80
576 16304 64
512 16304 176
576 16224 176
416 16240 144
496 16176 48
576 16112 192
576 16144 128
528 16144 80
496 16112 96
448 16112 96
800 16128 -64
800 16128 -32
736 16128 352
736 16144 320
608 16144 416
496 16176 416
784 16176 208
720 16224 80
672 16224 112
624 16208 192
592 16144 208
592 16096 80
512 16096 128
496 16208 128
688 16160 224
544 16128 304
592 16144 240
592 16080 96
656 16080 96
624 16160 64
512 16208 160
560 16240 112
576 16224 80
560 16192 112
528 16176 208
512 16112 192
512 16208 208
560 16208 208
592 16160 192
768 16192 80
752 16176 112
880 16160 208
880 16144 16
656 16128 48
656 16208 96
608 16208 96
496 16224 352
544 16208 288
496 16208 32
496 16224 144
544 16224 272
528 16144 272
512 16176 240
480 16256 320
480 16224 336
672 16208 224
688 16176 80
