startup(x,y,z):(656,16192,224)
624 15504 -1136
-5712 16560 -1408
-5712 16592 -768
-3408 16592 -608
-1168 16608 -608
-688 16432 -48
-32 16256 272
128 16096 272
-512 16112 -416
-160 16160 -544
-160 16160 336
-960 16224 336
-5472 16384 4464
-1968 16320 1600
-3232 16512 3552
-3232 16448 3072
13968 16448 -608
5408 16208 -608
-944 17280 -544
144 17504 -2736
-3040 17360 -2096
2592 16848 -3424
2672 16848 960
672 16592 960
2160 16240 3648
-816 16096 5040
-9184 17792 4208
-5024 17200 5232
-5024 17200 2928
-2656 16960 2928
-928 16576 2336
1568 16432 -1136
-2224 16704 64
-2224 16608 -1056
-176 16608 -768
-2432 16480 -768
256 16336 -960
208 16368 -528
-560 16240 1312
800 15872 352
800 15872 432
16 16048 432
864 16208 -128
880 16288 -1120
384 16384 -1248
1008 16240 -912
1008 16240 -48
688 16224 -48
640 16192 976
464 16128 928
720 16064 928
720 16096 1040
416 16096 880
736 16112 880
592 16080 416
704 16176 96
944 16144 -528
576 16272 -864
704 16224 -464
864 16224 -704
864 16144 -96
688 16144 512
976 16128 512
624 16128 656
496 16176 624
752 16128 176
752 16224 -592
688 16224 -848
528 16272 -848
688 16256 -384
752 16288 -80
512 16240 416
512 16160 368
592 16160 368
496 16096 560
560 16080 672
624 16128 976
576 16016 608
576 16016 160
768 16016 128
720 16064 128
544 16176 96
576 16224 16
544 16144 48
544 16144 336
496 16240 336
544 16208 544
560 16224 576
544 16208 -96
608 16176 -272
608 16224 -112
800 16224 -112
640 16224 -64
592 16240 16
496 16208 384
752 16224 560
720 16192 416
752 16096 192
784 16048 240
784 16176 240
768 16128 368
768 16112 208
640 16112 240
688 16128 240
672 16176 16
704 16208 144
560 16240 96
560 16240 576
624 16176 576
720 16192 768
640 16160 368
704 16128 400
672 16176 0
672 16176 -208
768 16176 -208
656 16192 -272
624 16192 192
608 16224 176
608 16208 16
544 16208 16
528 16240 -64
544 16192 80
608 16176 96
464 16256 336
464 16256 608
560 16160 608
672 16192 464
480 16176 64
736 16176 -64
736 16096 -240
752 16096 48
-320 15984 48
112 16080 112
592 16096 240
304 16176 592
448 16144 496
448 16144 384
400 16160 384
640 16080 96
416 16112 -32
640 16160 -80
480 16224 -160
480 16112 -80
720 16112 -80
672 16064 192
672 16160 416
416 16224 192
416 16192 160
416 16128 176
544 16128 224
576 16144 224
528 16160 144
848 16128 208
720 16144 16
608 16176 192
608 16176 80
640 16192 80
544 16176 208
656 16192 64
544 16144 128
624 16176 240
624 16176 256
784 16192 256
752 16192 304
720 16128 208
624 16112 416
624 16112 384
624 16160 224
528 16160 224
608 16112 -160
560 16224 16
592 16160 16
576 16240 144
576 16240 -80
432 16304 -80
560 16256 16
560 16256 32
624 16176 304
768 16240 144
688 16256 272
688 16256 368
608 16192 368
656 16176 448
688 16224 544
560 16240 272
560 16256 208
608 16192 192
576 16192 192
624 16128 64
608 16144 16
528 16192 48
688 16192 -112
688 16192 48
560 16240 48
432 16144 240
560 16128 368
512 16128 496
544 16112 400
544 16112 368
432 16064 368
496 16064 288
624 16080 -48
560 16096 112
624 16096 352
624 16096 224
720 16064 224
704 16160 240
656 16192 176
624 16208 208
688 16192 96
688 16192 176
816 16096 176
704 16160 0
688 16160 304
672 16144 128
672 16112 256
592 16112 -144
704 16208 144
640 16224 208
704 16208 128
704 16144 176
672 16144 176
704 16112 144
432 16288 144
640 16192 112
496 16256 272
496 16256 160
544 16096 160
544 16128 544
624 16192 336
464 16176 32
464 16176 -112
592 16176 48
544 16208 80
528 16192 80
688 16256 -48
608 16224 32
592 16192 96
592 16128 32
752 16128 288
720 16144 288
880 16176 320
768 16080 288
768 16112 224
768 16144 544
656 16144 320
512 16192 320
512 16176 160
528 16208 256
608 16192 304
608 16160 272
640 16160 256
736 16080 256
688 16096 176
592 16112 272
576 16176 112
544 16208 48
544 16208 0
432 16208 0
512 16176 64
560 16224 208
752 16128 160
752 16112 192
704 16112 144
432 16192 144
576 16240 192
608 16224 176
688 16208 144
688 16112 96
656 16112 64
880 16128 64
768 16224 224
592 16208 240
656 16192 256
688 16144 304
688 16112 0
720 16112 0
688 16112 48
640 16176 -112
704 16176 176
608 16192 416
608 16160 176
656 16160 496
624 16224 496
656 16208 624
784 16176 416
656 16272 240
608 16192 176
608 16192 16
640 16176 16
576 16160 128
592 16224 112
624 16192 400
688 16144 208
688 16176 336
704 16176 336
528 16144 320
560 16224 320
544 16160 224
576 16160 208
576 16160 288
656 16160 288
592 16224 240
528 16128 128
448 16144 -32
464 16256 -288
464 16144 -64
400 16144 224
512 16144 224
720 16160 176
672 16240 336
720 16128 576
720 16112 400
480 16112 400
512 16240 272
512 16208 208
592 16176 304
512 16112 384
512 16176 432
512 16176 384
480 16224 384
576 16128 400
672 16128 304
832 16192 240
832 16160 208
736 16160 288
672 16192 288
608 16192 144
688 16128 352
752 16160 144
688 16192 160
688 16160 256
656 16160 32
640 16160 -32
640 16160 -160
544 16176 -160
640 16160 16
592 16256 -16
592 16112 160
608 16208 304
544 16208 304
576 16208 304
656 16256 160
624 16160 256
704 16176 128
704 16128 160
672 16128 304
624 16160 304
560 16096 144
448 16112 288
512 16160 112
512 16176 176
592 16176 144
592 16224 144
496 16192 128
336 16192 176
384 16208 208
384 16192 320
400 16192 288
624 16112 288
672 16224 288
640 16208 -112
448 16224 -16
448 16176 16
496 16176 384
496 16192 384
496 16176 176
736 16176 464
544 16208 448
624 16192 304
624 16192 256
608 16176 256
704 16240 336
704 16144 96
656 16128 -16
656 16192 96
512 16192 176
608 16224 176
640 16240 240
720 16208 144
720 16208 128
752 16192 336
752 16192 160
688 16128 160
720 16160 128
736 16080 256
912 16080 224
912 16112 240
736 16096 192
608 16096 192
592 16208 -176
640 16128 -96
672 16096 -48
656 16096 208
656 16112 160
640 16112 160
624 16160 160
528 16128 112
592 16240 128
592 16144 48
528 16192 128
512 16192 128
528 16160 240
592 16176 192
528 16192 0
640 16144 96
640 16144 144
576 16128 144
560 16160 96
320 16208 240
544 16224 -112
544 16160 32
576 16160 144
576 16128 144
544 16144 80
640 16112 416
640 16224 288
544 16176 240
544 16176 240
544 16176 240
688 16128 128
688 16144 224
688 16160 320
688 16112 288
656 16176 128
608 16176 128
640 16144 208
800 16192 144
704 16192 80
560 16224 0
624 16224 112
624 16224 176
640 16192 176
480 16128 128
464 16112 16
576 16144 160
576 16160 416
528 16160 384
512 16256 384
592 16224 208
640 16160 -80
608 16192 112
608 16192 112
640 16192 128
720 16192 128
672 16208 -64
688 16144 -32
736 16128 -16
736 16144 288
672 16144 224
544 16176 224
512 16256 240
480 16128 192
592 16112 496
592 16112 336
624 16112 480
736 16176 480
720 16208 176
640 16192 -48
640 16192 336
672 16128 336
640 16128 256
544 16144 208
544 16192 -48
528 16192 112
528 16176 304
608 16176 304
656 16192 352
592 16240 -64
576 16208 144
640 16208 272
640 16208 336
704 16176 336
784 16208 224
832 16160 32
784 16080 80
704 16112 48
704 16144 112
592 16144 112
608 16176 176
656 16160 336
752 16192 240
752 16080 80
704 16080 80
560 16176 48
576 16192 304
512 16208 112
592 16144 80
592 16224 256
704 16160 64
736 16160 64
720 16192 -64
608 16208 80
624 16240 80
624 16176 192
624 16176 192
512 16176 416
544 16224 272
656 16144 112
736 16176 96
736 16256 112
656 16256 48
640 16240 48
640 16176 -224
544 16128 -48
544 16144 64
736 16144 -192
768 16256 -64
688 16160 -112
608 16128 112
592 16240 -208
592 16064 64
