startup(x,y,z):(640,16160,272)
704 16080 1856
224 16208 672
336 16208 672
560 16192 48
960 16128 -528
1056 16176 -1312
944 16272 -1584
1168 16272 -1344
784 16160 -464
784 16192 304
656 16192 304
736 16304 864
832 16304 768
528 16208 768
640 16208 512
688 16144 0
688 16176 -400
496 16176 -400
448 16224 -400
480 16192 128
464 16240 544
544 16224 464
640 16272 640
592 16224 512
656 16224 128
656 16160 -528
560 16160 -528
624 16208 -384
624 16208 -336
704 16192 -160
704 16128 48
832 16160 400
624 16160 464
576 16096 464
576 16096 224
592 16160 96
432 16192 -48
640 16144 -224
576 16208 -336
592 16208 -48
592 16128 336
592 16176 240
736 16112 528
608 16176 544
608 16144 512
656 16160 208
736 16144 192
736 16176 96
752 16176 96
1008 16208 48
656 16336 -560
384 16304 -96
352 16352 32
480 16320 48
480 16240 160
368 16240 160
432 16208 400
512 16192 224
640 16208 224
656 16192 16
624 16256 16
608 16208 16
608 16288 784
448 16288 784
112 16208 224
384 16160 -80
1216 16112 -96
1088 16016 -352
688 16096 -112
464 16096 -336
464 16064 -160
496 16096 -208
352 16096 -208
496 16064 240
592 16128 224
336 16144 496
592 16224 320
592 16240 384
544 16240 384
224 16288 384
496 16224 128
608 16208 128
784 16160 16
688 16112 288
688 16096 336
688 16128 528
656 16128 240
736 16192 240
608 16176 224
608 16208 304
528 16224 144
560 16224 112
624 16176 0
800 16160 16
800 16160 272
672 16192 272
720 16208 272
832 16208 176
720 16208 192
640 16288 320
640 16208 528
656 16144 480
656 16144 400
576 16208 368
576 16192 304
688 16192 304
656 16112 256
512 16176 272
544 16224 272
544 16128 416
624 16128 416
656 16240 240
624 16256 80
592 16320 192
720 16304 416
640 16176 368
672 16208 272
656 16240 112
656 16240 80
480 16256 80
544 16288 112
544 16208 256
656 16144 32
720 16192 304
720 16208 464
752 16208 464
656 16240 384
656 16240 144
640 16176 240
384 16208 48
624 16160 0
528 16160 96
528 16160 272
544 16144 272
608 16080 176
512 16112 32
624 16144 48
592 16192 256
608 16224 80
544 16144 96
544 16192 320
592 16192 272
624 16176 272
656 16208 464
624 16208 320
736 16208 192
752 16192 208
736 16112 224
736 16176 176
640 16176 -80
784 16368 -160
720 16192 -80
640 16192 -80
528 16208 -64
576 16192 -48
576 16224 -128
704 16224 288
544 16192 96
656 16160 96
640 16160 208
592 16048 240
528 16080 96
688 16160 160
752 16096 -96
688 16160 -368
688 16144 -480
608 16144 -112
608 16128 -112
544 16160 -48
448 16192 160
576 16192 208
576 16208 208
576 16224 272
528 16240 256
528 16256 -32
576 16256 112
640 16320 112
672 16224 -96
480 16144 -176
544 16048 0
544 16016 64
656 16016 -32
704 16064 -32
528 16096 128
512 16176 176
576 16128 -32
560 16096 96
464 16128 80
464 16128 160
496 16128 160
560 16144 480
544 16080 432
560 16112 448
624 16080 672
544 16160 512
560 16176 208
656 16112 0
736 16144 -16
736 16128 32
720 16128 32
688 16096 128
496 16096 288
528 16064 -32
544 16128 48
544 16128 64
576 16128 64
736 16112 48
624 16192 144
576 16240 128
672 16272 256
784 16256 144
688 16192 -32
688 16192 448
640 16144 448
496 16208 176
544 16192 160
736 16144 352
528 16176 304
528 16160 272
272 16176 224
464 16192 16
448 16192 320
544 16080 320
576 16128 544
512 16176 208
560 16208 128
560 16256 320
576 16256 320
688 16272 320
624 16224 400
496 16240 160
560 16256 336
560 16224 224
576 16304 144
576 16240 32
576 16240 32
432 16288 64
528 16160 176
560 16192 160
560 16224 208
464 16240 224
672 16176 240
608 16192 112
608 16176 176
608 16144 208
624 16144 320
640 16192 320
704 16192 288
704 16128 256
752 16144 144
704 16176 176
704 16288 128
640 16288 128
528 16208 176
464 16176 176
656 16208 -96
640 16176 48
784 16176 16
672 16128 64
672 16128 0
704 16080 0
720 16080 -16
704 16080 -48
688 16144 80
576 16144 64
576 16208 80
656 16176 192
656 16080 176
656 16080 176
512 16128 112
576 16128 144
544 16272 272
544 16224 288
512 16208 112
544 16208 112
512 16160 176
592 16192 256
624 16112 256
624 16192 160
544 16224 304
400 16176 272
400 16176 208
512 16176 208
640 16096 144
704 16096 144
768 16112 192
592 16224 304
704 16240 272
624 16224 224
720 16224 16
720 16224 -240
576 16224 -128
512 16128 -128
576 16192 32
608 16192 96
592 16192 -32
624 16176 80
624 16224 -32
592 16224 -32
848 16224 48
736 16128 48
704 16032 224
624 16144 272
672 16240 32
672 16224 160
624 16224 288
656 16224 288
624 16208 80
688 16192 384
768 16112 128
656 16144 64
672 16128 112
608 16128 176
608 16160 0
544 16160 0
640 16096 368
576 16016 144
656 16112 64
656 16112 176
544 16160 400
544 16160 368
496 16144 368
464 16176 176
544 16208 144
560 16192 192
608 16224 96
640 16192 112
640 16160 32
672 16160 32
688 16192 -64
656 16160 48
592 16128 112
672 16096 128
816 16080 16
768 16176 32
624 16160 -96
672 16224 -176
672 16224 0
688 16224 -80
640 16128 -80
544 16192 64
624 16224 -80
608 16208 -48
448 16176 80
448 16176 128
512 16160 240
624 16176 336
656 16208 336
672 16144 208
528 16128 0
496 16128 -16
624 16144 128
624 16144 208
624 16224 208
656 16192 272
496 16176 160
496 16192 96
656 16176 -48
656 16240 64
592 16224 0
592 16224 16
576 16224 16
576 16224 224
512 16224 160
544 16112 -160
592 16064 -16
624 16080 -96
624 16080 112
768 16112 112
624 16112 48
592 16144 48
608 16160 144
656 16128 160
656 16112 96
656 16144 112
784 16144 144
816 16160 144
672 16128 0
656 16064 144
656 16128 144
640 16176 32
592 16192 96
608 16176 208
672 16208 480
672 16208 144
592 16208 144
592 16208 -32
528 16240 464
752 16224 368
672 16240 400
672 16240 272
608 16176 400
544 16144 224
544 16144 480
560 16144 480
608 16176 272
640 16144 272
576 16192 336
592 16128 400
592 16160 208
640 16160 96
560 16176 96
752 16160 0
832 16128 208
736 16128 128
656 16176 -80
672 16208 96
672 16208 192
656 16144 192
512 16160 64
608 16272 16
624 16208 416
688 16208 144
688 16240 128
576 16240 272
496 16176 80
672 16176 -96
688 16224 -96
704 16224 64
528 16224 -16
544 16160 384
544 16192 320
592 16208 400
560 16208 432
624 16112 432
624 16128 400
768 16192 256
592 16176 192
592 16176 192
640 16048 256
576 16144 240
560 16208 192
560 16176 208
560 16208 384
608 16208 192
544 16240 192
608 16272 112
704 16240 -64
608 16240 16
672 16160 144
592 16112 368
624 16144 208
624 16144 80
592 16240 80
544 16224 48
448 16224 96
528 16192 48
592 16224 192
592 16240 368
624 16224 304
736 16112 192
768 16112 208
640 16144 208
496 16192 272
592 16128 80
544 16128 192
544 16096 112
560 16096 64
688 16112 64
720 16048 176
720 16080 48
672 16192 48
672 16192 400
624 16240 208
688 16240 -48
688 16240 288
768 16208 288
640 16176 256
672 16240 -224
576 16192 -160
640 16208 144
752 16144 144
656 16144 128
624 16176 320
640 16256 320
640 16176 192
624 16176 192
592 16224 240
656 16176 176
512 16240 160
624 16224 96
624 16224 128
576 16224 32
576 16208 32
528 16176 256
528 16112 256
368 16096 288
416 16208 16
464 16176 -192
464 16128 128
544 16128 240
480 16192 240
640 16128 496
512 16160 336
672 16160 80
608 16192 352
592 16240 352
672 16208 368
672 16208 -64
608 16208 -64
736 16176 176
592 16176 96
544 16160 176
544 16160 -80
432 16160 -48
736 16160 -48
544 16144 208
464 16128 240
496 16128 176
624 16176 96
688 16176 -16
688 16192 -16
