startup(x,y,z):(560,16192,160)
1376 15936 2336
2208 16000 1872
688 16112 320
896 16128 -816
896 16272 -1056
192 16272 -1056
704 16288 -1264
720 16224 -1072
1248 16208 -432
1248 16144 784
640 16096 880
480 16096 880
320 16080 1088
768 16160 816
384 16224 512
688 16192 128
832 16176 64
832 16224 -272
560 16192 -416
560 16192 -432
816 16176 -432
288 16176 48
288 16176 576
320 16144 720
320 16208 800
736 16208 528
560 16144 240
768 16144 240
720 16176 -224
752 16176 -736
688 16224 -880
688 16240 -528
752 16240 128
848 16192 128
688 16208 480
624 16192 544
720 16128 656
656 16176 528
560 16224 480
672 16208 112
672 16208 -480
816 16256 -480
656 16192 -384
544 16160 -128
672 16112 128
672 16192 240
496 16192 368
544 16208 368
432 16192 464
512 16144 240
640 16160 320
608 16192 544
560 16208 352
560 16208 208
496 16112 208
704 16112 -64
592 16128 -64
432 16208 128
560 16160 240
560 16160 416
544 16160 464
624 16144 224
624 16192 112
656 16208 64
608 16208 -64
640 16144 -64
624 16144 -16
800 16192 64
768 16224 192
512 16256 336
656 16256 1296
1968 16272 1296
3392 16144 -416
1520 16144 -240
2976 16080 -416
688 16160 352
1392 16160 -336
1392 16160 -1552
3168 16160 -1552
2224 16288 -224
2992 16224 -96
576 16240 576
352 16320 944
352 16368 1424
624 16368 1408
560 16224 1168
496 16160 1168
1408 16112 144
480 16240 -736
400 16224 -1104
400 16112 -832
896 16112 -720
1056 16144 -720
1120 16128 -48
1056 16128 336
528 16096 1008
304 16080 1072
400 16112 656
464 16112 192
464 16112 -160
576 16192 -160
384 16256 -432
544 16224 -352
704 16192 -32
688 16208 -160
688 16256 224
544 16256 224
576 16272 512
480 16192 736
736 16112 528
880 16160 176
880 16160 -240
848 16160 -32
752 16240 -32
624 16240 -560
704 16192 -352
816 16128 16
816 16128 496
624 16096 496
544 16112 752
608 16032 560
608 16032 640
688 16048 464
688 16176 112
688 16224 -160
704 16224 -160
544 16256 -208
672 16208 -256
640 16176 -112
688 16192 304
464 16256 512
592 16240 592
672 16240 592
672 16192 480
560 16192 480
592 16176 -32
672 16176 -304
480 16192 -416
896 16272 -640
816 16336 1120
816 16224 -608
2080 16224 -64
-96 16080 -64
1888 16048 -352
-352 16128 576
848 16176 -80
416 16304 -368
416 16320 -336
816 16320 -2960
4560 16096 -2960
1280 15920 256
3056 15888 -256
-1520 16048 912
1952 15952 1136
1504 16064 2256
2336 16080 1392
704 16128 384
864 16240 -656
416 16368 -1376
416 16368 -1744
800 16320 -1744
1040 16240 -1536
944 16224 -560
784 16096 672
704 16128 640
704 16128 992
800 16112 800
800 16112 304
496 16128 304
800 16080 -112
720 16192 80
976 16224 -368
976 16208 -416
736 16208 -304
1040 16272 -304
528 16224 240
464 16176 544
272 16080 704
672 16096 528
416 16112 624
416 16144 432
544 16144 208
576 16208 208
480 16272 -480
464 16240 -624
624 16144 -288
624 16176 80
592 16176 352
656 16160 352
528 16128 560
624 16080 704
544 16176 736
432 16176 464
560 16192 -32
560 16192 -320
528 16192 -352
752 16288 -352
672 16208 -352
720 16176 -240
640 16128 224
608 16112 432
544 16144 512
640 16080 400
544 16176 304
544 16176 256
720 16160 256
656 16208 80
864 16208 -144
736 16208 -352
688 16256 -288
688 16256 -128
720 16128 -128
912 16128 32
864 16080 352
816 16016 336
672 16112 400
672 16192 144
672 16304 -32
480 16304 64
672 16208 64
656 16160 -16
768 16112 80
608 16144 224
608 16208 320
640 16208 288
592 16144 192
528 16144 192
560 16256 272
640 16240 144
560 16272 64
560 16336 -64
560 16304 -416
608 16224 -240
608 16128 -144
592 16208 224
592 16176 240
640 16128 320
640 16160 256
816 16160 256
688 16192 16
704 16176 -176
400 16176 -48
400 16128 -64
624 16128 -160
688 16192 -160
640 16128 48
528 16128 128
560 16144 128
544 16176 256
688 16160 112
672 16112 240
672 16128 48
672 16128 -176
608 16176 -176
688 16224 -80
704 16160 -80
608 16032 240
608 16048 608
608 16048 608
496 16160 480
480 16112 480
736 16144 256
512 16224 304
496 16160 128
496 16176 192
528 16176 -48
672 16208 -48
640 16208 -336
688 16240 0
752 16256 -192
560 16304 64
640 16224 160
544 16208 160
544 16192 0
528 16192 0
656 16192 16
672 16208 224
448 16208 96
448 16144 176
560 16144 144
608 16144 144
608 16048 224
624 16112 464
608 16128 224
720 16096 160
560 16096 240
560 16160 336
560 16160 336
464 16128 256
640 16096 224
496 16208 48
336 16240 32
336 16208 144
352 16208 224
496 16176 224
496 16288 288
496 16224 432
576 16160 432
592 16160 256
416 16112 352
592 16160 224
592 16080 176
720 16080 -32
752 16176 -32
656 16176 208
608 16176 304
640 16192 64
544 16272 192
512 16320 384
512 16320 -16
768 16288 -16
752 16144 192
640 16272 32
704 16176 64
592 16160 224
592 16160 224
528 16112 224
688 16144 160
672 16192 192
752 16240 16
736 16160 -112
656 16144 16
656 16144 64
656 16144 16
672 16112 16
640 16160 144
720 16128 240
736 16160 384
720 16208 304
720 16208 192
832 16192 432
704 16192 416
624 16208 416
656 16160 240
752 16112 240
688 16096 240
688 16080 320
704 16080 320
640 16144 336
608 16160 208
416 16160 80
576 16224 304
496 16128 320
480 16176 512
560 16192 400
560 16176 272
528 16176 208
592 16160 208
656 16160 112
672 16192 304
672 16240 320
784 16240 288
608 16240 288
576 16208 240
688 16112 128
496 16144 224
656 16160 208
656 16128 384
576 16128 256
656 16096 256
672 16096 80
736 16080 192
896 16080 176
896 16160 112
784 16160 144
784 16128 192
720 16128 112
768 16096 112
576 16112 208
784 16144 48
720 16256 112
720 16256 144
512 16224 144
480 16256 176
608 16208 352
656 16272 496
688 16240 288
688 16288 64
672 16176 32
672 16160 48
896 16160 48
832 16224 96
720 16160 304
832 16128 176
928 16192 96
928 16144 0
704 16144 0
720 16176 -48
736 16160 -176
784 16112 80
736 16160 80
640 16144 112
672 16144 64
640 16160 272
640 16176 272
496 16176 160
416 16144 160
400 16128 256
576 16080 16
608 16128 16
624 16144 16
560 16144 208
560 16208 432
624 16208 400
656 16160 400
704 16176 304
800 16208 320
656 16208 192
656 16208 -32
656 16208 -112
640 16208 -112
576 16176 -128
560 16224 -32
528 16176 64
496 16208 368
720 16192 176
720 16192 208
800 16256 208
752 16112 576
864 16160 368
624 16208 224
624 16160 352
576 16160 288
624 16192 32
720 16128 -64
624 16144 -64
592 16224 32
656 16256 0
704 16224 16
704 16224 -48
480 16208 -48
480 16208 128
528 16160 192
592 16144 160
592 16160 320
544 16096 272
560 16064 208
512 16096 224
624 16096 288
768 16176 288
608 16192 256
736 16160 240
640 16144 176
592 16208 80
640 16208 144
640 16208 192
464 16176 192
656 16160 288
672 16160 288
544 16160 144
624 16096 304
608 16112 288
608 16160 48
592 16160 48
592 16192 224
736 16192 224
688 16192 -48
752 16160 176
752 16240 128
640 16256 112
640 16272 256
512 16272 256
432 16208 112
464 16256 -144
576 16240 -64
624 16240 -80
624 16224 -144
608 16256 -96
656 16144 -240
656 16192 -16
576 16144 -80
560 16208 -368
624 16160 -48
624 16176 -64
752 16176 -64
768 16256 16
704 16256 160
640 16272 384
624 16192 336
624 16128 352
672 16128 352
560 16064 224
688 16064 384
672 16128 256
592 16144 0
736 16192 -80
736 16112 128
688 16128 128
688 16128 48
688 16192 48
544 16256 128
592 16208 112
464 16128 160
464 16160 208
656 16160 160
624 16224 288
624 16224 384
496 16224 384
592 16208 208
768 16208 32
704 16160 224
704 16112 64
560 16112 144
464 16160 144
560 16160 176
560 16192 192
608 16160 192
528 16144 304
544 16176 176
544 16176 288
528 16160 288
528 16192 368
