startup(x,y,z):(560,16192,160)
144 15408 2240
2272 15648 1040
1536 15696 -400
1536 15696 368
496 15936 368
512 16240 -832
608 16240 -2272
-9264 15728 -4384
-3664 15280 -1184
-3664 15664 496
-1104 15664 496
-752 15696 3104
528 15936 2960
304 16048 2800
-112 16080 1280
112 16096 416
1408 16160 -2000
1408 16160 -2832
592 16224 -2832
224 16224 -2464
560 16288 -1152
496 16192 112
1440 16048 752
1440 16048 688
304 16224 1296
592 16224 1312
416 16208 1312
240 16192 784
1072 16112 -32
1408 16176 -736
1408 16240 -800
1024 16240 -768
656 16208 -768
976 16240 -592
368 16304 -208
880 16368 144
672 16288 576
608 16176 1344
400 16176 1040
528 16128 448
704 16208 -96
704 16176 -704
784 16176 -704
448 16176 -400
512 16272 -224
624 16240 -176
592 16304 -32
656 16272 416
352 16144 992
352 16224 864
672 16224 448
320 16256 448
720 16208 176
544 16240 -192
800 16224 -384
608 16256 -544
608 16256 -528
848 16240 -528
848 16272 -272
656 16272 336
688 16176 528
496 16192 624
560 16224 176
528 16176 80
528 16208 80
672 16208 80
640 16160 -96
480 16224 -304
400 16192 -208
512 16160 32
528 16144 160
672 16144 160
656 16176 608
496 16112 672
752 16192 224
640 16192 -48
496 16240 -48
656 16288 -144
672 16240 -144
624 16272 0
576 16192 208
512 16176 240
480 16160 320
480 16128 416
544 16128 592
656 16160 592
592 16096 464
656 16144 176
432 16160 -48
496 16208 -208
496 16080 -96
528 16080 144
816 16144 352
736 16144 400
592 16112 400
496 16096 624
432 16080 560
528 16144 256
528 16144 -192
464 16192 -192
592 16192 -160
640 16240 -448
592 16208 -80
608 16240 48
624 16176 272
656 16192 464
656 16192 608
560 16176 608
416 16160 528
576 16208 336
656 16208 448
656 16288 80
784 16288 -432
784 16288 -432
656 16192 -96
544 16304 144
640 16256 0
624 16224 176
656 16272 352
656 16160 368
720 16160 368
736 16192 224
768 16160 384
608 16096 416
656 16112 16
656 16112 128
656 16160 128
496 16192 32
528 16192 -128
688 16112 -144
864 16192 -80
880 16192 320
656 16176 800
512 16208 560
512 16208 272
688 16240 64
720 16192 64
464 16224 128
512 16208 112
592 16272 -48
656 16224 -16
656 16192 224
576 16192 432
576 16160 432
496 16208 432
496 16176 368
544 16208 128
544 16176 64
592 16176 -96
672 16128 -96
592 16144 -192
608 16176 64
560 16160 48
608 16256 32
608 16224 368
608 16224 208
928 16160 208
704 16224 224
848 16224 144
752 16144 -96
784 16144 128
784 16144 0
800 16080 0
720 16080 224
736 16144 288
624 16096 160
448 16192 256
512 16192 96
512 16192 464
528 16256 464
592 16224 352
576 16176 320
560 16160 208
576 16128 176
576 16128 64
592 16144 96
560 16112 80
640 16080 80
576 16176 144
560 16176 208
512 16160 256
544 16224 400
544 16176 288
640 16128 32
544 16128 32
608 16128 -240
656 16160 -128
640 16128 -288
544 16176 -112
560 16080 272
560 16080 368
448 16112 240
448 16192 208
592 16144 192
576 16160 256
656 16176 176
656 16240 48
688 16240 128
528 16256 32
640 16208 32
544 16208 48
640 16224 336
512 16240 272
512 16160 240
608 16160 240
672 16096 544
464 16144 416
624 16096 272
624 16176 160
624 16272 96
592 16256 96
592 16256 272
512 16176 272
576 16240 320
496 16192 32
432 16160 192
432 16128 352
432 16128 352
608 16112 352
656 16208 176
608 16192 96
688 16064 16
736 16128 128
592 16144 64
592 16144 128
528 16064 160
512 16080 160
624 16144 80
608 16176 128
592 16272 160
480 16192 240
480 16208 224
560 16208 224
640 16256 -96
592 16160 192
320 16128 208
480 16144 416
592 16096 448
592 16096 368
624 16096 368
800 16000 336
832 16096 432
928 16064 224
688 16192 144
688 16112 336
704 16144 368
720 16128 448
688 16128 448
560 16128 96
560 16144 96
528 16192 176
528 16208 224
528 16208 208
672 16176 208
688 16176 64
720 16208 0
784 16176 144
576 16224 -48
592 16160 256
592 16240 288
544 16240 384
416 16256 384
496 16192 512
576 16256 384
608 16240 384
608 16224 432
608 16224 432
576 16160 560
640 16176 224
512 16160 240
624 16096 128
672 16176 96
688 16192 128
688 16128 160
688 16128 176
576 16064 176
608 16112 80
560 16224 80
432 16288 144
592 16224 176
592 16224 160
560 16192 -80
464 16192 16
736 16112 16
736 16160 32
640 16144 64
576 16160 192
576 16160 64
640 16240 64
592 16240 0
512 16192 160
560 16192 32
512 16208 144
560 16208 -48
592 16176 -48
592 16176 176
688 16208 176
784 16256 192
656 16288 96
512 16208 128
560 16208 176
560 16208 -16
496 16192 -16
560 16240 32
592 16144 16
528 16112 64
416 16176 304
512 16208 176
656 16288 304
624 16176 464
640 16224 176
480 16160 32
496 16304 80
624 16320 160
624 16272 -192
512 16288 160
592 16224 112
560 16224 112
464 16176 144
528 16208 160
688 16112 448
656 16160 32
656 16208 144
688 16160 144
816 16160 144
752 16160 368
560 16160 416
608 16208 160
528 16192 272
576 16192 224
576 16128 208
576 16128 208
656 16240 80
624 16208 160
592 16160 240
592 16144 80
592 16112 144
448 16112 192
528 16144 192
624 16144 160
832 16176 64
704 16160 128
656 16128 224
656 16208 -112
608 16208 -112
624 16176 -112
768 16208 16
672 16224 -48
496 16192 240
496 16128 96
560 16128 112
624 16192 160
656 16192 160
480 16192 96
592 16208 0
624 16080 48
624 16096 112
848 16096 112
784 16048 64
640 16160 32
560 16160 -48
656 16256 -96
656 16144 96
640 16176 224
656 16176 320
576 16240 320
448 16224 224
512 16192 48
544 16128 0
560 16096 -208
560 16144 -256
608 16144 144
608 16144 144
608 16176 128
752 16208 144
768 16144 144
688 16192 80
672 16288 160
672 16288 128
576 16256 128
560 16160 256
688 16128 -32
704 16160 -224
672 16144 0
672 16144 32
624 16096 32
576 16128 240
496 16080 144
512 16176 112
640 16208 112
656 16224 192
656 16224 352
608 16192 352
640 16192 400
608 16192 304
688 16192 352
688 16176 240
720 16176 240
672 16272 432
672 16192 464
816 16224 304
624 16240 384
576 16256 -32
576 16240 0
752 16240 0
624 16224 320
608 16272 320
720 16256 64
720 16208 176
720 16208 0
560 16208 0
512 16176 400
624 16064 400
752 16160 144
656 16160 272
592 16192 304
784 16176 400
784 16208 368
624 16208 352
528 16176 352
592 16176 336
592 16096 224
624 16080 288
560 16128 368
576 16208 304
576 16192 160
608 16192 160
592 16144 160
512 16144 208
656 16176 400
656 16144 96
672 16144 96
880 16160 224
784 16176 400
736 16208 352
736 16240 176
656 16144 32
464 16192 128
464 16192 -96
608 16192 -96
656 16256 16
704 16192 48
656 16208 384
656 16208 320
608 16208 112
704 16160 160
768 16144 160
640 16192 160
592 16224 272
576 16176 368
528 16192 304
528 16192 496
480 16192 496
736 16128 336
416 16096 304
560 16160 208
624 16144 336
576 16128 256
560 16176 256
560 16176 272
608 16160 -16
624 16192 -16
512 16176 352
608 16128 304
784 16176 240
528 16160 224
576 16128 64
544 16208 -256
624 16192 -80
496 16176 208
496 16224 128
576 16224 128
528 16240 272
640 16192 144
688 16256 -224
688 16272 -48
592 16224 96
656 16224 96
640 16192 -16
496 16144 160
512 16176 160
560 16080 48
560 16112 256
560 16240 304
752 16240 304
752 16208 320
688 16272 240
608 16240 96
720 16208 -96
720 16208 -16
736 16192 -16
736 16224 224
704 16176 96
656 16096 240
480 16112 32
512 16080 -32
512 16128 96
576 16128 96
448 16192 208
720 16192 256
720 16112 224
576 16176 128
576 16128 112
704 16128 352
528 16144 272
544 16144 272
592 16112 256
432 16192 352
544 16128 432
624 16176 224
624 16208 144
624 16144 224
