startup(x,y,z):(656,16192,224)
1024 16128 -2048
-5728 16784 1088
-5728 16544 1472
-4608 16544 2960
-1520 16224 2960
48 16384 2688
1120 16064 2288
240 16080 384
976 16048 -624
1136 16288 -2112
1136 16288 -2048
1216 16272 -2048
288 16288 -1360
928 16208 -992
672 16096 720
672 15968 848
1888 15968 816
-464 16160 816
848 16144 1056
832 16160 960
448 16144 640
1568 16208 -400
768 16208 -624
864 16256 -464
864 16256 -432
416 16128 -432
720 16144 48
576 16240 368
2384 16272 -304
736 16432 288
1504 16288 368
-96 16240 352
1136 16064 -144
1136 16064 416
1200 16080 416
1136 16096 480
528 16192 784
784 16128 448
480 16192 -176
480 16256 -64
576 16256 -64
608 16064 304
736 16096 784
608 16096 784
720 16064 32
608 16112 -240
736 16128 80
736 16192 112
640 16192 288
528 16144 288
928 16112 352
720 16144 464
800 16144 512
576 16160 368
672 16160 320
672 16208 64
752 16208 64
800 16176 336
672 16160 640
784 16192 96
656 16176 16
656 16208 -160
576 16208 -16
560 16272 -16
560 16112 352
656 16128 560
528 16112 528
528 16096 352
560 16128 208
592 16160 64
592 16160 -80
640 16208 -80
672 16144 192
432 16128 304
544 16080 448
528 16144 256
592 16224 -32
720 16176 -80
720 16144 -144
720 16144 -144
592 16256 -48
624 16208 112
688 16256 96
688 16176 304
624 16176 224
656 16272 224
704 16240 144
656 16224 208
624 16240 368
672 16208 288
816 16208 160
784 16144 64
688 16176 0
688 16176 -176
752 16256 -176
688 16224 -176
640 16192 -224
496 16208 128
608 16208 176
576 16144 352
608 16112 272
608 16192 320
528 16192 320
560 16192 224
608 16080 -48
448 16128 64
448 16192 -240
528 16224 -192
448 16224 -192
496 16224 -48
432 16160 16
640 16224 352
592 16288 352
400 16240 640
608 16224 368
608 16192 112
704 16192 112
480 16128 128
528 16144 -80
624 16224 -64
720 16176 -16
720 16192 336
608 16192 528
640 16192 320
560 16192 320
576 16272 32
560 16224 432
400 16256 432
400 16160 352
464 16160 208
400 16192 208
480 16208 256
560 16240 128
672 16224 368
624 16192 160
576 16208 160
608 16192 64
608 16192 224
560 16192 224
624 16192 176
624 16144 80
608 16176 128
672 16240 -80
672 16240 48
656 16240 192
624 16256 192
608 16224 176
496 16208 -176
496 16144 48
528 16144 48
448 16096 208
560 16176 272
576 16176 176
544 16112 240
544 16192 176
592 16192 368
544 16176 368
576 16192 128
624 16208 112
608 16144 96
528 16224 208
528 16176 224
528 16176 176
688 16176 176
704 16144 32
544 16144 -160
720 16144 48
752 16160 16
640 16144 240
640 16080 368
560 16096 224
656 16096 224
688 16224 208
720 16208 -48
816 16208 48
816 16192 -48
864 16192 16
656 16176 16
544 16144 192
624 16096 224
640 16096 304
592 16128 256
704 16128 192
464 16176 336
464 16208 144
608 16208 144
624 16192 144
720 16176 128
720 16192 -144
624 16288 0
624 16256 16
688 16256 256
656 16176 48
720 16240 48
608 16304 144
448 16272 240
448 16240 224
608 16240 176
416 16224 176
464 16176 304
368 16192 288
512 16128 304
512 16128 416
576 16128 496
608 16176 496
656 16208 176
768 16144 256
736 16192 128
736 16128 368
464 16128 368
432 16128 336
704 16176 224
720 16176 224
672 16176 336
576 16160 32
576 16160 -80
624 16160 -80
704 16160 -64
560 16176 -64
624 16224 -160
688 16240 -144
688 16176 96
688 16176 -32
704 16160 -32
784 16112 256
736 16144 48
656 16160 240
688 16080 352
816 16112 304
624 16128 352
544 16144 -32
544 16144 64
608 16112 64
608 16176 16
592 16192 -208
656 16224 -64
672 16192 16
576 16208 16
576 16160 128
608 16208 0
480 16272 64
608 16272 64
672 16256 160
592 16192 176
704 16240 256
704 16272 384
624 16272 352
688 16208 352
624 16192 224
496 16160 208
592 16112 416
576 16080 176
608 16080 336
656 16080 240
656 16144 240
688 16144 320
624 16160 320
640 16144 448
608 16128 336
720 16256 208
720 16256 112
608 16256 208
448 16176 208
400 16160 96
560 16176 96
336 16192 176
400 16176 288
480 16192 192
480 16144 208
496 16144 208
288 16176 384
528 16176 16
576 16096 256
624 16080 80
624 16112 80
736 16208 64
656 16128 16
656 16128 -112
576 16096 -112
688 16160 -16
720 16128 16
576 16160 256
528 16112 96
528 16112 48
608 16192 48
656 16224 144
624 16128 112
640 16144 208
544 16160 336
544 16080 320
576 16080 320
736 16096 320
672 16112 176
624 16208 144
384 16160 80
640 16112 160
560 16112 128
592 16144 144
592 16144 80
624 16144 80
448 16144 32
496 16160 496
800 16144 256
704 16240 208
704 16224 464
672 16224 192
816 16176 192
752 16240 128
656 16160 0
688 16144 -32
784 16192 16
624 16128 80
624 16128 112
576 16128 96
464 16208 96
576 16176 320
464 16176 320
544 16112 240
544 16064 128
576 16064 112
624 16128 112
560 16144 16
672 16112 16
736 16192 16
944 16208 112
832 16224 128
720 16176 240
720 16176 256
704 16144 224
496 16240 224
304 16224 368
400 16144 240
400 16096 256
448 16144 320
448 16192 256
512 16192 128
576 16272 128
448 16240 384
640 16240 96
656 16240 112
656 16192 224
736 16192 224
512 16192 112
464 16192 64
560 16192 192
672 16144 224
624 16160 528
720 16112 288
720 16208 128
752 16208 128
624 16256 -64
592 16208 96
576 16160 0
832 16080 64
656 16160 112
656 16160 112
768 16144 208
784 16144 144
736 16224 144
624 16208 80
592 16160 272
592 16176 208
592 16176 64
560 16240 64
496 16240 -16
448 16224 -96
624 16208 -160
656 16256 -208
656 16256 64
512 16336 64
512 16272 -128
624 16256 64
608 16304 48
672 16128 64
720 16160 128
656 16192 208
656 16192 464
576 16192 464
528 16144 416
592 16080 400
672 16224 368
736 16160 240
624 16080 208
624 16048 192
656 16048 192
592 16144 160
640 16096 272
576 16080 224
624 16064 160
624 16144 368
592 16144 368
672 16224 288
672 16240 208
816 16224 64
704 16160 80
768 16080 128
656 16112 112
656 16112 16
432 16160 16
512 16144 32
656 16176 240
752 16240 256
752 16192 -32
608 16096 16
608 16096 -128
480 16208 -128
368 16176 96
512 16224 336
560 16256 240
560 16256 208
752 16192 -16
816 16176 -16
592 16176 112
448 16144 160
640 16160 192
608 16112 80
624 16128 -128
624 16128 32
704 16128 -224
752 16160 -192
640 16208 -96
688 16256 224
640 16176 192
592 16176 240
592 16176 64
752 16208 64
640 16208 -80
544 16176 -80
528 16160 48
688 16160 -16
624 16112 240
624 16144 288
528 16144 288
528 16128 160
608 16112 32
400 16160 96
512 16160 64
512 16160 80
528 16272 80
480 16272 -192
720 16240 -192
704 16192 16
640 16128 80
608 16128 144
608 16128 128
752 16128 240
736 16144 240
816 16128 208
768 16128 176
608 16144 352
624 16208 208
592 16208 -32
560 16256 160
560 16240 288
688 16240 288
752 16240 160
880 16224 32
784 16160 32
720 16176 -16
720 16176 -240
672 16176 -240
704 16128 -192
720 16128 0
688 16144 240
672 16080 208
768 16128 -144
688 16128 16
688 16128 -128
576 16160 -16
624 16176 -16
624 16080 272
512 16160 208
640 16240 16
592 16272 176
544 16240 240
544 16288 256
720 16288 256
496 16272 320
448 16224 304
560 16240 64
560 16224 80
528 16112 288
544 16112 288
528 16144 224
608 16160 144
704 16176 64
672 16144 176
512 16160 128
512 16208 336
576 16208 384
544 16256 384
544 16240 80
640 16192 -208
528 16144 80
528 16160 64
432 16160 -64
704 16160 -64
720 16128 16
592 16144 64
592 16160 -96
688 16176 16
688 16160 96
512 16160 96
464 16208 96
480 16240 96
560 16256 224
528 16240 304
528 16256 352
672 16256 352
624 16256 96
736 16192 336
736 16192 304
