startup(x,y,z):(560,16192,160)
-5472 18640 16256
-7312 21456 -1984
4528 18832 -1056
-9888 18144 -6032
8016 17536 -480
19856 15632 -480
-4784 15936 12112
7088 14688 6784
944 15264 9024
5040 15312 5008
5040 15312 1424
-576 15920 1424
3776 16240 -4032
400 16736 -5280
-1200 16608 -5248
2416 16576 -3952
112 16240 -1744
112 15904 16
720 15904 16
-2064 16032 -528
208 16320 3840
272 16368 4608
-1360 16304 3936
-1360 16304 1648
400 16288 1648
112 16304 -800
-48 16448 -800
-32 16304 -640
1152 16256 -2272
1344 16160 -1200
1136 16208 -656
1136 16208 -48
848 16208 992
256 16224 992
736 16336 1376
608 16384 1360
576 16208 1008
816 16160 288
-144 16128 -304
-144 16096 -208
352 16096 -208
640 16288 -912
544 16288 -448
1008 16192 496
592 16192 832
592 16192 1136
272 16048 1136
640 16016 368
624 16112 80
1200 16144 64
752 16208 64
944 16192 224
944 16096 -208
544 16096 -208
544 16208 -240
592 16064 -112
496 16144 688
496 16144 896
576 16112 896
784 16112 256
656 16128 -176
528 16176 -32
528 16176 -272
640 16192 -368
640 16080 -224
720 16080 -224
848 16096 496
592 16128 1120
848 16080 784
816 16144 368
816 16128 -16
880 16128 -128
736 16144 -48
640 16208 -48
656 16192 -384
592 16240 -560
576 16176 -512
400 16160 272
400 16256 352
704 16256 512
544 16176 512
464 16144 736
544 16128 624
512 16144 176
688 16128 -192
784 16256 -400
784 16256 -352
736 16192 -352
688 16144 80
640 16176 224
704 16144 224
704 16192 304
560 16192 384
672 16144 384
592 16096 544
512 16144 496
432 16176 432
464 16224 144
528 16224 -176
528 16224 -512
624 16128 -512
624 16144 -496
544 16144 -224
592 16176 48
592 16128 416
672 16128 416
448 16128 144
512 16128 496
608 16080 352
720 16144 400
544 16208 448
544 16176 96
592 16096 -48
512 16096 -48
592 16176 112
736 16192 64
560 16176 400
560 16224 384
560 16176 480
464 16208 448
640 16224 208
720 16224 64
800 16176 64
528 16208 -16
672 16160 128
704 16160 160
704 16128 112
720 16128 0
720 16176 0
592 16192 -48
368 16144 112
528 16144 256
480 16176 416
528 16096 240
528 16176 96
672 16176 96
592 16160 -160
544 16208 -224
448 16224 -256
704 16144 96
624 16176 320
624 16208 336
640 16240 288
560 16208 144
464 16208 144
576 16144 176
640 16144 -144
656 16192 48
656 16160 112
704 16160 272
768 16176 272
720 16208 16
688 16176 80
560 16256 240
560 16208 64
448 16240 272
448 16240 224
544 16240 480
608 16208 480
624 16208 320
688 16160 -16
688 16192 48
752 16144 64
640 16144 64
592 16208 176
496 16224 -96
544 16224 48
672 16112 224
832 16096 160
736 16112 272
656 16128 160
656 16192 80
720 16192 80
736 16160 80
656 16224 240
592 16160 240
592 16144 368
624 16176 208
608 16176 240
528 16176 240
576 16144 -128
688 16160 32
688 16144 352
688 16128 288
432 16128 240
528 16112 240
576 16128 128
512 16224 272
544 16208 272
656 16272 224
608 16224 -48
608 16224 192
592 16208 192
576 16176 192
544 16160 272
592 16160 224
592 16160 304
640 16160 -64
736 16192 -64
816 16144 0
608 16288 128
576 16288 240
576 16272 384
512 16320 336
512 16224 288
528 16224 288
496 16224 240
576 16160 -208
640 16224 64
544 16224 96
544 16224 128
560 16240 128
544 16256 192
528 16176 224
560 16272 352
624 16128 368
656 16064 352
624 16096 144
624 16176 -32
656 16176 -32
624 16192 288
688 16192 352
720 16144 368
576 16288 272
544 16256 256
608 16208 208
608 16208 16
592 16208 16
672 16096 16
576 16144 112
672 16160 48
672 16160 160
576 16192 -64
672 16208 -64
736 16224 112
544 16208 320
528 16224 448
640 16224 496
656 16176 352
656 16256 192
544 16160 240
672 16064 16
576 16144 -16
576 16208 -144
720 16208 176
784 16320 176
720 16240 368
832 16240 400
592 16160 544
528 16144 512
512 16016 432
512 16016 208
464 16160 208
496 16160 80
736 16192 80
544 16128 144
544 16224 160
560 16224 48
608 16192 48
576 16320 112
624 16288 32
640 16208 144
496 16176 176
464 16256 112
640 16224 240
640 16224 112
608 16288 112
672 16192 -32
624 16192 -32
704 16160 -128
544 16160 64
448 16176 96
624 16160 256
624 16160 336
688 16192 336
752 16192 256
576 16176 336
576 16208 80
576 16208 240
640 16144 240
704 16160 80
528 16144 208
544 16096 144
624 16144 -16
640 16176 -48
640 16144 80
688 16144 -16
704 16192 -16
528 16112 160
640 16192 320
640 16256 256
624 16192 400
720 16160 144
656 16256 144
624 16256 480
608 16224 480
544 16224 288
608 16192 96
448 16160 128
448 15904 -64
496 16064 -64
592 16128 224
560 16256 160
608 16160 224
608 16160 160
608 16176 256
672 16192 192
640 16192 224
656 16144 240
656 16144 240
528 16208 272
528 16144 224
480 16304 240
480 16288 320
480 16288 432
544 16272 432
560 16272 288
688 16224 336
624 16224 320
560 16224 192
496 16176 144
496 16176 272
480 16096 272
528 16128 304
432 16208 352
464 16208 384
720 16128 304
576 16128 432
592 16096 432
640 16144 576
704 16176 416
608 16160 352
608 16192 352
704 16208 432
704 16208 608
704 16240 608
768 16224 416
736 16144 336
736 16224 -32
736 16208 176
608 16208 224
512 16256 48
544 16176 208
448 16240 208
528 16208 -144
608 16144 256
608 16192 320
608 16192 208
816 16208 208
736 16144 320
656 16128 224
720 16192 -48
720 16208 112
688 16224 208
512 16144 272
464 16144 272
480 16208 320
448 16128 320
608 16160 144
576 16144 16
624 16176 48
624 16096 -112
640 16096 -112
480 16208 -160
608 16160 -32
512 16192 112
512 16192 176
640 16128 416
624 16128 304
624 16128 192
560 16160 192
656 16192 208
752 16256 320
688 16224 192
592 16256 96
592 16208 0
592 16176 64
640 16144 128
640 16144 128
704 16096 128
656 16096 336
688 16192 144
736 16128 144
736 16128 400
608 16128 400
528 16176 320
576 16176 208
400 16240 176
512 16256 144
512 16240 160
592 16256 224
592 16256 96
704 16192 96
816 16224 160
768 16128 336
512 16160 368
512 16208 272
624 16208 272
656 16160 272
624 16224 48
688 16160 176
656 16128 176
624 16176 128
608 16208 96
656 16240 128
656 16240 96
560 16240 96
640 16256 -176
768 16192 144
640 16208 192
528 16160 240
624 16208 192
704 16208 -48
736 16144 -48
624 16144 -64
800 16208 -48
960 16192 -48
960 16192 176
800 16304 176
800 16256 144
784 16256 256
752 16224 80
752 16224 64
704 16192 128
656 16192 0
656 16192 304
672 16128 304
608 16192 368
672 16208 288
528 16208 224
528 16192 -240
512 16192 160
544 16160 160
496 16128 176
528 16240 64
512 16224 128
528 16160 128
592 16128 96
704 16128 176
608 16128 304
608 16128 192
560 16160 192
640 16208 112
448 16192 96
720 16176 384
720 16208 288
672 16176 112
720 16192 192
624 16192 192
512 16208 256
576 16240 272
640 16192 80
672 16144 96
640 16160 112
640 16160 80
592 16160 80
720 16112 128
656 16160 288
608 16128 448
544 16112 480
672 16208 256
672 16224 144
656 16224 448
464 16192 448
384 16208 192
528 16160 432
592 16160 336
592 16208 16
544 16208 16
640 16128 80
528 16128 192
592 16176 288
624 16176 336
496 16192 240
656 16160 224
656 16160 96
560 16176 96
544 16208 304
528 16144 384
400 16176 400
400 16160 416
528 16160 272
672 16208 192
656 16144 448
576 16160 272
448 16176 160
528 16160 208
528 16192 96
544 16192 -16
496 16144 -16
544 16128 -32
640 16112 352
560 16224 160
512 16192 48
576 16208 128
480 16224 224
480 16224 48
464 16272 160
528 16208 160
560 16208 160
528 16192 112
592 16240 512
656 16208 272
656 16208 464
656 16192 464
640 16224 112
640 16176 96
640 16176 288
576 16192 288
528 16176 32
480 16176 160
400 16288 272
