startup(x,y,z):(560,16192,160)
912 16336 2048
-2768 16368 480
1936 16144 1056
2240 16208 1408
912 16000 -736
912 16288 -1712
-800 16432 -1712
-1488 16208 -1200
-816 16208 -1200
192 16096 -384
496 16208 2016
6176 16224 1136
3440 16400 3952
8544 16176 3488
560 16176 -16
3744 16032 -16
448 15968 752
3184 16032 -848
1616 16080 -848
1136 16176 -1088
1600 16176 -1488
1120 16288 176
1120 16160 608
1680 16160 624
1120 16176 1024
1088 16224 1024
704 16192 384
768 16208 -208
896 16112 -624
576 16048 -160
624 16144 464
624 16160 128
656 16160 128
576 16128 224
656 16112 512
384 16112 784
544 16096 816
544 16032 144
800 16032 80
768 16144 80
832 16160 -208
768 16128 -208
816 16144 -368
688 16192 -224
880 16176 112
880 16224 432
720 16224 560
512 16256 560
624 16240 208
448 16208 -160
784 16192 -272
656 16192 144
640 16240 336
672 16288 352
672 16288 592
832 16256 592
528 16192 352
672 16064 320
576 16096 128
432 16064 192
480 16192 128
480 16160 32
448 16160 384
416 16128 48
416 16064 192
544 16160 192
736 16272 16
688 16176 144
592 16160 320
592 16176 320
672 16176 320
704 16096 -80
704 16096 -80
752 16112 -80
688 16080 96
688 16176 352
880 16176 352
800 16224 384
704 16144 304
704 16144 80
656 16144 96
512 16192 96
592 16208 368
688 16272 160
736 16320 320
768 16256 160
768 16224 32
816 16240 96
816 16240 416
656 16288 416
544 16304 512
528 16288 704
624 16224 528
624 16224 -48
704 16224 -464
592 16224 -464
496 16080 96
624 16208 144
352 16192 240
752 16176 272
784 16192 224
784 16208 144
640 16208 144
608 16208 0
832 16176 32
656 16128 208
672 16144 336
720 16144 336
720 16192 256
880 16192 368
896 16224 240
704 16224 448
688 16208 448
560 16224 368
416 16224 128
640 16224 -144
640 16224 -240
816 16192 -240
768 16160 96
704 16256 128
544 16192 384
432 16240 464
480 16176 480
496 16224 208
496 16144 544
640 16144 544
576 16224 400
672 16208 96
784 16224 256
768 16208 208
688 16208 288
864 16208 288
720 16160 304
592 16176 336
608 16240 352
672 16144 320
592 16240 368
592 16112 64
560 16112 176
576 16112 176
496 16144 208
416 16176 288
432 16224 80
544 16256 208
496 16176 176
496 16224 464
544 16176 416
544 16160 496
688 16160 496
688 16192 208
720 16256 288
608 16224 128
720 16176 48
656 16240 112
656 16176 80
560 16176 48
688 16160 160
624 16160 160
480 16144 448
608 16192 384
800 16208 64
800 16176 208
800 16176 0
832 16192 0
704 16192 0
832 16176 -80
848 16192 -160
848 16224 48
688 16144 -32
688 16080 192
736 16080 192
496 16144 0
336 16176 144
416 16192 -64
592 16160 -112
592 16160 -96
640 16208 -96
624 16208 240
640 16240 208
672 16272 96
544 16192 144
544 16224 160
544 16240 -112
576 16240 32
512 16240 32
672 16208 32
656 16160 400
576 16160 -96
640 16160 48
640 16160 96
576 16176 96
560 16192 240
624 16192 272
720 16224 288
688 16320 144
672 16240 160
672 16240 192
432 16272 192
528 16272 32
656 16304 -112
704 16256 -144
528 16176 64
528 16224 -16
592 16192 64
416 16224 208
400 16224 208
512 16208 160
336 16240 320
672 16176 192
672 16160 160
656 16160 64
736 16160 64
640 16144 240
640 16096 224
576 16128 208
672 16144 160
512 16128 240
512 16160 96
528 16160 64
560 16208 64
576 16224 176
544 16208 192
512 16240 160
512 16224 176
544 16224 176
544 16208 528
720 16192 464
544 16144 368
640 16176 496
704 16176 192
704 16192 256
592 16192 192
624 16160 192
576 16144 208
608 16144 240
656 16160 -16
656 16192 32
640 16192 32
768 16192 64
688 16144 224
704 16128 176
528 16128 224
560 16256 128
592 16224 112
592 16224 256
592 16192 256
528 16208 208
736 16208 -32
832 16192 -16
672 16224 208
608 16128 304
560 16144 352
560 16144 176
544 16224 176
464 16208 224
512 16208 272
608 16160 176
608 16128 176
608 16128 224
560 16160 224
432 16160 208
416 16080 224
576 16192 240
448 16224 -16
464 16240 128
464 16144 304
560 16144 304
576 16208 496
512 16176 256
432 16176 112
560 16192 144
560 16176 80
624 16176 80
576 16192 272
624 16128 272
608 16224 384
656 16176 448
560 16176 352
560 16064 208
608 16064 208
608 16128 432
624 16160 352
576 16144 464
752 16112 256
752 16112 32
704 16112 64
752 16112 48
672 16144 48
688 16224 80
672 16208 144
640 16208 336
640 16208 64
592 16176 64
592 16176 -32
608 16144 352
560 16208 32
656 16240 48
688 16240 304
656 16208 128
624 16192 288
624 16192 224
656 16160 224
592 16128 208
656 16176 256
608 16160 256
608 16096 288
512 16096 80
800 16128 80
672 16080 192
576 16208 32
512 16160 304
672 16128 208
672 16144 272
656 16144 416
624 16176 416
528 16192 224
608 16112 400
704 16160 272
704 16144 416
704 16144 416
640 16176 384
592 16192 480
624 16208 368
720 16160 304
752 16160 -32
752 16128 160
608 16128 160
592 16192 272
592 16192 352
576 16192 80
592 16176 272
592 16288 176
688 16288 176
512 16272 176
496 16224 160
624 16096 80
672 16112 192
448 16160 240
448 16176 352
496 16176 -16
512 16176 -16
528 16176 240
448 16224 240
512 16288 112
656 16176 -192
608 16160 -32
576 16144 64
544 16144 32
544 16208 -64
560 16208 -64
656 16096 112
720 16128 112
672 16176 176
592 16256 224
592 16256 224
528 16272 224
688 16256 176
656 16112 256
624 16176 320
640 16160 288
720 16176 368
720 16224 256
816 16224 256
640 16112 272
608 16160 144
720 16080 192
768 16208 64
768 16208 64
736 16176 96
688 16176 256
752 16080 256
672 16224 176
528 16160 112
688 16176 128
688 16112 176
736 16112 192
768 16064 176
656 16064 176
640 16128 368
352 16160 272
480 16128 256
528 16144 112
592 16112 96
576 16096 -144
576 16032 304
560 16032 304
640 16080 368
704 16208 384
496 16176 368
640 16144 224
640 16128 -16
608 16160 64
624 16208 192
592 16224 64
592 16224 400
496 16192 400
448 16176 416
576 16192 432
688 16224 320
656 16192 128
656 16192 48
640 16224 48
576 16320 192
608 16208 128
592 16176 64
672 16208 160
608 16208 304
608 16208 256
464 16208 256
544 16128 512
752 16112 304
624 16048 352
624 16160 112
608 16160 -80
560 16144 -80
544 16160 256
752 16176 256
848 16176 208
592 16160 112
592 16176 128
608 16176 256
736 16160 256
656 16160 144
624 16208 256
720 16160 208
720 16112 288
608 16112 368
720 16128 256
704 16128 256
816 16208 48
752 16144 160
704 16128 -400
704 16096 -208
640 16096 -208
512 16288 64
624 16288 64
688 16160 80
768 16128 48
656 16128 112
720 16192 48
624 16192 160
560 16192 304
560 16192 464
624 16144 464
640 16208 320
624 16240 384
640 16160 256
704 16096 240
704 16096 32
608 16240 32
656 16176 64
704 16192 -16
640 16192 304
784 16176 240
768 16096 240
768 16352 176
752 16144 176
752 16176 0
720 16224 80
624 16256 48
608 16176 192
608 16176 192
720 16176 160
656 16176 -96
768 16192 -96
624 16176 160
592 16224 64
576 16224 80
576 16160 336
608 16160 336
720 16160 208
704 16112 416
560 16176 320
528 16208 336
560 16176 272
672 16192 240
672 16192 352
688 16160 352
656 16208 224
592 16224 352
592 16224 240
592 16208 144
512 16192 128
592 16176 112
624 16208 304
704 16256 240
560 16144 160
464 16160 224
544 16144 112
544 16224 128
560 16224 32
544 16192 32
576 16192 112
560 16160 48
608 16208 192
608 16224 64
640 16224 48
672 16224 320
640 16224 320
608 16112 400
544 16208 416
480 16224 336
480 16208 96
464 16208 16
608 16144 16
720 16160 32
720 16224 -304
736 16176 -112
736 16192 -64
640 16192 0
640 16208 -160
560 16208 -160
