startup(x,y,z):(560,16192,160)
-9312 16128 3072
-3216 16080 4080
-13424 16080 4080
2128 15616 3504
128 15760 5216
3520 15648 4144
-992 16048 1152
-992 16080 -1152
1392 16080 -1152
688 16416 -3024
1440 16272 -4176
-1856 16496 -3312
-880 16480 -2128
-608 16320 592
1696 16016 1632
-80 16144 2656
-80 16016 2256
592 16016 2256
208 16128 1680
464 16176 608
1296 16192 128
1040 16176 -480
816 16224 -752
816 16192 -1120
544 16160 -560
544 16224 -32
384 16224 -32
160 16224 576
528 16224 1168
256 16176 1808
656 16192 1488
656 16192 624
560 16256 624
560 16208 -464
624 16144 -752
608 16128 -448
576 16128 -464
592 16192 -80
592 16224 336
576 16224 336
112 16208 656
288 16160 752
272 16192 800
624 16112 256
624 16112 -240
336 16192 -80
672 16240 -496
688 16160 -496
768 16192 -576
752 16192 -624
640 16096 192
640 16160 480
864 16160 736
384 16176 544
464 16208 304
512 16352 288
368 16256 -96
512 16192 -96
768 16176 -320
768 16176 -224
768 16240 -80
832 16240 -80
656 16240 -16
736 16208 176
496 16208 304
752 16224 464
752 16256 208
560 16256 208
640 16160 384
688 16176 -16
720 16208 -304
624 16144 -368
704 16176 128
640 16192 240
640 16192 400
608 16176 400
320 16128 496
464 16208 592
496 16192 512
544 16208 320
544 16208 -208
528 16272 -176
752 16208 -112
800 16208 -112
704 16256 128
560 16208 384
560 16224 304
672 16224 304
608 16224 288
688 16224 240
544 16192 432
624 16192 160
688 16208 -176
576 16272 -272
576 16272 -128
608 16192 -128
544 16224 -80
384 16288 224
448 16336 464
448 16336 608
448 16288 400
528 16288 400
544 16208 384
528 16176 496
640 16240 320
704 16224 112
784 16240 -224
688 16240 -128
688 16240 -96
752 16224 -96
608 16176 16
720 16112 384
832 16160 592
832 16080 544
752 16080 256
640 16256 256
624 16240 32
592 16256 32
592 16224 96
688 16240 96
688 16208 192
752 16208 224
672 16240 224
688 16240 16
720 16176 128
608 16240 -96
576 16176 240
576 16272 304
576 16272 480
608 16288 304
608 16240 208
608 16240 -400
656 16272 -400
816 16272 -64
832 16272 256
880 16256 208
880 16208 176
672 16208 176
672 16144 240
672 16080 112
592 16096 272
384 16144 384
544 16208 304
544 16128 208
608 16128 464
704 16192 304
496 16144 336
640 16208 336
688 16160 432
688 16240 336
752 16240 336
832 16144 160
736 16160 160
832 16048 144
576 16144 272
512 16240 240
576 16208 224
576 16208 272
624 16288 16
512 16256 144
624 16176 368
640 16160 240
656 16160 112
752 16192 320
736 16144 448
736 16176 80
640 16176 80
528 16176 96
464 16160 160
464 16160 -48
464 16128 -96
544 16112 160
608 16112 160
608 16144 608
640 16176 176
624 16160 128
624 16208 32
544 16192 0
544 16208 -32
448 16208 112
512 16208 112
528 16240 192
592 16208 368
624 16240 288
624 16208 96
640 16208 96
480 16192 240
528 16224 128
528 16208 176
528 16240 208
608 16256 272
608 16272 80
576 16272 0
672 16224 0
608 16224 368
640 16224 512
688 16208 448
688 16176 480
752 16176 384
624 16176 224
544 16176 224
592 16128 208
800 16208 -128
656 16128 208
656 16160 208
528 16160 -48
560 16240 -48
544 16240 304
512 16176 240
608 16208 464
560 16192 512
624 16192 112
624 16208 0
608 16208 0
512 16224 304
592 16240 208
544 16176 160
672 16176 240
672 16144 400
608 16144 400
624 16128 544
624 16064 368
544 16144 224
544 16224 -176
688 16208 -352
688 16160 -176
672 16160 -176
432 16208 144
544 16144 16
608 16208 96
560 16176 16
560 16176 32
720 16208 320
640 16192 224
560 16192 272
448 16192 272
624 16112 464
592 16160 144
736 16128 208
736 16240 160
688 16240 448
704 16160 448
672 16160 352
464 16240 432
752 16144 368
608 16096 192
512 16128 448
592 16144 176
528 16176 208
528 16176 192
608 16208 192
688 16160 208
544 16144 400
576 16160 304
576 16192 112
608 16192 160
624 16224 272
624 16176 272
624 16192 320
624 16192 320
592 16176 64
528 16192 16
656 16160 336
656 16016 352
656 16016 208
800 16112 208
640 16240 96
640 16240 96
608 16224 80
688 16144 144
688 16128 144
688 16032 272
704 16032 272
816 16000 256
704 16160 48
560 16144 96
576 16144 112
576 16144 160
656 16144 160
592 16208 240
560 16208 240
560 16224 176
592 16224 304
688 16176 128
688 16224 224
832 16224 480
736 16144 320
624 16240 256
720 16144 208
704 16096 16
704 16096 16
768 16112 16
848 16096 -208
800 16112 -48
672 16128 240
720 16192 528
704 16144 496
784 16128 320
784 16208 128
784 16208 128
560 16192 128
624 16128 176
816 16224 -64
832 16144 240
608 16176 256
640 16240 144
640 16224 176
848 16224 352
800 16224 352
832 16224 128
848 16176 32
848 16144 -32
848 16176 64
800 16176 48
640 16192 48
768 16144 64
544 16160 112
576 16096 208
576 16192 288
608 16144 256
624 16176 304
640 16176 320
592 16176 464
576 16192 272
576 16160 192
672 16160 304
512 16208 304
720 16288 128
704 16192 128
672 16224 96
704 16096 240
704 16144 128
704 16144 320
576 16176 320
656 16144 64
464 16144 144
496 16160 256
496 16096 224
576 16096 240
592 16224 32
512 16224 32
608 16144 -80
592 16096 -48
560 16144 32
528 16176 -208
528 16176 16
608 16176 320
528 16176 320
656 16160 304
512 16176 384
576 16144 528
512 16176 64
576 16112 16
576 16128 0
768 16128 0
752 16128 144
640 16160 288
528 16144 -128
576 16176 -144
496 16256 -208
496 16256 368
928 16256 512
944 16176 208
608 16144 352
704 16144 352
704 16176 240
768 16096 448
816 16128 32
688 16176 128
544 16160 96
704 16192 336
-208 16288 -1984
-576 15696 -208
-1840 15696 -208
224 15856 -736
-1312 15952 -320
208 15984 -480
96 16080 64
-128 16080 288
1072 16240 -288
464 16144 -304
464 16128 -96
480 16032 240
816 16064 528
928 16080 96
1168 16064 0
1312 16064 -624
304 16048 -160
384 16192 256
288 16208 -80
16 16208 208
16 16208 464
0 16192 336
48 16208 336
128 16224 112
576 16240 -32
272 16272 368
384 16096 336
400 16080 560
656 16144 576
528 16160 384
464 16192 368
864 16144 144
736 16160 -208
720 16160 16
672 16192 528
448 16176 528
528 16192 464
688 16224 160
592 16144 160
592 16176 352
560 16304 496
560 16272 144
576 16272 144
640 16176 -240
672 16208 -80
576 16240 48
608 16208 224
608 16208 0
512 16208 0
432 16176 112
512 16160 128
576 16176 160
608 16128 32
720 16192 -160
624 16256 -192
528 16128 304
496 16128 448
672 16160 208
848 16208 400
816 16128 304
784 16144 208
688 16192 64
672 16224 -128
672 16112 48
448 16112 48
576 16128 -112
592 16160 16
752 16192 400
720 16192 240
720 16240 272
736 16240 352
592 16256 -96
624 16192 128
608 16224 128
576 16144 16
480 16160 304
608 16176 480
608 16176 160
736 16096 160
672 16128 272
688 16096 224
656 16112 304
512 16096 96
544 16112 208
400 16128 240
400 16128 496
608 16128 496
688 16176 256
656 16192 528
592 16160 560
592 16176 368
512 16208 144
672 16208 144
464 16224 160
512 16192 176
640 16176 208
640 16176 288
384 16224 304
496 16224 -96
544 16176 -64
544 16208 80
464 16208 80
544 16256 -96
672 16192 208
656 16160 304
688 16224 80
608 16272 112
656 16240 160
688 16208 112
672 16304 352
672 16288 192
880 16288 192
704 16272 208
688 16256 224
608 16208 208
640 16096 144
640 16112 272
720 16112 384
944 16128 208
800 16144 192
768 16144 192
688 16112 208
448 16176 128
560 16240 208
560 16240 32
640 16240 32
608 16192 -80
656 16192 -304
576 16240 -32
704 16272 64
768 16288 160
848 16208 336
848 16224 528
880 16224 112
768 16192 112
656 16176 112
496 16208 0
672 16192 80
672 16192 0
624 16192 32
624 16192 32
