startup(x,y,z):(640,16160,272)
-400 16256 1936
3088 16048 1840
1488 16096 2864
3024 15968 2128
304 16096 960
1744 16064 -464
112 16288 -1520
688 16304 -1968
688 16320 -1792
800 16320 -1792
624 16288 -624
640 16160 704
672 16128 176
176 16208 768
176 16176 656
560 16176 656
16 16064 752
336 16096 240
768 16144 208
800 16128 -416
688 16144 -352
688 16208 -464
1024 16208 -240
560 16272 -240
688 16272 -144
592 16224 256
656 16224 768
656 16144 1024
384 16144 512
848 16144 512
592 16224 272
640 16224 -272
688 16176 -240
752 16160 -224
752 16160 -192
832 16224 -192
720 16208 240
624 16256 480
592 16192 752
592 16160 912
400 16160 112
800 16096 -304
528 16096 -496
720 16192 -496
640 16112 -224
784 16064 -304
624 16096 48
624 16096 224
816 16096 224
688 16144 416
752 16192 416
592 16160 448
784 16160 304
528 16224 352
720 16224 192
640 16240 32
640 16208 -448
736 16208 -448
640 16208 -192
688 16128 0
640 16080 96
624 16224 336
624 16224 720
736 16208 720
640 16256 592
768 16160 256
640 16144 304
544 16224 -16
544 16224 64
688 16224 240
560 16176 240
656 16224 496
576 16304 144
704 16256 144
816 16256 256
816 16256 320
848 16160 272
752 16112 192
752 16192 192
800 16192 192
656 16176 80
720 16224 -176
816 16208 96
816 16176 -32
608 16176 -32
688 16144 96
640 16192 208
512 16176 80
624 16224 144
656 16176 128
656 16160 64
608 16160 64
672 16192 -160
608 16160 160
432 16176 240
432 16192 176
480 16192 240
448 16176 240
608 16192 576
640 16192 608
576 16224 384
624 16160 464
624 16208 96
800 16208 -80
592 16224 -80
816 16176 -224
704 16096 96
704 16128 32
624 16128 144
656 16224 144
624 16224 272
672 16096 352
512 16176 192
576 16144 192
576 15888 -96
576 16112 -96
688 16192 -240
624 16208 -80
640 16192 128
640 16160 144
624 16160 -48
576 16208 -48
576 16160 112
688 16112 448
720 16208 448
736 16128 480
736 16128 384
688 16160 384
656 16160 80
704 16176 48
720 16112 416
720 16112 320
752 16112 320
832 16208 128
704 16208 400
672 16240 176
512 16288 144
592 16240 48
592 16240 240
704 16256 240
736 16192 112
720 16192 240
720 16192 544
720 16192 448
608 16192 448
704 16208 528
688 16176 592
752 16192 192
768 16128 256
672 16192 320
672 16160 -16
736 16096 272
720 16128 112
768 16064 48
720 16096 240
720 16096 160
784 16144 160
656 16128 176
768 16128 144
624 16128 496
640 16096 464
640 16144 432
672 16144 432
768 16144 304
752 16128 336
672 16096 336
672 16128 80
896 16128 80
704 16160 272
624 16160 208
704 16144 288
624 16192 160
624 16192 224
656 16192 272
576 16176 272
576 16160 128
624 16144 288
576 16224 256
576 16224 176
576 16224 176
608 16192 160
512 16208 48
592 16240 -112
576 16224 112
576 16144 608
608 16144 624
576 16144 624
656 16160 720
736 16144 176
880 16176 272
880 16144 304
816 16144 304
736 16128 80
768 16176 32
768 16176 -160
672 16144 -96
672 16176 -128
768 16176 96
560 16208 96
528 16192 512
608 16224 256
624 16240 224
624 16176 160
512 16176 160
608 16144 48
592 16128 96
528 16160 256
592 16160 -16
592 16208 -112
608 16208 64
608 16144 64
640 16160 64
736 16112 128
720 16160 128
720 16176 112
560 16176 112
608 16192 -160
768 16208 -128
736 16176 208
720 16048 336
720 16048 224
768 16096 224
640 16064 160
608 16128 64
544 16160 304
544 16192 176
528 16192 -96
624 16224 -96
624 16176 224
656 16192 320
704 16192 416
704 16208 288
672 16208 288
608 16208 208
624 16208 48
432 16176 192
608 16144 368
608 16128 480
608 16128 480
416 16096 352
496 16096 512
752 16096 304
752 16112 144
704 16112 192
496 16240 192
512 16288 80
368 16304 192
528 16240 0
528 16224 32
560 16224 336
592 16128 336
768 16160 256
720 16192 16
720 16128 208
592 16128 304
704 16176 304
736 16208 272
528 16144 304
544 16160 16
544 16208 144
544 16208 224
592 16224 224
704 16160 192
576 16192 0
624 16176 -64
624 16240 240
576 16240 240
640 16176 192
560 16144 -144
640 16160 32
544 16144 -96
544 16144 224
496 16144 0
592 16144 176
512 16176 272
480 16208 240
480 16208 320
656 16176 320
704 16192 240
576 16128 128
656 16176 96
656 16224 192
560 16208 176
592 16208 176
384 16176 224
512 16160 384
512 16160 144
512 16176 48
544 16176 48
704 16160 -48
624 16208 -128
592 16208 -80
688 16240 -80
624 16192 -192
624 16208 192
672 16208 192
624 16160 192
528 16176 240
848 16144 192
848 16208 224
592 16208 224
720 16160 0
768 16192 144
704 16144 528
592 16192 416
592 16208 128
608 16208 256
592 16192 256
608 16160 112
640 16144 128
656 16128 400
656 16112 224
720 16112 224
736 16208 -240
784 16064 -64
736 16128 144
720 16208 272
720 16192 16
624 16192 16
624 16176 -48
624 16160 352
736 16208 160
512 16176 176
512 16192 112
576 16192 112
640 16160 176
560 16176 208
464 16192 208
544 16048 112
544 16080 80
464 16080 80
592 16016 176
608 16048 -48
528 16144 160
624 16176 -96
624 16176 96
688 16192 96
592 16160 96
608 16160 352
656 16160 288
688 16176 272
688 16224 416
640 16192 384
688 16208 144
688 16208 192
656 16240 192
512 16176 304
368 16272 192
576 16240 -80
608 16256 64
592 16208 64
688 16176 112
768 16160 32
576 16160 0
576 16176 -32
528 16176 176
672 16224 560
640 16192 240
720 16192 368
784 16160 368
560 16144 336
544 16128 432
592 16224 192
448 16176 80
544 16208 64
592 16224 160
512 16160 256
624 16176 256
768 16192 160
656 16160 224
576 16192 368
544 16176 368
592 16160 80
688 16160 80
688 16272 208
608 16240 176
784 16288 224
656 16256 128
576 16208 256
432 16224 128
528 16192 16
592 16176 224
656 16160 208
656 16192 192
736 16208 336
592 16176 320
592 16208 304
544 16192 -32
656 16208 -160
608 16208 144
656 16224 128
560 16272 32
672 16224 160
672 16192 256
672 16192 384
560 16224 384
560 16176 368
512 16224 192
640 16208 400
544 16208 176
544 16208 224
560 16176 224
576 16144 544
624 16128 208
672 16192 -144
672 16176 0
640 16176 384
608 16160 384
688 16272 208
480 16160 256
624 16192 160
576 16160 288
576 16160 32
640 16208 32
640 16192 176
720 16160 208
672 16176 224
672 16144 320
608 16144 160
464 16080 160
544 16112 288
560 16096 368
544 16080 192
480 16128 128
480 16128 144
656 16080 144
624 16160 64
608 16208 96
480 16160 224
576 16128 448
576 16144 288
672 16144 288
608 16192 288
624 16128 352
592 16160 400
624 16160 240
624 16112 416
656 16112 416
704 16144 544
656 16224 352
544 16240 128
576 16240 176
576 16240 -96
512 16272 -96
528 16240 160
592 16208 256
576 16240 320
640 16240 192
640 16240 16
656 16192 16
608 16240 32
816 16192 128
720 16176 128
720 16176 96
688 16176 128
752 16128 128
608 16160 160
544 16160 32
560 16144 16
560 16192 128
672 16192 416
640 16240 416
640 16224 -208
752 16256 -32
736 16192 192
736 16192 304
688 16192 304
496 16112 -32
656 16096 -16
624 16112 32
624 16160 160
544 16160 80
576 16192 240
560 16128 240
384 16128 320
544 16112 288
736 16128 -16
768 16144 -16
768 16144 -128
704 16208 -128
656 16144 208
688 16128 112
720 16192 -16
720 16192 32
832 16192 128
544 16224 128
576 16224 112
512 16176 -144
432 16144 -32
432 16160 64
272 16160 64
368 16176 128
576 16144 384
496 16160 48
496 16144 192
496 16144 288
400 16192 288
496 16112 192
656 16144 176
704 16160 240
608 16256 192
608 16256 144
592 16224 144
800 16144 0
704 16144 -160
704 16176 176
448 16176 352
528 16192 352
512 16144 352
544 16160 288
672 16144 208
624 16192 160
