startup(x,y,z):(432,16144,-80)
-1760 16144 1520
-1408 16288 2464
-240 16032 3360
-2144 15824 3744
-2320 16000 2912
96 15808 3184
2224 15680 304
-3168 16768 9216
-3168 15520 6144
4432 15584 0
4064 16336 -928
2576 15808 -1072
864 15808 -3568
1184 15584 -3776
-1136 16384 -3072
-1984 16208 -2048
336 16352 -2432
-448 16368 -1584
-256 16368 -2080
48 16224 -1280
528 16288 -1696
864 16112 -688
1088 16384 128
848 16352 784
1008 16272 1472
640 16256 2176
160 16144 2208
64 16160 1936
32 16176 1424
224 16176 1200
336 16208 912
752 16320 560
736 16352 -160
336 16288 -400
336 16128 -992
320 16176 -1168
176 16256 -784
336 16256 -688
320 16224 -448
432 16192 -176
592 16160 -240
448 16144 -272
448 16224 -48
416 16224 288
384 16208 528
352 16288 528
192 16256 752
336 16160 656
592 16192 496
592 16208 336
592 16240 224
640 16208 48
432 16144 -224
384 16192 -288
304 16192 -336
368 16288 -272
384 16288 -32
400 16192 64
496 16192 96
560 16240 208
256 16272 256
336 16192 160
416 16192 160
512 16176 160
544 16176 96
400 16112 -96
672 16160 -256
560 16256 -336
464 16224 -368
464 16240 -448
384 16160 -224
576 16096 96
448 16128 224
336 16192 304
464 16144 368
448 16160 208
416 16176 256
384 16224 432
432 16160 128
464 16160 128
288 16128 48
208 16208 -16
304 16176 -16
400 16176 -64
384 16240 96
528 16192 80
480 16240 80
432 16256 -48
480 16272 -48
448 16240 352
464 16208 272
480 16240 224
448 16096 192
592 16096 112
528 16176 432
464 16208 336
448 16192 240
464 16176 112
416 16192 80
400 16192 64
464 16080 -208
240 16160 -192
272 16192 -272
304 16192 -416
448 16272 -272
352 16240 -288
368 16256 -96
560 16304 -112
496 16304 -80
320 16240 128
336 16240 224
384 16240 144
448 16208 128
480 16192 144
496 16160 32
496 16128 240
464 16240 80
528 16240 -32
592 16208 -208
400 16192 48
416 16176 -16
384 16240 -32
512 16192 0
304 16144 0
496 16144 -96
496 16192 288
528 16144 80
480 16192 176
448 16320 176
384 16208 96
448 16160 272
432 16064 48
480 16128 112
448 16192 176
560 16208 -16
480 16224 208
480 16112 80
352 16288 -128
688 16240 -272
1264 16416 -864
1744 16256 -2048
1936 16112 -1920
16 16064 672
608 16000 336
768 16224 480
304 16240 864
288 16288 800
544 16272 -208
880 16352 -208
272 16336 176
144 16304 624
432 16224 768
544 16176 -16
368 16208 -400
352 16240 -688
368 16240 -592
528 16240 -624
416 16240 -208
320 16208 112
176 16224 208
224 16192 528
560 16160 464
496 16208 48
368 16240 288
240 16208 576
176 16256 368
480 16288 256
480 16272 96
432 16304 -176
368 16336 -240
384 16256 -288
560 16176 -256
464 16272 -80
368 16144 112
400 16080 336
544 16208 192
544 16208 96
320 16192 256
272 16144 272
480 16176 288
560 16256 272
560 16224 -224
448 16176 -144
448 16176 -128
512 16160 -192
432 16192 160
416 16160 208
368 16176 288
480 16224 192
384 16240 -64
368 16112 -96
288 16128 112
208 16176 272
400 16176 176
464 16160 192
432 16176 48
432 16288 -336
288 16224 0
448 16224 -48
384 16224 -192
384 16240 -48
432 16256 0
592 16192 -192
560 16176 64
528 16176 256
352 16224 432
416 16144 464
480 16192 544
496 16208 160
384 16224 -320
416 16160 -288
304 16192 -112
432 16144 -64
336 16208 176
304 16176 416
352 16240 272
464 16256 -320
656 16304 -256
496 16224 -256
544 16288 16
352 16272 176
336 16288 416
400 16256 80
432 16144 -80
448 16176 -32
368 16144 32
256 16192 48
320 16176 144
368 16272 208
480 16240 -176
544 16192 -112
624 16160 48
464 16256 32
384 16256 0
448 16224 112
416 16224 160
288 16272 144
480 16272 160
336 16192 -64
480 16288 -160
400 16224 0
352 16192 128
512 16160 112
512 16176 -16
560 16256 96
464 16272 32
528 16240 128
464 16240 256
432 16240 176
448 16208 208
352 16304 160
400 16144 -128
352 16224 -96
288 16224 0
320 16224 16
400 16256 64
