startup(x,y,z):(400,16176,-96)
3008 14768 -2544
768 16720 432
-448 16320 1168
-944 15872 416
-272 15648 416
240 15904 -512
800 16688 64
336 16704 528
288 16416 464
336 16144 432
336 15936 -80
656 16128 -448
880 16416 -592
1120 16432 -672
944 16240 -48
608 16160 80
448 16112 0
432 16192 16
336 16272 -160
512 16416 16
272 16272 -16
368 16224 -16
448 16288 -224
400 16320 176
400 16384 -144
256 16160 320
256 16304 416
1056 17056 96
512 16128 416
1040 16816 -32
1808 16048 -2176
1152 16512 -2160
-3664 16800 3472
-2224 17360 832
320 16448 -112
224 16112 32
-64 16064 1024
-144 15984 1232
544 16032 1088
624 16080 944
1040 16128 1344
736 16144 1296
448 16112 768
272 16064 288
160 16160 48
1552 16560 -912
1248 16608 -320
1392 16464 -752
1184 16432 -864
1072 16176 -1664
928 16128 -1376
336 16208 -1360
320 16240 -1424
176 16224 336
112 16160 320
432 16192 480
320 16144 720
320 16160 1008
656 16112 864
736 16192 1056
496 16176 1152
432 16176 848
288 16304 512
320 16240 192
304 16256 -16
320 16160 -352
384 16336 -528
368 16176 -576
496 16224 -592
592 16240 -496
496 16176 -320
448 16128 -176
496 16160 -176
496 16176 544
560 16208 704
416 16208 608
544 16272 464
496 16272 400
464 16240 496
416 16240 224
272 16336 48
544 16240 -96
528 16240 -112
480 16288 96
528 16256 -112
528 16224 -96
480 16176 48
416 16160 64
448 16288 96
464 16320 -16
560 16272 64
544 16288 64
448 16224 128
512 16144 288
448 16208 448
480 16224 16
448 16224 -48
416 16208 -64
464 16192 -304
416 16224 -144
384 16160 160
320 16240 -32
416 16160 32
336 16144 -48
352 16160 64
384 16176 368
400 16208 352
464 16176 416
464 16192 272
448 16208 240
352 16128 96
400 16192 224
512 16240 560
464 16256 304
480 16240 96
432 16288 112
320 16192 16
400 16128 64
432 16192 -48
272 16176 -304
336 16288 -16
256 16256 160
320 16272 96
448 16272 144
512 16240 304
416 16192 336
432 16128 224
464 16160 96
432 16240 96
352 16224 112
288 16192 32
416 16176 -176
448 16128 144
496 16144 208
480 16160 208
336 16128 144
432 16160 144
400 16128 144
384 16192 224
416 16128 64
512 16176 224
448 16176 192
432 16208 32
320 16224 -64
304 16240 -48
432 16336 -112
560 16304 16
480 16304 32
464 16288 64
432 16256 96
352 16224 16
272 16176 256
272 16192 0
336 16208 96
320 16144 -48
432 16112 96
576 16208 176
288 16208 224
480 16304 224
672 16304 320
576 16320 -48
544 16240 -48
448 16128 -96
496 16096 -112
496 16192 48
688 16208 -288
576 16256 192
496 16128 -336
1520 16016 -2688
672 16240 -1024
-512 16384 640
800 16320 -128
496 16080 608
240 16080 960
352 16048 544
656 16240 -304
880 16160 -432
416 16144 272
48 16192 816
432 16176 656
560 16064 -128
592 16160 -752
544 16160 -448
480 16256 -528
272 16208 -432
224 16288 160
176 16336 800
336 16240 800
736 16176 176
576 16320 48
416 16160 384
320 16240 496
368 16240 496
448 16176 112
400 16224 -272
544 16304 -400
560 16192 -512
272 16240 -336
576 16224 32
560 16144 336
608 16112 336
528 16256 176
528 16160 288
544 16240 432
512 16224 368
432 16240 400
368 16240 336
368 16240 256
448 16240 224
480 16240 -144
432 16256 -32
544 16224 -80
448 16256 256
384 16304 240
288 16240 368
288 16240 256
272 16160 432
320 16240 112
432 16208 112
384 16256 112
368 16208 224
464 16160 160
560 16144 -96
448 16144 -144
464 16128 176
448 16128 -32
464 16144 32
448 16192 80
368 16144 176
384 16160 176
560 16192 256
480 16176 224
400 16176 256
272 16208 64
512 16240 -160
400 16224 -80
560 16224 -32
400 16208 144
576 16176 96
448 16240 96
464 16208 32
448 16224 48
384 16176 176
432 16192 16
464 16176 176
496 16128 48
496 16096 272
480 16096 320
304 16256 32
432 16256 -32
432 16288 -32
560 16192 160
480 16192 48
288 16112 48
336 16176 128
336 16176 32
