startup(x,y,z):(592,16272,144)
240 16128 2032
-208 15904 2080
64 16080 1856
-16 16272 2560
-656 16256 2880
-192 16048 2336
672 16032 1456
720 16064 1152
432 16080 1488
384 16080 1712
352 16064 1296
1184 16128 -1296
2640 16080 -2400
2592 16048 -3008
2528 16000 -3408
2288 16048 -3760
1616 16096 -4160
976 16176 -4048
544 16352 -3488
-272 16400 -2672
-496 16352 -1792
-224 16304 -1344
144 16272 -896
768 16256 -1248
1296 16096 -1248
2192 16096 -1376
2480 15984 -1744
2832 16000 -2272
3152 16000 -2848
2576 16096 -3344
2368 16304 -2992
2640 16432 -2112
-784 16544 -992
-3424 16512 560
-4432 16656 2416
-4384 16128 5792
-2240 16064 4704
-736 16160 3856
144 15792 2768
80 16384 1824
1344 16320 2272
-400 16784 8800
1936 16032 3600
1888 16288 3088
416 15952 3296
2064 16096 896
2576 16128 -1136
1360 16304 -1856
192 16320 -1792
-432 16272 -1568
-816 16384 -2000
-560 16144 -2096
-224 16400 -2752
368 16384 -2768
576 16208 -2208
1008 16208 -1504
928 16272 -400
704 16272 480
720 16336 992
496 16208 1296
416 16208 1472
272 16224 1520
384 16208 1616
432 16192 1632
304 16160 1536
416 16176 1216
448 16096 560
608 16240 -672
544 16256 -896
432 16272 -640
352 16160 -576
144 16128 -624
288 16176 -752
448 16320 -736
432 16256 -592
656 16208 -160
736 16192 208
592 16224 544
560 16160 784
448 16192 896
464 16192 864
480 16192 672
432 16192 400
416 16096 16
432 16096 -224
560 16112 -176
544 16112 -544
512 16128 -704
576 16144 -608
512 16144 -240
368 16176 -112
320 16208 -112
336 16096 288
432 16096 480
432 16128 624
480 16144 736
496 16176 992
464 16160 752
480 16176 496
528 16176 608
448 16256 352
384 16240 112
256 16128 -336
496 16128 -480
544 16208 -688
384 16240 -288
464 16240 -592
416 16208 -400
544 16208 -320
560 16224 -144
496 16192 208
416 16144 464
304 16224 288
320 16176 320
352 16208 448
352 16224 416
352 16176 336
368 16192 208
416 16224 0
416 16208 -64
416 16272 -160
448 16288 -336
416 16144 -320
416 16240 -160
576 16208 144
480 16208 400
352 16320 512
400 16208 592
448 16192 336
416 16176 272
448 16176 80
448 16208 48
400 16128 48
352 16128 -400
464 16240 -336
512 16192 -32
464 16176 -80
320 16176 64
336 16224 64
448 16256 112
480 16240 240
576 16256 352
496 16192 304
448 16224 128
480 16176 80
496 16144 96
448 16208 -48
512 16224 0
496 16176 -16
384 16192 64
304 16224 64
384 16208 0
528 16176 -144
336 16352 -144
368 16272 0
432 16272 208
464 16240 192
416 16288 208
336 16288 112
400 16240 160
352 16128 160
384 16128 128
528 16240 32
496 16304 192
448 16256 272
480 16272 176
448 16224 80
400 16240 128
448 16208 288
464 16160 64
384 16176 272
336 16176 176
448 16192 160
416 16224 32
480 16192 416
560 16224 128
544 16240 -48
560 16144 176
512 16208 -128
432 16208 176
352 16176 192
432 16192 -32
608 16224 64
544 16144 272
416 16176 256
416 16224 176
464 16224 336
576 16240 272
496 16224 192
544 16272 -80
448 16256 384
304 16256 256
400 16224 224
432 16160 160
224 16208 208
400 16240 128
448 16256 240
400 16256 192
480 16288 -16
448 16288 0
432 16208 16
352 16256 128
480 16208 96
432 16176 32
592 16208 16
368 16192 160
448 16224 336
432 16256 64
432 16208 272
496 16240 272
416 16240 400
496 16288 384
544 16240 128
496 16240 192
384 16144 288
384 16208 -16
480 16192 -48
480 16208 -64
448 16208 144
384 16208 256
448 16176 48
496 16160 16
496 16224 208
464 16240 64
496 16224 64
448 16208 368
528 16240 160
528 16336 16
448 16272 192
400 16256 96
416 16240 -128
448 16368 -112
464 16272 64
448 16288 64
400 16192 80
432 16192 32
384 16224 192
304 16240 208
416 16224 32
432 16192 112
448 16192 32
544 16224 256
544 16208 336
528 16192 304
528 16144 192
624 16192 96
368 16144 144
336 16176 112
496 16160 144
480 16224 80
432 16208 272
560 16272 240
608 16272 -48
384 16256 64
416 16224 112
336 16160 192
