startup(x,y,z):(640,16224,64)
-272 15840 1792
-2160 16448 4304
-2000 16288 4928
-1616 16176 4480
-880 16368 3600
-400 16288 3712
272 16336 1872
1856 16336 -160
3568 16256 -1856
4112 15936 -2944
4432 15968 -4016
3776 16032 -4752
2784 15984 -6304
1824 15968 -6400
336 16192 -6144
-224 16240 -5312
-944 16352 -4624
-1344 16288 -2928
-1056 16464 -2208
-544 16416 -1968
432 16336 -1520
640 16320 -928
480 16272 -32
576 16192 832
688 16272 1344
688 16192 1888
1040 16368 2800
800 16384 2960
688 16384 3264
304 16288 3312
-192 16208 3136
-304 16144 2720
-336 16192 1920
-208 16160 1920
0 16240 992
96 16176 576
208 16208 256
336 16224 -128
416 16288 -480
448 16128 -672
576 16128 -864
528 16208 -880
576 16256 -1008
624 16272 -960
592 16208 -752
384 16256 -224
208 16208 -96
320 16240 -16
272 16160 288
480 16160 608
464 16176 816
416 16224 992
384 16192 1088
448 16208 720
432 16192 432
400 16256 304
400 16208 96
256 16256 -192
400 16192 -400
384 16240 -544
416 16192 -592
416 16192 -544
448 16160 -144
480 16080 128
432 16128 240
528 16176 320
464 16176 144
352 16192 336
304 16160 368
384 16176 352
304 16128 48
320 16208 32
368 16192 -16
464 16224 -176
448 16192 -192
432 16160 -176
512 16144 -112
512 16192 -256
384 16144 80
416 16176 -16
288 16208 112
288 16208 176
272 16176 224
400 16160 32
448 16128 64
512 16256 0
464 16256 80
496 16256 128
464 16256 -128
496 16224 -272
352 16144 -64
448 16192 80
464 16160 0
416 16240 -144
400 16272 -32
368 16224 -112
416 16192 0
528 16208 336
512 16192 144
464 16176 80
464 16208 256
400 16176 0
544 16144 0
480 16176 32
336 16176 -112
400 16208 -144
560 16176 -144
544 16224 -16
464 16240 -16
416 16160 -80
448 16128 -16
384 16224 -16
320 16304 48
272 16256 208
352 16224 176
368 16224 192
288 16288 384
256 16224 256
208 16320 400
448 16320 272
384 16256 208
400 16224 80
320 16224 -48
352 16208 -224
352 16288 -112
352 16224 32
384 16256 48
400 16240 48
464 16224 0
416 16224 -256
384 16208 -192
400 16176 16
400 16192 -96
432 16128 -144
368 16176 -48
384 16192 -16
368 16272 -128
384 16272 32
384 16160 80
480 16272 96
448 16208 0
512 16240 -96
496 16256 48
464 16176 64
400 16208 144
544 16144 256
304 16176 160
368 16144 96
400 16128 208
448 16176 176
448 16176 176
512 16112 16
400 16176 64
320 16304 112
384 16272 112
384 16176 80
496 16208 160
560 16208 96
496 16128 -64
464 16144 16
480 16208 32
480 16208 176
400 16160 48
384 16128 -32
416 16192 240
256 16112 80
288 16160 48
416 16128 64
432 16224 176
416 16240 208
352 16240 -208
368 16176 32
544 16192 144
512 16224 144
416 16192 160
512 16192 160
624 16192 160
464 16256 80
448 16224 -32
432 16240 80
464 16256 48
480 16240 272
480 16240 128
480 16208 48
528 16240 336
464 16224 448
432 16208 352
416 16208 272
384 16288 16
432 16288 -160
400 16240 -64
480 16288 -112
432 16336 -128
496 16304 128
432 16272 48
480 16224 32
416 16208 64
352 16240 48
320 16160 224
448 16208 208
400 16208 192
416 16192 -16
464 16160 -80
480 16208 -48
560 16208 -208
544 16240 -32
432 16288 48
528 16208 240
384 15904 288
432 16144 144
432 16128 -112
384 16128 64
368 16160 -80
432 16208 -32
416 16224 -48
368 16176 -96
480 16144 -112
464 16160 16
352 16208 -16
400 16192 32
336 16208 208
368 16208 240
368 16224 240
368 16224 144
528 16160 80
512 16192 -32
608 16192 -48
400 16192 64
384 16208 48
384 16208 80
336 16240 224
416 16192 192
432 16208 112
448 16224 96
464 16160 48
432 16240 304
496 16240 224
416 16272 112
400 16272 80
416 16288 -80
416 16192 32
432 16192 208
592 16224 -32
576 16224 160
352 16256 -80
256 16224 -112
336 16224 -256
416 16240 -80
432 16272 0
448 16288 48
592 16240 256
528 16208 160
368 16224 112
464 16256 224
432 16208 480
448 16240 240
