startup(x,y,z):(160,16208,368)
192 16448 1520
224 16624 2128
608 17008 2944
624 16848 3008
320 16496 2272
320 16272 1600
272 15920 592
272 15936 224
16 15936 -272
-192 16000 -272
-224 15968 -368
-304 15968 -272
-112 15936 -128
96 16032 -176
80 16032 400
192 16096 400
32 16112 752
160 16112 752
224 16080 912
96 16112 1264
192 16176 1232
192 16176 1120
-96 16176 1120
16 16144 1168
32 16176 1232
160 16144 1168
160 16144 864
160 16256 672
240 16272 768
240 16272 1040
16 16224 1040
144 16192 1184
208 16144 1152
160 16176 1168
160 16176 1024
208 16176 1104
176 16160 1104
144 16208 992
48 16192 640
176 16240 848
144 16240 768
96 16176 704
160 16192 976
160 16192 1088
208 16192 1088
240 16160 880
224 16064 720
128 16176 800
32 16224 816
32 16224 1072
96 16320 1072
144 16176 944
192 16176 1056
240 16176 1056
240 16128 944
224 16144 896
16 16224 784
112 16176 816
208 16224 912
208 16192 832
128 16192 960
32 16128 960
16 16192 1008
160 16320 1552
48 16336 1744
48 16352 1200
32 16256 1024
32 16080 816
80 16080 816
160 15936 640
208 15968 352
352 16016 608
256 16064 800
256 16128 992
176 16304 1392
176 16400 1584
128 16400 1584
336 16368 1472
176 16528 1424
224 16544 1552
224 16448 1408
112 16448 1408
208 16288 1088
176 16032 816
96 15984 416
112 15920 416
16 15840 352
240 16016 752
240 16128 960
240 16320 1120
160 16320 1120
160 16208 800
192 16160 1184
272 16192 976
256 16096 944
256 16144 1024
80 16144 1104
176 16256 1104
96 16240 1120
128 16224 1120
160 16128 1456
144 16080 1312
144 16096 1152
144 16096 1312
48 16160 1312
96 16160 1104
48 16160 1104
112 16192 1024
96 16176 1008
160 16224 1056
176 16144 1248
224 16144 1216
224 16128 1264
304 16128 976
272 16160 976
256 16096 928
128 16112 1200
112 16160 1232
96 16192 992
96 16192 1152
176 16256 1152
0 16400 1264
112 16192 1168
224 16048 592
144 15904 400
208 16096 752
208 16080 672
144 16080 752
144 16176 752
208 16192 880
224 16128 1040
272 16080 1184
256 16128 1104
256 16176 896
224 16176 976
16 16240 976
176 16256 1152
160 16176 976
160 16128 1056
160 16176 1168
224 16176 880
288 16160 880
272 16176 1088
192 16240 1120
192 16208 1200
176 16128 1152
256 16128 944
256 16192 976
176 16192 976
256 16160 1008
192 16096 1056
176 16400 1600
144 16368 1728
80 16176 1328
80 16016 1024
160 16016 704
304 15920 848
224 15920 848
112 16112 960
128 16112 1120
48 16144 1008
48 16176 1200
128 16176 1200
160 16304 1200
176 16240 880
-16 16256 1040
64 16256 1200
176 16160 1168
144 16144 1168
144 16096 1184
256 16096 1504
96 16160 1504
176 16016 1232
96 16144 1072
96 16192 1120
160 16192 1152
240 16192 1152
208 16144 1264
64 16160 1312
176 16096 1280
208 16064 992
176 16224 944
208 16160 1104
208 16160 1072
208 16128 1072
208 16096 1088
-32 16176 864
-64 16064 944
32 16144 1008
32 16144 944
144 16176 944
160 16240 992
128 16176 992
112 16192 1072
80 16160 960
80 16256 864
80 16224 960
128 16224 912
336 16160 1024
256 16160 1232
336 16208 1232
304 16176 1072
176 16208 1232
192 16128 1248
176 16128 1328
224 16128 1264
224 16128 1344
240 16096 1344
192 16176 1136
-16 16160 1280
176 16112 1136
208 16144 1136
208 16096 1152
144 16096 1152
144 16192 1136
400 16176 1232
272 16160 1184
160 16400 1536
16 16528 1792
16 16368 1504
160 16368 1504
384 16304 1520
224 16448 1616
80 16320 1216
176 16240 1024
176 16272 1072
160 16272 1088
240 16384 1392
176 16448 1392
160 16464 1472
144 16576 1184
192 16656 1072
192 16448 1376
224 16448 1376
208 16304 960
80 16416 848
-32 16832 944
160 16656 832
336 16864 1008
32 16288 1536
80 16144 1088
80 16144 944
112 16400 944
32 16416 1088
208 16160 1232
240 15760 768
304 15648 768
288 15648 864
192 15424 1136
320 15264 992
208 15424 992
320 15648 1136
560 15728 1280
432 15840 1296
256 15744 1344
256 15744 1360
48 15648 1360
48 15760 1200
32 15920 1248
144 15936 1504
80 15888 1424
-32 15888 1312
96 16144 1344
96 16144 1488
96 16288 1488
160 16464 1520
176 16528 1456
288 16512 1392
320 16512 1344
320 16512 1296
352 16368 1296
192 16256 1232
32 16208 1344
128 16208 1248
192 16192 880
272 16096 1136
272 16096 1216
240 16096 1232
320 16160 1232
160 16240 1328
16 16288 1440
80 16240 1488
80 16224 1632
224 16224 2240
64 16080 1888
64 16336 1680
16 16208 1680
208 16336 1600
208 16256 1536
224 16240 1712
224 16288 1424
64 16288 1200
64 16256 1200
144 16240 1248
208 16272 1168
176 16288 1056
176 16208 1040
176 16208 1040
-16 16128 1040
80 16032 1088
96 16080 1088
112 16032 1184
112 16016 1376
192 16016 1376
272 16064 1712
224 16144 1648
272 16112 1584
272 16176 1456
160 16176 1344
144 16144 1344
0 16176 1056
192 16144 1232
256 16048 1584
256 16144 1680
368 16144 1488
240 16272 1488
256 16304 1216
320 16240 1168
256 16144 1184
256 16128 1072
192 16128 1072
176 16192 1136
176 16160 1088
80 16224 1184
288 16160 1184
288 16160 1296
272 16144 1296
240 16192 1216
208 16176 1056
224 16160 1296
224 16112 1728
240 16112 1728
192 16112 1680
112 16112 1296
64 16080 1232
160 16224 1280
160 16256 1152
192 16256 1152
192 16224 1232
112 16192 832
32 16144 1088
208 16240 1072
208 16288 1024
448 16288 1344
336 16432 1344
240 16464 1296
224 16432 1296
224 16304 1264
224 16176 1616
304 16176 1536
304 16176 1536
272 16176 1456
288 16032 1504
224 16000 1344
224 16128 1088
48 16128 1088
48 16272 1328
80 16272 1424
160 16144 1200
128 16000 1280
128 15808 1216
320 15808 1216
304 15904 896
288 15840 816
176 15984 800
176 15952 992
272 15952 1184
208 15920 1184
288 16032 1088
192 16192 1104
224 16112 1136
224 16112 1344
368 16112 1344
448 16112 1360
384 16112 1536
192 16224 1360
192 16192 1424
192 16192 912
160 16224 976
112 16224 928
48 16208 1104
32 16224 1312
32 16208 1424
80 16208 1424
336 16128 1312
176 16160 1264
-32 16112 1232
80 16128 1152
80 16144 1280
96 16176 1072
0 16176 832
256 16128 832
480 16144 944
208 16192 1200
192 16176 1056
128 16240 1008
144 16144 1056
144 16144 1136
240 16208 1136
192 16288 1168
208 16192 1392
192 16208 1232
160 16144 1312
160 16144 1344
96 16112 1344
240 16224 1328
272 16160 1328
416 16368 1328
416 16288 1392
240 16336 1088
240 16432 1360
192 16432 1360
96 16288 1504
48 16240 1280
96 16288 1088
64 16016 1184
64 16096 992
208 16128 1040
272 16048 960
160 16048 736
64 15984 736
112 15968 960
192 16016 656
192 16064 800
96 16064 768
160 16208 768
352 16064 1248
320 16112 1264
240 16112 1264
112 16208 1168
96 16240 1152
128 16224 944
128 16224 976
368 16096 976
528 16032 832
512 15984 1168
288 16064 1216
128 16080 1056
96 16064 1104
96 16144 1120
272 16144 1152
272 16192 960
256 16096 960
144 16176 944
80 16240 1008
96 16192 960
96 16096 896
144 16096 896
208 16160 1136
208 16128 1168
320 16176 928
288 16192 1024
208 16128 1152
144 16160 1056
144 16208 1072
368 16208 1072
208 16256 672
176 16160 912
304 16128 704
304 16096 896
208 16096 960
288 16096 960
272 16112 944
208 16160 976
112 16240 1136
0 16192 1008
208 16096 1424
208 16112 1456
240 16112 1296
272 16192 1296
176 16240 1104
272 16160 1088
144 16192 720
144 16192 1040
160 16192 1104
80 16144 1104
48 16176 1120
224 16176 1152
192 16176 1072
144 16112 1296
240 16128 1200
240 16128 992
272 16064 992
192 16128 1040
144 16160 1040
160 16192 944
192 16240 976
288 16224 720
224 16192 944
432 16256 1088
480 16160 848
480 16160 880
336 16208 880
304 16256 1072
224 16240 1152
464 16224 800
416 16400 544
416 16400 560
160 16112 576
80 16112 656
48 16240 656
192 16192 928
288 16160 1184
272 16208 992
272 16192 1088
224 16192 1168
288 16208 1168
224 16144 1168
160 16192 1200
96 16128 1344
96 16080 1264
112 16112 1328
