startup(x,y,z):(176,16208,320)
-736 19456 3760
1184 15440 4592
-2112 9504 3248
-3760 9808 944
-1984 13152 -160
-1984 16288 352
-496 17232 1712
256 17168 2320
928 17312 1664
2192 18832 2144
2192 19456 2080
1200 19456 -1184
-2000 29344 -1200
-3280 20368 8448
-3136 24864 13456
-3408 24752 5952
-3328 28704 256
-3328 26496 464
-1728 21168 3408
304 21168 5008
2048 16656 5008
2240 14336 4640
1696 14320 2432
1856 15360 -992
2352 16048 -3968
3216 15136 -5744
4240 10048 -6112
4192 8144 -6128
3424 7536 -5888
3392 7904 -5504
2256 7904 -5504
560 8784 -4960
-1184 9632 -3856
-2928 10368 -2640
-4096 10944 -1600
-4608 11264 -1040
-4928 11936 -736
-5184 12672 -512
-5184 13152 -400
-5184 13408 -320
-5200 13408 -320
-4864 13440 32
-4432 13264 -16
-4064 12912 -416
-4144 12624 -416
-4288 12352 -832
-4720 12144 -1216
-4784 12176 -1408
-4752 12368 -1872
-4896 12448 -2000
-4896 12448 -1616
-5152 12096 -1616
-5536 11632 -1200
-5952 11424 -784
-6368 11584 -576
-6960 11888 -800
-7808 12016 -1072
-8720 11728 -816
-9584 11040 -864
-10144 10208 -768
-10672 9600 -624
-10672 9600 -672
-10880 8976 -432
-11328 8576 -432
-10960 8144 -480
-10480 8416 -912
-10832 9392 -1920
-11216 10048 -2112
-11680 9984 -1744
-12576 10192 -1616
-12576 10048 -1616
-13952 10048 -1264
-15104 9344 -1264
-16336 8256 -864
-17328 6928 -224
-17680 5696 384
-17776 5008 704
-17776 4464 832
-17680 4464 -112
-17184 3264 -640
-16480 2528 -1232
-15680 2528 4016
-16656 2224 4016
-15424 3312 2640
-16144 3984 -2576
-16896 5248 -7872
-16304 3488 -512
-16304 3488 12000
-22864 1952 12000
-16800 912 -1056
-14800 -432 -1296
-13088 -1328 -528
-14272 -1008 -528
-15632 -1488 544
-16544 -1120 1072
-15472 -2160 -560
-15472 -3008 -304
-15632 -3008 -960
-14928 -3312 -960
-14304 -3744 -1648
-14544 -3680 -1792
-15072 -3728 -1920
-14576 -4416 -2064
-15648 -4176 1808
-13184 -3264 -5824
-13824 -1568 -5552
-13824 -384 -3888
-14928 -384 -5856
-12960 -368 -5856
-14384 -528 -2064
-11456 -1056 -8160
-11856 -3248 -7584
-11792 -5456 -7264
-11968 -6912 -6848
-8560 -6368 -11888
-9840 -4992 -11088
-9744 -4992 -5904
-15968 -3280 -5904
-16944 -4768 -4800
-13136 -4624 -8592
-12784 -4176 -8224
-12784 -5312 -8208
-13008 -5312 -10624
-11328 -5088 -10624
-12688 -5360 -8768
-12432 -5168 -8080
-13616 -4224 -8080
-14480 -5120 -6928
-13280 -4624 -7360
-14160 -5184 -7024
-14160 -5216 -7792
-13440 -5152 -7552
-14000 -5152 -7552
-14176 -5312 -7360
-13568 -5216 -7760
-13568 -5056 -7584
-13424 -5536 -7616
-13232 -4624 -7488
-13264 -5312 -7424
-12928 -5136 -7424
-12832 -5136 -7424
-12752 -5536 -7376
-12512 -5248 -7296
-12848 -5536 -7248
-12704 -4816 -7216
-12704 -5088 -7120
-12768 -5088 -7264
-12624 -4880 -7360
-12624 -5168 -7104
-12640 -5168 -7040
-12656 -5024 -7040
-12560 -4864 -7040
-12640 -5056 -6832
-12544 -4880 -6688
-12544 -4960 -6704
-12544 -4960 -6608
-12576 -5120 -6608
-12416 -5008 -6640
-12512 -5056 -7184
-12656 -4960 -7120
-12560 -4928 -6896
-12640 -4704 -6992
-12528 -4752 -6928
-12528 -4832 -6848
-12400 -4832 -6976
-12240 -5200 -6976
-12416 -5280 -6928
-12400 -5168 -7168
-12512 -5024 -7040
-12768 -4880 -7120
-12624 -4816 -7088
-12592 -4784 -7120
-12592 -4864 -7136
-12608 -4864 -7136
-12480 -5136 -7008
-12464 -5328 -7120
-12384 -5248 -7264
-12576 -5232 -7280
-12576 -5104 -7488
-12592 -5104 -7488
-12512 -5072 -7456
-12544 -5072 -7456
-12656 -5056 -7328
-12608 -5040 -7328
-12656 -5088 -7248
-12512 -5200 -7328
-12464 -5088 -7584
-12384 -5024 -7472
-12384 -4960 -7456
-12416 -4960 -7456
-12224 -5008 -7488
-12288 -4896 -7536
-12336 -4992 -7136
-12416 -5184 -7104
-12288 -5248 -7232
-12400 -5184 -7136
-12416 -5120 -6960
-12544 -5056 -7024
-12352 -5024 -7120
-12352 -5024 -7120
-12352 -4992 -7184
-12400 -4992 -6928
-12384 -5072 -7120
-12464 -5072 -7248
-12496 -5040 -7408
-12368 -5056 -7392
-12224 -5056 -7392
-12160 -5056 -7456
-12272 -5040 -7264
-12288 -5008 -7296
-12400 -4960 -7232
-12400 -5040 -7168
-12544 -5040 -7216
-12416 -5056 -7216
-12400 -5104 -7568
-12336 -4944 -7568
-12496 -4912 -7584
-12320 -4912 -7328
-12320 -4880 -7328
-12240 -4960 -7440
-12240 -5024 -7504
-12352 -5056 -7232
-12352 -4992 -7360
-12288 -4992 -7216
-12224 -5056 -7216
-12224 -4992 -7280
-12208 -4960 -7216
-12272 -4992 -7312
-12272 -4992 -7376
-12224 -4992 -7376
-12208 -4992 -7280
-12304 -5088 -7136
-12304 -5120 -7072
-12048 -5024 -7456
-12288 -5024 -7616
-12256 -5008 -7616
-12272 -5072 -7536
-12240 -5040 -7488
-12032 -4992 -7568
-12208 -5008 -7520
-12288 -5024 -7616
-12272 -4992 -7424
-12272 -4960 -7600
-12192 -4960 -7552
-12192 -5040 -7568
-12240 -5008 -7504
-12096 -5104 -7520
-12096 -5120 -7552
-12272 -5184 -7664
-12304 -5136 -7680
-12192 -5136 -7776
-12256 -4976 -7776
-12240 -4880 -7776
-12160 -4928 -7728
-12096 -5056 -7696
-12144 -5120 -7680
-12144 -5088 -7568
-12144 -5088 -7536
-12192 -5024 -7536
-12176 -5040 -7504
-12096 -4992 -7728
-12192 -5024 -7856
-11968 -4944 -7888
-11968 -4944 -7920
-12048 -4928 -7920
-12288 -4976 -7904
-12256 -5072 -7744
-12240 -5024 -7744
-12208 -5040 -7488
-12208 -5056 -7488
-12288 -5056 -7280
-12160 -4992 -7280
-12160 -4960 -7536
-12256 -5056 -7488
-12016 -5040 -7504
-12096 -4992 -7328
-12096 -5072 -7472
-12112 -5056 -7600
-11904 -5056 -7520
-12064 -5136 -7520
-12016 -5104 -7680
-12096 -5152 -7680
-12176 -5152 -7616
-12240 -5184 -7680
-12016 -5232 -7760
-12144 -5136 -7728
-12192 -5088 -7776
-12192 -5088 -7840
-12176 -5104 -7856
-12208 -5072 -7840
-12064 -5088 -7952
-12048 -5008 -8016
-12048 -5008 -7936
-11904 -5008 -7904
-12000 -5088 -7904
-11984 -5104 -7856
-12032 -5120 -7712
-12096 -5104 -7728
-12016 -5104 -7648
-11936 -5008 -7776
-12096 -5008 -7712
-11920 -5040 -7712
-12096 -5120 -7760
-12176 -5056 -7680
-12128 -5136 -7808
-12128 -5120 -7872
-12016 -5120 -7872
-11968 -5056 -7808
-12016 -4992 -7904
-12016 -5024 -7920
-11872 -5056 -7824
-11872 -5152 -7856
-11936 -5152 -7856
-12048 -5104 -7808
-11808 -5088 -7856
-11888 -5056 -7856
-11984 -4944 -7728
-11984 -5008 -7552
-11904 -5008 -7776
-11856 -4976 -7728
-11920 -5024 -7600
-12016 -5056 -7536
-12016 -5136 -7776
-11920 -5184 -7584
-12096 -5136 -7632
-11984 -5040 -7664
-12080 -4992 -7648
-12080 -4944 -7840
-12048 -4944 -7840
-12096 -4880 -7664
-12144 -5168 -7776
-11920 -5456 -7984
-12112 -5392 -7968
-12112 -5232 -8272
-12080 -5232 -8224
-12064 -5056 -8224
-12032 -5136 -8448
-12192 -5056 -8192
-12240 -5136 -8208
-12192 -5072 -8144
-12064 -5072 -8112
-12208 -5104 -8048
-12032 -5184 -8192
-12112 -5024 -8208
-12192 -5072 -7888
-11888 -5008 -7808
-11888 -5008 -7824
-11808 -5120 -7968
-11888 -5120 -7968
-11968 -5056 -7904
-11952 -5008 -8080
-11952 -5056 -8048
-11888 -5056 -7920
-11952 -5024 -8080
-11936 -5072 -8080
-12032 -5104 -8128
-11968 -4976 -7744
-11904 -5008 -7792
-11904 -5040 -7952
-11952 -5040 -7952
-11952 -5120 -8176
-11936 -5088 -8128
-11968 -5040 -7872
-11856 -5008 -7856
-11856 -5072 -7952
-12000 -5072 -7952
-11936 -5104 -8192
-11936 -5072 -7968
-11984 -5088 -8192
-11856 -5120 -8000
-11920 -5056 -7792
-11904 -5056 -7920
-11904 -5024 -7904
-11904 -5088 -7936
-11920 -5088 -7904
-11920 -5024 -7744
-11856 -5024 -7968
-11856 -5008 -7968
-12016 -5088 -8016
-11856 -5088 -8016
-11904 -5072 -8064
-11920 -5072 -8128
-11936 -5056 -8160
-11920 -5088 -8320
-11968 -5072 -8112
-11904 -5072 -8112
-11952 -5040 -8112
-12016 -5168 -8128
-12000 -5200 -8192
-11952 -5136 -8128
-11952 -5104 -8112
-11968 -5104 -8016
-11936 -5040 -8016
-11728 -5040 -8048
-11792 -4976 -8048
-11776 -4976 -7840
-11680 -4848 -8032
-11744 -4848 -8144
-11776 -4768 -8144
-11648 -4848 -7984
-11584 -4912 -7952
-11760 -5184 -7664
-11760 -5248 -7696
-11712 -5200 -7840
-11824 -5088 -7952
-11936 -5072 -8000
-11968 -5040 -8032
-12096 -4992 -8096
-12064 -4960 -8432
-12064 -5024 -8320
-12096 -5168 -8288
-12096 -5200 -8208
-12160 -5200 -8400
-12160 -5168 -8400
-12016 -5184 -8592
-11904 -5184 -8496
-11824 -5056 -8272
-11824 -5152 -8336
-11824 -5072 -8352
-11840 -5072 -8352
-11936 -5040 -8256
-12016 -5008 -8320
-11872 -5072 -8336
-11936 -5008 -7936
-11936 -5136 -7696
-11792 -5104 -7840
-11840 -5104 -8016
-11808 -5056 -8176
-11808 -5136 -8016
-11776 -5104 -7744
-11776 -5104 -8032
-11760 -5104 -8096
-11808 -5104 -8096
-11760 -5056 -8304
-11616 -5120 -8256
-11648 -4976 -8320
-11808 -4992 -8288
-11744 -4992 -8240
-11872 -5056 -8096
-11744 -5088 -8112
-11776 -5072 -7920
-11696 -5088 -7952
-11696 -5040 -8080
-11712 -5040 -8096
-11872 -5072 -8096
-11840 -5008 -8064
-11824 -4976 -8272
-11952 -4928 -8240
-11904 -4944 -8400
-11824 -5008 -8160
-11856 -5104 -8288
-11792 -5136 -8176
-11744 -5136 -8128
-11728 -5152 -8064
-11856 -5136 -8096
-11728 -5152 -8096
-11728 -5088 -8384
-11728 -5088 -8384
-11760 -5056 -8336
-11744 -5168 -8384
-11728 -5088 -8240
-11728 -5072 -8192
-11728 -5072 -8160
-11728 -5008 -8160
-11920 -5008 -8064
-11776 -5024 -8176
-11808 -5088 -8160
-11808 -5088 -8080
-11728 -5104 -8016
-11840 -5120 -8208
-11616 -5088 -8544
-11968 -5056 -8416
-11968 -5040 -8528
-11824 -5040 -8480
-11760 -5040 -8480
-11936 -5008 -8304
-11856 -5040 -8160
-11776 -5056 -7888
-11776 -5008 -8096
-11776 -5024 -8352
-11840 -5072 -8352
-11760 -5040 -8256
-11744 -5008 -8352
-11744 -4960 -8464
-11824 -4960 -8256
-11792 -4976 -8256
-11840 -5104 -8224
-11872 -5056 -8096
-11760 -5072 -8352
-11760 -5056 -8288
-11680 -5072 -8320
-11808 -5088 -8256
-11744 -5120 -8224
-11776 -5120 -8240
-11840 -5040 -8048
-11840 -5008 -8096
-11712 -5008 -8080
-11776 -4880 -8128
-11664 -4880 -8144
-11840 -4816 -8144
-11808 -4864 -7872
-11680 -5056 -7904
-11600 -5152 -7824
-11632 -5296 -7840
-11664 -5248 -8048
-11568 -5184 -8368
-11728 -5088 -8512
-11824 -4992 -8448
-11824 -4896 -8480
-11776 -4896 -8480
-11952 -4912 -8480
-11872 -4848 -8464
