startup(x,y,z):(128,16192,352)
320 16352 1024
256 16336 864
192 16352 928
128 16496 1024
224 16432 1200
192 16432 1168
128 16576 1168
272 16912 1024
800 17296 1088
1104 17440 1072
1104 17728 992
960 17728 304
-1456 21184 304
-64 16528 1680
240 17504 2176
192 17392 1296
256 16976 1488
-16 16608 1648
432 16128 2352
192 16528 2864
192 18048 2752
-720 18048 2752
-576 18160 3488
-720 18000 3616
1728 17664 4496
-2144 17664 5968
-592 25152 2208
-32 20544 1168
-848 18288 4320
-3536 -8064 1120
320 12288 992
1920 22464 -320
3024 2048 -64
2896 17344 -2208
240 19184 -3248
-1920 17552 -2864
-3120 17136 -2816
-3712 17568 -2896
-3600 17456 -2352
-3600 16784 -1488
-3696 16784 -176
-3296 16096 -176
-2928 15872 1232
-2384 15760 2064
-1200 14064 2720
-336 14064 2368
848 12768 2368
2064 11712 1872
2944 10848 1312
3472 10176 576
4032 9776 -16
4032 9776 -784
4560 9600 -784
4464 9488 -1328
4304 9696 -2064
3872 10128 -2512
3392 11056 -2992
2688 11760 -3072
1888 12224 -2624
1136 12832 -2528
336 13440 -2480
-448 14288 -2304
-448 14288 -2144
-976 14768 -2144
-992 15088 -1776
-1184 15216 -1456
-1264 15344 -1120
-1424 15472 -1216
-1472 15488 -1216
-1504 15424 -864
-1328 15424 -560
-928 15264 -384
-608 15216 -416
-608 15200 -240
-272 15200 -816
240 15232 -816
768 14656 -1216
1168 14336 -1408
1392 14320 -1184
1616 14320 -896
1824 14528 -896
1904 14768 -1136
1936 14800 -1440
2048 14864 -1536
2288 14848 -1760
2288 14944 -1776
2256 14944 -1728
2272 14848 -1712
2336 15088 -1440
2688 15408 -1168
2432 15744 -1328
2720 16576 -1920
2720 16576 -3024
2592 17344 -3024
2448 18096 -4032
2064 18544 -4368
1584 18576 -4432
1216 18464 -4096
832 18128 -3376
416 18944 -2992
-32 19584 -2992
-224 19808 -2944
-528 19856 -2688
-528 19856 -2048
-624 19776 -2048
-560 19600 -1440
-592 19392 -688
-688 19184 128
-448 19104 704
-208 19184 896
-16 19200 1152
176 19088 1232
656 19040 1408
976 18880 1024
976 18672 928
1488 18672 928
1712 18464 752
2000 18240 624
2080 17824 544
2240 17552 416
2336 17360 352
2560 17120 80
2464 17040 192
2464 16912 416
2256 16704 352
2144 16496 304
2144 16288 624
2096 16240 624
1824 16240 288
1616 16128 288
1632 16112 -48
1328 15968 -192
1168 15808 -416
832 15712 -368
832 15632 -192
944 15632 -192
944 15568 -352
768 15504 -32
528 15552 -16
560 15616 -224
544 15600 -16
544 15856 -16
688 15696 176
832 15584 336
832 15632 544
1056 15648 576
1056 15744 704
1152 15792 528
1312 15712 464
1232 15840 384
1152 15968 144
1184 16000 288
1136 15984 240
1104 16192 448
1056 16224 400
1168 16272 352
1040 16304 544
1040 16240 800
976 16240 912
784 16288 912
784 16352 912
688 16448 1104
592 16432 1216
496 16672 1232
560 16768 1040
624 16784 848
832 16848 992
768 16832 1168
768 16832 944
848 16832 944
768 16592 1104
864 16752 1056
816 16784 768
896 16880 816
944 16832 832
960 16848 848
1056 16864 896
1216 16944 944
1264 16976 976
1440 17088 976
1440 17088 928
1408 17376 896
1136 17568 896
1104 17616 896
1376 17664 752
1344 17808 896
1200 17888 1056
1120 17904 1120
816 17968 1120
960 18240 1040
1056 18480 1008
1232 18400 704
1216 18256 512
1216 18032 624
944 18032 704
1056 17712 688
1040 17488 512
912 17584 480
960 17296 448
816 17296 752
656 16992 1024
544 16848 1024
304 16864 1104
128 16912 960
-176 17136 1024
-240 17328 768
-240 17328 512
-624 17424 432
-1024 17456 480
-1104 17328 512
-1152 17232 720
-1152 17168 800
-1232 17168 800
-1376 17088 800
-1456 16816 992
-1056 16464 864
-912 16224 1104
-912 16160 928
-624 15664 1264
-624 15056 1744
-544 14784 2080
-304 14608 2224
96 14368 2032
352 13680 1808
352 13664 1536
704 13664 1344
912 13728 1344
1168 14032 1104
1216 14192 416
1456 14000 48
1552 13824 -112
1616 13728 224
1984 13344 400
2512 13280 928
4176 9504 6928
4176 10608 1968
1776 12592 8544
4816 12592 8544
3248 14112 2064
1648 14672 -816
1280 14624 -608
288 14800 48
-848 14976 768
-880 15152 768
1648 15488 -4496
-1200 14384 -3776
-1792 14784 -4224
-1536 15360 1104
-944 15360 1648
-496 14832 1328
-256 14448 2384
-96 14272 1824
-240 14688 -96
80 14480 3488
80 14480 2176
-2656 13008 4928
-4576 12432 448
-1136 10048 8176
-1040 7872 6496
-1136 11248 4080
-1904 13728 3024
-2112 14624 3024
-1744 15808 2832
-1760 16640 2752
-1744 16496 2368
-1744 16720 2192
-1616 16720 1680
-1664 16416 1664
-1760 16256 1488
-2032 16112 1040
-1808 15968 768
-1824 15904 624
-1888 15936 288
-1984 15968 16
-1888 15808 -32
-1888 15376 -16
-2064 15376 -16
-1232 18528 -4976
-1472 18800 -3472
-2512 10304 -2944
-1856 1792 80
-688 2672 1520
1328 4224 2832
3056 6624 5568
4128 8592 3024
4512 9872 1536
4512 9984 8048
4368 9984 8048
4096 9904 2304
3456 10256 96
3328 11056 -192
1104 -5744 -4736
1104 -16160 816
528 7616 -12080
-4592 10656 -4352
-6960 19712 624
-6128 12032 -2544
-6128 15920 -7872
-6272 15920 -4128
-5104 18832 -4128
-3072 18720 640
-288 15392 -3376
16 15152 384
16 16032 1824
-240 16000 2480
-1008 15984 1776
-1328 16144 1184
-1808 16032 1328
-1888 15968 1232
-1888 15968 864
-1904 15968 864
-2064 16048 832
-1680 16096 832
-1728 16096 960
-1648 15936 1008
-1456 15952 1328
-1440 15920 1280
-1488 16000 1072
-1776 15984 848
-1856 15920 656
-1856 15920 720
-2368 16080 720
-2752 15984 944
-2672 16016 448
-2464 16064 512
-2368 16096 672
-2368 15888 912
-1920 15920 928
-1792 16048 1072
-1696 15936 992
-1696 16000 1152
-1904 16000 1152
-1792 16080 816
-1920 16032 784
-2176 15904 912
-2272 15952 656
-2208 15984 512
-1952 15984 848
-1792 16048 1040
-1856 16096 1232
-1680 16080 1216
-1680 16080 1072
-1648 16080 1072
-1664 16064 1120
-1824 16096 912
-2112 16032 944
-2464 16080 944
-2464 16080 688
-2240 15824 640
-1664 16496 336
-1648 15104 800
-1648 15328 3728
-1728 15328 1168
-1952 15824 1040
-1664 16704 80
-1280 17120 2112
-1632 17488 2416
-1632 17280 2176
-1728 17280 2176
-1936 16864 1008
-1776 16736 -176
-2224 17376 -336
-2224 17376 -336
-1776 18032 -1328
-1216 19472 -1584
-4352 1360 1136
-480 -8528 9664
-144 -8528 3984
2144 9776 3984
3536 20272 1536
3616 18560 4064
2816 18704 1936
2880 20208 1936
2288 17920 1952
1904 15840 2256
1504 16336 1488
1504 15856 1296
1296 16576 1040
1488 16576 1040
-32 15712 2144
-496 18016 736
-800 17408 -400
-1904 15536 416
-3360 15856 -592
-3792 16848 -1520
-3888 17600 -2000
-2032 14672 -1872
-2032 15664 -1824
-2288 15664 -624
-3456 14672 -624
-4352 15696 -1024
-1872 10448 912
-2192 15008 -960
-640 14784 256
-336 15312 1552
-224 15952 1696
-304 16320 1808
-224 16352 2064
-224 16448 2320
-224 16480 2576
-64 16480 2576
-80 16560 2304
-112 16560 2192
-96 16496 2272
-96 16448 2096
-304 16240 2032
-464 16160 2064
-464 16000 1936
-304 15984 1376
-304 15968 1088
-560 15696 736
-928 15696 736
-1472 15520 144
-2464 15312 -432
-2272 15216 -480
-1712 15168 -784
-1280 15104 -960
-560 15184 -624
-992 15296 -336
256 15504 -576
256 15600 192
4096 15600 704
592 15920 704
-1312 16144 1024
-1472 16880 816
-1360 16704 1504
-384 16080 1696
-496 16720 1392
-400 16720 1040
-656 16528 1168
-544 16448 512
-544 16768 384
-208 16768 7264
272 19152 7264
4432 17840 4624
1968 17088 2448
496 15776 1456
336 15904 1376
208 15936 1072
-16 15984 1008
-160 16016 1168
-272 16128 1168
-336 16048 1056
-496 16224 976
-496 16176 800
-336 16176 800
-464 16176 928
-368 16176 848
-400 16096 880
-496 16208 1008
-448 16304 1008
-496 16128 896
-432 16224 768
-320 16016 736
-432 16192 656
-432 16096 784
-304 16096 1024
-224 16112 1024
-592 16096 992
-512 16080 832
-416 16208 752
-512 16128 800
-432 16096 800
-304 16144 1280
-208 16016 960
-128 16064 880
-112 15952 912
-112 15952 1104
-176 16160 1104
-32 16048 976
640 16128 544
2000 15456 -928
2688 14800 -480
1600 14864 -480
1840 16688 -416
2672 13776 -592
3424 20976 -2384
5120 29568 1344
5696 25296 4864
8384 3264 -6464
3584 2928 -2496
5360 -2928 -7344
-3376 800 -7936
-5280 4032 -272
-5280 8768 2256
-3936 8768 2320
-2848 14336 2320
-3600 17072 2992
-2032 21776 2560
-608 26256 1712
-432 26928 -6896
800 21888 -4016
1136 18016 -3184
832 17360 -1472
-1616 16960 -640
-1616 16400 -1184
-3184 16400 864
-384 16000 864
-896 16976 2096
-1616 17296 1648
-1456 19152 1584
-2592 18512 752
-3600 17840 -656
11504 7792 8608
6672 11744 1520
2640 13952 1632
2640 14976 1568
1440 14976 496
992 14592 496
464 15680 992
560 15856 1120
544 15856 1216
