startup(x,y,z):(112,16240,384)
2160 27392 2768
-6304 11952 -720
-4288 17776 6608
-1664 25216 2704
-1440 25216 6512
-3712 25984 5728
-9424 20704 5728
-11328 17024 8368
-7696 11216 5776
-2832 7168 1904
-1312 7200 -1552
-2832 11456 -2400
-3808 13376 -2368
-3808 13376 -1744
-2480 14272 -1744
-512 14544 -1424
1424 14432 -1616
2400 13936 -1168
2832 13584 -1424
2832 13712 -1808
3008 13712 -2704
3504 15376 -4720
4640 16288 -5552
7824 16448 -3776
12000 14784 -2016
13216 13072 -1120
11168 12384 96
11168 13056 272
10304 13056 272
9792 14624 -1456
8752 16480 -3056
5664 17632 -1216
4496 17104 -624
3808 16656 -832
3184 16256 -1568
3184 15680 -2368
3056 15680 -3104
2944 15136 -4128
2496 14800 -4112
2272 14768 -4704
2032 15040 -5520
2368 16048 -6752
2176 16048 -7680
1824 18160 -7680
1856 21184 -7360
1664 23184 -5808
1200 23632 -4384
944 23360 -3776
944 23360 -2864
2496 22608 -2864
4032 21248 -2208
4048 19792 -1040
2256 16864 336
-2016 10288 8048
-7888 4400 15136
-8768 7664 15744
-5584 13440 14304
-2064 14512 10432
-2064 14512 6240
416 15504 6240
1360 16080 5648
1296 17008 4672
1648 18880 2880
3056 16816 1776
3328 15216 1040
3328 13424 272
2544 13424 -464
1248 11968 -880
-176 10448 -880
-912 9136 -64
-1088 8944 1072
-1600 9536 1344
-1040 10608 -560
-1008 13488 688
-768 14976 2160
-400 14976 2992
-32 15680 2992
160 15600 2672
80 15264 1712
1136 15040 880
2976 15456 1376
3760 15904 1312
3440 16528 -64
2416 17088 -1744
1680 17088 -3808
1200 17664 -5584
1536 19536 -5808
2288 21728 -5872
3520 23888 -6320
3520 25808 -6816
4528 25808 -6816
5504 27488 -6592
6368 28672 -5728
7296 28832 -3344
9552 23952 -4288
10704 21808 -5760
9968 20720 -5248
9968 19104 -1840
8208 19104 528
6512 16784 528
3280 12048 1664
-896 7648 2544
-3296 13200 5136
-7968 16544 -4224
-9152 22736 -5296
-7648 20576 -12448
-7648 8992 -13792
-5792 8992 -3648
-2720 -2016 -3648
-6144 -7584 -1552
-7024 12528 3616
-7456 11680 1696
-7488 14496 -2304
-7680 11536 -1728
-6624 15568 928
-5824 17248 3344
-5616 17968 3328
-4640 17312 2880
-4640 16288 2864
-3024 15696 3904
-1104 15696 3968
736 15072 3968
5488 17248 5488
10592 18640 5744
13472 20480 1120
11808 21712 -1376
9328 22640 -3904
9328 23248 -6320
7216 23248 -6320
6352 23520 -7664
6496 23312 -8048
6704 22368 -7424
7040 21296 -6160
7200 20512 -5616
6656 18384 -5856
6272 17856 -5856
5472 16640 -5856
4336 14752 -4928
2192 12528 -3600
368 10816 -2720
-1712 9632 -2576
-1712 8512 -1568
-2928 8512 -1568
-4192 7376 160
-8944 -5424 -2592
-11568 -18112 3648
-19936 -12064 4752
-4000 3024 4688
-1344 8192 4960
-5648 6000 4416
-5824 5440 8384
-8288 6944 9200
-8288 6944 7200
-9600 4256 3440
-6288 11968 -480
-6144 14096 -1904
-5536 14768 -1472
-5024 14272 -656
-3712 13424 112
-2160 13936 1248
-368 13840 2048
-368 13456 2192
2048 13456 2192
4304 13168 1968
5712 13920 1552
6528 15456 784
6736 17872 784
6880 20176 0
7232 22592 -960
7936 24752 -1504
7792 26336 -1840
7408 27632 -3024
7408 27632 -4144
6736 28256 -4144
6064 28064 -4672
5664 27456 -5072
5328 26464 -5088
5328 25184 -4368
5136 23408 -3088
4096 21120 -2048
2512 18864 -1520
2512 17344 -672
32 18880 2464
-4112 18880 2464
-8080 20432 6976
-11408 15920 10144
-14944 9136 11168
-16816 4224 9312
-15776 3888 4480
-12640 6128 -1024
-9504 7568 -3392
-9504 7952 -3200
-7504 7952 -3200
-6448 8128 -1232
-6096 7840 1408
-5920 8016 3408
-4688 9728 3568
-3520 11968 2896
-3520 14224 2384
-448 15536 1728
832 15840 1216
832 15712 1808
1648 15712 2464
2304 15520 2464
2976 16064 2752
3840 17280 2672
5776 17584 3200
6976 20512 3232
6976 22000 3488
7456 22000 560
8992 23232 -2384
10800 23152 -4752
10800 22640 -6608
8416 22160 -7216
6896 15760 -8096
6896 16480 -6560
6688 16480 -6560
5632 17616 -4672
4128 19056 -4528
1040 21040 -6480
640 24144 -6240
-192 24144 -6240
-576 24352 -6240
512 24384 -6448
2176 23744 -6480
3584 21984 -6032
3472 19840 -5456
3472 14384 48
-832 14384 48
-13744 8048 18832
-12912 7376 8912
-11056 8832 3120
-9424 8800 3120
-7120 8928 -2240
-4752 9808 -4768
-4288 9328 -4304
-4800 9104 -2128
-4800 9392 368
-5968 9392 1968
-6960 9408 1968
-4160 8032 -176
-2832 8112 -1456
-1376 8688 -176
-1376 10928 -480
1200 10928 -480
3616 14144 1200
4720 15056 8384
8160 14160 9184
11536 15376 8640
13424 18016 7200
13760 20368 4800
12512 21712 608
9536 22032 -4208
5680 21808 -6640
2800 20624 -6944
2800 20624 -7088
976 19408 -7296
688 18976 -7296
1344 19296 -7680
2512 19824 -8496
3872 20208 -8912
6944 22128 -9120
9920 22992 -9360
10048 23552 -9440
7840 23920 -9392
5248 23312 -9408
4224 22896 -9536
4720 22944 -9376
4720 23264 -8480
4896 23264 -6448
4672 24336 -6448
4352 25104 -5008
4528 25280 -4704
4112 23936 -3008
3120 20496 -3008
2672 15872 -2240
-1216 7856 12624
-15872 -4704 22032
-13200 -4032 19008
-4656 1088 12672
-3632 768 9024
-5664 -128 5408
-4768 1216 1872
-2592 3760 -32
-1840 7168 1408
-3904 7408 5568
-6480 7872 8688
-7552 10160 9984
-7888 13296 9280
-7808 15776 7760
-7856 17120 5888
-7856 17728 4624
-8080 17472 4624
-6864 17648 528
-1040 15824 -1664
1792 14976 -3632
4336 14176 -5744
4336 13568 -7872
6528 13568 -10016
8800 13312 -10016
11072 13872 -11600
12736 15392 -12832
13728 17904 -13264
14208 23072 -12944
14016 27264 -13248
13136 25392 -14608
11664 25392 -14352
10048 25616 -14576
9920 25984 -13952
10864 26096 -14768
9952 24976 -12400
8960 23168 -10096
8960 21840 -8224
8064 21840 -6720
6416 20416 -4208
3504 17344 -4208
864 13936 -2352
-1408 10912 -32
-3584 7984 2688
-15872 -6528 17664
-23456 -5824 18464
-13728 4304 21008
-13728 9888 18336
-5088 9888 10080
-5456 10208 10080
-6192 8736 2832
-5664 6704 -16
-6528 4064 1760
-8016 2960 5312
-7968 3920 8032
-6784 5728 10048
-6784 7504 10064
-5760 7504 8272
-4496 9232 8272
-3232 10912 5088
-1920 12896 1968
-480 14528 -1520
1120 15664 -4304
3184 16432 -6448
5360 17920 -8064
5360 25280 -8144
10080 25280 -7088
14160 28960 -7088
17808 28176 -8768
18832 24368 -12784
17568 21696 -15888
15376 20352 -16528
15376 19680 -14816
12992 20208 -11216
9072 25024 -8160
8176 25024 -8160
6672 27104 -8288
5616 28208 -8864
4272 27792 -9248
2640 26144 -8864
2640 23680 -7600
816 23680 -5328
-1056 20528 -5328
-2736 16704 -3008
-6160 10912 128
-7888 5696 -4112
-19984 -5856 14272
-15920 -7568 6608
-9392 -3664 15488
-6288 -2176 17168
-6288 -464 13712
-5968 -464 11456
-6384 2304 11456
-7216 4000 9216
-9200 4976 7072
-9728 6320 5648
-9488 8176 4416
-8800 10352 3488
-6752 12416 3488
-5216 13216 2784
-3632 13808 2128
-1024 14288 1296
1648 15152 -928
7280 23904 608
15216 27280 -3200
18688 20800 -9040
18160 17424 -12928
15472 17008 -14960
12736 17872 -15856
10448 18464 -16720
10448 19184 -17536
8656 19184 -17536
6352 21600 -17360
4384 24096 -16592
2800 25584 -15680
2624 26496 -15888
3520 26352 -16688
4512 26128 -16512
4752 26000 -15024
4112 25264 -12720
3536 24112 -10112
3536 21984 -7232
2544 21984 -3760
1792 19728 144
624 17280 144
-400 14336 3552
-1936 11776 6400
-3520 9136 8768
-17376 -8656 17168
-18512 -10464 15616
-10848 -4480 15616
-3456 432 14320
16 640 10496
-144 -880 6112
-1168 -2256 4224
-1168 -2256 5200
-960 -1616 5200
-752 560 8288
-1616 3376 10992
-2544 6336 11280
-3680 9680 10000
-4016 12112 7360
-3408 14208 4016
-2368 16688 -16
1344 24672 -1312
5760 28544 -4304
8960 26544 -9152
10160 22768 -13072
10384 20928 -15872
10272 21040 -18224
10208 22048 -20640
9584 23184 -22704
8288 24464 -22896
8288 25408 -22304
6128 25408 -22304
4048 25760 -20816
3296 26832 -18784
3104 29056 -15728
3600 30816 -12624
3600 31520 -9824
3264 30256 -7152
2336 28288 -5184
1408 25424 -3776
-656 21600 -448
-656 21600 1328
-2336 17712 1328
-4608 12432 7184
-18624 -10096 15232
-15088 -10448 12960
-10960 -10256 17504
-6224 -9056 9824
-3200 -7120 2960
-1488 -4528 -1360
928 -1104 -2800
1952 1840 -1216
-1280 5072 3472
-1280 5072 7312
-4128 5248 7312
-5680 5760 9760
-6368 7856 10928
-6192 10368 10064
-4816 12736 7472
-3392 14560 5008
320 27040 4464
4208 29840 4464
8192 20720 -10064
10704 16304 -17232
11152 19440 -16624
10912 20320 -18624
10912 19472 -23568
10784 21936 -24880
9120 21936 -23984
5856 25760 -22816
-432 25584 -21488
-432 26320 -18848
-1632 26320 -15408
-1088 27552 -15408
-96 29008 -12256
704 29056 -10080
976 27856 -8784
976 25440 -7712
1280 25440 -6432
1648 22784 -6432
1984 19760 -928
1616 -8656 -928
-15504 -9328 14352
-11824 -9328 5312
-4112 -3264 5312
-1952 -3008 7008
-720 -4496 2304
432 -3888 -2560
384 -2400 -4464
384 560 -2272
-1008 560 3008
-2640 2736 8992
-5888 4304 13904
-6416 6320 16144
-6416 8928 15488
-5648 8928 15488
-4688 11120 12688
-3552 12912 9312
-2160 14096 5232
-384 14976 1600
-384 16032 -2848
1728 16032 -2848
4784 26896 -4352
10864 21248 -14560
12144 20112 -19248
12352 20736 -22496
11312 20576 -25376
9040 22208 -24240
9040 26768 -19728
2288 29264 -16128
-2048 29600 -13936
-4640 28944 -12256
-4640 28448 -10160
-4928 30304 -9168
