startup(x,y,z):(128,16208,320)
-144 15776 1248
160 16208 1232
288 16592 1392
352 16720 1376
640 16544 1200
96 13312 1088
96 15232 2000
-1696 15232 1168
-560 15248 1168
-32 15504 736
-256 15888 560
288 16016 768
288 16016 272
144 16176 272
240 16016 32
272 15952 -224
304 16048 176
128 16144 560
128 16128 720
128 16128 656
80 16160 656
-224 16192 896
-224 16192 992
-224 16256 1040
-192 16256 1472
-144 16336 1472
-160 16240 1184
-48 16512 1264
-48 16432 1296
128 16272 1216
128 16160 1280
320 16160 1264
336 16144 1264
304 16256 976
176 16240 736
416 16160 1056
416 16176 1104
416 16176 1104
496 16192 976
592 16160 1168
416 16160 704
336 16192 864
336 16192 1056
256 16192 1056
304 16320 1312
288 16480 1696
-16 16512 1392
-16 16384 1520
-128 16384 1504
-240 16528 1504
-512 17248 1472
-832 19712 1984
-416 17712 1120
-416 16480 544
-144 16320 624
-144 16224 928
-256 16224 944
-304 16256 944
-144 16208 864
4112 16112 320
976 16416 336
976 16016 880
1504 16016 880
992 15872 912
80 16112 1136
-224 16032 1056
48 16128 912
224 16080 1120
368 16144 944
224 16192 640
224 16192 1056
256 16192 1056
176 16208 1008
224 16192 1184
160 16400 1472
112 16336 1472
272 16272 1312
224 16160 1056
432 16032 896
432 16064 848
544 16064 1104
720 16080 1104
448 16304 1744
256 16384 1904
160 16528 1840
160 16512 1856
288 16512 1856
304 16528 1664
256 16608 1632
144 16336 1392
176 16176 1344
112 16448 1824
176 16816 1104
176 16816 2640
-384 16832 2640
1312 18544 3072
592 21072 2896
-336 20288 5712
1680 21200 3152
1680 21280 -464
208 21280 5168
-16 16784 4816
2192 16784 4816
5408 28688 -6832
-96 30672 2592
-1648 28320 4240
-1856 16992 4784
-688 14672 3824
-368 15232 2048
208 17296 16
208 19056 -2160
688 19056 -2160
592 19056 -3888
256 17344 -4208
80 15328 -3920
80 14000 -3616
144 14000 -3392
528 13968 -3392
864 14576 -3200
992 15088 -2560
832 14944 -1920
512 14288 -1488
512 13520 -832
288 13344 -832
192 12864 -160
288 12864 448
224 13344 496
224 13872 592
-48 13872 592
-32 14096 560
32 14128 480
112 14160 624
16 14448 736
-176 14848 880
-48 15296 832
-48 15296 800
-224 15552 800
-256 15648 816
-224 15840 496
-320 15856 672
-176 15824 304
-176 15552 64
96 15552 64
-32 15408 128
320 15568 -448
656 15696 -960
864 15824 -1232
944 15952 -1120
1088 15968 -1392
1088 15968 -1056
1024 16080 -1056
768 16384 -1040
592 16576 -784
64 17040 -544
-16 17136 -688
-112 17104 -784
-288 16960 -832
-288 16704 -992
-288 16736 -992
-496 16544 -784
-448 16464 -768
-496 16464 -768
-496 16320 -976
-480 16144 -896
-480 16000 -1104
-480 16000 -1104
-288 15936 -1072
-240 15792 -1008
-48 15632 -1072
16 15472 -960
144 15264 -816
144 15248 -720
272 15248 -720
288 15344 -688
304 15568 -848
128 15728 -752
-64 15824 -608
-64 15728 -480
-192 15728 -592
-256 15600 -688
-80 15600 -688
-240 15584 -272
-368 15664 -272
-544 15808 -64
-544 15920 64
-784 15920 64
-656 15952 320
-480 15984 208
-240 15984 160
-16 16176 352
160 16320 576
240 16448 352
240 16576 352
384 16576 352
80 16576 352
128 16512 576
256 16400 688
256 16336 304
256 16224 256
416 16224 256
624 16192 192
736 16064 384
592 16096 384
592 16016 288
736 16032 160
816 16048 80
816 16112 32
752 16112 -224
672 16144 -144
656 16096 -16
592 16144 -64
608 16144 16
624 16176 -192
640 16256 -272
640 16368 -160
576 16560 -128
448 16560 -384
416 16656 -512
288 16656 -432
448 16672 -144
432 16624 -32
432 16624 -128
432 16608 -128
528 16528 64
592 16496 -208
608 16464 -208
672 16448 -384
752 16384 -784
624 16288 -752
624 16288 -576
672 16272 -576
896 16192 -528
896 16352 -512
832 16448 -672
624 16464 -592
624 16464 -592
816 16416 -592
576 16400 -656
448 16336 -640
672 16352 -624
560 16400 -672
448 16496 -672
448 16464 -864
464 16464 -880
400 16448 -880
608 16352 -672
528 16368 -608
624 16352 -464
672 16320 -352
672 16368 -432
832 16352 -448
832 16352 -592
720 16400 -592
688 16432 -352
752 16464 -624
704 16624 -352
704 16688 -496
704 16768 -288
768 16880 -96
832 16880 -96
752 16880 144
832 16800 -112
816 16704 -112
1024 16608 -192
1184 16480 16
1408 16416 112
1632 16352 304
1632 16352 528
1568 16256 528
1600 16064 288
1600 15856 -288
1472 15920 -176
1424 15888 -192
1344 16000 -48
1344 16240 16
944 16240 -256
880 16432 -256
704 16480 240
496 16496 128
336 16544 96
336 16496 -48
416 16496 16
432 16464 16
432 16432 224
464 16416 80
480 16320 224
368 16144 -288
352 15840 -128
352 15664 -256
352 15664 -432
304 15584 -432
400 15568 -512
496 15552 -656
560 15632 -736
640 15776 -704
656 15904 -704
624 16080 -720
688 16208 -848
688 16320 -528
576 16320 -160
640 16320 -160
656 16352 -64
560 16400 80
608 16400 176
496 16352 80
656 16352 240
768 16336 176
848 16416 448
848 16416 432
928 16352 432
864 16416 432
784 16336 -64
960 16368 144
960 16192 -16
1056 16192 -288
1136 16192 -288
976 16176 -240
848 16192 -288
960 16160 -368
896 16096 -288
896 16208 -128
672 16112 -224
672 16112 -256
624 16224 -256
656 16192 16
848 16240 -176
672 16288 -272
624 16224 48
624 16224 112
608 16208 112
672 16224 -96
672 16224 -96
704 16208 96
816 16160 32
896 16128 -128
896 16096 -128
784 16096 -128
864 16160 -272
912 16272 -592
704 16384 -384
560 16336 -400
800 16336 -320
720 16256 -320
912 16192 -352
880 16192 -32
896 16128 -144
896 16160 -192
944 16160 -352
752 16192 -352
800 16224 -512
784 16192 -288
656 16128 -48
656 16144 -16
656 16192 -160
720 16192 -160
608 16304 -96
800 16256 -304
800 16160 -208
800 16192 -432
832 16192 -192
704 16192 -192
848 16144 -272
704 16208 -272
752 16144 -304
592 16208 -272
592 16208 -64
800 16256 -64
976 16224 -320
960 16192 -496
880 16192 -528
880 16208 -400
752 16208 -704
768 16176 -704
656 16176 -240
576 16224 -192
608 16272 -128
704 16288 -16
704 16320 -144
768 16320 -240
816 16288 -240
864 16224 -128
864 16208 -208
768 16160 -208
768 16160 -208
896 16128 -208
864 16192 -400
656 16176 -304
720 16048 -224
720 16128 -400
896 16128 -656
1024 16176 -592
928 16112 -304
848 16144 -208
848 16144 -64
848 16144 -240
928 16176 -128
736 16096 -128
832 16096 -256
912 16048 -304
848 16112 -288
656 16224 -288
656 16224 -224
672 16240 -224
672 16224 -448
480 16224 -64
448 16208 -48
448 16272 -16
384 16272 -128
496 16272 -128
464 16320 -48
720 16304 -160
688 16320 -144
672 16352 -304
672 16352 -272
592 16384 -272
736 16368 -288
720 16336 -336
864 16160 -352
864 16160 -480
992 15280 -304
608 15184 -304
336 15744 128
736 16736 0
1072 17376 -304
1072 17504 -608
1136 17504 -288
784 17040 -288
368 16240 -304
192 15632 -128
240 15600 -304
240 15856 -736
592 15856 -736
848 16288 -752
896 16416 -640
864 16272 -640
592 16272 -496
592 16528 -496
512 16416 -256
560 16480 -32
592 16576 -80
528 16592 -128
528 16432 -32
496 16432 -368
448 16000 -368
336 15760 -208
592 15824 -128
672 15984 160
912 16320 224
912 16480 368
1168 16480 336
1152 16480 336
1008 16432 144
880 16384 336
736 16224 -224
736 16224 -160
624 16096 -160
752 16032 -224
720 16176 -16
784 16288 -176
896 16336 -192
896 16480 0
848 16480 0
640 16528 32
496 16560 -128
640 16592 -176
640 16592 0
528 16592 -320
384 16656 -320
304 16720 -48
416 16656 96
432 16528 -16
544 16416 -32
544 16416 -32
640 16272 -32
736 16048 -64
512 16016 -80
528 15968 -208
528 16016 -128
432 16016 -64
432 16160 -64
544 16320 -128
448 16608 -352
336 16848 0
192 17024 -16
192 17024 112
144 17120 112
80 16624 -400
-464 15616 -272
-688 15424 144
-688 16032 464
-480 16032 576
32 16864 576
464 17552 736
800 18096 368
784 18016 400
432 17424 560
432 17424 672
336 16768 672
352 16176 832
416 15840 1088
800 15712 1424
800 15776 -2288
912 15776 -2288
272 15888 -1184
-32 16384 -272
192 16880 -160
992 17168 -224
992 17488 80
976 17024 688
-1888 16048 6848
208 16816 1760
1840 18704 -2368
