startup(x,y,z):(160,16192,432)
432 15968 1296
3104 15872 1040
3104 20064 1696
-4544 20064 -432
-2928 15408 -432
-3440 10048 1376
-2960 12400 3600
208 8112 6864
-288 18352 10000
-288 19504 10496
-848 19504 7584
-1888 22256 7584
-2864 20976 7936
-1936 25280 6784
1248 28960 1600
2192 28608 -6224
3024 16208 6208
3024 -8208 -4448
4240 11440 -624
7040 11440 -10496
5360 19536 -10496
4560 20512 -14736
2864 19920 -13072
224 18320 -9952
-2032 15088 -6896
-3888 11152 -3520
-5328 7904 -304
-5328 6208 1504
-6384 6208 1504
-6208 6320 1440
-5264 6784 208
5936 19712 -9920
624 2944 -7952
-192 -1680 -3504
2944 11712 -3456
2944 3584 -784
2032 3584 -1856
2784 -1488 -1856
4272 15584 2432
4624 16416 2832
4688 13104 1808
4688 11232 608
4512 11232 608
4528 13936 272
4304 16224 464
3568 15920 304
2576 15264 -176
2576 15104 -464
1792 15104 -1008
944 15456 -1008
640 17280 -1616
256 15792 5344
-944 13232 1712
-944 18480 1840
-1184 18480 1840
-1680 14416 496
-1872 14896 -80
1552 21552 48
400 15840 -560
400 13568 -528
-224 13568 -16
-624 20368 -16
-512 15984 -1488
-1072 15888 -2000
-1904 17968 -800
-1904 17968 -1968
-1504 14480 -1968
-1072 16224 -2096
-656 16464 -1888
-128 15888 -1696
-160 15936 -1280
-160 15936 -1088
384 16528 -1088
944 18704 -208
896 17296 -528
1664 16544 -1488
1968 16288 -2272
1968 16288 -2944
1824 16048 -2944
1728 17024 -3952
1792 16480 -3600
1424 16048 -3488
1264 16192 -3120
1264 16128 -2704
1056 16128 -2768
704 16032 -2768
272 16096 -2736
-176 16416 -2672
-528 16048 -2624
-528 16048 -2896
-592 15968 -2896
-640 15984 -2800
-576 15936 -2800
-608 15952 -2656
-704 15968 -2592
-704 15936 -2576
-576 15936 -2496
-512 15984 -2496
-336 16016 -2464
16 15984 -2368
16 15968 -2368
288 15968 -2320
144 16016 -2320
80 16000 -1920
192 15984 -2224
288 15952 -2272
352 16064 -2192
352 16064 -2384
464 16048 -2384
320 16096 -2368
80 15920 -2560
272 16000 -2576
272 15888 -2544
416 15888 -2336
416 15984 -2336
512 16000 -2064
352 16048 -2000
256 15952 -1840
-208 15552 -1824
-208 15552 -2304
128 16240 -2304
240 16112 -2000
272 15968 -2176
240 16032 -2224
144 16000 -2112
144 16000 -2144
0 16016 -2144
-96 15968 -1840
96 15920 -2224
-16 16000 -2528
32 15968 -2336
32 15968 -2512
32 15936 -2512
-48 15888 -2144
-48 15888 -2224
-32 15792 -1968
-32 15840 -2016
-128 15840 -2048
0 15888 -2048
-176 15936 -2304
-112 15856 -2128
112 15920 -2208
112 16000 -2128
224 16000 -1968
208 15920 -1968
144 15904 -2144
288 15984 -2448
0 16096 -2448
0 16096 -2528
64 15968 -2528
-48 16032 -2464
64 16128 -2704
240 16080 -2704
240 16064 -2720
304 16064 -2608
48 16128 -2608
96 16112 -2688
144 16048 -2656
80 16048 -2464
80 16048 -2576
160 16048 -2576
256 16096 -2480
192 16096 -2592
272 15952 -2848
208 16016 -2752
208 16016 -2704
368 16032 -2704
256 16000 -2640
-32 15984 -2400
96 16048 -2352
-32 16000 -2416
-32 16000 -2352
-176 15920 -2352
-272 16000 -2656
-512 16016 -2640
-512 15968 -2368
-512 15984 -2480
-464 15984 -2304
-336 16048 -2304
-320 16096 -2608
-288 16000 -2512
-208 16048 -2608
-208 16032 -2400
-144 16032 -2400
-32 16080 -2208
64 15904 -2128
112 15952 -2320
112 15952 -2176
-16 16000 -2176
144 16000 -2176
144 16000 -2112
240 16000 -2096
176 16000 -2096
176 15888 -2240
80 16000 -2224
16 15936 -2192
16 16000 -2288
64 16000 -2288
96 15984 -2240
80 15952 -2224
128 16000 -2256
-64 15984 -2272
-16 15984 -2272
-64 16000 -2080
-176 16032 -2112
-224 16032 -2208
-192 15888 -2400
-192 15840 -2256
-192 15840 -2256
-160 15920 -2352
-80 15952 -2464
-32 15952 -2560
160 15952 -2416
160 15952 -2368
336 15936 -2368
160 15968 -2240
128 15968 -2400
64 16016 -2240
272 16000 -2304
352 15888 -2288
304 15936 -2224
304 15952 -2288
304 15952 -2160
336 15872 -2160
400 15856 -2464
272 15904 -2640
288 16000 -2704
288 15904 -2480
112 15904 -2352
-32 15856 -2352
-32 15952 -2448
-160 15968 -2704
-112 15872 -2608
-80 15872 -2544
-80 15872 -2672
-96 15904 -2672
-240 15904 -2496
-192 15840 -2240
-144 15888 -2464
-304 15888 -2384
-304 15968 -2512
-224 15968 -2512
-112 15952 -2128
-48 15936 -2384
-64 16000 -2336
16 15984 -2320
16 15984 -2400
128 16032 -2400
112 16080 -2464
64 16048 -2176
208 16000 -2256
304 15968 -2272
304 15968 -2176
80 16000 -2176
-80 15936 -2256
-96 16032 -2320
-144 16016 -2272
-144 16080 -2144
-112 16080 -1920
-176 16000 -1920
-208 15920 -2192
-256 15984 -2208
-96 16032 -2384
-96 15952 -2256
-80 15952 -2112
-176 15904 -2112
-64 15968 -2192
-112 15936 -1952
-128 15856 -2080
-128 15904 -2176
-112 15904 -2160
-48 15952 -2160
-32 16016 -2336
128 15920 -2384
176 15984 -2448
176 16016 -2608
144 16016 -2640
144 16048 -2640
144 16032 -2256
-80 15952 -2192
0 16000 -2288
0 16000 -2384
112 16016 -2384
16 16032 -2320
-144 16016 -2208
-112 16032 -2352
-112 16000 -2288
-192 16000 -2368
-48 15904 -2368
-112 15936 -2256
-144 16016 -2480
-224 16064 -2496
-224 16000 -2624
-240 16000 -2624
-144 16032 -2144
-96 15936 -2368
144 15872 -2432
-16 15904 -2480
-16 16000 -2672
32 16000 -2672
112 15872 -2480
160 15856 -2272
-80 15888 -2352
-48 15936 -2432
-48 15968 -2688
-16 15968 -2688
-16 15904 -2384
144 15904 -2544
48 15984 -2336
48 15984 -2288
32 15984 -2464
16 15984 -2464
128 16016 -2400
-96 16032 -2512
-64 15920 -2368
-64 15856 -2256
-48 15856 -2208
0 15968 -2208
-48 15872 -2096
-96 15872 -1792
-112 15888 -2016
-112 15888 -2064
-96 16064 -2096
-80 16000 -2016
-128 15968 -2384
-192 16000 -2208
-192 15936 -2480
-144 15936 -2480
-80 15920 -2512
0 15952 -2544
-128 15920 -2368
-64 15952 -2320
-112 15984 -2496
-128 16032 -2192
-32 15952 -2176
-32 15920 -2240
160 15920 -2240
80 16000 -1904
-96 16144 -2128
16 16096 -2400
32 16016 -2464
32 16016 -2160
48 16032 -2160
128 16000 -2192
-112 16000 -2192
-288 15984 -2160
-288 16016 -2064
-144 16016 -2064
-64 15984 -1920
-32 15952 -2192
112 15920 -2256
112 15936 -2352
112 15936 -2368
160 15936 -2368
144 15888 -2368
0 15888 -2272
-144 16016 -2288
-144 16016 -2416
-96 16016 -2416
0 15872 -2320
-80 15936 -2368
0 15952 -2576
64 15888 -2608
64 15888 -2448
-32 15968 -2448
-96 16032 -2368
-192 15968 -2112
-144 15984 -1936
-144 15984 -2416
0 15984 -2544
208 15984 -2544
64 16000 -2304
-112 16000 -2368
-224 16032 -2192
-224 16064 -2208
-208 16064 -2208
-208 16080 -2208
-80 16048 -2320
64 15984 -2272
96 16016 -2304
96 16016 -2160
112 15984 -2160
128 15968 -2176
-16 16112 -2016
0 16064 -2224
32 16000 -1968
32 15920 -2208
80 15920 -2208
64 15936 -2512
-128 15920 -2432
-288 15984 -2368
-256 16016 -2288
-256 16016 -2192
-160 16032 -2192
-96 16016 -2128
-160 16064 -1984
-16 16016 -2240
-16 16048 -2464
-16 16048 -2416
128 15984 -2416
32 16112 -2592
-128 16160 -2368
-208 16160 -2352
-208 16160 -2320
-144 16048 -2320
-192 15984 -1920
-64 15936 -2080
-64 15952 -2304
-16 16000 -2256
-16 16000 -2448
-96 16016 -2448
-80 15984 -2448
-144 15968 -2320
64 15936 -2096
64 15968 -2288
64 15968 -2528
-16 15952 -2528
-16 15984 -2640
-32 16048 -2624
-144 16064 -2160
-112 16016 -2304
-112 16016 -2272
16 15888 -2272
-32 15840 -2208
-208 16016 -2128
-160 16032 -2128
-160 16000 -2064
-224 16000 -2064
32 15952 -2240
-16 16048 -2224
16 15984 -2448
-16 15904 -2288
-16 15904 -2112
-144 15984 -2112
-96 16048 -2304
128 16000 -2336
208 15968 -2080
208 16096 -2128
80 16096 -2656
80 16048 -2656
80 15888 -2432
0 15920 -2480
0 16000 -2416
80 15904 -2400
240 15760 -2272
-16 15904 -2208
112 15920 -2176
96 16048 -2176
96 16048 -2336
160 15968 -2336
160 16000 -2352
80 16016 -2288
224 15968 -2464
224 15968 -2400
32 15984 -2400
16 16000 -2272
-128 15984 -2064
-112 16080 -2336
-32 16032 -2192
-32 16080 -2272
-128 16080 -2272
-112 16096 -2352
0 16080 -2512
48 16048 -2192
16 16064 -2368
16 16064 -2128
48 16064 -2128
96 15984 -2128
32 16032 -2160
64 16016 -2240
80 15968 -2368
80 15968 -2608
-32 15968 -2368
48 16016 -2368
80 16032 -2112
64 16032 -2064
-16 15968 -2096
-16 15968 -2304
16 16048 -2304
-144 16112 -2384
-112 15984 -2240
-192 16032 -1888
-336 16016 -1968
-336 16128 -2208
-384 16128 -2384
-432 16032 -2384
-256 16016 -2448
-224 16032 -2176
-288 16000 -2032
-288 15968 -2176
-304 15968 -2176
-80 15872 -1952
64 15856 -2224
224 15984 -2592
80 16048 -2336
80 16080 -2384
-128 16080 -2048
-112 16096 -2048
128 15984 -2144
-48 16016 -2160
-80 16016 -2224
-80 16016 -2096
0 16000 -2096
-64 16048 -2208
-176 16048 -2320
-128 16096 -2576
-128 16048 -2496
-208 16048 -2288
-160 16032 -2288
-176 16032 -2192
-144 16128 -2128
-48 16080 -2192
