startup(x,y,z):(128,16208,240)
256 17392 1680
848 17104 2288
-160 16912 2448
272 16064 3024
48 16768 2992
-48 17072 3200
-48 17072 2816
224 17152 2816
48 17264 1792
-48 17552 1392
-1088 17328 4320
-2064 16320 2992
-784 17920 2848
-864 20656 1472
-96 20656 2048
-80 20720 1120
-208 20720 3264
-1280 19232 3408
-1456 19040 3408
-1008 18096 3696
1408 18208 2432
2704 24864 3712
2944 27632 -1936
3216 28464 -3824
3216 30560 -2752
3264 -208 -5152
-272 14784 864
-272 21664 3760
-256 21664 3760
-592 24096 8448
-464 24128 7856
-160 21872 4912
192 20800 2768
224 21536 1424
224 21536 1456
80 20656 1968
-16 19216 1808
-160 18336 2096
0 17904 1904
240 17904 1520
176 18096 1040
464 18192 816
464 17888 432
656 17888 432
640 17536 256
560 16880 96
320 16112 208
336 15616 -64
432 15360 -352
432 15328 -528
608 15328 -640
592 15328 -1056
416 15184 -1056
336 14960 -1008
256 14736 -1008
256 14560 -752
256 14400 -448
-576 14496 192
-1056 14512 192
-1504 14400 96
-1984 14368 0
-2384 14352 -176
-2416 14224 112
-2400 14160 -64
-2400 14064 336
-2336 14064 256
-2128 14016 256
-2176 13936 160
-2272 13904 160
-2432 14048 16
-2480 14240 -176
-2528 14368 -112
-2592 14560 -48
-2592 14640 -64
-2480 14640 -64
-2416 14688 -16
-2272 14800 224
-2112 14976 352
-1712 15168 80
-1488 15472 304
-1488 15472 800
-1488 15680 800
-1424 15744 1120
-1776 15648 1104
-2272 15552 1008
-2688 15424 1040
-2960 15440 912
-3200 15472 544
-3200 15728 336
-3392 15696 336
-3392 15904 208
-3568 15856 160
-3936 15808 80
-4512 14640 -960
-4512 14064 -1120
-6720 13952 -736
-6720 14224 -352
-7168 14592 -384
-6848 14592 -384
-6256 14464 -528
-6224 13936 -928
-6592 12912 -1248
-7152 11616 -1456
-7792 10560 -1760
-7792 9728 -1936
-8208 9728 -1888
-9024 8192 -1824
-10960 7472 -1904
-10960 6528 -2320
-12160 6528 -2320
-13728 5280 -2432
-14896 4000 -2496
-15952 3040 -2592
-16672 2240 -2960
-17440 1536 -3104
-17552 1088 -3328
-18272 1088 -3344
-18784 784 -3696
-18576 368 -3760
-18240 160 -3664
-17552 0 -4016
-17136 -176 -3872
-16864 -400 -3712
-16864 -560 -3472
-16432 -560 -3344
-15920 -832 -3344
-15984 -1056 -3104
-15744 -1104 -2848
-15600 -1136 -2400
-15488 -1040 -2352
-15072 -1008 -2192
-14704 -784 -1952
-14704 -784 -1232
-14464 -672 -1232
-14384 -656 -1328
-14464 -704 -1392
-14640 -720 -1312
-14976 -752 -1248
-14976 -896 -1312
-15200 -1024 -1168
-15584 -1024 -1184
-16032 -1056 -1152
-16400 -1088 -1152
-16704 -1200 -1216
-16688 -1504 -1248
-16928 -1632 -1232
-16928 -1888 -1264
-16976 -1888 -1136
-17120 -2048 -1136
-17056 -2128 -1584
-16896 -2272 -1984
-16752 -2464 -2208
-16320 -2608 -2464
-15856 -2784 -2480
-15520 -2960 -2544
-15520 -2960 -2464
-15120 -2880 -2464
-14816 -2704 -2432
-14720 -2336 -2512
-14736 -1936 -2464
-14512 -1520 -2320
-14512 -1152 -2032
-14608 -1152 -1840
-14432 -736 -1760
-14544 -704 -1792
-14592 -704 -1792
-14608 -784 -1552
-14784 -848 -1712
-14800 -1136 -1696
-14736 -1360 -1888
-15056 -1680 -2080
-15024 -1952 -2368
-15216 -2304 -2368
-15136 -2592 -2336
-15184 -2752 -2448
-15264 -2864 -2432
-15280 -2864 -2400
-15248 -2864 -2416
-15248 -2864 -2512
-15312 -2880 -2512
-15184 -2944 -2400
-15056 -2832 -2304
-15040 -2768 -2560
-14976 -2528 -2528
-14976 -2384 -2400
-15136 -2240 -2352
-15136 -2144 -2336
-15168 -2144 -2208
-15168 -1920 -2208
-15120 -1872 -2240
-15040 -1824 -2080
-15104 -1872 -2000
-15104 -1840 -1920
-14976 -1840 -1840
-14864 -1904 -1840
-14800 -1920 -2064
-14880 -1936 -2160
-14896 -2016 -2304
-14944 -2128 -2240
-15072 -2160 -2416
-15104 -2096 -2064
-15104 -2144 -2080
-15216 -2144 -1888
-15200 -2160 -1888
-14992 -2064 -2064
-14944 -2096 -1872
-14784 -2112 -2176
-14768 -2144 -2096
-14768 -2160 -2400
-14720 -2160 -2368
-14880 -2160 -2160
-14832 -2192 -2160
-14800 -2192 -2320
-14848 -2176 -1936
-14992 -2272 -1904
-14896 -2256 -1984
-14896 -2192 -1920
-14944 -2192 -1920
-14976 -2160 -1872
-15072 -2064 -1744
-15072 -2016 -1616
-15056 -1968 -1680
-14880 -1904 -2064
-14960 -1776 -1968
-14960 -1776 -1824
-15008 -1776 -1824
-14816 -1760 -1872
-14944 -1760 -2016
-15040 -1808 -1936
-15072 -1824 -1728
-14944 -1808 -1936
-14944 -1712 -1728
-14960 -1728 -1776
-14960 -1728 -1744
-15040 -1792 -1744
-15104 -1776 -1680
-15056 -1712 -1792
-15008 -1744 -1728
-14976 -1760 -1872
-14976 -1728 -2352
-14928 -1728 -2112
-14896 -1680 -2112
-14720 -1616 -2224
-14928 -1648 -2208
-14976 -1616 -2144
-15008 -1648 -2000
-14992 -1696 -1808
-15168 -1664 -1920
-15168 -1664 -1600
-15136 -1568 -1872
-15152 -1568 -1856
-15040 -1520 -1856
-15008 -1568 -1776
-15040 -1568 -1840
-15024 -1568 -1776
-15152 -1504 -1712
-15152 -1424 -1728
-15120 -1408 -2128
-15056 -1392 -1840
-15056 -1376 -1792
-15200 -1376 -1952
-15200 -1280 -1952
-15152 -1312 -2016
-15120 -1328 -2000
-14896 -1376 -1984
-14960 -1392 -2080
-14976 -1440 -2000
-15024 -1456 -2112
-15024 -1520 -1952
-15120 -1520 -1952
-15312 -1504 -2048
-15344 -1552 -1840
-15248 -1568 -1856
-15152 -1696 -1744
-15152 -1600 -1744
-15312 -1600 -1904
-15296 -1504 -1904
-15328 -1424 -1680
-15296 -1360 -1472
-15136 -1312 -1584
-15152 -1232 -1920
-15008 -1296 -1760
-15008 -1120 -1824
-15104 -1120 -1760
-15072 -1072 -1760
-14976 -1072 -2032
-15024 -976 -1968
-15008 -992 -1696
-15008 -928 -1696
-14928 -1008 -1760
-15072 -992 -1680
-15072 -1072 -1568
-15120 -1072 -1568
-15104 -1168 -1776
-15136 -1280 -1760
-15184 -1408 -1744
-14960 -1472 -1952
-14960 -1376 -2032
-15280 -1376 -1984
-15216 -1440 -1984
-15200 -1440 -1744
-15408 -1392 -1840
-15360 -1280 -1888
-15440 -1328 -2048
-15312 -1120 -2000
-15312 -1056 -1984
-15216 -1056 -2144
-15120 -976 -2144
-14928 -1008 -2240
-14832 -992 -1840
-14784 -880 -1840
-14832 -864 -1888
-14928 -816 -1904
-14928 -752 -1872
-15056 -752 -1584
-15168 -848 -1584
-15216 -848 -1744
-15216 -944 -1632
-15120 -960 -1712
-15120 -848 -1680
-15184 -848 -1888
-15200 -832 -1888
-15088 -880 -1824
-15184 -848 -1792
-15232 -800 -1840
-15200 -800 -1968
-15104 -800 -1728
-15104 -784 -1872
-14992 -784 -1600
-14928 -800 -1600
-14960 -720 -1824
-15008 -656 -1632
-15056 -624 -1728
-15024 -608 -1584
-15024 -624 -1568
-14928 -544 -1600
-14960 -544 -1504
-15104 -544 -1504
-15088 -544 -1840
-15008 -688 -1680
-15264 -640 -1888
-15184 -752 -1984
-15248 -736 -1616
-15248 -848 -1632
-15216 -848 -1968
-15120 -848 -1792
-15184 -784 -1792
-15360 -688 -1840
-15424 -656 -1760
-15376 -624 -1840
-15280 -672 -1744
-15248 -672 -2000
-15248 -672 -1984
-15200 -672 -2000
-14896 -752 -2000
-15024 -768 -1840
-14816 -800 -1888
-14800 -768 -1856
-14768 -800 -1936
-14704 -912 -2016
-14752 -848 -2160
-14752 -896 -2064
-14784 -896 -2064
-15008 -816 -1968
-15136 -720 -1840
-15120 -640 -1760
-15088 -688 -2032
-15088 -624 -2048
-15216 -592 -1968
-15296 -592 -1664
-15328 -640 -1664
-15392 -560 -1920
-15216 -400 -1920
-15024 -384 -1936
-14992 -432 -2112
-14992 -448 -2080
-14976 -544 -1984
-14976 -544 -2016
-15056 -560 -2016
-15040 -544 -2064
-15152 -656 -1824
-15120 -688 -1696
-15088 -816 -2000
-15120 -816 -1920
-15040 -880 -2128
-15136 -864 -2256
-15104 -784 -1872
-15104 -768 -1888
-15168 -768 -1888
-15216 -640 -1888
-15216 -720 -1728
-15232 -672 -1616
-15168 -560 -1808
-15072 -496 -1904
-15200 -432 -1792
-15024 -256 -1904
-15024 -288 -1792
-14848 -288 -1568
-14768 -432 -1568
-14816 -480 -1680
-14720 -480 -1840
-14768 -608 -1872
-14832 -656 -1680
-15024 -736 -1856
-15120 -736 -1856
-15232 -752 -1888
-15280 -704 -1936
-15328 -688 -1792
-15376 -704 -1872
-15376 -720 -1904
-15456 -720 -2016
-15536 -688 -2016
-15424 -704 -2048
-15440 -608 -2032
-15536 -512 -2096
-15296 -480 -1952
-15296 -544 -1952
-15232 -544 -1936
-15232 -544 -1920
-15056 -592 -1920
-15152 -480 -2000
-15088 -464 -2144
-15008 -432 -2032
-14960 -288 -1984
-14960 -272 -2048
-14928 -272 -2016
-14848 -192 -2016
-15008 -64 -1984
-15088 0 -1920
-14992 -96 -1968
-14976 -160 -1664
-15040 -176 -1632
-15040 -304 -1696
-14912 -304 -1472
-15056 -336 -1472
-15168 -352 -1376
-15200 -352 -1424
-15104 -416 -1328
-15040 -368 -1472
-15104 -416 -1616
-15104 -496 -1632
-15040 -496 -1728
-14832 -480 -1728
-14896 -496 -1664
-15104 -448 -1648
-15248 -416 -1744
-15376 -384 -1648
-15376 -448 -1920
-15200 -448 -1792
-15264 -416 -1792
-15216 -464 -1760
-15216 -400 -1760
-15184 -448 -1760
-15104 -512 -1824
-15136 -400 -1872
-15136 -416 -1936
-15024 -416 -1888
-15120 -368 -1888
-15008 -368 -2144
-14864 -320 -2048
-15056 -320 -2096
-15152 -288 -1664
-15232 -240 -1776
-15360 -240 -1776
-15456 -240 -1616
-15456 -240 -1888
-15440 -224 -1888
-15328 -224 -1760
-15328 -384 -1840
-15360 -448 -1856
-15456 -432 -1824
-15440 -416 -1952
-15376 -480 -1952
-15232 -448 -1696
-15152 -400 -1616
-14960 -320 -1760
-14960 -304 -1824
-14928 -304 -2192
-14688 -272 -2192
-14576 -224 -1920
-14752 -192 -1936
-14928 -112 -1888
-15008 -64 -1680
-15024 64 -1744
-14960 192 -1840
-14960 192 -1952
-14976 192 -1904
-15024 96 -1904
-15072 64 -1872
-15072 -32 -2032
-15152 -112 -1776
-14992 -176 -2016
-14992 -192 -1936
-15184 -192 -1936
-15168 -224 -1936
-15056 -352 -1952
-15232 -400 -2000
-15232 -464 -2160
-15360 -464 -2080
-15296 -480 -2080
-15296 -480 -2208
-15248 -464 -2208
-15440 -448 -2192
-15440 -464 -1920
-15408 -512 -2032
-15312 -496 -2032
-15312 -512 -2048
-15312 -512 -2096
-15232 -416 -2096
-15264 -448 -2048
-15184 -448 -1984
-15072 -416 -2080
