startup(x,y,z):(224,16240,288)
528 16672 1696
480 16800 1248
-880 16448 1200
288 17856 -384
-2688 9296 1216
1536 9584 -320
1536 12384 -512
528 12384 -512
768 16288 256
736 17616 976
592 18512 1344
592 18432 1824
240 18432 1824
368 17888 1472
448 17440 1504
-144 15408 2624
384 17344 2304
384 17872 2320
-720 17856 3904
208 17360 1920
368 16832 2784
656 16320 2688
720 15808 2816
2784 16064 1312
1808 15136 960
1808 15200 -80
2736 15200 -80
624 12976 3456
384 13184 1920
352 12992 1920
912 13888 368
-80 14352 -336
64 14288 -432
288 14704 -720
464 14208 256
720 13760 848
656 14768 704
272 16144 1120
272 15680 1136
272 15168 1568
-208 15296 3056
-400 14240 3056
-800 16800 -160
-80 16608 352
-64 17680 1760
240 17664 2016
640 17056 2032
704 16656 2448
816 16528 2560
816 16624 2768
896 16624 3120
864 16496 3120
960 16368 2992
320 16448 2976
784 16528 2720
656 16832 2400
656 17424 2192
800 18016 1952
-352 17872 2176
-352 17728 3216
912 17728 1920
-464 18160 1920
-224 17280 2704
-1008 18800 -1424
368 16784 2704
1344 14128 6560
1344 13424 5936
944 13424 9600
-656 18912 6224
-400 20640 2208
-400 21408 2208
-272 21264 -192
-512 21104 48
-704 20304 1120
-784 18976 2416
-816 17504 3136
-896 16352 3248
-896 16352 3440
-944 15520 3520
-1280 15216 2464
-1040 15776 1392
-624 15776 624
-304 16112 560
80 16112 -16
528 15776 -272
944 15280 -336
1632 14624 -864
1632 14624 -1008
2080 13792 -1008
2080 13136 -832
2352 12736 -976
2736 12624 -1744
3168 12640 -1744
3200 12720 -1168
3280 12912 -1264
3440 13008 -1056
3664 13296 -1024
3664 13568 -1088
3648 13568 -864
3472 13952 -864
3376 14400 -912
3088 14848 -528
2816 15264 -240
2544 15568 -336
2432 15872 -160
2112 16208 -128
1984 16432 -224
1984 16464 -352
1888 16496 -576
2016 16496 -576
1968 16464 -720
2032 16368 -656
1952 16320 -768
2208 16128 -768
2320 16112 -944
2384 16112 -912
2400 16112 -960
2608 16000 -576
2528 15984 -464
2528 16000 -544
2432 16000 -720
2352 16080 -720
2640 16048 -544
2544 16144 -592
2560 16400 -784
2416 16688 -1024
2272 16848 -864
2256 16832 -544
2272 16864 -736
2256 16912 -736
2160 16912 -736
2160 16896 -832
2240 16688 -768
2256 16640 -1040
2448 16448 -1264
2512 16288 -2016
2512 16320 -2512
2448 16304 -2752
2336 16384 -2448
2336 16384 -1744
2064 16416 -1744
2176 16448 -1152
2288 16592 -704
2400 16768 -656
2448 16848 -720
2576 16832 -592
2688 16736 -720
2720 16624 -896
2736 16608 -944
2736 16608 -1040
2464 16608 -1040
2592 16528 -1488
2640 16544 -1296
2720 16496 -1472
2736 16464 -1488
2736 16416 -1520
2976 16416 -1664
2864 16384 -1488
2816 16368 -1504
2816 16416 -1440
2848 16416 -1440
2880 16336 -1296
2960 16416 -1360
2880 16416 -1456
2880 16400 -1440
2912 16320 -1504
2912 16320 -1184
2720 16272 -1216
2784 16208 -1216
2928 16288 -1248
2800 16288 -1248
2896 16592 -1216
3040 16752 -1312
3136 16912 -1408
3168 16912 -1232
3184 16848 -1168
3184 16848 -1216
2976 16640 -1216
2832 16576 -1216
2720 16416 -1248
2656 16096 -1392
2576 16032 -1472
2576 16032 -1376
2544 16032 -1376
2512 16080 -1440
2688 15968 -1568
2544 15920 -1312
2384 15872 -1312
2384 15840 -1120
2432 15840 -1296
2656 15808 -1296
2576 15776 -1104
2640 15776 -1072
2640 15776 -1552
2688 15744 -1552
2608 15744 -1296
2496 15808 -1184
2624 15712 -1456
2624 15632 -1328
2768 15632 -1296
3008 15616 -1296
2944 15648 -1312
2816 15696 -1072
2880 15744 -1184
2736 15744 -1184
2976 15680 -896
2912 15824 -752
2848 15904 -1040
2832 16112 -1312
2592 16208 -1280
2592 16224 -1216
2624 16224 -1328
2592 16128 -1328
2768 16208 -1152
2752 16320 -1088
2752 16288 -800
2576 16288 -800
2688 16320 -1008
2560 16336 -1184
2608 16352 -1184
2832 16288 -1120
2832 16224 -1136
2896 16224 -1120
2848 16192 -1120
2800 16192 -1328
2848 16016 -1152
2880 15984 -1088
2864 15984 -1088
3024 16032 -1216
3040 16000 -1424
3040 15888 -1456
2992 15824 -1296
3168 15792 -1328
3168 15840 -1312
3056 15840 -1200
3120 15840 -1152
3024 15968 -1200
2928 16080 -896
2896 16176 -1200
2896 16176 -1328
2704 16224 -1248
2624 16304 -976
2592 16272 -976
2432 16320 -912
2496 16320 -960
2496 16352 -912
2512 16336 -944
2336 16432 -848
2336 16368 -880
2288 16192 -848
2416 16192 -1200
2544 16144 -1200
2448 16160 -1328
2608 15984 -1376
2688 15840 -1184
2832 15808 -1312
2768 15712 -976
2672 15776 -1184
2544 15792 -1216
2432 15840 -1088
2432 15904 -1008
2400 15904 -1008
2320 15968 -1088
2272 16048 -1056
2192 16144 -1120
2208 16208 -1264
2096 16336 -1104
2096 16336 -784
2240 16240 -720
2048 16128 -704
2048 16080 -1088
2048 16048 -896
2208 16048 -896
2208 16048 -848
2208 16032 -768
2192 16016 -768
2240 16128 -1008
2288 16080 -896
2368 16112 -976
2448 16048 -880
2752 15984 -960
2464 16096 -1008
2352 16016 -800
2352 15904 -576
2400 15936 -688
2208 15936 -688
2272 15936 -384
2448 15952 -608
2464 16016 -576
2448 16080 -784
2256 16144 -704
2192 16240 -688
1984 16240 -816
1936 16352 -752
1936 16352 -480
1904 16304 -576
2016 16384 -576
2176 16448 -528
2128 16608 -544
2176 16672 -192
2032 16720 -192
2000 16704 -416
1968 16768 -64
1920 16656 -224
1920 16688 -432
1776 16688 -400
1552 16688 -400
1584 16768 -496
1552 16736 -496
1440 16752 -240
1264 16448 -160
1552 15664 368
1552 15600 272
1776 15744 -48
2176 15744 -416
2304 16400 -416
2160 17136 -912
2032 17584 -1104
1904 17712 -832
1680 18016 -496
1680 17648 -144
1904 17648 -144
1840 17168 -288
1904 16720 -240
2032 16256 80
2000 16096 192
1808 16128 224
1552 16288 -320
1424 16496 -496
1392 16784 -640
1472 16800 -528
1472 16800 -288
1264 16816 -288
1248 16848 -16
1360 16960 -320
1248 16816 -384
1248 16656 -384
1184 16464 -16
1248 16336 112
1344 16192 160
1344 16192 384
1440 16256 560
1488 16224 560
1600 16256 640
1968 16496 496
1968 16528 208
2096 16480 512
2032 16416 672
2048 16480 928
2048 16464 1168
1920 16464 1168
2000 16352 1328
1536 16176 1488
1360 16128 1568
1072 16016 1792
1072 16016 1936
800 15808 1968
752 15712 1968
592 15744 1760
656 16016 1760
768 16144 1808
2928 13728 2800
976 15856 -3600
-208 17792 -3920
-208 17792 -5040
-1072 18176 -5040
-2016 17984 -4544
-1520 17856 -5296
-752 17056 -3616
128 15616 0
832 14256 1488
1056 13584 2128
1056 13136 2048
1120 13136 2048
1008 16560 608
688 19728 -4448
-208 22704 -8384
208 3040 10560
208 512 11712
-464 7168 11712
-2704 7184 10992
-1856 2096 6272
-544 3136 6272
304 6960 4064
1120 11824 3376
1520 13248 3536
1440 13376 4032
832 18192 736
832 18192 4608
1712 14368 4608
1632 15888 6768
912 16176 5856
320 16464 4240
240 16720 2848
208 16592 2368
208 16288 2736
912 16288 3408
1248 16016 3408
1488 16000 3008
1696 15840 2960
1760 15680 2896
1648 15632 2848
1312 15728 3344
1248 15760 3424
1200 15856 3184
1248 15856 3152
1248 15856 3088
1296 15856 3088
1344 15920 2896
1312 15760 2752
1168 15712 2672
1024 15664 2976
896 15712 2784
896 15712 2704
784 15760 2688
880 15632 2688
880 15184 2560
912 14816 2736
992 14544 2656
976 14448 2816
976 14192 2368
672 14192 2464
912 14112 2464
544 13872 2448
672 13888 3296
864 16240 3504
768 11136 2000
-128 8704 3568
-288 6096 1920
-288 7104 -1744
-128 7104 -2160
352 9280 -2160
192 9264 -656
32 10992 432
192 12960 -48
-2752 14528 640
-2752 15120 864
-2736 15120 1312
-2144 15024 1360
-1104 17072 1120
144 16496 1120
1248 15968 1136
1616 15920 1424
1440 16144 1072
1440 16208 1152
1088 16208 1232
896 16352 1232
976 16096 1328
1200 16112 1776
1152 16112 1792
992 16480 1648
848 16048 1776
1008 16368 1968
1008 16384 2000
1088 16384 2000
1040 16448 2080
880 16464 2320
784 16512 2544
992 16832 2752
992 17488 2368
1616 16976 1952
2384 17088 2784
2512 16960 3312
2976 16944 3312
5616 18272 7152
2928 16288 1616
3216 16416 3408
3152 16608 2720
2752 16400 1632
3104 15648 1536
2416 15840 1488
1328 16800 1536
-2048 15088 4496
-976 21056 -1664
-976 21056 560
1344 17152 560
-6272 18208 3024
320 16448 -736
-144 15152 -1856
1136 15328 -1648
2560 16192 -960
-1024 16304 320
2032 15104 -464
2032 15792 1472
-960 15568 464
1296 15568 1504
-1360 15872 1504
1328 15696 880
-320 16112 1728
1376 15856 1104
336 15696 1760
896 15504 1536
848 15632 1808
848 16000 2064
1296 16000 2064
1056 15984 1920
1248 16080 1920
1152 16000 1600
1216 16048 2176
1216 16048 2224
1088 16048 2272
1184 16048 2272
1088 16048 2160
1232 16048 2160
1088 16112 2048
1280 16128 1856
1408 16192 2048
1568 16128 2016
1568 16160 2304
1680 16224 2464
1792 16224 2464
1808 16240 2608
