-0.889241
0.007120
0.002906
0.001787
-0.003119
-0.060749
-0.039671
-0.003263
0.016940
0.020886
0.010223
0.028694
0.021635
0.004812
-0.007927
0.024234
0.000686
0.003298
0.010433
-0.043767
-0.004093
0.019334
0.048884
0.059795
0.014347
-0.014129
0.030359
0.025362
0.067003
-0.038083
-0.045417
0.001439
0.055627
0.029496
-0.015747
-0.000950
0.043915
-0.075117
-0.022346
-0.006376
0.025945
0.026683
-0.000191
-0.015551
0.032588
0.002371
0.041722
-0.040327
-0.033686
0.009940
0.039502
-0.004423
-0.026576
-0.010660
0.010807
-0.010490
0.008070
-0.015233
0.038579
0.039775
0.016193
0.052339
-0.002465
-0.024397
0.018035
0.026572
0.009155
0.030564
0.004343
0.004596
-0.011156
-0.005014
-0.006426
-0.031529
-0.006065
-0.032869
0.023414
0.030399
0.014471
0.064656
0.024453
-0.025237
0.026885
0.025451
0.035426
0.044451
-0.016621
-0.020411
-0.024763
-0.020425
-0.012586
-0.017871
-0.001256
-0.029164
0.003805
-0.012327
0.016073
0.032532
0.033939
-0.022107
-0.001699
0.007898
-0.033910
-0.023279
-0.014447
0.033357
0.006753
0.011530
-0.002537
0.029293
-0.005409
-0.051724
0.005732
0.001716
0.034901
0.032074
0.042310
-0.014129
0.025260
0.013586
-0.021264
-0.021768
-0.009428
0.039517
-0.026044
-0.034412
-0.017132
0.006187
-0.062423
-0.054850
-0.009947
-0.006428
0.035988
0.026173
0.002376
-0.018417
-0.026749
-0.050629
-0.057498
-0.033051
-0.000705
0.039662
0.019953
0.007999
-0.042802
0.000962
-0.053189
-0.062381
-0.001372
-0.011747
0.030827
0.032106
0.015130
-0.010921
-0.020821
-0.040966
-0.033969
-0.010015
0.012336
0.026459
-0.009033
-0.066535
-0.066281
0.040901
-0.054906
-0.067901
0.015177
0.025679
0.037396
0.002139
-0.024278
-0.049304
0.029613
-0.002801
-0.048984
0.012671
0.020860
0.040199
0.008184
-0.018761
-0.037492
0.023528
-0.060961
-0.098649
0.004153
0.002388
0.015633
0.012689
-0.009163
-0.032601
-0.003465
-0.006042
-0.063674
0.003610
-0.011708
0.019295
0.003368
-0.019276
-0.034122
-0.006608
-0.033186
0.036025
0.063393
-0.054027
0.004425
-0.016008
-0.034064
-0.020996
0.001083
-0.010969
0.012806
0.006860
-0.012064
0.000615
0.014767
0.012173
-0.034573
0.030280
-0.028957
0.008668
0.058809
-0.059448
0.005162
-0.004281
-0.028630
-0.012286
0.014109
-0.001344
-0.011561
-0.007447
-0.031972
-0.002172
0.018086
0.011946
-0.034806
0.076748
0.012268
-0.016747
0.012452
-0.055714
-0.037044
-0.005041
-0.051149
-0.018752
0.011963
-0.024456
-0.024625
-0.002396
-0.015980
-0.014978
-0.002983
0.022993
0.020253
-0.004980
0.027448
0.003107
-0.012390
-0.037325
-0.023166
0.021350
0.028717
0.017142
0.012590
0.027269
0.035970
0.056295
0.014822
-0.030826
0.023469
0.037335
0.015017
0.013470
-0.051332
-0.036699
0.002399
0.003161
-0.019542
-0.039278
-0.020603
0.016607
0.072682
0.002390
-0.034471
-0.011178
0.035936
-0.017278
-0.012933
0.034523
0.021901
0.012066
-0.054784
-0.047223
0.005205
0.008534
-0.021972
-0.007484
0.006514
0.010528
0.037725
-0.006723
-0.010797
0.005933
0.054303
-0.004548
-0.030395
-0.005005
0.001582
-0.001731
0.023664
0.015954
0.034536
0.007318
-0.004631
-0.013441
-0.003706
-0.010639
0.006932
0.026834
0.013680
-0.003696
-0.002273
0.029760
0.032246
-0.010261
0.004058
-0.031992
-0.015925
-0.024781
-0.001676
-0.023973
-0.021680
-0.017827
-0.014256
-0.033279
-0.015134
0.025293
0.022308
-0.002450
-0.011165
0.002522
0.007322
-0.033504
-0.037300
-0.032705
-0.005126
-0.018646
-0.017680
-0.027115
0.007324
-0.002215
-0.003493
-0.014423
0.012687
0.116330
0.134702
0.065249
-0.004053
-0.050358
-0.008478
0.018841
0.013157
-0.011896
-0.000295
-0.034121
-0.032211
-0.026807
0.015691
0.007872
0.002673
-0.014074
0.012606
0.130577
0.165522
0.103574
0.020632
-0.048125
-0.014181
0.009125
0.010037
-0.034189
-0.051541
-0.050483
-0.014373
-0.016158
0.001721
-0.004688
-0.021908
-0.047234
-0.012645
0.004677
-0.016899
-0.037875
-0.000756
0.024031
0.126793
0.156787
0.062925
-0.028748
-0.047816
-0.053037
-0.019860
-0.013883
-0.007251
-0.006166
-0.030296
-0.046581
0.004403
0.008677
0.018593
-0.007414
0.007645
0.015604
0.092951
0.100769
0.050570
0.020543
-0.000300
-0.041977
0.008448
-0.016345
-0.006680
-0.001402
-0.040584
-0.039804
0.010076
-0.012849
-0.021768
-0.011249
-0.031682
-0.025704
0.065151
0.080193
0.053733
-0.013971
-0.012900
-0.064614
-0.003631
-0.033864
-0.005238
0.008672
-0.020911
-0.025994
-0.006050
-0.025851
-0.030098
-0.011170
-0.053019
-0.064953
0.022188
0.056190
0.055090
0.002035
-0.014344
0.002970
-0.006218
-0.048355
-0.031950
-0.011063
-0.021549
-0.060387
-0.004427
-0.007700
-0.009181
0.001573
0.019297
-0.013204
0.032699
-0.004370
-0.005937
0.023580
-0.011340
-0.026961
-0.031386
-0.043579
-0.007425
0.017209
0.012428
-0.036240
0.007160
0.000496
0.001906
0.012857
0.038336
-0.007086
0.041223
0.004652
0.005211
-0.001633
-0.026058
-0.023329
-0.004065
-0.025199
-0.022657
-0.016986
0.001107
0.001304
0.038088
0.012634
-0.044162
-0.003025
-0.029380
-0.009076
0.009912
-0.008029
0.024967
-0.012104
0.000564
-0.008150
0.017997
-0.046304
-0.069202
0.031554
0.030132
0.015521
-0.051455
-0.032626
-0.025527
0.020214
0.033284
0.034136
0.019383
0.047548
-0.004059
0.032096
-0.011964
-0.013976
-0.006956
-0.010459
-0.063163
-0.039574
-0.009168
-0.005637
0.004816
0.007099
-0.064827
-0.050321
-0.001839
0.040843
0.027635
-0.006526
0.017478
0.039705
-0.025223
-0.051444
-0.021859
0.012871
-0.026610
-0.017826
0.012237
-0.000828
0.011141
0.005283
-0.032896
-0.012081
0.028169
0.055759
0.015544
-0.008544
0.016637
-0.007106
0.021765
0.026911
0.011962
-0.006497
0.011833
-0.020220
-0.058452
-0.021166
-0.006269
-0.045163
-0.033731
0.016044
0.012399
0.029840
0.003219
0.014188
-0.000823
-0.010287
0.013616
0.002262
-0.002503
-0.007371
0.020701
0.005980
-0.028512
-0.029149
-0.030995
-0.034779
-0.012570
0.026869
0.008114
-0.000562
-0.031701
-0.036598
-0.038118
-0.010742
0.110186
0.149207
0.100068
0.020589
-0.027339
-0.035759
-0.011233
-0.005474
0.024270
0.025881
-0.020184
-0.008767
-0.024939
-0.032295
0.028967
0.071953
0.069293
-0.012459
0.090377
0.110688
0.079022
0.006389
-0.032999
-0.015782
-0.000775
0.003721
0.016735
0.019170
-0.000585
0.002766
-0.041871
-0.053540
0.014294
0.052097
0.051292
-0.011395
0.005186
-0.007209
-0.026446
-0.012404
0.014757
0.081969
0.111593
0.051171
-0.009344
0.037575
0.063332
-0.010418
-0.024745
-0.007244
0.054713
0.111766
0.039366
-0.011558
-0.011010
-0.025913
-0.042435
-0.017759
0.008656
0.098478
0.120919
0.058731
0.006746
0.063618
0.084327
-0.004103
-0.046955
-0.031531
0.029739
0.093680
0.039116
-0.027088
-0.029213
-0.038946
-0.009497
-0.032255
-0.026993
0.042235
0.039211
0.031005
-0.023890
0.002985
0.040251
0.011522
0.005194
0.024878
0.017818
-0.027101
0.004505
-0.017635
-0.042721
-0.054267
-0.028082
-0.035258
-0.018089
0.049863
0.057354
0.037970
-0.022832
0.011895
0.060725
0.008715
-0.005130
0.020370
-0.003527
-0.085449
-0.019697
0.010731
-0.005594
-0.008872
0.001886
0.027003
-0.004596
0.026366
-0.027914
-0.021985
-0.007778
-0.065448
-0.032774
-0.027737
-0.011395
0.034554
0.022768
-0.002609
0.015542
0.011896
-0.017859
-0.032858
-0.008571
0.033934
0.003682
0.052135
0.007490
-0.003532
-0.025360
-0.054211
-0.011961
-0.011295
0.011461
0.041074
0.030226
0.013715
0.026120
0.052767
0.014617
-0.035067
-0.003953
-0.024626
-0.007216
-0.010826
-0.026949
0.012488
-0.007813
-0.037814
-0.032837
-0.060103
-0.061115
-0.022307
0.027492
0.007191
-0.017942
-0.021094
-0.028560
-0.052304
-0.014505
-0.029828
-0.007530
0.001898
0.061570
0.004030
-0.025025
-0.028502
-0.005877
-0.011232
-0.022569
0.018150
0.023940
0.040908
-0.003166
0.048455
0.032116
-0.033039
-0.030991
-0.037855
-0.014725
0.003567
-0.018492
0.024443
-0.053292
-0.015141
-0.029584
-0.022612
0.018945
0.037853
-0.007539
-0.010329
-0.035172
0.033473
0.014352
-0.043576
-0.027828
-0.024040
0.013444
0.026072
0.002705
0.029682
-0.075560
-0.002162
0.003116
0.011478
0.030712
0.038882
-0.005056
-0.030612
-0.047091
-0.007090
-0.026345
-0.017531
0.030402
-0.033864
-0.037524
-0.023660
-0.007567
-0.004479
-0.067327
0.067272
0.114497
0.108968
0.028019
-0.005810
0.018139
0.010691
-0.017189
0.013826
-0.017406
-0.011824
0.036577
-0.009168
-0.012408
0.002285
0.020505
0.004472
-0.108329
0.060484
0.158670
0.132996
0.059211
0.008527
-0.002599
-0.019541
-0.046310
0.029883
0.049675
0.014221
0.024263
-0.026059
-0.055169
-0.007190
0.032130
0.058457
-0.048682
-0.051533
-0.017596
0.011025
0.006670
-0.005121
0.034699
0.084740
-0.021020
0.047673
0.023042
-0.016920
-0.008078
-0.036952
-0.044146
0.027796
0.081897
0.092567
-0.065385
-0.049953
-0.016982
0.013055
0.004451
-0.005214
0.016098
0.041396
-0.037760
0.043052
0.094455
0.112742
0.019370
-0.003808
-0.000690
0.011509
0.075717
0.048032
-0.040927
-0.007234
0.028303
0.024078
-0.018764
-0.016042
-0.006627
0.037578
-0.042612
0.016713
0.069960
0.044384
-0.041860
-0.075565
-0.031899
0.037665
0.102116
0.057368
-0.044074
-0.011441
0.025893
0.010756
-0.040397
-0.042463
-0.032850
0.007373
-0.044749
-0.033733
-0.005286
0.049271
0.022489
0.009876
0.007541
-0.014099
-0.051694
-0.007254
-0.055729
-0.058851
-0.014530
-0.044127
-0.069406
0.019554
0.128277
0.107994
0.076391
-0.056780
-0.015466
0.033428
-0.005562
-0.017564
0.020751
0.026705
-0.013532
-0.001766
-0.044294
-0.056846
-0.001795
-0.039548
-0.077686
0.015004
0.140197
0.118892
0.085880
-0.006491
-0.062356
-0.032108
-0.029612
-0.028202
0.017369
0.024745
-0.007645
0.014392
-0.035088
-0.042565
0.001060
-0.017951
0.000630
0.012188
-0.020547
0.000081
0.013948
-0.025528
-0.072209
-0.040252
-0.028960
-0.004531
0.046972
0.058326
0.031847
0.024299
-0.022095
-0.033202
0.019273
-0.006305
0.020287
0.034967
-0.040147
-0.015528
0.034228
-0.007271
-0.025535
-0.029474
-0.057516
-0.047258
-0.005307
0.017735
-0.006980
-0.009184
0.022591
0.010330
-0.017294
0.003996
0.022225
0.006331
0.037226
0.017554
0.021658
0.013766
-0.024351
-0.012805
-0.027683
-0.063922
-0.002184
0.049393
0.071656
0.030062
0.007058
-0.013743
0.006843
-0.002654
-0.014834
-0.043954
-0.053786
-0.014182
-0.062121
-0.004669
0.007616
0.009207
0.001819
-0.013351
-0.007946
-0.025113
-0.024982
-0.031887
0.007193
0.067482
-0.031484
-0.056239
0.001473
0.024556
-0.014074
-0.001748
-0.011613
-0.030551
0.004099
-0.015288
-0.014312
-0.014721
0.001518
-0.009776
-0.011607
-0.025954
-0.026243
0.060999
-0.005021
-0.025680
0.025913
0.037789
-0.018663
-0.025592
-0.030650
-0.068749
0.070559
0.148690
0.132070
0.004832
-0.055462
-0.003108
-0.011678
-0.022639
-0.020728
0.029213
0.014775
-0.016925
-0.053131
-0.060401
-0.065112
-0.026453
-0.017566
-0.063701
0.079268
0.182564
0.151884
0.061550
-0.008076
0.025536
0.028687
-0.007978
-0.023823
0.049718
0.037088
-0.006175
-0.031620
-0.037211
-0.057217
-0.028161
-0.034439
-0.053357
-0.031940
0.010062
0.027958
-0.007644
-0.050461
0.009461
0.065548
-0.035743
0.003083
-0.014642
-0.056402
-0.033095
-0.020013
-0.017862
-0.042173
0.058697
0.002584
-0.054468
-0.057491
-0.010623
0.031148
0.023403
0.013840
0.064882
0.107934
-0.017799
0.015536
-0.015929
-0.033577
-0.011222
0.004716
0.000142
-0.046938
0.053582
-0.003579
-0.048374
0.020268
0.085805
0.062553
0.005235
-0.013115
-0.047146
0.019356
-0.057891
0.009986
0.010832
0.031581
-0.011063
0.010808
0.009587
-0.054812
0.000531
-0.065692
-0.013047
-0.003885
0.047467
0.020770
-0.036602
-0.030638
-0.001869
0.044657
-0.017593
0.021711
0.007896
-0.005219
-0.031579
-0.028305
-0.031169
-0.095045
-0.042620
-0.063086
0.000787
-0.026893
0.028113
-0.009096
-0.057199
0.027993
0.137033
0.106715
0.105210
-0.016253
-0.001342
-0.009415
-0.013070
-0.058571
-0.041136
-0.017039
0.007641
0.015248
-0.032509
-0.059426
-0.010986
-0.043055
-0.104186
-0.005994
0.148346
0.144923
0.100081
-0.035501
-0.000139
0.001680
-0.009370
-0.063512
-0.048087
-0.021989
-0.005447
-0.014460
-0.009505
-0.033834
0.024655
-0.008689
-0.017895
-0.012522
-0.040250
-0.002038
0.024902
-0.018314
-0.018206
-0.006850
-0.019004
0.019042
0.074142
0.005948
-0.015679
0.067078
-0.031373
-0.051771
-0.004098
-0.025273
-0.020465
0.014717
-0.025349
0.023113
0.035652
-0.035444
-0.000476
0.017002
0.001505
0.037610
0.082246
-0.003894
-0.015988
0.076257
0.027614
0.022917
-0.010311
0.014362
-0.005867
-0.036465
0.027455
0.003919
0.033142
0.016818
-0.013237
-0.034418
-0.012757
0.034356
0.032943
-0.038355
-0.073574
-0.023367
0.030238
-0.011104
-0.007874
-0.004250
-0.036182
-0.038393
-0.028983
0.008876
-0.031528
-0.047251
-0.036616
-0.032616
-0.021850
-0.005853
0.038928
-0.036163
-0.013995
-0.062863
-0.039527
0.068364
-0.019855
-0.048848
-0.007351
0.005275
-0.015646
-0.025458
-0.021011
0.020090
0.067403
0.024928
-0.028899
-0.010357
-0.007423
-0.037713
-0.016558
0.044809
-0.016703
0.056156
-0.025170
-0.040421
0.009687
0.026733
0.003272
-0.008923
-0.020842
0.024115
0.044737
0.030381
-0.010005
0.011716
0.030247
-0.062569
-0.030128
0.033529
0.006452
0.051967
0.018538
-0.018937
-0.056881
-0.069630
-0.072099
-0.036275
-0.006877
-0.028026
-0.029519
-0.000050
-0.002449
-0.045469
-0.057351
-0.007307
0.017743
0.019032
0.052813
0.075739
0.024843
-0.018565
-0.033498
-0.026145
-0.038408
0.006443
0.008220
-0.010478
-0.006871
0.052770
0.021628
-0.006541
-0.034908
-0.011704
0.006469
0.005052
0.008125
0.013199
-0.023324
-0.012075
-0.015603
-0.021977
-0.038421
0.059917
-0.000402
0.024932
-0.036755
0.000199
0.027035
-0.002263
-0.034888
-0.042697
0.047210
-0.001883
0.035872
-0.001619
-0.030289
-0.016975
-0.017168
-0.016937
-0.022430
0.086469
0.020522
-0.004953
-0.018735
0.010922
0.035321
-0.008035
-0.050466
-0.054013
0.032213
-0.022067
0.031013
0.028571
0.046116
-0.014752
-0.019766
-0.010109
-0.078789
-0.025863
-0.063343
0.019614
-0.027882
0.001945
-0.012753
0.003853
0.018334
-0.002699
0.030084
-0.030258
0.050195
0.027385
0.002154
-0.032582
-0.044436
-0.026446
-0.063503
-0.011575
-0.046382
0.012841
-0.016043
0.022172
0.006289
-0.018817
-0.024429
-0.034640
-0.018333
-0.031627
0.017454
0.030185
0.042960
0.017308
-0.063112
-0.049702
-0.047908
-0.046889
-0.003150
0.089763
0.018005
0.062438
0.044691
-0.010282
0.022731
0.054933
0.067380
0.050447
-0.011380
0.008643
0.004914
-0.009082
-0.079554
-0.065549
-0.024918
-0.003341
0.004489
0.040021
0.010284
0.035326
0.011639
-0.030018
-0.015497
-0.023416
-0.022115
-0.021686
0.010527
0.001822
0.027201
0.002309
0.002673
0.031839
-0.008513
-0.046109
0.070307
0.066706
0.008916
0.001637
-0.007855
-0.019846
0.046685
-0.000430
-0.014159
0.057228
-0.003794
0.006852
0.021857
-0.005221
-0.010156
0.047164
0.016884
0.009482
0.102821
0.029650
0.019194
0.027495
0.007572
-0.036701
0.028471
0.005830
0.016745
0.066558
0.029731
-0.003805
-0.004816
0.011290
0.014129
-0.021077
-0.049201
-0.086321
-0.015001
-0.052644
-0.017128
-0.010720
-0.028535
-0.028082
0.019837
-0.035441
-0.078252
-0.046989
-0.017625
-0.009864
-0.035141
-0.034677
-0.021360
0.025630
-0.000920
0.025928
-0.016926
-0.002859
-0.015831
0.001576
0.001778
-0.032481
-0.044112
-0.090552
-0.061373
-0.032641
0.020513
0.068444
0.023604
-0.033652
0.001853
0.005375
-0.035982
-0.026178
0.051256
-0.042564
0.042278
-0.023447
0.000426
-0.014548
0.017595
-0.061056
-0.010907
0.025519
0.027077
0.018976
-0.015320
-0.036423
0.014948
0.039494
-0.026141
0.000734
0.043166
-0.027729
0.035927
-0.019516
0.003474
-0.021615
0.004317
-0.073870
-0.043346
-0.010174
-0.060277
-0.038936
-0.013114
-0.005029
-0.017401
-0.029299
0.000584
0.007618
0.016846
-0.005261
0.022951
0.051237
-0.014196
-0.057538
-0.075121
-0.024625
0.034735
0.026927
-0.005291
-0.044563
-0.014463
-0.005023
-0.005561
-0.021171
0.009839
0.031056
0.026513
0.025283
0.059907
0.102789
0.005041
-0.033295
-0.046353
-0.024564
0.033538
0.046497
-0.003542
-0.031021
0.007554
0.025416
-0.010547
-0.032967
-0.041100
0.037880
-0.006618
0.013538
-0.060277
-0.020980
-0.031234
-0.029319
0.009168
0.034144
0.002167
-0.041361
0.020673
-0.020923
0.003203
0.036099
-0.001622
-0.027361
-0.020505
0.070915
0.013954
-0.010357
-0.051889
0.023483
0.004692
-0.007037
0.027910
0.057726
0.010621
-0.038606
0.040155
-0.017871
0.033966
0.015511
0.013159
0.032667
-0.002656
0.009253
-0.046546
0.012118
-0.060451
0.003140
0.011333
0.036347
-0.013788
0.026275
0.036350
-0.058475
-0.013561
-0.026677
0.012923
0.003131
-0.011020
-0.000231
-0.008596
-0.003216
-0.051183
-0.037844
-0.054603
-0.008380
0.002613
-0.020378
-0.065665
-0.007654
-0.003873
-0.060219
0.040534
0.035252
0.066677
0.057975
0.017096
0.037438
0.036008
0.020221
-0.015539
-0.021258
0.004678
0.059115
0.010183
-0.018185
-0.005619
0.029308
0.080008
0.057177
0.058061
0.018992
0.032008
0.021297
-0.003240
0.013587
0.017469
0.016870
-0.009294
-0.032797
0.017714
0.040696
0.015609
-0.028498
-0.033213
-0.011533
0.031995
0.007930
0.080328
0.028145
0.029976
0.012684
-0.002682
0.062824
-0.034679
-0.073213
0.020548
-0.011329
0.010404
-0.011828
-0.006578
-0.002671
-0.018511
-0.030033
-0.028576
0.006328
0.075354
0.030298
0.046548
0.027963
-0.013302
0.076206
0.023369
0.021468
0.080732
-0.037209
0.031332
0.016110
0.006454
-0.013283
-0.035121
-0.040111
-0.033619
0.016745
-0.035413
0.003491
0.008843
-0.012698
-0.001190
0.050565
-0.023393
-0.085198
-0.051407
-0.094708
-0.047424
-0.047974
-0.037553
-0.033807
0.009330
0.013042
-0.014970
-0.051545
0.011130
-0.028337
-0.021491
-0.009081
-0.004463
-0.022923
-0.069416
-0.036177
-0.011256
-0.001412
0.000743
-0.007659
0.004168
0.010059
-0.039281
-0.028672
-0.046343
-0.041524
-0.008436
0.045008
-0.014298
0.010161
-0.016313
0.008585
-0.075181
-0.035419
0.031055
-0.010600
0.007610
-0.005059
0.031873
-0.011022
-0.031904
-0.013533
-0.009361
0.020851
-0.001361
0.007815
-0.054903
-0.009109
-0.030373
0.002978
-0.056804
-0.014034
0.010291
-0.013270
0.007824
-0.003575
0.016526
-0.015821
-0.038572
-0.030076
-0.026874
-0.003343
-0.003058
0.032169
0.056774
0.002089
-0.057842
-0.067780
-0.020871
0.031706
0.038260
-0.017948
0.042251
-0.011850
-0.014752
0.010944
-0.035950
0.001515
0.062123
-0.002917
-0.022641
0.023060
0.060176
-0.002611
-0.046445
-0.040186
0.006440
0.074124
0.050618
0.005020
0.086183
0.039962
0.017714
0.038829
-0.013313
0.012588
0.057490
-0.021192
0.005738
-0.048668
-0.019747
-0.013844
-0.044545
0.003079
0.048714
0.005636
-0.034712
-0.055855
-0.079772
-0.026468
-0.058188
-0.035579
0.003918
0.010407
0.013382
-0.077981
0.009878
-0.049005
0.013071
0.014505
0.006292
0.065810
0.091556
0.049196
-0.019008
-0.072815
-0.088008
0.010547
-0.026038
-0.001157
0.034353
0.028439
0.029648
-0.090605
0.010749
-0.048128
0.018837
0.049302
0.072480
0.021454
0.016072
0.001227
-0.076598
-0.070232
-0.090700
0.019796
0.020389
0.010947
0.042054
0.033395
0.060067
-0.058568
-0.029830
-0.054224
-0.006745
0.018954
0.005536
-0.029310
0.013537
0.009916
-0.062583
-0.068827
-0.079350
0.028672
0.014735
-0.037105
-0.036600
-0.017700
-0.001295
-0.066691
-0.021398
0.038883
0.080236
0.035866
-0.005910
0.004412
0.027649
0.064146
0.022769
0.008263
0.012122
0.085640
-0.003023
-0.013262
0.000859
-0.005317
0.025236
0.074905
-0.023449
0.035187
0.036289
0.019651
-0.026203
-0.025448
0.020957
0.058112
0.011640
-0.000008
0.017137
0.064448
-0.001024
-0.043362
-0.040237
-0.016390
0.017278
0.073951
0.003015
0.034512
0.019649
0.016604
-0.002424
-0.037267
-0.040757
-0.040422
0.003407
-0.021898
-0.032100
0.018482
-0.031139
-0.028392
0.005530
-0.024182
-0.046233
-0.012048
-0.003653
0.030077
0.009849
0.018116
0.016973
-0.006899
0.001770
0.006605
0.040305
-0.001060
-0.013480
0.027579
-0.024892
-0.008856
0.025327
-0.010944
-0.031094
-0.006020
-0.043074
-0.016727
-0.029017
-0.012507
0.002443
0.048576
0.025773
-0.029860
-0.044360
-0.026287
-0.017603
0.018467
0.002159
-0.006711
0.010489
-0.019584
-0.041806
-0.047348
0.013778
0.014484
-0.002440
0.020470
0.055783
-0.006276
-0.023179
-0.030439
-0.019577
-0.045316
-0.054735
-0.060406
0.006833
0.008301
-0.025595
0.026939
-0.034384
-0.010466
-0.000777
0.050838
0.026372
0.066693
0.024705
-0.025648
-0.029521
-0.039678
0.001746
-0.091127
-0.004915
-0.050120
0.020260
0.036031
-0.017639
0.003178
-0.014819
-0.036055
-0.029075
0.018939
-0.017920
0.030596
0.021883
-0.001700
0.007870
0.002397
0.014401
-0.081233
-0.010163
-0.043251
0.004772
0.016689
-0.025621
-0.006167
-0.021150
-0.025118
0.013137
0.086319
0.027869
0.029501
0.011958
-0.047921
0.013251
0.069337
0.031095
-0.019625
0.005669
-0.026115
0.019944
-0.015611
-0.033273
0.064456
0.053120
0.056152
0.017374
0.086795
0.034744
0.037622
0.049995
0.007115
0.044158
0.099729
0.042017
-0.014892
0.023315
-0.000871
0.045095
-0.017582
-0.044226
0.066641
0.041965
0.065286
-0.036754
-0.049309
-0.000854
-0.030813
-0.035229
-0.004125
0.009233
0.012008
-0.051386
-0.013643
-0.015142
0.014251
-0.046159
-0.011013
-0.042756
-0.008482
-0.014494
-0.019071
-0.021473
-0.044769
0.037240
-0.008049
0.006562
0.060822
0.068082
0.088524
-0.034226
-0.005510
-0.006692
0.072727
-0.012405
0.028283
-0.016127
-0.007372
-0.013509
-0.043422
-0.066813
-0.047081
0.077687
0.068760
0.021591
0.045834
0.057658
0.074448
-0.062496
0.057875
-0.102410
-0.034492
-0.020046
0.012291
0.044996
0.060781
0.039021
0.018557
-0.045006
-0.053597
0.044343
0.021851
-0.052483
-0.031904
0.015510
0.028994
-0.048162
0.023397
-0.094895
-0.041913
-0.038911
-0.046687
-0.023446
0.008315
-0.037968
-0.036295
0.034717
0.057321
0.112566
0.052251
-0.001044
-0.003798
0.001938
0.027954
0.077229
0.037992
0.029292
0.011431
0.030685
0.018910
0.023761
-0.010920
0.011201
-0.038078
0.015044
0.039864
0.071511
0.024067
-0.036284
-0.041084
-0.000916
0.034428
0.073184
0.028742
0.033862
0.015020
0.028134
-0.027812
-0.025854
-0.032797
-0.027732
-0.052547
0.009894
-0.004281
0.043313
-0.001702
-0.010235
0.002916
-0.011530
-0.037130
0.012732
-0.100316
-0.052731
-0.031457
-0.029100
-0.000994
0.034294
-0.028384
-0.048379
-0.014452
0.041766
-0.004133
0.032675
-0.001258
0.010964
0.034290
0.020505
0.018637
0.037882
-0.076283
-0.047820
-0.004564
-0.005945
0.018306
0.047541
0.009664
-0.016854
-0.009686
-0.040883
0.002482
0.019330
0.021057
0.010072
0.033744
0.003970
-0.032892
-0.050080
-0.032492
-0.038378
-0.011244
-0.028036
-0.065111
-0.036391
-0.050293
-0.061728
-0.066090
-0.030845
-0.050718
-0.076046
0.010726
0.040981
-0.002227
0.023584
-0.023233
0.001515
-0.023379
-0.015519
-0.005443
-0.032713
-0.021606
-0.000971
-0.024797
-0.021413
-0.028532
-0.076621
0.008027
-0.033699
0.041738
0.098837
0.027804
0.029411
-0.022758
-0.029850
-0.059365
-0.032728
-0.076892
-0.041143
0.040257
0.025653
-0.024843
-0.018675
-0.040078
-0.088617
-0.006663
-0.047898
0.013787
0.038032
-0.017788
0.009216
-0.002885
-0.011552
-0.065393
-0.020158
-0.063756
-0.037211
0.016314
-0.013504
-0.046447
-0.036436
-0.058025
0.015377
0.039632
-0.006913
0.036395
-0.022041
-0.048453
0.072707
0.052032
0.080842
0.012993
0.006215
0.003598
-0.001532
0.029299
-0.000632
-0.017427
0.025812
0.049750
0.032139
0.026217
-0.014263
0.028411
-0.021462
-0.038772
0.076685
0.078624
0.093048
0.004688
0.003211
-0.002462
0.002104
0.056066
0.031291
-0.008629
0.020484
0.040846
-0.009018
0.000010
0.012403
-0.046775
-0.032214
-0.074988
-0.027302
-0.019592
-0.008591
-0.013377
-0.011252
0.024455
-0.008085
-0.065511
-0.041074
-0.058482
-0.014257
-0.010660
0.020971
-0.000806
0.038375
-0.028501
0.030754
0.004401
0.020068
0.041109
0.007820
0.084506
0.044350
0.083684
0.022232
-0.034725
-0.001235
-0.044276
0.021736
0.005663
0.052181
-0.067687
-0.008964
0.002844
0.000329
0.031202
0.047934
0.016655
-0.006307
0.068239
-0.078065
-0.048888
-0.045013
-0.034733
-0.003789
-0.033800
0.008022
0.054853
0.019840
-0.078481
-0.026280
-0.017962
-0.038324
-0.001193
0.037267
0.014537
-0.009003
0.008034
-0.068095
-0.023018
-0.026524
-0.047187
-0.035512
-0.055876
-0.012304
0.023206
0.058154
0.083244
0.071813
0.084940
0.035297
0.027093
0.005049
0.028867
-0.021502
-0.007090
0.045842
-0.031757
-0.035229
0.033182
0.029734
0.018368
0.017836
0.034761
0.071848
0.078203
0.054662
0.082983
0.005981
0.000489
0.015336
0.025028
-0.024471
-0.030577
0.031295
-0.024059
-0.035348
0.000902
-0.008464
-0.007019
-0.006762
0.018826
-0.038540
-0.012970
0.012690
0.005445
0.003040
0.036782
-0.024417
-0.057864
0.001836
-0.037730
-0.002534
-0.047941
-0.053402
-0.023065
0.000916
-0.018673
-0.038511
-0.016465
-0.041542
-0.027730
0.014118
0.000444
0.029830
0.056083
0.021224
-0.003315
0.009449
-0.034200
0.010323
-0.028161
-0.035710
0.002222
0.017363
-0.025633
-0.040018
-0.013568
-0.006913
-0.011758
0.016437
-0.000347
-0.040232
-0.032336
-0.037488
-0.031330
-0.047469
0.013000
0.003157
-0.030367
-0.047955
-0.006786
0.027796
-0.004713
-0.051400
-0.038165
0.001093
0.002828
-0.011024
-0.028303
-0.048487
-0.018046
-0.003688
-0.002286
-0.003327
0.024567
-0.012642
-0.055616
-0.067722
-0.026410
-0.048507
-0.030663
-0.011033
-0.029425
-0.078389
-0.007890
-0.021179
0.009266
0.035654
0.004965
-0.020216
-0.004178
-0.044064
-0.001039
0.005991
-0.042194
-0.019386
0.038517
-0.012630
-0.039184
0.000669
-0.053948
-0.043960
0.005327
-0.040222
-0.011063
0.005488
-0.018420
-0.019422
0.003761
-0.026941
-0.015307
0.006439
-0.032257
-0.019779
0.018262
-0.031787
-0.067008
-0.033813
-0.064662
-0.016715
0.023644
0.026264
0.024818
0.010120
-0.026235
-0.008374
0.015878
0.038803
-0.033357
0.008022
0.001692
-0.008491
0.027581
-0.032000
-0.026576
0.022703
-0.036410
0.031111
0.011037
-0.000311
0.011410
0.028041
0.017436
0.015055
0.041813
0.061299
0.023430
0.001799
-0.001186
-0.002584
0.050079
-0.004293
-0.031988
0.005935
-0.042956
0.016400
0.020438
0.042794
0.004290
-0.080682
-0.058472
-0.067894
-0.020490
0.005595
-0.016756
0.009968
-0.014004
-0.007227
-0.060415
-0.059132
-0.026766
0.003334
0.006473
0.046885
0.017389
0.043234
0.005511
-0.045796
0.011997
-0.022198
0.038176
0.007063
0.056952
0.035357
0.032084
0.007449
-0.048932
-0.036308
-0.005508
0.032737
0.004549
0.088871
-0.046040
-0.019090
-0.027019
-0.050354
-0.021887
-0.031532
-0.014623
0.025878
0.056668
0.003973
-0.027178
0.000584
-0.045110
-0.040744
0.029314
0.055820
0.060398
0.041242
-0.053720
-0.033291
-0.037648
-0.075817
-0.046812
-0.037633
0.003816
0.030584
0.036765
0.013932
-0.011220
0.002347
-0.062676
-0.064760
0.011471
0.030847
0.044560
0.031183
0.071498
-0.001760
-0.014524
-0.003373
-0.005519
0.000413
0.005396
0.031802
-0.029114
0.032273
0.005803
-0.014380
0.019797
0.015346
-0.011080
0.006561
0.018613
0.012874
0.054243
-0.015559
-0.024946
-0.005110
0.008796
0.011083
0.019938
0.041535
-0.050229
0.039608
0.023165
0.000816
0.025785
0.029954
-0.000933
0.001705
0.001043
-0.023561
0.006099
-0.021738
-0.024822
-0.024172
-0.006351
-0.028116
-0.039347
-0.011040
-0.015701
-0.029682
-0.027898
-0.019872
-0.017657
-0.006263
-0.036856
-0.069856
0.005413
-0.041563
0.005962
-0.042204
-0.039102
-0.013915
0.021832
0.002679
-0.003960
-0.003047
-0.020746
-0.038963
-0.027840
-0.014902
-0.006651
0.011023
-0.023770
-0.078771
-0.002297
0.012252
0.012332
-0.021478
-0.039581
-0.001883
0.042952
-0.007841
-0.073314
-0.048360
0.004616
0.010516
-0.023593
-0.028812
-0.025768
0.012330
0.018101
0.032458
0.004506
0.043779
0.005673
-0.041813
-0.032474
0.021552
0.016919
0.003394
0.027351
-0.016486
0.050771
0.011968
0.002140
-0.014121
-0.034550
-0.049557
-0.030912
-0.038089
-0.049211
0.055089
0.040096
0.010992
0.022203
0.089610
0.026810
-0.015919
0.034191
-0.032091
-0.011587
-0.008376
-0.011190
-0.025827
-0.003250
-0.029405
0.002121
-0.037679
-0.052724
0.012799
0.015176
-0.030733
-0.003020
0.053688
0.003670
-0.021640
0.020749
-0.028768
0.000361
-0.018530
-0.023897
-0.036154
-0.040949
-0.083933
-0.023290
-0.048398
-0.056396
-0.000160
0.010901
0.020730
0.006541
0.048209
-0.004502
-0.020029
0.017085
-0.042451
-0.002954
-0.030846
-0.060642
-0.015506
-0.038131
-0.025388
-0.021440
-0.040590
0.013136
0.012845
-0.005905
-0.004841
0.003554
0.057274
0.026517
0.000663
0.027611
-0.027370
0.023146
-0.027800
-0.051969
-0.005653
-0.030976
-0.021402
-0.034779
-0.047662
0.006428
-0.027627
0.037630
0.019005
0.010588
-0.044842
-0.054227
-0.037243
-0.026822
-0.002716
0.003719
0.007409
0.014139
0.003893
-0.054506
-0.084908
-0.036359
0.053672
0.053450
0.026627
0.028489
0.018893
0.001791
-0.031445
-0.020930
-0.014867
0.020296
0.004568
0.042379
0.027227
0.054785
0.042492
-0.021696
-0.050254
-0.024410
0.047807
0.041171
0.048258
0.003365
-0.036156
-0.001141
-0.044267
-0.043539
0.011614
0.025235
0.045852
0.043943
0.046481
0.015925
-0.033255
-0.039494
-0.029841
-0.023506
-0.001618
0.070015
0.036684
-0.004697
-0.051403
-0.012507
-0.059249
-0.052704
0.010257
0.044130
0.050049
0.034010
0.039182
0.024825
-0.024380
-0.038781
-0.049569
-0.041867
-0.031823
0.028362
-0.037501
0.035742
0.013559
-0.009295
0.008656
0.004570
-0.033281
-0.009572
0.003097
0.044374
-0.005455
-0.058666
-0.065231
-0.000112
0.036417
0.001914
-0.037201
-0.027918
-0.053575
0.038518
0.002785
-0.013228
0.002689
0.028250
0.015728
0.014145
0.016372
0.021273
-0.004439
-0.054766
-0.051899
-0.006796
0.033246
0.013716
-0.036266
-0.029954
-0.015277
-0.022877
-0.009070
-0.005353
-0.015557
-0.008282
-0.035767
-0.057294
0.004402
-0.022839
-0.057544
-0.041645
-0.056379
0.004459
0.001100
-0.014591
-0.032901
-0.055902
0.006315
-0.035148
-0.045175
-0.037470
-0.019885
0.021044
-0.001831
-0.036214
0.015656
-0.014397
-0.050492
-0.043222
-0.039813
0.030800
0.022213
-0.001309
-0.031031
-0.048917
-0.001310
0.011168
-0.006116
-0.010957
-0.014896
0.028774
0.020611
0.040296
-0.005033
0.035210
-0.001065
-0.002800
-0.018446
-0.003791
-0.015466
0.030683
0.021947
-0.019357
0.073298
0.012153
-0.008716
-0.012083
0.008494
-0.002414
-0.019133
-0.006316
-0.034263
-0.045372
-0.002722
0.040293
0.028964
-0.046680
-0.044871
0.024877
0.010134
-0.022201
-0.007203
-0.002684
0.017599
0.011744
0.056665
0.000850
-0.013912
-0.032944
-0.063130
0.021250
-0.010777
0.032078
0.020214
0.031072
0.002094
0.021797
0.002449
-0.015483
0.023365
-0.009086
-0.006004
-0.012778
0.009772
-0.026656
0.010803
-0.003576
-0.035372
0.007588
-0.027059
0.006525
0.001600
-0.019439
-0.070221
0.000145
-0.013305
-0.020313
0.046839
-0.012530
-0.039476
-0.003530
-0.011960
0.007862
-0.022759
-0.047843
0.006540
-0.056463
0.010266
0.000156
0.035749
0.013724
-0.011141
0.015925
0.030688
-0.002896
0.016839
-0.041242
-0.064341
-0.012523
-0.012854
-0.001928
-0.028729
-0.051126
0.001681
-0.077126
-0.019002
-0.007806
0.026739
-0.013133
-0.043079
-0.010198
-0.008148
-0.013668
0.016009
0.029595
0.048462
0.023676
-0.039215
-0.080910
-0.050127
0.011191
0.027115
-0.004459
0.123558
0.056766
0.056747
-0.002729
-0.012818
0.091314
0.098326
0.079537
0.011012
0.013202
0.024844
0.022408
-0.036379
-0.064642
-0.021874
0.039346
0.030115
0.006891
0.113459
0.058414
0.066185
-0.011348
-0.015810
0.083486
0.085610
0.056264
-0.001129
0.034010
0.001417
-0.025212
-0.038918
-0.049545
-0.051916
-0.035146
0.035577
0.057329
0.110132
0.075680
0.055557
-0.017900
-0.018113
0.063141
0.030867
0.093393
-0.005278
0.023955
-0.027584
-0.048792
-0.045988
-0.053455
-0.041894
-0.016981
0.035200
0.072797
0.111829
0.094457
0.070200
-0.008148
-0.017150
0.069316
0.018689
0.089543
0.026251
-0.003445
-0.059101
-0.047431
-0.003198
0.005994
-0.021921
-0.050399
-0.032142
-0.031996
-0.000791
-0.001809
-0.019973
-0.048907
0.014287
-0.014651
-0.008231
0.017147
0.069803
0.013423
-0.077622
-0.074048
-0.004882
0.031326
0.003793
-0.026777
-0.007611
-0.001273
0.018469
0.033026
0.009314
-0.065968
-0.004479
-0.018163
0.008486
0.033846
0.008809
-0.035946
-0.036759
-0.053763
0.012141
0.015854
-0.016967
-0.043498
-0.032404
0.016730
-0.038992
-0.021742
-0.032462
-0.013795
-0.004045
-0.027911
-0.022242
-0.024702
-0.021528
-0.043224
-0.057937
-0.052106
0.028541
0.036243
0.006404
-0.028672
-0.035025
-0.004768
-0.027951
0.001187
-0.007001
0.007049
0.006262
-0.022237
-0.018104
-0.015921
0.067480
0.010961
0.014213
-0.008380
0.015277
-0.021041
0.025804
0.030488
0.007924
0.010348
0.022243
0.000340
-0.040912
-0.017850
-0.002798
0.037782
0.009227
-0.022297
-0.028958
0.008153
0.027187
0.008317
-0.026557
-0.020559
0.016302
0.012162
-0.012550
-0.023141
-0.006349
-0.012512
0.027536
0.004501
-0.049898
-0.024960
-0.033361
-0.052574
-0.015153
-0.016164
0.028793
0.019127
0.037683
0.027700
0.011738
-0.005745
-0.032230
-0.031949
-0.057009
-0.027513
0.003364
-0.018300
-0.038999
-0.010258
-0.005021
-0.031271
0.025193
-0.005582
0.021608
0.007205
0.018481
-0.000917
0.000148
-0.007946
-0.012856
-0.028528
-0.048367
-0.024791
-0.004072
-0.036296
-0.068753
-0.020597
-0.015665
-0.023567
0.003376
0.030102
0.032903
0.063331
0.039780
0.015950
0.002067
0.025761
-0.006111
-0.047972
-0.028297
-0.073554
-0.035692
-0.013631
0.060765
0.031576
-0.027494
-0.013253
-0.046257
-0.010467
-0.007731
0.036241
0.005054
-0.023103
0.003028
0.008077
-0.005368
-0.085935
-0.057022
-0.081901
-0.055636
-0.046270
0.008654
0.009722
-0.041405
-0.026585
0.005480
0.145371
0.077957
0.083423
0.027305
-0.004431
0.063543
0.072245
0.068873
-0.107575
0.022032
0.024879
0.044581
0.046427
0.040816
0.020934
0.039157
-0.003099
-0.021107
0.094486
0.016935
0.039065
-0.014392
-0.010626
0.081327
0.087166
0.061132
-0.102306
0.017815
0.007633
0.025830
0.015262
0.014229
0.017160
0.030521
-0.003524
0.051941
0.129334
0.075201
0.051987
-0.012157
-0.022407
0.036006
-0.013035
0.075687
-0.053599
-0.000399
0.000569
0.036922
0.014116
0.007017
0.022585
0.037206
0.032023
0.041819
0.099094
0.040991
0.032455
-0.025778
-0.017677
0.071645
0.019146
0.101920
-0.092973
-0.031102
-0.003974
0.041273
0.035752
0.020708
0.040956
0.051528
0.035593
-0.041907
0.004163
-0.003215
-0.009406
-0.073442
-0.020042
-0.030064
-0.026637
0.015858
-0.034350
-0.011277
-0.005269
-0.048608
-0.029649
-0.071794
-0.055148
-0.029392
-0.035916
-0.000596
-0.000967
-0.002246
0.000863
-0.054008
0.020951
0.002189
0.028621
0.046661
-0.033414
0.019054
0.025197
-0.009598
0.027941
-0.008405
-0.030687
0.007467
-0.016140
-0.001033
-0.023898
-0.010271
-0.011899
0.000620
0.004273
-0.027277
-0.027873
-0.021118
-0.023575
-0.038949
0.007277
0.013489
-0.005296
0.019067
0.005162
-0.017512
-0.038176
-0.029890
-0.029397
-0.023717
-0.012995
-0.003197
0.014294
-0.012426
-0.008922
-0.007191
-0.033704
-0.019263
0.016329
0.014078
-0.009973
0.015398
-0.018593
-0.042283
-0.035190
0.040208
0.042669
0.015771
-0.024205
-0.043826
-0.028668
0.036980
0.011483
0.002183
0.033632
-0.009105
0.009781
-0.000781
0.009808
0.022375
0.050902
0.005318
-0.032429
0.022127
0.016548
0.006841
0.026027
0.001898
-0.045743
-0.007508
-0.010875
-0.039957
-0.030514
0.000015
-0.008474
0.030449
0.040140
-0.011507
-0.047428
-0.028594
-0.015608
0.011748
-0.036265
0.005745
0.014607
-0.005826
-0.001408
0.016593
0.022089
-0.002566
0.017385
-0.026391
-0.032728
-0.056619
0.008783
0.029931
-0.045026
-0.025004
-0.027987
0.003461
-0.034141
-0.004121
0.008783
-0.011744
-0.002945
0.024576
0.023053
0.008885
0.018441
-0.031294
-0.038136
-0.048986
-0.004505
0.015428
-0.053475
-0.037781
-0.027706
0.011007
0.004778
-0.037617
0.010906
0.032503
0.079395
0.050528
0.001563
0.019746
-0.008198
-0.076222
-0.073762
-0.047289
-0.024347
0.071670
-0.047020
-0.009002
-0.029516
-0.030930
-0.037515
-0.076677
-0.026485
-0.007389
0.047158
0.043985
0.004901
0.015347
-0.037529
-0.075337
-0.063537
-0.050958
-0.038406
0.049963
-0.044250
-0.027304
-0.040812
-0.026157
0.105800
0.099503
0.117074
0.105874
0.081311
0.068641
0.101781
0.057899
-0.076116
-0.080226
-0.062238
-0.041432
0.032464
0.033989
-0.048098
-0.041794
-0.061647
-0.030828
0.054881
0.014158
0.037724
0.034594
0.045016
0.074817
0.099030
0.054321
-0.087077
-0.084407
-0.071649
-0.058622
-0.000596
0.020710
-0.059001
-0.049655
-0.065905
0.011212
0.060641
0.052548
0.080791
0.095257
0.040298
0.017888
0.054572
0.077521
-0.128747
-0.062522
-0.044978
-0.006539
0.040264
0.033850
-0.045173
-0.046293
-0.051690
-0.027634
0.010850
0.009524
0.046268
0.109653
0.072987
0.087129
0.118775
0.109877
-0.091214
-0.071227
-0.039976
0.005751
0.036538
0.019148
-0.050794
-0.034304
-0.058665
0.023580
0.041464
0.029289
-0.022107
0.019771
-0.048798
-0.070481
-0.035965
-0.034106
-0.033563
-0.037750
-0.033597
-0.049913
0.015291
0.026276
-0.078139
-0.056416
-0.056067
-0.031580
0.042944
0.019526
-0.022819
0.037160
-0.008909
-0.015672
0.035699
-0.001427
-0.053126
-0.018557
-0.007736
-0.020834
0.067617
0.051331
-0.064256
-0.044301
-0.048748
0.030773
-0.001344
0.020965
0.025725
0.009175
0.029503
0.012706
-0.019044
-0.016126
-0.036313
-0.012510
-0.006018
0.007609
-0.001804
0.017696
-0.036073
-0.037921
-0.017317
0.011059
0.001912
0.004780
0.011908
-0.026381
0.001644
0.028744
-0.006866
0.009013
-0.078541
-0.006181
0.005762
0.016282
0.028899
0.036073
-0.037364
-0.038992
-0.019692
0.066236
0.019665
0.042797
0.013948
0.017392
0.006714
0.051204
0.016935
-0.016780
0.030408
0.001971
-0.028200
-0.009517
-0.005254
0.010715
0.002103
0.009849
0.024846
