startup(x,y,z):(432,16176,256)
384 16304 1280
400 16432 1392
512 16384 1392
512 16416 1376
880 16352 1488
720 16320 1552
832 16256 1216
656 16048 1328
672 16336 1104
672 16336 1200
528 16896 1248
448 17424 1312
480 17552 1312
512 18240 1616
848 21808 656
672 25552 -752
752 21472 1264
704 18544 3952
704 14464 6464
-896 11856 4928
48 -10128 -2496
1136 14384 -1856
2736 15072 1168
1024 14752 2256
-672 14544 1600
-656 14464 1072
-48 14720 544
752 15248 -672
1264 15760 -1104
400 15584 -1552
-352 15632 -1360
-576 15872 -1104
-576 15920 -1136
-528 15920 -1136
-384 15888 -1008
0 15920 -1008
-16 15856 -784
176 16336 -1776
512 16128 -1936
672 15760 -1248
448 17856 3328
816 17504 768
768 16944 -64
1328 16368 64
1424 16336 640
1424 16592 816
1360 16592 560
1568 17440 432
1440 17488 432
1248 17232 608
848 16816 208
944 16208 -128
384 16064 96
64 15888 272
64 15888 304
-144 15696 224
-16 15664 224
-400 15344 2576
-480 15664 1056
-480 16224 -208
-224 16304 -176
-288 16240 80
-368 16144 -80
-368 16144 -320
-464 16160 -320
-432 16080 128
-304 16064 160
-448 16160 48
-448 16192 224
-336 16016 304
-336 16032 288
-336 16048 208
-400 16048 16
-240 16128 224
-144 16384 224
-48 16336 192
-176 16416 -176
-96 16336 -464
-240 16320 -352
-240 16464 -416
-176 16336 -304
-176 16288 -656
-224 16288 -320
-288 16192 -400
-288 16192 -400
-240 16176 -432
-272 16208 -432
-160 16176 -368
-192 16272 -240
-192 16256 -208
-112 16256 -80
-144 16192 -80
-96 16144 -288
-240 16064 -240
-352 16096 -352
-368 16080 -96
-400 16080 -96
-544 16080 -240
-464 16096 -336
-512 16080 112
-496 16112 -320
-432 16064 -240
-272 16096 -336
-272 16032 -512
-208 16032 -256
-272 16176 -256
-16 16384 -32
32 16336 -32
-208 16432 -80
-48 16336 -256
-16 16336 -352
-16 16352 -256
-112 16352 -208
-192 16288 -208
-512 16160 1136
-640 15952 352
-544 15952 -48
-528 16048 16
-320 16160 160
-224 16176 -112
-224 16304 -112
-192 16304 -112
-400 16240 -160
-384 16016 -176
-336 16064 -320
-400 16096 -368
-400 16144 -336
-128 16160 -192
-128 16256 -80
-112 16368 -256
-16 16416 -208
-16 16416 -688
-96 16416 -688
-256 16448 -464
-256 16368 -128
-208 16384 -160
-208 16304 -144
-224 16224 -224
-256 16144 -240
-368 16160 -240
-288 16144 -288
-208 16144 -16
-208 16224 -144
-192 16208 -96
-352 16176 -96
-352 16064 -432
-208 16064 -112
-240 16048 -112
-448 16048 -96
-352 16032 -64
-352 16064 -192
-192 16096 -192
-176 16160 -512
-240 16208 -672
-416 16080 -528
-400 16064 -656
-400 16224 -672
-384 16256 -496
-368 16256 -512
-336 16336 -592
-272 16368 -592
-496 16448 -448
-368 16432 -352
-176 16352 -688
-176 16240 -368
-336 16192 -496
-400 16208 -640
-400 16160 -704
-304 16160 -672
-272 16128 -672
-448 15984 -384
-336 15936 -384
-464 16000 -544
-336 16112 -752
-256 16208 -320
-192 16224 -576
-144 16192 -688
-144 16192 -384
-80 16224 -384
-240 16256 -480
-144 16208 -560
-224 16208 -384
-304 16256 -416
-288 16272 -448
-288 16304 -528
-336 16352 -704
-336 16352 -608
-192 16240 -608
-304 16240 -528
-304 16288 -736
-208 16224 -896
-256 16176 -592
-240 16208 -416
-304 16256 -432
-208 16208 -352
-352 16224 -432
-320 16160 -448
-352 16192 -272
-288 16176 -144
-208 16208 -320
-352 16240 -224
-320 16208 -128
-400 16240 -128
-400 16192 -160
-416 16224 -224
-240 16160 -352
-240 16096 -288
-336 16096 -288
-368 16144 -304
-336 16304 -448
-320 16400 -656
-336 16336 -592
-288 16256 -496
-208 16208 -432
-224 16272 -576
-224 16240 -432
-128 16240 -464
-320 16240 -480
-272 16192 -416
-224 16224 -368
-208 16192 -672
-208 16192 -672
-272 16176 -432
-432 16144 -432
-384 16272 -224
-464 16240 -192
-288 16208 -208
-320 16176 -144
-320 16176 -272
-272 16240 -272
-272 16240 -496
-304 16192 -352
-288 16192 -352
-320 16208 -304
-320 16176 -320
-192 16176 -320
-144 16144 -320
-272 16176 -384
-480 16160 -512
-480 16208 -384
-256 16176 -464
-256 16176 -464
-400 16208 -464
-416 16320 -464
-416 16240 -288
-304 16240 -272
-272 16208 -336
-272 16224 -416
-208 16224 -272
-192 16144 -272
-256 16144 -272
-176 16208 -416
-288 16160 -320
-224 16208 -256
-224 16208 -128
-224 16192 -128
-272 16208 -432
-320 16160 -192
-320 16160 -496
-480 16208 -240
-416 16224 -320
-416 16224 -160
-384 16176 -160
-224 16208 -448
-400 16272 -352
-256 16272 -384
-416 16272 -240
-416 16304 -64
-544 16304 -64
-512 16320 -224
-368 16240 -480
-304 16000 -256
-352 16288 -464
-224 16192 -384
-224 16176 -624
-272 16176 -336
-400 16128 -336
-336 16176 -192
-384 16224 -224
-256 16192 -272
-480 16176 -160
-480 16224 -256
-336 16224 -48
-272 16192 -48
-512 16256 -80
-400 16272 -240
-272 16240 -336
-288 16240 -432
-288 16128 -256
-272 16128 -128
-432 16208 -128
-528 16256 -96
-368 16272 -48
-208 16224 -80
-288 16192 -192
-288 16240 48
-336 16240 48
-288 16208 0
-256 16208 -176
-256 16272 -128
-352 16272 -192
-432 16224 -176
-432 16144 -240
-432 16144 -336
-320 16160 -336
-208 16032 -240
-224 16064 -368
-256 16064 -512
-144 16160 -176
-64 16176 -384
-64 16240 -304
-224 16240 -336
-272 16240 -144
-352 16240 -144
-400 16176 208
-320 16192 -256
-304 16128 -224
-272 16112 -336
-224 16128 -496
-368 16160 -144
-384 16112 -192
-384 16112 -432
-288 16224 -432
-320 16160 -272
-512 16176 -272
-256 16208 -592
-384 16176 -464
-400 16160 -480
-400 16224 -368
-400 16224 -16
-256 16176 -16
-560 16256 -48
-448 16208 -112
-432 16112 -224
-384 16160 -224
-384 16160 -352
-384 16224 -128
-480 16208 -128
-416 16272 -144
-256 16192 -96
-208 16160 -592
-160 16128 -448
-160 16112 -320
-240 16112 -240
-272 16144 -240
-240 16144 -208
-352 16160 -208
-256 16160 -192
-208 16160 -416
-208 16096 -176
-256 16096 -176
-256 16128 -240
-304 16176 -192
-336 16272 -208
-208 16304 -352
-112 16272 -544
-272 16192 -448
-224 16032 -416
-224 16000 -192
-224 16000 -304
-272 16096 -304
-192 16096 -384
-320 16240 -304
-320 16240 -240
-304 16256 -240
-400 16240 -16
-112 16144 -240
-288 16160 -192
-176 16256 -448
-208 16144 -512
-208 16160 -512
-304 16160 -288
-304 16160 -288
-448 16144 144
-496 16192 64
-448 16208 -128
-304 16176 -16
-256 16128 -416
-256 16144 -240
-240 16224 -112
-208 16288 -176
-208 16288 -272
-112 16240 -16
-160 16240 -224
-176 16192 -256
-288 16192 -192
-224 16144 -240
-208 16144 -304
-224 16144 -288
-224 16192 -16
-272 16192 64
-352 16272 64
-384 16192 -64
-272 16128 -272
-176 16160 -480
-256 16144 -224
-256 16144 -224
-384 16144 -144
-400 16048 -384
-256 16128 -176
-432 16128 -256
-400 16208 -160
-272 16176 -160
-272 16288 -400
-384 16256 0
-432 16224 -240
-432 16240 -432
-368 16240 -432
-480 16208 -304
-560 16224 -224
-464 16112 -48
-464 16192 -240
-336 16128 -176
-256 16192 -400
-256 16160 -480
-224 16160 -480
-224 16112 -400
-320 16256 -304
-240 16176 -144
-256 16224 -272
-288 16304 -240
-224 16352 -288
-128 16304 -304
-128 16224 -464
-224 16192 -336
-272 16192 -336
-448 16144 -272
-448 16192 -272
-640 16112 -128
-432 16112 -176
-432 16176 -448
-368 16160 -304
-304 16144 -368
-416 16128 -208
-416 16208 -336
-176 16224 -528
-176 16224 -528
-272 16224 -256
-288 16224 -512
-224 16224 -272
-224 16160 -352
-272 16240 -208
-400 16240 -240
-416 16288 -240
-304 16272 -224
-448 16320 -304
-400 16304 -304
-272 16192 -208
-304 16160 -432
-432 16160 -432
-272 16112 -416
-224 16160 -480
-160 16176 -480
-208 16192 -464
-208 16208 -416
-112 16208 -336
-176 16208 -336
-176 16256 -320
-160 16208 -144
-384 16176 -192
-272 16272 -304
-224 16288 -336
-224 16288 -336
-208 16352 -240
-256 16272 -240
-384 16336 -16
-352 16320 -112
-240 16384 -288
-256 16368 -288
-176 16304 -192
-176 16176 -288
-160 16176 -96
-240 16080 -96
-240 16112 -304
-464 16112 -240
-320 16096 -144
-320 16048 -144
-192 16080 -352
-176 16080 -352
-384 16016 -224
-288 16016 -208
-352 16064 -224
-240 16176 -432
-240 16144 -288
-320 16144 -288
-400 16256 -304
-384 16320 -448
-272 16224 -432
-208 16192 -352
-256 16208 -432
-512 16288 -288
-384 16288 -144
-352 16240 -144
-400 16256 -256
-400 16288 -368
-432 16272 -304
-432 16304 80
-288 16272 -112
-288 16272 -208
-240 16224 -208
-352 16256 -144
-368 16208 -192
-272 16096 -224
-480 16160 -128
-416 16208 -400
-416 16208 -400
-496 16208 -496
-368 16128 -448
-336 16144 -448
-272 16208 -352
-416 16224 -16
-400 16160 128
