startup(x,y,z):(432,16240,160)
720 16256 944
720 16432 2624
896 17008 2624
512 17072 3104
192 17536 3152
176 16704 2320
720 17376 3408
4848 24880 8672
-400 17408 6336
-16512 -19744 -1072
-736 -19712 -7072
-7104 -7280 -6768
-10880 12688 -1424
-4672 20736 1712
5296 14032 -1488
13360 11264 9920
6848 10864 -944
9504 14256 -7136
13360 14640 -9968
14960 14640 -9520
14800 13136 -9520
14768 13216 -7680
13792 13808 -5952
12688 15024 -5136
10832 15904 -5168
-832 12640 -3728
-5920 15584 -176
-5520 17536 2608
-8160 17296 2528
-9872 15712 1776
-10400 16048 1776
-9168 16336 2832
-7696 15664 3088
-6896 15584 -448
-4704 14672 -304
-1728 13856 560
10160 14176 7872
6880 19424 -3808
6992 15472 -2736
7648 12448 -1328
7648 14448 -3808
9504 14512 -896
10432 14256 -1104
10432 13168 -1840
9984 13040 -4160
2976 15008 -544
4944 15120 288
4288 15184 576
4288 15008 928
4016 15008 1072
3776 15104 3392
4416 15968 3392
3584 16320 2000
4256 15552 1104
4272 14944 768
6224 14832 1296
5328 16208 416
4496 16288 656
4368 15552 -704
4624 15888 -592
5488 15728 -560
5184 16192 -208
6144 15616 -192
5504 15712 -864
5856 15120 -976
6096 14816 -944
6864 14320 -816
7360 14368 -1424
7424 14384 -1760
7600 14176 -1760
8096 14128 -1920
8144 14416 -1904
7360 14720 -2080
6960 14592 -1696
6192 14752 -1328
7648 14832 -1264
6992 15408 -1776
6624 14960 -1392
7456 14352 -1728
7136 14432 -1728
6912 14656 -1360
6160 15280 -1536
6640 14544 -1200
7040 14256 -1584
7088 14704 -2080
7216 14720 -1984
7376 14880 -2368
7712 14320 -1984
7616 14528 -1952
7904 14384 -2176
7776 14496 -2208
7888 14384 -2128
7920 14128 -2176
7968 14128 -2192
8000 14128 -2384
8096 13984 -2480
8416 13536 -2912
8320 13456 -2176
7008 14720 -1344
7184 14096 -1968
7168 13904 -2272
7104 13952 -2448
7024 14448 -2400
6976 14608 -2000
7056 14368 -2256
7104 14128 -2432
7296 14160 -2800
7296 14144 -2848
7472 14144 -2848
7504 14144 -2624
7632 14352 -2976
7872 14432 -3024
7856 14352 -3104
7856 14352 -3648
7920 14256 -3504
7968 14336 -3520
7936 14256 -3552
7824 14320 -3296
7600 14352 -3408
7392 14288 -3216
7264 14320 -2896
7168 14288 -2800
7152 14352 -2880
6976 14352 -2784
6976 14384 -2784
7040 14320 -2912
6928 14192 -2880
6992 14160 -2608
6832 14208 -2720
6880 14192 -2960
7072 14064 -3008
7040 14048 -3088
7104 14064 -3280
7232 13888 -3584
7264 13776 -3824
7424 13824 -3696
7536 14064 -3600
7872 14336 -3440
7584 14272 -3408
7408 14416 -3824
7536 14416 -3920
7536 14272 -3920
7424 14336 -3904
7456 14464 -3888
7248 14704 -3712
7184 14752 -3744
7040 14544 -3584
7040 14464 -3568
6976 14416 -3376
6864 14320 -3504
6864 14320 -3456
6624 14320 -3456
6752 14240 -3344
6912 14144 -3488
7168 14160 -3472
7024 14112 -3600
7168 14032 -3760
7168 14032 -3728
7344 13984 -3744
7376 14016 -3696
7440 14000 -3632
7440 14048 -3680
7648 14048 -3664
7552 14112 -3664
7552 14048 -3904
7472 14016 -3936
7328 14000 -3840
7328 14000 -3552
7152 13952 -3696
7168 13984 -3568
7120 13952 -3760
7120 14016 -3600
7056 14016 -3600
6864 14064 -3600
6960 14096 -3840
7056 14096 -3920
7072 14016 -3712
7104 14032 -3680
7056 14192 -3808
7120 14128 -3888
7104 14208 -4048
7056 14176 -3824
7024 14128 -3776
7136 14112 -4224
7088 14176 -4368
7184 14096 -4336
7184 14096 -4144
7024 14128 -3984
6912 14096 -3984
7072 14112 -4000
7248 14064 -4064
7152 14000 -4096
7168 14032 -3760
7184 14032 -3904
7280 14032 -3968
7136 13984 -3840
6992 14032 -3984
7104 14048 -4000
7232 14128 -3968
7296 14128 -3888
7280 14112 -4048
7296 14048 -4000
7168 14080 -3728
7168 14000 -3856
7056 14000 -3904
7120 13984 -3968
7152 14000 -3904
7152 14000 -3872
7088 14000 -4016
7152 14016 -4016
7120 14080 -3920
7056 14144 -3920
7200 14176 -4112
7232 14176 -4032
7152 14096 -3984
7136 14128 -4080
7136 14080 -4176
7104 14096 -4288
7232 14096 -4288
7232 14080 -4288
7296 14080 -4304
7296 14096 -4272
7360 14032 -4256
7440 13936 -4128
7392 13984 -4400
7376 13776 -4336
7376 13776 -4304
7328 13680 -4560
7344 13808 -4384
7184 13968 -4400
7184 13952 -4224
7216 13936 -4160
7264 13920 -4224
7184 13968 -4240
7184 14032 -4176
7184 14176 -4048
7024 14176 -4048
7008 14240 -4432
7136 14176 -4272
7088 14160 -4240
7168 14208 -4336
7344 14288 -4416
7200 14240 -4416
7200 14240 -4160
7280 14096 -4192
7376 14032 -4256
7392 14032 -4256
7520 13984 -4416
7440 13952 -4624
7360 13984 -4288
7312 13968 -4192
7312 13968 -4000
7168 13920 -3904
7280 13872 -3904
7264 13872 -4144
7136 13920 -4208
7200 13904 -4160
7200 13984 -3984
7280 13936 -4096
7216 13904 -4288
7216 13936 -4208
7200 13936 -4032
7104 13952 -4192
7168 14016 -4384
7264 14016 -4176
7168 13952 -4176
7024 13968 -4160
7072 13952 -4208
7072 13936 -4032
7200 13920 -4016
7296 13952 -4000
7152 13920 -4000
7056 13904 -3920
7248 13968 -3968
7120 14000 -3888
7120 14000 -3968
7136 13888 -4240
7104 13936 -4208
7216 13888 -3920
7216 13888 -4096
7312 13936 -4096
7104 14032 -3872
7168 13952 -4032
7120 13968 -3936
7312 13936 -4256
7232 13968 -3904
7264 14016 -4064
7264 14032 -4128
7296 14032 -4016
7264 13904 -3952
7184 13904 -4096
7152 13872 -4096
7216 13888 -3872
7248 13856 -3888
7264 13840 -4064
7328 13808 -3952
7328 13824 -4016
7136 13824 -4128
7360 13856 -4128
7456 13968 -4256
7312 14016 -4464
7248 14016 -4320
7056 14064 -4320
6992 14080 -4192
7120 14096 -4144
7184 14112 -4304
7184 14176 -4144
7184 14080 -4240
7328 14080 -4400
7216 14128 -4400
7040 14144 -4496
7152 14128 -4320
7072 14176 -4192
7088 14176 -4288
7104 14128 -4096
7104 14064 -4176
7056 14064 -4176
7008 14128 -4240
7088 14016 -3952
7168 13968 -3968
7072 13952 -3984
7072 14032 -4016
6944 14064 -4032
7168 14080 -4096
7168 14000 -4288
7232 14000 -4384
7200 14032 -4384
7120 14000 -4144
7136 14000 -4176
6960 14000 -4144
7088 14080 -4336
7120 14064 -4240
7120 14048 -4128
6912 14064 -4192
7008 14064 -4128
6880 14064 -4384
6928 14048 -4384
6976 14000 -4288
7040 14000 -4144
7008 14048 -4320
7008 14160 -4256
6912 14176 -4208
6992 14176 -4208
7136 14128 -4000
6992 14160 -4048
6992 14144 -4192
7200 14128 -4064
7216 14192 -4352
7008 14160 -4256
7008 14160 -4320
7168 14080 -4320
7232 13984 -4304
7264 14016 -4416
7264 14048 -4288
7168 13984 -4192
7088 13984 -4048
7104 13952 -3968
6832 13968 -4032
6832 13936 -3840
7024 13936 -3840
7104 14000 -3904
7152 13904 -3904
7120 13808 -3872
7280 13840 -3856
7184 13808 -3952
7152 13872 -4000
7152 13936 -3856
7168 13872 -3888
7136 13904 -3984
7072 13904 -4240
7088 13872 -4240
6944 14112 -4208
7120 14400 -4096
7072 14352 -4336
6896 14240 -4080
6800 14080 -3856
6656 13984 -3792
6656 14080 -4016
6608 14080 -4080
6320 13984 -4000
6480 14160 -3600
6560 14528 -3600
6624 14384 -3744
6768 14752 -3088
6240 14656 -3120
6240 14528 -3264
6320 14528 -3408
6448 14576 -3408
6352 14752 -3312
6432 14688 -3536
6640 14512 -3984
6672 14448 -4000
6672 14448 -4112
6912 14272 -4112
7088 14240 -4016
7280 14224 -4320
7440 14160 -4144
7440 14160 -4272
7584 14192 -4288
7536 13968 -4512
7456 13808 -4320
7664 13808 -4704
7792 13776 -4704
7696 13712 -4496
7728 13680 -4272
7472 13744 -4208
7472 13808 -4080
7424 13808 -4080
7152 13808 -3600
7088 13856 -3952
7040 13872 -3760
6912 13952 -3552
6912 14048 -3856
6816 14112 -3856
6816 14112 -4064
6832 14208 -3808
6752 14224 -3808
6704 14224 -3856
6832 14224 -3472
6864 14256 -3504
6800 14320 -3616
6752 14288 -3760
6752 14272 -3888
6928 14240 -3680
7056 14208 -3680
7184 14160 -3648
7184 14112 -3648
7296 14016 -4112
7296 14080 -3872
7312 14080 -3824
7344 13968 -3824
7152 13808 -3792
7088 13680 -4160
6960 13584 -4048
7152 13760 -4000
7152 13984 -4032
7072 13984 -3536
7072 14224 -3536
7136 14144 -3680
6736 13728 -3568
6704 13888 -3488
6880 14416 -3664
6576 14448 -3488
6688 14656 -3392
6688 14656 -3360
6736 14720 -3360
6736 14688 -3216
6656 14656 -3168
6320 14192 -3168
6160 14016 -3568
5824 14032 -3648
6320 14736 -3408
6320 15312 -3440
6432 15312 -3200
6608 14912 -3104
6672 14912 -3104
6464 14672 -2752
6144 14464 -2992
6160 14704 -3088
6144 14672 -3072
6016 14512 -2944
5888 14256 -2880
5888 14256 -2976
5568 14000 -2976
7232 14320 -3600
6128 14480 -3600
6336 14640 -2944
6608 15040 -2704
6752 15232 -2544
6640 15232 -2544
6448 15152 -2560
6048 15056 -2704
5904 14992 -3024
5904 14944 -3040
5760 14944 -3072
5536 14768 -3072
6992 15120 -1968
6528 15008 -2944
6128 14752 -2624
6400 14768 -2416
6032 14864 -2432
4944 12672 -2128
4272 12944 -2592
4272 15504 -2080
5984 15504 -2208
5392 14816 -2208
5568 15072 -2352
5808 15328 -2448
5920 15184 -2208
6288 15184 -2160
6608 15520 -1984
6608 13680 -2464
5504 14272 -2688
5504 15360 -2144
6336 15360 -2144
5472 14608 -2656
5456 14672 -2496
5888 14944 -2096
5520 14528 -3056
5520 14176 -3056
5520 14176 -2656
5824 14176 -2656
6144 14352 -1904
6240 14448 -1840
6432 14800 -2384
6432 14816 -2272
6240 14640 -1840
6240 14816 -1872
6368 14816 -1824
6448 15120 -1824
6192 15216 -1568
6064 15424 -1296
