startup(x,y,z):(384,16224,144)
464 16160 528
352 16144 288
496 16192 464
384 16272 432
432 16288 432
368 16240 592
480 16224 576
480 16176 448
480 16176 352
480 16176 496
448 16208 672
304 16288 672
400 16224 656
512 16160 784
352 16288 768
384 16272 896
400 16352 832
336 16384 592
352 16368 592
272 16304 720
304 16240 672
304 16352 512
272 16352 592
368 16240 640
432 16176 592
432 16224 672
464 16192 688
464 16240 704
576 16240 560
480 16112 560
512 16160 736
448 16528 -256
528 16224 -496
496 16160 144
448 16208 480
384 16208 688
384 16160 768
384 16240 960
400 16240 688
512 16272 688
432 16192 624
480 16128 400
416 16096 208
544 16080 464
512 16064 512
272 16080 560
336 16176 592
416 16224 768
416 16192 736
400 16272 736
384 17040 3392
-64 17040 1488
-112 16752 1488
96 16320 1360
176 16144 1120
240 16176 1072
448 16192 960
416 16288 848
480 16240 560
448 16128 608
400 16112 624
384 16176 688
400 16176 848
384 16224 800
352 16224 752
288 16256 736
352 16176 704
496 16224 912
464 16224 832
480 16192 832
368 16240 720
432 16272 880
464 16240 720
576 16288 672
416 16320 720
960 16320 848
464 16272 1296
432 16288 880
416 16240 976
336 16176 1136
288 16176 1088
336 16176 976
384 16144 608
336 16064 560
336 16080 368
368 16080 352
416 16144 864
416 16192 768
384 16176 928
480 16144 640
448 16048 528
432 16144 464
400 16144 688
352 16192 704
464 16240 1040
464 16256 912
528 16224 1136
400 16272 1120
400 16368 1168
368 16368 1168
304 16304 800
384 16240 800
352 16176 768
384 16160 832
384 16224 864
400 16208 816
384 16240 784
416 16256 944
480 16224 960
448 16208 1024
448 16128 1120
432 16080 1104
336 16048 1120
336 16144 1152
400 16176 1024
464 16208 912
464 16208 640
528 16112 704
400 16128 720
304 16144 1008
544 16240 1232
544 16288 1024
480 16288 1280
528 16240 1280
496 16224 1008
432 16240 1008
496 16112 976
512 16096 1024
432 16112 1056
336 16144 944
416 16096 912
416 16160 928
448 16160 1152
384 16144 1152
384 16224 1072
368 16224 1216
400 16272 1216
416 16272 1392
528 16272 1392
464 16256 1088
400 16208 1168
448 16096 1072
432 16080 1104
432 16048 832
432 16112 1008
480 16224 1248
704 16192 1136
560 16208 1168
496 16272 1120
368 16224 1136
448 16240 1072
448 16224 1184
448 16160 1264
352 16160 1248
320 16160 1248
384 16080 1040
272 16048 1184
320 16032 1264
400 16144 1152
400 16096 1152
416 16112 992
384 16032 1312
352 16112 1584
464 16112 1456
464 16112 1248
496 16096 1248
496 16064 1136
416 16176 1296
320 16256 1344
432 16128 1584
464 16160 1632
512 16144 1440
480 16160 1312
480 16224 1232
512 16224 1488
576 16160 1328
432 16192 1280
448 16176 1296
464 16080 1424
464 16160 1424
496 16064 1376
576 16064 1344
656 16048 1344
416 16144 1280
448 16272 1232
480 16288 1360
384 16272 1264
480 16096 992
480 16144 992
480 16144 1120
496 16240 1120
560 16256 1152
592 16256 1424
672 16160 1440
640 16224 1424
496 16208 1312
512 16192 976
432 16160 1184
416 16160 1232
416 16160 1488
400 16160 1488
368 16144 1440
368 16256 1536
480 16304 1504
416 16256 1696
432 16160 1776
480 16160 1456
688 16128 1552
656 16096 1392
576 16096 1504
576 16224 1408
816 16224 1488
704 16160 1488
736 16208 1776
672 16224 1632
432 16192 1440
320 16080 1376
304 16096 1200
352 16096 1376
352 16096 1232
496 16096 1216
512 16128 1216
400 16112 1184
640 16160 1248
624 16288 1408
624 16192 1184
464 16208 1536
624 16224 1392
512 16224 1328
368 16096 1504
400 16128 1440
480 16128 1504
480 16128 1584
480 16128 1440
448 16128 1456
368 16080 1456
432 16112 1520
400 16128 1584
544 16128 1424
576 16032 1488
608 15952 1568
528 16064 1648
624 16080 1552
624 16080 1408
640 16144 1552
576 16208 1584
512 16176 1536
512 16112 1824
432 16160 1568
608 16160 1200
592 16096 1296
624 16096 1296
480 16208 1456
624 16160 1632
608 16144 1696
608 16144 1552
544 16144 1488
544 16224 1488
576 16192 1632
544 16096 1744
432 16192 1632
448 16160 1520
480 16144 1616
480 16144 1440
688 16240 1392
672 16208 1392
560 16192 1536
624 16160 1824
432 16128 1856
432 16176 1696
448 16208 1600
448 16208 1520
416 16208 1408
640 16192 1408
480 16192 1120
336 16112 1440
528 16096 1488
480 16112 1728
480 16112 1792
384 16112 1792
480 16160 1472
544 16192 1504
432 16192 1616
560 16096 1552
416 16160 1488
416 16208 1504
496 16160 1520
496 16160 1648
448 16128 1648
480 16112 1904
288 16112 1616
480 16112 1632
464 16128 1584
464 16160 1696
544 16160 1584
576 16112 1584
576 16224 1728
544 16192 1888
320 16208 1856
496 16128 1776
496 16256 1504
576 16256 1504
528 16208 1376
464 16192 1504
432 16208 1536
416 16224 1648
480 16160 1728
480 16096 1808
512 16096 1296
608 16112 1424
528 16160 1488
384 16128 1568
512 16096 1408
512 16064 1616
512 16064 1616
512 16096 1744
544 16080 1776
576 16144 1824
464 16176 1696
480 16176 1728
448 16144 1776
448 16096 1888
544 16096 1888
624 16032 1808
576 16160 1648
560 16144 1744
560 16160 1856
560 16080 1584
528 16080 1632
576 16064 1632
480 16112 1488
-1312 11872 -784
-1536 10352 -944
-272 13568 -192
0 14544 -1168
0 15360 160
208 15360 160
464 15856 560
576 16112 1424
640 16320 1568
496 16208 1456
624 16208 1696
624 16208 1584
480 16112 1584
560 16112 1504
720 16000 1840
576 15952 1424
528 16000 1472
592 16000 1536
768 16080 1760
768 16128 1824
672 16128 1696
592 16080 1696
496 16144 1664
560 16112 1760
640 16096 1568
464 16128 1712
352 16048 1616
352 16048 1760
288 16096 1760
192 16160 1888
496 16160 2032
544 16288 2416
544 16208 1872
464 16240 1904
464 16240 2048
560 16208 2048
880 16368 2144
704 15600 1616
656 15648 1856
528 15696 1328
624 16432 1904
624 16432 384
208 15664 384
304 16624 -1488
2128 18608 4272
992 17488 4032
1264 16320 2288
880 15776 3584
640 14944 2336
560 14496 2576
560 14480 2240
512 14480 2240
480 15152 1872
368 15664 1600
368 15952 1536
480 15952 928
480 15920 1376
400 15760 1072
544 15904 768
544 15904 944
384 15920 944
576 16320 1776
576 16192 1616
496 16208 1568
464 16176 1712
464 16304 1744
480 16304 1776
576 16224 1808
544 16176 1808
592 16192 1776
416 16128 1808
512 16144 1712
576 16128 1792
576 15968 1776
672 16000 1936
448 16000 1936
384 16128 1968
400 16080 1952
448 16112 1952
288 16144 1760
320 16128 1808
496 16112 1888
496 16368 2064
528 16256 2064
432 16224 1744
656 16112 1840
560 16000 1712
400 16032 1728
528 16048 1744
528 16048 1808
528 16048 1952
512 16064 1952
432 16080 1904
432 16112 1712
528 16080 1888
528 16080 1968
656 16112 1968
528 16160 1936
528 16144 1808
480 16144 1712
512 16176 1712
464 16240 1744
528 16224 1696
576 16096 1920
544 16144 1920
544 16080 1744
304 16144 1728
304 16144 1872
448 16112 1888
320 16176 2128
480 16240 1888
480 16240 1984
624 16160 1776
544 16208 1776
736 16192 1792
544 16160 1664
544 16096 1760
544 16160 1568
528 16160 1664
528 16160 1712
512 16112 1712
336 16176 1760
384 16192 1872
368 16144 2064
384 16096 2320
432 16080 1952
416 16016 1728
272 16144 1776
208 15904 1872
208 15968 1520
320 15968 1408
864 15920 1408
640 16256 1856
768 15952 1984
672 15680 2000
864 15536 1968
896 15808 1344
464 16032 1808
464 16080 1984
416 16080 1840
352 16256 1584
592 16320 1680
384 16176 1856
288 16240 2368
400 16208 2080
400 16144 2192
336 16096 2384
544 16112 1792
544 16112 2128
656 16080 2128
416 16128 1696
496 15920 2432
448 16048 1776
288 16112 1840
416 15904 1952
304 16016 1808
304 16016 1792
544 16016 2032
400 15888 2144
512 15664 2144
656 16032 1536
560 16064 1536
464 16080 1520
720 16080 1568
512 16064 1664
656 15888 1680
496 15872 1728
496 16304 2752
32 16304 2256
64 16176 2256
432 16112 1824
464 16080 1856
352 16272 2448
656 16176 1888
656 15968 1552
640 15968 1552
368 15888 1952
288 16000 1776
1200 17680 3104
480 16608 1632
1312 15488 1680
