startup(x,y,z):(528,16240,128)
448 16432 1024
432 16288 1008
384 16224 1088
416 16016 1056
496 16320 1504
528 16656 1600
688 16720 1408
928 17312 1120
1168 17968 944
1232 16624 1376
464 16224 -864
256 15616 1328
512 15616 1264
464 15952 1408
464 16320 1184
496 15968 1424
688 15472 1248
736 16976 1968
1216 14208 -256
-160 14208 -256
560 7744 -3072
944 17552 -1744
1504 18272 -1440
784 18272 -528
592 15712 -528
-13920 21680 11536
-5456 15488 12304
-7056 13600 7856
-1504 15552 1648
1792 17360 976
2160 16336 -640
2160 16224 -1792
1408 16368 -1376
1216 16672 -384
1024 15904 -1136
320 15664 -288
320 15744 -64
-336 15792 -400
-416 16624 624
-464 16320 176
-352 16080 -256
-448 16032 -368
-512 16096 -352
-640 16192 -544
-928 16144 -448
-1152 16192 -688
-1280 16112 -592
-1328 16176 -544
-784 16240 -656
-688 16336 -688
-528 16320 -608
-320 16256 -528
-320 16256 -240
-176 16240 -272
-16 16288 -480
240 16208 -208
320 16240 288
432 16160 288
432 16080 416
640 16112 96
304 16112 -112
-64 16176 -176
-64 16160 -272
-144 16208 -32
-80 16208 -32
-48 16144 -112
80 16064 -48
-224 16096 0
-112 16112 -384
-144 16176 -272
-80 16224 -128
16 16240 -16
32 16224 176
112 16224 -16
112 16192 -128
256 16192 -224
48 16256 -224
-80 16272 -240
-368 16272 -400
-400 16208 -160
-240 16064 -96
-240 16064 -304
-304 16160 -320
-208 16112 -224
-208 16160 -512
-128 16192 -384
-80 16224 -352
-80 16272 -544
-112 16272 -400
-48 16208 -400
-176 16320 -336
208 16400 -400
176 16368 -432
48 16240 -432
-112 16256 -208
-192 16224 -304
-272 16272 -592
-320 16288 -368
-320 16320 -352
-592 16320 -336
-368 16208 -336
-320 16144 -288
-320 16048 -336
-288 16096 -368
-256 16160 -624
-224 16144 -496
-208 16192 -432
-176 16336 -464
-176 16304 -336
-64 16304 -288
-80 16224 -288
-128 16336 -240
0 16272 -224
-32 16256 -544
-128 16208 -272
-224 16224 -240
-160 16128 -272
-256 16112 -144
-256 16080 -160
-448 16096 -48
-416 16096 -176
-496 16112 -176
-592 16336 -144
-832 16432 -384
-672 16368 -64
-464 16368 -544
-496 16480 -496
-496 16368 -608
-448 16368 -864
-416 16368 -864
-544 16096 -592
-496 16000 -608
-320 16080 -704
-240 16112 -640
-240 16144 -384
-256 16144 -480
-304 16224 -560
-160 16096 -816
-160 16016 -656
-160 16080 -624
-64 16080 -320
-256 16192 -240
-240 16128 -224
-320 16176 -224
-320 16176 -400
-368 16224 -400
-576 16224 -336
-544 16224 -384
-400 16160 -304
-416 16304 -464
-320 16320 -608
-320 16272 -432
-496 16272 -336
-272 16224 -464
-256 16160 -464
-208 16192 -528
-160 16224 -416
-320 16304 -416
-384 16320 -496
-352 16240 -352
-256 16128 -384
-272 16128 -400
-208 16032 -496
-400 16000 -480
-400 16080 -416
-496 16080 -416
-576 16144 -304
-448 16128 -320
-640 16176 -240
-608 16192 -352
-624 16224 -496
-624 16208 -528
-720 16224 -688
-400 16096 -640
-400 16208 -752
-512 16208 -752
-560 16192 -688
-400 16176 -672
-368 16048 -576
-224 16160 -368
-384 16224 -448
-368 16224 -320
-320 16192 -496
-320 16192 -432
-192 16112 -528
-208 16112 -768
-320 16240 -768
-272 16336 -960
-128 16320 -944
-304 16304 -688
-304 16240 -736
-192 16240 -784
-144 16160 -784
-208 16192 -608
-176 16160 -704
-208 16160 -432
-240 16112 -512
-352 16160 -544
-352 16208 -496
-368 16208 -496
-272 16176 -384
-160 16208 -544
-304 16176 -656
-288 16240 -624
-176 16160 -656
-176 16208 -800
-128 16208 -800
-256 16256 -1008
-304 16240 -848
-272 16256 -608
-464 16192 -496
-496 16160 -368
-496 16176 -544
-416 16176 -496
-416 16240 -496
-416 16240 -656
-320 16080 -608
-224 16112 -704
-320 16256 -832
-240 16336 -864
-272 16320 -944
-288 16160 -800
-288 16176 -624
-512 16176 -624
-432 16080 -416
-512 16080 -512
-496 16096 -336
-464 16176 -576
-464 16064 -560
-496 16176 -544
-400 16048 -672
-576 16112 -672
-592 16048 -864
-592 16208 -944
-624 16208 -960
-736 16208 -928
-640 16240 -1120
-640 16208 -1200
-624 16240 -976
-688 16224 -800
-752 16112 -800
-656 16176 -848
-624 16240 -624
-432 16208 -928
-432 16176 -656
-272 16224 -672
-224 16240 -608
-240 16176 -512
-208 16224 -464
-336 16176 -688
-320 16256 -928
-400 16240 -928
-560 16096 -736
-560 16144 -928
-576 16144 -864
-672 16112 -832
-592 16192 -992
-496 16192 -960
-384 16176 -912
-384 16208 -976
-560 16256 -976
-528 16272 -1104
-496 16208 -1040
-560 16208 -992
-512 16208 -1072
-512 16144 -896
-448 16224 -1008
-432 16224 -976
-368 16256 -1024
-416 16256 -1056
-240 16288 -736
-256 16256 -736
-288 16240 -800
-400 16160 -656
-352 16016 -656
-432 16096 -896
-464 16048 -816
-528 16160 -960
-416 16176 -1072
-448 16144 -1040
-448 16160 -1040
-416 16160 -1040
-448 16192 -992
-560 16288 -1008
-624 16256 -944
-608 16160 -784
-656 16112 -832
-624 16128 -864
-480 16160 -832
-448 16208 -976
-336 16176 -976
-256 16096 -976
-256 16160 -848
-288 16208 -1008
-416 16208 -832
-432 16240 -832
-528 16224 -480
-528 16160 -544
-400 16160 -560
-368 16176 -560
-432 16224 -480
-528 16192 -576
-592 16240 -752
-496 16144 -800
-512 16192 -928
-512 16192 -848
-592 16192 -848
-496 16112 -576
-432 16128 -576
-288 16144 -768
-320 16080 -864
-224 16144 -960
-160 16128 -928
-208 16064 -1024
-208 16096 -1072
-368 16096 -1072
-272 16112 -816
-400 16128 -736
-448 16176 -960
-560 16160 -768
-640 16128 -720
-560 16128 -720
-560 16096 -832
-368 16096 -640
-384 16208 -672
-512 16144 -736
-432 16208 -752
-448 16288 -832
-448 16288 -1024
-528 16336 -1024
-560 16208 -768
-528 16224 -816
-512 16208 -896
-368 16144 -896
-352 16160 -1024
-432 16192 -880
-464 16240 -1024
-416 16224 -928
-496 16144 -704
-672 16176 -672
-672 16176 -800
-352 16192 -688
-400 16176 -432
-448 16208 -544
-512 16160 -656
-528 16128 -688
-528 16096 -736
-544 16208 -768
-576 16208 -896
-480 16224 -896
-400 16192 -880
-464 16192 -704
-544 16208 -640
-512 16224 -592
-512 16192 -400
-464 16192 -800
-464 16192 -800
-400 16160 -592
-448 16176 -832
-512 16224 -880
-544 16128 -656
-544 16080 -512
-672 16000 -736
-592 16000 -912
-640 16096 -912
-464 16064 -848
-480 16096 -880
-640 16160 -464
-592 16144 -464
-592 16240 -576
-656 16240 -544
-688 16208 -560
-688 16256 -656
-704 16192 -736
-752 16192 -736
-832 16224 -832
-720 16192 -768
-560 16032 -624
-608 16096 -816
-656 16176 -992
-576 16192 -912
-576 16160 -704
-400 16160 -592
-656 16064 -272
-672 16080 -272
-576 16208 -592
-624 16240 -432
-576 16288 -528
-496 16256 -544
-432 16192 -608
-304 16208 -624
-384 16208 -608
-480 16192 -752
-416 16080 -672
-464 16144 -720
-544 16128 -640
-656 16240 -944
-656 16320 -704
-560 16208 -800
-480 16192 -448
-592 16192 -448
-832 16192 -528
-784 16208 -576
-624 16304 -816
-704 16240 -672
-640 16144 -752
-640 16080 -672
-608 16080 -784
-624 16016 -784
-576 16112 -656
-560 16192 -640
-464 16160 -688
-480 16256 -816
-480 16176 -816
-432 16176 -816
-768 16256 -800
-784 16176 -720
-880 16192 -592
-736 16128 -912
-912 16096 -976
-816 16096 -848
-816 16112 -784
-784 16112 -800
-672 16192 -800
-448 16208 -736
-496 16304 -832
-640 16336 -592
-640 16320 -496
-752 16240 -768
-960 16240 -768
-912 16064 -752
-1024 16032 -752
-864 15968 -720
-768 15872 -448
-784 15920 -656
-784 16080 -800
-752 16080 -800
-640 16096 -704
-624 16080 -816
-704 16128 -848
-640 16112 -832
-448 16160 -720
-480 16176 -720
-480 16224 -720
-544 16176 -960
-544 16176 -848
-672 16240 -848
-400 16176 -912
-304 16144 -1008
-480 16096 -768
-544 16160 -816
-496 16144 -1088
-496 16176 -912
-512 16176 -1040
-400 16208 -1040
-400 16224 -800
-416 16320 -960
-512 16272 -912
-464 16192 -928
-464 16144 -896
-384 16144 -896
-576 16160 -480
-592 16144 -480
-544 16224 -720
-432 16160 -976
-368 16192 -1040
-368 16192 -912
-688 16208 -864
-688 16192 -912
-624 16192 -880
-672 16240 -880
-704 16144 -848
-656 16080 -768
-704 16080 -608
-592 16096 -688
-624 16176 -576
-624 16192 -592
-576 16192 -688
-512 16112 -688
-432 16144 -864
-608 16176 -768
-624 16128 -784
-720 16144 -704
-576 16208 -896
-576 16320 -1008
-528 16320 -768
-560 16192 -672
-480 16208 -752
-592 16240 -848
-464 16144 -720
-464 16144 -896
-464 16064 -656
-560 16064 -656
-560 16160 -1120
-464 16208 -1024
-464 16208 -800
-368 16192 -752
-480 16208 -1072
-464 16256 -912
-464 16256 -1024
-512 16272 -800
-608 16224 -864
-608 16224 -912
-624 16192 -912
-768 16128 -688
-656 16160 -560
-704 16208 -560
-672 16208 -560
-640 16240 -864
-544 16256 -944
-544 16192 -640
-512 16192 -896
