startup(x,y,z):(416,16192,288)
288 16416 1424
112 16416 1552
144 16240 1552
224 16224 1280
480 16304 1456
624 16336 1136
624 16448 1136
736 16336 1344
560 16272 1088
672 15984 960
320 16112 672
256 15984 704
512 16080 800
544 16080 816
400 16144 816
400 16304 1376
352 16320 1376
288 16384 1264
528 16240 1232
464 16304 848
464 16288 656
400 16224 752
544 16224 784
512 16096 784
512 15904 672
192 15664 256
352 15664 336
464 15872 320
512 15952 416
256 16096 768
400 16096 800
224 16192 800
192 16224 832
320 16224 992
368 16176 1056
272 16144 912
272 16176 912
544 16128 1040
544 16128 1040
528 16128 1168
592 16208 1168
432 16144 1008
352 16176 1120
224 16240 1024
112 16176 992
112 16192 960
256 16208 992
256 16208 864
304 16256 864
496 16192 896
432 16176 1136
672 16208 1008
688 16208 1072
704 16208 1392
704 16208 1344
656 16192 1344
496 16192 1168
368 16192 1120
400 16144 1120
368 16160 1088
480 16256 880
416 16240 736
464 16160 784
272 16128 736
272 16144 848
384 16144 848
352 16176 944
384 16144 1200
592 16128 1136
592 16176 944
480 16240 656
480 16208 720
320 16192 848
320 16208 1088
368 16256 1136
320 16256 1216
336 16192 1216
256 16208 1104
192 16160 1120
368 16160 1168
432 16192 1072
464 16192 1264
480 16176 1248
480 16176 2176
560 16528 2288
448 16720 2288
288 16976 2144
288 17024 2128
496 16928 2128
464 16512 1904
464 16512 2464
656 17488 2288
784 18048 3184
592 19280 3184
-1104 22976 3200
-2992 21824 3472
-656 18784 3504
880 18944 1488
1264 19952 544
1264 14592 9120
-224 14592 -1088
2880 -8848 -8480
-1328 14832 -16
208 14768 -1088
-576 14848 -1424
-512 15296 -864
-496 15680 -720
-688 15136 -1008
-928 14352 -1328
-416 14016 -1712
384 13456 -1248
528 13472 -1184
496 13648 -1152
672 13872 -752
672 14032 -560
736 14160 128
736 14160 128
960 14384 352
1008 14864 736
960 14944 800
1024 15024 1120
944 15120 1024
944 15216 1008
832 15216 672
736 15360 672
768 15488 576
672 15616 432
576 15792 736
336 16096 800
224 16288 928
0 16272 1104
0 16448 1152
-240 16448 1152
-448 16624 1072
-464 16784 928
-368 16960 1280
-336 17232 1088
-416 17440 864
-416 17472 880
-560 17344 640
-816 17344 640
-720 17184 576
-592 17024 576
-432 16928 432
-224 16736 256
-48 16640 176
-48 16480 -16
128 16480 -16
160 16272 -96
160 16048 -304
352 15968 -512
512 15984 -704
608 15968 -752
464 15968 -672
432 15888 -608
752 15936 -704
752 15808 -560
896 15808 -560
608 15920 -224
480 16192 -416
336 16304 80
208 16448 96
192 16448 256
112 16352 160
-16 16400 176
-128 16576 80
-128 16576 144
-144 16736 144
-112 16656 160
-128 16592 0
-32 16416 48
-80 16176 -112
-240 16112 -144
-256 16224 -336
-256 16224 -624
-416 16192 -592
-416 16000 -704
-416 16000 -544
-352 15776 -736
-528 15616 -736
-480 15584 -944
-640 15920 -704
-832 16384 -496
-944 16784 112
-704 17056 560
-608 17200 784
-640 17280 848
-512 17344 1232
-352 16896 1264
-352 17088 1136
-336 17456 912
-400 17456 1136
-592 17600 1136
-688 17488 1264
-576 17488 816
224 17280 -80
1008 16768 -1008
1184 15936 -1088
1088 15056 -1136
896 14496 -1456
896 14688 -1456
384 14688 -944
-272 15424 -864
-768 16288 672
-1168 16976 1792
-1056 17248 1968
-1120 16928 1968
-1056 16480 2176
-1088 16032 2256
-992 15856 2608
-816 16160 2944
-816 17280 3584
-576 17280 3584
-1552 12160 6624
-1088 18160 1184
-640 19232 3488
-864 17584 5808
-1360 16944 6064
-1360 16832 4512
-416 15664 3840
160 13696 3552
512 12016 3200
512 12016 2448
656 11152 2448
1104 11040 1936
1040 11184 1408
544 11216 1408
208 11264 976
-112 11472 496
-304 11632 144
-320 11392 928
-1040 11920 880
-1392 12912 544
-1392 14224 736
-1680 14224 1088
-1280 14928 1088
-832 14640 896
-416 13776 176
-432 13376 -1120
-528 13904 -3152
-784 14768 -4336
-1136 15648 -5120
-1120 17200 -6000
-1120 19216 -6672
-848 19216 -6880
-480 20848 -6880
-512 20976 -6144
-560 20128 -5488
-880 19088 -5280
-1120 18544 -5344
-1120 18144 -5232
-1040 18144 -5360
-512 18176 -5488
-16 18224 -5488
496 18064 -5296
416 17888 -4992
64 17856 -4368
-144 18080 -4000
-224 18448 -3216
-224 19216 -2592
-80 19216 -1664
-592 19872 -1664
-608 20080 -64
-704 20064 -64
-384 19600 656
-400 19056 1184
-336 18640 1136
-128 18304 1200
-16 17888 1120
-16 17312 1088
80 16704 736
-432 16208 976
-960 16064 1904
-1424 16208 2992
-1424 16208 3968
-1472 16288 4784
-1456 16288 5728
-1552 16080 5728
-1328 15632 6064
-992 15040 6160
-640 14032 6000
-32 13152 5376
-32 12608 4816
640 12416 4416
1312 12416 4064
1632 12576 4064
1632 12672 3856
1696 12752 3600
1808 12672 3168
1664 12176 2672
1216 11504 2368
800 10832 1664
800 10384 1264
480 10384 976
128 10016 528
-416 10336 32
-1488 10928 -480
-1600 11696 -1072
-1392 12256 -1728
-1056 12848 -2416
-1056 13568 -2912
-672 13568 -3808
-224 14480 -3472
-288 14640 -3472
-624 14768 -3296
-1088 15552 -3744
-1472 16672 -4096
-2112 17776 -4064
-2400 18640 -3824
-2496 19024 -3600
-2160 19504 -4128
-2160 19360 -3936
-1872 19360 -4096
-1680 19344 -4480
-1504 19408 -4480
-1232 19536 -4880
-544 19472 -4816
-112 19248 -4736
128 19216 -4272
16 19680 -3360
-304 20256 -2160
-560 20752 -832
-704 20992 832
-1376 20624 1152
-1168 20064 1120
-896 19552 928
-896 19152 464
-816 19152 -368
-592 18128 -512
-608 17392 -576
-768 16656 -368
-768 16128 -80
-928 16128 -80
-1056 15280 -128
-1024 15280 352
-1136 14960 352
-832 14640 1008
-688 14528 1584
-352 14432 2320
192 14528 3376
240 14128 3376
400 13616 3888
720 13520 4304
864 13808 4736
608 14208 5184
672 14432 5296
544 14432 5184
416 14400 5184
416 14176 4528
512 13632 3760
688 13152 2512
624 12704 1440
480 12400 320
112 12224 -464
112 11952 -928
-112 11808 -1584
-464 11808 -2048
-816 11728 -2144
-1408 11712 -2144
-2080 11936 -2256
-2336 12416 -2704
-2624 14272 -2912
-2256 15520 -2992
-2256 15520 -3120
-1696 16576 -3120
-1456 17424 -3376
-1184 18080 -3312
-832 18432 -3552
-384 18432 -3744
-128 18144 -3664
64 17600 -4000
80 16992 -4464
288 16928 -4784
288 17264 -4928
480 17840 -4704
288 17840 -4704
128 18208 -4640
208 18256 -5072
368 18288 -5024
704 18672 -5168
224 18992 -4464
-272 19200 -3552
-272 19376 -2880
-1232 19392 -2128
-1232 19344 -1504
-1216 18928 -1168
-1136 18544 -832
-1088 18048 -400
-1088 17632 -528
-1072 17344 -640
-912 17344 -544
-1008 17280 320
-1056 17296 1072
-1136 17264 1664
-1136 17264 2048
-1120 17200 2080
-1296 17088 2080
-1760 16800 2416
-2000 16640 3280
-2160 16464 4032
-2144 16272 4448
-7024 10912 14528
-1856 15568 6928
-1856 16816 4736
-816 15792 3168
-816 14688 2464
-1056 14688 1824
-832 14512 1824
-560 14480 1632
-752 13936 1856
-752 13312 2592
-1264 13184 3872
-1520 13776 4896
-1584 13776 4896
-1408 14400 5264
-1520 14544 5264
-1616 14096 5008
-1568 13536 4512
-1232 13232 3888
-752 13232 3296
-448 13168 2336
-448 13040 1888
-320 12784 1968
-128 12784 1712
304 12336 1760
432 11952 1408
384 11712 640
624 11888 64
960 12176 -368
848 12816 -240
848 13664 176
928 13664 176
736 14736 848
624 15424 992
528 15520 816
320 15168 144
288 14672 -544
288 14528 -1680
192 14784 -2368
608 15216 -2608
608 15216 -2800
592 15808 -2800
448 16656 -3200
208 17728 -3840
0 18560 -3984
-352 18960 -3776
-384 18832 -3760
-704 18192 -4176
-704 18192 -4800
-816 17424 -5600
-880 16336 -5712
-832 16336 -5712
-944 16384 -4880
-1520 16800 -4256
-2016 17616 -3136
-2048 18512 -1792
-2240 18976 -496
-2240 19152 816
-2208 19152 1328
-2160 19600 1216
-2016 20480 1264
-1904 20480 1536
-1648 20336 1536
-1136 19872 1824
-480 19200 1904
-176 18592 1872
416 18128 1680
928 17824 1280
1504 17552 1216
1648 17024 1152
1648 16688 1680
1136 16672 2768
1136 17136 3904
816 17136 5920
240 16784 5920
-416 16720 7568
-864 16816 8400
-1248 16864 8032
-1088 16896 7328
-816 16784 6448
-816 16320 5264
-608 16320 5264
-848 15280 4464
-1312 14096 4464
-1760 13296 3776
-2112 12784 2944
-2000 12336 1616
-2016 11840 464
-1792 11568 -560
-1440 11280 -1552
-960 11040 -2656
-704 10592 -3040
-704 9888 -3344
-1024 9792 -3344
-1024 10288 -3328
-1136 11088 -3072
-1408 11088 -3072
-1392 11840 -2960
-1360 12352 -2736
-1280 12624 -2640
-1280 12704 -2640
-1024 12832 -2544
-816 12832 -2992
-528 13040 -2992
-64 13456 -3360
224 14160 -3520
512 15136 -4032
736 15744 -3520
960 16208 -2944
960 16816 -3392
1040 16816 -3152
944 17232 -3520
