startup(x,y,z):(368,16096,-32)
-400 13808 -1760
9376 19296 -2320
5616 22112 -1664
2336 20544 -992
2976 18544 -1376
1904 17600 -848
2912 16576 1456
2912 16544 1424
672 13200 1184
-32 17200 1616
-336 13680 1408
-560 16272 208
-240 16800 16
-688 15168 -32
-928 16016 -736
-624 15680 496
-336 15632 -128
320 15616 -528
640 17008 -2416
1040 16480 -2816
1616 18960 -2256
1536 18256 -1888
1312 18256 -384
864 16576 -880
1104 15664 -896
496 15312 -1184
-48 14512 -2000
112 16656 -4288
-80 16976 -4288
-720 17488 -1328
496 15104 -224
448 15840 848
624 16800 2448
1712 16896 832
1104 18352 1328
368 16896 80
-96 16224 -432
-416 16528 112
-304 15936 -800
-144 16000 -336
-336 16976 1152
592 16560 1168
1344 16352 960
208 16208 -112
16 16256 0
304 16240 -240
800 16192 -160
864 16208 -224
720 16288 -160
640 16224 -160
1232 16240 544
496 16256 -80
464 16272 -272
496 16240 -224
656 16208 -480
256 16272 -448
944 16160 384
704 16176 80
560 16208 -528
336 16128 -912
560 16240 -480
432 16176 -112
432 16112 -176
384 16208 -304
272 16192 -464
448 16160 -224
576 16160 -128
464 16192 -192
336 16160 -288
512 16208 -368
512 16160 -400
592 16144 -416
608 16144 -528
544 16176 -736
544 16224 -480
528 16288 -528
608 16288 -256
592 16288 -432
368 16320 -304
592 16288 -352
496 16224 -208
400 16256 -432
512 16160 -544
480 16208 -480
512 16224 -368
432 16192 -256
480 16208 -624
448 16240 -784
496 16288 -512
400 16224 -400
448 16256 -416
496 16288 -400
480 16288 -480
448 16224 -480
480 16240 -624
400 16256 -480
416 16208 -384
480 16288 -464
496 16336 -448
592 16272 -432
592 16272 -416
544 16208 -432
480 16192 -464
528 16224 -576
592 16176 -496
592 16192 -384
608 16240 -576
592 16256 -448
512 16208 -432
448 16224 -480
448 16256 -480
528 16320 -272
592 16288 -96
592 16368 -224
528 16224 -528
512 16176 -464
608 16288 -464
704 16304 -336
1120 16272 144
896 16352 176
624 16160 -544
704 16016 -512
1056 16176 -112
1616 16224 -80
-128 16416 16
-256 16432 -16
-480 16208 -128
-224 16112 -592
256 16240 -336
144 16032 -832
128 16368 112
576 16048 -64
-176 16048 -1360
368 16272 -432
624 16336 80
160 16160 -560
240 16160 -592
448 16288 160
368 16336 288
1008 16624 464
1008 16480 -32
608 16528 224
1040 16512 496
1008 16784 448
1040 17360 672
848 17232 720
-944 16144 -480
176 10736 -1728
64 13920 -544
400 15264 -240
688 15392 -448
512 15792 -64
336 16032 -80
592 16064 32
512 16176 -80
-112 16208 -416
272 16208 -96
560 16304 432
544 16240 80
544 16256 -16
592 16224 -160
368 16256 48
384 16208 112
400 16304 96
464 16288 144
464 16272 16
432 16272 -240
432 16192 -144
416 16176 16
336 16144 -192
400 16160 -32
400 16144 -64
560 16192 -48
464 16144 32
400 16160 -64
368 16272 -192
320 16288 -320
496 16096 -32
480 15952 -192
560 16272 480
880 16176 -256
192 16224 -352
272 16240 -336
512 16272 -256
544 16320 -416
528 16192 -64
512 16032 32
432 16096 -32
320 16080 32
224 16240 16
128 16240 144
400 16272 16
800 17440 368
608 16448 128
672 16336 -80
608 16368 16
464 16336 -64
544 16352 -80
784 16176 -80
896 16192 -352
1136 15952 -256
512 16000 -432
48 16272 -224
32 16448 -112
-224 16448 -160
-224 16368 -192
384 16256 -48
352 16208 -160
288 16272 32
240 16256 -480
160 16320 -480
240 16192 112
-80 16048 -80
736 16048 -1808
1104 16800 -1072
864 17296 -176
256 16768 -560
384 16304 -48
368 16368 -144
448 16256 -144
448 16224 -256
416 16240 -272
336 16224 -224
336 16224 -192
384 16224 48
256 16176 -80
480 16160 -176
416 16176 -272
240 16096 -512
160 16112 -624
144 16048 -1168
128 15952 -976
-64 15984 -1040
144 16496 -1616
400 15904 -1328
592 16432 -2016
400 17568 32
944 16432 -448
-112 16224 -944
0 16816 400
-560 16624 288
-320 15632 1072
384 16176 1072
1056 16400 384
1040 16272 336
944 16256 320
496 16208 -128
192 16240 -432
320 16224 -320
768 16176 352
1392 16176 352
992 16224 96
784 16272 -48
656 16240 -400
528 16288 -192
448 16224 -16
