startup(x,y,z):(720,15568,1952)
-208 16240 3216
400 16576 5504
128 16432 2912
-816 18016 2352
-1264 16544 1952
-496 17536 1792
-1472 14912 2128
336 14512 1040
1520 15872 256
432 16368 256
1280 17296 1248
432 16512 880
224 15952 1280
528 16176 1136
416 16192 624
656 16144 1024
656 16272 1536
272 16128 1888
848 15904 1664
592 15824 2064
560 15712 1920
448 15552 1920
800 15648 2128
560 15808 1936
800 15728 2160
1360 16032 2576
1024 16032 2768
912 16048 2528
128 15424 2016
528 15728 2592
304 16016 3216
752 16016 3456
592 15968 3168
320 16000 3104
864 16256 3664
1008 17040 3600
848 16800 3616
464 16336 3632
880 16704 3696
944 17152 4192
1152 14608 3920
1584 18240 4064
1664 17504 4560
1232 17136 4032
1728 18048 3760
2208 19808 3808
4784 18912 16864
4352 7280 12128
1360 8784 6880
992 10944 4240
1360 12224 2960
1648 13776 3520
640 14720 3104
768 15008 3488
-304 15344 4080
-96 15472 4704
0 15536 4464
224 15488 4256
-544 16064 4720
-224 16000 4752
336 15760 4912
1216 15696 4688
1376 15712 4672
1296 15616 4976
1088 15568 4624
1168 15536 4336
1488 15472 4144
1376 15088 3792
1504 14976 3616
1488 15200 3936
1216 15392 4288
1104 15520 4528
848 15568 4816
624 15664 4976
128 16416 5200
-624 16352 5408
-592 16208 5008
-400 16128 4576
-736 15936 4064
-1568 15840 3712
-368 15840 1552
-1200 16144 3152
-1792 15872 2432
-1168 15104 -208
944 14720 -624
3264 14688 4944
3920 16336 6464
4048 16496 6512
4736 16768 5488
3200 18944 4112
496 18592 2992
560 17824 4032
528 16896 4304
896 16608 4544
1312 16464 4272
1488 15984 4160
1408 15888 3440
1120 15936 3360
512 15456 2496
528 15456 2432
1216 15520 2800
1504 15680 3120
1424 15696 3328
1328 15648 3216
-944 16160 2752
-304 16016 2704
352 15904 3888
416 16576 5296
448 16928 6272
368 16832 6160
320 16560 5088
272 16304 4080
48 16096 3648
256 16064 3520
688 15920 3600
784 15760 3168
704 15664 2896
656 15712 3248
752 15776 3360
720 15824 3264
752 15808 2960
832 15888 3280
976 15888 3280
688 16016 3648
640 16048 3632
320 16112 3760
368 16064 3888
432 16096 4096
464 16064 3872
496 16032 3680
688 16000 3904
912 16000 3792
1056 15984 3856
1248 15952 3824
1360 15808 3440
1504 15712 3072
992 15760 3136
352 15808 3168
-528 15728 2752
224 15616 3472
496 15872 3424
512 15952 3488
512 15936 3488
672 15872 3488
688 15872 3472
672 15840 3536
784 15808 3232
784 15824 3360
992 15824 3296
720 15872 3120
720 15888 3280
672 15904 3328
448 15920 3488
480 15968 3504
480 15856 3680
368 15904 3600
624 15872 3552
688 15792 3312
752 15840 3536
720 15888 3744
720 15904 3808
720 15856 3648
784 15824 3184
768 15856 3456
768 15824 2992
688 15888 3424
560 15920 3456
496 15904 3760
544 15984 3616
608 15920 3472
672 15920 3376
736 15760 3216
688 15760 3024
592 15712 2992
464 15600 2960
592 15616 2896
608 15648 3008
560 15712 3024
672 15760 3280
672 15744 3088
352 15760 2528
528 15984 2704
480 15808 2800
448 15552 1872
544 15552 1872
560 15600 1856
688 15600 1984
640 15600 1968
560 15584 2000
672 15552 2112
448 15728 1808
464 15936 2160
848 15792 2336
960 15552 2768
720 15008 2944
592 14880 3440
1056 15280 3472
560 14896 3328
688 14016 3920
1136 15440 3488
752 14016 2832
912 17168 2000
320 15872 1712
496 16624 3008
1088 17792 3280
608 23792 2736
528 17648 1120
464 17120 1920
736 16000 912
416 15968 480
272 15712 528
576 15728 -128
640 16448 928
480 16064 784
1664 12064 6256
2928 12480 6064
304 13664 2384
-480 13504 -3776
-384 14368 -2752
-208 14688 -672
816 16192 368
560 16560 2720
720 16640 2432
592 16672 352
1056 16544 -752
464 16464 832
368 16896 1888
704 16432 1392
1376 16864 2240
672 18576 1792
64 17264 928
-192 17040 640
0 16944 2256
352 16752 1584
352 16304 528
320 16128 1088
464 16752 1328
592 16352 256
544 16224 -48
368 16192 288
432 16272 544
480 16240 384
624 16192 272
480 16224 48
384 16288 48
480 16224 80
272 16176 128
432 16160 144
528 16208 192
512 16208 144
464 16208 272
496 16208 256
576 16272 304
464 16256 336
560 16240 96
512 16176 48
