startup(x,y,z):(352,16080,192)
1872 15504 -2288
1040 15776 -3376
1104 15632 -2928
624 16048 -2816
416 16064 -2608
496 16176 -1840
496 16176 -864
336 16176 -864
544 16096 -352
480 16048 -512
2688 15104 -9008
-304 15744 -3632
-304 16240 416
-112 16192 560
-112 16192 2480
-1120 16048 2480
1008 16304 3024
272 16048 4624
-208 15952 4656
432 15984 2144
800 16080 2144
672 16368 1424
1008 15952 560
240 15888 -400
528 16208 80
896 16160 1616
896 15888 240
1664 15888 -2480
1120 16240 -2480
-160 16720 288
-768 16688 448
-128 16384 -368
-384 16320 -800
-368 16320 -1168
720 16320 -1168
384 16224 416
32 16048 -288
880 16128 -592
624 16176 704
640 16096 -160
640 15888 240
944 15888 400
656 16048 96
592 16160 96
624 16016 256
480 16016 352
448 16112 1088
224 16144 1248
288 16128 928
272 16112 1152
272 16112 816
240 16160 816
208 16224 368
96 16112 80
528 16160 -368
480 16144 -768
480 16144 -1120
480 16160 -1120
320 16192 -720
288 16176 -32
432 16160 -80
416 16112 208
304 16144 464
304 16128 512
208 16128 512
272 16096 336
400 16096 512
384 16112 656
144 16112 784
144 16064 656
320 16016 688
320 16112 528
448 16112 128
288 16144 128
256 16176 96
336 16096 -192
240 16160 -224
240 16176 -496
336 16176 64
288 16112 64
144 16080 16
256 16176 -112
352 16112 -48
240 16144 -176
336 16224 176
336 16160 160
352 16160 160
448 16112 432
336 16128 496
240 16080 864
368 16144 832
432 16208 736
432 16144 560
416 16112 480
448 16096 320
496 16096 48
432 16080 48
432 16096 96
416 16080 144
368 16112 144
368 16112 64
512 16144 -192
480 16208 -96
384 16144 208
288 16160 400
352 16192 304
368 16192 304
336 16144 560
336 16144 608
240 16192 608
384 16256 560
304 16240 336
336 16160 288
400 16128 464
432 16128 304
400 16048 -64
384 16112 -32
368 16064 96
368 16080 192
272 16032 144
368 16032 144
304 16096 480
400 16096 144
368 16144 48
240 16192 304
240 16112 528
384 16112 608
336 16160 608
400 16192 656
416 16160 432
336 16144 352
448 16144 592
448 16176 576
448 16208 320
496 16208 320
592 16160 432
384 16208 352
400 16240 240
320 16144 32
384 16160 -32
368 16176 96
352 16144 64
352 16144 256
240 16096 256
224 16112 192
480 16096 400
608 16128 192
448 16176 272
448 16160 416
432 16160 416
416 16048 400
384 16080 512
320 16080 320
416 16048 176
592 16048 464
592 16064 112
528 16064 240
448 16048 240
464 16112 256
496 16144 -176
448 16272 96
368 16272 128
368 16256 304
480 16144 320
416 16144 224
416 16176 224
256 16112 352
352 16176 224
192 16208 272
304 16192 320
336 16064 400
400 16112 208
320 16096 192
320 16160 256
368 16160 176
368 16160 208
432 16128 208
432 16128 144
448 16176 128
448 16176 176
448 16064 112
400 16080 0
400 16064 32
384 16064 128
448 16096 128
448 16048 176
288 16080 -32
400 16080 272
416 16064 368
416 16080 384
384 16080 416
256 16080 416
288 16048 144
304 16096 192
352 16208 64
400 16144 -144
400 16144 272
320 16160 352
320 16224 336
384 16224 336
416 16192 336
336 16112 -112
480 16064 48
272 16096 80
272 16096 512
208 16160 224
416 16144 224
432 16224 272
256 16128 160
352 16064 144
512 16064 208
400 16064 208
384 16048 432
384 16096 336
576 16112 304
576 16144 640
528 16096 320
400 16096 320
368 16000 432
368 16128 288
464 16080 224
448 16032 288
416 16128 -16
400 16192 176
400 16192 112
544 16208 112
640 16144 256
608 16064 240
336 16112 208
400 16064 144
320 16096 -32
400 16128 208
496 16112 320
432 16160 192
432 16176 -128
416 16176 -128
448 16160 432
432 16160 192
320 16128 208
304 16080 0
304 16048 240
272 16048 480
224 16176 480
304 16128 624
368 16128 624
384 16160 352
304 16112 320
352 16144 160
352 16128 240
288 16128 240
288 16240 336
432 16176 240
688 16160 -32
688 16096 128
368 16112 192
368 16128 96
288 16128 112
288 16128 112
272 16112 -80
336 16128 208
384 16128 -96
384 16112 48
384 16128 64
464 16128 576
400 16096 576
464 16048 544
496 16048 640
560 16064 512
576 16048 288
560 16048 144
560 16176 416
320 16176 -1296
-1008 15552 -1296
-512 15888 -32
192 16112 720
1168 16016 384
32 16128 -368
592 16192 -288
352 16288 336
336 16080 400
336 16080 -464
784 16096 -464
224 16208 -16
240 16176 208
496 16192 -80
336 16256 0
672 16160 112
672 16160 432
496 16048 368
400 16144 368
480 16240 112
304 16272 272
416 16160 32
432 16064 144
432 16064 384
224 16144 384
400 16128 224
400 16128 288
432 16160 80
384 16224 -112
384 16208 -176
368 16176 -288
384 16176 16
176 16128 16
256 16112 320
352 16160 352
224 16192 432
352 16176 224
352 16160 80
224 16160 80
256 16160 288
320 16112 256
480 16144 112
480 16064 48
320 16048 448
224 16128 320
224 16096 0
144 16096 0
320 16080 128
464 16128 64
480 16128 288
528 16096 320
416 16096 128
416 16128 256
480 16096 272
480 16352 256
416 16272 256
544 16192 352
480 16224 352
448 16192 432
448 16144 352
384 16144 400
480 16192 400
240 16160 320
256 16096 352
320 16080 288
336 16240 80
368 16208 432
368 16064 256
368 16064 272
368 16112 272
464 16096 512
368 16160 320
400 16144 288
400 16128 224
400 16128 208
272 16176 208
400 16144 240
368 16096 240
416 16144 128
416 16128 256
384 16112 336
384 16128 192
384 16128 32
432 16176 32
320 16176 144
320 16144 416
416 16160 128
416 16064 192
384 16128 224
400 16096 176
400 16048 128
432 16048 128
304 16112 288
272 16128 464
256 16112 336
352 16144 272
320 16160 144
336 16128 320
368 16128 256
272 16144 96
432 16144 96
544 16176 96
464 16144 96
416 16128 -32
416 16160 192
400 16160 224
352 16176 224
384 16096 384
384 16112 -16
512 16144 0
384 16128 176
416 16144 288
416 16176 304
384 16176 208
288 16240 208
400 16272 144
336 16112 256
272 16112 272
368 16080 288
368 16336 224
304 16128 224
304 16160 128
368 16096 240
416 16064 64
272 16128 64
272 16128 -32
480 16112 32
496 16144 96
496 16144 160
448 16224 160
368 16192 224
432 16192 288
464 16112 48
480 16144 112
448 16128 -64
480 16192 256
480 16144 432
512 16144 432
448 16128 480
448 16096 480
416 16128 736
368 16208 544
416 16144 368
416 16128 304
464 16128 400
320 16160 432
352 16128 432
224 16064 304
304 16064 272
336 16048 320
400 16112 288
400 16112 224
320 16160 224
368 16128 48
352 16112 128
416 16080 32
400 16160 256
384 16128 352
416 16144 16
416 16144 16
512 16144 16
480 16096 80
384 16176 -144
160 16192 160
240 16128 48
240 16160 -64
352 16160 -64
592 16080 -96
528 16048 32
432 16080 192
480 16016 192
416 16016 160
320 16080 -96
320 16336 -96
464 16176 -336
400 16240 -112
384 16192 96
400 16144 176
432 16080 176
432 16080 320
416 16128 320
464 16144 432
528 16160 432
464 16160 -48
528 16128 256
288 16160 368
288 16064 288
272 16064 288
192 16064 96
304 16064 80
336 16176 0
384 16192 112
368 16224 192
368 16224 272
336 16208 80
336 16176 128
432 16176 128
256 16208 304
352 16128 -16
288 16128 336
288 16080 416
304 16128 528
400 16128 528
464 16048 496
416 16048 608
336 16080 288
432 16128 224
368 16160 0
368 16080 32
400 16080 128
240 16128 128
336 16112 256
368 16128 256
320 16192 416
448 16080 208
416 16128 208
416 16096 64
464 16080 240
384 16144 96
480 16144 224
320 16160 176
320 16144 544
240 16144 544
464 16112 208
432 16160 416
400 16096 288
400 16144 272
384 16096 304
400 16112 256
400 16112 320
336 16112 320
368 16192 272
336 16096 304
384 16080 384
400 16112 224
400 16128 256
400 16144 128
400 16144 160
352 16192 160
512 16176 192
480 16048 224
