startup(x,y,z):(432,16128,240)
-976 16224 1408
-5616 15248 -2512
3456 14192 -2512
2064 14688 -1696
3520 15328 -288
208 16016 -800
-320 16448 352
784 16288 -608
912 15968 -496
912 15920 -64
848 15920 208
976 15808 208
672 16096 64
512 16144 384
512 16272 544
608 16304 256
608 16304 416
336 16448 2096
80 16448 2096
0 16208 2384
192 16256 1600
944 16240 -16
944 16208 -2912
1776 16208 -2656
288 16480 -2704
224 16304 -3024
752 16304 -1760
240 16288 -1232
-32 16256 128
-32 15552 -3824
4192 15552 -4896
1600 15376 -4896
80 15872 -304
640 16160 -48
1376 15952 1184
1376 16144 3088
-368 16144 4608
1408 15824 4608
256 15760 6608
32 15680 2880
608 15856 1584
-128 16320 2880
928 15888 368
928 15968 -1264
1856 15968 -1264
1088 16144 -1680
608 16064 -432
976 15984 1568
384 15952 704
384 16368 -3376
-1744 16384 -608
384 16080 -688
384 15920 -992
784 15920 -992
-1120 16112 -752
-528 16336 -1184
-528 16064 816
-176 15840 -528
-176 15840 -1280
416 15968 -1280
-384 15968 272
128 16000 -64
1440 15920 80
896 16032 288
944 16112 -128
1040 16064 352
1040 16064 -320
816 16096 -320
640 16096 960
272 16128 1728
128 16192 1344
304 16112 1632
304 16176 944
288 16176 560
192 16224 560
256 16416 320
400 16304 304
592 16112 -624
528 16016 -1104
528 16096 -976
544 16096 -336
304 16128 -336
320 16064 -16
464 16064 -224
336 16128 128
320 16144 576
320 16224 608
384 16208 384
384 16208 432
496 16096 432
400 16192 608
368 16128 352
480 16096 688
480 16096 640
752 16064 480
784 16064 480
528 16064 -128
448 16128 32
368 16176 -304
480 16240 -448
656 16240 -48
512 16224 288
256 16208 64
288 16208 -32
416 16176 -32
320 16224 -96
384 16192 -144
416 16144 -16
432 16192 112
432 16192 192
608 16112 464
432 16112 752
496 16128 752
464 16112 800
528 16128 464
448 16176 464
448 16176 480
416 16240 480
480 16192 432
384 16208 176
416 16320 -224
352 16272 -128
352 16256 -208
352 16256 16
352 16256 -208
400 16256 -208
480 16192 -272
336 16208 -96
432 16192 -32
432 16144 -176
384 16144 32
368 16240 32
432 16192 272
400 16192 160
384 16112 176
384 16240 560
480 16176 432
480 16160 480
528 16160 128
576 16160 128
576 16192 96
480 16160 -96
336 16160 192
336 16128 80
352 16176 -176
256 16176 16
256 16176 0
352 16176 0
352 16112 64
336 16160 176
144 16160 320
144 16160 320
432 16176 160
368 16128 160
400 16144 80
352 16224 192
352 16160 64
304 16240 224
368 16176 -32
368 16176 -192
320 16176 -192
336 16208 -32
368 16208 32
336 16176 0
272 16208 -16
272 16208 -144
512 16208 -144
400 16080 176
272 16112 160
320 16128 0
432 16048 288
544 16064 208
544 16064 480
560 16032 480
496 16096 480
608 16144 400
400 16112 496
272 16128 544
400 16080 464
352 16096 480
384 16192 288
320 16192 112
320 16144 96
288 16144 -32
368 16128 -32
352 16192 16
400 16160 96
384 16176 368
128 16272 384
240 16272 256
240 16224 256
224 16144 480
224 16112 368
272 16112 368
320 16224 432
336 16176 208
368 16144 224
368 16192 288
288 16192 288
208 16224 96
304 16208 16
400 16192 272
416 16064 176
384 16080 224
400 16160 288
400 16160 384
240 16192 384
368 16208 240
416 16096 272
432 16112 624
432 16096 304
400 16096 544
464 16160 544
448 16080 384
384 16112 16
384 16096 224
368 16128 64
384 16192 64
384 16112 128
352 16112 128
384 16112 112
400 16176 192
304 16208 224
368 16176 -48
368 16176 336
352 16112 336
528 16192 160
464 16128 128
464 16128 64
480 16128 128
464 16144 0
464 16112 176
512 16112 176
480 16080 304
400 16064 528
560 16128 400
464 16160 368
464 16160 224
544 16112 368
496 16176 304
400 16240 208
400 16240 272
528 16240 272
416 16176 336
496 16240 384
480 16176 336
480 16096 320
400 16096 208
400 16080 208
400 16080 240
608 16112 -16
480 16112 96
528 16192 368
544 16192 320
496 16128 320
528 16144 288
544 16208 32
288 16160 112
480 16160 -48
640 16160 -48
624 16048 272
688 16176 176
592 16128 160
512 16080 160
528 16112 256
528 16112 192
608 16096 192
304 16096 320
528 16096 400
656 16080 352
656 16112 272
400 16112 16
480 16096 144
416 16176 240
512 16176 240
464 16160 336
304 16160 400
368 16176 96
432 16064 192
432 16064 192
560 16176 192
352 16176 192
544 16176 352
512 16128 176
368 16112 -32
368 16144 176
320 16208 144
288 16208 208
288 16208 320
464 16224 320
448 16160 416
560 16112 288
448 16096 304
448 16032 208
496 16032 176
528 16112 176
480 16160 464
352 16144 464
416 16128 224
512 16096 160
544 16096 128
544 16128 224
400 16128 304
352 16240 304
192 16144 160
336 16064 -16
288 16096 144
288 16192 304
448 16192 288
448 16272 -48
400 16272 -48
416 16224 -288
576 16176 -112
528 16208 144
528 16192 128
416 16192 128
416 16112 128
400 16192 272
432 16144 480
448 16048 208
288 16160 256
320 16096 288
320 16096 240
256 16096 496
384 16112 256
368 16256 176
416 16160 80
400 16160 208
400 16176 80
448 16176 80
416 16128 -64
320 16224 32
352 16208 96
304 16208 208
384 16176 32
384 16192 176
384 16128 400
416 16128 400
480 16096 224
336 16192 240
352 16208 144
400 16240 320
400 16192 176
432 16192 304
400 16128 272
416 16144 272
336 16160 240
384 16208 112
480 16176 320
480 16176 48
400 16176 48
448 16128 144
464 16048 240
480 16048 640
480 16112 448
384 16368 272
304 16080 -32
256 16080 -32
464 16064 -144
368 16080 -336
384 16160 -64
384 16240 -240
384 16240 -32
416 16192 -32
512 16016 208
464 16032 320
608 15984 80
608 16144 -16
512 16192 256
512 16208 368
368 16208 368
272 16208 384
320 16176 400
336 16256 288
240 16176 304
240 16096 208
320 16096 208
368 16032 544
480 16064 224
528 16128 144
496 16112 144
368 16176 352
320 16176 272
320 16176 256
192 16160 256
288 16128 32
304 16144 32
288 16096 352
400 16016 352
336 16064 304
448 16208 240
384 16192 160
384 16176 80
576 16176 80
384 16128 560
320 16080 352
432 16096 320
432 16128 144
400 16128 352
512 16096 352
416 16160 272
560 16128 304
528 16112 240
400 16096 352
416 16112 -16
416 16176 288
384 16176 288
400 16192 272
528 16112 192
512 16064 192
544 16128 240
544 16128 208
416 16192 208
432 16144 160
464 16176 192
240 16240 192
256 16192 176
512 16144 -32
352 16176 144
352 16176 224
320 16240 224
352 16160 464
288 16160 176
272 16160 320
272 16128 256
272 16112 -64
352 16160 128
352 16144 176
544 16144 288
464 16128 288
480 16128 256
352 16080 352
384 16176 176
432 16224 208
432 16128 144
400 16128 176
272 16080 176
304 16160 304
336 16112 400
352 16128 464
384 16144 448
480 16096 352
480 16176 96
464 16176 96
608 16064 176
528 16144 304
592 16160 480
512 16064 400
512 16160 32
512 16112 240
448 16112 384
400 16048 384
560 16064 336
480 16128 176
496 16160 112
496 16096 384
448 16096 176
432 16128 176
384 16064 64
400 16064 -16
496 16160 -112
464 16128 -16
464 16144 -16
464 16144 144
432 16176 144
432 16144 416
448 16176 448
448 16112 336
448 16080 272
448 16128 208
496 16128 208
528 16144 176
544 16128 176
448 16160 256
352 16160 416
432 16224 320
432 16112 304
432 16112 -160
432 16112 -160
352 16176 -80
400 16176 64
432 16192 -16
416 16208 48
416 16208 416
464 16144 416
336 16176 144
512 16160 -96
352 16208 32
336 16208 176
384 16160 288
384 16160 336
496 16208 336
288 16192 320
320 16192 240
336 16192 400
384 16160 384
336 16160 272
288 16160 272
432 16192 304
624 16192 336
464 16192 288
464 16208 176
416 16208 432
272 16192 304
208 16144 272
320 16240 192
288 16288 112
288 16240 32
464 16208 176
464 16240 64
368 16240 192
432 16112 192
