startup(x,y,z):(352,16080,192)
448 16400 2064
1456 16320 352
2256 15872 -3040
1472 16480 -4880
112 16640 -1584
1184 16384 -592
1184 16384 -16
1632 16384 -16
-128 16464 448
128 16352 2896
-368 16128 5536
368 15904 2000
368 16128 288
1424 16128 1488
768 16608 1488
928 16288 896
1248 15936 128
832 16032 -1088
1216 16096 -480
2192 15936 -704
2192 15936 -800
160 16080 1920
48 16064 1488
48 16080 896
-32 16112 240
-32 16224 320
-32 16240 -96
-32 16240 -1456
240 16032 -1456
688 16112 -960
560 16320 240
416 16128 384
416 16048 768
416 16144 752
592 16144 528
608 16128 256
304 16128 256
224 16272 992
416 16272 608
560 16176 608
384 16064 720
304 16176 704
160 16224 352
160 16224 -336
128 16128 -448
336 16160 -448
336 16160 -80
400 16160 -224
608 16112 -128
528 16112 384
224 16144 368
224 16144 240
272 16144 240
272 16112 304
368 16096 96
320 16096 64
320 16352 -160
448 16144 -112
432 16080 -112
512 16176 -16
512 16112 320
416 16128 320
336 16144 512
288 16176 272
432 16208 272
432 16160 112
320 16160 112
336 16176 -128
336 16144 -336
368 16128 80
288 16112 512
288 16112 464
272 16112 304
320 16176 304
368 16160 144
352 16096 80
336 16032 256
336 16032 464
512 16080 464
496 16112 544
496 16096 688
480 16080 352
416 16176 240
416 16144 -192
368 16144 944
480 16224 944
464 16288 1600
352 16192 384
144 16208 -96
144 16224 -592
368 16224 -592
544 16176 -672
208 16144 -560
304 16096 160
-416 15712 1824
0 16096 1568
0 16064 -16
-64 16016 -1488
-144 16016 -7360
-2048 16032 -7360
-3024 16608 -2928
-1056 16592 -432
1648 16272 112
1648 16160 1120
-640 16160 3056
864 16320 3056
304 16064 4928
752 15984 2752
848 15952 -176
960 16384 1056
368 16176 896
368 16112 224
912 16112 224
480 16112 -1040
544 16128 -208
240 16160 1168
176 16224 -352
176 16224 112
32 16288 112
272 16224 672
400 16016 464
32 16080 480
352 16208 -352
288 16272 -176
288 16272 -1152
288 16256 -1152
496 16224 -960
528 16240 208
416 16240 384
416 16128 512
752 16128 672
544 16048 672
560 16160 496
496 16144 416
416 16160 256
448 16112 832
432 16128 976
432 16144 944
256 16144 672
416 16112 128
416 16176 -416
400 16224 -576
400 16192 -224
432 16176 -272
544 16144 -80
560 16144 -80
352 16128 464
304 16208 416
432 16176 400
432 16208 64
432 16208 64
448 16208 80
288 16192 144
272 16192 240
336 16192 304
336 16224 336
528 16144 336
416 16144 576
336 16160 576
288 16128 368
368 16080 240
368 16096 64
368 16096 16
432 16112 16
448 16176 -80
432 16128 -64
384 16048 -96
384 16080 208
368 16112 368
368 16112 400
288 16160 400
320 16240 400
336 16112 48
352 16112 64
352 16112 432
352 16112 432
448 16128 128
512 16096 384
528 16112 368
496 16160 272
496 16128 288
496 16080 160
496 16128 896
864 16128 1440
656 16128 1440
240 16112 368
176 16064 -352
352 16032 -544
352 16288 -528
512 16144 -528
512 15920 -208
496 15984 320
-368 16016 2368
-80 16400 1376
96 16368 -736
96 16368 -5488
4576 15632 -5488
2976 15936 -2688
672 16192 336
-384 16176 -320
-352 15984 480
-352 15984 2048
320 15984 2048
352 16096 4048
16 16048 3808
352 15840 400
528 15984 176
112 16288 288
112 16288 -176
800 16032 -176
560 16048 -704
1120 16032 -832
1200 16064 -272
912 16112 32
912 16208 80
336 16208 992
272 16304 336
240 16240 336
192 16144 256
416 16256 416
320 16272 -256
320 16192 -816
352 16192 -816
464 16208 -992
496 16304 -256
320 16176 256
368 16064 400
544 16112 688
384 16192 576
432 16160 496
432 16160 448
192 16160 784
352 16096 784
496 16080 704
336 16144 656
400 16176 816
320 16224 272
320 16112 -64
320 16112 -64
384 16128 -176
336 16112 -176
384 16112 -192
224 16144 -304
544 16128 -48
544 16064 320
400 16064 320
304 16096 288
320 16160 416
544 16096 320
400 16160 176
400 16176 48
336 16176 224
336 16176 224
368 16144 224
464 16208 224
544 16112 32
464 16096 288
464 16112 -32
368 16208 -112
368 16176 240
416 16208 208
400 16096 16
416 16112 176
464 16208 400
464 16176 224
336 16176 224
320 16272 224
400 16288 320
416 16240 304
416 16176 256
320 16256 336
368 16256 432
400 16176 432
368 16160 288
336 16096 224
336 16128 80
368 16160 112
304 16160 -128
304 16128 -48
336 16128 -48
416 16128 -112
368 16160 -224
512 16144 -32
416 16080 96
416 16128 224
448 16128 304
464 16160 288
448 16160 288
496 16128 192
448 16176 32
336 16192 48
336 16112 256
352 16112 256
336 16112 496
352 16160 304
400 16128 240
576 16112 -48
528 16176 0
432 16160 352
432 16208 464
464 16208 464
304 16144 256
320 16112 96
384 16192 384
384 16240 144
416 16192 96
480 16192 96
480 16064 -16
384 16112 -224
416 16080 -16
240 16128 320
352 16208 288
336 16208 432
336 16208 320
304 16160 320
304 16176 32
384 16176 240
336 16192 288
336 16208 48
400 16208 -48
368 16096 -48
560 16080 -32
432 16096 -80
448 16176 -80
496 16144 224
400 16160 144
432 16144 176
432 16144 256
464 16176 256
432 16224 192
496 16256 160
384 16192 -16
384 16176 -208
320 16176 80
368 16160 16
368 16160 480
400 16112 480
512 16064 320
560 16096 352
416 16096 416
416 16128 512
528 16128 304
608 16160 304
432 16128 240
608 16112 176
528 16080 128
496 16048 368
288 16064 400
288 16064 416
368 16064 416
400 16080 368
448 16160 464
416 16192 384
464 16176 96
464 16176 96
416 16256 256
400 16144 448
416 16208 368
512 16192 432
352 16176 336
304 16192 288
304 16192 496
272 16208 496
272 16192 48
192 16112 320
304 16096 192
336 16080 224
336 16144 336
192 16144 224
384 16112 272
336 16128 352
352 16128 352
448 16144 176
400 16160 288
480 16240 288
480 16256 352
384 16192 224
256 16080 80
256 16208 112
256 16176 0
304 16144 80
576 16160 16
576 16128 -16
592 16128 -16
528 16064 48
496 16112 32
480 16144 176
416 16160 272
416 16160 368
416 16112 368
400 16096 80
448 16112 32
384 16128 208
288 16176 352
288 16176 288
288 16176 96
448 16240 96
432 16224 448
256 16192 224
304 16224 288
304 16192 416
448 16192 368
480 16160 368
448 16160 240
416 16192 64
448 16112 224
384 16224 96
400 16112 160
400 16112 272
496 16064 272
576 16128 240
304 16192 80
304 16192 112
448 16144 240
448 16176 512
368 16176 272
352 16192 288
272 16144 320
256 16112 320
400 16112 160
304 16128 112
272 16048 560
272 16048 112
432 16096 224
368 16160 224
416 16144 176
448 16144 144
480 16080 96
528 16064 48
512 16064 -16
512 16064 80
544 16064 80
432 16064 -16
512 16128 -144
448 16128 96
448 16144 0
400 16144 64
304 16160 64
448 16176 128
400 16096 368
416 16064 304
464 16096 192
432 16096 224
432 16096 336
352 16144 336
400 16192 320
400 16192 0
336 16192 224
128 16144 256
128 16192 208
304 16192 208
272 16144 -144
352 16080 -64
320 16096 144
384 16224 256
496 16144 224
496 16176 448
512 16176 448
640 16176 288
464 16176 160
384 16224 80
336 16064 224
336 16160 320
272 16096 288
272 16112 304
272 16112 336
416 16176 336
368 16128 272
416 16128 496
400 16192 368
400 16192 304
544 16240 128
400 16192 128
416 16176 240
400 16112 208
464 16112 208
656 16112 256
656 16128 304
624 16128 224
400 16144 224
400 16144 32
544 16176 384
416 16176 256
416 16080 208
464 16080 240
288 16096 240
288 16176 256
144 16160 32
320 16128 240
272 16112 -16
272 16144 128
368 16144 16
416 16128 16
336 16160 192
304 16224 96
304 16128 256
368 16128 592
512 16064 592
464 16080 256
432 16176 256
432 16176 480
272 16192 352
272 16064 480
288 16064 256
256 16176 256
240 16192 96
304 16160 -160
368 16144 -80
288 16112 32
288 16160 160
368 16160 288
432 16176 176
