startup(x,y,z):(496,16096,240)
-2320 17056 4208
-5504 15520 -1824
448 16304 1552
-2656 16208 -1264
-352 15824 -1904
624 15072 -3632
496 16048 -2256
496 16240 -896
240 16416 -320
240 16208 480
432 16208 480
80 15872 4288
-384 16336 8352
3952 16240 10080
3952 16000 -3936
2272 16000 -7760
-512 17616 -7760
-1168 16560 -6480
944 16352 -5216
-2880 16064 -9536
-1312 16064 -8976
736 16592 -2576
736 16592 3984
-544 16336 3984
7776 14544 -4080
3104 15040 -5632
-3808 16928 -576
-3264 17056 2128
-80 16848 7360
-2160 16432 7360
1600 15840 6592
1024 15776 8688
640 15568 1920
1760 16320 -1392
1504 16992 832
1392 16992 -752
2368 16592 -752
2560 16736 -1904
1552 16320 -112
576 16240 2592
32 16080 5040
32 16080 4176
304 16080 -5424
9648 15520 -144
3936 16256 -144
-1152 16368 2784
-4032 16464 -2592
-2448 16384 -3536
-2448 16896 -4624
-800 17008 -4624
1680 15504 -1776
-480 16032 -224
496 15904 -1008
2208 15936 -1088
688 16272 -144
944 16096 -976
944 15984 48
2192 15984 48
640 16416 448
1248 16208 1504
992 15936 2176
992 15744 -1968
3824 15920 416
3168 15920 416
848 16512 2832
32 16208 2048
-176 16144 1360
400 16112 368
400 16240 1856
368 16240 1856
-528 16240 2752
0 16272 288
720 16128 -1136
720 16384 -1296
128 16384 -1712
192 16208 -1712
320 16176 -2208
208 16240 -1920
608 16208 -736
448 16160 384
432 16176 736
432 16096 1120
176 16096 1120
-1136 16304 -1296
-752 16320 -688
400 16160 -752
400 16064 16
640 16064 1040
96 16160 1040
480 16080 2384
208 16064 2784
288 16048 704
640 16128 -32
272 16272 528
272 16272 304
496 16080 304
496 16224 144
736 16272 -16
560 16160 256
560 16080 -688
240 16288 -1200
240 16208 -272
368 16192 -192
320 16192 -176
128 16192 -176
192 16160 112
224 16080 -128
512 16160 -192
512 16096 -304
448 16096 -304
640 16208 -32
352 16160 624
272 16144 704
400 16176 1120
496 16208 992
416 16208 576
416 16208 576
144 16272 208
352 16160 304
320 16176 704
272 16080 160
272 16112 288
224 16112 -48
320 16256 -48
304 16192 -144
432 16192 -208
560 16144 -288
416 16144 -272
416 16144 -320
416 16080 -320
320 16160 -96
208 16144 160
272 16192 432
272 16176 256
224 16144 448
480 16096 368
352 16096 432
352 16080 432
224 16080 208
304 16080 400
352 16128 400
352 16112 352
544 16128 96
496 16208 -256
496 16208 -96
416 16144 -64
448 16112 -496
272 16112 -496
368 16128 16
336 16080 16
336 16176 176
464 16128 48
384 16160 304
384 16128 224
336 16128 224
400 16128 240
448 16128 368
464 16144 352
416 16160 400
416 16160 464
432 16128 384
432 16192 208
416 16192 208
368 16144 64
352 16240 144
496 16176 -240
496 16160 -64
464 16160 -64
448 16112 48
384 16128 208
416 16064 224
352 16080 368
192 16112 224
288 16224 288
288 16176 560
368 16176 560
304 16272 480
224 16224 352
320 16176 192
384 16208 240
384 16208 -32
208 16176 -32
448 16112 80
432 16192 -176
416 16208 -224
352 16224 -32
368 16192 208
368 16112 576
400 16112 576
608 16096 384
560 16128 304
448 16144 -64
400 16256 48
400 16160 144
432 16176 192
432 16112 224
496 16080 240
288 16080 320
272 16128 320
208 16128 288
368 16032 288
368 16080 192
384 16080 240
352 16176 240
448 16288 176
384 16240 320
448 16208 144
448 16208 -64
384 16160 -16
384 16160 48
560 16160 48
528 16144 64
384 16224 64
368 16208 -32
368 16208 80
304 16208 176
464 16112 176
400 16112 240
208 16080 352
336 16096 400
320 16160 320
432 16176 208
432 16176 32
288 16208 32
288 16160 96
256 16176 176
448 16208 208
448 16176 128
512 16176 128
432 16224 480
416 16208 464
384 16208 160
400 16224 256
368 16272 144
384 16224 208
384 16224 480
336 16240 480
576 16208 416
448 16240 256
432 16256 64
320 16160 464
320 16160 336
400 16256 320
368 16128 224
208 16096 272
208 16096 -112
416 16064 -112
352 16192 128
384 16208 144
448 16192 256
448 16192 352
480 16160 352
544 16128 272
480 16128 336
624 16048 208
448 16144 432
320 16176 480
368 16112 256
368 16112 304
464 16192 304
432 16208 224
416 16240 144
432 16192 64
416 16096 128
560 16208 -112
288 16208 288
304 16128 352
448 16176 272
432 16112 64
304 16192 176
304 16192 304
272 16192 304
256 16288 336
384 16240 240
240 16240 288
256 16320 208
256 16240 288
240 16240 400
304 16240 208
256 16208 208
336 16192 224
384 16144 192
352 16160 112
352 16144 144
320 16144 144
368 16160 320
400 16128 144
448 16176 288
432 16208 224
416 16272 240
432 16256 240
384 16176 80
496 16208 160
496 16208 32
224 16176 32
336 16144 176
224 16160 352
480 16096 416
480 16208 96
448 16208 304
544 16096 304
432 16208 256
320 16192 96
384 16256 -240
464 16160 160
464 16176 208
464 16176 96
288 16144 96
448 16160 272
240 16128 80
208 16144 240
208 16112 192
304 16112 192
336 16208 192
240 16224 80
464 16176 240
432 16144 272
464 16064 288
464 16112 64
416 16112 64
464 16128 192
448 16192 176
336 16192 368
432 16160 448
432 16160 320
432 16112 320
352 16144 80
560 16208 80
464 16208 176
560 16176 128
528 16176 144
528 16192 304
432 16192 304
464 16160 208
384 16096 208
384 16160 320
480 16160 272
368 16128 112
544 16128 288
416 16144 368
416 16176 240
288 16176 240
336 16240 272
272 16224 272
336 16288 368
416 16240 288
416 16240 32
384 16240 32
368 16224 160
448 16288 208
464 16192 160
288 16192 208
368 16128 160
368 16144 176
496 16144 176
544 16128 368
368 16128 320
320 16064 256
400 16112 320
400 16112 416
304 16160 416
256 16128 400
304 16128 400
320 16128 528
512 16096 448
576 16096 352
576 16096 368
224 16160 368
208 16224 320
432 16208 -80
368 16144 144
368 16144 80
432 16144 496
368 16096 416
400 16080 416
336 16096 288
464 16048 240
400 16096 320
400 16128 320
608 16128 320
704 16160 0
528 16176 64
384 16192 128
288 16160 144
432 16160 80
672 16176 -288
672 16160 272
496 16160 272
528 16144 256
496 16240 256
368 16240 496
368 16192 464
368 16192 432
336 16208 432
400 16224 272
400 16160 160
432 16144 192
352 16192 80
416 16240 144
416 16240 336
256 16160 336
368 16064 256
368 16096 192
288 16096 288
288 16128 240
240 16128 256
400 16144 256
400 16224 160
416 16176 32
480 16240 272
384 16224 16
384 16192 32
352 16192 448
480 16176 448
528 16144 272
496 16144 32
464 16112 176
464 16176 336
384 16176 336
416 16176 224
336 16160 80
336 16176 176
576 16176 288
464 16160 208
464 16160 192
336 16160 192
368 16096 176
464 16048 80
624 16112 64
544 16112 160
432 16128 272
432 16144 208
304 16160 288
400 16160 256
304 16176 256
400 16160 352
496 16160 368
368 16160 304
368 16160 448
384 16176 448
480 16160 640
464 16160 416
224 16080 416
368 16176 560
304 16208 384
464 16144 304
464 16144 240
752 16160 240
592 16032 240
416 16144 528
480 16160 448
480 16176 128
496 16176 -32
480 16160 -32
528 16192 -32
592 16080 416
512 16096 560
416 16144 592
528 16064 272
528 16064 80
592 16128 80
560 16192 176
624 16096 144
512 16128 160
512 16176 32
432 16176 176
416 16112 176
512 16176 272
464 16160 432
368 16128 240
272 16128 240
272 16160 272
256 16160 432
336 16096 432
512 16176 272
432 16208 112
432 16208 224
496 16160 144
448 16144 96
352 16080 160
384 16096 496
384 16096 448
288 16096 448
256 16128 384
496 16144 288
416 16176 288
416 16160 368
384 16160 512
272 16112 512
336 16128 208
352 16176 144
368 16192 256
320 16160 240
432 16192 208
432 16192 160
448 16144 160
448 16176 144
528 16224 240
448 16160 256
448 16176 272
448 16144 224
400 16144 224
512 16192 48
352 16160 128
464 16096 80
432 16096 192
432 16160 352
512 16160 352
480 16192 320
416 16272 384
496 16192 96
448 16128 96
