startup(x,y,z):(432,16128,240)
-1504 18016 -1072
4160 15952 -544
2704 15504 -864
1216 16144 1744
1216 15760 4384
3392 16464 11808
-2880 16464 22224
-6912 15056 3680
1280 17280 -10160
960 16048 -10816
2208 17664 -17136
-832 17024 -15840
9440 17184 -400
8000 17184 11824
-528 16000 11824
15472 14256 -10400
1664 15328 -2960
-11136 18208 4832
-3728 17360 4832
1568 17600 11168
-4192 17568 12608
272 15856 9120
624 16000 8688
624 16000 3312
-2896 17232 3312
3792 17376 -3200
2176 16768 -3360
416 16608 -2464
3216 16464 -800
3216 16256 464
1584 15856 3824
-1040 15856 7456
960 15168 7456
2048 15888 9488
-2096 14544 -6400
-9760 16448 -96
-9760 18128 -384
-7808 18128 -4816
-3472 16944 -4816
-4928 16192 -5168
-336 17616 -6704
2256 15632 160
-848 16192 560
480 16048 -2848
2128 16256 -2352
2128 16592 -320
-160 16592 -880
1328 16032 -880
2272 15920 928
-272 16208 1808
1120 16160 4272
1232 15600 2864
16 15984 1552
6448 15360 -6912
1472 15936 960
1472 16544 4944
-2048 16544 4944
-2112 16112 2752
-1152 15984 1264
1280 16592 992
720 16608 5264
-448 16512 4880
-448 16512 -1616
-416 16320 -1616
16 16384 -2304
-96 16064 -2304
736 16336 -4304
1008 16288 -4096
1008 16080 -1440
1136 16080 1280
288 15968 1280
320 16128 1152
352 16192 1968
320 16128 1440
-1792 16384 -3872
-1312 16464 -1408
224 16432 -1616
224 16432 608
1216 16224 608
-112 16240 1728
944 16032 3024
304 15952 3360
304 16000 784
0 16000 800
304 16064 800
288 16112 2544
720 16160 976
1104 16000 64
1152 16032 -624
688 16208 -256
688 16256 288
256 16256 288
1008 16112 -1040
1104 16368 -1664
400 16400 -48
400 16288 -832
192 16256 -624
192 16256 -800
128 16272 256
288 16224 448
320 16240 -400
432 16240 -400
496 16304 464
240 16352 576
464 16128 720
656 16112 832
656 16128 944
672 16128 544
704 16080 544
432 16032 512
384 16080 432
240 16192 528
112 16192 272
32 16048 304
32 16080 560
32 16080 560
144 16240 320
176 16240 288
528 16144 -272
336 16176 -544
336 16192 -1040
432 16192 -880
368 16160 -224
416 16160 -224
480 16176 240
496 16080 176
256 16128 -32
256 16176 368
224 16176 304
240 16272 304
352 16192 768
704 16192 688
464 16224 880
448 16096 720
432 16080 496
384 16128 400
384 16128 -48
416 16144 -48
640 16080 -64
352 16224 -224
448 16176 -416
448 16176 -240
448 16176 -16
400 16192 -16
288 16144 256
240 16144 -48
304 16192 -80
400 16096 336
320 16080 320
352 16112 464
352 16160 240
448 16160 240
400 16256 240
432 16224 320
512 16160 464
560 16144 432
400 16176 368
432 16240 336
432 16272 384
336 16272 -32
448 16256 -32
448 16160 144
384 16240 176
400 16256 128
400 16240 32
464 16256 160
416 16256 160
352 16256 -144
320 16256 16
240 16224 272
96 16176 304
208 16192 400
208 16112 160
256 16112 160
288 16064 432
352 16112 128
640 16080 160
528 16128 416
528 16128 336
416 16128 336
368 16080 192
432 16160 160
400 16144 320
448 16144 112
448 16144 128
352 16144 -48
336 16160 -48
384 16128 64
432 16272 144
400 16192 208
400 16176 256
352 16192 288
304 16224 352
384 16144 400
384 16144 96
416 16208 96
448 16224 240
336 16208 -80
224 16208 -304
112 16272 96
320 16176 32
320 16176 -96
336 16160 -96
288 16160 256
400 16176 112
400 16144 176
448 16128 112
368 16192 432
368 16192 368
320 16176 368
368 16112 336
320 16160 528
352 16176 240
352 16224 416
416 16224 80
512 16144 80
416 16160 48
464 16080 48
496 16176 352
464 16208 96
528 16208 224
528 16176 64
304 16176 -80
384 16240 -80
208 16240 48
144 16192 80
208 16224 256
448 16208 304
320 16256 416
320 16160 432
480 16160 432
288 16176 208
272 16064 368
256 16128 256
336 16176 352
336 16192 528
432 16192 464
304 16112 464
400 16112 272
464 16128 384
416 16128 288
432 16128 224
544 16112 432
528 16240 336
480 16176 272
464 16208 304
304 16224 224
336 16144 272
256 16160 144
368 16176 240
336 16176 432
320 16176 512
320 16192 512
224 16192 512
544 16080 208
416 16208 144
448 16208 32
336 16192 112
448 16224 160
448 16224 240
448 16176 496
352 16112 96
352 16112 16
432 16208 16
416 16176 32
464 16128 96
432 16112 208
432 16192 224
416 16192 240
256 16144 240
64 16176 272
336 16032 288
416 15968 496
464 16080 304
528 16144 432
528 16208 400
432 16208 144
288 16112 48
320 16208 0
304 16160 256
368 16240 80
368 16224 192
512 16224 192
560 16160 208
592 16160 368
576 16192 96
640 16160 288
336 16192 272
448 16128 432
416 16144 336
416 16144 400
496 16064 400
416 16064 352
384 16032 208
528 16128 -192
448 16160 32
416 16128 144
416 16096 208
384 16096 208
304 16160 176
288 16128 240
320 16224 288
320 16224 272
336 16160 160
336 16176 160
320 16192 48
304 16240 0
272 16176 128
320 16224 240
304 16288 336
304 16288 288
528 16144 288
624 16160 240
560 16112 208
448 16160 624
448 16160 528
480 16160 224
432 16208 224
480 16192 176
352 16080 224
384 16096 288
416 16224 192
416 16224 256
432 16224 352
368 16224 352
416 16208 160
464 16160 16
288 16176 192
336 16224 176
336 16224 432
320 16176 432
336 16256 224
400 16224 208
448 16224 208
432 16192 -96
432 16192 336
400 16176 272
384 16176 256
384 16096 384
464 16096 128
528 16096 208
448 16144 240
512 16240 320
384 16192 352
416 16176 272
416 16160 192
416 16160 192
448 16080 80
528 16048 128
384 16192 48
352 16128 368
352 16112 208
432 16112 208
352 16128 560
320 16112 336
352 16112 208
352 16208 64
400 16192 288
400 16256 432
480 16256 432
400 16224 384
400 16112 272
432 16080 112
288 16144 208
288 16160 208
416 16160 288
432 16128 432
448 16176 432
432 16192 432
608 16208 208
272 16128 160
272 16144 64
272 16144 336
224 16192 336
400 16160 320
416 16160 192
480 16080 560
496 16128 448
448 16112 416
432 16144 320
416 16208 176
416 16192 224
320 16192 224
544 16192 96
480 16128 16
432 16240 -96
400 16176 -96
400 16160 80
448 16160 80
384 16128 224
384 16224 240
656 16112 112
432 16208 240
368 16112 144
368 16224 192
448 16224 192
400 16192 464
336 16224 304
544 16144 288
480 16112 448
480 16176 160
528 16176 176
480 16128 32
496 16128 32
368 16144 160
400 16208 208
432 16256 96
432 16304 128
416 16304 128
256 16352 128
288 16192 128
288 16176 144
368 16208 96
384 16224 272
384 16192 240
384 16128 464
400 16192 288
384 16208 272
368 16192 304
352 16160 256
432 16176 112
480 16208 128
480 16272 32
320 16272 32
448 16272 160
416 16208 208
448 16192 192
448 16160 192
368 16096 224
224 16128 320
320 16112 64
320 16112 -96
432 16224 176
448 16144 176
480 16160 224
368 16176 256
496 16176 160
208 16144 112
384 16080 512
384 16176 320
304 16176 320
464 16160 288
224 16208 304
480 16144 304
352 16176 160
352 16192 288
480 16192 256
480 16176 320
416 16224 64
352 16192 240
368 16176 224
352 16144 384
400 16096 512
400 16096 320
368 16128 320
416 16048 96
432 16112 48
368 15984 32
384 16144 256
352 16192 272
288 16176 176
288 16144 272
304 16144 272
272 16176 96
288 16128 -80
400 16160 176
336 16112 464
400 16096 272
400 16144 320
304 16144 192
432 16160 192
400 16128 160
416 16064 128
464 16032 128
432 16112 256
208 16192 224
288 16224 432
288 16192 320
272 16144 256
464 16144 256
512 16128 -32
464 16096 48
512 16144 -32
352 16128 48
528 16224 432
528 16240 464
480 16240 464
400 16224 448
464 16240 192
432 16256 176
384 16272 176
288 16256 272
288 16256 144
224 16160 144
272 16192 -48
304 16208 -144
368 16192 -144
384 16128 64
400 16128 96
400 16080 144
336 16080 144
448 16112 16
528 16176 160
544 16112 176
384 16160 224
384 16112 128
432 16096 240
368 16208 256
480 16144 128
480 16144 80
416 16192 80
480 16240 160
