startup(x,y,z):(352,16080,192)
80 16480 3248
-512 16768 2416
-512 16512 2064
240 16512 1200
800 16224 1200
112 16272 864
544 16272 -400
48 16368 -2240
240 16496 -2416
240 16496 -2112
704 16528 -832
608 16320 -80
448 16256 -80
592 16160 272
-1296 16000 -3504
-2048 16368 320
-656 16192 816
-656 16016 3056
-1840 16016 3056
144 16000 3360
-176 15904 4864
-400 15856 5008
240 15952 1248
688 16272 1632
688 16624 1024
880 16624 96
1360 16112 96
368 16048 -688
544 16336 240
1024 16256 1808
1024 16112 1568
592 16112 -2928
416 16384 -2928
-160 16608 -448
-128 16304 544
384 16144 -592
-800 16112 -720
432 16368 -1472
560 16064 640
112 16048 112
992 16096 -608
992 16080 624
512 16080 624
656 16112 0
976 16016 272
864 16176 464
736 16176 224
896 16080 224
896 16016 320
704 16016 1392
592 16080 1392
240 16176 1824
304 16176 1424
368 16256 1312
416 16208 896
416 16112 352
48 16208 -16
48 16208 -128
496 16272 -128
496 16224 -336
160 16192 -1216
368 16208 -848
336 16224 32
640 16096 -208
640 16096 -256
640 16048 -256
400 16096 288
288 16096 512
384 16096 352
496 16112 624
496 16112 576
496 16128 624
224 16128 624
496 16000 576
608 16016 640
768 16048 512
736 16096 368
736 16032 208
560 16032 208
432 16096 -80
368 16176 -112
352 16192 0
352 16080 32
288 16080 144
288 16144 -176
320 16144 -176
352 16144 -272
400 16160 -64
320 16112 64
288 16176 80
288 16112 176
480 16112 512
400 16096 640
288 16064 640
352 16016 624
336 16064 688
352 16096 496
400 16128 448
400 16128 240
368 16160 240
368 16144 48
352 16208 32
528 16112 -64
432 16096 -288
400 16112 -304
400 16160 -192
448 16160 -224
336 16224 -224
352 16144 -96
384 16160 16
432 16128 112
432 16080 336
432 16160 240
288 16160 320
352 16176 320
192 16160 400
432 16144 448
416 16176 704
368 16160 320
448 16112 112
448 16144 272
448 16144 272
368 16096 160
368 16064 80
416 16096 384
272 16096 384
272 16128 256
400 16128 176
400 16032 80
400 16032 80
384 16096 176
416 16080 528
416 16160 624
368 16160 544
400 16176 544
384 16224 544
320 16256 400
288 16224 48
448 16096 240
384 16080 592
448 16048 368
448 16048 352
320 16064 352
464 16048 352
432 16048 208
432 16112 -144
432 16128 80
352 16128 144
384 16112 144
416 16128 288
400 16112 464
368 16176 560
272 16128 512
384 16064 320
384 16096 160
448 16096 160
400 16112 176
272 16112 304
240 16112 448
304 15984 544
368 16096 368
304 16128 224
304 16112 -16
304 16112 0
512 16032 0
544 16112 32
512 16064 256
496 16128 160
496 16032 96
512 16032 112
576 16048 112
480 16096 304
448 16080 240
432 16144 368
416 16240 160
432 16192 256
432 16080 272
288 16080 272
368 16096 336
480 16160 208
384 16096 48
400 16064 0
400 16064 208
272 16144 208
288 16176 256
320 16192 336
384 16192 512
432 16192 368
496 16128 336
496 16112 96
480 16112 176
400 16080 176
576 16144 -16
512 16128 -48
400 16064 160
320 16064 192
320 16064 224
304 16192 352
272 16176 352
272 16224 160
336 16208 128
272 16192 272
288 16144 256
288 16128 304
400 16128 448
528 16080 416
336 16112 416
416 16080 544
496 16048 512
464 16048 544
384 16032 464
496 16000 208
496 16000 368
496 15984 368
416 16032 288
256 16080 -32
400 16080 -96
400 16128 -96
336 16128 -112
416 16192 -112
464 16176 0
496 16224 128
384 16096 176
288 16112 160
336 16112 144
336 16112 112
224 16176 112
240 16128 128
352 16064 400
368 16112 -64
384 16128 112
384 16128 384
400 16160 384
528 16080 576
304 16112 464
256 16192 256
256 16160 -16
336 16080 160
336 16192 336
528 16192 336
368 16192 384
448 16096 272
304 16112 400
384 16048 288
384 16048 176
416 16048 112
416 16048 160
320 16128 160
368 16096 128
496 16112 80
512 16192 192
448 16160 256
448 16160 304
576 16160 304
416 16128 304
400 16064 192
288 16032 272
448 16032 400
464 16112 288
464 16112 208
320 16112 208
512 16112 64
560 16176 -80
448 16112 208
432 16096 288
432 16096 320
368 16080 320
368 16144 144
464 16144 240
416 16160 64
400 16096 112
416 16080 192
416 16080 112
384 16096 112
432 16128 320
400 16160 128
464 16096 96
400 16096 384
400 16064 368
224 16048 192
224 16048 -64
176 16128 16
224 16208 16
400 16208 -288
368 16112 0
400 16144 -32
400 16208 112
416 16208 352
464 16144 352
432 16160 368
448 16128 496
368 16112 432
464 16096 -32
512 16064 144
512 16064 544
448 16032 544
400 16112 320
240 16144 512
336 16128 224
384 16096 320
384 16176 224
384 16176 128
416 16160 128
464 16128 192
416 16160 192
336 16176 480
448 16176 528
208 16096 432
208 16096 368
256 16144 368
336 16096 256
336 16128 464
320 16080 208
368 16096 -16
368 16096 0
432 16080 -16
272 16080 368
368 16160 368
368 16128 512
480 16064 368
480 16064 272
480 16064 256
384 16128 256
224 16096 288
192 16128 288
272 16176 320
288 16112 320
352 16160 272
320 16128 352
320 16096 368
416 16096 368
464 16176 -160
544 16080 448
336 16080 256
400 16112 240
400 16096 384
224 16096 384
64 16064 384
240 16048 592
368 16096 480
336 16176 368
256 16176 96
256 16144 336
400 16144 304
288 16144 304
288 16080 256
368 16048 224
320 16096 464
288 16176 352
288 16128 272
448 16160 240
304 16192 288
320 16192 288
32 16144 160
320 16112 336
400 16080 304
400 16080 272
464 16080 80
496 16064 80
384 16128 96
448 16080 96
528 16144 304
544 16080 512
448 16144 384
448 16192 288
352 16192 288
384 16128 192
256 16224 464
496 16208 592
496 16224 512
448 16224 1792
-560 16352 1792
-528 16576 -192
-64 16128 -816
-240 16128 -176
608 16208 -192
272 16048 192
272 16080 -160
816 16080 -160
272 16032 416
-80 16112 448
432 16080 -96
-48 16208 608
-48 16208 -160
-464 16304 -160
160 16000 -48
-48 16128 -48
608 16096 -144
192 16224 160
272 16112 0
272 16160 -64
672 16160 128
192 16192 -32
576 16048 -32
352 16080 352
416 16096 -32
688 16128 496
432 16160 624
576 16144 320
576 16144 448
464 16144 448
352 16128 416
608 16160 256
304 16160 368
304 16160 144
400 16160 288
448 16032 288
304 16128 416
272 16112 288
208 16208 160
336 16272 112
224 16192 224
224 16192 240
368 16192 -16
400 16112 -192
400 16000 0
480 15952 272
464 16000 144
464 16064 432
448 16064 432
576 16048 432
480 16112 192
496 16096 288
496 16112 -144
560 16064 176
576 16032 208
576 16032 128
560 16112 128
448 16128 320
336 16112 224
416 16144 208
384 16192 272
368 16192 336
416 16144 432
416 16144 480
416 16128 480
384 16144 304
592 16144 128
512 16192 0
416 16176 -32
416 16192 -32
448 16192 144
464 16064 144
416 16144 208
464 16096 256
496 16048 208
400 16112 128
400 16080 256
416 16080 96
448 16128 96
320 16144 160
256 16160 288
368 16144 320
336 16160 352
336 16160 336
400 16048 336
544 16080 512
480 16176 128
592 16144 128
560 16208 144
352 16192 160
352 16192 96
416 16272 96
432 16240 -80
384 16160 240
320 16176 128
352 16160 0
352 16160 -80
288 16096 32
320 16096 144
320 16144 144
512 16144 64
592 16128 112
544 16064 256
544 16112 256
432 16112 160
464 16160 160
528 16144 384
656 16128 352
528 16080 432
464 16096 288
336 16096 336
336 16112 224
368 16112 224
272 16160 176
352 16144 64
144 16096 320
320 16096 336
368 16080 240
368 16096 512
432 16160 352
384 16160 352
288 16192 352
432 16112 176
288 16112 368
288 16160 96
288 16096 224
304 16096 224
368 16208 -48
368 16112 80
368 16144 96
480 16160 144
400 16128 240
432 16096 400
464 16096 144
480 16144 144
368 16128 144
416 16032 432
400 16080 384
400 16144 256
400 16144 320
368 16144 320
