startup(x,y,z):(352,16080,192)
3120 15920 -1504
1712 16336 -4112
448 16384 -3536
512 16352 -3536
1456 16256 -3200
480 16272 -1872
112 16256 -64
112 16048 560
592 16048 -7584
-1184 16784 -2848
-2640 16736 -2848
-1088 16848 240
-656 16304 1296
-2288 16096 3184
1232 16224 3456
-64 16160 5216
304 15760 5520
304 15760 1424
784 15888 1424
976 16176 1776
768 16464 1488
2208 16288 -624
576 16160 -1056
208 16240 128
208 16208 1936
528 16112 2240
528 16112 -544
1696 16096 -544
864 16464 -1728
-288 16624 528
352 16560 -1392
352 16208 -1328
-304 16112 -1808
-304 15696 -1328
32 15696 -1328
-480 15888 928
-688 15920 -1088
608 16128 -1232
336 16224 384
624 16240 -32
624 16160 592
1184 16160 48
496 16240 48
1024 16160 -112
960 16192 480
528 16224 0
352 16176 1424
352 16176 2112
208 16160 1616
96 16160 1632
80 16208 1632
352 16128 832
208 16160 880
128 16032 -576
128 16128 -896
672 16128 -1360
592 16128 -1360
416 16096 -1792
384 16112 -832
336 16176 -560
480 16128 -384
384 16080 -272
240 16112 448
240 16240 656
176 16240 560
224 16128 560
640 16160 192
544 16160 368
320 16160 576
384 16160 752
384 16160 864
672 16160 672
720 16192 672
640 16096 464
560 16112 -16
432 16160 -384
432 16240 -640
432 16240 -640
400 16224 -448
336 16160 -416
352 16096 48
320 16032 -208
448 16128 -288
448 16128 -112
352 16160 -112
320 16096 208
448 16080 32
352 16080 288
480 16096 400
480 16096 544
560 16064 544
432 16112 560
432 16176 672
400 16080 832
304 16128 672
304 16064 512
320 16064 0
512 16080 0
560 16128 128
432 16224 16
496 16160 80
496 16160 256
304 16192 256
256 16128 -64
288 16128 0
288 16144 16
160 16192 208
160 16176 192
192 16160 288
368 16160 288
368 16176 512
496 16128 480
432 16032 640
352 16064 576
240 16160 496
352 16096 496
544 16096 544
512 16080 32
560 16160 -32
512 16192 96
512 16192 -128
400 16176 -128
432 16160 144
288 16176 160
448 16176 304
448 16176 112
544 16192 112
560 16112 304
256 16176 272
384 16208 208
544 16128 192
464 16112 160
464 16016 240
352 16016 240
416 16096 400
480 16000 208
464 16112 272
464 16112 304
384 16112 304
416 16160 16
272 16112 192
384 16064 0
256 15984 16
256 16064 -64
336 16080 80
336 16080 -192
320 16128 -192
384 16048 -128
304 16160 80
304 16096 304
368 16096 96
192 16128 96
176 16128 336
320 16112 224
368 16112 480
400 16160 448
304 16176 336
448 16144 368
448 16144 192
448 16208 192
416 16144 112
464 16064 352
416 16112 304
608 16064 272
608 16064 48
592 16144 48
496 16208 224
416 16176 112
368 16160 64
368 16080 96
432 16128 176
432 16128 240
320 16272 240
416 16224 240
416 16192 176
576 16160 240
576 16192 224
608 16192 208
544 16144 208
480 16096 352
496 16144 336
592 16096 208
448 16112 16
448 16112 80
544 16112 80
432 16144 -64
320 16160 272
432 16096 432
416 16064 288
416 16016 176
512 16016 176
480 16096 144
352 16144 144
416 16048 272
480 16176 304
512 16160 288
512 16160 224
384 16144 224
544 16160 256
560 16160 160
528 16224 240
528 16256 144
480 16240 176
480 16224 336
496 16144 80
400 16144 80
400 16192 0
256 16096 272
352 16128 192
352 16064 176
384 16064 176
368 16160 208
416 16112 64
368 16112 256
320 16176 144
384 16192 208
336 16144 320
336 16144 176
432 16144 176
496 16128 320
416 16112 96
400 16128 80
400 16128 64
368 16160 176
272 16128 176
512 16176 256
528 16144 144
528 16096 192
288 16080 112
288 16096 96
384 16096 96
464 16128 176
496 16048 240
256 16208 112
352 16208 288
288 16048 288
384 16032 32
272 16096 304
336 16144 288
352 16128 416
352 16096 208
576 16096 192
544 16112 192
464 16128 160
432 16096 224
432 16144 256
400 16144 -64
304 16128 -64
336 16144 -240
432 16176 32
272 16144 256
368 16176 288
400 16112 208
336 16176 336
336 16176 352
256 16176 256
304 16128 256
384 16112 288
448 16128 192
368 16064 368
368 16144 304
416 16144 160
432 16176 272
432 16208 272
368 16192 496
352 16240 416
240 16208 368
272 16112 288
272 16192 224
352 16192 224
368 16128 208
448 16112 160
304 16096 48
368 16080 0
448 16176 48
480 16112 128
480 16112 224
512 16128 224
720 16208 176
496 16176 192
384 16144 192
384 16144 160
352 16208 288
448 16112 288
432 16080 336
512 16064 240
448 16096 48
400 16080 0
400 16128 368
384 16128 368
464 16160 496
448 16064 384
416 16144 448
416 16144 400
192 16144 576
256 16144 576
272 16208 304
384 16176 272
448 16192 192
240 16112 112
368 16112 128
400 16096 64
400 16096 0
464 16064 0
512 16144 224
448 16144 464
432 16208 464
432 16208 336
480 16208 416
304 16224 416
288 16144 336
288 16192 80
240 16208 304
240 16176 304
240 16128 96
256 16128 144
352 16192 144
320 16096 -48
224 16080 176
160 16160 192
160 16144 352
224 16144 352
352 16144 96
368 16224 96
368 16240 208
320 16240 -144
304 16208 -32
304 16192 -48
240 16192 -48
368 16208 96
288 16192 -192
464 16112 -112
464 16096 -240
416 16096 -16
384 16208 -32
416 16144 -32
192 16144 208
272 16208 32
400 16208 224
400 16208 96
480 16208 96
432 16112 240
528 16160 320
416 16048 304
400 16112 -32
368 16176 208
384 16128 160
384 16128 144
496 16128 -80
416 16192 -80
368 16192 -32
224 16144 256
320 16176 -32
352 16144 80
384 16160 80
464 16112 208
592 16064 368
528 16128 400
512 16128 368
512 16144 592
480 16144 592
480 16176 256
416 16208 192
224 16192 240
224 16176 288
352 16176 96
256 16144 96
288 16160 -144
464 16112 -16
480 16208 96
496 16224 256
416 16192 240
384 16128 96
384 16128 288
352 16192 288
384 16128 224
368 16144 224
368 16080 128
416 16096 176
416 16000 176
384 16000 176
400 16064 -32
400 16064 80
256 16064 -16
176 16112 112
176 16112 64
208 16176 64
320 16160 176
576 16240 80
416 16176 112
416 16144 144
416 16160 48
480 16160 352
384 16224 352
304 16224 144
336 16160 448
432 16192 240
432 16176 288
432 16176 384
368 16144 384
400 16160 304
448 16096 336
416 16128 224
352 16144 304
352 16144 592
352 16080 592
240 16096 528
240 16080 304
288 16240 112
288 16176 208
256 16176 272
224 16208 272
192 16208 208
176 16192 416
304 16224 352
304 16176 432
240 16176 544
304 16144 544
464 16160 368
400 16272 384
384 16224 288
384 16160 192
496 16160 192
448 16144 48
480 16176 0
384 16144 128
288 16128 272
288 16128 400
304 16128 400
368 16128 512
480 16160 736
352 16176 592
352 16240 704
96 16240 736
144 16192 736
208 16208 480
432 16208 304
432 16160 208
464 16112 640
416 16112 640
432 16144 400
480 16192 256
432 16192 80
512 16256 176
512 16208 144
400 16208 352
336 16192 352
384 16160 0
544 16160 144
288 16208 240
384 16208 256
368 16224 256
400 16224 144
432 16176 576
320 16144 768
256 16192 480
256 16192 464
144 16112 464
304 16176 0
288 16208 176
368 16160 368
368 16160 320
368 16064 320
352 16080 384
3024 15904 -768
2592 16064 -176
624 16192 560
624 16160 624
0 16160 624
192 16080 256
704 16176 32
800 16192 1024
720 16112 1584
1024 16096 -352
208 16192 -112
272 16160 432
672 16096 -112
912 16160 528
912 16256 720
1264 16256 720
624 16144 640
32 16304 96
816 16256 -96
656 16304 -256
656 16304 -384
416 16256 -384
592 16096 -128
224 16096 256
560 16032 0
480 16112 416
480 16144 400
544 16144 400
656 16128 336
464 16112 400
384 16160 192
384 16144 208
400 16144 688
304 16192 688
256 16128 592
384 16048 496
336 16096 400
416 16160 0
416 16160 -176
224 16144 -176
384 16192 -144
416 16096 -208
240 16128 208
240 16112 160
400 16144 624
448 16144 624
432 16224 304
464 16192 320
