startup(x,y,z):(352,16080,192)
176 16304 -752
256 15984 -2192
400 16112 -2608
880 16032 -2784
880 15920 -1904
624 15920 -1904
144 16112 -560
320 16096 224
1200 16496 -4016
-288 16992 288
448 16528 896
448 16240 2176
704 16240 2176
-480 16304 3184
1664 16064 4512
576 15936 6496
576 15664 2512
320 15664 1328
704 15856 1328
-32 16144 1840
1232 16288 -368
1344 15824 -1168
784 16064 -320
368 16208 592
368 16256 1808
480 16256 1808
176 16032 576
-784 15904 -4064
-2128 16352 -656
-1264 16304 720
224 16208 -944
224 16304 -1280
-992 16304 -2320
704 16400 1056
192 16400 1056
112 16144 576
448 16160 -768
176 16208 544
128 16128 64
128 16128 208
720 16112 336
640 16192 336
704 16112 -176
880 16080 304
496 16080 128
320 16144 1104
208 16208 2016
208 16096 1376
448 16096 1376
336 16112 1568
592 16176 976
320 16160 736
32 16096 208
32 16144 -608
480 16144 -1120
656 16112 -1120
480 16160 -1424
384 16096 -768
256 16112 -320
400 16208 -528
400 16208 -240
464 16208 -240
400 16144 272
240 16208 240
352 16144 416
432 16080 0
432 16080 352
272 16080 352
224 16176 624
208 16112 640
400 16096 800
512 16112 928
512 16080 544
512 16016 176
368 16016 176
352 16128 -112
368 16224 -544
368 16240 -448
352 16208 -96
496 16176 304
464 16192 192
544 16144 -176
544 16144 -256
464 16128 -256
320 16160 32
432 16080 64
272 16160 288
272 16080 432
448 16000 448
400 16000 448
400 16016 480
336 16016 512
480 16112 576
400 16112 496
496 16096 320
496 16128 160
480 16128 160
512 16080 16
432 16160 -16
320 16192 240
368 16128 -16
368 16016 16
400 16016 16
416 16080 -16
432 16096 -128
448 16112 32
704 16096 32
512 16128 304
512 16048 496
448 16048 496
592 16064 560
480 16112 832
400 16208 800
304 16192 592
304 16112 320
400 16112 320
240 16144 320
272 16144 256
320 16080 256
208 16128 48
256 16128 208
320 16128 272
320 16128 -48
256 16160 -240
336 16160 -240
304 16128 -16
256 16224 288
272 16224 320
496 16192 272
448 16096 336
448 16096 16
528 16112 16
544 16128 32
352 16160 144
272 16192 208
272 16176 448
272 16176 272
416 16176 272
432 16192 400
496 16256 384
416 16176 128
528 16144 80
368 16224 96
368 16224 240
448 16144 240
400 16112 208
288 16080 160
320 16128 80
288 16128 288
288 16128 240
272 16080 384
304 16096 496
304 16096 496
240 16080 544
464 16128 656
464 16064 240
416 16064 128
352 16176 128
384 16128 336
384 16096 176
496 16128 192
496 16064 112
448 16064 192
432 16176 144
528 16176 144
448 16144 272
352 16144 352
336 16192 448
288 16160 416
288 16048 320
368 16096 144
336 16096 144
368 16096 256
304 16144 160
464 16224 -224
512 16144 -64
528 16032 112
528 16080 208
544 16080 208
608 16048 240
624 16096 48
608 16096 80
608 16144 160
480 16192 240
560 16224 240
560 16128 208
512 16112 400
512 16112 224
592 16160 224
592 16224 112
448 16240 160
384 16240 208
384 16240 16
464 16128 16
432 16160 80
416 16160 256
432 16064 416
432 16144 272
416 16128 352
416 16144 416
384 16144 192
320 16208 192
256 16192 144
192 16176 80
288 16112 256
288 16112 240
352 16096 304
448 16064 304
576 16080 288
496 16160 96
528 16128 256
560 16112 432
560 16080 384
560 16080 176
480 16160 176
368 16192 192
448 16176 320
368 16160 400
432 16144 560
432 16192 336
304 16192 464
288 16064 464
320 16160 256
208 16048 80
368 16048 144
544 16112 -224
544 16176 -96
464 16128 48
448 16128 48
288 16192 224
352 16208 304
496 16096 240
400 16208 208
400 16192 304
368 16176 368
368 16176 496
368 16112 496
384 16096 368
464 16096 48
528 16112 256
528 16096 176
640 16096 304
448 16048 304
336 16080 96
336 16128 208
368 16128 0
368 16160 192
400 16160 0
512 16176 0
512 16176 32
384 16176 -16
336 16112 144
336 16080 80
352 16080 80
352 16160 240
496 16176 96
432 16240 0
288 16256 160
112 16192 384
112 16288 304
320 16288 304
288 16224 256
224 16176 240
448 16160 384
448 16144 400
448 16208 560
448 16288 96
464 16288 96
400 16176 160
384 16192 336
368 16096 416
448 16096 320
464 16112 368
464 16192 208
352 16192 144
272 16112 144
336 16144 32
320 16096 176
144 16080 384
144 16048 384
208 16064 272
272 16064 320
192 16192 320
32 16096 432
464 16160 112
464 16064 336
432 16016 496
400 16096 688
400 16096 432
384 16096 560
352 16128 560
320 16096 80
496 16064 96
592 16160 240
336 16288 736
-432 15968 -848
-352 15968 -1264
-704 16128 -1264
288 16304 -432
816 16192 -304
80 16144 192
80 16144 -160
464 16160 -160
176 16160 848
320 16096 592
560 16080 16
528 16176 320
448 16208 336
448 16160 304
384 16160 304
176 16208 672
592 16080 720
416 16112 112
304 16224 0
480 16256 -32
480 16256 -64
416 16224 -96
416 16192 -96
256 16240 -144
160 16256 544
-16 16144 688
-224 16192 -80
-224 16192 -320
-32 16144 -320
0 16080 160
208 16096 64
224 16144 176
224 16160 240
336 16224 576
336 16128 368
208 16128 368
528 16032 96
544 16064 -16
672 16016 -416
672 16016 -192
528 16016 16
384 16064 16
416 16128 -16
400 16032 160
320 16112 544
304 16112 688
144 16144 368
144 16128 368
256 16128 368
288 16096 208
336 16064 432
208 16096 240
208 16144 208
352 16144 576
416 16112 576
384 16096 368
416 16032 96
384 16128 80
480 16144 224
432 16192 80
432 16192 256
448 16112 256
432 16128 256
416 16176 576
336 16112 544
448 16112 128
448 16160 176
480 16160 32
304 16112 176
176 16112 176
224 16160 224
336 16272 80
336 16208 272
240 16192 160
352 16192 160
352 16144 -128
496 16160 -224
656 16176 -320
480 16224 -64
480 16224 32
352 16160 192
352 16160 352
416 16144 352
464 16224 240
528 16160 96
464 16096 -144
464 16096 -288
496 16080 0
416 16096 0
384 16160 240
416 16080 208
400 16128 144
288 16176 -80
288 16128 96
272 16128 32
240 16160 32
304 16128 -128
272 16112 -32
320 16176 240
320 16208 240
304 16208 240
480 16256 -112
464 16112 160
208 16112 128
224 16192 48
352 16160 -64
384 16176 32
384 16176 304
448 16160 304
368 16112 160
224 16192 64
448 16144 112
304 16272 192
384 16192 160
384 16192 144
528 16224 224
432 16224 224
416 16144 448
384 16208 384
432 16128 352
432 16176 448
512 16176 432
288 16080 432
240 16112 336
384 16096 240
320 16176 224
320 16192 320
400 16144 288
496 16128 128
432 16128 128
496 16016 48
432 16144 128
528 16144 368
528 16176 464
448 16176 464
288 16112 320
176 16128 400
336 16048 352
320 16032 304
320 16064 288
352 16096 32
352 16144 144
240 16144 144
272 16144 240
400 16176 352
320 16160 256
320 16112 480
336 16112 480
416 16192 480
432 16176 768
512 16128 336
288 16112 320
368 16128 368
384 16160 320
384 16160 0
240 16208 0
400 16160 192
384 16160 112
336 16112 64
288 16128 32
288 16128 192
256 16064 192
352 16064 384
272 16176 352
320 16208 304
384 16144 352
432 16128 272
432 16128 224
496 16080 224
688 16112 208
576 16128 304
544 16144 240
464 16144 400
464 16144 480
336 16144 480
368 16112 368
320 16208 192
272 16192 272
288 16112 256
336 16160 176
336 16160 320
400 16208 320
352 16208 288
320 16128 144
320 16048 176
304 16096 208
304 16096 448
256 16144 144
304 16192 144
384 16272 128
384 16208 384
384 16160 288
352 16160 64
432 16112 64
384 16160 -240
352 16112 128
432 16144 288
432 16128 256
256 16128 112
288 16112 128
288 16112 128
320 16160 384
304 16112 112
496 16064 432
496 16080 320
480 16080 352
464 16096 416
592 16080 416
576 16000 176
464 16048 160
448 16080 32
240 16176 144
272 16240 -112
352 16256 48
352 16256 16
336 16288 16
384 16192 128
