startup(x,y,z):(432,16128,240)
592 15344 -6560
-2288 16448 -6912
592 16368 -6000
640 16320 -5248
496 16160 -3024
496 16400 320
448 15936 3632
448 15536 -7232
-6624 15536 -4272
-2704 16400 -4272
112 16160 -960
736 16000 3008
-3312 16032 6112
-3312 16032 6704
1504 15776 8496
736 15808 8496
416 15424 6192
-96 15488 512
208 16064 1168
688 16768 1024
688 16272 -1504
1824 16272 -1504
720 16160 -1824
-64 16608 -416
80 16208 2320
80 16080 3936
256 16080 -3120
5536 15552 -3120
2944 15920 -304
544 16640 2960
-1680 16320 -1616
-2224 16544 -1456
-2224 16544 -3168
-768 16592 -3168
-384 16432 -1248
-736 15968 1184
192 15696 -1632
192 16208 -1632
1488 16192 736
368 16000 -800
1168 16256 16
608 16336 432
608 16256 944
864 16256 288
-176 16048 288
-752 16368 -288
-16 16320 2096
640 16272 3104
640 16272 2240
128 16240 2240
320 16144 1680
352 16208 2080
-16 16160 1648
-240 16208 688
-240 16272 592
112 16272 592
672 16192 -528
608 16112 -1888
928 16096 -2080
928 16288 -1712
672 16288 -1712
752 16256 -1504
736 16160 -1232
656 16112 -336
336 16224 224
336 16112 224
144 16112 -176
304 16176 -176
304 16320 -80
208 16208 448
80 16192 976
80 16112 1248
336 16112 1248
352 16128 1600
624 16032 1136
560 16128 576
512 16208 336
512 16208 -128
480 16288 -384
384 16224 -480
464 16160 -256
656 16128 -128
656 16192 -16
544 16192 -240
144 16208 -240
-176 16352 -720
96 16256 -640
0 16208 -352
0 16240 -64
176 16240 -320
576 16176 -480
480 16208 -384
528 16192 -192
496 16160 256
496 16160 496
448 16144 496
464 16112 800
496 16080 1072
496 16112 1088
496 16144 752
416 16144 752
224 16160 320
144 16208 176
304 16272 -80
368 16240 208
368 16256 224
384 16256 224
224 16176 -64
432 16016 -144
368 16176 -256
336 16144 -224
336 16192 -256
272 16192 48
256 16192 48
176 16128 240
192 16192 640
256 16144 672
256 16272 528
320 16272 528
320 16320 544
272 16208 464
528 16240 368
528 16144 304
496 16144 288
400 16160 288
560 16160 256
464 16224 80
528 16288 16
528 16208 96
352 16208 112
512 16176 112
416 16256 32
368 16240 -32
368 16272 -64
368 16272 64
352 16256 64
304 16176 0
432 16096 304
464 16128 272
464 16176 384
496 16176 368
288 16176 368
320 16208 288
320 16176 320
464 16144 144
464 16144 480
528 16144 480
368 16272 128
400 16256 144
432 16256 128
480 16240 -96
480 16208 0
496 16208 0
448 16224 192
400 16192 112
480 16192 0
480 16144 192
528 16144 336
448 16112 336
320 16160 384
464 16160 400
496 16112 448
496 16112 608
496 16128 480
464 16128 480
480 16160 464
432 16256 304
656 16192 208
656 16176 112
416 16176 112
304 16160 208
368 16176 48
496 16224 -16
352 16160 272
352 16048 128
496 16048 336
336 16176 336
432 16240 304
544 16208 384
448 16176 256
448 16176 288
368 16224 288
448 16160 384
352 16128 224
352 16128 272
224 16128 192
224 16208 112
384 16208 112
304 16208 272
400 16224 176
464 16192 112
448 16192 128
448 16192 176
336 16160 176
416 16160 320
368 16176 208
464 16224 48
416 16128 32
416 16128 192
272 16096 192
288 16160 240
480 16192 256
320 16144 256
400 16160 304
400 16160 368
208 16144 368
352 16144 432
384 16144 384
368 16176 208
448 16160 208
352 16144 304
352 16160 256
384 16160 -144
304 16144 -144
304 16176 64
352 16160 144
368 16208 272
368 16208 368
192 16208 368
288 16144 608
336 16240 480
352 16192 240
400 16144 48
400 16128 256
400 16128 256
320 16160 256
368 16128 224
336 16064 336
416 16096 240
416 16096 208
400 16160 208
384 16112 224
224 16080 240
192 16128 224
192 16128 384
128 16128 384
224 16128 240
384 16112 560
528 16064 368
544 16160 288
544 16160 304
464 16208 304
416 16160 256
496 16064 160
432 16112 272
464 16128 384
464 16128 80
560 16096 80
464 16144 224
544 16096 208
400 16000 464
448 16080 192
448 16080 -240
544 16096 -240
480 16160 160
400 16096 128
464 16128 144
464 16128 160
416 16128 96
544 16176 96
336 16224 304
352 16288 -16
384 16256 48
448 16128 144
448 16128 336
368 16128 336
272 16096 208
448 16160 112
384 16096 208
384 16192 336
384 16192 144
304 16112 144
336 16144 -48
352 16128 224
416 16112 96
416 16160 112
400 16160 112
592 16064 80
592 16112 320
592 16048 624
592 16096 528
608 16096 384
544 16048 384
432 16048 224
416 16112 336
448 16112 320
448 16112 496
528 16112 496
384 16144 64
352 16128 320
416 16128 272
416 16224 288
560 16224 288
288 16144 576
288 16176 208
304 16144 -144
304 16144 272
384 16176 208
384 16176 192
560 16096 192
464 16144 288
432 16096 368
320 16096 176
320 16224 224
384 16224 160
384 16208 160
384 16160 336
400 16128 144
464 16176 -32
480 16192 128
480 16192 -144
448 16192 -144
544 16112 240
496 16112 288
480 16144 -16
480 16192 -112
384 16192 48
368 16160 48
432 16144 80
384 16256 176
224 16240 288
240 16208 224
240 16208 192
304 16224 192
320 16224 224
256 16272 224
352 16224 480
352 16144 384
560 16144 384
464 16176 384
400 16208 80
304 16192 112
336 16208 -192
336 16208 32
304 16208 -224
496 16208 -112
320 16256 -16
448 16160 -48
448 16176 16
448 16176 192
448 16176 192
512 16192 176
432 16208 96
624 16208 112
624 16208 256
512 16208 176
480 16128 176
432 16096 0
320 16064 -48
528 16048 176
528 16128 176
464 16128 176
448 16128 176
368 16144 256
400 16176 208
448 16144 240
448 16144 240
448 16144 160
352 16192 160
384 16224 144
288 16272 272
320 16240 432
320 16208 320
240 16208 320
336 16160 464
416 16144 640
384 16176 496
400 16176 320
400 16160 304
464 16160 304
368 16080 288
512 16144 224
416 16112 400
384 16208 384
384 16208 272
240 16256 272
336 16144 352
416 16192 240
400 16176 224
400 16176 160
672 16176 -16
496 16208 -16
352 16176 144
384 16192 432
224 16144 544
224 16144 432
224 16144 432
304 16128 384
368 16048 592
384 16096 592
384 16144 256
528 16144 128
432 16256 128
416 16224 -32
320 16176 192
512 16192 32
608 16128 0
672 16112 176
672 16112 336
384 16128 336
368 16176 256
272 16192 368
336 16240 288
336 16192 272
400 16192 224
400 16192 224
464 16128 432
640 16128 240
496 16192 -48
496 16256 256
480 16256 256
400 16128 128
448 16176 128
544 16160 176
464 16112 176
464 16096 224
384 16096 224
288 16160 320
352 16112 688
416 16080 432
480 16112 240
480 16112 320
304 16176 320
288 16176 416
560 16128 384
496 16096 256
480 16080 336
480 16080 352
256 16080 352
288 16160 128
400 16224 176
464 16224 352
464 16144 160
464 16144 -64
464 16192 -64
432 16192 -32
240 16112 -96
192 16192 0
256 16176 192
256 16192 368
272 16192 144
256 16160 144
480 16192 128
288 16112 256
336 16096 432
416 16112 160
416 16112 48
448 16240 48
320 16272 96
240 16256 144
256 16192 112
256 16112 0
368 16112 192
288 16080 192
400 16128 176
368 16192 128
272 16160 176
368 16144 96
368 16144 272
448 16112 272
512 16144 304
560 16128 320
544 16160 192
544 16176 208
448 16176 336
368 16176 336
512 16192 384
400 16128 416
368 16208 208
416 16192 224
416 16192 416
432 16096 416
400 16160 320
448 16256 80
176 16176 176
176 16176 336
208 16176 496
336 16208 496
352 16160 288
240 16224 224
368 16336 144
368 16240 208
320 16240 256
288 16224 256
368 16144 128
384 16240 144
400 16176 128
400 16160 144
304 16160 272
352 16208 272
448 16240 144
320 16240 176
448 16144 96
448 16160 64
416 16160 64
432 16208 96
288 16208 224
192 16160 320
304 16112 288
304 16160 176
336 16160 176
240 16080 336
368 16128 384
384 16240 384
240 16192 512
320 16128 320
320 16128 432
384 16208 432
432 16192 288
496 16176 160
464 16192 144
464 16192 288
