startup(x,y,z):(352,16080,192)
1792 15600 -1056
1312 15456 -3696
-960 16064 -4080
656 16096 -5248
384 16240 -4784
384 16384 -2800
-96 16384 -2800
544 16480 -1472
64 16224 512
-912 16048 144
-736 15952 -96
-320 16096 352
-64 16144 80
704 16176 -528
704 16128 -1088
512 16128 -1088
144 16160 -720
128 16016 176
368 16048 1264
784 16096 1856
1008 16160 2752
1008 16128 3424
992 16128 3440
704 16080 2512
368 16176 2512
480 16064 1104
640 16096 320
560 16112 592
432 16208 -80
432 16176 -1040
368 16176 -1312
144 16240 -1312
192 16256 -1008
80 16352 -304
96 16240 192
288 16192 -256
320 16208 -272
320 16288 -128
176 16288 -128
256 16192 -112
272 16192 -80
304 16208 592
512 16096 1264
512 16048 1312
512 16048 1312
448 15952 1232
544 16016 1376
592 16000 1040
544 16064 800
416 16096 720
416 16128 304
320 16128 304
416 16112 -128
304 15984 -560
352 16096 -640
368 16048 -560
368 16096 -816
304 16096 -480
480 16096 -160
352 16160 -160
304 16128 144
304 16208 64
240 16192 400
416 16160 544
416 16112 928
512 16112 928
512 16080 752
720 16096 944
528 16112 640
512 16096 352
448 16112 96
464 16128 160
464 16144 -240
480 16144 -240
560 16080 -224
432 16064 -64
352 16064 -304
352 16096 -400
384 16096 -496
384 16064 -496
368 16096 16
480 16064 64
496 16112 256
544 16112 576
368 16112 640
368 16176 576
560 16176 576
480 16144 256
480 16208 240
448 16096 656
352 16176 224
352 16176 208
320 16224 208
384 16176 368
400 16160 192
400 16176 112
400 16128 272
400 16096 128
400 16048 64
464 16048 64
448 16048 160
480 16112 304
464 16032 528
304 16064 592
304 16128 448
352 16128 416
320 16176 432
336 16176 128
352 16128 128
432 16160 80
192 16160 -32
400 16096 48
400 16064 256
336 16032 400
464 16032 400
464 16128 400
656 16176 96
480 16160 336
480 16144 416
416 16128 368
416 16128 192
496 16144 192
560 16160 224
416 16112 512
400 16112 256
480 16144 96
480 16144 256
544 16192 256
432 16224 192
320 16256 192
336 16160 352
368 16144 256
320 16144 288
320 16112 208
384 16112 208
336 16208 128
384 16176 384
400 16144 240
480 16064 96
480 16096 272
352 16112 400
352 16368 48
288 16176 -128
400 16192 -128
400 16208 32
608 16144 -64
656 16176 -96
656 16176 128
432 16192 128
576 16048 192
544 16096 272
592 16096 -112
528 16112 -80
544 16176 64
432 16176 64
432 16176 -128
608 16160 -128
400 16128 224
288 16160 432
336 16144 448
400 16112 240
400 16096 64
416 16096 240
304 16144 240
400 16192 160
400 16160 272
320 16176 224
224 16240 320
224 16160 464
336 16160 464
368 16112 224
384 16112 304
272 16128 352
288 16128 304
288 16128 96
288 16256 96
352 16240 224
368 16176 224
368 16144 512
384 16128 192
336 16160 240
336 16160 272
336 16224 272
240 16176 240
352 16112 96
240 16128 160
352 16064 432
352 16064 272
528 16064 160
304 16064 160
384 16208 -96
480 16128 464
256 16176 288
272 16208 144
272 16208 192
432 16128 192
336 16144 192
352 16256 368
272 16176 224
272 16256 400
320 16192 256
336 16192 32
400 16192 16
384 16256 16
304 16224 128
320 16192 192
448 16160 304
448 16160 144
496 16160 144
448 16160 -112
352 16192 112
496 16192 96
560 16160 176
432 16048 80
416 16144 400
416 16096 448
400 16096 448
368 16144 16
256 16144 -16
336 16096 80
400 16128 144
400 16128 224
320 16160 224
416 16208 96
400 16224 208
336 16160 592
400 16160 208
512 16128 160
512 16128 48
384 16160 48
496 16160 272
464 16208 256
320 16192 256
320 16176 224
464 16176 0
480 16096 48
528 16144 192
496 16144 496
384 16144 64
384 16160 304
224 16160 320
208 16208 320
384 16128 192
496 16080 -96
304 16128 -80
304 16128 112
192 16128 112
48 16112 240
192 16176 240
400 16176 336
416 16192 272
416 16112 224
496 16176 320
496 16176 96
560 16224 96
432 16192 48
384 16096 160
368 16080 384
416 16144 112
384 16080 160
304 16144 -96
304 16144 208
288 16144 208
304 16176 -80
368 16160 16
352 16192 96
400 16096 176
368 16080 208
368 16080 240
368 16128 240
400 16144 288
288 16064 224
352 16112 160
432 16144 208
432 16192 160
480 16192 208
384 16176 208
352 16160 544
400 16192 464
608 16192 272
608 16224 272
528 16224 272
480 16128 320
288 16128 320
288 16080 144
496 16176 256
432 16160 256
432 16176 304
464 16176 304
400 16176 352
464 16144 352
544 16192 288
544 16144 192
560 16144 112
528 16176 112
544 16128 288
464 16080 320
352 16176 320
352 16144 480
320 16144 480
448 16144 432
448 16144 528
464 16128 240
432 16160 -48
432 16144 240
448 16080 208
432 16080 208
448 16112 304
272 16224 304
416 16208 96
352 16128 240
416 16208 176
416 16208 240
448 16208 240
320 16144 96
272 16192 272
448 16160 -96
384 16144 32
384 16144 240
432 16064 400
496 16064 400
592 16064 256
320 16112 224
368 16160 128
400 16144 224
416 16112 304
288 16128 384
288 16240 144
400 16256 144
400 16160 336
400 16208 416
448 16208 352
320 16256 352
336 16160 640
352 16176 288
544 16176 160
544 16176 336
512 16128 336
400 16144 256
336 16080 240
400 16000 48
400 16064 144
400 16128 192
400 16064 224
496 16128 400
432 16128 400
416 16160 240
512 16096 368
448 16224 32
448 16160 128
448 16192 160
384 16192 272
384 16176 272
352 16128 304
384 16128 240
304 16192 256
352 16160 336
352 16160 272
464 16160 272
368 16176 240
304 16112 176
384 16144 -80
384 16208 96
512 16208 368
496 16208 368
272 16224 224
768 16240 224
432 16256 -240
496 16080 16
496 16080 -272
528 16080 -272
352 16064 80
368 16016 240
400 16032 176
480 16192 -144
384 16192 224
384 16192 96
416 16144 128
368 16144 128
384 16176 192
160 16256 256
336 16112 -48
320 16144 -96
320 16144 16
320 16096 16
400 16096 -80
384 16144 160
416 16192 272
352 16176 48
368 16192 0
368 16208 80
352 16112 -16
352 16112 -16
272 16160 96
320 16160 32
352 16080 48
432 16192 288
432 16160 368
288 16160 336
224 16048 336
336 16080 368
352 16032 208
304 16192 352
528 16176 192
640 16160 176
640 16160 400
480 16096 400
400 16112 336
624 16064 176
576 16128 384
576 16080 352
352 16080 352
368 16224 144
528 16224 80
480 16144 -48
416 16112 96
464 16176 64
464 16176 128
400 16192 128
352 16224 240
432 16160 368
368 16128 544
400 16096 464
400 16096 512
288 16112 368
400 16176 288
480 16160 288
432 16096 320
272 16240 432
272 16128 240
320 16128 368
256 16144 368
320 16160 336
336 16096 -48
608 16176 128
608 16128 352
464 16128 336
432 16144 432
240 16160 432
368 16144 224
384 16192 208
464 16192 272
368 16208 160
368 16208 480
416 16128 304
432 16096 304
448 16048 256
480 16080 256
448 16080 352
400 16160 256
464 16160 192
368 16128 368
336 16064 112
336 16064 48
400 16080 48
400 16064 48
304 16096 352
384 16096 224
464 16096 -16
464 16096 0
480 16128 -80
432 16176 -80
352 16144 32
336 16144 96
368 16112 112
368 16176 272
432 16176 272
416 16144 208
320 16112 384
352 16112 192
240 16208 96
240 16208 64
464 16144 64
336 16192 64
368 16272 224
320 16304 320
400 16192 176
400 16192 144
416 16160 144
320 16144 144
400 16192 96
352 16240 304
320 16224 256
336 16224 272
336 16176 384
384 16176 384
368 16176 224
480 16128 224
336 16144 272
432 16096 272
368 16144 176
384 16192 176
384 16192 240
304 16144 240
80 16208 256
208 16192 192
480 16128 160
512 16112 16
480 16144 320
480 16144 384
544 16112 128
448 16144 192
432 16144 512
352 16080 496
288 16128 368
288 16112 480
352 16112 336
528 16192 416
416 16176 416
368 16224 256
432 16112 0
400 16176 16
