startup(x,y,z):(432,16128,240)
7600 16848 -3712
-2480 16096 -9248
-2896 16640 -8208
-2896 16784 -5440
736 16784 -5440
-4368 16288 -12016
-2080 16480 -12688
688 17616 -3792
-1728 17104 4752
-2160 16560 5328
-2160 16240 4160
-1968 16240 2016
-192 16288 2016
320 17008 2688
880 16736 2496
928 16496 -1664
-16 16688 -2416
-16 16128 -2832
368 16048 -3312
368 16032 -1456
1760 16032 2352
1392 16064 2352
1232 16304 7056
784 16000 9776
768 16000 7744
992 15984 4752
992 16064 2048
752 16064 2048
576 16160 -160
768 16032 -2112
944 16016 -4480
560 16112 -4640
-224 16192 -3056
-224 15984 -736
32 15984 1424
416 16032 1424
288 15968 2368
-32 15856 2832
80 16176 2624
272 16304 224
272 16384 -1744
656 16176 -2832
976 16176 -3600
1040 16080 -3600
912 16176 -3632
720 16240 -2736
688 16160 -416
208 16272 1824
224 16272 2704
224 16224 2032
160 16224 2032
560 16144 1504
176 16208 -592
1104 16176 -1984
1104 16176 -1632
976 16064 -1632
32 16208 -752
880 16240 592
1104 16144 1520
1104 16112 2272
368 16224 1952
352 16224 1952
416 16080 1472
608 16048 800
368 16080 112
336 16160 -80
592 16032 -96
592 16032 16
592 16048 576
336 16048 528
272 16048 528
368 16032 736
496 16048 384
496 16128 -128
464 16080 -240
448 16112 -496
336 16112 -336
416 16176 -336
320 16176 16
304 16160 32
352 16144 352
352 16192 336
304 16192 336
272 16224 336
480 16192 112
624 16240 176
672 16176 240
336 16272 240
-736 16176 -64
-736 16240 0
-400 16240 0
352 16160 544
896 16144 784
304 16160 960
336 16128 720
336 16160 368
272 16160 176
384 16096 176
512 16128 -128
448 16080 80
416 16160 288
384 16160 400
336 16128 368
336 16128 -240
768 16080 -240
592 16128 112
240 16208 192
288 16272 96
400 16192 176
400 16192 416
608 16080 640
512 16128 160
464 16128 160
528 16144 176
368 16176 304
336 16128 368
352 16144 384
352 16144 384
400 16208 384
464 16192 368
464 16192 336
496 16256 112
400 16176 80
352 16128 112
352 16144 240
512 16144 400
400 16144 400
448 16096 224
544 16064 192
624 16080 416
624 16192 336
624 16192 336
480 16176 560
400 16112 384
432 16128 288
384 16096 336
240 16176 560
416 16160 624
416 16192 336
368 16192 336
400 16240 224
416 16240 208
640 16240 160
496 16272 288
496 16192 144
464 16192 48
368 16160 -96
304 16112 -96
288 16048 -112
240 16128 320
304 16144 336
304 16144 240
512 16160 240
432 16128 112
384 16128 432
368 16160 320
432 16128 288
432 16112 368
320 16112 160
320 16176 160
368 16176 160
592 16240 -176
672 16208 -112
464 16256 0
464 16256 176
448 16160 48
352 16160 48
400 16160 160
448 16144 272
416 16128 144
384 16128 128
256 16176 304
336 16224 304
336 16224 160
656 16240 160
528 16208 560
464 16144 160
368 16160 224
352 16112 256
384 16112 288
384 16112 384
368 16064 224
432 16064 432
416 16096 432
448 16128 576
400 16128 272
400 16144 224
400 16128 96
496 16128 240
368 16128 240
352 16112 -48
416 16144 32
384 16144 96
304 16096 112
512 16112 80
432 16144 208
432 16144 160
368 16128 160
368 16112 192
384 16160 496
368 16096 368
368 16144 320
352 16144 368
288 16144 256
336 16112 -16
176 16112 -16
368 16160 80
432 16112 208
320 16080 160
320 16048 336
400 16048 608
256 16080 608
272 16144 464
384 16192 256
560 16096 384
528 16064 384
512 16096 448
512 16096 224
512 16112 224
400 16128 -16
320 16176 96
368 16160 192
368 16176 48
496 16176 224
336 16160 224
288 16128 0
352 16160 272
432 16112 336
640 16128 256
560 16208 288
496 16192 288
496 16192 384
416 16208 384
384 16272 304
432 16192 464
368 16160 192
368 16128 224
560 16128 256
480 16224 256
368 16176 224
368 16160 112
528 16224 96
432 16176 208
416 16192 256
416 16192 144
352 16160 144
304 16176 240
256 16192 288
272 16224 224
272 16240 144
304 16240 528
272 16112 304
336 16128 432
288 16176 432
320 16128 272
400 16144 224
304 16208 256
304 16160 288
432 16160 288
352 16128 240
384 16192 160
432 16208 272
416 16192 80
448 16112 224
336 16112 176
336 16112 48
272 16208 48
304 16112 48
496 16112 -224
384 16192 96
384 16192 -32
352 16208 224
288 16144 224
272 16096 128
368 16192 144
352 16128 16
528 16128 112
464 16112 320
464 16144 256
592 16144 256
592 16144 368
496 16176 272
464 16176 432
464 16176 32
400 16128 272
400 16160 368
512 16160 320
448 16192 384
320 16192 384
336 16128 208
432 16096 208
368 16160 368
368 16192 352
368 16192 352
320 16304 304
448 16240 304
368 16160 128
400 16112 208
400 16128 256
352 16176 288
352 16192 288
464 16192 112
496 16160 112
496 16208 224
464 16160 144
464 16160 96
464 16096 208
288 16096 208
240 16032 384
144 16096 464
240 16160 336
336 16192 288
352 16144 464
352 16144 272
320 16176 272
400 16192 320
256 16160 288
336 16080 512
336 16112 400
368 16112 400
320 16160 336
320 16096 192
464 16096 160
416 16176 176
336 16160 80
496 16144 144
496 16144 64
528 16128 64
400 16128 240
384 16080 304
592 16112 272
528 16144 320
528 16144 128
320 16176 208
320 16176 64
432 16160 64
400 16256 144
528 16240 128
432 16224 240
432 16224 384
256 16112 384
256 16144 464
480 16144 256
352 16160 304
368 16128 64
368 16112 176
480 16144 80
480 16160 144
464 16160 144
400 16240 48
368 16208 -80
160 16160 192
160 16128 96
272 16128 112
432 16176 112
352 16176 432
400 16128 496
432 16096 208
464 16128 112
416 16096 288
416 16096 640
544 16144 640
592 16160 464
576 16064 240
576 16112 144
576 16128 272
480 16128 176
416 16096 176
368 16272 192
432 16336 160
416 16304 224
256 16208 272
304 16224 320
304 16224 304
144 16128 304
256 16128 320
416 16112 -112
352 16064 144
272 16128 192
272 16128 384
288 16128 384
320 16176 256
432 16144 256
320 16192 128
384 16176 -128
448 16224 160
448 16224 64
496 16256 64
432 16192 400
416 16160 400
464 16192 368
464 16144 304
416 16144 368
432 16176 240
496 16144 80
384 16144 80
320 16160 64
352 16144 -144
576 16144 -176
576 16112 0
448 16112 144
464 16176 144
448 16208 208
352 16144 320
448 16208 -64
416 16160 48
432 16112 112
432 16112 16
352 16192 16
384 16192 0
384 16176 -288
192 16208 -16
288 16272 0
288 16176 176
480 16176 384
320 16192 384
256 16128 304
368 16112 288
608 16160 176
544 16080 400
544 16096 176
544 16096 208
464 16096 208
448 16112 192
464 16176 560
624 16192 544
560 16176 528
560 16160 112
432 16160 336
368 16176 448
416 16160 448
320 16144 160
352 16096 240
224 16128 240
224 16128 320
224 16144 272
368 16112 272
368 16064 192
400 16064 160
352 16064 208
512 16080 16
432 16160 -64
432 16176 128
368 16176 144
272 16128 144
336 16112 304
400 16048 208
352 16064 144
480 16144 32
480 16144 304
256 16176 304
320 16176 272
336 16224 192
480 16208 144
528 16224 320
512 16192 368
512 16192 256
416 16112 256
416 16192 256
416 16208 304
416 16176 224
416 16144 160
576 16144 -32
528 16144 -32
400 16144 -80
432 16208 -80
512 16208 128
432 16208 80
432 16144 80
432 16128 -160
464 16128 -48
384 16192 -48
352 16144 336
416 16064 336
384 16096 160
336 16112 368
400 16080 304
400 16080 336
384 16080 336
336 16144 432
320 16192 496
336 16144 400
336 16128 608
448 16128 592
576 16144 592
464 16144 352
432 16160 288
416 16144 128
480 16208 144
448 16272 32
288 16208 48
288 16208 48
272 16224 48
304 16208 48
384 16208 160
352 16192 192
432 16176 64
432 16208 80
528 16208 144
432 16160 304
400 16112 304
432 16176 304
496 16176 240
336 16144 208
336 16144 128
496 16144 128
592 16160 240
352 16192 304
480 16112 176
384 16208 128
384 16208 112
464 16048 176
