startup(x,y,z):(416,16176,0)
176 16224 1040
-704 16304 2432
-1264 16240 3008
-1008 16208 3376
-1264 16128 3424
-304 15952 2976
400 16112 2272
1040 16240 1328
1952 15840 -80
2576 15872 -736
2928 15952 -3088
3488 16112 -4416
2448 16096 -4544
1696 16240 -4544
928 16224 -4416
304 16288 -4288
-256 16208 -3920
-768 16208 -2752
-672 16384 -2256
-160 16304 -1680
80 16288 -976
416 16240 -448
672 16320 -544
864 16160 288
768 16208 768
912 16256 1792
960 16160 2432
960 16256 2592
416 16208 2640
176 16304 2192
48 16288 2064
0 16256 2128
-96 16288 1712
80 16240 640
144 16256 96
224 16224 -240
448 16192 -368
528 16224 -816
416 16208 -896
240 16224 -592
384 16256 -384
496 16256 -432
496 16224 -432
576 16144 -400
560 16304 48
480 16224 224
464 16288 176
496 16320 288
656 16240 432
400 16256 656
336 16224 32
400 16272 336
464 16112 480
528 16192 48
592 16160 16
464 16192 16
400 16192 -160
416 16240 -240
352 16224 -272
288 16240 144
272 16240 -352
400 16192 -256
336 16144 144
480 16288 32
528 16240 80
656 16288 96
400 16224 320
368 16160 352
384 16192 304
272 16144 304
320 16144 304
352 16192 -80
496 16192 -16
368 16176 -48
240 16272 48
352 16288 -32
352 16272 80
272 16336 16
384 16240 240
336 16240 288
480 16224 -96
608 16208 16
496 16176 96
496 16128 64
496 16144 96
400 16224 32
432 16208 192
464 16208 160
448 16240 160
432 16304 96
400 16336 0
416 16352 -16
512 16224 0
512 16224 -16
496 16192 96
512 16192 304
512 16192 128
448 16144 352
448 16224 336
416 16256 288
384 16256 64
368 16240 16
400 16304 32
448 16240 32
496 16224 0
464 16240 -48
544 16224 -272
640 16288 -256
512 16240 -256
608 16256 -64
720 16288 -208
624 16368 -288
496 16304 -80
432 16320 32
464 16272 32
480 16160 144
416 16224 176
320 16256 48
384 16208 288
320 16256 96
416 16224 128
384 16240 96
432 16240 -80
320 16224 192
480 16224 256
432 16304 240
464 16192 32
512 16224 32
448 16192 -192
464 16160 160
496 16192 -64
656 16192 16
512 16176 16
400 16176 64
464 16192 96
432 16192 320
304 16240 320
448 16240 320
560 16192 368
368 16176 336
416 16192 256
416 16224 160
416 16224 112
416 16144 96
320 16240 272
448 16240 80
432 16240 160
224 16176 160
256 16128 176
320 16192 176
400 16144 144
448 16176 128
464 16256 256
624 16192 176
496 16224 -80
400 16224 -192
272 16176 64
288 16208 -16
368 16176 -16
352 16256 64
544 16192 -256
336 16240 -192
416 16240 -144
352 16192 16
448 16208 192
448 16240 160
464 16176 352
512 16256 416
384 16288 416
384 16288 288
384 16288 320
496 16208 176
464 16224 208
448 16208 -32
336 16192 32
304 16240 144
368 16192 -144
416 16208 -288
496 16208 -32
544 16256 -48
448 16224 320
448 16192 144
448 16272 96
448 16256 112
400 16224 -48
400 16224 64
448 16208 32
528 16224 -32
304 16240 0
528 16240 112
592 16240 144
416 16288 64
400 16192 160
432 16192 16
432 16224 16
496 16256 0
464 16288 48
432 16256 48
432 16224 0
384 16304 48
432 16256 48
384 16288 288
320 16224 208
336 16256 400
480 16192 368
448 16256 160
432 16240 144
368 16224 320
384 16160 448
400 16272 208
432 16256 160
512 16192 96
416 16144 112
336 16208 32
432 16224 160
448 16240 48
496 16240 64
320 16240 80
336 16160 -176
432 16256 32
480 16240 64
560 16192 -64
512 16240 -48
480 16224 -112
560 16208 208
480 16192 240
448 16224 80
448 16176 144
400 16224 160
416 16224 96
528 16224 64
352 16208 -224
240 16256 -192
384 16240 -80
416 16192 16
384 16224 -16
448 16208 160
352 16176 -16
368 16208 32
352 16160 -16
384 16192 0
304 16240 -32
400 16208 32
448 16176 32
384 16256 272
400 16272 176
336 16208 48
416 16176 32
384 16240 0
400 16224 -32
416 16160 -160
336 16192 -48
560 16192 80
400 16240 -16
464 16272 -80
448 16240 80
