startup(x,y,z):(320,16160,480)
-528 16080 4160
-1920 15776 3184
256 16240 2784
2768 16208 1600
2064 16608 3200
-288 16192 6064
1984 17216 1872
4032 16880 832
1536 16224 400
816 16016 -1600
896 16544 -3200
1328 16256 -3136
-2320 16432 -2752
688 16240 -2192
-528 16448 -1872
-272 16160 -1616
176 16288 -2480
624 16208 -1472
496 16240 -1904
544 16176 -1216
624 16224 1424
512 16128 2064
320 16160 1968
208 16160 1776
144 16112 1584
272 16208 1328
432 16176 832
608 16192 368
480 16208 -976
416 16224 -944
352 16256 -864
272 16256 -928
384 16240 -544
496 16208 -704
624 16256 -688
576 16272 -752
624 16208 80
576 16176 464
448 16208 416
400 16288 288
416 16256 496
304 16192 640
576 16208 320
608 16240 560
464 16288 352
560 16240 176
496 16208 144
464 16256 -96
432 16224 -208
384 16208 -112
240 16224 -48
384 16272 -192
384 16240 80
496 16224 80
560 16256 288
448 16224 240
400 16240 192
320 16240 -32
528 16176 64
496 16208 192
416 16224 16
432 16192 -96
480 16192 -176
624 16144 -160
464 16192 -64
464 16176 80
480 16208 240
448 16176 320
416 16224 336
400 16256 288
304 16272 432
448 16208 272
416 16240 192
528 16240 64
512 16208 -48
544 16176 112
512 16192 112
448 16208 -224
464 16144 -304
384 16208 32
480 16224 128
448 16224 32
416 16224 48
432 16144 16
384 16160 -16
400 16208 48
448 16192 544
320 16144 480
336 16160 448
368 16192 368
368 16144 -32
416 16240 -144
400 16352 -112
368 16336 -192
464 16256 80
480 16288 -112
432 16192 -16
432 16192 16
384 16240 96
416 16256 64
432 16272 144
528 16256 64
432 16288 64
384 16272 112
528 16240 -112
496 16192 0
448 16176 96
384 16224 96
480 16160 16
464 16208 -32
416 16208 -112
464 16224 -16
416 16240 432
464 16240 192
464 16272 288
432 16288 48
448 16272 128
416 16272 96
448 16256 -176
432 16192 128
512 16160 128
400 16192 176
464 16256 160
400 16240 80
528 16160 48
352 16160 0
336 16224 48
496 16176 304
496 16320 128
480 16304 -128
464 16304 -176
496 16256 -128
480 16208 48
576 16192 -16
496 16192 -128
272 16160 80
288 16224 352
368 16176 208
432 16208 112
464 16192 -16
464 16240 80
480 16160 -32
496 16144 368
528 16192 160
528 16208 80
480 16176 64
512 16208 32
496 16224 -16
416 16208 32
480 16256 176
400 16240 64
416 16192 32
400 16192 48
480 16192 64
480 16160 208
352 16160 144
528 16272 96
416 16320 192
448 16240 240
368 16208 128
464 16208 32
496 16272 -96
560 16256 -32
480 16240 256
464 16192 96
432 16208 144
416 16272 176
672 16272 16
496 16192 160
416 16240 176
384 16320 16
416 16304 48
432 16224 128
464 16224 336
352 16240 16
352 16288 176
400 16272 192
400 16272 32
416 16320 144
416 16256 64
400 16224 64
288 16288 448
192 16160 304
336 16160 208
368 16208 64
576 16256 272
480 16224 128
464 16240 96
416 16256 112
384 16176 416
384 16096 256
480 16128 320
400 16160 256
464 16192 384
416 16144 288
432 16256 128
464 16208 48
592 16176 80
496 16224 128
480 16192 256
368 16176 48
336 16208 128
496 16240 304
416 16256 144
432 16224 160
352 16176 32
368 16240 96
400 16224 32
432 16240 192
496 16240 96
512 16304 0
512 16240 -64
448 16208 192
480 16208 80
512 16256 96
464 16240 48
464 16208 80
576 16224 128
464 16208 176
464 16224 0
432 16176 64
368 16208 112
352 16176 48
352 16256 144
384 16288 144
336 16256 112
384 16224 0
400 16272 64
432 16224 16
416 16208 -32
512 16224 80
592 16240 224
576 16208 -32
512 16176 32
496 16192 -48
464 16240 -240
496 16288 -224
416 16256 -16
480 16224 352
448 16192 320
576 16224 0
624 16240 -240
416 16128 48
432 16192 48
432 16256 48
448 16208 80
480 16208 0
496 16176 208
576 16128 384
528 16096 288
480 16144 96
448 16160 272
416 16208 256
400 16160 112
432 16176 112
448 16048 192
