startup(x,y,z):(576,16144,-176)
96 16416 -176
1904 15840 -2080
1840 16096 -368
528 16144 544
640 15840 2912
-1216 15600 4176
-464 15712 2624
1008 15808 1744
1168 16064 448
1552 16048 -1024
1680 16128 -1696
1552 16272 -1872
832 16288 -1888
-96 16400 -1216
-368 16400 -848
-144 16288 -1264
112 16224 -1280
608 16224 -1632
1024 16176 -1104
688 16256 -144
720 16304 272
752 16160 1088
528 16128 1728
240 16192 1568
288 16256 1408
208 16240 960
368 16192 752
576 16160 416
640 16208 96
544 16272 -272
512 16224 -1024
592 16272 -1152
528 16256 -1024
352 16256 -656
416 16240 -352
464 16208 -176
448 16208 192
448 16240 192
464 16256 96
512 16224 192
544 16224 368
512 16192 512
416 16224 560
304 16224 592
240 16160 320
384 16160 224
400 16160 80
704 16160 -272
560 16272 -352
688 16272 -400
560 16224 -416
496 16224 -112
512 16160 144
464 16112 336
240 16176 352
304 16192 416
448 16192 464
464 16160 432
544 16160 176
544 16176 -80
464 16224 -112
320 16208 -192
496 16224 -208
448 16160 -224
432 16192 -240
336 16256 -128
368 16240 -112
400 16208 -192
592 16192 -80
656 16176 -80
464 16160 192
608 16128 160
512 16160 272
480 16160 320
560 16192 432
416 16176 272
384 16192 400
448 16224 128
464 16304 -176
496 16208 -112
464 16240 -224
480 16176 -192
512 16272 -160
608 16240 -288
400 16192 -96
304 16224 0
400 16208 112
496 16192 16
432 16192 176
480 16224 192
496 16272 176
480 16224 400
432 16272 176
448 16224 160
432 16272 112
496 16176 64
512 16192 80
464 16272 -48
560 16256 -64
576 16160 112
480 16160 16
512 16160 16
432 16208 224
464 16144 80
416 16160 -48
544 16128 32
496 16160 192
368 16176 64
384 16208 -32
448 16192 80
448 16192 80
352 16144 144
368 16144 -112
400 16208 48
368 16208 -64
464 16208 0
384 16224 -320
480 16176 16
368 16144 256
496 16192 176
512 16176 96
496 16192 144
480 16272 176
432 16208 32
384 16224 96
400 16224 -16
560 16208 -144
448 16240 32
448 16192 112
464 16224 272
400 16224 272
432 16256 16
480 16304 16
544 16320 -96
656 16240 -112
592 16192 16
496 16224 0
432 16208 16
464 16256 304
480 16240 144
352 16240 240
448 16192 80
352 16272 224
288 16272 176
432 16272 96
592 16256 128
512 16192 208
480 16176 224
448 16272 64
272 16320 -16
352 16288 176
400 16224 64
368 16192 0
384 16224 80
512 16256 48
432 16240 64
448 16224 96
288 16224 128
304 16192 176
464 16224 64
368 16240 256
416 16224 96
432 16240 64
432 16288 176
368 16256 64
400 16208 -240
448 16208 -336
480 16208 -240
400 16224 -96
400 16160 0
400 16224 416
448 16144 352
592 16176 272
336 16192 80
528 16240 176
448 16192 160
432 16208 256
384 16192 16
512 16224 160
528 16272 368
464 16208 160
512 16208 16
416 16176 64
512 16208 16
416 16352 96
384 16336 336
304 16320 400
288 16288 304
304 16240 208
336 16208 160
368 16240 336
464 16176 32
384 16256 128
368 16192 336
352 16144 256
480 16192 144
464 16176 176
480 16176 80
368 16192 144
464 16224 80
432 16224 0
432 16176 160
432 16224 160
400 16240 32
416 16288 -64
464 16224 80
416 16192 144
304 16208 32
400 16224 32
432 16128 0
464 16176 32
448 16288 96
544 16304 0
400 16224 -224
416 16288 -256
384 16208 -112
336 16240 -48
384 16240 0
432 16192 0
528 16224 96
496 16192 48
464 16224 272
384 16256 304
320 16224 416
272 16208 352
368 16144 192
400 16144 96
576 16224 -64
480 16176 -160
464 16192 -96
576 16224 -32
480 16160 64
496 16176 96
480 16160 80
416 16192 -112
416 16240 32
416 16224 32
640 16240 -80
544 16224 -48
512 16224 16
496 16224 64
512 16224 80
576 16128 416
592 16192 256
464 16256 144
448 16256 304
400 16208 160
288 16192 128
432 16288 48
576 16224 144
368 16096 96
560 16128 64
448 16144 32
544 16192 336
512 16256 256
464 16176 192
