startup(x,y,z):(592,16144,-80)
592 16912 3056
-2416 16128 1392
-256 16208 2288
-1600 15824 2992
80 16176 2736
-128 16192 1072
1680 15968 672
2336 15936 672
16 15104 4112
-400 15584 16
2608 16016 384
1840 15824 -416
1648 15968 -2112
1808 16224 -3344
1232 16128 -4144
496 16128 -3040
-464 16160 -1936
-16 16384 -1440
-112 16288 -1440
480 16304 -1712
560 16224 -736
128 16288 -736
1040 16288 464
624 16192 944
1136 16208 1104
1328 16096 1760
752 16176 1776
256 16096 1376
-112 16192 1088
-128 16144 544
272 16176 432
336 16240 -16
496 16320 -336
448 16288 -816
544 16176 -1232
544 16176 -880
400 16224 -672
560 16272 -688
464 16240 -512
464 16160 -192
528 16192 -160
416 16176 16
416 16160 240
1024 16144 -96
1008 16176 -64
624 16256 160
432 16272 48
640 16272 -96
720 16272 -224
544 16224 -528
400 16304 -176
496 16384 -192
544 16320 -240
560 16272 -400
432 16288 -160
480 16224 16
400 16224 288
448 16160 336
320 16176 400
224 16288 672
176 16224 752
208 16304 864
256 16256 768
384 16256 768
464 16192 560
400 16256 464
416 16208 320
448 16224 80
448 16192 -16
384 16176 128
400 16224 -16
608 16064 -176
544 16160 -176
544 16128 48
544 16208 128
560 16240 80
544 16256 176
320 16224 288
-1408 16288 2240
-144 15872 1264
1216 15968 352
800 16000 -976
1072 16064 -976
992 16208 -1216
800 16240 -1040
128 16208 -304
96 16144 144
32 16176 320
368 16224 144
368 16208 -240
416 16240 -400
656 16192 48
576 16192 336
560 16176 624
400 16176 720
288 16208 704
240 16256 144
352 16208 224
352 16240 240
544 16288 240
464 16288 48
464 16288 -128
592 16208 -320
320 16208 -448
496 16144 -384
416 16224 -160
448 16192 224
496 16160 224
448 16176 176
368 16192 112
464 16160 48
432 16208 112
384 16256 -32
384 16224 144
432 16144 80
448 16240 160
416 16240 112
384 16256 48
400 16208 0
416 16272 -256
432 16272 -320
368 16304 -144
416 16224 -32
496 16224 -336
464 16208 -160
448 16192 144
384 16176 144
464 16240 96
432 16224 144
464 16224 112
464 16144 208
400 16176 80
448 16192 112
448 16256 64
480 16256 80
400 16240 -16
432 16208 -48
432 16224 80
496 16240 32
368 16240 -208
432 16240 -128
448 16304 -48
368 16288 48
416 16224 400
416 16224 160
400 16320 144
400 16240 224
448 16176 112
384 16224 64
416 16288 80
400 16256 128
400 16288 208
416 16304 -16
528 16192 272
512 16240 160
592 16240 128
496 16192 112
512 16208 -144
464 16240 192
448 16224 144
480 16272 208
416 16240 208
384 16208 240
352 16240 160
368 16192 32
272 16176 -160
384 16208 112
368 16208 112
352 16272 32
480 16224 -48
384 16176 -32
368 16160 16
352 16192 96
400 16144 144
304 16208 96
336 16224 112
416 16240 48
416 16272 112
448 16272 288
432 16208 96
432 16208 -48
352 16304 -48
384 16256 -304
560 16192 -208
384 16208 32
416 16288 64
384 16304 64
304 16304 48
400 16320 80
576 16272 128
528 16256 -16
512 16224 160
288 16176 320
368 16160 336
576 16192 256
448 16208 144
496 16224 -96
288 16192 32
336 16176 -160
288 16208 0
368 16256 80
432 16272 176
432 16176 144
208 16224 288
432 16160 48
384 16208 16
304 16176 16
352 16288 -16
528 16240 160
512 16256 96
448 16208 112
320 16256 0
464 16240 208
544 16208 80
656 16160 96
528 16192 128
432 16224 96
432 16176 160
496 16208 64
464 16192 80
240 16176 128
352 16176 224
368 16208 112
480 16208 128
480 16208 -208
464 16160 96
608 16160 -96
528 16176 -16
512 16176 16
512 16208 96
576 16224 -144
464 16256 176
384 16224 176
528 16224 80
544 16208 112
496 16208 128
480 16224 32
432 16240 80
416 16288 288
464 16256 368
576 16160 112
528 16192 64
432 16192 192
448 16240 144
448 16160 160
528 16192 144
640 16176 -96
336 16256 112
448 16224 -128
256 16256 -16
416 16288 32
416 16240 96
384 16288 64
432 16256 112
400 16224 48
416 16160 224
