 -7.15881916e+00
 -9.49126434e+00
 1.12897942e-01
 5.01797964e+00
 5.01797964e+00
 1.05176754e+01
 2.08154331e+00
 2.08563722e+00
 -4.59735606e-01
 -4.59735606e-01
 -1.16601882e+01
 2.90297886e+00
 1.68468432e+00
 1.50020471e+01
 8.77309752e+00
 8.82746485e+00
 8.71001636e+00
 8.60333597e+00
 -1.12795769e+00
 -1.15794850e+00
 4.56180799e+00
 4.32361263e+00
 4.32159130e+00
 4.32159130e+00
 4.71535196e+00
 4.72493160e+00
 4.84104876e+00
 4.80687653e+00
 1.33491841e+00
 1.33627179e+00
 3.02808351e+00
 1.37072418e+00
 1.37072418e+00
 2.68288455e+00
 2.69900649e+00
 2.26795454e+00
 2.21131268e+00
 2.21789393e+00
 1.42073502e+00
 1.42073502e+00
 1.59114027e+00
 1.59271954e+00
 2.85619666e-01
 2.85619666e-01
 9.13912985e-01
 9.11188058e-01
 -3.99466094e-01
 7.97305304e-01
 7.97305304e-01
 -1.36663809e+00
 -1.36663809e+00
 7.97305304e-01
 7.97305304e-01
 -1.14476930e-01
 1.14248661e-01
 1.14248661e-01
 1.02812895e+00
 1.02710513e+00
 2.49694561e+00
 1.48047586e+00
 1.48047586e+00
 1.87881012e+00
 -1.13907960e-01
 -1.13681953e-01
 2.05969977e+00
 1.13794844e-01
 2.27588791e-01
 2.26017682e-01
 2.28041699e-01
 7.44059203e-01
 7.99689756e-01
 7.99689756e-01
 9.67165577e-01
 9.67165577e-01
 -2.27363011e-01
 8.00487746e-01
 8.00487746e-01
 5.68974783e-02
 8.50864865e-01
 6.83416250e-01
 6.83416250e-01
 1.08199841e+00
 1.08631673e+00
 6.28970317e-01
 6.24607143e-01
 1.87694570e+00
 1.87694570e+00
 1.13667188e+00
 1.48047586e+00
 1.58642120e+00
 1.58642120e+00
 1.18994893e+00
 6.23371619e-01
 6.20915174e-01
 6.24607143e-01
 1.70522650e-01
 1.70522650e-01
 1.70522650e-01
 3.41720279e-01
 3.41720279e-01
 1.08199841e+00
 1.08523392e+00
 1.14690944e+00
 1.14690944e+00
 4.58815254e-01
 4.58356458e-01
 -1.14591406e-01
 -1.14248661e-01
 3.42060291e-01
 7.40361508e-01
 1.24906586e+00
 1.24906586e+00
 1.53130465e+00
 7.35972497e-01
 5.71813977e-02
 5.71813977e-02
 5.71795183e-01
 2.85904710e-01
 2.85619666e-01
 8.00487746e-01
 1.02915480e+00
 1.02915480e+00
 1.37346185e+00
 1.37346185e+00
 1.43209618e+00
 1.82191545e+00
 1.82191545e+00
 1.25778908e+00
 9.71990829e-01
 9.71990829e-01
 1.14006403e+00
 1.14006403e+00
 1.08740170e+00
 1.36392753e+00
 1.36392753e+00
 1.31363112e+00
 1.37072418e+00
 1.19943729e+00
 1.14233674e+00
 9.10283356e-01
 9.10283356e-01
 1.30452991e+00
 9.64293351e-01
 9.63339730e-01
 8.50023381e-01
 8.53399341e-01
 1.02915480e+00
 4.00263405e-01
 6.87516355e-01
 6.87516355e-01
 5.73512172e-01
 1.08957816e+00
 1.09395731e+00
 1.64957149e+00
 1.64957149e+00
 1.42355838e+00
 1.31757063e+00
 6.20304085e-01
 6.25226744e-01
 8.54247525e-01
 8.54247525e-01
 9.71021931e-01
 2.84202925e-01
 2.84202925e-01
 1.13218028e+00
 1.13218028e+00
 1.35988179e+00
 1.36799741e+00
 7.44803178e-01
 1.14461852e+00
 1.60226135e+00
 1.60226135e+00
 1.31232318e+00
 1.14119926e+00
 1.14119926e+00
 9.13002867e-01
 1.08631673e+00
 2.28724452e-01
 2.28952945e-01
 4.57898579e-01
 4.56985560e-01
 1.02812895e+00
 1.01999513e+00
 1.14119926e+00
 1.14119926e+00
 1.82554231e+00
 1.82736116e+00
 1.93186332e+00
 1.93186332e+00
 1.19348942e+00
 1.19824298e+00
 -1.71372708e-01
 -1.71372708e-01
 1.13554564e+00
 3.40704287e-01
 3.41380942e-01
 7.41836167e-01
 1.59747620e+00
 1.60707524e+00
 1.48638330e+00
 1.13780035e+00
 1.13780035e+00
 6.82737648e-01
 6.82737648e-01
 3.41720279e-01
 3.41720279e-01
 8.55948960e-01
 3.43427133e-01
 3.43427133e-01
 1.42355838e+00
 1.42355838e+00
 5.12063839e-01
 5.12063839e-01
 9.13912985e-01
 1.14233674e+00
 1.14233674e+00
 1.30711736e+00
 9.66206269e-01
 9.66206269e-01
 5.68956268e-01
 7.40361508e-01
 7.40361508e-01
 8.05309328e-01
 1.14576284e+00
 1.14576284e+00
 2.27696278e+00
 2.27696278e+00
 2.56122513e+00
 2.56887557e+00
 2.56887557e+00
 1.83100974e+00
 8.01287330e-01
 8.03695694e-01
 8.03695694e-01
 1.03018271e+00
 1.13120839e-01
 1.13120839e-01
 5.10037977e-01
 5.10037977e-01
 5.10542938e-01
 5.10542938e-01
 6.82737648e-01
 6.82737648e-01
 8.51708016e-01
 8.51708016e-01
 6.84096201e-01
 1.77205868e+00
 1.77205868e+00
 1.77560053e+00
 1.55437840e+00
 1.55437840e+00
 2.11686230e+00
 1.31625484e+00
 1.31625484e+00
 1.75977267e+00
 1.75977267e+00
