 5.74415832e+00
 5.74979079e+00
 9.71599136e+00
 -6.34019175e+00
 -5.93780268e+00
 1.24520671e+01
 5.39035409e+00
 5.55692448e+00
 4.47340646e+00
 4.04135585e+00
 4.04135585e+00
 -6.24683822e+00
 -1.45960345e+01
 -1.45960345e+01
 -1.45960345e+01
 -2.35845015e+01
 -8.52027188e+00
 1.18008324e+00
 1.22718052e+00
 8.63779209e+00
 8.63779209e+00
 7.64105983e+00
 7.59464337e+00
 -9.34535548e+00
 -2.62282686e+00
 -2.62282686e+00
 -2.37652426e+00
 4.03079236e-01
 4.03079236e-01
 4.02422847e+00
 3.91443062e+00
 -2.29519554e+00
 -3.38328762e+00
 -3.30079218e+00
 -5.04055437e-01
 -5.03071965e-01
 -5.03071965e-01
 -1.12661544e+00
 1.13106291e+00
 1.13106291e+00
 9.04892646e-01
 9.04000395e-01
 -3.40030308e-01
 -3.36700019e-01
 -1.57089111e+00
 -1.57089111e+00
 3.96700344e-01
 -8.50023381e-01
 -8.54247525e-01
 7.41836167e-01
 6.35951254e-01
 6.25847575e-01
 1.27046427e+00
 1.26409491e+00
 2.24011706e+00
 2.22451446e+00
 1.36799741e+00
 1.36799741e+00
 1.02404589e+00
 8.47508886e-01
 1.69464707e+00
 1.70303979e+00
 1.70472832e+00
 1.70472832e+00
 2.21569584e+00
 1.42923890e+00
 8.02088513e-01
 1.08631673e+00
 6.27717488e-01
 6.27717488e-01
 1.88255008e+00
 1.89196542e+00
 1.60226135e+00
 1.60226135e+00
 7.98098540e-01
 2.28496414e-01
 2.28496414e-01
 1.19943729e+00
 1.19824298e+00
 1.88255008e+00
 1.87694570e+00
 1.47900633e+00
 1.47753971e+00
 1.25154584e+00
 1.76853092e+00
 1.59747620e+00
 1.60386277e+00
 2.00253313e+00
 6.28343278e-01
 3.99068628e-01
 3.99068628e-01
 6.27092944e-01
 6.26469641e-01
 1.20063398e+00
 1.31494167e+00
 1.31625484e+00
 1.14006403e+00
 2.56377021e+00
 2.56887557e+00
 2.67755325e+00
 1.70472832e+00
 1.19824298e+00
 5.71795183e-01
 5.71795183e-01
 3.99864352e-01
 5.72938698e-01
 8.00487746e-01
 4.00263405e-01
 3.98671952e-01
 1.02404589e+00
 1.36663809e+00
 1.42355838e+00
 1.08415327e+00
 1.25278953e+00
 1.25278953e+00
 7.41836167e-01
 1.08307477e+00
 1.08307477e+00
 1.14021301e-01
 1.14021301e-01
 5.70656225e-01
 -2.28724452e-01
 -2.28724452e-01
 6.34032041e-01
 6.34032041e-01
 1.72231283e-01
 1.72231283e-01
 6.88894010e-01
 6.88894010e-01
 3.44459454e-01
 3.43427133e-01
 1.14690944e+00
 1.13893107e+00
 1.31101785e+00
 4.56076174e-01
 4.56985560e-01
 4.56985560e-01
 9.12094560e-01
 9.69089918e-01
 9.64293351e-01
 1.47461518e+00
 1.48194831e+00
 1.60386277e+00
 2.84767931e-01
 2.84767931e-01
 3.41720279e-01
 3.42742349e-01
 0.00000000e+00
 7.95723553e-01
 5.15132988e-01
 1.93762568e+00
 1.25778908e+00
 1.36935944e+00
 1.36935944e+00
 9.66206269e-01
 1.25528433e+00
 2.45484624e+00
 1.83100974e+00
 1.77029304e+00
 1.77029304e+00
 1.08523392e+00
 1.71151603e+00
 1.93570108e+00
 1.30711736e+00
 1.30711736e+00
 1.65614639e+00
 1.08307477e+00
 9.12094560e-01
 9.10283356e-01
 1.03018271e+00
 1.20183306e+00
 1.20183306e+00
 9.71021931e-01
 3.42742349e-01
 3.41380942e-01
 2.85051278e-01
 2.85051278e-01
 1.42497427e+00
 1.42639298e+00
 1.48342370e+00
 1.48935473e+00
 1.36935944e+00
 1.42639298e+00
 1.42923890e+00
 1.20063398e+00
 1.37209165e+00
 1.36122770e+00
 1.36392753e+00
 1.19112676e+00
 9.64293351e-01
 9.62387992e-01
 1.30452991e+00
 3.97093104e-01
 3.99466094e-01
 -3.99466094e-01
 -3.98671952e-01
 3.99068628e-01
 3.42060291e-01
 3.41720279e-01
 3.99864352e-01
 6.27092944e-01
 6.27092944e-01
 2.28041699e-01
 2.26912792e-01
 5.69540364e-02
 9.11188058e-01
 8.53399341e-01
 8.53399341e-01
 3.41380942e-01
 3.41720279e-01
 8.53399341e-01
 7.39626375e-01
 7.37429708e-01
 8.50864865e-01
 8.50864865e-01
 9.12094560e-01
 9.71021931e-01
 9.71021931e-01
 9.70054963e-01
 9.69089918e-01
 7.97305304e-01
 7.97305304e-01
 6.84096201e-01
 7.42575702e-01
 7.42575702e-01
 1.71031670e-01
 -5.70107071e-02
 -1.13232618e-01
 -1.13232618e-01
 2.84202925e-01
 1.47607600e+00
 1.47607600e+00
 1.53739042e+00
 1.93955412e+00
 1.31494167e+00
 1.31494167e+00
 6.80709906e-01
 6.23988769e-01
 6.23988769e-01
 1.02201650e+00
 1.47315726e+00
 1.75629360e+00
 1.75629360e+00
 1.41932753e+00
 5.67266410e-01
 5.67266410e-01
 9.09380449e-01
 6.84096201e-01
 6.84096201e-01
 1.24782956e+00
 1.24782956e+00
 1.07878213e+00
 1.07878213e+00
 7.95723553e-01
 3.43084400e-01
 3.43084400e-01
