startup(x,y,z):(464,16176,-256)
448 15824 -32
704 16336 512
48 16400 1024
16 16256 736
432 16176 768
416 16176 640
576 16144 -128
1152 16208 304
-16 16288 656
320 16240 208
736 16160 -32
80 16192 -416
-16 16144 -480
592 16176 -576
944 16336 -608
320 16320 -640
432 16288 -656
256 16192 112
128 16192 528
528 16144 512
592 16096 480
512 16128 560
640 16240 432
592 16160 -16
384 16192 224
112 16176 304
192 16208 352
368 16192 112
368 16176 -16
224 16256 -432
528 16272 -256
768 16240 -496
496 16224 -288
320 16192 -272
288 16160 224
288 16192 464
336 16256 384
560 16224 192
400 16224 64
400 16256 272
368 16272 224
320 16240 272
320 16224 224
592 16224 32
640 16176 -448
480 16176 -384
304 16208 -288
288 16176 -176
416 16224 32
400 16176 288
384 16160 416
480 16192 336
496 16192 272
528 16160 48
512 16176 48
352 16224 240
400 16208 224
368 16240 64
432 16208 80
624 16256 -112
416 16208 16
368 16336 288
496 16304 208
336 16224 112
224 16272 160
256 16272 240
352 16208 240
432 16208 448
368 16240 112
512 16288 16
544 16208 176
576 16288 64
528 16256 -16
496 16224 32
512 16240 48
448 16240 96
512 16192 -112
464 16240 352
496 16368 0
400 16288 304
480 16256 320
432 16176 256
448 16176 80
512 16192 128
528 16192 160
400 16192 112
336 16192 -272
416 16208 -224
448 16176 -16
480 16224 -256
496 16256 -160
464 16240 -96
400 16288 -64
576 16208 -64
496 16336 128
496 16272 256
544 16192 336
464 16192 176
512 16176 144
512 16304 0
464 16160 -16
688 16160 -160
608 16176 -48
576 16176 0
512 16208 -16
432 16240 96
480 16208 32
400 16208 32
448 16192 -128
496 16112 128
512 16112 256
432 16192 192
464 16160 96
240 16112 -208
384 16112 -112
464 16224 -208
384 16192 176
336 16224 96
592 16240 -80
400 16272 -80
448 16320 16
640 16192 -16
496 16272 -32
480 16208 -96
432 16224 -32
432 16224 96
496 16192 144
464 16160 304
464 16240 240
416 16256 -144
400 16272 -144
432 16256 -128
416 16240 -48
336 16272 112
448 16320 96
448 16288 176
560 16272 160
496 16224 432
336 16208 512
544 16192 320
528 16224 240
512 16160 224
448 16160 -80
432 16208 0
400 16208 192
432 16176 128
464 16272 80
464 16208 128
512 16240 96
512 16304 240
336 16336 112
336 16352 112
480 16272 64
448 16224 64
544 16208 288
400 16224 416
448 16208 688
368 16256 448
368 16208 16
464 16240 -176
448 16192 32
416 16176 16
608 16192 48
560 16208 96
464 16160 128
448 16240 -80
416 16240 -256
416 16192 -32
464 16192 48
560 16224 64
528 16272 -32
576 16256 -80
528 16144 -32
528 16256 256
496 16224 192
416 16272 176
400 16208 176
448 16256 320
464 16240 160
448 16176 192
528 16128 240
464 16176 240
432 16224 240
432 16320 16
432 16224 -32
480 16176 144
480 16192 144
448 16176 -32
368 16144 16
512 16192 -16
416 16224 112
480 16176 128
496 16176 352
432 16240 272
544 16176 80
464 16208 32
528 16192 224
416 16176 224
448 16256 256
416 16272 128
336 16272 64
400 16176 144
400 16192 144
416 16192 16
384 16192 48
480 16160 304
448 16208 144
560 16256 48
432 16192 160
448 16208 192
464 16240 112
512 16160 160
464 16192 -176
560 16096 -16
480 16160 -16
432 16320 -80
480 16144 -64
368 16192 -208
496 16176 48
528 16144 112
432 16192 112
368 16256 160
576 16176 128
560 16176 -112
496 16224 -16
480 16240 16
400 16240 64
432 16288 80
368 16208 -64
400 16224 32
336 16192 -80
416 16160 224
480 16160 128
480 16144 128
416 16208 112
352 16240 64
368 16208 80
528 16192 160
464 16224 128
480 16272 112
288 16240 112
400 16304 32
432 16288 48
432 16256 -16
656 16192 160
560 16192 112
400 16144 64
400 16208 96
432 16208 48
448 16176 16
432 16192 16
448 16192 96
432 16224 96
416 16240 144
448 16192 16
432 16160 96
