startup(x,y,z):(336,16192,64)
6992 14416 -8752
-4400 15632 4880
-16 16096 3600
2464 15808 704
5504 15760 192
3472 16096 3920
432 16096 8048
4576 17024 1552
4848 16592 928
3296 15888 -1632
-400 16144 -2128
-576 16064 -3360
272 16016 -3648
-2928 16288 -2576
-1328 16224 -2592
16 16176 -1872
-368 16448 -2496
272 16272 -1936
1072 16288 -1040
1056 16288 -1040
1056 16208 704
1616 16240 2064
976 16208 2544
352 16128 2688
-240 16160 2560
80 16112 2384
112 16240 1488
256 16240 1120
480 16304 976
912 16336 64
672 16304 -464
608 16240 -832
464 16288 -752
528 16256 -720
304 16288 -720
208 16224 -640
496 16272 -176
528 16272 -736
640 16192 -640
592 16144 -160
608 16240 -320
416 16240 -144
448 16304 304
416 16176 912
224 16240 672
352 16256 528
96 16240 800
320 16240 528
448 16208 624
400 16224 480
624 16176 192
480 16240 80
368 16208 -368
336 16256 -288
448 16272 -512
368 16272 -304
416 16240 0
496 16352 80
608 16288 48
528 16224 288
480 16240 256
544 16176 208
496 16192 16
384 16160 144
384 16160 64
288 16304 0
288 16304 80
384 16272 176
400 16240 -144
432 16256 -16
432 16144 -16
576 16144 272
448 16240 464
416 16256 432
352 16272 448
336 16224 448
416 16224 416
416 16208 -32
416 16160 352
512 16208 -48
464 16208 -48
528 16240 64
512 16192 64
416 16160 -128
352 16224 128
432 16256 96
432 16208 16
448 16256 -192
496 16304 -240
400 16288 64
432 16240 64
416 16240 64
448 16192 64
544 16224 224
592 16256 224
624 16224 144
528 16224 224
528 16288 144
576 16208 -32
480 16256 -208
416 16256 -128
448 16240 -80
432 16208 -32
464 16208 -80
480 16256 -48
528 16176 -64
384 16160 96
528 16224 96
480 16176 112
544 16224 80
448 16240 160
464 16192 112
512 16224 96
448 16272 80
448 16272 -112
464 16224 -128
464 16224 80
304 16224 -176
496 16128 96
416 16160 0
400 16144 0
480 16192 0
528 16224 32
432 16240 16
464 16208 -128
432 16208 128
496 16192 80
448 16160 176
336 16176 112
416 16192 -144
416 16160 336
368 16192 128
496 16240 32
544 16240 144
496 16240 112
416 16224 240
272 16096 48
448 16176 80
368 16240 128
400 16208 128
432 16240 160
416 16288 208
480 16272 -48
464 16192 160
432 16144 128
448 16208 128
512 16256 96
432 16208 96
544 16272 -80
528 16240 -192
448 16320 -80
336 16304 16
352 16272 80
304 16400 176
416 16304 160
240 16288 272
352 16304 352
400 16224 288
496 16128 336
496 16192 224
512 16160 144
464 16208 288
400 16240 -176
400 16288 -64
448 16192 -160
448 16192 -48
432 16192 32
512 16224 -112
512 16256 112
544 16272 96
544 16224 192
448 16240 96
448 16240 48
464 16256 256
432 16128 80
496 16128 160
464 16224 208
368 16224 -16
336 16256 128
336 16256 176
416 16224 112
320 16240 48
512 16176 192
448 16224 192
384 16208 352
400 16208 400
432 16208 208
368 16256 64
496 16240 80
480 16208 208
448 16256 320
544 16288 -32
512 16240 80
496 16160 80
320 16144 16
416 16160 112
256 16208 32
320 16208 160
352 16224 192
384 16176 176
320 16160 96
384 16160 -160
384 16128 -336
288 16272 -80
416 16176 16
336 16208 208
384 16240 208
320 16176 128
400 16192 192
384 16192 464
384 16224 320
416 16208 368
352 16240 208
416 16224 144
352 16256 144
512 16208 -192
576 16224 -64
496 16304 -192
480 16304 -16
416 16176 96
400 16240 48
400 16208 112
368 16176 -32
352 16224 352
256 16240 32
400 16176 -224
400 16224 -80
320 16240 144
368 16256 96
480 16272 -288
528 16192 -224
624 16160 -256
496 16176 -48
512 16192 144
464 16256 160
528 16256 272
480 16192 192
336 16224 224
528 16272 48
448 16208 96
416 16192 80
400 16256 208
464 16224 176
400 16208 64
448 16176 112
480 16192 192
352 16160 128
336 16208 -32
464 16176 48
352 16176 176
416 16160 32
400 16208 32
352 16224 -144
368 16160 48
400 16160 112
480 16224 144
