startup(x,y,z):(432,16176,112)
4048 17232 -18928
-14176 17632 18752
-912 16032 7152
-912 16800 976
3200 16304 3216
6576 16416 480
5440 15680 1040
208 14784 9040
5728 15824 2544
2032 15936 2528
3840 15904 -1168
-1136 15168 -912
-896 15952 -3072
-3472 15920 -3696
-3152 16096 -1040
-672 16144 -3296
-384 16208 -2448
-432 16320 -1808
-192 16400 -2224
560 16304 -2224
1088 16144 -2768
1296 16112 -864
1712 16304 2192
1312 16080 2944
752 16144 2512
-32 16032 2736
-320 16080 2176
0 16080 2000
256 16096 1872
288 16128 1568
672 16160 -16
400 16288 -304
272 16192 -432
608 16176 -800
416 16176 -800
432 16096 -704
128 16176 -496
480 16320 -752
592 16336 -736
752 16224 -1248
832 16176 -944
704 16128 -624
592 16176 112
400 16272 640
336 16272 656
352 16272 704
304 16192 848
304 16160 832
672 16160 928
592 16176 784
912 16208 480
656 16224 -112
576 16240 -336
416 16240 -384
352 16176 -384
368 16192 -368
240 16144 -16
272 16240 0
320 16208 256
384 16224 240
720 16208 208
672 16064 240
688 16144 320
544 16272 96
464 16320 -64
352 16240 -16
336 16208 -112
208 16224 -192
496 16224 -480
416 16208 -128
336 16240 -128
432 16224 -256
304 16304 64
352 16304 144
384 16320 320
400 16240 544
512 16208 320
432 16256 352
480 16304 288
512 16192 192
560 16224 144
560 16192 112
464 16192 480
528 16176 96
320 16192 96
336 16240 96
384 16288 0
528 16384 -128
432 16384 -208
464 16192 112
368 16208 -48
352 16224 240
384 16224 160
352 16192 272
304 16192 400
416 16160 416
592 16176 208
400 16240 336
416 16224 320
400 16240 208
448 16224 48
480 16192 -64
384 16208 -112
416 16224 -160
464 16240 -16
512 16272 -16
560 16240 -224
640 16176 -112
448 16208 -64
416 16192 352
448 16176 256
480 16192 288
480 16224 80
512 16176 80
624 16192 272
528 16144 352
432 16192 112
448 16176 0
384 16160 240
384 16192 480
384 16192 144
400 16160 144
352 16144 0
352 16144 320
464 16256 80
336 16256 -96
368 16272 -64
432 16224 0
576 16240 128
528 16176 -64
528 16192 48
544 16224 0
480 16240 0
368 16240 144
544 16144 352
368 16128 128
496 16128 -48
512 16144 64
448 16176 -32
480 16208 -64
528 16256 160
384 16272 -96
304 16288 -128
368 16240 -48
448 16192 -80
448 16224 208
368 16224 416
320 16256 272
336 16208 288
432 16192 256
352 16128 224
336 16128 176
368 16160 224
432 16176 48
512 16192 128
464 16224 128
496 16192 0
400 16224 0
672 16160 160
368 16144 128
432 16208 160
448 16240 208
464 16240 256
432 16240 176
448 16208 160
336 16288 240
400 16256 448
432 16256 352
368 16176 304
400 16208 208
368 16208 272
320 16176 272
384 16240 144
464 16256 224
528 16208 64
496 16224 112
528 16304 144
432 16304 -128
368 16320 80
208 16224 96
384 16240 112
464 16272 -32
400 16288 -64
400 16240 64
368 16224 32
400 16304 48
432 16256 176
432 16304 -160
448 16352 -288
480 16288 -128
448 16256 48
432 16272 64
480 16240 64
448 16160 80
400 16208 96
512 16208 64
432 16272 32
432 16208 240
464 16176 -16
400 16128 -64
560 16176 -32
592 16176 32
528 16176 96
528 16160 144
432 16192 80
416 16096 32
480 16064 176
464 16112 320
240 16176 96
336 16224 -96
352 16208 96
464 16256 96
416 16224 128
368 16240 -128
512 16224 320
496 16192 224
512 16192 416
368 16240 144
512 16208 144
416 16176 208
464 16208 304
416 16240 160
560 16272 144
592 16224 16
576 16224 -48
512 16192 80
448 16208 -128
400 16256 -96
384 16240 80
400 16256 160
416 16272 320
464 16288 320
608 16256 192
704 16256 96
384 16320 160
480 16160 16
608 16112 -80
496 16192 -16
448 16176 0
464 16176 -16
576 16208 -112
592 16176 -16
464 16240 -16
368 16208 -96
304 16240 -32
352 16240 224
384 16288 240
304 16288 64
352 16272 304
432 16208 32
560 16256 48
448 16160 80
464 16176 80
448 16176 16
464 16256 -80
480 16240 -48
