startup(x,y,z):(384,16256,96)
4096 15520 -1568
672 15984 496
704 16144 -848
1904 17824 -5600
4736 15984 -5600
1792 16096 1056
-4096 16144 3376
-720 16192 1648
-48 16336 2224
-1616 16064 3264
-1312 16224 2432
704 16000 2096
1136 16160 608
1888 16160 1296
1632 15776 2240
3072 16048 144
1616 16560 -272
496 16048 -1360
1616 16224 -3200
592 16112 -3312
-640 16368 -2224
-160 16336 -1392
-32 16416 -1552
112 16176 -1552
96 16112 -704
320 16240 -688
624 16160 -480
896 16256 1104
880 16240 1744
880 16160 1904
336 16096 2112
208 16112 1776
128 16256 1216
272 16272 720
576 16336 464
320 16256 320
544 16288 -208
496 16240 -480
336 16192 -944
416 16096 -928
320 16144 -736
448 16288 -736
400 16192 -128
624 16224 -16
528 16272 -32
448 16208 336
400 16272 416
608 16208 288
576 16256 384
432 16176 720
368 16272 752
368 16240 640
272 16240 640
192 16272 304
400 16208 176
576 16240 96
704 16224 -96
528 16144 -128
432 16224 -480
400 16208 -432
368 16192 -208
240 16192 400
368 16208 272
464 16256 256
640 16240 288
464 16304 96
624 16304 176
496 16240 48
432 16240 48
416 16176 -112
496 16176 32
400 16208 -144
560 16192 -176
592 16240 -240
464 16224 -64
496 16208 32
384 16208 208
336 16160 336
544 16208 368
512 16224 416
448 16192 368
272 16176 384
352 16128 368
352 16096 384
448 16160 176
400 16176 224
464 16272 96
432 16304 -16
416 16288 -16
448 16192 48
496 16192 128
496 16256 32
432 16160 -64
464 16176 -160
400 16192 48
640 16224 96
704 16224 112
544 16160 304
528 16160 240
544 16288 208
480 16272 224
320 16256 176
496 16224 48
416 16272 16
448 16256 -16
432 16240 96
448 16272 192
512 16256 128
432 16192 64
544 16192 112
496 16240 112
416 16256 192
416 16176 208
352 16192 160
352 16192 160
448 16192 32
512 16192 112
528 16176 160
320 16176 96
384 16192 -80
336 16144 128
336 16224 208
368 16240 64
432 16208 48
432 16208 -192
400 16224 -112
400 16240 -128
480 16224 -160
384 16272 -48
384 16288 -96
368 16208 -80
496 16208 16
480 16224 272
432 16224 160
448 16192 128
352 16208 64
480 16240 48
544 16192 0
496 16208 16
448 16192 80
416 16224 112
448 16256 48
464 16208 192
624 16208 160
704 16192 160
608 16208 224
544 16208 160
400 16256 176
400 16192 224
464 16128 192
272 16176 128
416 16208 272
416 16288 208
432 16208 32
416 16240 96
448 16176 160
432 16160 160
400 16160 128
416 16208 272
368 16176 240
368 16160 112
480 16224 160
336 16192 128
528 16160 -32
528 16224 -64
448 16160 -48
496 16144 -80
480 16160 -32
400 16240 112
432 16208 256
416 16192 320
512 16192 400
416 16240 496
448 16224 240
432 16192 352
320 16080 48
400 16160 -256
320 16192 -208
432 16208 -48
352 16192 96
368 16192 112
480 16192 96
576 16208 272
480 16288 160
512 16272 48
448 16224 16
464 16256 -16
384 16256 -144
432 16192 -64
320 16176 160
400 16208 160
192 16224 160
448 16336 0
416 16320 192
400 16240 288
432 16240 160
384 16240 -64
304 16224 32
336 16240 96
352 16160 224
304 16240 384
320 16192 288
416 16176 176
336 16192 240
416 16224 144
464 16160 64
368 16128 -16
352 16256 32
496 16144 -128
656 16112 -144
560 16176 -48
464 16192 -16
416 16192 128
368 16224 96
496 16160 80
480 16208 96
400 16272 48
416 16272 16
432 16256 112
432 16224 48
432 16208 256
496 16240 -96
480 16208 48
544 16224 368
464 16192 128
432 16192 128
496 16176 64
528 16288 0
464 16240 272
560 16208 32
416 16224 176
464 16192 112
448 16160 -32
480 16192 48
416 16192 0
480 16176 16
512 16144 32
336 16144 -96
272 16176 -16
320 16192 -48
352 16192 16
368 16192 64
400 16208 80
496 16256 -16
336 16288 16
320 16272 -176
384 16224 176
448 16240 112
448 16224 -160
576 16176 -80
640 16160 112
544 16128 128
464 16208 -32
480 16176 176
240 16208 160
368 16272 176
