startup(x,y,z):(432,16240,96)
2768 17136 -2688
1120 16416 -464
3856 17040 -2304
6160 16320 -10864
1536 17904 -4000
-2672 16016 5168
-2624 15952 2512
256 15936 496
4128 16304 112
4176 16144 544
4176 16080 1408
2608 16080 960
1664 16080 1168
1520 16032 1040
32 16160 288
-624 16352 -2592
720 16288 -3152
464 16384 -3216
464 16272 -3568
560 16384 -3248
528 16384 -2160
400 16320 -1232
464 16320 -464
768 16128 -32
592 16272 384
192 16192 960
16 16272 1488
96 16176 1952
96 16160 2528
368 16160 2352
752 16144 2352
624 16080 2352
672 16080 1504
336 16112 1152
352 16096 896
448 16176 384
480 16144 64
336 16128 -416
336 16128 -336
320 16128 -512
208 16160 -896
192 16160 -864
400 16128 -800
448 16240 -784
512 16192 -576
592 16176 -240
384 16192 -192
384 16160 64
480 16160 480
448 16256 608
464 16256 784
336 16288 784
272 16224 704
304 16208 352
336 16208 160
480 16144 16
608 16208 -32
528 16208 32
528 16208 -48
464 16192 -48
528 16208 80
544 16240 144
384 16192 272
288 16224 240
400 16208 256
464 16272 -64
-336 16176 864
-336 15792 848
-192 16128 16
1232 16208 32
1232 16208 -192
1104 16192 -464
1136 16160 -464
1056 16224 -944
576 16208 -672
256 16176 -560
128 16256 -32
112 16304 112
320 16272 -432
512 16240 -432
512 16272 -352
496 16272 -352
416 16288 -256
480 16272 96
624 16240 192
544 16288 192
512 16240 528
544 16208 608
512 16144 736
576 16224 1248
416 16240 1040
448 16208 624
288 16224 400
288 16192 224
304 16272 112
304 16160 48
400 16160 -256
480 16208 -272
400 16208 -208
512 16224 -160
512 16224 160
560 16208 160
640 16224 -144
320 16224 64
304 16272 0
288 16240 -96
560 16176 -144
480 16240 16
400 16256 -64
528 16224 96
416 16192 -160
464 16176 144
464 16176 432
352 16128 432
272 16192 192
400 16160 112
384 16192 48
352 16112 128
448 16192 272
448 16224 96
368 16256 -128
384 16208 -112
384 16208 0
416 16240 -224
352 16224 -96
288 16192 224
288 16192 112
368 16192 128
432 16192 128
480 16176 128
544 16224 -96
656 16176 -144
656 16224 0
576 16208 -48
544 16208 240
544 16208 608
512 16208 608
416 16176 304
544 16160 320
672 16160 208
544 16112 0
496 16176 64
528 16272 -48
432 16304 144
432 16272 288
464 16272 144
464 16208 144
528 16176 -160
496 16192 -48
464 16160 -144
352 16240 -112
304 16240 0
320 16224 -176
416 16240 144
384 16272 144
384 16272 144
352 16224 48
320 16224 48
368 16224 0
656 16176 16
608 16224 16
560 16160 0
528 16176 -16
528 16176 224
480 16224 304
480 16256 304
480 16176 16
560 16096 0
496 16096 112
544 16112 224
480 16224 128
480 16224 272
544 16208 384
640 16240 288
640 16240 112
512 16208 208
496 16208 208
464 16192 240
352 16176 208
400 16192 208
528 16128 224
528 16160 208
464 16160 320
384 16160 208
400 16336 80
496 16336 80
656 16240 64
576 16208 224
688 16256 -64
496 16176 128
512 16240 208
512 16192 128
384 16192 128
464 16144 -112
560 16224 144
496 16240 144
496 16144 112
528 16192 80
496 16144 272
464 16224 208
464 16224 240
336 16256 240
496 16288 128
464 16224 272
656 16224 224
608 16224 176
608 16240 384
512 16240 288
352 16224 288
336 16224 288
352 16160 192
320 16128 0
400 16144 16
640 16208 -48
528 16256 -16
528 16224 -16
384 16224 -16
416 16224 -256
320 16160 16
352 16192 16
400 16144 128
400 16176 176
416 16240 256
512 16256 208
512 16352 176
384 16352 176
512 16256 208
416 16304 272
432 16192 240
560 16288 80
384 16288 176
496 16272 -64
368 16352 48
448 16256 64
448 16256 320
320 16272 272
272 16208 80
320 16208 -32
272 16272 112
528 16224 288
560 16192 144
560 16208 96
464 16208 256
432 16192 176
480 16192 80
480 16192 80
368 16192 144
384 16240 192
544 16224 160
560 16304 160
560 16304 304
544 16304 240
592 16256 240
528 16176 96
544 16144 -160
416 16128 128
512 16192 96
544 16192 -16
544 16208 -48
592 16208 -48
544 16256 16
576 16288 -64
448 16192 128
416 16272 16
464 16224 144
432 16240 0
512 16176 -32
512 16192 0
368 16192 0
432 16224 240
320 16192 96
416 16192 0
464 16160 192
256 16144 384
320 16192 160
368 16192 96
368 16240 -208
400 16240 -48
368 16144 -48
432 16128 32
320 16176 16
384 16112 96
432 16144 -80
480 16192 112
448 16176 144
448 16160 -80
480 16272 -16
384 16272 128
416 16208 128
416 16096 240
320 16144 288
416 16144 288
384 16224 144
448 16144 64
368 16240 240
464 16240 160
656 16256 64
512 16256 64
512 16240 64
448 16288 16
448 16288 -176
496 16272 -176
720 16192 -128
496 16192 -144
432 16176 -16
416 16160 416
352 16288 304
320 16240 272
320 16224 192
352 16224 304
544 16224 304
368 16176 256
272 16208 160
272 16240 48
400 16224 96
560 16256 368
544 16240 16
544 16224 -48
560 16224 80
464 16240 -176
416 16208 -80
336 16208 -80
416 16208 -128
272 16224 32
448 16272 240
368 16144 256
416 16240 192
416 16336 160
368 16304 80
336 16304 80
336 16288 80
368 16224 48
384 16208 48
448 16240 96
480 16256 288
608 16256 128
448 16208 -48
352 16192 80
352 16192 96
400 16192 128
304 16192 320
384 16176 320
448 16224 160
352 16272 64
592 16288 -32
416 16224 64
432 16224 -32
544 16256 144
384 16240 32
368 16288 112
240 16256 528
320 16192 528
416 16208 320
400 16208 288
416 16240 80
352 16160 48
400 16208 304
400 16208 160
416 16160 16
432 16160 -96
400 16304 -96
512 16272 -32
560 16240 -112
608 16192 -192
496 16240 128
432 16176 160
464 16256 80
368 16256 192
368 16192 64
400 16192 -64
304 16208 -64
256 16208 128
384 16144 368
448 16256 192
208 16208 192
432 16208 -16
352 16272 336
304 16240 256
432 16272 272
464 16272 336
432 16272 112
432 16240 160
432 16192 -192
240 16192 -192
544 16160 -208
496 16272 -64
400 16320 -192
304 16256 176
288 16304 256
464 16288 112
464 16272 192
496 16272 64
400 16288 64
448 16256 64
336 16288 272
384 16224 112
400 16240 -64
400 16240 96
320 16208 160
432 16240 32
432 16256 176
432 16256 192
240 16208 192
288 16208 96
368 16224 -48
528 16224 256
544 16272 64
544 16224 0
400 16224 32
480 16208 64
432 16272 64
448 16288 208
464 16272 240
432 16256 192
512 16208 48
416 16256 -144
496 16176 -64
496 16176 -144
416 16240 -144
496 16304 -224
432 16304 -64
544 16192 -208
512 16240 48
512 16240 224
464 16240 224
304 16128 144
528 16272 0
528 16208 -160
544 16208 -448
512 16224 -160
512 16224 32
464 16176 -208
528 16176 -208
624 16208 -96
576 16208 -32
656 16176 -96
448 16192 -64
512 16176 272
416 16304 160
400 16224 96
400 16160 240
432 16160 496
352 16144 272
336 16144 272
448 16048 176
448 16112 -32
416 16096 368
288 16176 -16
272 16176 112
272 16176 96
384 16192 96
352 16256 112
560 16240 -32
496 16224 -32
400 16304 32
432 16240 176
432 16224 272
480 16224 -240
528 16176 -96
432 16224 112
448 16128 128
416 16160 192
352 16192 304
352 16224 272
400 16224 240
560 16224 336
480 16256 -16
464 16256 -32
368 16208 -32
320 16208 48
432 16208 96
432 16192 -16
448 16208 -128
352 16304 0
352 16304 0
512 16192 0
544 16240 -96
496 16208 -64
544 16160 0
480 16128 80
336 16288 80
272 16192 -48
368 16256 144
384 16256 208
384 16288 160
240 16208 160
384 16208 272
368 16176 272
448 16144 32
432 16128 48
544 16176 144
432 16160 80
432 16160 112
320 16240 272
352 16224 288
352 16224 336
128 16176 336
320 16128 336
416 16144 272
352 16272 288
416 16256 208
448 16256 208
400 16160 0
352 16160 32
144 16176 64
144 16240 96
416 16240 112
416 16240 -304
496 16240 -304
624 16192 -112
480 16208 80
432 16224 32
384 16272 16
384 16272 -16
304 16288 160
304 16304 176
320 16272 16
384 16272 -64
352 16288 -64
336 16272 32
384 16224 144
224 16256 224
224 16144 384
304 16160 240
400 16208 -112
336 16256 -16
336 16240 -48
496 16240 -48
512 16288 -80
368 16256 -16
400 16144 64
432 16176 208
320 16176 160
304 16208 112
304 16208 -16
288 16224 96
368 16192 0
368 16256 256
384 16256 128
464 16256 128
448 16208 240
544 16336 0
736 16288 -16
672 16208 -208
416 16144 272
208 16272 112
464 16224 160
464 16208 -176
736 16208 576
-176 16464 -1728
704 16336 -1664
240 16256 -496
-464 16288 576
-208 16224 1040
128 16112 576
608 16032 768
560 16048 896
560 16032 832
432 16032 128
560 16208 128
976 16128 -384
416 16144 512
-176 16304 1056
720 16336 448
1552 16352 -160
1552 16240 -272
560 16240 -400
-304 16400 -656
384 16368 -656
640 16176 -352
432 16400 -496
544 16240 -512
704 16144 160
448 16208 -16
448 16192 -96
560 16192 96
576 16160 96
48 16208 416
144 16240 880
432 16192 1072
560 16176 912
512 16224 224
656 16288 -160
656 16288 -304
512 16160 -48
464 16176 -144
336 16224 -128
416 16208 -192
448 16256 -320
256 16224 -272
224 16240 -128
480 16256 -448
512 16160 -416
480 16176 -384
448 16192 -160
432 16144 176
432 16064 448
448 16064 720
400 16128 720
608 16176 576
688 16224 480
544 16224 336
384 16176 96
352 16224 -16
288 16192 -80
432 16240 48
416 16272 -144
416 16272 -112
368 16224 -112
304 16208 -80
288 16192 16
384 16224 0
576 16224 16
464 16224 176
496 16160 336
544 16192 416
480 16240 288
608 16288 256
560 16272 304
480 16224 192
416 16176 -64
416 16192 0
336 16192 -96
336 16192 32
368 16192 -192
528 16176 -192
272 16240 -96
384 16256 -304
304 16272 -208
480 16304 -224
416 16336 -336
384 16368 -176
432 16304 -128
432 16256 -176
432 16256 -64
368 16272 112
496 16208 176
496 16240 176
336 16240 176
464 16192 176
528 16240 176
576 16160 144
544 16176 304
480 16256 208
576 16224 -128
592 16176 -160
528 16224 -144
528 16224 176
464 16224 160
384 16176 160
384 16224 144
336 16320 336
400 16192 192
400 16192 32
448 16208 -48
496 16240 32
608 16240 64
320 16304 64
288 16192 144
416 16208 272
464 16208 16
464 16288 -144
400 16288 -144
416 16240 -112
288 16208 -80
496 16256 -176
368 16224 112
368 16272 -16
320 16272 240
304 16272 64
416 16256 32
448 16256 32
464 16192 96
400 16272 128
448 16224 -112
496 16224 64
496 16224 368
512 16160 336
352 16176 336
432 16240 336
512 16176 176
512 16080 176
560 16128 352
400 16000 192
528 16160 144
528 16160 160
384 16176 160
480 16240 48
496 16224 176
464 16192 -128
560 16272 -192
432 16240 16
432 16240 80
480 16128 -16
512 16144 144
464 16160 80
304 16208 -32
304 16256 0
352 16240 160
352 16240 -80
352 16224 -80
608 16224 0
496 16208 96
496 16272 128
432 16272 128
576 16240 128
432 16272 128
496 16256 112
336 16208 160
464 16160 176
496 16144 224
448 16192 224
288 16192 240
416 16112 192
464 16144 224
448 16128 32
400 16208 192
480 16272 -16
480 16176 112
464 16240 96
432 16240 288
352 16224 288
416 16256 64
480 16256 -32
320 16272 -32
336 16224 -96
432 16208 48
416 16224 64
416 16176 304
464 16192 112
400 16224 96
400 16224 192
448 16176 112
544 16256 32
480 16240 -48
480 16272 32
480 16256 128
320 16256 128
464 16176 -48
544 16192 32
464 16176 -32
544 16192 -16
512 16192 80
528 16368 -48
528 16128 48
400 16144 -64
496 16144 48
496 16112 80
688 16112 144
400 16208 144
432 16224 224
384 16160 80
544 16224 48
464 16224 -48
496 16176 -144
480 16224 112
464 16272 304
528 16224 96
528 16224 256
480 16240 256
416 16224 464
416 16240 256
528 16224 96
400 16224 48
400 16224 224
400 16256 368
464 16224 144
480 16192 192
464 16224 240
464 16160 176
320 16208 384
448 16192 192
448 16192 32
400 16208 16
416 16224 144
528 16160 32
480 16208 -80
368 16272 64
368 16288 320
416 16256 64
480 16256 -96
384 16304 16
464 16240 16
512 16224 176
512 16160 192
432 16176 192
432 16240 64
416 16240 -176
432 16272 144
352 16192 144
304 16192 -80
320 16160 160
288 16144 0
544 16192 256
448 16176 208
336 16208 256
304 16256 96
304 16240 32
464 16240 144
480 16240 288
384 16160 288
432 16208 144
416 16176 128
448 16176 208
288 16224 256
320 16224 208
384 16208 112
480 16224 -48
368 16304 16
368 16320 224
400 16320 224
368 16320 0
448 16256 96
480 16208 112
336 16176 0
384 16176 -16
528 16192 -160
496 16224 -32
432 16288 256
368 16176 352
432 16256 0
432 16256 -176
240 16304 -176
336 16288 -128
352 16288 -80
576 16272 -192
512 16208 -48
448 16208 464
496 16112 384
512 16176 496
624 16192 352
560 16208 80
448 16288 176
448 16224 288
496 16224 192
512 16320 80
496 16288 80
624 16256 112
496 16240 192
432 16240 48
464 16288 48
448 16224 160
464 16240 272
640 16256 208
560 16320 128
512 16224 128
512 16176 240
560 16208 16
432 16192 208
416 16128 -16
432 16208 128
368 16208 32
272 16176 64
272 16208 96
272 16224 32
336 16160 -80
384 16224 192
464 16224 128
368 16144 64
528 16240 224
576 16240 80
464 16240 80
416 16240 160
480 16272 80
384 16176 96
416 16224 48
400 16192 -48
384 16208 16
224 16272 96
224 16304 112
352 16240 96
448 16240 96
336 16272 96
496 16240 192
432 16208 144
400 16208 352
480 16256 128
320 16224 256
336 16192 176
416 16208 32
368 16192 -160
512 16192 144
544 16176 0
496 16144 224
496 16176 32
480 16288 -48
592 16208 -48
496 16224 -112
416 16304 16
560 16288 -32
560 16192 32
512 16192 32
384 16240 96
240 16256 368
320 16272 64
336 16256 384
384 16208 384
320 16304 400
432 16256 432
416 16192 480
560 16176 288
432 16208 224
576 16160 64
480 16160 80
496 16224 224
576 16224 208
608 16208 -176
432 16272 -224
384 16240 -48
384 16240 -96
400 16272 128
352 16288 112
448 16256 -80
448 16240 32
512 16224 0
512 16224 0
384 16112 48
448 16176 80
432 16224 -48
432 16160 48
320 16144 96
320 16208 80
336 16256 112
368 16272 96
368 16256 -96
432 16256 -112
480 16256 176
560 16256 176
400 16224 128
320 16240 48
448 16192 96
464 16176 112
384 16208 80
400 16192 128
432 16240 -48
352 16240 -144
432 16272 -176
416 16272 -96
416 16256 -16
496 16256 144
656 16320 144
464 16256 160
528 16224 256
560 16240 176
528 16208 432
512 16256 336
512 16224 416
304 16272 192
432 16192 160
432 16192 272
224 16288 224
432 16256 96
416 16256 32
304 16176 32
352 16224 -80
464 16128 16
496 16240 192
400 16176 -16
432 16192 64
224 16192 64
256 16256 64
448 16288 144
448 16256 -32
320 16256 112
272 16160 144
256 16192 0
400 16208 16
400 16272 16
416 16256 48
464 16320 0
368 16256 128
368 16256 128
384 16272 272
544 16224 -16
464 16192 -16
368 16192 80
384 16144 48
496 16224 -32
496 16224 -80
512 16240 -80
272 16288 64
416 16272 -112
224 16240 -16
272 16240 144
272 16176 160
352 16176 144
464 16160 144
416 16176 -48
352 16176 -32
432 16128 -32
416 16144 176
384 16224 48
544 16208 320
432 16192 208
448 16192 160
448 16224 304
432 16224 304
432 16208 160
288 16208 160
256 16160 256
288 16272 256
352 16256 0
352 16272 32
352 16272 144
368 16272 336
320 16256 176
560 16208 176
416 16272 160
368 16304 144
512 16208 208
480 16240 272
432 16176 128
512 16176 64
448 16256 48
448 16256 192
576 16208 192
528 16240 80
544 16208 208
464 16208 16
496 16224 0
384 16224 -48
272 16240 208
352 16192 208
352 16304 256
384 16240 144
272 16272 240
384 16304 -112
384 16272 64
464 16080 -48
464 16080 64
608 16096 64
464 16192 144
464 16208 -16
560 16208 -32
464 16288 -144
496 16288 -144
432 16224 336
384 16224 176
448 16208 64
400 16224 48
400 16176 -16
448 16176 0
464 16208 192
576 16208 128
496 16224 128
448 16208 -32
528 16240 -64
464 16192 64
464 16192 80
480 16096 304
416 16176 400
416 16256 -48
432 16256 -192
400 16224 -192
512 16304 -32
448 16224 0
336 16224 16
304 16208 16
320 16288 128
320 16304 128
384 16272 16
480 16208 -32
400 16224 304
400 16208 368
528 16240 240
608 16224 176
496 16160 144
448 16096 64
448 16160 48
384 16160 48
368 16320 224
592 16256 80
624 16224 176
544 16240 192
688 16272 224
496 16192 -64
416 16160 64
352 16256 400
384 16256 224
384 16256 208
512 16256 208
256 16240 112
448 16240 496
512 16256 288
448 16208 80
464 16192 48
432 16224 48
416 16176 224
528 16144 240
528 16192 272
624 16144 256
480 16144 256
512 16144 176
448 16208 16
496 16160 128
576 16112 48
528 16144 64
448 16256 96
448 16224 -96
336 16208 32
336 16208 -48
432 16112 -48
320 16224 80
432 16208 -16
384 16240 144
448 16208 -32
448 16224 32
496 16240 0
480 16256 -16
528 16224 48
480 16240 -64
480 16240 -16
576 16224 -16
496 16272 112
528 16352 -80
464 16352 -144
512 16272 96
384 16192 176
416 16256 176
304 16224 96
368 16256 224
368 16240 0
448 16240 288
448 16192 288
576 16208 384
544 16160 288
416 16240 160
528 16240 128
416 16256 0
416 16176 48
336 16224 64
336 16224 288
432 16272 272
480 16272 176
432 16304 144
432 16304 208
432 16304 208
320 16256 48
336 16208 16
400 16144 -64
384 16240 144
400 16272 96
512 16272 224
432 16256 224
512 16192 208
400 16208 144
432 16256 112
368 16224 512
432 16224 256
464 16208 256
496 16160 192
480 16192 288
640 16208 128
416 16192 112
384 16208 336
384 16144 192
464 16144 192
368 16176 48
576 16208 96
448 16176 64
416 16208 80
352 16304 -192
352 16240 -176
368 16256 -208
416 16208 -128
512 16128 -48
544 16224 96
544 16208 32
320 16208 -16
448 16192 -16
464 16176 -96
480 16080 -16
464 16096 224
480 16192 336
464 16224 240
256 16240 80
464 16240 -32
384 16208 176
384 16240 304
432 16256 -96
624 16256 160
528 16176 160
432 16256 -80
368 16208 48
304 16208 16
288 16160 16
432 16192 240
464 16240 320
480 16208 224
448 16192 336
496 16192 272
480 16240 176
480 16208 112
672 16176 -160
544 16208 80
432 16176 192
416 16176 176
416 16240 0
336 16240 0
480 16224 96
368 16192 256
304 16240 160
448 16240 240
448 16272 -96
448 16240 -16
320 16240 32
384 16112 32
384 16176 128
288 16176 96
208 16192 96
256 16208 -48
528 16160 -32
384 16208 192
528 16192 16
528 16192 16
576 16192 16
352 16224 96
352 16256 -128
416 16144 -128
528 16176 -80
528 16256 32
480 16224 208
480 16176 368
560 16224 448
400 16224 336
480 16256 336
432 16304 80
416 16224 128
528 16176 96
528 16192 432
592 16160 256
480 16144 384
480 16176 208
480 16160 128
352 16160 -160
256 16192 -160
368 16192 -64
352 16224 -144
304 16192 -80
432 16208 -160
464 16208 -160
320 16192 -160
288 16192 -144
528 16208 96
608 16128 -48
608 16112 -16
528 16112 48
592 16112 -80
592 16192 -80
512 16208 64
432 16192 16
560 16192 -48
528 16128 -48
400 16240 176
352 16192 240
352 16208 416
352 16192 352
416 16208 240
432 16272 160
432 16256 64
384 16256 -80
384 16240 -80
288 16224 144
352 16224 400
480 16192 272
576 16240 272
496 16304 32
592 16304 128
352 16224 80
512 16208 96
512 16256 160
528 16256 144
640 16288 80
544 16272 128
432 16208 128
368 16176 32
368 16176 336
368 16272 96
368 16208 176
208 16176 176
