startup(x,y,z):(432,16240,96)
384 16320 -384
96 16304 848
-736 16560 848
-768 16256 1360
432 15872 944
800 16080 176
912 16144 176
1248 16272 -880
1296 16256 -992
48 16288 -784
48 16224 -48
48 16224 288
144 16272 528
112 16272 624
480 16304 416
576 16272 -160
672 16304 -768
672 16272 -880
464 16256 -48
128 16192 816
96 16272 1440
96 16272 1216
144 16256 1120
304 16256 304
320 16272 -128
496 16288 -128
896 16224 -464
688 16288 -288
464 16192 -256
224 16288 64
64 16256 224
64 16304 128
176 16272 -112
368 16272 -112
592 16208 -368
560 16208 -368
352 16208 -240
224 16256 336
464 16240 448
432 16208 576
416 16192 512
432 16192 288
368 16224 240
432 16304 -64
480 16272 -464
432 16240 -416
416 16272 80
352 16208 432
288 16176 416
368 16304 352
352 16192 272
352 16224 -240
384 16256 -224
384 16224 16
432 16224 128
512 16256 128
288 16224 320
368 16128 368
560 16112 -48
432 16128 -64
432 16176 -112
480 16208 -64
480 16208 96
288 16208 144
352 16208 -80
384 16240 -16
320 16272 -80
336 16160 -224
240 16160 96
224 16192 288
304 16256 384
544 16160 144
752 16160 96
496 16160 176
480 16224 288
512 16224 128
448 16224 96
384 16144 96
384 16176 80
416 16240 16
512 16256 -112
640 16272 80
464 16256 96
368 16208 48
352 16256 80
512 16224 176
480 16224 384
432 16208 496
496 16176 272
480 16144 32
480 16144 -240
480 16240 -176
480 16240 -256
512 16224 -256
512 16240 -80
432 16160 112
448 16176 0
480 16208 -224
432 16208 64
432 16144 64
528 16240 96
432 16192 112
416 16144 192
368 16240 208
240 16176 144
352 16176 48
336 16176 -208
448 16192 -176
592 16144 -176
544 16176 0
544 16240 -128
480 16240 0
416 16256 -32
336 16208 352
288 16176 240
416 16208 144
416 16192 160
432 16192 160
480 16144 32
512 16192 16
416 16160 128
416 16272 256
528 16272 256
400 16256 368
496 16320 384
560 16320 80
592 16208 160
544 16256 112
544 16208 208
432 16208 80
400 16256 112
272 16224 -80
368 16224 -384
368 16224 -224
320 16224 16
400 16192 80
528 16144 112
368 16176 0
464 16304 128
464 16256 96
432 16208 96
464 16272 128
240 16256 160
432 16240 -32
560 16192 80
528 16160 112
464 16224 112
400 16176 224
224 16176 -48
416 16208 256
528 16256 256
352 16208 -80
352 16208 176
240 16208 208
160 16192 208
288 16176 144
368 16224 80
368 16224 16
384 16304 -80
384 16304 352
528 16256 496
384 16224 496
464 16096 256
560 16256 64
608 16272 0
656 16224 -112
544 16192 128
400 16256 192
384 16240 0
400 16208 192
400 16272 224
368 16240 144
400 16160 -80
320 16160 -80
160 16256 -16
352 16272 64
416 16272 0
320 16208 176
208 16240 224
320 16240 128
320 16240 176
416 16288 160
496 16288 160
416 16208 192
464 16208 256
448 16176 128
400 16240 80
400 16208 112
496 16240 -128
368 16304 -64
464 16208 -16
448 16240 -32
320 16288 32
560 16208 64
560 16208 64
400 16208 96
432 16256 96
368 16272 80
432 16240 336
448 16160 256
464 16240 176
448 16240 144
592 16256 48
592 16208 -64
464 16256 -224
432 16176 -64
416 16256 -32
416 16256 496
400 16272 496
432 16288 320
448 16272 0
400 16192 80
416 16224 176
400 16208 144
400 16176 16
368 16128 -48
464 16128 -48
720 16160 -48
560 16224 64
512 16256 -16
656 16192 -80
560 16192 176
560 16160 208
560 16160 160
432 16144 160
464 16224 176
192 16240 176
176 16208 160
256 16192 128
400 16176 80
400 16272 -16
448 16272 -16
496 16176 416
512 16224 592
416 16176 336
416 16240 224
384 16320 144
384 16288 128
400 16272 16
336 16272 144
400 16176 144
512 16224 48
368 16160 192
416 16176 176
448 16160 -48
432 16192 64
432 16256 144
432 16256 144
352 16240 144
160 16192 272
208 16304 288
368 16304 208
464 16240 32
432 16304 144
432 16208 32
432 16208 32
496 16176 336
496 16176 432
432 16176 304
496 16272 144
384 16256 160
400 16176 128
400 16112 112
464 16112 160
544 16096 384
480 16144 384
480 16160 192
496 16112 384
416 16176 400
368 16272 336
432 16272 272
432 16272 32
432 16272 32
480 16304 16
512 16224 176
448 16224 80
464 16176 144
384 16144 192
544 16176 304
544 16160 176
576 16208 224
624 16208 400
448 16208 400
464 16288 272
240 16240 160
336 16272 160
432 16224 272
320 16208 288
256 16256 -16
288 16240 -16
416 16256 96
272 16224 208
496 16272 192
496 16224 192
352 16224 256
448 16224 256
464 16272 112
464 16272 48
528 16208 192
432 16256 64
432 16144 96
400 16192 144
208 16224 176
208 16192 -48
336 16192 -160
512 16176 -160
464 16176 96
368 16192 -16
384 16240 48
480 16224 -160
576 16240 -224
576 16240 96
448 16256 96
432 16192 320
416 16192 112
384 16096 288
416 16128 96
416 16192 288
416 16160 224
432 16160 352
352 16144 192
480 16144 192
448 16208 256
448 16224 176
448 16288 160
416 16224 144
336 16304 48
368 16192 128
384 16192 80
384 16176 160
400 16176 160
448 16256 192
448 16224 144
384 16160 416
272 16224 288
224 16272 288
288 16192 64
288 16208 128
384 16208 0
240 16240 0
288 16176 0
384 16144 320
496 16176 336
496 16192 496
512 16208 320
512 16208 208
496 16160 208
256 16208 288
224 16272 208
96 16224 192
192 16208 160
192 16208 128
304 16176 32
352 16176 160
400 16192 160
368 16176 352
384 16208 192
432 16208 224
416 16272 304
384 16208 224
384 16208 448
304 16208 448
320 16288 304
432 16192 144
400 16192 0
464 16240 144
464 16240 240
560 16208 240
352 16176 192
400 16160 112
512 16192 16
416 16208 32
416 16160 416
384 16144 160
448 16144 160
448 16176 144
432 16224 144
384 16224 80
304 16208 96
432 16256 64
464 16256 -112
496 16224 16
496 16176 144
416 16224 32
416 16224 336
288 16272 336
352 16224 336
304 16144 256
320 16160 224
400 16160 80
384 16144 -112
384 16144 -32
480 16144 -32
656 16112 16
608 16160 -96
480 16192 80
464 16256 -192
464 16224 48
464 16224 -16
560 16256 -144
448 16288 -144
432 16240 48
576 16288 64
576 16272 80
496 16272 64
544 16192 16
720 16224 16
416 16208 48
464 16160 32
400 16208 192
208 16176 224
208 16208 288
224 16208 288
336 16192 352
336 16128 368
512 16176 192
496 16240 304
416 16176 304
416 16176 64
432 16176 192
368 16240 192
464 16208 -96
368 16176 16
512 16192 176
496 16176 48
496 16224 176
368 16224 176
384 16256 288
368 16192 96
448 16208 272
384 16208 448
368 16176 208
368 16176 368
416 16176 384
448 16176 384
368 16208 288
400 16256 320
352 16224 224
352 16256 256
352 16240 208
432 16240 384
352 16240 384
496 16224 592
512 16176 480
480 16160 288
384 16208 352
528 16112 288
528 16128 128
624 16128 128
432 16144 256
384 16144 0
432 16224 176
400 16192 96
416 16208 0
416 16160 48
416 16160 48
272 16144 96
368 16144 80
352 16160 112
512 16192 112
512 16128 368
512 16176 208
512 16176 208
368 16256 208
320 16240 160
336 16144 384
448 16144 176
528 16208 176
624 16192 320
720 16256 192
560 16176 192
416 16176 128
416 16176 112
416 16160 112
416 16176 336
336 16192 384
368 16144 288
448 16064 80
352 16096 0
352 16128 -128
528 16224 64
496 16176 16
544 16224 192
432 16256 -144
448 16192 -32
480 16256 -128
528 16208 80
320 16256 128
304 16304 -48
304 16256 240
336 16160 96
240 16160 96
448 16176 96
448 16192 64
496 16208 32
432 16192 -16
400 16320 -112
432 16272 32
384 16272 0
480 16208 -64
432 16208 16
416 16192 80
400 16208 160
384 16224 144
496 16256 112
320 16288 176
416 16176 160
544 16256 160
544 16144 160
512 16208 208
512 16208 304
416 16176 304
336 16256 16
416 16224 -48
608 16288 64
384 16176 128
432 16240 288
432 16272 -80
400 16272 -144
336 16256 -144
464 16192 -96
480 16176 48
480 16144 224
448 16176 144
496 16192 208
464 16160 208
592 16192 96
592 16240 176
528 16224 336
464 16224 208
464 16128 176
480 16128 224
416 16224 224
368 16240 320
480 16192 304
384 16160 448
352 16256 576
352 16224 384
352 16224 352
464 16208 512
464 16224 496
464 16240 112
480 16240 64
400 16160 64
400 16096 16
400 16160 288
432 16176 16
496 16176 48
496 16176 -48
336 16160 -48
384 16160 64
496 16160 -192
560 16208 -240
496 16208 -16
400 16208 176
384 16240 256
336 16208 192
448 16272 144
512 16272 112
512 16192 16
448 16192 128
528 16224 -16
400 16384 -16
368 16272 416
544 16240 192
320 16272 176
256 16208 144
304 16160 80
304 16160 64
368 16160 -64
448 16240 -64
352 16272 -48
336 16240 64
384 16256 64
560 16240 160
432 16288 192
576 16240 160
592 16224 304
592 16144 208
544 16176 -48
576 16176 -48
480 16192 80
416 16208 112
464 16208 -96
560 16160 -32
512 16208 96
432 16272 112
432 16288 112
432 16224 -16
352 16224 32
368 16208 32
256 16176 48
384 16256 -128
368 16240 -208
384 16256 -64
400 16304 0
400 16256 48
496 16256 48
480 16224 144
416 16192 112
512 16256 160
368 16272 112
416 16224 96
416 16224 -128
368 16256 -64
464 16192 80
416 16208 112
416 16192 528
368 16192 480
384 16240 96
336 16192 160
352 16208 48
304 16208 96
304 16176 208
352 16176 256
528 16192 256
528 16224 -32
512 16208 0
368 16192 96
352 16256 16
352 16208 144
336 16208 160
432 16224 112
432 16256 -144
448 16208 -112
448 16208 240
400 16208 48
624 16176 48
544 16160 208
384 16224 160
400 16208 80
400 16224 128
544 16208 192
480 16160 192
480 16224 224
432 16224 96
496 16208 160
496 16208 160
384 16224 384
336 16208 336
368 16176 320
496 16272 128
528 16272 112
400 16240 0
416 16112 160
416 16192 432
352 16160 208
320 16128 160
352 16144 304
352 16160 320
384 16160 64
432 16176 64
400 16192 272
400 16192 272
320 16304 352
496 16304 0
368 16256 -176
416 16272 -160
496 16256 32
592 16240 192
384 16288 144
416 16208 -48
432 16128 -80
400 16176 48
368 16192 32
368 16192 304
304 16320 32
304 16320 32
384 16192 336
400 16208 240
368 16192 160
224 16192 160
352 16160 64
256 16160 144
416 16160 160
480 16112 256
480 16112 -32
432 16144 -112
464 16144 -48
464 16224 48
368 16304 304
496 16384 304
480 16304 144
480 16304 304
416 16288 -16
416 16160 -80
528 16160 32
448 16224 160
448 16272 -16
448 16256 96
448 16208 112
560 16240 336
496 16160 320
432 16160 400
400 16208 240
368 16224 144
352 16240 208
352 16192 96
400 16176 64
416 16208 128
432 16224 288
480 16256 256
512 16240 144
560 16208 192
560 16240 128
496 16208 16
512 16144 128
480 16064 32
544 16128 80
544 16112 -80
496 16112 176
608 16224 0
512 16272 64
464 16096 160
512 16096 80
432 16096 -176
496 16176 -160
496 16176 -112
496 16144 -128
432 16208 80
256 16208 16
304 16240 176
304 16272 64
544 16208 128
496 16208 128
448 16272 192
416 16272 192
464 16320 176
704 16240 48
544 16288 80
560 16304 -64
624 16240 16
608 16256 16
608 16256 128
576 16176 128
400 16160 208
416 16160 240
480 16192 240
352 16192 176
320 16240 48
384 16160 160
464 16208 -128
576 16240 160
528 16272 160
528 16272 0
464 16272 0
608 16176 -16
608 16256 16
464 16176 -16
432 16272 -16
464 16288 -112
400 16272 224
288 16240 144
256 16256 160
400 16256 80
400 16256 0
432 16288 0
432 16288 144
432 16208 0
400 16192 16
416 16256 -80
448 16224 128
448 16176 96
512 16192 160
464 16192 192
368 16160 192
368 16256 -48
528 16208 -16
400 16288 32
304 16192 80
304 16192 16
368 16256 -128
448 16208 -80
336 16240 -80
320 16240 -16
320 16224 96
560 16224 64
512 16144 176
480 16192 112
432 16256 32
336 16208 32
336 16272 192
448 16256 256
400 16192 224
256 16176 144
464 16176 320
688 16224 320
432 16192 272
528 16192 -16
448 16256 64
464 16192 -48
464 16288 112
352 16288 208
368 16224 208
544 16176 176
512 16176 64
496 16208 64
608 16224 16
432 16208 192
384 16256 224
496 16288 80
464 16272 144
496 16336 256
608 16304 256
560 16416 -336
480 16544 -256
656 16544 336
704 16352 192
544 16256 208
464 16288 48
512 16256 48
448 16256 -64
496 16176 48
448 16160 112
544 16160 192
432 16160 48
464 16208 48
544 16240 -128
608 16176 48
576 16192 224
576 16176 16
528 16192 32
688 16192 0
624 16176 0
576 16240 -48
400 16272 16
432 16208 368
496 16240 240
464 16240 256
624 16192 256
528 16176 208
480 16144 144
480 16208 -224
464 16288 -16
608 16288 80
336 16256 80
272 16224 224
384 16144 576
368 16192 288
432 16256 256
432 16256 224
304 16240 224
368 16160 -96
368 16192 -304
416 16208 -240
448 16192 0
448 16192 176
512 16272 48
416 16240 128
464 16224 128
464 16240 96
480 16224 96
416 16224 288
400 16176 240
400 16272 192
432 16288 144
304 16288 80
176 16304 80
400 16304 112
608 16304 224
528 16256 144
480 16272 304
544 16208 384
480 16192 192
480 16192 240
512 16176 240
464 16176 320
432 16160 320
496 16160 320
384 16224 144
528 16192 96
528 16304 48
448 16304 256
368 16304 288
368 16304 240
320 16176 240
176 16128 208
192 16176 96
288 16256 112
352 16288 160
352 16256 160
448 16240 224
416 16160 224
528 16192 128
608 16256 96
512 16288 16
448 16208 176
448 16176 64
496 16176 48
512 16160 192
544 16160 -16
784 16128 -16
736 16160 -16
512 16224 32
512 16256 144
416 16224 64
288 16208 80
384 16176 144
384 16176 192
384 16160 160
336 16192 64
336 16208 144
544 16208 -112
464 16224 -112
480 16272 -48
448 16240 -96
512 16192 -80
432 16192 -128
464 16192 32
416 16192 32
288 16208 96
384 16176 96
304 16160 176
400 16176 192
512 16192 80
480 16208 80
448 16208 240
448 16272 128
512 16272 160
432 16240 -16
400 16176 -16
432 16176 0
400 16288 48
320 16320 32
304 16304 464
320 16272 0
288 16272 144
288 16272 -128
448 16272 -144
592 16256 192
480 16192 48
464 16144 240
320 16160 256
224 16160 288
352 16192 288
320 16304 -16
432 16240 -80
448 16256 -112
352 16288 64
512 16304 0
544 16240 -16
464 16192 80
448 16128 208
512 16080 352
400 16128 208
448 16128 208
432 16240 128
592 16208 80
560 16192 400
432 16208 384
432 16320 256
448 16256 336
448 16176 336
416 16192 48
400 16272 -160
400 16224 112
464 16240 48
528 16144 48
560 16192 32
448 16144 -128
368 16208 144
464 16176 64
464 16112 -80
512 16128 -48
544 16128 -112
576 16176 -288
528 16224 -80
448 16144 -80
400 16240 -128
400 16240 16
448 16256 16
336 16256 -128
496 16176 -176
464 16208 -96
480 16208 -16
480 16208 0
592 16208 80
656 16160 144
576 16160 160
656 16192 160
464 16224 176
480 16240 192
560 16256 240
544 16304 304
480 16208 304
480 16240 400
528 16240 400
544 16176 112
496 16208 96
528 16224 96
496 16192 64
368 16288 192
432 16208 208
464 16240 384
432 16208 304
416 16224 224
528 16208 0
528 16240 -16
416 16240 176
368 16128 -48
432 16208 112
432 16208 32
416 16128 32
384 16112 32
512 16160 -64
272 16304 -160
464 16224 0
288 16208 144
416 16160 320
416 16160 208
368 16208 80
320 16240 112
384 16240 224
320 16224 224
384 16144 16
336 16208 96
288 16208 128
320 16192 208
272 16224 112
288 16240 96
400 16224 -80
400 16208 144
544 16240 176
368 16192 176
368 16160 96
400 16160 192
512 16144 192
352 16144 128
592 16144 128
496 16160 160
496 16256 -80
512 16320 -192
480 16272 32
512 16320 -128
448 16240 -112
384 16240 16
384 16240 -256
352 16256 -256
480 16208 16
448 16192 176
256 16160 144
368 16112 144
320 16160 416
256 16192 176
352 16240 144
432 16272 80
512 16240 96
400 16320 80
560 16256 208
496 16192 144
496 16288 0
448 16288 16
512 16192 -16
416 16208 176
368 16240 64
464 16240 96
464 16288 32
400 16208 0
400 16224 -96
448 16208 -96
512 16224 -16
512 16208 128
512 16208 80
480 16176 -160
480 16160 144
512 16144 48
576 16144 64
544 16208 80
480 16272 176
480 16256 288
288 16256 288
144 16192 336
240 16192 336
480 16224 176
368 16256 368
416 16224 160
352 16208 80
400 16224 112
336 16240 240
416 16256 48
416 16224 144
624 16208 112
512 16192 32
256 16208 0
432 16224 -16
480 16208 176
480 16208 64
400 16240 112
368 16224 48
416 16240 -80
480 16192 64
528 16176 0
560 16320 32
512 16256 80
448 16192 128
448 16208 -336
432 16240 0
384 16272 144
320 16240 16
448 16240 16
640 16144 32
592 16192 112
464 16224 128
448 16208 192
464 16144 16
432 16240 0
432 16208 16
320 16208 -16
496 16240 208
480 16128 192
448 16176 32
400 16208 32
512 16224 176
480 16160 112
480 16112 48
304 16112 -48
304 16160 -48
384 16176 -368
352 16240 160
448 16240 176
496 16272 240
496 16240 272
448 16240 256
464 16288 256
528 16144 -80
464 16144 -80
512 16224 -224
448 16176 -240
576 16160 -64
464 16192 -16
448 16336 -304
528 16336 -16
496 16288 48
384 16288 128
416 16256 176
416 16224 -16
336 16224 -16
288 16240 -144
352 16288 0
272 16208 0
400 16320 112
256 16240 160
256 16320 144
304 16256 240
464 16240 208
464 16192 288
512 16256 176
512 16256 64
416 16224 64
512 16176 64
496 16160 176
528 16240 144
512 16240 144
480 16240 192
448 16160 176
608 16272 240
432 16320 240
464 16256 128
352 16240 144
272 16320 -48
416 16224 160
480 16224 144
480 16240 -96
384 16240 96
448 16240 48
464 16224 96
480 16224 96
432 16272 128
448 16256 224
544 16288 96
512 16320 144
512 16272 320
560 16272 336
432 16192 336
368 16176 96
352 16176 0
240 16144 -32
256 16160 208
448 16256 16
400 16208 96
400 16192 0
448 16208 -96
448 16208 16
368 16208 16
432 16176 -80
704 16176 0
608 16176 0
368 16336 -32
528 16256 -80
592 16096 128
592 16144 112
416 16144 -16
432 16192 -16
304 16160 -32
288 16176 -224
352 16224 -160
304 16256 -80
304 16208 -144
416 16208 -64
608 16176 -64
432 16160 208
400 16096 80
432 16240 144
240 16256 128
304 16208 80
304 16208 64
400 16176 64
416 16256 -32
480 16240 -32
464 16176 -16
544 16192 32
544 16144 128
496 16240 144
496 16288 224
480 16288 16
464 16240 16
480 16208 32
448 16288 -16
400 16272 64
432 16176 304
464 16176 288
576 16256 192
576 16256 192
416 16208 32
432 16208 128
368 16272 128
352 16320 128
256 16288 112
352 16272 32
528 16288 16
496 16192 400
496 16176 272
496 16272 64
480 16272 -32
416 16224 -208
288 16256 -208
416 16176 -208
368 16208 -64
240 16176 64
320 16208 -128
512 16224 0
512 16352 -160
496 16352 96
432 16352 32
368 16336 32
336 16336 208
480 16240 240
528 16208 192
320 16256 144
336 16256 176
336 16256 112
320 16256 112
480 16192 80
544 16224 400
480 16192 128
432 16208 144
496 16208 96
528 16256 96
384 16224 80
384 16256 240
320 16256 240
320 16256 96
464 16160 96
432 16192 -160
384 16192 80
384 16192 160
416 16240 32
256 16224 160
304 16208 368
304 16208 272
448 16176 112
464 16176 -144
448 16240 -224
-1392 19808 5424
-5088 17552 4560
-1248 17344 -112
1280 18208 -928
448 17616 -656
448 16576 -1168
576 17120 848
