startup(x,y,z):(432,16240,96)
17024 20320 -15184
-24384 14832 20688
-7360 13344 7792
-9232 14880 14384
-9056 17232 2848
720 16512 6000
6768 15248 -2224
10592 15680 -3744
8096 15984 -2800
-3664 15136 8528
800 16496 3424
800 17104 1408
6704 17104 272
3984 16896 272
-1168 16032 -2352
-544 15872 -4928
784 15872 -5968
-1088 16656 -5968
-2752 16672 -3136
-1808 16928 -2736
-576 16736 -2448
336 16624 -2608
544 16688 -1808
-736 16576 -1888
384 16304 -2816
1216 16288 -2592
1216 16336 -1872
640 16336 -672
784 16400 416
896 16512 416
1136 16400 1840
1280 16352 2112
672 16336 2432
-48 16208 2640
-96 16192 2288
192 16112 2320
192 16080 1584
224 16112 2096
192 16112 2096
672 16208 1616
896 16224 880
368 16224 528
336 16272 -400
560 16240 -976
400 16224 -976
320 16240 -1024
288 16176 -400
-16 16240 -384
352 16336 -528
672 16256 -624
720 16240 -1360
976 16112 -1328
976 16112 -1024
848 16144 -1024
816 16208 -208
576 16208 -208
512 16224 176
320 16224 768
336 16176 800
176 16240 560
336 16304 608
336 16272 864
352 16240 912
544 16240 720
816 16288 720
752 16256 704
704 16208 544
544 16224 -112
576 16144 -16
464 16208 -576
368 16208 -688
336 16224 -368
384 16096 -368
352 16176 -128
464 16208 -144
464 16336 -192
608 16240 -400
608 16240 -272
640 16256 -192
528 16256 -112
720 16224 -112
576 16208 176
304 16240 160
352 16224 448
400 16160 432
368 16176 256
368 16176 272
416 16160 160
432 16112 160
496 16208 208
480 16272 -80
480 16304 128
384 16368 0
384 16272 0
384 16272 144
224 16224 -96
320 16288 -96
256 16208 -16
224 16144 -224
304 16272 -224
464 16336 -160
416 16240 0
416 16256 64
400 16224 128
400 16272 128
400 16224 256
384 16160 272
416 16160 352
336 16224 352
352 16144 224
416 16176 224
480 16192 144
640 16208 -32
512 16208 -128
496 16256 -224
416 16192 64
416 16192 32
272 16192 48
336 16192 48
496 16176 112
512 16288 80
400 16224 80
320 16192 304
368 16224 304
480 16192 -16
480 16208 32
416 16256 144
496 16256 48
544 16176 48
528 16192 -16
464 16192 64
480 16224 -48
560 16288 -208
528 16192 -176
416 16192 128
464 16192 -112
416 16240 80
496 16224 48
496 16208 32
352 16160 -96
256 16208 -64
240 16256 -16
480 16256 -16
512 16224 -112
432 16208 144
496 16208 448
544 16192 352
432 16240 64
512 16256 48
512 16256 128
432 16256 128
432 16176 80
304 16288 176
368 16224 176
368 16192 176
336 16256 80
432 16256 -48
416 16144 -48
384 16192 48
384 16192 -160
400 16256 -160
704 16192 -96
608 16128 288
528 16144 400
560 16224 192
544 16192 208
432 16224 192
432 16160 64
432 16160 64
400 16112 400
336 16208 400
512 16208 176
496 16208 176
400 16176 -32
464 16224 16
448 16240 176
464 16240 64
416 16240 48
416 16208 -32
496 16208 -32
464 16224 -128
544 16224 -64
560 16160 -64
560 16160 160
400 16160 144
336 16208 144
464 16256 48
464 16208 112
512 16208 208
384 16192 336
400 16224 128
400 16224 112
448 16224 112
400 16160 48
496 16128 176
400 16224 352
384 16240 208
384 16256 64
480 16256 16
448 16288 16
496 16224 496
336 16304 256
416 16256 128
384 16288 80
368 16208 128
496 16176 64
496 16176 240
400 16160 240
416 16176 176
336 16176 -96
352 16160 96
384 16224 -64
336 16224 -48
336 16240 144
400 16240 64
496 16224 64
416 16272 176
448 16224 160
480 16240 0
512 16208 112
512 16192 176
480 16272 160
320 16272 160
464 16272 48
400 16256 16
496 16224 -48
480 16272 -64
432 16240 96
560 16208 32
496 16192 32
416 16224 32
560 16224 32
496 16208 64
432 16256 384
432 16224 256
480 16224 336
560 16224 336
464 16256 208
416 16256 208
368 16224 256
368 16224 192
304 16192 176
272 16208 448
384 16240 304
352 16256 96
464 16224 80
400 16224 -48
384 16256 -32
368 16192 160
368 16160 -176
384 16160 -176
448 16080 144
416 16144 288
448 16128 272
464 16144 224
496 16192 -80
448 16240 -128
304 16272 224
304 16224 -16
368 16208 64
320 16208 240
400 16176 240
448 16224 112
336 16352 80
368 16240 112
496 16224 240
368 16208 224
368 16144 160
288 16224 240
432 16288 240
464 16208 208
464 16192 64
464 16192 64
448 16176 400
400 16208 512
384 16192 224
400 16240 208
240 16240 192
352 16336 112
352 16288 208
432 16288 48
336 16224 48
336 16192 48
304 16208 64
464 16192 -112
480 16240 -48
512 16256 112
512 16272 240
560 16272 160
512 16256 160
448 16256 -128
384 16256 -304
384 16240 -128
352 16208 -112
416 16240 -160
368 16256 160
448 16288 176
448 16272 144
352 16272 -64
432 16288 -64
528 16272 -80
416 16256 0
368 16288 16
464 16160 208
480 16160 208
480 16160 288
336 16160 288
448 16160 144
416 16208 192
368 16192 320
288 16208 304
320 16272 304
368 16304 208
464 16240 -32
464 16304 0
448 16304 240
464 16288 240
592 16288 208
592 16208 64
528 16304 96
464 16256 96
560 16256 64
400 16288 160
304 16224 -16
304 16192 0
320 16176 64
320 16272 -48
432 16272 128
384 16304 128
416 16304 32
384 16272 -192
512 16288 -144
512 16240 -48
432 16224 48
432 16192 32
464 16208 -208
400 16208 -64
368 16208 -64
352 16208 -224
288 16240 16
272 16192 144
384 16240 128
288 16208 64
240 16272 -160
352 16208 -32
336 16208 16
560 16192 48
464 16192 320
448 16192 144
448 16192 256
480 16192 336
448 16224 224
416 16192 48
368 16160 192
384 16192 144
400 16128 256
352 16176 96
416 16256 336
320 16192 80
320 16192 112
384 16256 256
416 16272 -32
416 16208 160
400 16208 -48
464 16240 0
416 16208 16
432 16304 -32
432 16288 128
384 16288 128
464 16256 336
480 16256 208
528 16256 240
512 16256 128
512 16256 48
432 16256 48
464 16224 0
496 16224 160
240 16192 -144
272 16176 -32
272 16176 96
336 16240 96
368 16272 32
400 16256 144
416 16144 0
416 16160 -240
448 16176 -32
496 16160 -64
496 16208 -192
400 16208 112
400 16208 160
416 16240 528
432 16256 528
352 16320 624
432 16240 352
384 16240 -128
416 16144 64
432 16096 -128
432 16160 112
368 16192 144
576 16192 64
480 16240 64
320 16208 96
272 16288 -80
432 16240 -64
480 16256 -288
400 16224 -288
496 16224 -208
448 16192 128
576 16160 224
560 16144 112
592 16112 80
512 16096 96
512 16112 176
464 16112 352
400 16208 304
448 16256 544
400 16256 544
368 16256 176
432 16224 112
416 16208 64
416 16208 128
336 16160 128
448 16064 16
512 16144 80
368 16192 -128
320 16160 -32
400 16240 112
288 16160 16
336 16128 80
464 16128 64
224 16224 160
224 16208 160
432 16208 160
384 16192 208
400 16208 208
352 16208 288
352 16224 192
432 16208 80
448 16208 96
336 16224 224
368 16224 16
304 16288 -80
560 16208 176
384 16256 176
368 16224 176
496 16224 16
464 16288 64
480 16256 160
496 16176 224
448 16192 144
464 16176 16
512 16144 80
512 16224 96
528 16240 128
464 16240 48
416 16304 48
448 16224 96
368 16224 64
432 16240 112
496 16304 48
448 16304 16
512 16272 16
288 16240 -32
320 16224 -208
400 16160 -160
480 16192 96
464 16224 80
432 16176 176
432 16176 352
384 16224 192
496 16176 160
512 16272 192
528 16272 128
528 16272 384
608 16256 256
368 16320 208
480 16272 256
352 16224 -32
448 16224 -112
528 16176 -112
480 16256 160
512 16240 192
528 16224 64
464 16192 112
464 16128 -224
640 16192 -224
560 16208 -192
592 16144 16
496 16240 -16
416 16192 64
448 16192 32
464 16208 -80
496 16224 64
512 16208 336
512 16256 336
352 16256 144
416 16240 128
448 16176 32
544 16176 80
448 16192 -32
528 16224 112
384 16192 96
384 16224 96
368 16224 16
432 16304 112
400 16272 -64
464 16272 176
480 16304 176
416 16256 -96
496 16320 32
512 16256 176
480 16256 128
496 16304 128
384 16288 -16
416 16240 16
416 16192 112
560 16176 -96
512 16192 32
512 16240 96
400 16240 160
496 16352 128
416 16272 128
368 16256 -80
448 16256 112
320 16240 160
352 16240 112
576 16192 112
528 16176 464
400 16144 352
400 16144 208
432 16144 160
448 16144 240
416 16144 192
320 16144 192
464 16160 48
432 16224 112
448 16176 -16
480 16176 -112
400 16272 48
384 16288 160
368 16240 352
496 16240 304
496 16256 352
560 16288 64
560 16240 192
368 16208 336
400 16208 192
512 16240 32
512 16224 48
496 16176 64
448 16288 112
464 16192 208
432 16192 112
576 16176 96
624 16240 -16
688 16256 80
688 16240 80
640 16240 0
688 16240 16
272 16320 32
384 16288 112
320 16272 112
352 16272 176
320 16240 176
384 16192 176
432 16240 448
336 16208 448
336 16176 320
272 16160 48
352 16256 48
464 16240 144
320 16224 112
320 16256 144
384 16176 272
416 16224 128
432 16256 96
480 16208 64
464 16192 176
464 16192 32
432 16192 320
384 16192 240
352 16224 240
448 16256 208
384 16112 224
480 16160 224
560 16224 160
560 16224 80
400 16256 224
400 16208 64
336 16256 240
464 16192 304
336 16256 144
352 16192 128
352 16240 112
320 16240 48
368 16256 -208
416 16160 -16
496 16192 160
560 16256 -16
480 16224 -16
432 16240 208
480 16256 32
480 16304 -48
480 16288 -96
432 16224 -32
416 16224 112
416 16224 432
416 16208 576
384 16208 272
400 16240 96
544 16224 80
432 16272 176
448 16208 208
352 16240 352
352 16336 352
320 16352 320
416 16256 256
336 16240 288
336 16240 176
400 16208 176
272 16224 160
544 16144 208
448 16160 160
480 16240 80
400 16176 48
464 16224 272
320 16224 240
368 16272 112
480 16272 432
416 16336 176
432 16240 208
432 16192 160
416 16176 64
416 16176 32
368 16144 32
528 16192 144
480 16160 -32
352 16208 -32
304 16272 256
448 16288 384
464 16224 272
496 16256 272
560 16288 304
416 16272 160
416 16224 -48
416 16224 0
560 16224 0
480 16208 112
512 16272 -48
512 16272 -48
464 16256 128
448 16240 16
432 16256 -144
432 16224 304
480 16224 256
512 16160 272
496 16208 320
496 16224 320
544 16208 208
496 16224 288
624 16224 208
624 16208 -32
480 16208 -80
464 16176 -16
496 16176 176
464 16144 208
576 16128 208
624 16176 144
416 16256 144
448 16176 16
320 16144 16
464 16192 272
560 16144 336
528 16256 368
560 16160 208
624 16272 80
656 16240 272
688 16208 352
576 16272 240
496 16288 224
544 16256 224
480 16224 320
352 16128 208
368 16176 208
368 16176 112
384 16192 -48
496 16064 112
576 16064 112
720 16128 -208
704 16096 -272
368 16192 -64
432 16224 64
400 16176 -48
272 16208 -16
384 16160 128
368 16224 144
368 16224 208
464 16192 112
352 16160 192
320 16144 192
416 16160 192
256 16160 208
208 16128 240
160 16208 160
192 16192 160
400 16064 16
352 16096 48
432 16192 160
320 16224 96
416 16240 0
368 16240 144
384 16144 432
304 16288 272
304 16288 368
336 16288 160
480 16320 240
432 16192 160
256 16128 80
144 16192 80
288 16128 80
272 16160 224
368 16192 128
384 16160 96
416 16272 -128
416 16240 -112
288 16240 -256
416 16224 -256
432 16272 16
384 16288 -176
544 16224 -32
544 16224 -128
480 16224 64
480 16208 64
432 16208 128
336 16224 16
256 16176 16
384 16160 -48
560 16256 -176
528 16192 192
528 16208 80
240 16272 144
240 16272 336
368 16272 464
320 16272 288
304 16320 288
208 16240 144
224 16272 256
320 16240 256
320 16256 112
368 16240 112
224 16240 32
304 16240 16
224 16240 16
416 16208 16
688 16192 -160
480 16192 -144
464 16144 32
560 16240 80
560 16224 112
464 16208 96
320 16208 -144
432 16224 -16
304 16288 -16
336 16208 16
352 16208 288
368 16224 160
368 16224 240
512 16192 240
400 16192 32
368 16272 192
560 16192 112
480 16208 64
352 16240 0
352 16272 208
352 16240 272
384 16240 96
288 16192 240
400 16080 240
432 16160 192
464 16224 96
496 16224 80
384 16288 272
464 16240 32
448 16224 112
448 16208 80
528 16288 48
512 16272 16
544 16240 48
544 16240 48
592 16272 208
432 16272 336
656 16240 176
560 16272 368
336 16240 272
352 16288 256
336 16304 176
544 16320 64
288 16272 -16
320 16240 176
384 16272 224
448 16272 48
448 16272 -32
400 16224 -32
240 16320 144
224 16336 112
320 16224 416
368 16224 256
400 16256 160
464 16320 48
464 16256 336
496 16256 176
640 16208 176
496 16288 -32
464 16256 32
336 16240 144
400 16208 64
400 16224 48
480 16096 176
624 16096 176
416 16224 176
496 16272 272
400 16288 336
560 16272 224
496 16240 128
352 16256 240
352 16256 272
288 16240 272
208 16176 384
208 16192 224
336 16224 208
288 16192 -144
288 16224 -208
320 16192 -80
304 16192 -80
224 16240 32
336 16272 -128
352 16192 -400
368 16224 -128
368 16224 144
448 16208 224
432 16176 96
432 16272 96
384 16160 64
416 16256 -48
464 16272 -48
384 16256 -32
400 16176 96
416 16256 48
384 16192 144
384 16144 -112
368 16144 -48
512 16224 -64
560 16176 -64
448 16144 128
352 16224 128
352 16192 160
240 16176 96
400 16096 144
400 16096 176
480 16144 80
432 16144 80
336 16192 -96
336 16224 -48
176 16192 64
288 16224 -144
384 16208 -240
448 16256 128
480 16240 368
352 16208 160
320 16208 -16
368 16192 -64
528 16224 -48
560 16176 80
448 16256 144
432 16224 192
496 16208 -16
464 16224 -80
320 16192 144
384 16160 80
320 16224 80
400 16224 80
384 16192 144
400 16176 144
416 16176 -48
416 16160 -64
416 16128 176
464 16064 32
464 16176 208
320 16176 144
448 16240 144
432 16224 416
448 16192 288
384 16176 160
352 16224 0
320 16256 64
384 16256 64
528 16224 64
496 16224 192
464 16192 0
448 16208 160
448 16240 176
416 16240 64
608 16240 64
496 16240 224
432 16272 128
448 16272 160
448 16272 464
416 16240 240
400 16240 176
416 16224 224
288 16336 128
288 16352 128
384 16352 32
256 16448 -240
384 16272 -32
368 16192 -224
320 16176 -16
512 16224 16
512 16224 448
384 16192 384
400 16208 304
384 16160 48
560 16224 64
560 16240 80
432 16272 144
432 16240 176
432 16208 288
544 16208 64
400 16288 64
496 16240 80
464 16208 176
640 16272 0
544 16160 144
448 16160 64
416 16192 128
416 16128 176
384 16128 144
368 16256 144
272 16240 -80
384 16240 -128
384 16176 -128
512 16176 0
464 16208 16
592 16192 96
416 16208 80
416 16176 496
416 16112 416
400 16176 208
368 16176 256
400 16192 128
464 16240 224
336 16208 224
432 16208 256
464 16224 80
528 16128 80
544 16128 96
496 16128 96
656 16208 -128
544 16256 -32
464 16240 32
512 16256 112
512 16256 80
416 16256 96
336 16144 -16
368 16224 -48
400 16192 -48
512 16160 -96
608 16160 16
416 16144 16
464 16208 112
432 16192 64
224 16144 160
416 16208 0
384 16208 64
384 16208 -16
304 16208 96
336 16208 16
336 16224 48
448 16240 16
352 16240 320
352 16240 336
336 16224 432
400 16224 -96
448 16224 -96
240 16256 128
304 16272 144
480 16272 64
464 16272 80
416 16288 64
352 16240 128
416 16224 384
448 16256 304
368 16208 256
368 16256 496
400 16224 128
368 16224 224
368 16192 128
400 16176 160
416 16224 160
416 16208 208
448 16256 16
384 16256 160
352 16256 160
304 16208 48
352 16288 16
336 16320 -96
352 16320 0
352 16192 112
336 16240 96
384 16256 144
384 16192 160
416 16192 192
320 16144 192
368 16192 64
448 16224 192
368 16144 176
592 16160 176
592 16176 48
704 16224 48
656 16128 144
528 16128 144
640 16176 160
432 16192 -176
448 16208 80
384 16176 80
608 16160 -32
544 16176 48
544 16176 -32
544 16192 -32
496 16208 -144
384 16208 -176
432 16208 -176
416 16256 0
432 16224 16
576 16192 32
512 16256 112
448 16128 144
448 16224 160
400 16224 160
416 16240 -112
400 16240 -48
368 16256 0
448 16272 192
432 16304 352
528 16272 336
560 16160 192
352 16144 0
352 16224 48
384 16224 288
432 16128 144
416 16144 144
528 16240 304
432 16256 224
496 16192 192
688 16160 96
496 16240 0
416 16192 32
352 16240 48
352 16320 160
320 16320 160
304 16320 64
336 16224 112
336 16208 192
448 16192 320
272 16176 256
384 16160 240
576 16160 208
320 16176 64
432 16224 128
448 16208 112
448 16192 -48
400 16192 192
304 16160 192
320 16160 352
400 16208 32
512 16208 240
480 16192 192
496 16240 176
416 16320 64
416 16320 368
416 16272 368
320 16192 256
304 16208 240
352 16224 128
480 16240 96
400 16208 256
432 16192 16
432 16176 64
416 16176 16
416 16240 16
496 16192 80
368 16208 -16
448 16224 -64
448 16224 -176
448 16224 -96
432 16224 -96
352 16160 -32
288 16160 64
272 16144 64
400 16240 0
336 16256 96
416 16256 96
448 16288 48
448 16304 -144
448 16272 64
240 16272 128
352 16272 160
384 16208 32
368 16272 -32
288 16272 -16
240 16176 -48
416 16160 -16
304 16160 144
496 16224 128
544 16224 240
544 16256 256
384 16224 80
272 16240 32
272 16176 -128
480 16272 -64
480 16272 48
480 16224 80
560 16256 -32
464 16224 -128
464 16240 0
464 16256 160
368 16208 368
384 16208 272
432 16256 224
432 16192 176
640 16208 -32
544 16240 -224
464 16240 -112
384 16224 -112
368 16288 -96
416 16192 -192
384 16192 -304
464 16256 -128
400 16256 0
464 16224 112
544 16272 16
544 16336 16
544 16256 0
512 16256 -272
448 16224 -272
384 16320 -144
528 16272 -128
528 16208 -176
528 16208 0
384 16192 -32
432 16160 -64
336 16240 -48
400 16240 -48
272 16288 -32
448 16304 240
496 16272 96
448 16256 224
448 16240 -128
416 16240 0
448 16192 -16
576 16208 32
416 16224 32
336 16160 144
336 16128 224
480 16224 64
496 16208 -112
496 16176 32
496 16208 288
416 16208 288
352 16240 80
496 16112 128
384 16176 64
400 16240 96
272 16224 192
544 16224 64
544 16096 112
512 16096 -16
400 16176 -16
400 16208 96
400 16208 128
512 16240 -304
480 16240 160
432 16240 144
480 16208 224
480 16224 0
560 16224 0
544 16208 -96
432 16256 -96
384 16256 -112
368 16272 256
368 16304 400
400 16272 384
400 16272 272
384 16272 272
400 16208 112
272 16240 112
320 16240 160
400 16240 272
496 16272 256
416 16224 368
496 16224 272
496 16224 384
544 16144 336
560 16160 336
512 16192 176
448 16224 96
480 16352 0
480 16336 -144
496 16208 -192
480 16224 -64
496 16224 -64
400 16272 -16
208 16256 48
320 16256 64
448 16288 96
448 16240 112
432 16208 192
480 16304 224
320 16240 144
320 16272 128
432 16176 192
464 16256 256
464 16256 288
512 16192 288
480 16192 144
448 16144 160
464 16096 80
368 16128 64
336 16112 -128
336 16080 -288
448 16080 -208
544 16096 144
464 16064 144
208 16192 32
592 16128 192
416 16160 -224
240 16144 -32
384 16192 -16
512 16240 96
512 16240 -112
704 16288 -112
320 16240 -64
320 16224 -192
352 16224 -80
416 16256 -80
416 16336 -256
352 16176 -256
992 16176 -160
928 16224 -544
80 16432 144
-576 16256 880
-256 16064 528
352 16224 656
240 16288 688
240 16288 704
80 16304 704
672 16208 624
720 16208 832
688 16288 144
704 16192 160
112 16224 416
448 16208 448
400 16176 272
336 16160 -160
464 16240 -720
560 16224 -656
560 16208 -352
96 16208 -144
336 16224 -144
752 16160 -384
544 16192 -112
384 16144 80
384 16224 464
240 16224 480
192 16240 448
416 16288 480
608 16240 528
576 16208 496
576 16256 656
464 16256 208
