startup(x,y,z):(176,16192,160)
1072 16000 -912
480 16144 -1808
944 16096 -1936
0 16096 -1168
0 16096 -512
-480 16080 -512
-720 15808 -112
-752 16224 560
192 16080 192
352 16176 -736
768 16320 64
768 16320 -208
288 16032 -208
128 15888 560
-352 16192 944
-352 16096 768
160 16096 224
160 16144 -336
176 16144 -336
256 16144 32
304 16064 176
288 16016 -192
144 16112 336
-80 16128 352
224 16144 48
224 16144 400
64 16288 304
48 16224 304
144 16256 0
144 16192 240
80 16208 128
144 16208 160
96 16240 256
96 16320 896
-256 16320 704
-448 16400 704
1008 16288 -240
448 16352 -304
160 16160 96
160 16336 544
384 16336 912
352 16336 912
48 16240 1120
528 16272 800
416 16192 -32
240 16144 -176
-16 16240 208
-16 16240 -144
112 16144 -144
-112 16288 240
176 16192 480
128 16304 512
208 16240 368
208 16240 -80
240 16288 -80
304 16320 384
304 16160 384
416 16112 416
480 16144 768
480 16144 720
480 16256 432
224 16256 432
192 16208 256
272 16064 0
16 16016 80
-112 16000 -32
-112 16160 880
336 16240 864
336 16224 48
848 16224 -48
688 16176 -48
656 16160 -272
608 16064 -48
688 16128 272
304 16112 528
304 16176 384
432 16128 480
288 16144 128
320 16112 32
160 16128 32
48 16112 -128
48 16080 240
48 16080 480
48 16080 480
160 16096 736
224 16144 416
288 16240 320
112 16240 32
112 16224 32
272 16176 320
224 16080 512
144 16080 512
176 16128 368
160 16160 480
224 16112 464
224 16192 112
256 16192 64
224 16176 64
320 16160 32
128 16176 272
192 16160 576
128 16208 448
192 16224 160
352 16224 -16
352 16224 176
48 16192 176
48 16224 176
32 16288 352
16 16208 384
144 16240 384
144 16240 272
336 16192 272
384 16208 176
304 16240 144
320 16240 64
176 16176 208
160 16160 304
160 16112 400
-32 16112 224
-128 16160 224
16 16192 416
80 16160 416
64 16160 272
-80 16208 304
48 16288 352
32 16288 176
128 16240 160
128 16208 160
256 16208 160
464 16160 80
176 16208 368
176 16176 96
208 16176 160
208 16208 448
112 16192 144
80 16192 64
32 16224 -240
-32 16224 -240
176 16160 144
208 16160 -320
-64 16064 -16
16 15920 144
16 15920 240
32 15824 240
32 15904 416
80 16016 416
80 15968 176
272 15936 48
144 15968 -64
160 16000 0
160 16000 16
144 16016 16
64 16048 -48
-64 16032 272
48 16048 176
48 16144 96
208 16144 320
64 16192 320
128 16128 112
224 16176 224
272 16096 288
176 16224 416
192 16128 224
192 16080 32
160 16080 32
128 16160 240
160 16192 144
32 16272 64
16 16384 0
-16 16288 192
-16 16272 368
48 16256 384
112 16224 592
64 16224 592
240 16192 400
240 16240 480
208 16304 112
144 16256 64
144 16256 320
-16 16224 320
48 16176 384
160 16208 304
48 16240 464
176 16208 448
16 16240 288
32 16208 288
32 16208 144
64 16288 144
16 16192 64
208 16272 336
192 16240 256
192 16224 160
176 16224 160
192 16096 32
144 16128 192
208 16144 80
192 16144 -32
96 16192 112
96 16192 320
-48 16128 320
96 16080 384
-96 16080 496
80 16144 224
64 16144 304
128 16256 64
128 16256 160
192 16176 240
48 16176 48
224 16192 48
112 16240 192
32 16208 352
320 16224 144
320 16224 -160
192 16240 208
32 16240 336
128 16240 336
-16 16256 304
16 16128 448
-48 16176 192
64 16176 176
48 16288 -240
48 16288 -112
256 16208 -112
128 16208 -80
144 16208 96
96 16192 240
160 16160 160
160 16208 224
160 16208 224
48 16256 96
16 16192 -160
0 16240 -128
80 16192 16
96 16240 224
96 16240 192
112 16240 128
-48 16288 128
192 16192 128
320 16192 192
176 16256 368
176 16160 432
176 16208 416
48 16208 48
64 16208 48
192 16080 288
256 16080 256
144 16192 -96
144 16224 48
128 16224 176
176 16096 176
224 16208 32
240 16192 16
224 16208 128
176 16240 176
128 16256 336
128 16224 240
128 16240 272
160 16240 272
304 16176 128
192 16160 32
160 16176 176
64 16160 416
-16 16176 384
-16 16096 336
144 16096 192
192 16192 224
208 16192 224
112 16128 128
48 16160 176
112 16272 208
224 16192 16
224 16192 432
240 16160 432
160 16176 272
144 16176 240
64 16224 240
64 16176 272
176 16176 160
176 16128 64
80 16128 -192
208 16096 -80
112 16048 96
80 16112 352
80 16160 32
112 16160 208
96 16192 208
112 16160 0
224 16176 16
160 16224 80
112 16160 32
144 16176 80
144 16160 112
240 16160 112
160 16128 -32
144 16208 64
112 16256 96
144 16192 176
144 16192 224
128 16128 224
240 16176 64
160 16208 256
96 16192 224
80 16176 240
16 16112 304
16 16144 592
96 16144 256
128 16176 256
208 16192 160
144 16144 352
176 16192 64
224 16192 192
192 16144 336
96 16192 320
96 16192 160
112 16224 160
240 16144 80
384 16096 16
96 16192 208
96 16192 208
320 16192 192
320 16240 192
304 16176 208
320 16160 208
224 16176 256
176 16176 -32
112 16208 144
112 16304 304
112 16304 304
144 16256 464
160 16176 256
64 16256 288
144 16176 304
144 16176 96
-32 16160 96
-64 16160 176
48 16176 208
80 16096 128
192 16160 64
112 16128 128
112 16128 224
208 16160 224
128 16208 -48
144 16128 48
208 16080 256
144 16128 272
144 16160 320
288 16160 320
320 16160 224
288 16128 224
-32 16128 240
80 16160 272
208 16096 256
208 16064 176
192 16064 176
80 16192 176
-16 16192 160
32 16144 384
64 16144 192
208 16064 96
128 16096 128
224 16128 48
224 16192 -128
128 16192 -128
160 16128 -48
224 16096 16
64 16096 160
48 16176 48
48 16128 160
224 16128 384
208 16112 304
128 16096 208
112 16144 192
112 16208 112
176 16208 112
112 16288 208
224 16208 400
288 16144 240
288 16080 256
304 16080 256
240 16144 256
160 16128 48
128 16144 -160
192 16176 48
176 16240 256
256 16208 320
256 16208 448
176 16192 448
176 16128 544
144 16176 352
144 16208 256
144 16224 320
96 16224 144
208 16208 144
160 16176 240
144 16192 256
224 16192 224
32 16176 384
96 16176 32
96 16144 144
144 16144 144
208 16144 288
304 16112 208
208 16160 256
224 16224 208
256 16240 -16
224 16240 80
48 16208 224
48 16160 400
240 16160 400
176 16144 16
80 16224 96
176 16208 160
176 16208 208
240 16224 144
224 16224 144
240 16128 0
32 16208 112
80 16176 192
112 16176 144
176 16224 -32
256 16176 16
256 16176 -128
288 16176 -128
256 16176 80
304 16112 32
368 16144 48
368 16176 400
272 16144 384
160 16240 576
128 16240 576
176 16192 416
0 16128 432
16 16096 416
16 16128 240
80 16128 240
96 16208 144
112 16208 192
128 16224 256
112 16288 240
112 16160 272
112 16208 32
208 16208 256
256 16208 256
176 16192 0
128 16240 64
0 16192 112
0 16144 144
128 16144 272
112 16144 160
128 16144 160
144 16176 96
176 16224 128
192 16192 192
128 16224 176
144 16224 256
144 16160 352
112 16160 336
160 16176 336
128 16192 240
144 16128 160
96 16208 288
80 16224 0
80 16208 64
272 16208 304
240 16208 368
144 16240 368
192 16192 288
288 16144 448
320 16144 496
320 16144 208
288 16144 208
192 16240 208
160 16208 208
64 16144 272
176 16144 272
224 16176 -16
288 16176 224
288 16176 368
-16 16128 368
-16 16160 272
208 16176 144
160 16144 224
160 16112 304
240 16112 224
256 16112 224
192 16192 64
176 16208 128
144 16208 112
224 16176 32
288 16160 0
288 16192 -32
160 16192 -32
64 16272 16
32 16208 352
288 16176 304
304 16160 16
368 16096 96
448 16160 96
448 16160 144
320 16160 128
192 16160 80
304 16192 80
240 16272 144
112 16240 256
112 16224 112
112 16224 -224
80 16176 -336
64 16240 -336
80 16320 -144
96 16256 112
160 16192 144
192 16128 144
