startup(x,y,z):(176,16192,160)
1872 16544 416
2528 16144 1520
1616 16288 1248
1920 16416 1920
1920 16112 -288
1376 16112 -288
1392 16416 -960
752 16272 -32
704 16240 -192
448 16320 784
16 16256 1200
48 16128 1424
-32 16304 416
-32 16304 -192
176 16256 -192
192 16304 -64
288 16176 -176
112 16160 -368
-16 16208 448
-16 16208 352
-32 16208 352
96 16048 -336
32 16160 416
224 15968 -64
192 16080 16
192 16080 560
128 16080 560
240 16080 576
16 16160 352
16 16224 704
64 16144 416
64 16224 128
208 16224 -480
352 16240 -480
448 16144 -432
304 16176 -192
32 16176 -80
32 16128 464
-192 16128 288
16 16144 288
80 16176 64
-32 16144 256
96 16128 -48
128 16112 -96
128 16112 368
64 16176 368
0 16112 160
96 16000 512
-48 15920 384
-48 16384 464
-256 16384 -288
368 16128 -288
832 16320 192
3296 17232 -192
2752 15952 -160
1376 16080 -1968
1376 16080 -1536
1776 16208 -1536
1520 16240 -1328
80 16272 -416
272 15584 -944
608 15840 -992
608 16080 -112
-160 16080 -112
-208 16368 -352
-128 16288 -880
48 16256 -560
-32 16400 480
-32 16336 464
-16 16336 464
-240 16288 592
16 16160 -176
64 16160 64
64 16096 240
368 16096 240
144 16128 368
224 16256 160
240 16240 176
144 16256 16
144 16304 32
144 16304 432
160 16224 432
96 16128 576
160 16128 736
144 16112 352
224 16128 256
224 16080 -128
256 16080 -128
0 16128 -16
64 16160 80
-208 16128 208
-64 16160 -80
-64 16128 336
96 16128 336
224 16192 -96
-112 16176 -128
-64 16208 288
32 16256 656
32 16096 448
-80 16096 448
0 16272 624
96 16352 256
224 16288 -448
64 16240 -288
64 16176 176
64 16176 496
48 16144 496
96 16160 448
128 16016 544
176 16016 432
176 16032 192
144 16032 320
144 16128 320
96 16064 272
176 16128 192
160 16256 336
128 16240 224
128 16240 -80
96 16240 48
288 16240 48
352 16192 -192
192 16096 432
64 16064 400
64 16096 320
160 16096 336
16 16128 336
112 16160 432
48 16160 352
144 16176 32
192 16208 -112
192 16224 208
160 16224 272
240 16160 272
224 16160 336
208 16128 400
112 16144 208
112 16144 -96
160 16144 -96
288 16192 -160
224 16208 -192
240 16240 -160
144 16320 96
96 16192 48
96 16192 416
64 16160 416
304 16080 400
432 16128 48
176 15904 -272
176 15840 -32
-304 15840 -32
-176 16016 -240
176 16016 272
128 15984 160
-16 16112 192
304 16128 208
304 16144 416
64 16144 -288
176 16064 -288
-16 16112 -176
-208 16160 160
-176 16176 224
-176 16176 256
0 16320 208
-96 16304 208
48 16240 256
144 16320 -240
16 16208 208
16 16240 320
16 16240 416
160 16288 416
128 16192 -48
32 16224 112
32 16192 128
32 16160 -96
64 16160 -80
80 16112 -80
112 16160 80
128 16128 512
256 16128 544
192 16176 512
176 16256 336
176 16256 208
288 16160 208
224 16128 64
272 16176 128
256 16144 32
256 16208 64
240 16208 160
192 16240 160
128 16224 208
320 16224 112
240 16160 272
240 16160 288
208 16240 288
128 16208 160
160 16096 128
-48 16160 224
-48 16112 176
64 16176 -96
96 16176 64
0 16144 64
80 16160 208
144 16224 368
144 16272 160
160 16304 144
160 16304 16
160 16224 16
128 16176 272
128 16176 112
-32 16256 48
80 16208 112
80 16288 48
80 16288 48
80 16240 160
-48 16192 64
112 16192 80
144 16224 160
144 16208 336
96 16208 336
240 16208 384
176 16240 272
192 16176 256
176 16208 192
176 16208 -80
160 16208 320
48 16208 320
-32 16176 224
112 16208 208
128 16192 656
96 16144 432
96 16144 368
160 16144 368
32 16208 352
-48 16128 464
144 16192 160
64 16224 32
64 16256 -208
128 16256 48
208 16224 48
64 16224 -256
96 16128 192
144 16128 96
144 16112 96
352 16112 96
336 16096 112
320 16128 256
160 16224 352
16 16240 304
48 16160 176
112 16208 272
160 16128 400
160 16144 496
112 16144 496
-64 16112 384
32 16192 224
16 16208 256
272 16208 368
304 16208 288
-48 16256 128
160 16256 128
64 16192 128
48 16208 0
304 16192 224
80 16128 336
80 16128 448
-32 16144 448
64 16144 208
16 16144 112
112 16064 272
112 16144 288
192 16176 256
208 16176 256
224 16304 208
160 16240 192
224 16224 288
160 16112 192
160 16112 16
320 16112 16
336 16160 -96
304 16192 80
224 16176 224
224 16144 288
240 16144 144
352 16144 112
176 16192 112
208 16224 144
112 16176 80
128 16176 368
128 16176 368
96 16176 288
48 16192 288
64 16128 112
144 16128 -16
240 16128 112
192 16160 192
192 16160 256
224 16160 256
304 16224 160
128 16272 160
160 16240 272
208 16144 256
208 16144 64
288 16144 64
240 16176 368
128 16240 400
-80 16208 400
160 16208 272
160 16288 -32
192 16288 -32
256 16160 160
16 16240 368
96 16208 448
-64 16160 528
0 16176 384
0 16176 48
176 16192 48
176 16160 -192
176 16064 48
240 16144 -48
240 16128 144
240 16128 64
176 16128 208
272 16128 64
224 16128 64
240 16112 80
160 16064 448
208 16160 608
176 16128 400
176 16160 320
112 16160 400
16 16192 400
32 16112 560
112 16160 208
64 16192 288
-16 16240 -64
-48 16192 0
-48 16192 320
0 16224 320
-32 16208 368
64 16160 400
160 16064 112
208 16112 496
208 16112 704
240 16128 704
288 16128 -32
176 16192 192
144 16272 192
160 16240 352
176 16208 512
224 16176 480
224 16096 400
176 16096 496
128 16144 304
64 16144 304
16 16160 208
160 16224 160
96 16208 320
80 16192 320
256 16224 256
0 16224 240
240 16224 288
0 16208 288
0 16256 224
96 16112 400
16 16160 368
64 16112 208
64 16112 256
160 16144 144
176 16112 32
208 16128 32
112 16192 16
128 16160 208
192 16160 352
192 16192 256
96 16192 256
80 16208 112
128 16208 96
144 16176 80
112 16208 128
144 16160 192
208 16160 176
-32 16160 144
-32 16160 320
64 16192 320
32 16176 272
128 16160 304
192 16160 192
128 16160 144
128 16080 128
208 16080 128
208 16192 -144
32 16192 112
32 16160 48
64 16192 48
-32 16192 80
0 16176 144
96 16128 448
96 16160 256
16 16160 144
80 16208 144
112 16192 368
272 16192 272
272 16176 48
224 16176 -16
176 16128 192
112 16112 64
112 16112 48
208 16112 48
272 16144 192
320 16160 320
192 16160 432
192 16144 320
192 16176 192
176 16176 304
304 16144 160
128 16224 192
96 16224 192
-96 16160 224
-64 16176 192
32 16224 496
48 16208 368
48 16208 512
208 16208 288
336 16176 288
272 16144 112
272 16176 128
192 16272 -96
208 16256 128
208 16128 400
208 16128 400
96 16192 272
192 16192 336
-16 16080 352
-112 16128 288
-112 16192 368
-144 16192 336
112 16096 336
112 16080 240
96 16112 384
32 16176 -128
-64 16192 -32
240 16128 32
240 16192 96
224 16192 192
160 16208 192
160 16208 0
80 16160 32
-32 16128 96
112 16112 160
112 16144 176
128 16224 320
128 16224 48
64 16224 48
128 16144 224
176 16128 64
80 16160 240
80 16144 144
224 16144 112
288 16240 112
192 16192 160
80 16224 -128
112 16192 192
128 16224 -96
112 16208 32
112 16144 48
192 16144 48
144 16160 -32
144 16192 144
112 16176 240
160 16192 224
160 16208 80
96 16208 80
112 16240 320
48 16240 576
80 16272 576
176 16272 432
192 16224 512
-48 16128 432
-48 16128 320
160 16128 320
208 16128 288
128 16112 144
192 16160 144
160 16192 288
240 16096 320
192 16128 160
176 16160 528
208 16208 368
208 16080 192
192 16080 272
144 16112 272
272 16176 176
208 16208 176
240 16192 144
96 16144 80
128 16160 112
-96 16176 160
-96 16224 -48
48 16224 -48
256 16272 -256
320 16208 48
160 16192 432
160 16144 320
192 16240 48
176 16240 48
96 16224 32
80 16208 16
144 16176 112
176 16192 128
192 16240 304
176 16176 240
176 16144 352
