startup(x,y,z):(176,16192,160)
-400 16080 -32
80 16528 176
80 16528 2624
-2304 14144 2624
-4912 15744 -1744
-6240 16992 1440
-1504 17056 1456
-1712 16928 -2848
-1712 16256 -224
-288 16656 3856
-2272 16656 1984
-2096 16304 1984
-1296 16160 1216
-640 16320 1520
-640 16368 -800
384 16144 -912
384 16144 -192
736 16256 -192
368 16080 848
640 16176 320
304 16176 1088
576 16320 960
496 16032 -208
496 16032 -320
496 16032 16
288 16176 16
128 16128 -464
176 16080 144
176 16208 816
112 15968 256
80 15968 256
192 16176 384
320 16144 128
416 16176 -176
256 16208 112
208 16224 112
240 16208 432
240 16208 864
96 16256 864
16 16272 784
0 16320 400
112 16224 -112
272 16144 -288
304 16192 -112
224 16272 496
432 15936 -272
432 16336 992
-144 16336 -496
0 16176 -496
800 16176 80
352 16736 -288
1568 15504 -1248
1568 15664 -1024
-1328 15664 -1024
-128 16384 -1472
-720 16000 -2656
-448 16016 -1472
-1520 16128 192
-1984 15904 -80
-880 16160 544
-880 16160 336
-368 16064 336
-160 16112 -1216
352 16240 -256
0 16080 -80
-112 16080 384
-112 16336 768
-240 16336 768
-64 16272 656
288 16160 16
672 16112 -432
208 16256 -336
256 16208 304
256 16096 -176
144 16096 -176
-160 16336 544
64 16224 416
64 16256 224
-16 16256 304
-16 16256 -144
80 16256 -224
320 16240 112
208 16224 112
240 16176 -16
256 16176 240
384 16192 176
384 16240 448
480 16240 448
320 16080 -112
688 15952 -848
256 16144 -608
240 16176 -352
-80 16096 240
-80 16128 512
-112 16176 400
144 16112 336
80 16112 -448
176 16208 -448
400 16208 -704
128 16208 128
96 16224 448
96 16240 480
64 16240 400
64 16240 400
96 16176 -384
192 16192 -384
112 16192 -336
-16 16160 -96
144 16192 -128
144 16192 512
48 16112 512
128 16144 400
128 16144 208
64 16160 160
112 16208 -32
128 16128 240
128 16128 512
48 16160 512
160 16192 368
208 16208 256
320 16208 32
320 16224 -192
352 16336 -144
224 16336 -144
144 16224 304
176 16144 272
64 16176 544
16 16192 592
64 16160 128
128 16128 -32
128 16128 -32
176 16176 -32
272 16240 -32
288 16144 224
304 16176 128
336 16224 224
336 16192 368
288 16144 192
160 16160 160
160 16256 112
144 16256 112
80 16224 176
128 16192 64
80 16128 256
32 16080 368
144 16128 192
240 16176 80
240 16160 -112
464 16160 144
400 16112 368
240 16064 400
320 16112 400
192 16192 320
208 16144 -16
16 16144 32
16 16160 112
144 16160 112
400 16208 -16
272 16240 176
208 16320 192
448 16304 288
160 16304 -16
-16 16224 144
-16 16240 32
-48 16240 -16
160 16240 -16
112 16256 192
128 16208 640
64 16288 160
64 16224 304
160 16224 256
-160 16272 256
192 16272 -16
128 16240 -208
96 16224 96
176 16064 -112
32 16112 -64
32 16144 144
48 16144 144
224 16096 448
464 16128 256
224 16144 256
240 16144 256
240 16160 96
160 16096 288
192 16080 224
304 16112 80
304 16176 240
288 16176 224
192 16208 224
192 16160 80
192 16192 -96
176 16160 272
-32 16144 48
-32 16144 80
128 16192 176
160 16176 208
160 16176 160
192 16176 160
304 16160 336
192 16112 304
96 16192 96
96 16240 352
96 16224 272
176 16224 288
96 16160 288
144 16112 96
192 16176 256
272 16176 320
288 16176 560
176 16080 368
176 16080 256
160 16080 480
32 16144 480
176 16112 256
272 16144 368
208 16144 432
320 16096 336
320 16144 176
160 16112 240
160 16160 224
432 16160 224
352 16160 336
272 16080 320
240 16080 256
240 16160 320
176 16160 -192
320 16144 224
320 16176 224
96 16224 -16
224 16240 368
64 16144 368
144 16128 176
160 16128 480
176 16192 432
176 16144 592
192 16144 592
160 16096 464
144 16112 368
160 16032 256
32 16064 272
-16 16128 480
64 16176 464
80 16192 288
80 16192 528
16 16160 528
112 16192 400
-96 16272 320
144 16192 224
240 16192 160
240 16192 128
336 16240 128
112 16208 208
208 16256 112
96 16272 112
128 16128 192
80 16176 320
160 16176 224
160 16176 80
144 16192 80
256 16144 80
32 16240 -112
192 16176 160
112 16224 176
112 16176 -16
96 16192 128
96 16192 224
160 16112 224
208 16176 240
272 16192 96
160 16224 144
160 16208 64
96 16208 48
208 16240 48
272 16160 -112
224 16176 64
176 16224 176
112 16224 -32
96 16128 32
-48 16160 32
272 16224 -64
272 16224 112
192 16288 112
368 16160 -112
96 16224 176
160 16208 112
160 16176 176
-80 16176 336
16 16208 480
16 16192 400
144 16224 400
400 16256 208
400 16272 368
272 16208 224
432 16176 128
432 16176 144
448 16160 144
160 16176 224
112 16144 80
112 16176 -144
240 16128 64
16 16144 320
64 16128 384
64 16128 352
128 16160 352
128 16144 80
112 16144 208
208 16128 320
240 16096 256
240 16096 176
240 16128 176
288 16208 176
256 16192 176
272 16240 112
160 16224 272
128 16160 288
128 16192 336
112 16192 336
160 16128 128
272 16160 112
256 16176 240
352 16176 16
288 16176 80
192 16144 192
272 16160 192
304 16144 352
304 16112 288
320 16112 288
240 16160 272
48 16160 240
16 16176 272
16 16192 368
48 16192 160
48 16208 160
128 16112 288
32 16144 272
80 16192 272
240 16176 -32
144 16160 48
144 16160 336
32 16144 336
64 16160 208
304 16160 192
224 16240 160
272 16192 144
272 16128 16
256 16128 0
304 16160 176
256 16208 176
80 16192 160
64 16192 256
80 16144 224
80 16144 336
288 16176 336
272 16176 432
96 16192 176
-16 16144 208
64 16160 304
96 16096 272
224 16128 256
224 16128 304
240 16128 304
256 16112 208
48 16160 288
-16 16160 288
-16 16176 368
80 16176 384
80 16208 384
112 16224 160
272 16240 144
224 16208 192
320 16160 192
336 16112 176
320 16064 240
192 16176 304
192 16176 208
288 16176 208
80 16208 368
64 16160 368
144 16144 208
144 16224 256
192 16160 144
144 16240 240
112 16240 240
160 16176 384
64 16192 448
80 16128 352
-16 16144 320
-16 16144 272
0 16128 272
0 16128 336
0 16080 272
16 16160 48
96 16208 48
128 16128 256
128 16176 240
128 16176 240
-48 16224 160
160 16144 304
208 16144 416
208 16112 480
272 16112 80
144 16144 80
176 16208 0
288 16256 80
64 16224 144
208 16224 48
176 16224 176
176 16144 304
256 16144 304
224 16096 176
192 16064 48
224 16080 256
48 16096 272
48 16192 432
176 16192 336
256 16144 448
240 16192 368
224 16144 160
400 16144 160
240 16192 336
48 16224 288
64 16144 176
64 16144 160
112 16144 224
96 16096 224
224 16144 288
176 16144 352
192 16144 176
144 16176 224
-32 16144 112
-128 16144 128
-128 16192 -96
-80 16192 160
96 16112 128
-48 16144 240
64 16224 144
160 16176 288
160 16288 240
96 16288 64
16 16224 208
96 16176 208
112 16144 336
160 16208 240
224 16240 -80
112 16144 80
112 16144 32
128 16224 32
160 16128 64
96 16112 352
160 16048 208
240 16144 176
240 16176 368
272 16208 288
272 16208 560
224 16128 560
192 16160 496
0 16144 112
-48 16192 256
-48 16192 32
64 16256 256
-16 16224 256
16 16240 240
16 16208 400
112 16240 176
160 16160 192
128 16192 -32
128 16176 112
256 16176 32
144 16256 32
160 16240 208
208 16224 208
160 16192 416
128 16176 208
128 16176 176
32 16160 176
0 16160 176
-32 16144 336
32 16160 304
128 16096 384
112 16128 352
112 16128 112
96 16160 112
192 16144 144
80 16128 304
96 16208 336
96 16160 368
96 16160 304
96 16192 -48
144 16192 96
48 16256 96
0 16224 272
64 16144 240
256 16176 208
256 16160 96
208 16160 176
96 16160 176
112 16208 224
80 16176 448
144 16224 224
176 16160 128
64 16176 224
64 16160 96
80 16160 96
-16 16208 144
80 16144 368
64 16144 496
80 16208 400
80 16176 352
112 16192 224
112 16144 224
224 16176 224
