startup(x,y,z):(-320,16160,160)
1808 15888 4352
1152 17792 -3616
80 16544 -1216
80 16336 -96
2000 16336 -96
1520 16560 912
-704 16672 2544
752 16544 3024
1904 16368 1424
1632 15632 -1952
1120 15632 2144
480 16256 16
-1472 16160 608
2672 15696 1232
2672 14000 -2656
5616 14000 -2656
5936 14832 1728
4128 15136 -1968
704 16144 560
-1024 16144 1312
-384 16128 1328
160 15696 -32
160 16016 -1456
192 16016 256
144 15920 256
-176 16096 144
-240 16128 704
-240 16064 768
0 16048 464
0 16128 -944
-272 16128 -16
-128 16128 -16
-224 16176 272
-256 16112 432
-96 16032 224
-16 16112 512
-16 16128 -48
-224 16128 512
-288 16048 512
-256 16144 192
-240 16224 256
-80 16112 -160
-192 16192 -64
-192 16096 624
-272 16224 416
-272 16224 400
-288 16144 400
-80 16208 -144
-272 16240 -160
-320 16224 0
-320 16224 496
-416 16192 112
-272 16192 112
-336 16240 0
-224 16224 -176
-416 16208 96
-464 16176 288
-384 16240 320
-384 16224 128
-400 16224 80
-256 16176 80
-272 16128 16
-320 16176 144
-416 16288 192
-304 16224 352
-256 16256 112
-256 16256 -80
-112 16256 208
-288 16256 208
-256 16240 384
-240 16192 656
-304 16032 240
-208 16128 48
-208 16128 112
-96 16144 112
-240 16208 64
-320 16208 256
-352 16112 496
-288 16160 208
-304 16176 208
-352 16112 32
-352 16176 -112
-304 16176 -16
-240 16256 -16
-176 16144 64
-192 16096 368
-272 16112 208
-272 16160 288
-288 16160 528
-400 16160 208
-320 16096 208
-256 16128 208
-336 16160 384
-416 16128 16
-544 16096 304
-544 16128 592
-496 16128 288
-368 16176 288
-368 16112 544
-480 16224 768
96 16160 32
160 16112 144
160 16112 512
16 16304 240
-416 16304 240
-592 16432 560
-512 16336 240
-32 16064 -144
16 16048 -96
-64 16032 80
-208 16048 400
-144 16160 512
-320 16160 208
-320 16160 -48
-320 16208 -192
-320 16208 32
-320 16224 32
-384 16208 176
-224 16112 -208
-320 16176 176
-320 16128 432
-416 16128 368
-368 16128 128
-384 16160 128
-432 16224 240
-208 16320 -32
-224 16208 48
-384 16224 352
-384 16224 240
-368 16224 240
-208 16192 160
-64 16144 64
-32 16176 128
-288 16224 208
-288 16224 16
-304 16240 16
-432 16272 400
-240 16256 -64
-48 16192 128
-96 16240 224
-96 16224 256
-96 16224 560
-352 16192 560
-464 16208 560
-256 16192 544
-224 16192 352
-480 16240 144
-448 16240 288
-176 16176 288
-256 16160 -16
-208 16160 144
-256 16256 48
-288 16272 48
-288 16176 128
-96 16176 128
-144 16144 -80
-96 16144 -16
-192 16192 -256
-304 16192 112
-304 16192 64
-336 16144 64
-320 16160 -144
-192 16160 -128
-80 16160 0
-160 16160 128
-160 16272 112
-304 16272 112
-128 16176 80
-224 16272 -32
-272 16256 464
-272 16192 160
-336 16208 288
-336 16128 272
-352 16128 320
-336 16176 368
-304 16144 368
-112 16144 192
-240 16128 352
-272 16160 336
-272 16160 224
-144 16112 224
-224 16192 320
-288 16192 112
-352 16208 160
-192 16224 192
-192 16224 96
-208 16176 160
-208 16176 160
-320 16208 160
-224 16176 112
-400 16128 192
-192 16128 256
-192 16128 128
-96 16096 384
-240 16096 384
-224 16112 480
-224 16144 384
-256 16176 304
-128 16176 144
-128 16160 160
-32 16160 304
-176 16224 304
-256 16192 464
-176 16176 384
-160 16144 432
-160 16128 208
-176 16128 48
-256 16224 48
-208 16192 128
-144 16240 304
-256 16256 320
-304 16192 336
-304 16064 448
-256 16064 448
-272 16208 400
-256 16240 176
-352 16192 448
-352 16224 208
-432 16224 208
-352 16224 240
-224 16208 240
-144 16240 240
-112 16224 160
-208 16224 32
-272 16192 64
-272 16272 -80
-208 16272 -80
-256 16160 32
-240 16128 160
-240 16144 336
-240 16176 64
-240 16176 96
-144 16096 96
-208 16176 -32
-128 16112 224
-32 16128 64
-288 16112 176
-288 16128 256
-272 16128 176
-176 16144 176
-304 16112 192
-160 16160 96
-192 16160 16
-192 16224 160
-304 16224 48
-256 16192 80
-128 16144 80
-144 16096 160
-240 16064 336
-240 16048 192
-256 16048 80
-192 16080 80
-256 16160 400
-272 16160 416
-256 16128 368
-208 16176 272
-208 16176 240
-176 16096 176
-160 16096 176
-192 16144 112
-80 16208 160
-160 16224 288
-160 16192 -16
-224 16192 -16
-224 16144 512
-288 16176 336
-256 16192 240
-304 16176 192
-272 16176 288
-256 16176 448
-256 16208 256
-128 16208 80
-144 16176 80
-224 16288 -16
-160 16160 48
-160 16160 -32
-144 16160 32
-192 16112 32
-304 16160 128
-352 16176 144
-192 16144 176
-96 16176 160
-96 16224 -160
-384 16160 -48
-384 16160 -64
-448 16240 -64
-416 16240 -64
-352 16208 224
-336 16224 144
-336 16192 128
-432 16192 96
-416 16256 96
-576 16224 128
-496 16224 112
-256 16160 48
-224 16192 112
-336 16224 224
-336 16224 128
-192 16144 144
-336 16208 144
-288 16160 288
-288 16176 352
-272 16208 128
-176 16176 32
-176 16224 192
-208 16224 -160
-224 16192 -160
-240 16128 224
-336 16240 224
-560 16272 96
-560 16192 48
-320 16192 48
-256 16208 96
-256 16208 224
-336 16224 224
-320 16208 16
-400 16192 192
-304 16176 208
-416 16176 32
-416 16240 192
-576 16240 192
-368 16256 32
-256 16256 -128
-256 16304 -96
-336 16256 -96
-336 16224 32
-240 16224 80
-112 16192 80
-208 16176 240
-240 16096 288
-384 16192 112
-400 16208 192
-400 16192 -96
-224 16192 144
-336 16192 144
-416 16144 256
-304 16144 240
-304 16192 272
-288 16160 224
-288 16160 464
-240 16112 448
-256 16112 448
-48 16160 304
-224 16208 32
-320 16160 352
-320 16208 336
-320 16192 400
-432 16192 400
-352 16240 192
-256 16224 -80
-288 16304 80
-336 16224 96
-256 16288 192
-256 16288 80
-176 16224 80
-16 16176 -16
-64 16128 176
-144 16208 112
-144 16224 -80
-160 16288 80
-160 16256 96
-272 16256 96
-288 16224 112
-240 16240 240
-256 16144 272
-288 16224 320
-320 16176 160
-320 16176 128
-368 16256 128
-432 16176 320
-400 16128 352
-336 16192 16
-272 16160 128
-272 16160 96
-256 16160 80
-304 16160 -64
-288 16208 -64
-240 16256 80
-272 16272 288
-272 16240 416
-352 16240 272
-528 16256 272
-384 16176 288
-416 16144 352
-448 16256 288
-448 16256 -16
-448 16192 176
-400 16128 336
-336 16128 336
-288 16160 80
-192 16208 96
-80 16224 -80
-80 16160 144
-192 16160 144
-224 16240 208
-32 16208 176
-240 16240 -48
-384 16256 160
-384 16192 -16
-368 16224 -288
-208 16224 -288
-272 16240 80
-208 16288 160
-240 16272 208
-192 16256 64
-192 16256 256
-80 16144 256
-160 16144 256
-272 16160 336
-240 16160 400
-256 16208 192
-176 16160 144
-336 16160 176
-336 16128 592
-400 16128 592
-416 16176 448
-496 16160 304
-368 16176 304
-192 16192 176
-192 16192 416
-272 16112 416
-320 16192 0
-272 16208 0
-432 16240 32
-352 16208 96
-256 16128 240
-256 16128 352
-240 16128 352
-256 16224 320
-224 16224 96
-288 16256 -16
-288 16256 208
-256 16256 64
-192 16144 64
-240 16144 304
-208 16144 272
-304 16144 336
-240 16144 176
-240 16144 144
-144 16144 144
-48 16256 0
-368 16240 320
-288 16208 0
-320 16272 -96
-320 16272 176
-176 16096 176
-192 16096 80
-304 16208 144
-208 16128 288
-192 16144 160
-192 16144 336
-240 16144 208
-416 16144 208
-448 16192 288
-464 16176 480
-304 16208 512
-112 16176 336
-64 16176 400
-144 16208 272
-208 16176 320
-208 16176 144
-288 16128 144
-352 16160 80
-368 16208 336
-512 16176 336
-304 16288 16
-352 16208 16
-368 16192 144
-224 16192 128
-256 16160 64
-240 16192 -16
-160 16224 -128
-160 16192 -128
-192 16192 -128
-272 16160 144
-80 16144 48
-272 16144 192
-288 16272 -32
-288 16272 272
-224 16192 272
-240 16208 64
-160 16160 208
-272 16064 208
-112 16112 176
-112 16192 176
-240 16192 176
-192 16208 240
-176 16224 0
-240 16144 176
-208 16160 224
-208 16160 -160
-160 16224 -160
-208 16208 32
-256 16176 144
-160 16096 224
-192 16032 64
-192 16032 176
-368 16144 176
-336 16160 224
-224 16144 368
-288 16112 80
-288 16192 -112
-304 16144 48
-176 16144 -176
-192 16192 -176
-176 16208 0
-304 16256 176
-320 16240 128
-352 16208 16
-352 16208 80
-128 16112 80
-288 16240 192
