startup(x,y,z):(-176,16144,160)
1776 15456 944
3712 16528 -304
1936 16400 1472
1936 16352 2016
-1216 16352 1536
-448 16496 -416
640 15904 -416
144 15504 -1808
240 15520 1248
-416 16144 -528
-416 16144 1600
-944 15968 1600
-1216 16192 336
-880 16160 -416
-240 16208 -1536
-1056 16144 576
-1056 16096 -560
-3056 16096 -32
-3136 16624 944
-2016 16448 -1072
-48 15968 160
800 16208 -80
800 16384 16
224 16464 288
32 16464 880
-160 16400 880
-352 16448 880
-992 16176 1664
-2336 16400 288
-2240 16368 -1472
-2240 16304 -656
-976 16304 -1168
-752 16304 -1168
-352 16080 560
-320 16304 1024
-768 16496 592
-768 16480 384
-336 16480 -480
-16 16320 -480
-112 16336 -176
-288 16208 256
-416 16304 352
-64 16336 208
-64 16304 -176
-64 16304 -176
-16 16224 -368
-16 16144 336
-144 16160 608
-272 16208 384
-272 16208 16
-96 16224 16
-144 16192 272
-208 16304 368
-160 16416 144
-48 16304 256
-80 16224 32
-80 16224 48
-176 16272 48
-224 16192 192
-432 16240 432
-400 16192 528
-400 16112 544
-368 16112 176
-384 16176 176
-288 16160 16
-256 16192 -112
-384 16240 144
-464 16240 448
-464 16240 448
-448 16208 448
-320 16160 432
-320 16208 -48
-256 16272 224
-352 16240 224
-144 16144 96
-144 16224 240
-480 16304 -112
-480 16304 304
-480 16224 304
-416 15808 48
144 15872 -64
64 15904 -80
64 16160 -48
-16 16160 -160
-176 16128 -160
-128 16128 16
-368 16176 80
-416 16272 -160
-352 16224 32
-352 16160 80
-208 16160 128
-384 16176 128
-384 16288 -64
-576 16320 128
-384 16288 96
-384 16288 -112
-176 16304 112
-288 16176 112
-304 16224 128
-368 16224 208
-256 16272 240
-272 16352 112
-272 16192 -240
-208 16192 128
-208 16240 128
-144 16320 224
-176 16208 144
-288 16240 208
-336 16256 464
-336 16256 320
-416 16192 320
-368 16208 192
-368 16176 304
-416 16240 224
-480 16112 224
-208 16192 208
-208 16192 176
-128 16112 112
-224 16192 112
-208 16144 176
-240 16144 176
-240 16160 400
-320 16224 160
-400 16160 144
-368 16144 304
-336 16128 304
-336 16208 64
-352 16208 64
-208 16192 112
-208 16208 -80
-464 16224 448
-512 16240 320
-512 16160 80
-240 16160 256
-208 16176 256
-176 16192 256
-240 16176 -16
-272 16192 416
-16 16144 336
-192 16144 80
-240 16192 80
-208 16144 144
-144 16176 96
-224 16240 336
-176 16224 400
-176 16224 352
-192 16192 432
-208 16192 432
-400 16256 464
-352 16192 256
-256 16192 96
-256 16240 240
-240 16240 304
-288 16176 304
-256 16128 208
-304 16224 112
-272 16176 160
-256 16208 208
-320 16224 320
-320 16240 240
-400 16240 176
-272 16176 176
-256 16240 192
-272 16240 16
-336 16224 -16
-304 16320 -112
-368 16336 64
-368 16256 32
-288 16256 48
-144 16192 96
-352 16224 96
-384 16224 144
-352 16208 368
-448 16224 304
-448 16176 480
-448 16176 624
-400 16240 624
-256 16224 560
-400 16256 480
-368 16176 464
-224 16192 272
-240 16256 336
-240 16256 128
-336 16256 128
-336 16272 160
-288 16272 -16
-336 16288 80
-240 16208 112
-240 16208 176
-384 16176 176
-384 16096 176
-400 16160 32
-320 16160 48
-352 16112 224
-272 16128 384
-272 16144 -32
-176 16144 -32
-400 16176 -16
-352 16224 80
-256 16272 -48
-256 16256 176
-240 16176 352
-192 16176 64
-176 16144 64
-160 16208 96
-272 16176 0
-208 16128 -144
-336 16144 -32
-336 16208 -288
-272 16208 -288
-400 16176 -256
-304 16208 16
-240 16224 176
-272 16208 304
-320 16128 144
-240 16096 128
-240 16096 -48
-320 16160 256
-368 16160 256
-256 16160 480
-288 16176 496
-128 16192 400
-208 16224 272
-208 16224 272
-96 16128 272
-128 16128 208
-112 16128 144
-160 16096 416
-320 16144 288
-224 16112 128
-224 16048 16
-96 16048 16
-320 16160 -208
-336 16192 -32
-336 16160 16
-272 16128 32
-272 16160 192
-304 16160 32
-256 16208 32
-336 16208 80
-304 16160 176
-224 16160 352
-416 16192 304
-416 16112 512
-384 16112 256
-368 16192 256
-416 16224 432
-240 16192 336
-240 16160 352
-288 16208 208
-288 16208 288
-272 16304 288
-208 16272 224
-304 16256 240
-304 16112 128
-304 16208 -16
-256 16208 48
-288 16288 48
-352 16272 144
-288 16224 272
-288 16176 336
-80 16176 176
-64 16096 176
-192 16112 80
-176 16128 -64
-176 16128 304
-128 16128 304
-224 16112 160
-208 16192 144
-240 16208 224
-240 16208 -16
-336 16240 144
-176 16176 144
-96 16176 208
-160 16176 192
-176 16160 112
-272 16176 32
-272 16192 80
-256 16192 256
-208 16112 256
-176 16112 80
-160 16176 -48
-160 16208 -96
-160 16288 -96
-192 16288 0
-272 16240 0
-320 16224 160
-256 16176 224
-304 16256 192
-208 16208 160
-208 16256 192
-368 16256 192
-336 16224 176
-432 16240 192
-336 16304 112
-352 16256 112
-352 16256 64
-304 16240 64
-320 16224 -16
-240 16208 304
-192 16176 160
-128 16224 176
-192 16144 160
-192 16144 32
-272 16256 32
-416 16176 128
-288 16208 144
-336 16256 224
-352 16256 368
-352 16192 288
-352 16160 128
-112 16224 64
-256 16224 128
-256 16224 128
-368 16272 272
-288 16192 352
-256 16176 304
-256 16176 80
-256 16144 80
-320 16224 160
-304 16256 48
-432 16240 368
-352 16256 288
-352 16176 208
-320 16176 208
-256 16208 0
-304 16272 128
-192 16208 48
-224 16112 48
-224 16208 208
-304 16208 208
-304 16160 208
-336 16176 160
-320 16256 256
-352 16288 192
-400 16272 -48
-224 16208 96
-224 16208 64
-352 16192 64
-304 16160 96
-128 16208 176
-144 16208 256
-144 16208 224
-112 16192 208
-208 16176 208
-32 16144 160
-160 16144 208
-192 16192 272
-240 16256 96
-240 16240 0
-176 16240 -208
-240 16224 -208
-192 16224 32
-112 16224 -112
-32 16176 48
-320 16288 224
-320 16144 176
-224 16224 400
-240 16224 320
-256 16240 368
-256 16192 272
-256 16192 -208
-112 16144 -208
-272 16144 192
-208 16288 176
-160 16288 112
-160 16176 128
-128 16176 176
-256 16064 176
-256 16112 416
-208 16128 224
-272 16208 -48
-144 16256 144
-224 16256 208
-416 16176 208
-320 16192 48
-256 16256 80
-288 16144 224
-288 16176 176
-144 16176 112
-144 16240 112
-352 16240 176
-336 16240 336
-336 16256 336
-304 16224 416
-304 16288 176
-304 16288 176
-352 16240 112
-400 16240 512
-320 16208 448
-272 16144 160
-272 16144 80
-256 16256 80
-240 16208 160
-368 16192 256
-256 16160 256
-160 16176 256
-240 16176 288
-240 16144 240
-240 16144 288
-352 16208 48
-304 16144 -32
-304 16144 176
-368 16176 176
-400 16224 288
-304 16224 240
-256 16256 208
-112 16224 320
16 16272 256
16 16272 208
-80 16144 208
-320 16208 208
-400 16224 176
-304 16160 224
-304 16176 256
-368 16176 224
-464 16240 224
-320 16224 320
-384 16304 384
-400 16320 384
-416 16256 416
-416 16128 272
-240 16128 -240
-64 16160 -80
-288 16144 208
-544 16224 208
-448 16144 304
-480 16144 272
-480 16144 288
-304 16096 400
-192 16096 400
-256 16160 432
-304 16208 176
-400 16224 224
-400 16208 304
-416 16208 304
-288 16208 -48
-352 16192 304
-432 16240 96
-384 16112 352
-384 16256 208
-304 16160 160
-304 16160 192
-160 16144 192
-192 16192 80
-448 16208 224
-320 16256 -80
-240 16176 -32
-224 16256 -32
-240 16240 32
-240 16240 64
0 16160 64
-112 16208 128
-272 16256 208
-176 16144 208
-176 16288 240
-176 16192 320
-128 16192 -192
0 16224 -112
-272 16192 -64
-224 16128 256
-480 16160 304
-480 16224 288
-256 16224 192
-336 16272 112
-304 16272 112
-224 16240 256
-320 16176 304
-576 16144 208
-576 16208 192
-304 16208 -128
-224 16192 -128
-192 16224 -16
-336 16224 208
-384 16224 80
-448 16128 48
-384 16176 208
-384 16128 0
-320 16128 0
-240 16160 -16
-240 16112 144
-416 16096 352
-416 16160 128
-336 16160 64
-288 16144 64
-160 16160 80
-320 16224 224
-368 16112 320
-304 16160 352
-288 16224 320
-160 16160 400
-128 16160 320
-240 16176 -80
-288 16160 96
-288 16208 -64
-208 16144 -48
-208 16176 -128
-272 16176 -128
-272 16240 -128
-368 16256 32
-352 16240 272
-304 16304 80
-240 16208 64
-240 16256 -192
-128 16256 96
-208 16208 96
-240 16160 16
-464 16160 208
-416 16176 -16
-416 16240 -96
-368 16240 -96
-320 16320 112
