startup(x,y,z):(352,16080,192)
5088 15408 496
-512 17584 2944
-512 18512 17792
8960 22624 6368
16144 20640 -4656
6304 21440 -5216
-5792 13328 -18928
5232 14496 -25456
11200 16912 -14608
-7312 16864 9024
9696 12208 -3184
-3024 13312 4560
-17552 15872 1696
-17552 16384 2032
-9792 16432 2032
-1168 14368 15648
-12688 18480 22736
-3824 17568 14880
5296 17376 9600
5296 17888 9600
-1296 17680 5680
5552 19072 -5424
8256 17744 -6064
4112 16928 -6048
1616 15488 -560
656 15808 1872
656 15808 5936
-672 15184 5936
176 15328 10832
2080 16016 16720
9264 15552 6000
9264 17456 2560
928 17456 2640
-1600 18928 2640
-1664 16880 -9376
-448 17216 -9472
-4048 16544 -11200
3024 14640 -5584
3024 14112 3344
-480 14112 -4320
-2672 13488 -4320
2128 14704 -5760
1744 16128 -1040
512 16000 -944
512 16160 816
2864 16160 2448
3712 15328 2448
2608 16112 4400
2896 16096 6016
368 15952 2816
-560 16288 3792
-560 15040 -10816
5056 15040 1424
-416 16320 1424
-2096 16896 8512
400 15264 4944
128 15264 3456
128 15264 1936
1216 16512 1936
496 16016 6464
240 15728 4608
-1504 16080 -4928
-448 16992 -5408
-1168 16272 -2960
-1168 16272 -4576
848 16000 -4576
-256 16032 -6464
176 15936 -3952
864 16176 -80
864 16352 3168
224 16352 3168
1088 16256 976
1392 16336 1568
320 16064 1904
-6816 16432 -7392
-3792 16656 -3040
96 16208 400
2352 15856 2016
2352 15856 2784
-704 15728 2784
2208 15520 1952
512 15744 4400
176 15952 3136
64 16048 1440
-64 16336 3472
-64 16336 800
816 16480 800
976 16016 -1264
464 16208 -1712
768 16304 -1152
1056 16224 -160
1056 16224 -400
640 16192 -400
928 16256 -832
912 16256 -256
80 16096 -576
384 15888 -4624
384 15888 -2544
-496 16192 -2544
-96 16272 -768
480 16208 -64
-496 16128 736
-496 15984 80
464 15984 1264
64 16144 1264
176 16032 1296
784 16000 320
608 16112 1312
352 16176 1824
416 16176 1488
1184 15984 1488
576 15968 448
672 16128 -352
672 16192 -128
672 16032 336
432 16032 336
496 16064 448
224 16192 480
272 16176 352
224 16080 560
224 16176 16
128 16176 16
240 16176 -1040
320 16208 -1392
400 16208 -1568
480 16208 -960
480 16208 -848
272 16144 -848
656 16000 -176
528 16000 -176
368 16048 112
480 15968 368
288 16064 880
560 16144 1008
560 16112 784
288 16112 784
336 16128 656
384 16128 896
400 16160 768
400 16112 672
560 16112 672
304 16064 672
496 16160 464
528 16176 144
480 16128 -384
480 16128 -592
480 16128 -592
400 16160 -720
336 16144 -304
400 16128 144
560 16176 192
560 16176 576
416 16192 576
448 16224 192
368 16128 -192
384 16256 -160
384 16240 64
480 16192 432
368 16192 432
448 16160 704
464 16080 736
432 16048 368
304 16112 496
304 16112 512
304 16160 512
400 16128 272
432 16128 288
432 16160 32
432 16160 -272
384 16160 -336
416 16128 -336
352 16160 48
368 16176 160
416 16112 256
416 16128 160
352 16128 160
256 16144 160
352 16128 96
448 16016 320
400 16064 464
400 16128 256
400 16128 256
400 16224 320
480 16176 400
432 16160 304
432 16112 -16
432 16112 -16
288 16160 -16
352 16016 -32
448 16064 -64
240 16096 48
240 16032 16
352 16032 192
352 16080 192
480 16128 112
400 16192 96
384 16208 256
384 16208 224
384 16208 224
272 16256 336
240 16144 400
336 16176 480
336 16176 352
432 16160 352
368 16144 256
240 16192 160
288 16208 80
256 16128 192
256 16128 80
384 16128 80
384 16016 80
304 16112 160
304 16112 96
304 16176 -64
336 16176 -64
336 16272 -336
512 16160 -224
496 16160 80
576 16224 80
576 16224 112
464 16224 16
496 16176 16
512 16208 176
512 16144 256
528 16144 416
528 16144 448
496 16144 448
400 16176 304
432 16160 160
384 16096 400
384 16096 176
400 16096 176
352 16144 480
368 16128 368
384 16048 288
304 16144 160
304 16144 32
448 16192 32
480 16176 32
496 16160 -64
464 16160 160
464 16112 352
352 16112 240
560 16144 240
544 16128 304
464 16208 288
528 16128 -32
480 16064 272
512 16144 496
528 16224 176
448 16208 176
384 16192 208
320 16272 304
368 16224 16
368 16224 144
240 16224 -16
496 16192 -16
432 16208 480
288 16208 512
256 16176 448
256 16176 384
336 16240 384
352 16176 416
432 16128 320
144 16064 400
320 16128 384
320 16128 240
256 16176 240
176 16160 256
304 16176 576
464 16176 480
464 16144 128
464 16144 128
416 16112 96
448 16064 320
496 16144 32
416 16128 -128
416 16128 -96
400 16128 128
256 16080 128
256 16080 288
224 16128 320
448 16096 224
448 16176 256
384 16176 256
192 16144 304
224 16208 416
224 16192 416
480 16160 336
272 16160 368
304 16176 368
512 16240 224
368 16208 112
432 16064 176
304 16096 368
304 16096 128
368 16144 128
368 16160 160
528 16160 288
448 16112 192
448 16128 336
432 16128 336
448 16144 128
544 16224 176
608 16208 -48
496 16144 208
496 16080 112
448 16080 112
272 16160 192
192 16144 304
288 16176 320
288 16208 384
400 16208 496
464 16128 496
528 16192 512
464 16128 368
384 16096 352
400 16096 384
400 16080 384
384 16144 336
400 16144 112
272 16128 176
272 16128 272
352 16064 272
368 16112 128
400 16176 240
320 16192 224
320 16176 96
368 16176 272
336 16128 272
448 16160 112
352 16144 16
352 16256 288
352 16256 352
384 16176 352
496 16160 160
336 16112 208
432 16160 304
416 16096 304
416 16096 384
400 16160 384
480 16176 320
352 16080 304
432 16096 272
432 16064 208
544 16064 208
496 16160 -16
480 16288 240
608 16128 336
480 16112 256
480 16096 128
544 16096 128
512 16128 160
512 16160 80
416 16208 96
384 16176 112
384 16176 -96
384 16208 -96
368 16160 192
352 16160 224
576 16128 112
416 16112 176
416 16064 400
368 16064 400
416 16032 288
384 16112 192
512 16064 192
608 16064 176
608 16192 128
464 16192 128
448 16160 272
400 16128 192
512 16176 128
400 16176 192
432 16224 224
432 16208 208
352 16208 208
416 16272 -48
560 16176 16
352 16176 48
288 16144 64
288 16144 80
400 16160 80
400 16128 192
480 16112 96
384 16160 320
384 16112 592
368 16112 624
368 16064 624
448 16128 432
496 16096 128
416 16176 256
416 16208 112
432 16208 112
352 16128 304
224 16128 304
80 16112 176
80 16080 208
352 16080 128
448 16112 128
480 16064 32
576 16064 400
912 16064 304
912 16032 320
912 16032 272
736 16192 272
512 16208 416
512 16144 320
368 16224 320
368 16224 240
288 16144 240
304 16208 288
320 16192 320
288 16128 288
384 16144 288
384 16144 352
288 16160 352
384 16128 352
400 16032 208
336 16128 240
336 16096 272
208 16096 272
320 16144 208
416 16128 16
400 16176 288
368 16112 224
368 16160 288
448 16160 288
336 16160 336
336 16112 144
416 16080 224
416 16096 -48
240 16096 576
368 16112 576
320 16096 608
544 16176 240
512 16192 192
512 16096 96
-288 16096 96
3104 15792 -208
1184 15888 -80
880 16032 1360
880 16000 576
1904 16000 -80
704 16064 -80
464 16176 -880
512 16144 0
496 16096 112
496 16112 112
640 16112 112
208 16160 272
288 16144 96
224 16256 -96
272 16256 112
272 16256 -80
352 16144 -80
496 16080 32
512 16160 288
432 16112 416
432 16064 480
576 16064 400
352 16096 400
368 16032 352
368 16096 256
464 16080 304
464 16176 -128
560 16176 -128
464 16112 240
448 16160 112
496 16144 512
496 16176 496
272 16208 160
352 16112 384
352 16224 48
480 16224 48
464 16208 80
464 16144 176
448 16112 400
448 16112 480
384 16112 464
160 16096 464
288 16096 96
272 16096 176
240 16112 96
240 16112 48
144 16128 48
208 16240 48
144 16176 128
304 16112 352
368 16128 304
368 16128 80
336 16144 80
464 16128 -48
432 16128 -208
416 16048 160
448 16128 112
448 16128 240
496 16128 240
448 16144 240
512 16176 -96
592 16032 -112
592 16112 -16
544 16112 112
640 16096 112
432 16112 160
496 16096 192
496 16096 144
416 16112 32
416 16112 320
448 16224 320
480 16160 192
400 16080 448
