startup(x,y,z):(352,16080,192)
-240 15920 1984
128 15488 4000
1024 16224 2720
1168 16016 608
1904 15616 160
1056 15728 -2064
384 16080 -2688
336 16064 -2688
336 16176 -2000
544 16176 -1248
240 16224 -1248
-64 16160 16
16 16160 608
3968 15408 -8960
544 16000 -4592
544 16448 272
-464 16448 1184
-464 16432 1184
-1824 16336 3104
-240 16368 3328
128 15952 5200
-16 15984 5760
496 15920 1600
448 15920 1936
1136 16240 1936
608 16192 2384
1744 16000 -48
368 16160 -896
368 16272 -160
400 16272 960
608 16208 1232
656 16192 1232
16 15936 -3792
-656 16288 -1008
-256 16368 1248
496 16272 -240
496 16272 -384
-1056 16128 -384
240 16224 256
544 16336 256
464 16160 0
656 16080 -880
352 16288 -32
32 16288 480
624 16000 -80
624 16000 736
1008 16064 736
560 16192 528
928 16016 512
704 16032 128
560 16144 592
560 16144 1392
368 16144 1392
304 16176 1376
240 16096 1152
528 16144 1056
448 16144 416
432 16112 0
432 16128 -304
448 16128 -304
640 16144 -640
464 16112 -1152
544 16176 -752
336 16256 -48
336 16144 48
320 16128 -176
416 16096 144
384 16096 144
240 16208 352
240 16208 336
192 16144 352
352 16128 496
352 16128 768
400 16112 768
384 16160 624
544 16064 768
576 16240 640
576 16160 192
416 16240 144
416 16160 -96
432 16160 -416
544 16208 -416
560 16208 -432
368 16208 -192
352 16080 32
368 16112 -128
480 16128 -400
480 16208 -128
336 16208 -128
304 16128 32
592 16080 368
576 16112 576
496 16128 672
512 16096 608
512 16128 624
512 16128 704
512 16032 704
400 16064 496
448 16032 320
448 16096 464
320 16128 96
480 16192 48
432 16208 -160
432 16208 -32
352 16128 -32
352 16208 -272
304 16080 -32
304 16112 96
400 16112 208
400 16176 272
400 16176 272
304 16128 256
368 16112 256
336 16144 352
400 16160 384
336 16112 640
416 16144 416
416 16144 656
368 16128 656
512 16128 544
496 16192 336
336 16192 320
352 16208 -144
320 16160 32
368 16128 -48
304 16112 64
304 16112 128
352 16128 128
368 16128 -16
448 16144 112
512 16128 240
448 16112 384
320 16112 592
336 16128 480
336 16176 320
432 16208 272
432 16208 320
304 16112 320
352 16176 384
304 16144 448
256 16144 400
272 16160 -16
272 16144 0
272 16144 0
352 16112 0
496 16080 144
464 16112 80
464 16048 128
512 16096 176
464 16112 240
464 16128 112
288 16128 272
320 16128 272
432 16176 272
400 16176 256
400 16144 352
320 16112 288
320 16112 304
256 16128 288
352 16128 288
368 16096 288
448 16160 432
368 16128 64
384 16160 160
384 16160 224
416 16176 288
320 16160 288
368 16112 128
480 16064 208
432 16128 352
304 16080 272
352 16112 128
352 16128 272
304 16128 272
240 16112 272
320 16144 480
528 16064 304
560 16128 256
592 16080 224
384 16240 224
432 16176 16
448 16160 0
400 16160 112
400 16160 128
416 16160 128
448 16160 144
352 16096 272
368 16192 144
576 16288 336
496 16208 320
496 16192 192
496 16192 368
544 16144 448
464 16128 448
528 16128 352
416 16160 352
384 16128 320
416 16096 304
416 16096 480
368 16064 480
560 16112 512
528 16064 192
560 16160 112
528 16128 -80
432 16144 64
304 16192 288
304 16144 160
336 16176 160
384 16080 64
432 16096 -112
448 16080 96
368 16112 368
368 16112 288
384 16160 288
272 16224 352
368 16160 384
512 16096 352
512 16096 256
704 16192 208
704 16192 320
576 16192 112
416 16192 112
448 16192 448
464 16224 304
272 16128 160
240 16096 224
288 16192 208
320 16144 80
464 16064 96
464 16144 224
288 16144 224
368 16128 464
528 16208 336
544 16160 352
448 16080 208
592 16144 144
592 16192 112
448 16192 16
576 16128 192
464 16096 192
448 16128 352
320 16224 352
336 16192 240
384 16192 96
384 16144 96
624 16144 192
448 16144 192
400 16144 96
352 16176 96
416 16080 64
400 16144 48
416 16208 288
416 16144 272
368 16144 272
432 16176 256
400 16096 304
448 16128 96
416 16064 64
416 16080 160
384 16080 48
336 16112 48
208 16176 192
368 16096 96
432 16112 368
432 16096 288
448 16096 208
448 16096 304
352 16176 304
368 16128 272
448 16128 528
496 16160 576
480 16160 336
512 16176 368
416 16160 320
464 16192 288
464 16224 144
496 16224 144
336 16192 400
352 16144 464
240 16160 432
480 16080 368
480 16096 256
560 16096 192
464 16144 192
352 16176 144
528 16192 96
496 16208 240
384 16224 256
384 16224 64
384 16224 256
352 16176 256
320 16096 224
416 16064 416
512 16064 80
496 16112 288
496 16112 240
384 16144 240
576 16176 272
416 16224 272
432 16208 160
544 16208 144
448 16128 304
448 16112 352
368 16112 352
272 16192 288
416 16160 208
432 16144 304
464 16048 368
464 16080 624
416 16144 416
368 16256 336
368 16256 336
416 16128 272
544 16096 128
432 16112 560
432 16192 464
432 16192 352
432 16144 432
480 16144 176
512 16144 176
464 16160 224
368 16160 128
384 16080 336
320 16112 272
320 16192 48
304 16192 48
368 16112 80
480 16144 0
384 16160 80
464 16112 208
720 16176 80
608 16112 224
368 16192 224
368 16160 352
432 16160 496
432 16192 496
352 16112 336
400 16096 320
448 16064 272
448 16176 432
352 16176 432
288 16176 336
304 16192 256
416 16208 224
320 16160 80
304 16144 80
384 16096 144
384 16096 144
224 16192 144
320 16176 272
368 16144 400
336 16080 512
368 16192 416
368 16192 -32
496 16128 -32
576 16176 64
400 16128 64
288 16064 288
432 16032 208
320 16128 304
320 16176 400
320 16176 288
288 16048 272
352 16080 368
352 16192 368
368 16144 288
464 16144 288
352 16112 336
496 16096 384
368 16064 16
368 16048 176
384 16048 176
304 16160 -16
432 16176 16
352 16208 -96
496 16224 -64
320 16144 112
320 16144 208
256 16096 176
304 16096 -48
416 16128 -48
448 16112 144
320 16144 0
400 16096 0
400 16128 144
400 16128 144
400 16048 320
320 16064 224
432 16048 64
432 16080 64
336 16128 256
272 16128 384
272 16128 304
336 16128 304
336 16064 288
416 16080 64
384 16096 240
384 16112 256
416 16112 288
544 16112 288
464 16176 272
400 16128 160
432 16144 -112
416 16128 80
384 16144 448
384 16256 288
352 16256 288
528 16224 240
432 16288 368
368 16272 224
512 16224 128
352 16224 192
352 16208 192
400 16208 144
512 16160 160
512 16160 160
480 16144 32
768 16080 48
784 16128 288
784 16176 512
512 16176 224
320 16288 224
192 16240 176
288 16160 160
368 16144 128
336 16176 160
448 16192 208
448 16192 240
528 16192 368
288 16176 368
224 16304 560
2064 16352 16
-64 16400 -1200
320 16176 -144
320 16176 0
1264 15872 0
2016 15824 256
1776 15936 112
320 16016 704
416 16144 528
336 16208 -112
816 16176 -112
480 16096 336
544 16032 368
448 16112 96
416 16192 64
416 16192 32
368 16080 32
336 16064 336
256 16096 384
368 16160 272
400 16080 368
416 16032 384
416 16144 224
224 16144 224
288 16160 544
352 16192 160
384 16144 160
400 16128 96
496 16048 -208
496 16064 -160
528 16128 -32
528 16080 304
448 16080 304
320 16160 240
464 16112 272
528 16176 512
464 16096 352
304 16128 288
304 16080 160
400 16080 160
432 16080 384
416 16048 416
368 16080 288
272 16128 528
448 16112 272
448 16144 576
480 16144 288
544 16144 288
544 16112 320
480 16256 80
384 16240 -160
368 16224 224
368 16176 432
528 16160 240
528 16160 224
560 16064 224
416 16096 192
480 16064 464
464 16128 352
464 16096 288
448 16096 400
336 16096 400
224 16032 352
416 16048 80
352 16096 192
352 16096 192
496 16080 112
496 16080 -144
480 16112 -144
320 16192 96
336 16192 224
384 16224 -128
304 16256 32
320 16176 176
320 16224 48
352 16224 48
384 16128 16
432 16096 144
448 16128 224
560 16192 224
384 16240 352
