startup(x,y,z):(640,16160,272)
-1280 16112 -976
-48 16048 -688
-1488 16096 -112
80 16208 -384
-464 16224 960
-464 16256 -192
-1056 16256 -192
-1552 16240 -576
-1360 16208 -480
-1552 16160 -528
-1968 16304 -512
-736 16304 -656
-736 16304 -64
-960 16416 -64
-592 16416 464
-336 16400 672
-256 16272 464
-224 16320 464
-32 16208 448
-32 16208 112
-240 16208 112
32 16080 -208
352 16144 -96
464 16128 64
512 16112 480
256 16144 656
432 16112 672
496 16144 416
496 16144 144
688 16208 144
592 16208 -192
784 16160 -240
400 16176 -112
400 16208 -96
688 16208 -64
880 16176 -64
880 16160 240
880 16160 288
928 16176 16
832 16272 -256
784 16256 -432
784 16192 -240
896 16192 -368
576 16208 -368
624 16288 -320
656 16240 -16
576 16224 320
576 16192 400
656 16192 400
560 16176 304
672 16208 192
624 16208 16
544 16192 272
672 16192 -128
672 16176 -352
608 16176 -96
560 16176 -64
624 16192 0
576 16144 144
656 16208 384
640 16256 304
720 16224 80
720 16192 -16
608 16192 -16
592 16192 144
464 16240 80
592 16240 224
592 16176 432
640 16208 432
640 16208 288
512 16240 288
608 16144 32
560 16224 -80
480 16144 -176
464 16080 80
608 16048 128
608 16016 240
640 16016 384
640 16064 384
640 16256 336
688 16224 304
592 16176 112
560 16192 -96
560 16256 -32
544 16224 48
544 16192 16
496 16192 -192
592 16160 -192
624 16160 -64
640 16048 16
672 16128 240
672 16176 208
624 16176 416
592 16144 416
608 16160 240
512 16112 0
592 16144 128
656 16144 176
688 16192 208
720 16112 272
720 16208 528
704 16208 528
592 16160 400
640 16208 352
592 16288 256
592 16224 336
544 16160 176
544 16208 192
528 16208 144
704 16112 144
704 16176 112
512 16192 32
640 16192 48
640 16240 144
656 16240 80
736 16256 80
720 16256 -144
496 16208 48
576 16224 -160
624 16160 16
624 16096 144
640 16096 144
672 16128 192
544 16128 112
608 16064 128
608 16128 32
624 16128 112
688 16144 112
736 16160 128
640 16160 112
688 16128 176
560 16112 416
560 16112 608
576 16096 608
592 16112 368
544 16096 336
656 16032 192
656 16112 528
624 16112 176
624 16096 176
608 16112 320
768 16128 272
624 16176 384
656 16144 304
656 16192 320
720 16192 320
608 16176 192
608 16128 0
672 16144 112
672 16208 32
592 16208 80
608 16224 80
688 16192 320
640 16160 384
624 16112 240
624 16144 400
592 16144 272
640 16192 272
608 16192 272
656 16208 304
704 16208 144
704 16192 208
752 16192 208
736 16224 144
736 16160 176
480 16160 304
592 16240 384
592 16192 208
624 16192 96
624 16176 96
688 16208 144
560 16176 64
480 16176 112
480 16192 176
592 16192 176
528 16160 -16
544 16160 -16
496 16272 16
560 16240 96
560 16240 224
736 16080 144
688 16176 16
624 16096 -128
624 16128 400
720 16128 96
816 16080 96
688 16128 96
592 16144 160
720 16240 80
720 16208 176
640 16208 176
656 16208 -160
544 16224 352
640 16224 96
640 16192 -32
640 16208 0
576 16208 0
656 16224 288
736 16192 240
608 16128 272
576 16128 256
576 16144 96
576 16144 96
688 16176 64
576 16224 64
640 16288 80
560 16240 384
560 16240 48
480 16256 48
624 16272 192
624 16192 64
432 16208 48
560 16176 368
576 16176 208
720 16128 208
720 16176 128
656 16176 272
736 16096 272
704 16112 208
816 16112 80
608 16160 -32
608 16176 64
784 16176 64
704 16224 128
640 16224 64
720 16208 -80
608 16240 32
608 16208 -272
544 16208 -48
480 16176 -48
528 16128 112
464 16240 224
672 16224 320
672 16160 272
576 16160 272
720 16272 64
576 16176 128
592 16192 -64
512 16144 224
512 16144 240
608 16096 240
416 16160 128
656 16192 -16
768 16112 96
768 16096 64
688 16096 144
672 16160 144
672 16176 176
832 16160 272
768 16176 176
688 16144 128
688 16144 -32
592 16112 -32
432 16160 144
544 16304 272
688 16240 128
688 16224 192
736 16224 336
576 16304 336
608 16240 208
688 16224 176
672 16160 352
672 16144 400
560 16144 400
544 16176 256
544 16128 272
496 16144 160
576 16144 64
576 16128 32
528 16128 32
496 16144 32
576 16096 272
640 16128 320
608 16128 192
608 16128 160
688 16128 160
608 16144 16
496 16128 144
656 16128 48
560 16112 48
560 16112 80
480 16192 80
592 16096 0
496 16128 528
528 16144 352
528 16208 384
656 16208 384
688 16256 256
592 16208 272
512 16176 400
528 16144 176
528 16144 144
640 16208 160
640 16176 160
528 16208 448
592 16176 384
672 16192 80
848 16080 144
768 16128 288
768 16176 176
592 16176 208
560 16096 -32
688 16176 -32
560 16192 128
720 16208 32
688 16192 176
688 16080 192
560 16176 272
512 16176 128
416 16176 128
592 16240 64
592 16192 -64
576 16208 64
576 16208 272
448 16192 336
576 16176 224
576 16192 208
688 16192 208
576 16144 176
720 16192 144
704 16240 304
496 16240 272
496 16272 224
800 16160 224
640 16192 272
624 16192 96
672 16240 96
624 16304 320
432 16272 240
512 16240 160
512 16224 288
656 16224 416
656 16144 416
432 16112 384
592 16112 416
560 16176 320
528 16208 224
384 16208 320
512 16208 176
512 16144 176
496 16144 176
624 16192 400
704 16192 384
656 16224 176
576 16208 128
592 16208 128
592 16176 128
688 16160 144
688 16128 176
736 16128 176
464 16160 304
560 16224 160
608 16192 336
608 16240 64
688 16224 112
688 16224 128
784 16208 128
816 16192 224
720 16224 208
544 16240 144
512 16160 176
720 16160 -144
720 16128 80
704 16128 -80
768 16176 -80
784 16240 -64
720 16240 0
736 16224 0
720 16240 256
720 16240 320
800 16208 400
768 16208 320
816 16192 320
816 16192 240
688 16192 192
656 16128 144
656 16176 400
672 16176 400
640 16224 384
640 16128 144
640 16144 432
608 16112 352
736 16112 560
624 16192 224
672 16256 -16
672 16256 32
624 16176 32
704 16208 192
640 16224 112
656 16208 192
624 16192 208
688 16224 32
688 16224 176
624 16192 16
592 16176 -32
800 16224 -32
736 16256 160
480 16160 240
512 16192 256
512 16176 336
576 16176 240
608 16160 256
624 16160 48
672 16064 48
704 16080 32
624 16192 96
560 16176 128
656 16176 304
576 16176 384
576 16160 -16
608 16160 -16
656 16112 224
752 16192 128
784 16176 224
640 16176 192
640 16240 0
560 16240 -32
640 16192 240
688 16176 240
720 16176 64
800 16176 128
592 16160 208
592 16160 320
608 16224 304
608 16128 304
624 16160 112
608 16176 176
768 16192 256
592 16224 176
592 16176 112
592 16208 240
608 16208 240
576 16192 224
544 16208 448
464 16208 96
640 16192 128
640 16224 32
592 16224 -48
544 16272 -48
592 16192 128
624 16192 240
528 16096 32
624 15968 224
624 15968 304
624 15968 256
624 16112 256
656 16128 320
704 16128 176
784 16304 288
832 16224 192
624 16224 160
576 16192 32
544 16208 336
544 16192 368
480 16192 336
432 16224 336
560 16144 256
624 16160 368
560 16176 352
560 16224 224
608 16224 288
576 16192 288
576 16192 304
688 16160 352
448 16144 272
624 16160 304
576 16256 352
576 16192 16
624 16192 16
624 16128 224
640 16128 320
640 16064 208
608 16176 160
608 16096 192
656 16096 320
528 16080 272
608 16080 272
816 16128 128
880 16224 80
832 16176 -32
832 16208 -16
624 16208 16
816 16192 112
688 16192 112
624 16160 144
592 16096 160
592 16096 80
640 16064 272
592 16064 240
592 16112 256
640 16112 256
640 16224 224
640 16160 416
576 16144 256
560 16192 192
688 16208 144
688 16224 -80
624 16224 -80
608 16096 32
512 16144 240
528 16080 240
544 16176 48
640 16240 240
544 16208 192
544 16208 -48
720 16208 -48
672 16208 32
560 16208 112
624 16096 64
688 16048 112
640 16064 32
688 16144 -176
