startup(x,y,z):(64,16112,144)
3712 15280 2288
5696 17728 1520
7600 12624 3168
17568 12624 3184
-2880 16512 3184
7488 16032 -3984
2752 16528 -3616
-288 17664 4080
912 16176 1184
2032 15584 304
2032 15584 688
-1216 16256 688
-2352 15728 -320
-2592 15872 -2160
-1312 16016 -1664
-1872 16928 1360
-1872 16432 -1120
1456 16432 192
-560 16288 2416
-672 16288 2416
320 16384 976
400 16176 336
240 16144 720
240 16128 -496
592 16128 -1808
736 16032 -1808
256 16272 -768
560 16224 -1008
240 16208 -1088
480 16240 -64
16 16032 896
96 16064 688
-96 16128 688
-96 16048 1152
-208 16048 1152
-112 15952 496
96 16016 464
80 15984 368
-112 16112 96
-112 16192 -416
-112 16192 -304
224 16224 -624
224 16176 -256
208 16080 -256
16 16144 176
-128 16144 560
-128 16096 368
-112 16096 240
0 16160 240
224 16080 464
160 16128 304
400 16128 208
160 16096 352
176 16096 272
272 16208 -64
240 16208 -64
224 16128 -688
368 16128 -464
112 16224 -48
112 16224 16
32 16192 432
64 16112 432
0 16144 576
96 16128 464
544 16080 560
96 16416 384
96 16400 272
96 16400 288
256 16112 288
-64 16416 688
576 16208 400
-2272 14912 2832
-3792 16624 -336
-2992 16432 1776
-1312 15952 -80
-1520 16032 -416
784 16112 416
1376 16400 2048
1376 16400 672
48 16560 672
672 16256 -448
464 16288 464
208 16272 176
368 16192 80
944 16080 128
944 16080 832
752 16272 336
368 16256 608
576 16256 608
-48 16112 560
-32 16064 544
-192 16128 800
-240 16160 448
-240 16160 240
-80 16192 240
-64 16160 144
112 16224 -64
160 16272 224
-64 16224 160
16 16112 -32
16 16192 448
-16 16192 80
272 16176 80
1552 16496 -864
528 16000 -336
144 16176 -800
144 16176 -944
848 16112 -944
672 16080 -480
224 16080 336
-176 15952 -176
32 16176 416
-80 16192 1040
-80 16128 -416
128 16128 -416
144 16192 -720
-48 16160 432
-208 16064 480
-64 16128 576
-48 16096 848
-48 16160 720
112 16128 -512
256 16160 -304
272 16112 240
208 16112 240
96 16080 128
32 16112 384
96 16160 464
96 16352 384
64 16352 384
16 16256 384
880 16160 -96
432 16224 -784
592 16096 -512
16 16112 416
48 16032 16
48 16176 352
-192 16176 848
-32 16176 848
0 16128 -208
192 16144 -480
192 16208 288
192 16048 192
80 16048 192
32 16096 384
-32 16144 720
-64 16144 240
64 16160 -352
112 16128 -160
160 16112 -64
160 16112 -256
80 16112 -256
224 16192 672
176 16144 384
-144 16144 -80
192 16208 -144
192 16048 -208
192 16048 -160
80 16128 528
64 16128 528
-32 16096 672
304 16048 352
320 16000 160
320 16160 -176
336 16160 -176
320 16160 -544
304 16144 144
256 16176 48
160 16160 224
176 16208 512
208 16144 416
272 16160 48
16 16160 32
224 16160 128
-32 16160 128
-32 16096 336
-32 16128 96
16 16112 352
16 16112 416
128 16112 448
208 16176 64
32 16160 64
-144 16192 128
64 16176 416
96 16112 144
96 16128 384
160 16128 384
128 16064 608
128 16128 304
304 16192 -64
352 16144 -16
352 16096 -160
272 16080 -48
128 16048 448
64 16048 -64
112 16080 -192
48 16032 -112
16 16096 224
144 16160 144
144 16144 48
80 16144 512
0 16112 512
128 16096 448
32 16080 464
48 16144 112
240 16128 304
144 16096 400
144 16032 352
80 16032 352
112 16000 256
160 16048 144
304 16128 -32
240 16144 208
320 16128 64
256 16128 64
256 16176 224
272 16096 288
240 16096 -224
288 16112 -32
176 16176 528
112 16256 112
160 16208 -176
160 16208 112
224 16160 144
128 16096 144
64 16176 128
-80 16144 336
0 16128 208
16 16176 96
80 16112 192
80 16112 48
16 16144 48
144 16176 -80
16 16144 -128
80 16144 -128
112 16240 96
112 16160 416
192 16160 416
144 16096 416
208 16112 304
288 16176 224
144 16080 224
64 16064 544
64 16144 304
128 16144 304
-176 16256 288
-80 16224 -16
0 16064 -48
48 16112 -80
48 16048 -64
192 16048 -64
208 16032 240
192 16064 240
0 16016 352
16 16112 416
160 16080 272
160 16064 192
208 16064 320
240 16192 320
176 16112 208
96 16208 304
32 16176 416
-32 16144 464
-48 16128 416
-80 16144 336
-32 16128 240
16 16064 304
80 16128 224
80 16048 176
160 16048 176
48 16160 272
128 16176 80
-80 16160 288
-32 16112 304
0 16080 560
-48 16128 400
-48 16144 352
80 16144 352
256 16112 512
192 16128 480
64 16272 272
64 16128 128
80 16080 64
112 16080 64
128 16064 240
80 16080 304
-32 16112 304
0 16128 288
-32 16112 288
-32 16112 208
160 16080 208
272 16048 208
288 16096 32
384 16048 96
224 16000 224
224 16000 256
32 16064 256
48 16176 -80
208 16176 -80
176 16208 144
272 16160 224
240 16144 80
240 16080 592
256 16080 592
16 16144 448
32 16128 176
128 16176 272
112 16176 208
112 16192 64
48 16128 96
32 16112 480
-144 16032 320
-144 16016 240
144 16016 240
368 16096 208
176 16016 16
128 16112 128
80 16144 0
128 16048 -64
-144 16176 176
176 16080 -128
96 16112 -336
80 16176 -320
80 16032 -144
224 16032 -144
256 15984 64
208 16064 208
144 16144 304
272 16080 208
272 16336 384
160 16176 384
128 16160 144
32 16160 144
96 16176 80
112 16160 16
208 16112 0
208 16096 256
288 16096 256
288 16112 400
240 16128 224
192 16064 144
176 16032 96
176 16096 160
112 16080 320
96 16048 240
96 16048 384
64 16016 384
160 15984 336
208 16048 192
48 16064 112
48 16064 176
144 16112 48
64 15904 -128
48 16112 -16
288 16064 144
144 16064 64
16 16080 64
64 16096 80
0 16096 368
32 16128 256
32 16128 176
48 16144 176
160 16160 336
176 16160 80
128 16192 416
48 16208 128
48 16112 32
160 16064 192
160 16064 96
-48 16144 96
-80 16176 128
-112 16176 64
-32 16112 192
48 16176 112
48 16192 256
48 16192 0
128 16160 0
192 16176 160
224 16208 416
16 16176 240
32 16208 256
-16 16240 176
-16 16240 208
0 16240 208
48 16208 240
32 16112 208
64 16096 224
64 16096 256
0 16096 256
-160 16144 272
48 16192 48
64 16176 224
112 16240 256
176 16192 528
160 16192 288
160 16192 320
-48 16208 320
128 16112 336
64 16128 112
112 16144 160
144 16144 -16
240 16096 272
304 16096 288
144 16064 240
128 16096 -240
160 16096 -240
144 16224 64
208 16208 208
192 16224 112
64 16144 112
64 16128 64
288 16128 64
112 16096 224
96 16080 176
32 16096 240
-48 16080 512
0 16128 480
0 16128 464
144 16192 464
144 16208 288
128 16192 -16
144 16128 48
192 16112 288
192 16128 80
128 16128 80
112 16128 336
0 16080 336
-144 16064 400
80 16000 192
144 16128 -32
144 16096 -48
64 16096 -48
0 16080 400
48 16144 352
224 16080 176
224 16064 288
224 16096 272
288 16032 336
288 16032 80
240 16144 80
176 16096 224
192 16048 32
144 16096 80
144 16064 144
96 16064 160
64 16112 160
32 16080 80
32 16192 272
144 16144 272
144 16176 176
128 16112 176
192 16160 -32
192 16176 112
176 16176 128
224 16208 128
256 16208 144
144 16192 160
368 16160 0
368 16144 -16
304 16144 -16
16 16208 112
32 16208 112
128 16192 160
-224 16160 224
0 16176 160
0 16160 352
32 16160 352
128 16224 320
48 16176 288
0 16176 400
80 16144 80
80 16128 -48
96 16112 192
112 16032 64
224 16032 64
176 16064 368
192 16048 112
144 16144 160
144 16192 128
0 16192 128
80 16112 208
80 16080 272
80 16128 80
160 16096 112
128 16128 80
144 16160 400
144 16160 256
128 16128 256
96 16160 320
144 16144 64
240 16144 128
240 16128 304
240 16128 176
272 16096 208
128 16032 32
272 16016 32
192 16112 208
32 16144 208
96 16176 384
0 16176 416
0 16144 272
32 16144 128
176 16112 128
288 16160 80
176 16160 144
48 16160 176
48 16144 288
160 16144 240
144 16064 64
144 16064 64
64 16096 416
48 16096 320
