startup(x,y,z):(656,16160,128)
-6976 16608 -6736
-4768 14864 -6512
-2816 17408 -4064
-4512 17888 -8720
-4512 12624 1040
-5152 12624 10096
-2576 19344 10096
-4304 22448 4448
-3072 17568 -1744
-1888 15760 -2864
-944 16208 -2912
-608 16208 -816
224 15856 -16
1168 16256 1008
1168 16048 1696
1440 16048 1696
1152 16256 688
256 16016 -896
240 15872 -752
992 16336 1488
992 16336 2672
1088 16256 2672
304 16176 544
-208 16032 -1264
176 16064 -1072
800 16000 64
1248 15968 1136
1248 16048 560
1120 16048 -240
928 15968 -240
640 15984 -480
816 16160 608
624 16208 816
576 16144 320
672 16160 208
576 16160 -320
576 16112 112
592 16112 -112
320 16064 -112
272 16176 48
384 16176 0
512 16112 -208
480 16128 -400
656 16064 224
752 16080 384
704 16048 -16
672 16080 336
624 15968 416
736 16032 448
736 16032 96
896 16048 96
704 16112 16
864 16144 64
800 16128 448
736 16096 240
704 16144 80
704 16144 320
688 16048 208
688 16160 336
608 16160 336
800 16160 -32
800 16064 -256
800 16160 -272
800 16080 128
784 16080 -144
768 16128 -144
736 16112 -48
832 16096 176
848 16064 224
816 16096 192
688 16064 448
688 16096 320
576 16096 160
432 16112 160
496 16064 112
480 16192 176
576 16096 128
576 15968 96
704 15968 -32
720 16080 -32
640 16064 96
576 16112 80
752 16128 192
752 16144 432
624 16192 208
752 16176 176
752 16176 304
816 16080 304
688 16128 288
640 16160 288
752 16144 96
672 16144 192
736 16160 128
736 16144 176
736 16144 304
736 16144 304
576 16128 256
528 16064 288
528 16112 160
528 16112 144
528 16080 288
480 16080 96
640 16128 288
576 16064 320
608 16080 288
640 16080 352
672 16112 352
688 16208 528
656 16112 512
816 16144 256
816 16144 256
688 16176 64
800 16176 64
960 16176 144
816 16256 80
832 16160 192
832 16096 400
736 16096 176
576 16160 176
656 16096 80
784 16128 304
704 16096 304
704 16096 176
704 16096 176
736 16064 112
656 16176 96
496 16176 224
432 16096 -80
432 16080 2320
1536 16080 2320
1632 17008 2128
528 16384 -896
144 14960 -1760
144 15280 -336
672 15280 432
864 15952 432
816 16080 448
672 16192 448
576 16320 208
512 16224 -128
512 16224 -112
512 16128 -112
832 16160 -96
1024 16144 16
992 16096 -48
992 16016 -112
1008 16016 -112
832 16176 32
672 16112 128
608 16176 -192
720 16096 64
624 16064 -16
624 16080 -80
544 16080 -80
736 16144 304
896 16272 832
576 16176 32
576 16032 -304
576 16032 16
944 16000 16
944 16096 128
640 16064 336
640 16096 320
672 16096 -64
816 16064 -64
816 16032 48
736 16160 -32
816 16112 0
816 16112 -16
912 16192 -16
880 16144 -96
816 16112 -64
800 16048 128
784 16048 208
784 16080 352
816 16080 352
752 16112 480
768 16176 288
720 16256 32
624 16144 0
624 16144 32
768 16128 32
688 16128 16
752 16080 0
784 16096 16
752 16080 80
752 16080 320
864 16080 32
720 16128 32
752 16096 208
816 16112 224
832 16112 32
832 16368 96
864 16144 96
752 16176 272
816 16112 -160
848 16112 -256
848 16112 64
848 16096 -16
1008 16096 -352
896 16128 -352
960 16080 -48
864 15952 -80
768 16080 256
768 16128 272
624 16128 272
640 16160 288
656 16176 160
672 16112 272
656 16064 224
656 16064 192
624 16048 192
688 16096 336
704 16080 432
736 16080 416
720 16160 352
720 16160 240
912 16064 240
784 16096 304
656 16208 144
784 16144 208
784 16096 192
768 16096 -80
640 16080 -80
608 16096 320
576 16080 0
688 16064 176
688 16192 336
624 16192 336
704 16160 464
592 16128 320
592 16144 -80
592 16128 128
624 16128 272
624 16064 272
752 16160 224
912 16080 176
752 16048 16
720 16096 32
720 16096 16
768 16192 16
672 16128 32
592 16096 352
736 16096 224
736 16096 176
704 16112 176
720 16032 272
880 16112 64
944 16160 -144
736 16160 80
736 16128 -48
752 16128 -48
928 16096 -176
896 16048 -64
752 16064 -16
1008 16048 128
768 16048 64
720 16112 64
720 16160 160
752 16112 192
944 16112 256
944 16160 80
768 16160 160
720 16112 160
720 16032 208
704 16080 -16
592 16208 64
592 16208 272
672 16048 272
608 16112 400
672 16160 256
576 16176 384
560 16128 416
560 16160 336
640 16160 208
656 16112 208
656 16144 48
656 16160 144
720 16160 176
880 16160 160
880 16208 160
880 16112 -112
736 16112 208
544 16064 448
720 16112 336
624 16080 368
624 16160 128
640 16160 128
704 16064 208
784 16064 -240
880 15968 -304
880 16000 -144
784 16000 0
816 16032 0
704 16128 112
704 16080 16
640 16208 16
640 16160 112
640 16160 32
544 16160 32
800 16096 256
688 16208 112
896 16192 144
896 16128 512
832 16128 480
800 16096 480
544 16080 208
672 16064 288
592 16128 448
592 16032 192
512 16032 192
592 16080 208
528 16128 208
576 16128 352
576 16128 352
624 16128 192
640 16064 192
464 16096 336
656 16000 -96
784 16048 -160
784 16128 0
704 16128 0
752 16048 64
704 16048 224
848 16080 352
768 16096 48
768 16096 48
784 16144 48
752 16160 32
752 16096 368
608 16064 320
608 16160 128
672 16160 176
720 16080 176
624 16080 192
496 16064 208
624 15984 256
624 15984 240
704 16080 240
688 16160 176
624 16144 352
576 16160 144
640 16096 224
640 16096 176
736 16160 176
704 16176 176
720 16128 208
640 16112 256
576 16128 272
576 16128 320
592 16192 320
672 16096 304
752 16016 432
720 16064 496
720 16128 48
768 16128 48
768 16048 176
736 16096 224
768 16112 -96
720 16144 16
720 16144 352
512 16128 352
496 16128 320
752 16176 176
688 16112 320
688 16096 192
688 16096 128
720 16176 128
928 16192 32
784 16096 304
784 16096 496
784 16096 224
816 16096 -80
672 16080 -80
688 16128 -128
784 16144 -144
832 16144 -48
832 16144 0
752 16128 0
688 16112 80
720 16096 224
720 16096 480
736 16080 368
736 16080 464
736 16016 464
608 16080 368
656 16128 -48
720 16144 -96
720 16144 -3008
864 14192 -3008
560 14272 -1376
-2096 16048 -3232
-3424 15520 -3008
-3072 17232 -4832
-2048 16416 -2176
-2048 16768 -240
-608 16768 -240
-672 16272 -640
-544 16544 -2288
144 16016 -272
144 16032 928
1216 16032 928
1248 16000 64
1136 16160 -784
1024 15968 -736
1536 15952 768
3200 16800 3648
1936 16352 192
704 15264 -976
864 15568 -704
864 16096 832
1616 16096 1360
1232 16176 1360
1056 16144 496
592 16176 -1072
480 16192 -688
736 15968 304
960 16032 784
512 16128 -160
448 16144 -352
448 16128 160
640 16128 384
832 16096 384
896 16048 384
768 16032 -80
848 16112 288
864 16064 80
736 16128 -288
736 16128 -96
784 16144 240
880 16144 -32
576 16208 -32
432 16144 -160
640 16160 16
800 16128 336
800 16112 656
848 16112 256
736 16176 256
672 16144 80
832 16096 240
656 16064 368
512 16064 400
576 16144 416
624 16080 400
624 16144 368
560 16144 368
512 16128 160
528 16176 128
640 16144 512
688 16112 496
688 16112 352
608 16112 192
656 16080 208
656 16048 336
768 16096 336
944 16112 208
896 16080 160
688 16144 128
688 16096 144
768 16096 144
800 16192 256
624 16224 256
688 16144 160
992 16128 208
912 16192 32
720 16160 64
768 16192 112
768 16192 32
848 16176 32
816 16096 176
848 16176 320
656 16112 128
752 16080 336
752 16080 416
720 16144 416
608 16144 272
672 16224 256
704 16208 512
720 16160 624
736 16208 384
736 16192 352
720 16192 352
736 16160 240
768 16112 272
736 16112 320
736 16064 224
736 16032 96
736 16064 96
816 16016 -16
736 16112 -16
736 16112 96
624 16128 96
688 16064 160
480 16160 32
496 16160 80
496 16112 144
512 16112 -96
672 16112 -96
528 16112 -176
560 16064 16
608 16032 -16
672 16048 48
688 16096 48
688 16080 160
608 16080 160
688 16080 400
672 16112 336
800 16112 464
944 16128 480
544 16080 320
544 16112 464
640 16160 352
