startup(x,y,z):(384,16208,112)
-5904 17104 4080
-64 16624 -1456
3280 16624 -560
-1936 15056 1744
2608 16784 -816
10432 17936 -13728
12208 19072 -23184
-7392 19008 7232
-1392 15744 128
528 16256 7120
-6480 14784 6896
-864 13216 -512
6384 16928 3408
9936 16288 -3808
9088 16784 -1232
4560 16032 -544
2544 16864 2400
3472 16480 2320
2448 16640 4272
192 15856 3696
-1696 16064 2304
-1696 16064 -1632
-2448 16240 -1344
-1776 16544 -3008
-1376 16352 -3008
-496 16352 -3200
80 16288 -1584
-640 16400 -1456
-640 16368 -1392
624 16336 -1568
704 16336 -912
480 16304 -912
512 16272 -576
768 16368 -96
736 16208 160
608 16176 464
704 16208 1312
704 16208 2080
416 16240 2080
224 16192 2144
688 16160 1568
560 16192 768
144 16240 432
656 16112 -64
656 16112 -144
512 16112 -144
496 16128 -480
272 16160 -480
336 16224 -800
400 16160 -608
288 16224 -560
288 16240 -672
208 16240 -464
320 16224 -464
352 16208 -448
512 16336 -480
608 16256 160
752 16256 576
560 16192 880
480 16160 752
480 16160 800
688 16304 800
-416 15984 1904
48 15872 1072
912 16400 208
816 16368 -352
848 16224 -784
848 16224 -1104
752 16224 -976
448 16272 -976
304 16368 -944
144 16384 -656
240 16272 -144
240 16240 -80
240 16224 288
320 16224 304
528 16096 304
592 16176 496
512 16224 320
736 16128 368
512 16256 400
432 16192 656
544 16224 848
544 16208 1056
448 16208 976
304 16288 976
352 16288 560
416 16224 224
368 16272 -16
384 16240 -112
-144 16192 -64
272 16144 -480
272 16128 -368
544 16128 -256
368 16112 -448
416 16192 -448
640 16256 -288
720 16224 -432
640 16224 -224
528 16192 48
528 16176 192
592 16176 240
464 16224 240
432 16208 512
432 16160 544
384 16160 400
448 16096 560
464 16144 640
336 16128 304
480 16128 304
352 16096 368
224 16144 208
320 16176 112
256 16144 -64
176 16192 16
336 16192 -80
336 16272 -128
432 16272 -128
384 16288 -160
192 16224 64
224 16240 336
256 16128 32
256 16192 48
384 16192 224
528 16192 224
432 16160 256
352 16192 192
288 16192 144
448 16096 128
400 16064 304
384 16176 64
384 16176 128
368 16256 128
480 16176 -48
512 16240 -176
416 16224 -208
432 16160 16
512 16208 96
512 16192 0
512 16176 144
448 16176 -48
448 16176 -176
272 16208 -176
224 16320 -48
336 16240 304
544 16224 176
528 16208 320
528 16288 272
432 16288 432
384 16192 432
336 16224 -16
224 16224 0
400 16160 -48
352 16160 -96
352 16160 176
464 16128 176
400 16096 80
400 16128 -240
416 16160 112
480 16160 112
560 16192 -32
560 16128 -64
528 16128 -64
496 16128 112
448 16176 112
400 16304 -64
304 16256 -112
176 16272 -128
176 16272 96
96 16256 176
176 16240 208
384 16208 208
512 16192 128
496 16192 96
560 16240 48
592 16176 32
592 16176 -64
608 16176 -64
592 16256 -272
512 16288 -160
480 16272 -48
464 16240 144
464 16224 32
448 16224 48
528 16208 48
448 16208 32
352 16208 32
272 16272 -48
480 16224 -320
544 16160 -304
544 16160 -160
512 16224 -160
464 16224 -32
384 16208 64
624 16224 -112
432 16208 80
512 16224 224
512 16224 208
480 16208 80
480 16288 80
560 16256 16
400 16240 288
368 16192 96
368 16176 96
352 16176 96
448 16240 -32
448 16208 96
368 16144 256
448 16176 112
448 16256 112
480 16176 176
464 16176 176
320 16208 48
368 16160 160
464 16224 160
432 16128 288
432 16128 384
224 16016 384
640 16112 -64
336 16096 -64
528 16192 128
512 16224 -96
368 16288 -224
464 16240 -96
464 16160 -176
448 16240 -336
512 16224 -368
592 16192 -112
512 16240 -128
416 16256 -128
416 16224 -64
352 16304 128
464 16192 224
464 16224 128
368 16256 -16
464 16256 240
464 16208 240
464 16240 336
368 16256 352
544 16096 304
368 16096 624
416 16144 608
464 16144 608
512 16160 512
416 16128 432
512 16160 400
560 16144 224
560 16144 -64
400 16160 -64
544 16176 -288
416 16288 -144
528 16256 -32
608 16208 -304
528 16272 -272
528 16272 -96
544 16272 64
384 16240 64
320 16224 64
352 16224 288
496 16128 80
496 16144 192
384 16144 256
336 16256 256
288 16208 304
352 16208 112
416 16208 240
464 16160 240
480 16224 240
480 16224 256
496 16224 144
400 16256 144
448 16240 288
368 16224 128
272 16208 112
272 16304 64
208 16256 48
432 16256 16
464 16176 16
336 16208 96
272 16192 16
400 16176 -96
448 16160 -48
448 16224 80
464 16224 80
496 16144 144
464 16176 -64
496 16208 -48
656 16160 0
656 16112 -112
544 16112 -272
560 16128 -272
528 16192 48
400 16192 80
384 16272 224
400 16272 144
400 16208 16
464 16208 208
512 16256 208
448 16224 144
464 16224 144
464 16240 176
304 16208 336
304 16208 272
336 16208 224
272 16208 224
336 16224 112
400 16144 128
416 16224 144
400 16256 208
400 16256 144
416 16272 144
224 16160 176
208 16128 176
288 16224 160
480 16240 16
496 16192 96
448 16240 64
368 16272 64
368 16272 64
544 16240 64
480 16192 192
352 16160 96
416 16096 96
352 16192 240
320 16208 144
320 16192 96
208 16192 -160
400 16240 -16
480 16256 80
544 16208 -16
448 16160 112
448 16160 224
432 16304 224
448 16176 128
416 16256 -64
320 16288 0
448 16224 48
448 16240 96
416 16208 272
480 16208 272
576 16208 224
528 16208 80
464 16128 80
416 16176 240
416 16240 -160
448 16240 32
384 16240 32
448 16224 64
416 16128 272
400 16160 80
400 16192 272
400 16256 -48
400 16256 -48
272 16256 -160
256 16256 -96
304 16176 112
400 16080 -16
576 16128 -144
544 16112 32
544 16112 96
528 16176 96
336 16160 128
352 16240 240
384 16208 336
464 16128 128
464 16176 320
592 16224 240
528 16224 176
416 16208 176
224 16160 208
368 16160 240
464 16176 208
528 16288 -96
672 16272 -48
672 16192 320
608 16192 256
640 16224 0
480 16320 0
368 16288 -16
336 16304 64
512 16240 48
480 16208 -80
480 16192 32
624 16192 48
528 16224 64
416 16224 64
448 16176 0
384 16224 -128
480 16208 128
496 16224 48
400 16176 256
320 16224 64
320 16192 96
368 16192 32
448 16192 32
400 16128 320
352 16128 176
496 16192 176
448 16176 80
448 16176 80
624 16240 48
368 16224 -16
448 16112 208
400 16064 304
336 16112 128
336 16176 80
352 16176 80
400 16192 16
416 16176 0
400 16256 144
432 16240 112
320 16240 256
320 16176 416
480 16176 416
704 16240 176
560 16160 96
576 16176 80
400 16144 -96
528 16144 -48
400 16160 -48
400 16160 144
480 16160 144
400 16192 96
336 16096 16
448 16208 -160
448 16240 -48
368 16240 176
368 16320 176
448 16288 128
528 16240 64
640 16256 208
384 16176 240
384 16160 464
432 16160 272
448 16160 272
528 16192 96
464 16240 80
464 16192 48
384 16192 112
464 16160 112
416 16176 128
336 16176 160
544 16144 192
512 16160 304
512 16176 256
448 16176 384
448 16160 384
400 16192 448
464 16176 480
704 16160 304
704 16176 64
656 16176 -80
544 16128 -80
448 16176 304
496 16096 144
544 16128 160
448 16160 0
400 16208 96
448 16192 -48
592 16208 -48
512 16208 32
528 16256 -96
416 16176 176
432 16208 320
432 16304 176
384 16304 176
432 16288 80
432 16256 224
544 16240 400
480 16224 256
480 16224 160
480 16192 160
352 16176 336
384 16192 144
496 16176 368
496 16208 496
688 16240 224
688 16256 176
512 16256 16
496 16224 16
656 16240 -48
592 16160 -48
576 16144 304
576 16208 368
400 16208 288
352 16176 288
384 16208 32
320 16240 112
368 16208 -176
304 16240 -32
304 16160 256
336 16160 256
400 16208 0
400 16256 32
496 16160 176
496 16160 240
496 16160 160
480 16160 160
432 16160 -96
592 16128 96
576 16192 256
704 16192 112
592 16176 64
592 16176 304
576 16176 304
432 16192 208
496 16208 160
592 16192 80
592 16224 64
544 16224 48
400 16224 48
432 16224 96
