startup(x,y,z):(560,16192,160)
-1136 15920 -1968
-1680 15984 -1024
-1280 16016 -1632
-2736 16368 -1456
-2736 16240 -848
-1312 16240 48
-1296 16352 48
-160 16288 304
-480 16208 1088
720 16256 976
1184 16144 720
1184 16256 496
880 16256 -80
1584 16224 -672
1104 16224 -672
928 16128 -608
704 16144 -384
832 16176 -240
864 16160 480
864 16160 912
672 16144 576
544 16160 448
576 16144 448
688 16192 128
592 16112 -224
576 16224 -336
592 16336 -16
704 16272 -16
704 16272 432
704 16272 688
512 16208 720
640 16224 528
560 16224 256
704 16192 32
656 16208 -240
544 16240 -48
704 16160 160
704 16160 304
672 16176 304
448 16160 576
592 16144 592
576 16144 416
448 16144 224
448 16224 -336
544 16224 -336
576 16160 -384
544 16144 -208
688 16128 -160
752 16128 160
656 16176 176
544 16288 400
544 16288 336
624 16176 336
480 16208 128
496 16224 112
512 16144 -128
656 16160 -96
656 16160 -16
656 16160 64
672 16192 240
480 16160 384
560 16128 352
560 16176 272
448 16192 272
512 16208 96
576 16176 96
624 16144 144
832 16128 144
640 16128 608
512 16128 496
512 16176 512
592 16144 240
768 16192 96
624 16144 -160
624 16144 -192
720 16160 128
704 16176 224
704 16112 336
720 16112 496
496 16176 496
560 16288 432
608 16208 176
608 16208 112
608 16208 -160
656 16224 -160
640 16160 -32
592 16144 432
608 16160 384
608 16176 304
688 16176 160
576 16176 160
512 16256 400
704 16128 416
560 16208 224
560 16240 160
656 16240 160
640 16240 96
592 16224 0
784 16240 48
688 16192 192
688 16016 720
624 16016 720
16 16000 -96
528 16000 176
928 16000 304
672 16064 0
528 16064 192
272 16096 192
384 16144 272
432 16176 160
320 16096 416
320 16128 336
448 16128 176
608 16144 176
528 16144 96
688 16096 144
592 16112 144
592 16160 16
576 16160 112
656 16192 112
768 16160 352
656 16096 432
736 16176 336
736 16192 416
512 16192 416
736 16208 416
656 16192 176
624 16208 112
544 16208 48
544 16176 96
608 16176 208
672 16160 208
736 16144 368
864 16176 96
720 16272 320
736 16256 368
736 16256 256
672 16256 256
608 16144 176
592 16160 144
1392 16032 48
896 16080 384
720 16128 224
720 16080 224
848 16080 224
880 16192 -128
720 16176 160
912 16080 144
1056 16096 176
896 16128 0
992 16128 128
832 16176 192
832 16128 240
704 16128 400
720 16096 400
816 16192 512
656 16144 528
656 16128 272
736 16176 256
672 16144 144
672 16160 -112
576 16208 48
576 16208 160
576 16160 160
720 16160 160
592 16160 112
784 16144 272
784 16160 208
672 16160 0
672 16224 0
736 16176 320
704 16240 192
720 16160 128
672 16192 48
704 16224 112
704 16208 -16
848 16208 -16
624 16224 48
640 16240 0
576 16176 160
432 16192 192
432 16208 112
624 16208 112
624 16192 0
592 16160 96
416 16176 192
640 16208 336
608 16176 272
608 16128 240
752 16128 240
640 16224 -224
528 16192 64
464 16160 160
496 16128 256
496 16144 576
624 16144 576
592 16208 208
720 16112 208
640 16128 352
640 16176 224
592 16192 240
592 16208 400
624 16208 400
608 16192 144
576 16224 96
592 16208 48
640 16144 80
576 16144 160
688 16112 144
688 16192 48
688 16160 -64
704 16160 -64
528 16192 -64
544 16256 96
496 16240 352
624 16160 160
624 16064 80
736 16064 80
640 16144 176
560 16256 416
528 16128 368
592 16112 352
656 16144 240
656 16208 464
624 16208 464
736 16160 368
784 16128 272
640 16224 240
560 16256 -144
560 16256 96
544 16256 96
544 16224 -208
544 16192 -176
656 16176 16
656 16256 -320
672 16208 -208
672 16208 -240
512 16208 -240
544 16240 -192
704 16240 -160
832 16208 32
880 16192 144
880 16192 48
768 16192 304
688 16176 256
704 16144 256
672 16128 16
688 16240 80
672 16208 256
672 16208 272
672 16160 272
656 16144 240
656 16208 368
544 16224 256
592 16224 176
560 16176 320
560 16176 128
592 16160 192
544 16160 192
560 16144 496
640 16128 448
544 16192 384
608 16160 256
608 16160 144
656 16160 144
688 16112 80
560 16224 96
544 16160 80
624 16176 336
672 16128 288
672 16176 224
752 16176 224
736 16064 224
720 16144 48
656 16096 144
592 16144 0
592 16144 -64
672 16224 -64
624 16208 -64
640 16224 64
640 16208 128
448 16208 48
480 16208 -160
480 16208 -80
576 16256 -80
848 16256 48
624 16192 112
608 16128 144
608 16208 112
752 16208 112
736 16256 208
512 16288 352
416 16272 352
496 16224 256
704 16224 144
704 16192 192
688 16192 112
768 16192 112
704 16224 16
640 16224 -112
576 16176 272
640 16112 304
656 16160 160
576 16160 112
640 16192 240
640 16208 208
672 16208 208
656 16144 144
704 16128 400
640 16064 480
592 16128 448
592 16128 368
576 16128 368
672 16128 400
656 16112 320
528 16224 384
608 16208 192
592 16192 240
592 16192 272
640 16176 272
528 16192 96
688 16160 432
656 16080 272
656 16144 32
656 16144 256
560 16128 256
656 16144 128
656 16176 -144
656 16080 320
576 16144 -16
576 16160 256
592 16160 256
656 16160 320
640 16160 320
656 16160 368
688 16224 96
688 16176 240
496 16176 240
560 16144 80
480 16176 80
512 16208 224
448 16192 320
560 16288 224
560 16256 240
592 16256 240
720 16192 368
656 16112 352
800 16192 224
704 16112 144
640 16160 176
672 16192 80
592 16176 192
592 16192 176
576 16192 176
592 16160 48
672 16080 48
656 16080 240
656 16096 160
720 16080 112
656 16080 112
624 16144 176
624 16160 128
512 16192 272
560 16176 128
656 16128 240
656 16160 224
688 16160 224
736 16064 96
656 16112 160
560 16112 192
560 16144 128
560 16144 -192
560 16144 -192
688 16272 32
672 16208 64
736 16224 16
624 16192 -160
592 16192 112
592 16192 128
672 16240 128
656 16176 208
688 16160 224
720 16144 96
640 16112 128
656 16144 320
640 16144 128
640 16144 352
640 16096 352
528 16096 240
608 16208 208
608 16208 176
608 16224 -192
576 16224 0
640 16208 0
528 16192 208
448 16128 128
512 16160 352
608 16192 368
608 16192 -48
640 16192 -48
752 16112 144
704 16128 -208
640 16144 -96
624 16160 160
624 16160 48
624 16224 48
672 16128 160
624 16064 304
688 16224 -64
816 16160 208
816 16192 80
656 16192 80
432 16176 16
640 16176 144
448 16176 64
448 16160 304
624 16160 432
640 16192 432
896 16176 304
832 16272 496
688 16224 400
768 16288 192
768 16192 224
752 16192 224
800 16096 96
752 16176 144
752 16208 64
624 16192 -112
624 16192 384
560 16144 448
512 16144 448
624 16208 544
624 16208 240
544 16288 288
544 16160 112
640 16160 112
624 16192 256
544 16160 352
624 16160 496
672 16208 144
672 16208 16
672 16112 -176
704 16128 -176
704 16128 176
736 16176 80
880 16208 0
672 16144 48
672 16064 112
656 16064 112
592 16128 192
576 16096 128
608 16192 112
624 16192 240
624 16208 224
768 16208 224
624 16208 64
592 16144 64
480 16144 160
576 16208 288
576 16160 -32
608 16160 160
720 16128 160
672 16192 112
656 16112 256
576 16176 48
576 16144 -64
464 16144 -64
672 16096 32
624 16160 -240
544 16144 -96
592 16192 48
592 16192 32
704 16272 32
608 16192 160
704 16160 128
688 16176 80
688 16144 240
704 16144 112
-448 16032 112
-1264 15584 912
-2752 16096 768
-4496 16208 -112
-2512 16240 -432
-2512 16384 496
-1520 16384 496
-368 16272 288
-288 16256 240
0 16096 688
-1040 16208 48
-1040 16240 -48
-816 16240 192
768 16160 192
-352 16224 -448
352 16208 176
-256 16400 128
0 16256 0
0 16256 16
64 16272 16
512 16208 336
480 16208 -96
480 16256 240
624 16160 144
352 16160 144
432 16176 176
560 16208 160
848 16176 336
592 16224 0
592 16160 512
1296 16160 512
976 16128 368
912 16096 288
-560 16048 1184
