startup(x,y,z):(80,16144,272)
-7248 15456 1776
-3520 20128 -6112
2016 21888 3824
-2704 18320 7360
-2704 18320 7056
-2064 16576 7056
896 17264 3040
-32 17136 288
-2224 17072 352
1312 17088 -672
-1440 16896 -592
-1440 16704 352
1216 16704 -1312
320 16016 -720
-336 16016 -288
-464 16080 -288
-224 16256 80
352 16432 736
496 16384 656
496 16288 896
640 16288 608
80 16192 608
224 16192 256
96 16176 224
160 16160 432
-48 16224 464
320 16224 96
96 16256 -48
96 16256 480
80 16208 480
48 16224 272
144 16080 16
16 16064 -16
96 16144 64
96 16144 208
304 16144 208
176 16144 96
144 16128 304
64 16144 192
16 16208 256
112 16240 336
0 16192 144
0 16192 64
240 16128 64
144 16176 112
80 16160 160
96 16112 112
192 16176 224
80 16192 256
128 16176 240
224 16128 176
224 16128 112
192 16128 112
112 16080 80
176 16224 128
208 16096 -16
176 16096 48
144 16144 48
160 16112 112
80 16160 208
96 16208 256
32 16160 320
48 16096 368
48 16064 320
112 16064 160
96 16144 160
32 16160 240
-16 16176 112
32 16224 176
32 16208 144
32 16176 -48
160 16176 128
160 16208 144
128 16208 144
144 16224 336
16 16160 128
16 16096 304
16 16144 160
160 16144 208
32 16144 208
112 16224 192
160 16176 144
96 16192 384
64 16160 368
176 16192 272
112 16080 208
112 16096 80
128 16096 80
144 16096 480
224 16144 496
256 16128 176
240 16112 176
240 16112 304
208 16112 464
176 16080 272
160 16096 192
64 16224 192
224 16176 224
176 16208 304
224 16176 160
144 16144 192
144 16032 256
224 16032 192
160 16080 192
64 16096 128
176 16064 48
80 16224 384
-96 16272 160
0 16272 144
96 16128 384
96 16080 320
128 16080 160
160 16144 160
96 16176 256
144 16128 320
272 16160 320
224 16224 160
160 16240 160
224 16160 160
224 16160 192
160 16192 192
-80 16192 288
96 16192 112
48 16128 320
48 16160 240
240 16160 208
304 16128 208
144 16192 272
0 16128 224
16 16176 192
-32 16144 208
112 16128 416
112 16128 592
112 16128 688
144 16128 688
160 16144 576
128 16176 336
144 16224 176
-112 16128 224
-112 16192 288
96 16208 160
96 16128 192
80 16128 192
16 16144 0
48 16128 -48
-80 16144 -64
96 16208 16
96 16176 224
32 16176 320
96 16192 320
-16 16064 448
0 16096 544
112 16048 352
80 16096 400
80 16112 448
80 16112 464
192 16080 464
176 16160 336
192 16080 288
160 16128 256
160 16096 272
160 16096 -112
176 16144 -112
0 16128 176
96 16112 400
80 16176 448
48 16176 512
96 16176 336
96 16176 192
-112 16224 192
-32 16160 320
0 16160 0
-80 16160 64
-80 16112 -16
160 16112 80
80 16096 96
32 16160 96
-128 16064 176
-80 16096 240
48 16096 96
112 16160 112
112 16160 208
16 16160 208
-32 16224 80
48 16176 240
144 16112 288
32 16144 320
160 16160 288
32 16192 416
32 16096 176
160 16096 176
176 16208 144
144 16160 368
64 16192 160
80 16176 304
144 16176 160
144 16176 80
128 16128 80
96 16112 112
176 16064 80
240 16112 64
192 16176 160
176 16112 192
176 16160 256
208 16160 256
192 16160 336
128 16112 -64
-64 16208 64
-32 16096 160
-32 16080 208
32 16080 96
176 16144 208
0 16144 208
32 16144 0
176 16176 -16
192 16208 -160
192 16144 -16
64 16144 80
-32 16128 80
64 16128 272
48 16112 208
160 16128 384
160 16080 160
144 16112 160
144 16080 112
144 16144 112
80 16128 144
112 16208 176
160 16208 176
160 16176 144
160 16176 -96
48 16208 -96
96 16176 16
64 16208 -272
-32 16192 -144
80 16048 160
112 16112 224
112 16112 128
160 16176 128
128 16208 144
64 16096 288
64 16096 288
160 16112 64
288 16192 192
288 16192 160
144 16144 208
48 16160 240
80 16144 240
144 16128 544
192 16128 480
160 16144 640
160 16144 384
256 16128 384
192 16112 352
-16 16192 304
0 16192 496
-64 16112 224
-64 16192 144
32 16144 -48
32 16144 -48
-16 16256 -112
192 16144 -16
80 16192 80
80 16176 448
96 16176 192
128 16192 48
192 16208 240
160 16128 208
160 16176 192
160 16128 32
128 16112 240
128 16112 0
160 16032 0
112 16192 -192
-48 16128 144
-112 16192 320
-112 16080 272
64 16080 416
96 16032 416
256 16064 368
64 16128 512
224 16112 432
96 16128 304
16 16192 240
16 16176 400
80 16176 400
-112 16144 320
16 16112 272
96 16176 80
112 16176 64
144 16176 160
144 16192 288
112 16192 288
192 16112 128
160 16144 128
272 16176 48
288 16144 112
192 16192 -192
192 16144 0
432 16144 0
288 16144 -144
304 16144 128
176 16176 432
192 16224 384
192 16192 224
96 16176 256
96 16240 240
-32 16240 192
32 16192 192
0 16144 432
32 16144 528
32 16208 368
80 16208 320
208 16160 320
256 16176 240
96 16192 224
64 16192 224
128 16224 224
-128 16224 288
16 16176 304
16 16208 256
96 16208 256
-128 16208 416
48 16176 96
192 16064 288
176 16112 368
176 16096 400
192 16096 400
144 16096 272
112 16064 320
128 16080 -112
-64 16048 208
176 16112 272
176 16080 256
160 16080 320
16 16080 400
272 16032 400
272 16144 368
256 16144 240
144 16000 240
144 16064 144
144 16080 144
80 16112 176
-192 16144 352
-16 16064 432
80 16064 416
80 16112 496
64 16112 320
48 16128 320
128 16208 288
-64 16160 432
-64 16176 448
96 16208 176
144 16160 176
144 16160 16
64 16096 16
48 16160 80
128 16096 192
-32 16144 144
-32 16128 336
-80 16128 240
144 16096 240
240 16176 192
144 16160 272
160 16160 272
-48 16208 32
0 16144 112
0 16144 288
-160 16192 288
32 16112 224
-128 16128 368
-80 16240 256
-80 16240 624
-48 16240 384
192 16144 384
32 16128 192
32 16048 304
64 16128 352
-16 16128 320
-16 16144 160
96 16144 480
144 16128 480
64 16176 224
-16 16208 192
144 16192 -288
160 16128 64
160 16080 240
224 16128 128
176 16128 -48
288 16096 -48
112 16096 224
128 16144 -48
128 16176 48
128 16128 336
80 16128 336
240 16144 224
176 16064 416
80 16064 352
32 16096 64
32 16144 -144
96 16192 0
80 16192 0
80 16128 48
144 16176 -16
304 16064 80
304 16144 256
208 16144 256
176 16080 208
208 16096 288
256 16064 -16
272 16128 224
272 16160 112
128 16112 208
128 16096 592
64 16096 384
64 16128 384
80 16176 64
112 16224 -112
-48 16240 96
-48 16176 144
192 16176 320
112 16096 320
0 16064 208
0 16112 368
64 16176 240
80 16224 64
80 16192 160
112 16192 160
80 16176 96
144 16128 384
192 16160 224
192 16160 304
192 16176 176
176 16176 96
128 16144 96
256 16192 112
96 16160 112
128 16176 -96
32 16128 -208
144 16096 112
144 16096 336
192 16016 336
144 16064 368
144 16032 192
160 16016 224
144 16096 144
144 16096 336
32 16176 160
80 16128 160
80 16160 208
128 16192 160
112 16144 0
128 16144 288
128 16144 496
176 16256 496
160 16208 384
224 16064 240
160 16144 176
160 16224 -32
144 16112 32
48 16096 128
112 16080 176
80 16128 176
80 16048 336
64 16080 624
64 16128 464
80 16176 272
224 16176 272
256 16160 336
128 16160 224
48 16144 416
288 16128 496
224 16160 752
224 16224 480
112 16224 480
192 16240 448
176 16240 224
176 16240 320
304 16192 224
416 16128 272
416 16112 240
224 16112 496
176 16112 128
144 16064 128
128 16064 272
160 16080 128
128 16128 176
128 16160 16
16 16160 16
96 16176 64
64 16160 80
96 16208 192
144 16160 288
144 16160 192
144 16064 240
112 16064 80
144 16128 80
160 16112 208
-16 16192 240
64 16240 176
64 16240 320
64 16208 320
128 16144 320
80 16192 -32
144 16176 80
144 16160 144
128 16144 176
128 16112 256
64 16368 112
0 16192 112
0 16144 176
48 16160 192
