startup(x,y,z):(592,16016,224)
-480 16144 -3040
-352 16096 -320
-384 16224 2224
-384 16224 2128
-336 16224 624
384 16016 624
512 16112 128
576 16304 688
800 16288 1504
912 16272 1616
464 16400 1728
720 16128 560
528 16128 -1120
512 15872 -1120
208 15872 -1520
336 16032 -1216
432 16160 -592
608 16240 912
720 16240 1952
752 16176 1984
752 16128 1440
752 16000 304
432 16000 304
480 16016 -624
400 16000 -480
400 15968 -208
256 16128 752
256 16128 832
672 16224 832
928 16256 -256
1088 16032 -1024
864 15984 -1024
448 16192 208
464 16192 1104
336 16144 1360
336 16144 912
256 16128 912
384 16096 -176
432 16096 -656
560 16176 -448
640 16160 128
640 16144 288
592 16064 368
448 16144 96
448 16080 112
592 16080 352
560 16064 352
560 16144 816
560 16192 752
624 16096 800
624 16048 368
560 16048 416
704 15984 416
592 16064 -320
592 16080 -320
560 16112 -64
720 16112 128
592 16144 240
592 16208 64
528 16208 64
608 16224 64
672 16160 -16
592 16112 80
544 16144 240
480 16112 336
496 16192 80
752 16176 -112
752 16144 -64
800 16144 512
736 16112 512
544 16064 816
480 16032 1040
512 16032 640
512 16160 32
384 16160 -160
368 16112 -160
416 16144 -320
464 16128 -160
640 16160 -96
576 16160 176
528 16096 704
528 16144 672
640 16144 672
720 16064 752
640 16128 640
544 16128 464
528 16112 128
528 16144 240
480 16112 32
464 16112 432
496 16112 528
416 16208 528
512 16160 432
544 16144 96
640 16080 64
640 16192 -112
528 16192 -16
640 16064 -16
560 16000 -48
688 16064 256
752 16128 496
704 16160 192
656 16176 496
592 16144 512
592 16144 352
688 16128 352
688 16144 288
560 16160 368
640 16176 192
656 16144 80
560 16080 288
624 16112 240
592 16176 432
592 16176 64
640 16176 64
624 16112 32
608 16112 288
624 16144 320
624 16160 464
784 16160 464
752 16144 288
560 16160 208
704 16144 240
576 16112 176
784 16016 96
688 16048 208
688 16048 112
624 16080 112
624 16144 448
688 16096 176
592 16064 256
560 16048 80
560 16096 64
480 16096 64
544 16128 160
464 16192 304
400 16176 400
448 16192 224
448 16080 64
528 16080 48
496 16112 48
512 16144 416
544 16048 256
656 16080 304
656 16112 656
560 16112 544
624 16016 384
544 16016 176
608 16192 176
528 16176 192
560 16128 32
656 16192 112
656 16112 208
512 16112 272
496 16112 272
464 16096 320
432 16128 -144
640 16080 320
640 16128 192
560 16224 192
640 16128 -16
592 16160 144
592 16160 432
624 16160 432
624 16192 288
624 16128 480
560 16096 176
624 16048 224
624 16000 144
704 16000 16
720 16096 144
560 16096 144
688 16080 240
432 16128 304
512 16048 432
512 16048 336
512 16048 336
448 16144 176
576 16144 48
656 16096 288
592 16128 400
592 16128 352
624 16160 464
400 16096 416
400 16144 256
480 16144 256
528 16176 400
608 16160 480
528 16128 560
576 16112 384
576 16112 448
624 16112 528
688 16160 528
624 16080 496
640 16192 496
576 16192 224
592 16160 96
576 16208 192
576 16160 304
512 16160 304
480 16160 304
544 16128 320
608 16112 336
608 16128 624
512 16176 528
656 16144 272
656 16144 208
416 16096 208
544 16160 160
480 16128 192
512 16192 128
512 16224 64
576 16192 176
496 16192 176
528 16160 176
544 16176 336
528 16144 320
528 16080 176
496 16032 304
688 16144 240
688 16144 48
624 16176 48
816 16144 48
752 16176 208
640 16112 272
592 16128 80
592 16128 288
544 16112 288
576 16112 448
592 16096 288
576 16192 288
640 16128 224
608 16160 288
480 16112 384
512 16096 224
336 16048 272
576 16096 432
432 16144 464
496 16128 400
544 16128 304
464 16080 304
464 16112 416
480 16112 416
592 16080 672
464 16192 416
608 16112 176
608 16192 144
528 16240 352
624 16240 224
624 16192 288
576 16160 288
544 16192 480
528 16240 480
656 16128 512
672 16192 480
608 16192 368
608 16192 432
640 16128 432
624 16192 320
720 16176 208
656 16160 -96
624 16128 32
624 16080 96
560 16096 288
560 16096 144
752 16240 144
672 16272 256
560 16192 -176
480 16208 48
480 16176 160
544 16176 480
576 16176 480
656 16224 336
672 16128 64
656 16128 64
528 16176 224
512 16112 352
528 16208 320
528 16208 272
480 16160 272
432 16112 384
304 16112 432
368 16144 496
480 16144 464
480 16144 608
480 16064 608
464 16112 432
512 16096 400
592 16080 368
560 16240 336
640 16224 640
640 16160 272
608 16160 304
592 16176 304
400 16208 496
320 16208 640
272 16112 528
224 16096 448
320 16096 336
432 16128 16
384 16176 144
384 16176 0
560 16096 0
576 16160 144
576 16128 368
592 16144 288
592 16144 448
656 16144 256
720 16208 256
608 16176 48
592 16160 384
608 16128 320
640 16160 224
560 16176 -96
560 16096 64
656 16096 64
496 16160 208
480 16176 240
448 16112 304
464 16256 368
464 16256 304
704 16256 160
720 16144 128
656 16144 128
592 16096 272
608 16096 288
592 16112 0
640 16192 144
640 16112 144
736 16112 -176
784 16112 -176
704 16096 96
528 16048 240
496 16112 320
672 16112 416
448 16096 672
496 16080 608
496 16080 560
608 16016 560
560 16064 640
608 16112 352
656 16208 528
720 16144 336
768 16160 336
768 16160 448
592 16160 352
592 16160 144
528 16160 144
672 16096 416
528 16208 448
560 16128 544
592 16112 176
640 16112 176
656 16064 176
688 16032 32
576 16112 368
576 16096 64
528 16144 240
544 16192 224
544 16096 288
576 16096 288
576 16112 240
592 16160 208
592 16208 240
496 16176 272
496 16208 272
576 16208 272
768 16160 272
672 16144 272
688 16160 208
544 16128 192
592 16176 160
560 16160 224
560 16160 -16
560 16160 -16
624 16064 272
624 16048 128
576 16160 176
560 16144 448
608 16144 128
592 16160 112
592 16144 16
544 16144 208
464 16176 208
688 16240 448
560 16272 544
512 16160 480
512 16176 240
560 16176 112
592 16192 144
816 16128 144
688 16080 400
560 16160 352
608 16160 432
608 16096 432
576 16064 256
512 16128 336
640 16112 320
640 16096 496
560 16096 272
576 16256 272
448 16080 320
480 16144 304
528 16176 448
512 16144 144
448 16176 320
448 16128 352
560 16128 160
560 16096 160
560 16112 176
720 16048 320
576 16160 288
576 16144 352
656 16160 80
688 16144 80
688 16128 208
608 16128 208
512 16160 368
560 16144 240
624 16112 272
624 16160 288
624 16192 -48
480 16192 -48
592 16048 224
592 16064 224
640 16096 416
608 16112 256
544 16144 528
560 16160 400
560 16160 288
512 16160 288
448 16208 368
416 16176 288
384 16144 80
592 16080 336
448 16144 464
256 16112 368
432 16080 352
496 16112 672
496 16064 448
544 16064 368
592 16112 368
448 16112 336
320 16160 464
416 16128 608
368 16176 464
368 16224 320
384 16224 80
416 16304 80
400 16192 224
464 16128 224
528 16080 112
496 16080 576
592 16080 400
592 16112 304
528 16112 304
528 16112 256
624 16144 192
576 16176 352
512 16176 -16
592 16160 272
496 16176 176
496 16096 288
512 16096 192
432 16192 192
464 16160 32
560 16112 -240
640 16144 464
640 16144 432
608 16224 432
640 16160 448
752 16096 352
720 16112 384
608 16112 224
512 16064 480
496 16096 336
496 15984 272
480 15984 272
400 16128 96
352 16208 224
464 16160 384
512 16096 480
704 16160 368
496 16144 80
464 16144 160
464 16144 464
512 16144 464
544 16096 384
400 16112 400
528 16096 432
656 16112 384
656 16160 576
688 16160 576
720 16192 304
768 16192 256
656 16128 272
384 16128 304
480 16080 192
480 16144 224
480 16064 512
624 16064 512
560 16048 528
512 16144 400
608 16240 176
656 16192 144
544 16176 208
544 16144 288
528 16112 160
528 16368 400
544 16160 400
576 16176 224
496 16192 -80
