startup(x,y,z):(704,16224,144)
-704 16592 2272
3120 17216 6496
800 15840 4064
800 16608 960
-176 16608 3008
1872 16128 2960
1904 15600 -64
432 16592 -2784
-672 16544 -960
-672 16800 1040
192 16800 1040
640 16192 1744
608 16224 672
192 16400 -464
-304 16176 -1488
192 15952 624
192 16000 1424
656 16000 1568
1168 15968 1568
1104 15952 2320
816 16096 2112
208 15984 -608
16 15984 -1600
16 16016 -1104
336 16160 -160
336 16160 752
784 16336 752
560 16112 256
288 16176 -688
368 16048 -896
848 15984 256
1216 15920 912
1216 16048 512
1120 16048 -208
960 16080 -208
896 16064 -464
816 16128 -160
768 16144 416
752 16176 592
672 16112 224
672 16176 -208
656 16176 -208
544 16224 -16
704 16160 608
784 16096 800
608 16160 304
608 16192 -272
496 16224 -656
496 16128 -208
688 16128 -208
880 16112 384
896 16144 816
832 16208 240
720 16208 400
720 16160 432
688 16160 432
736 16176 448
640 16080 352
672 16064 352
800 16128 -96
656 16144 -240
672 16192 -192
672 16176 32
464 16176 32
592 16144 240
624 16160 240
768 16144 160
720 16176 128
768 16176 240
768 16176 160
752 16144 128
784 16144 32
704 16128 32
672 16096 -80
608 16144 64
672 16160 144
608 16176 32
608 16208 -32
592 16160 -176
560 16160 -176
640 16192 -16
672 16224 208
688 16192 336
800 16208 480
688 16096 336
688 16064 288
688 16064 288
608 16160 304
784 16128 608
736 16032 496
912 16080 240
912 16064 160
816 16064 240
688 16112 240
752 16112 384
624 16176 336
576 16160 352
656 16080 448
656 16112 320
656 16112 80
832 16128 80
624 16096 208
688 16096 256
720 16112 224
720 16048 192
656 16048 176
544 16144 -16
768 16144 -16
720 16192 -112
704 16192 -256
624 16144 48
656 16160 192
688 16112 192
752 16128 176
720 16144 128
640 16112 128
640 16128 176
560 16128 128
560 16144 -64
672 16144 -64
672 16128 288
688 16128 336
720 16192 -144
720 16128 -224
784 16176 -80
784 16192 -16
768 16192 -16
896 16208 304
768 16144 224
672 16112 320
656 16112 464
800 16128 256
800 16112 240
832 16112 240
912 16144 112
800 16112 160
688 16080 144
656 16096 144
656 16064 368
608 16064 368
672 16064 384
704 16160 384
720 16144 416
720 16176 272
880 16192 256
880 16176 96
1008 16176 96
864 16160 0
624 16176 128
672 16160 336
704 16128 272
704 16208 272
576 16128 272
608 16128 144
672 16128 144
704 16160 208
688 16128 288
768 16112 464
768 16160 336
736 16160 336
800 16192 160
752 16208 224
656 16176 208
656 16112 64
768 16112 64
752 16160 -144
752 16160 160
752 16192 160
768 16096 112
720 16160 128
768 16176 192
752 16160 304
1008 16128 240
784 16128 224
640 16064 224
688 16032 -128
592 16016 144
608 16112 256
800 16144 32
528 16176 176
528 16160 96
528 16160 96
656 16240 -272
832 16176 -32
848 16096 192
880 16112 176
880 16128 448
832 16128 448
784 16208 192
816 16128 192
864 16128 176
576 16144 192
720 16160 224
720 16160 176
448 16160 176
608 16160 128
624 16096 208
640 16096 144
720 16064 16
720 16064 112
896 16128 320
832 16128 336
832 16064 336
800 16096 64
656 16128 336
832 16112 144
832 16112 80
704 16144 80
688 16208 224
640 16208 288
720 16176 208
720 16160 112
768 16144 320
768 16176 288
816 16176 256
768 16240 256
784 16224 192
768 16128 368
720 16096 -16
816 16112 -304
912 16128 -128
912 16128 128
688 16096 128
752 16128 192
800 16144 192
656 16112 -128
608 16160 208
416 16144 96
416 16224 176
640 16096 160
720 16144 272
896 16128 128
880 16144 64
880 16144 304
848 16208 368
720 16192 160
704 16144 160
720 16144 176
688 16096 176
752 16176 128
752 16240 -208
736 16240 -208
640 16160 176
672 16176 160
672 16192 240
592 16144 256
592 16144 320
576 16176 288
592 16176 240
624 16224 240
672 16240 176
768 16192 128
768 16128 160
768 16128 160
848 16096 176
800 16144 176
784 16256 144
688 16208 16
672 16144 208
816 16128 32
736 16144 112
736 16048 240
784 16048 496
800 16112 64
672 16144 64
608 16128 224
640 16160 112
704 16096 304
736 16064 192
736 16064 144
784 16144 -16
864 16144 0
784 16224 0
736 16208 48
544 16176 240
400 16192 272
400 16192 128
688 16192 128
784 16160 48
768 16176 -16
752 16208 160
784 16256 144
800 16224 112
688 16176 160
688 16176 224
832 16160 224
816 16128 208
816 16144 192
768 16080 496
768 16080 320
656 16192 320
832 16208 240
736 16192 176
576 16160 272
608 16096 288
752 16112 208
752 16096 48
784 16096 -48
592 16112 -48
592 16160 128
656 16176 256
672 16240 224
672 16176 176
544 16176 176
576 16112 240
560 16128 304
656 16112 64
768 16048 144
768 16144 160
784 16112 240
784 16096 160
768 16096 400
720 16064 400
784 16112 256
832 16192 176
944 16208 80
944 16144 256
784 16144 -64
672 16096 -64
736 16096 -64
720 16096 416
832 16144 224
928 16160 224
928 16208 224
800 16208 48
768 16224 48
720 16272 80
640 16192 224
848 16176 64
848 16160 16
720 16112 64
720 16096 96
656 16096 96
848 16080 192
784 16096 176
800 16096 -160
800 16080 176
768 16080 336
656 16128 336
560 16048 352
816 16160 160
768 16128 240
704 16128 176
720 16128 128
720 16128 272
704 16112 272
768 16144 320
720 16080 272
656 16144 400
640 16144 304
784 16160 304
768 16112 272
656 16080 528
704 16080 368
768 16128 368
784 16160 192
784 16160 192
880 16112 192
896 16096 96
784 16128 176
688 16064 288
736 16080 384
736 16176 -16
784 16176 192
704 16176 192
704 16176 288
736 16144 96
768 16112 208
816 16080 352
816 16080 272
704 16080 272
576 16128 0
720 16096 64
800 16128 288
784 16112 128
784 16112 32
896 16256 32
848 16224 224
752 16192 224
848 16224 176
656 16144 272
656 16128 208
512 16128 320
512 16112 320
592 16128 160
656 16160 -64
800 16128 48
800 16112 -16
880 16112 -16
768 16128 -112
768 16128 -112
768 16128 -64
784 16112 80
736 16096 192
736 16080 480
640 16080 480
720 16144 432
768 16128 192
672 16080 96
736 16160 144
736 16128 288
656 16176 272
656 16176 384
704 16176 384
752 16128 304
800 16176 288
864 16080 176
784 16112 144
784 16128 -112
784 16128 -16
624 16192 -16
576 16160 368
736 16112 272
784 16144 384
752 16144 208
752 16160 176
768 16160 176
672 16096 464
672 16112 496
736 16192 64
736 16176 400
784 16176 304
672 16192 304
576 16144 272
656 16144 176
768 16208 176
720 16208 256
704 16176 128
704 16176 -32
736 16240 -32
560 16208 80
656 16176 -16
624 16208 32
624 16096 144
736 16096 144
752 16048 80
720 16096 288
688 16128 304
624 16160 288
640 16144 224
640 16160 288
672 16160 288
672 16144 176
720 16192 256
672 16128 256
672 16192 224
704 16192 128
752 16096 128
832 16176 32
864 16192 144
912 16224 368
784 16208 192
832 16128 176
768 16144 144
704 16144 32
704 16144 -48
592 16144 16
736 16112 16
784 16160 -176
656 16144 -48
656 16128 32
624 16176 160
640 16176 176
640 16176 -96
752 16208 -96
800 16144 -144
832 16144 144
800 16080 112
864 16080 416
816 16016 416
832 16064 304
784 16096 352
736 16096 336
800 16000 608
800 16064 592
736 16064 496
736 16048 496
688 16080 592
672 16144 128
736 16208 48
736 16208 144
544 16064 144
752 16144 16
544 16112 240
576 16096 32
624 16144 -64
672 16192 -96
672 16192 240
752 16128 240
688 16144 192
752 16112 304
736 16208 480
736 16192 512
704 16192 304
688 16176 304
688 16160 304
752 16176 272
736 16224 0
736 16160 192
736 16144 32
736 16144 112
736 16144 0
704 16096 0
752 16096 16
672 16240 -112
848 16192 -112
800 16160 -48
688 16064 64
656 16064 112
480 16144 112
816 16160 64
816 16160 80
