startup(x,y,z):(656,16192,224)
-10576 14576 -2528
2832 15216 -416
5792 15456 1472
6352 14736 2384
-4112 14960 640
-1616 14576 1344
-1616 14768 -560
-1872 15280 -256
-1872 15584 1584
-2304 15584 1584
6944 15744 4432
3536 16016 4576
18096 16048 1456
5520 16704 1216
5520 16624 1696
6384 16624 1696
-2560 16352 -3664
14928 15664 -15760
3168 15824 -528
14880 15616 -1488
-8880 15152 6624
7856 14960 3648
3952 15232 5456
8672 15760 5440
704 16144 1424
3392 15984 -1024
912 16352 -4464
464 16144 -4928
464 16144 -4288
816 16160 -3440
688 16192 -64
1616 15968 -64
3616 15888 -528
1280 16160 2176
1872 16096 3456
1872 16096 2640
-512 16000 2640
688 15888 816
1184 16032 -256
1488 16288 -128
912 16288 -560
1072 16208 -1584
672 16288 -1184
672 16288 -576
496 16288 -576
576 16384 -464
544 16320 272
912 16112 1680
912 16176 1648
864 16096 976
592 16096 976
320 16192 -336
-48 16096 -832
272 16144 -368
784 16208 -672
1136 16256 -864
1136 16288 144
880 16288 800
672 16208 800
-48 16096 1200
800 16160 864
-16 16256 224
832 16256 64
832 16272 480
32 16272 480
832 16208 -272
368 16176 -272
704 16144 -512
464 16208 -144
480 16240 672
480 16224 832
608 16224 736
576 16208 736
576 16176 512
576 16208 432
352 16160 512
608 16304 64
544 16272 -384
448 16272 -96
528 16208 -96
496 16192 384
368 16176 672
704 16160 432
704 16208 96
880 16208 320
880 16208 320
640 16208 240
784 16192 144
656 16160 -32
800 16160 -176
800 16160 -256
768 16192 -256
640 16256 240
544 16128 80
608 16096 288
608 16160 672
512 16160 448
640 16144 448
480 16192 320
592 16224 -96
560 16208 -192
768 16240 -384
624 16112 -144
624 16128 128
576 16128 128
656 16160 16
528 16144 -176
608 16240 176
496 16176 592
560 16272 752
560 16272 640
656 16176 640
576 16224 336
656 16160 112
544 16160 80
752 16192 -288
752 16176 -416
752 16176 -160
528 16080 -160
576 16112 96
464 16192 176
640 16208 256
640 16176 384
688 16176 496
496 16128 496
496 16128 0
720 16144 0
848 16112 -160
800 16064 -272
800 16096 -112
768 16096 256
816 16048 256
736 16176 448
704 16144 592
752 16112 608
752 16176 192
672 16176 192
416 16192 -96
608 16192 -96
608 16176 272
608 16240 176
608 16256 144
656 16256 144
560 16128 384
576 16128 384
496 16160 528
576 16192 576
656 16208 464
592 16160 352
608 16160 288
608 16128 -48
688 16128 -48
592 16144 -16
704 16240 128
640 16176 224
640 16096 240
432 16128 304
432 16160 304
512 16160 304
592 16224 -16
688 16256 80
688 16192 320
672 16176 288
816 16176 96
816 16192 -48
784 16192 -48
640 16128 16
624 16144 160
544 16192 240
688 16176 288
688 16160 128
528 16144 304
672 16144 624
704 16144 624
848 16240 80
944 16240 64
768 16160 -16
768 16160 128
656 16160 128
784 16160 80
784 16208 176
640 16176 416
608 16192 320
592 16160 336
528 16112 256
528 16112 160
672 16032 160
752 16016 64
640 16176 -112
688 16176 -144
688 16208 -48
736 16160 0
736 16160 -160
624 16176 -160
592 16192 -112
656 16160 128
656 16192 208
720 16208 288
800 16208 224
800 16208 288
672 16208 288
640 16176 224
528 16160 240
640 16176 256
592 16160 256
592 16256 144
496 16256 144
544 16240 96
560 16208 96
688 16208 128
672 16208 144
688 16128 -48
688 16128 -16
528 16192 -16
656 16144 192
640 16160 112
560 16192 272
736 16176 304
736 16176 288
816 16256 352
816 16256 560
832 16288 560
688 16160 240
688 16160 144
688 16160 -16
688 16160 32
704 16064 32
640 16144 64
512 16240 208
592 16256 -48
592 16224 -176
512 16192 128
592 16192 192
512 16288 192
608 16224 288
608 16112 -128
704 16016 -64
704 16016 48
688 16064 176
608 16160 480
688 16144 480
496 16176 352
544 16128 192
496 16096 368
496 16080 448
576 16208 240
576 16208 224
496 16192 224
496 16128 64
672 16160 -80
752 16176 32
704 16192 240
704 16192 288
608 16176 288
656 16192 208
752 16192 304
800 16208 352
608 16176 336
384 16160 288
464 16160 80
576 16080 128
576 16128 80
704 16144 -48
496 16128 208
496 16176 0
592 16176 176
496 16160 384
448 16176 384
512 16096 -16
512 16160 -16
576 16208 288
576 16224 384
432 16224 384
544 16144 304
560 16256 64
528 16208 80
640 16224 224
640 16224 96
560 16240 144
528 16240 144
512 16224 208
528 16144 192
592 16160 336
592 16208 176
640 16208 336
592 16240 368
576 16192 368
736 16128 320
464 16192 336
608 16128 288
656 16112 272
832 16064 176
832 16080 432
624 16080 96
752 16224 96
800 16176 96
784 16160 128
736 16128 192
592 16160 96
592 16160 128
576 16176 128
512 16256 128
656 16272 272
656 16288 240
560 16240 176
640 16240 -80
640 16224 48
528 16224 48
640 16160 336
752 16160 288
784 16144 240
704 16096 224
704 16112 544
608 16112 352
464 16240 288
448 16240 288
512 16224 0
496 16288 112
608 16304 80
608 16192 112
640 16192 336
576 16080 336
592 16096 560
640 16144 528
656 16160 512
640 16128 240
640 16160 112
640 16160 528
576 16160 528
656 16112 560
672 16160 336
560 16176 288
560 16208 176
704 16176 400
704 16176 512
688 16096 512
656 16128 352
592 16176 352
672 16160 512
688 16144 736
656 16176 528
656 16224 464
656 16128 256
688 16128 112
688 16176 112
672 16160 192
832 16128 128
608 16144 112
608 16112 272
592 16144 208
592 16144 352
576 16240 352
672 16256 192
672 16208 96
656 16144 -128
656 16144 112
432 16144 80
496 16128 80
592 16128 96
416 16176 208
592 16240 240
608 16160 160
608 16144 96
608 16144 32
512 16176 32
624 16160 -32
576 16144 128
640 16176 0
640 16144 208
656 16144 144
672 16112 144
752 16144 368
560 16160 368
592 16224 96
720 16128 144
704 16176 -48
704 16176 192
608 16128 96
608 16192 -16
640 16240 64
576 16192 176
576 16176 160
560 16176 112
688 16176 112
640 16240 -32
672 16240 160
608 16160 48
672 16208 64
640 16224 80
640 16224 128
512 16128 128
464 16128 160
512 16128 80
608 16176 128
608 16208 256
608 16160 -32
640 16064 80
640 16064 80
640 16112 320
624 16192 208
528 16144 208
528 16112 192
784 16112 -64
672 16112 -160
688 16112 32
496 16160 80
448 16128 336
560 16192 240
544 16192 208
544 16096 448
624 16096 448
624 16144 432
640 16224 544
576 16144 80
576 16208 -32
784 16208 -112
736 16192 -112
608 16256 64
384 16192 176
496 16176 0
560 16224 -16
672 16160 224
672 16160 256
464 16240 256
480 16240 256
464 16224 400
608 16224 256
592 16224 400
464 16192 384
464 16192 496
496 16224 496
352 16176 512
512 16176 448
576 16304 304
688 16192 416
656 16144 16
656 16144 -32
592 16144 -32
704 16112 -256
768 16144 -112
784 16144 0
752 16176 160
752 16176 224
704 16176 208
608 16176 240
656 16144 240
688 16176 64
608 16176 -16
656 16192 16
656 16192 208
736 16112 208
608 16176 80
608 16192 64
672 16208 64
672 16144 64
640 16080 -16
736 16080 240
912 16096 240
960 16176 192
592 16208 304
464 16192 160
464 16192 192
560 16192 192
576 16096 -128
576 16176 32
560 16176 288
624 16160 384
624 16192 368
768 16160 304
800 16208 48
624 16176 144
624 16176 144
720 16144 144
576 16128 144
544 16128 32
544 16128 0
368 16128 192
416 16112 -32
512 16144 80
560 16176 224
560 16192 240
448 16192 240
496 16160 288
576 16112 448
672 16064 416
640 16112 320
640 16144 48
640 16144 48
576 16208 112
512 16176 112
544 16224 16
640 16304 208
688 16304 176
688 16288 160
848 16288 160
464 16144 336
800 16112 256
784 16192 176
784 16192 192
688 16128 192
704 16208 208
720 16224 96
624 16272 128
736 16208 240
512 16192 192
512 16192 304
352 16224 304
464 16224 256
464 16176 176
672 16096 192
720 16176 16
720 16176 272
