startup(x,y,z):(432,16128,240)
-384 16864 3776
-96 16416 -1072
464 16032 -1072
848 15952 -1856
1040 15920 -2192
816 16096 -1520
320 16096 -192
656 15984 304
3152 15168 -8528
3152 15904 -3680
-512 15904 -3680
-784 16160 544
-2320 16176 3840
-272 16368 3632
-288 16368 5168
-48 16032 5168
-144 15984 5808
304 15952 1648
1168 16224 1920
480 16400 1920
2528 15840 -448
2528 16096 -1408
1344 16096 -192
624 16368 -192
672 16192 1168
592 16144 1952
832 16256 80
832 15984 -2720
-352 15984 -752
-1408 16176 -752
-560 16256 -992
432 16176 -992
-752 16240 -1200
704 16144 -2112
208 16256 464
208 16256 256
112 16080 -832
608 16096 496
512 16288 496
432 16192 560
736 16192 608
608 16160 640
656 16128 -48
864 16032 384
864 16144 512
752 16144 1072
576 16224 1072
432 16224 1728
528 16112 1088
432 16128 1072
432 16128 992
432 16128 416
128 16224 416
192 16192 -608
432 16224 -608
528 16176 -1312
432 16176 -1376
528 16160 -960
528 16192 -336
592 16192 -48
768 16160 -48
544 16080 224
272 16064 688
352 16192 464
368 16256 560
416 16192 368
432 16112 592
432 16112 752
160 16224 752
112 16096 816
464 16080 880
480 16000 800
480 16080 352
208 16080 -160
144 16144 -144
448 16096 -496
464 16112 -560
400 16208 -352
368 16224 320
336 16224 592
336 16224 32
384 16224 32
416 16144 -144
352 16256 -128
288 16192 0
432 16176 48
480 16160 144
480 16064 464
512 16096 608
416 16080 576
384 16080 800
368 16016 800
432 16048 432
320 16112 400
320 16128 208
352 16128 96
336 16128 96
336 16096 -32
432 16064 -144
400 16112 16
400 16128 -112
464 16192 48
464 16144 -144
448 16144 -304
464 16144 -304
464 16144 -16
544 16192 128
480 16208 256
480 16160 512
528 16160 720
432 16208 720
496 16112 672
512 16192 240
464 16128 256
288 16112 -32
336 16144 -32
336 16144 48
256 16176 48
400 16144 256
416 16208 -80
416 16224 -80
368 16240 64
544 16176 -16
544 16176 48
416 16240 -112
384 16272 256
448 16208 256
448 16144 272
448 16128 432
304 16096 272
368 16144 336
448 16144 320
496 16160 320
432 16144 336
448 16144 -32
384 16160 -128
192 16192 144
368 16192 144
368 16176 112
496 16176 32
432 16160 32
480 16272 48
576 16208 112
528 16176 -32
528 16160 96
496 16160 96
512 16208 96
464 16240 320
576 16176 224
368 16112 368
464 16112 144
464 16144 32
464 16144 -64
464 16208 -64
432 16192 384
352 16144 400
368 16144 192
368 16144 176
416 16128 80
352 16160 192
352 16160 0
512 16192 0
480 16176 -48
416 16160 144
464 16176 192
464 16112 384
416 16144 496
416 16192 480
352 16192 480
400 16176 528
416 16160 512
448 16208 448
512 16176 400
384 16240 320
384 16224 352
336 16224 256
432 16160 256
368 16176 192
336 16112 112
272 16208 96
304 16128 144
272 16128 272
400 16160 640
336 16208 432
336 16208 640
368 16128 640
368 16064 624
384 16112 496
192 16096 560
256 16144 384
256 16176 256
272 16176 192
320 16240 192
336 16176 304
352 16176 336
592 16192 80
528 16192 -32
496 16160 16
496 16160 -16
464 16128 -16
496 16144 256
448 16080 64
480 16192 -112
368 16192 -128
368 16256 48
352 16192 240
368 16192 352
512 16176 352
448 16144 256
368 16208 240
336 16272 224
336 16256 48
336 16256 176
320 16192 176
384 16080 208
400 16176 176
368 16176 96
480 16224 -80
416 16224 48
352 16208 160
352 16208 464
336 16144 464
384 16224 464
368 16176 448
448 16240 336
288 16128 112
368 16240 256
368 16240 384
480 16144 336
416 16192 256
432 16112 256
400 16096 304
352 16192 128
384 16208 128
384 16208 80
304 16176 80
144 16176 32
320 16144 112
448 16096 448
384 16112 336
384 16176 256
384 16112 272
384 16112 496
400 16112 496
352 16272 448
336 16256 320
384 16128 144
432 16128 80
464 16224 80
432 16240 176
368 16160 464
400 16080 384
384 16144 240
368 16192 -16
368 16192 208
336 16112 208
352 16192 -64
528 16160 64
512 16064 160
512 16144 80
464 16144 80
416 16160 80
416 16160 128
416 16128 -16
480 16160 64
336 16192 160
336 16160 -128
336 16128 80
416 16128 80
464 16192 112
528 16256 288
448 16192 384
448 16112 336
336 16096 544
336 16144 320
256 16192 224
352 16176 -48
496 16176 -48
464 16192 32
464 16128 64
448 16176 128
400 16160 352
400 16128 240
448 16128 272
432 16208 272
288 16144 384
432 16176 256
448 16192 336
304 16144 432
368 16256 256
368 16176 48
384 16176 48
208 16112 48
400 16112 64
416 16192 -304
432 16176 112
432 16176 192
240 16176 112
304 16192 112
480 16144 144
464 16128 224
224 16144 288
272 16160 320
304 16144 336
304 16144 352
384 16128 352
416 16128 288
368 16128 480
400 16128 416
368 16096 416
368 16096 128
368 16032 208
464 16032 288
464 16032 288
384 16112 80
432 16144 160
528 16112 -112
448 16160 96
432 16176 208
384 16128 144
384 16128 -96
352 16064 -96
352 16000 256
272 16032 256
464 16080 208
416 16160 48
400 16160 96
400 16160 -80
416 16192 -80
320 16176 336
432 16176 240
464 16128 240
448 16224 160
448 16112 112
480 16160 144
464 16160 112
512 16112 112
368 16192 48
240 16208 144
352 16176 -64
352 16176 192
480 16176 192
384 16320 -64
448 16304 -64
336 16224 -288
464 16160 -112
544 16176 80
480 16240 208
336 16160 224
336 16160 256
240 16160 256
400 16144 112
464 16208 80
464 16224 -16
464 16192 -256
336 16192 96
400 16176 96
464 16192 96
432 16080 32
272 16080 176
384 16144 160
352 16144 96
352 16144 176
416 16144 176
336 16144 176
496 16144 240
336 16144 144
320 16256 240
368 16160 256
304 16176 256
304 16128 352
224 16128 352
224 16176 336
368 16080 352
480 16080 352
480 16144 336
480 16240 240
400 16240 240
496 16256 400
480 16096 400
368 16192 192
256 16192 48
512 16112 128
512 16112 96
400 16112 208
576 16096 208
432 16176 48
400 16240 16
416 16224 192
416 16144 96
480 16144 112
496 16176 112
512 16192 352
528 16224 304
480 16160 144
496 16144 128
528 16112 -16
528 16112 272
480 16160 272
512 16208 416
560 16160 496
416 16112 384
320 16096 128
320 16112 176
448 16176 32
128 16176 96
176 16176 208
352 16144 208
400 16144 160
288 16112 64
320 16112 96
320 16128 176
320 16048 384
256 16048 352
112 16144 352
160 16128 208
224 16144 304
272 16160 -64
288 16176 192
320 16176 256
320 16240 240
464 16240 240
368 16144 224
336 16128 128
272 16112 192
320 16160 208
320 16160 96
544 16112 96
368 16112 -224
560 16128 -224
464 16144 80
448 16160 224
304 16176 336
432 16176 128
432 16176 -64
464 16240 -64
416 16208 144
448 16208 80
400 16336 96
384 16240 112
464 16080 192
512 16112 128
512 16112 288
624 16112 288
400 16112 224
240 16144 160
224 16144 384
224 16160 240
224 16144 464
352 16144 464
464 16160 128
432 16144 160
352 16208 192
304 16128 96
176 16144 128
176 16192 464
288 16192 368
368 16240 368
304 16224 96
384 16176 112
336 16224 0
432 16128 240
448 16208 288
336 16160 96
336 16160 144
400 16160 16
448 16192 16
448 16240 192
400 16224 -160
352 16224 96
352 16176 304
336 16176 208
272 16160 208
368 16160 272
304 16096 64
576 16192 176
96 16176 160
464 16176 240
464 16336 0
432 16336 0
656 16352 -240
336 16496 -720
192 16544 -912
192 16544 -464
384 16352 -464
384 16272 240
272 16368 16
432 16320 144
384 16048 400
304 16064 480
304 16064 656
352 16096 656
512 16096 448
384 16064 640
304 16176 640
272 16352 304
272 16528 -48
384 16304 -32
272 16368 -224
288 16368 -224
288 16496 -192
304 16272 -160
96 16256 112
96 16272 128
224 16272 432
128 16160 464
192 16160 464
416 16064 496
368 16048 64
304 16160 96
272 16144 96
208 16080 128
