startup(x,y,z):(656,16160,128)
1744 16784 2160
4128 16080 4816
3840 16560 4096
2304 16208 1488
2304 16208 3808
4160 16544 3808
3328 15808 160
2720 16416 -1952
1328 16384 -1312
1904 16144 2032
1904 15904 1600
1536 15904 1600
928 16064 -224
512 15968 -1280
624 15984 -832
880 16080 512
880 16080 928
960 16064 928
1344 16128 1824
1296 16240 2624
960 16288 1408
960 16192 -432
528 16112 -1104
336 16112 -1104
432 16096 -1104
832 16128 -32
1024 16160 368
720 16128 0
720 16160 -688
192 16160 -688
512 16096 -640
944 16080 624
1136 16016 768
912 16048 128
816 16016 -80
752 16128 -192
864 16096 -192
768 16080 176
720 16144 144
672 16144 -384
624 16160 -288
624 16160 48
672 16080 48
800 16144 464
768 16160 400
496 16128 -80
496 16112 -304
432 16112 -288
544 16064 -288
688 16096 176
688 16160 368
784 16208 512
784 16176 288
848 16176 288
768 16192 272
688 16224 464
624 16176 656
608 16160 304
608 16208 64
608 16208 -16
592 16192 -16
576 16096 368
752 16144 288
784 16192 320
784 16160 352
816 16160 400
768 16160 400
672 16192 160
512 16192 496
688 16144 512
688 16144 336
608 16144 336
544 16176 112
624 16112 -208
640 16128 -176
752 16144 -176
752 16176 48
624 16176 48
672 16240 80
576 16240 96
560 16160 112
656 16080 256
656 16080 448
624 16128 448
704 16160 192
704 16144 96
704 16048 96
752 16080 336
752 16080 576
688 16128 576
784 16128 400
736 16112 256
752 16128 160
752 16096 224
624 16096 336
704 16128 336
672 16080 272
800 16144 176
768 16192 320
768 16160 304
768 16160 416
656 16048 416
736 16096 528
560 16144 224
688 16160 256
688 16160 32
768 16160 128
736 16208 128
720 16160 128
784 16160 288
672 16128 240
640 16128 144
640 16128 256
576 16160 256
624 16144 320
768 16160 352
832 16112 416
832 16112 592
720 16096 592
768 16032 544
752 16096 80
880 16192 160
672 16144 48
672 16160 80
624 16160 64
800 16096 64
656 16048 176
720 16176 96
720 16112 304
784 16112 64
880 16144 64
768 16176 112
736 16144 -80
864 16096 64
688 16048 160
688 16112 144
624 16112 -160
736 16064 -160
608 16160 -48
560 16112 304
624 16208 320
624 16208 464
544 16080 464
464 16144 448
608 16144 304
720 16080 480
528 16048 448
528 16048 208
608 16048 160
496 16112 160
416 16032 112
448 16112 -48
512 16176 -32
512 16176 144
496 16176 112
608 16128 112
624 16144 48
416 16032 256
576 16048 208
576 16048 400
448 16096 400
544 16080 336
672 16096 368
624 16112 304
624 16176 -32
672 16176 -32
544 16272 0
592 16208 16
544 16128 -208
640 16144 16
640 16160 176
560 16160 208
640 16160 208
720 16128 160
800 16160 192
704 16176 -144
704 16256 16
608 16256 16
656 16208 288
704 16192 368
832 16080 304
720 16144 224
608 16144 176
608 16208 240
688 16208 240
656 16192 64
720 16128 160
624 16112 0
624 16064 288
656 16016 256
640 16016 288
592 16048 288
656 16112 64
576 16128 176
608 16256 176
608 16112 208
688 16112 432
672 16080 432
496 16160 352
576 16112 528
656 16144 160
656 16192 288
640 16192 224
848 16176 224
784 16128 -32
928 16192 112
768 16192 256
768 16176 128
720 16176 -48
704 16160 -48
656 16096 -160
864 16048 -128
784 16128 -32
784 16128 192
656 16144 192
688 16096 192
688 16144 208
624 16144 80
688 16192 128
688 16112 80
672 16112 432
672 16080 432
784 16128 368
752 16128 112
832 16080 -48
832 16080 64
688 16128 64
672 16096 -32
560 16096 96
672 16112 -208
736 16144 -64
736 16208 208
752 16208 208
816 16160 176
736 16128 240
784 16192 128
784 16128 176
768 16128 176
800 16160 176
784 16160 192
864 16128 48
800 16064 128
800 16048 400
768 16048 208
768 16096 208
816 16096 192
768 16016 192
720 16032 480
720 16112 288
752 16112 288
704 16064 368
704 16160 160
624 16144 64
640 16128 112
640 16096 256
608 16096 144
816 16080 144
720 16160 64
848 16096 96
784 16096 224
784 16096 352
848 16048 352
624 16080 304
464 16112 240
608 16080 48
608 16144 128
608 16144 272
640 16160 272
592 16208 480
704 16192 304
768 16048 384
768 16096 304
704 16096 128
800 16176 128
800 16112 48
656 16176 240
656 16112 256
656 16192 256
688 16192 304
688 16064 288
704 16144 -160
560 16144 -160
560 16160 0
576 16160 128
592 16160 128
608 16128 480
640 16064 480
608 16080 416
608 16016 352
640 16016 352
464 16144 272
672 16128 112
624 16176 176
768 16144 144
768 16080 160
912 16080 160
800 16144 368
752 16096 320
720 16160 256
816 16096 208
816 16128 192
736 16128 208
656 16064 208
592 16128 256
608 16160 352
672 16192 -48
672 16160 80
624 16160 240
560 16144 240
608 16176 272
624 16128 288
704 16144 96
704 16128 240
688 16128 240
752 16160 224
832 16144 240
752 16048 352
720 16096 368
720 16064 144
592 16064 144
688 16128 -144
640 16064 -240
560 16080 0
560 16080 192
512 16080 176
608 16032 176
544 16032 288
624 16032 240
576 16128 240
608 16096 304
608 16352 208
640 16176 208
688 16160 128
592 16112 304
736 16112 288
736 16144 192
912 16144 48
816 16160 48
960 16144 32
896 16064 160
720 16080 320
768 16128 192
768 16128 -112
832 16080 -112
704 16160 -192
800 16080 -64
784 16048 -48
784 16128 -80
816 16128 32
768 16128 32
704 16096 -176
656 16176 -96
800 16272 -384
768 16160 -144
768 16160 -80
688 16128 -80
832 16096 80
768 16080 416
704 16064 192
704 16112 288
656 16112 288
688 16080 304
672 16128 288
816 16096 128
752 16064 176
752 16144 304
944 16144 144
928 16160 144
752 16144 96
496 16096 432
608 16096 560
608 16160 384
704 16160 384
784 16112 304
656 16160 160
640 16144 192
640 16096 256
640 16048 208
672 16048 224
752 16064 224
896 16080 48
832 16144 -64
800 16208 -144
800 16208 48
704 16160 48
720 16144 32
592 16144 192
736 16144 128
672 16192 48
672 16192 112
688 16192 112
768 16096 128
752 16048 176
1008 16048 208
1008 16160 240
1008 16160 224
928 16192 224
624 16112 112
864 16112 -16
736 16176 -32
720 16176 16
752 16208 352
672 16128 352
848 16096 304
672 16176 16
624 16160 176
624 16160 112
560 16176 112
688 16128 -16
736 16032 112
896 16048 480
896 16080 320
832 16080 240
864 16096 240
752 16112 -96
672 16160 16
592 16128 0
592 16128 144
720 16128 144
832 16064 304
688 16192 224
688 16064 64
784 16096 96
784 16112 304
704 16112 -112
784 16096 -112
768 16208 256
784 16128 208
800 16112 432
784 16112 256
784 16112 256
688 16176 160
784 16144 160
768 16192 144
832 16192 112
704 16096 -48
768 16160 80
768 16176 336
592 16176 384
688 16064 384
688 16096 528
640 16112 512
672 16080 528
672 16032 416
640 16032 416
656 16000 256
704 16080 416
704 16016 304
880 16016 256
864 16048 160
864 16048 -32
816 16048 -32
736 16080 48
656 16128 272
672 16144 368
832 16128 224
832 16128 48
864 16112 384
720 16064 384
688 16096 368
512 16080 352
752 16096 528
704 16112 480
704 16112 112
848 16144 112
768 16112 96
880 16080 -48
736 16048 112
736 16096 112
832 16096 112
688 16128 112
688 16096 224
528 16064 160
672 16000 176
736 16144 192
736 16144 384
688 16176 384
688 16176 256
720 16016 144
688 16048 96
688 16176 192
688 16144 544
656 16144 544
400 16080 640
560 16112 240
496 16128 64
512 16192 368
512 16176 400
704 16176 400
672 16224 352
672 16272 160
768 16192 208
784 16080 384
784 16080 176
640 16064 176
720 16144 96
560 16064 64
608 16032 48
304 16128 -272
304 16112 -176
480 16112 -176
720 16016 240
752 16064 96
-256 16000 -2432
-256 16672 2192
-768 16672 -1616
-1072 15568 -1616
400 16000 -2032
800 15776 -624
1424 15760 992
992 15856 1024
992 16176 560
