startup(x,y,z):(464,16224,144)
2416 15904 -2080
-656 16816 160
-1856 16000 2384
-2208 16352 1696
208 15360 1744
16 15808 80
1264 15344 -272
-416 15488 704
1376 15840 -1648
1216 15296 -1248
3936 15488 -4656
7680 16736 -11296
7680 17296 -4528
3120 17296 -4528
-4112 16640 5504
-6784 16640 5536
-4128 16640 6624
-3488 16528 6624
-3024 15840 4224
-1248 15808 3504
-448 16192 -224
3744 15840 208
4320 16384 2208
-624 17024 7344
-624 16048 2192
1936 16208 2000
2000 16432 528
2256 15856 112
2256 16112 -656
-448 16112 -2640
-1088 16240 -2640
-256 16400 -3008
-1888 16464 -2400
-1760 16128 -1344
256 16272 -2432
112 16208 -1904
112 16144 -1968
-368 16176 -2144
736 16096 -1776
736 16048 -1680
656 16048 -1680
640 16336 -1040
720 16352 -272
1072 16256 336
976 16288 2352
736 16096 2352
288 16128 1840
176 16144 1712
16 16080 1600
336 16192 1600
288 16160 1312
448 16144 912
448 16144 864
464 16224 864
672 16208 544
576 16176 -64
512 16240 -512
352 16272 -672
352 16368 -736
224 16240 -704
208 16192 -528
288 16256 -240
320 16208 -368
320 16208 -704
832 16272 -704
832 16192 -304
544 16272 -368
704 16272 48
672 16224 48
416 16160 256
336 16208 560
464 16192 560
448 16208 672
368 16208 720
304 16288 816
304 16288 560
432 16288 656
496 16272 416
384 16272 416
576 16240 368
480 16224 272
368 16192 144
384 16192 112
384 16208 -80
256 16080 -272
336 16096 -256
320 16256 -256
352 16256 -112
352 16256 -128
464 16256 32
592 16112 32
448 16176 -352
528 16240 -192
528 16240 -16
544 16176 -16
512 16192 -128
384 16240 -80
416 16256 128
400 16272 0
528 16192 48
528 16192 64
544 16144 128
464 16192 48
416 16176 176
416 16144 192
416 16144 192
528 16240 192
512 16208 144
480 16208 352
432 16208 -96
400 16224 -96
320 16272 -80
240 16224 -208
368 16256 48
368 16240 0
368 16224 0
480 16240 -48
480 16144 -96
432 16144 -96
512 16176 -112
512 16208 0
448 16240 96
304 16256 192
256 16208 304
448 16144 224
496 16176 160
560 16144 64
432 16112 96
432 16176 320
480 16128 320
384 16160 432
416 16144 368
304 16272 352
384 16192 80
480 16208 240
480 16160 16
400 16160 -32
384 16176 32
448 16272 32
416 16208 -64
352 16224 80
432 16288 256
448 16224 256
368 16272 208
400 16192 112
416 16160 288
304 16240 32
352 16192 272
416 16272 272
320 16224 128
496 16224 224
464 16176 320
464 16208 576
464 16240 320
384 16192 112
384 16192 144
256 16192 144
432 16224 32
448 16208 16
480 16256 96
496 16192 64
448 16240 128
544 16304 0
544 16272 -128
496 16272 96
400 16224 80
400 16288 -224
416 16288 -48
304 16208 -48
320 16224 192
432 16272 -80
400 16224 0
432 16208 16
400 16304 16
512 16320 96
448 16224 -16
464 16240 272
416 16160 288
416 16192 192
416 16192 208
304 16144 208
368 16160 224
240 16208 208
416 16224 240
224 16224 112
256 16240 208
432 16192 160
432 16224 144
496 16224 144
560 16256 -64
352 16240 192
384 16256 416
416 16240 224
448 16272 128
400 16240 224
432 16256 192
464 16256 128
416 16256 224
448 16192 208
416 16208 96
528 16144 176
448 16208 160
416 16176 32
416 16272 -64
288 16240 144
320 16240 160
320 16240 32
304 16208 160
416 16224 288
416 16224 384
352 16192 400
352 16256 208
480 16256 320
480 16240 256
576 16240 48
496 16160 48
384 16160 144
320 16160 0
432 16128 160
672 16192 176
672 16208 544
656 16208 416
720 16224 416
608 16256 240
544 16304 160
432 16224 32
416 16240 240
304 16288 96
352 16240 240
352 16288 224
464 16288 144
560 16192 144
464 16160 192
448 16128 160
400 16192 144
400 16096 80
192 16176 192
272 16192 192
352 16208 256
512 16208 176
512 16240 192
384 16240 192
576 16192 256
544 16128 32
496 16176 48
448 16160 -16
432 16128 -176
272 16208 -128
272 16224 96
464 16208 -48
464 16208 96
560 16160 96
480 16112 96
464 16256 32
480 16272 144
496 16272 48
496 16272 272
512 16224 224
528 16192 32
400 16256 48
512 16208 96
512 16208 -272
512 16144 -272
624 16160 -32
400 16208 0
368 16256 176
368 16192 -160
368 16224 224
432 16224 224
432 16240 -80
416 16256 16
464 16208 -48
448 16208 80
432 16192 208
432 16240 128
560 16240 512
448 16176 320
448 16224 144
416 16208 96
352 16304 192
320 16176 80
448 16208 -64
480 16320 -272
480 16288 -80
352 16288 -80
352 16304 176
320 16256 -32
464 16208 48
512 16176 224
480 16176 144
480 16208 -48
512 16240 144
400 16352 144
416 16304 96
464 16288 -96
464 16224 -16
272 16272 144
400 16272 304
384 16224 368
368 16272 368
480 16272 464
464 16128 384
432 16144 368
432 16192 144
432 16176 16
384 16160 -32
384 16160 -128
352 16288 -128
352 16288 -96
352 16256 64
400 16272 -16
432 16272 96
352 16304 64
352 16304 0
480 16272 0
416 16320 -96
560 16272 -128
432 16256 -144
416 16176 96
416 16224 192
432 16224 176
496 16176 208
432 16224 224
304 16208 224
352 16272 32
400 16208 240
368 16288 192
400 16240 96
400 16208 208
432 16208 208
496 16256 112
384 16288 160
480 16304 -64
400 16240 176
592 16304 144
592 16272 -144
624 16272 -144
720 16256 -80
672 16208 -112
480 16272 -32
512 16240 -32
464 16144 48
464 16160 -16
464 16160 -16
448 16112 64
400 16192 128
448 16144 144
416 16192 208
368 16192 -16
416 16208 64
416 16240 208
400 16240 160
576 16240 160
576 16208 224
576 16304 96
512 16256 -176
512 16240 -80
544 16240 -112
368 16288 -112
384 16272 0
480 16208 160
384 16240 192
384 16192 128
448 16208 176
448 16256 -192
480 16256 -16
416 16272 -16
384 16288 -128
528 16224 -192
448 16256 -192
432 16240 160
448 16256 192
448 16240 288
496 16240 160
592 16224 160
624 16272 224
352 16240 336
464 16256 160
464 16128 128
480 16128 -48
448 16192 -48
592 16192 16
544 16224 192
528 16224 96
640 16224 256
512 16192 112
512 16224 176
384 16224 176
464 16176 32
464 16288 112
544 16320 224
528 16288 288
528 16288 0
576 16160 112
448 16160 112
320 16256 160
448 16208 208
528 16208 -16
560 16208 16
560 16144 240
560 16144 240
352 16192 64
368 16192 -128
304 16208 16
512 16288 32
448 16240 16
448 16240 96
560 16240 96
416 16320 80
464 16288 128
416 16240 -80
448 16272 -336
544 16208 -112
544 16208 -128
592 16256 -128
640 16272 -208
656 16256 -176
480 16288 -32
560 16192 -96
512 16208 160
512 16176 64
480 16256 80
480 16128 -144
480 16128 -144
512 16144 -64
480 16176 -48
496 16144 224
464 16128 144
432 16160 80
512 16160 64
608 16144 64
336 16208 96
240 16208 16
416 16192 352
416 16224 224
448 16224 96
624 16112 96
640 16160 0
592 16080 128
480 16160 80
480 16144 64
480 16144 -112
400 16144 -112
464 16176 -64
384 16160 -64
240 16208 16
336 16288 208
336 16272 144
480 16272 144
432 16224 240
464 16240 256
368 16240 -128
176 16256 128
320 16160 80
320 16160 192
384 16160 128
368 16256 128
448 16176 176
512 16192 80
464 16240 192
464 16288 -32
464 16320 64
496 16320 64
528 16208 0
512 16224 160
496 16240 112
448 16272 400
336 16224 368
256 16224 176
256 16208 192
384 16208 192
400 16240 208
480 16224 192
400 16272 -16
368 16256 176
512 16224 -32
512 16224 64
448 16224 64
512 16224 240
528 16240 256
512 16112 320
448 16160 304
448 16208 208
576 16208 32
560 16208 32
544 16272 -16
384 16240 64
336 16208 64
208 16208 96
384 16208 144
384 16224 144
400 16224 384
512 16240 384
464 16208 48
352 16304 416
528 16288 416
528 16208 208
528 16208 64
496 16288 64
448 16256 96
368 16304 64
464 16256 -16
448 16240 208
480 16192 160
480 16192 192
544 16160 192
512 16240 176
448 16224 192
400 16272 272
384 16304 304
384 16256 112
512 16256 -96
