startup(x,y,z):(64,16112,144)
9008 15552 4592
1664 14608 2928
5824 14416 -2336
1520 16288 -1584
656 15104 2544
656 15360 1488
-1552 15360 -784
272 16320 480
1216 16464 1056
528 16160 -1888
320 16256 -1328
-16 16704 1264
720 15808 480
720 15248 208
608 15248 208
-816 15520 944
-272 15936 992
-32 16080 384
160 16112 352
352 16224 224
352 16208 -416
240 16208 -416
368 16192 -816
96 16192 -288
288 16240 -288
-64 16112 -16
240 16160 416
80 16160 256
480 16256 -432
480 15664 -800
1024 15664 -208
-1440 16064 -208
208 16384 -816
384 15936 -1328
128 16064 -560
-256 16480 1024
-960 15872 608
-832 16112 960
-832 16112 368
-1040 16256 368
-48 16352 -64
-320 16416 352
112 16240 304
-128 16208 256
160 16400 992
208 16240 976
320 16272 256
0 16208 16
0 16224 144
0 16224 -240
288 16144 -240
160 16192 0
48 16208 128
80 16208 -48
112 16176 128
112 16256 240
256 16256 -64
192 16160 -144
160 16128 0
176 16160 0
416 16176 -544
176 16272 32
160 16176 608
80 16224 48
80 16224 432
576 16032 304
320 16128 304
336 16080 80
80 16096 -96
128 16032 400
96 16128 128
64 16096 -240
224 16112 -224
192 16096 -160
192 16096 192
80 16112 192
112 16160 544
128 16176 256
112 16128 192
240 16176 224
240 16160 80
224 16208 128
64 16176 64
64 16176 272
80 16096 272
32 16096 80
128 16080 288
80 16096 640
96 16160 576
96 16256 144
48 16256 144
-64 16224 80
64 16208 48
16 16192 160
32 16288 384
112 16144 448
192 16128 448
192 16128 304
208 16144 304
336 16128 384
208 16176 272
224 16160 80
192 16128 96
192 16160 208
160 16192 416
192 16144 240
192 16144 240
176 16208 336
192 16144 320
208 16112 -112
176 16112 16
176 16112 192
112 16112 304
32 16080 304
64 16080 384
-32 16144 368
128 16160 608
160 16144 432
64 16112 496
96 16192 432
64 16096 448
64 16096 176
112 16096 352
224 16128 384
272 16112 144
240 16176 240
288 16144 288
336 16208 240
336 16192 160
240 16192 80
352 16112 80
208 16192 48
240 16160 144
272 16144 176
272 16080 224
192 16080 400
32 16144 400
-32 16224 16
80 16256 128
144 16240 176
80 16256 -32
80 16304 304
80 16288 336
64 16288 336
128 16224 192
0 16192 336
16 16208 96
128 16256 0
128 16160 128
112 16208 96
48 16256 240
16 16256 240
64 16160 240
48 16160 16
96 16240 64
0 16240 112
0 16176 64
80 16176 256
192 16128 256
-64 16176 304
16 16112 224
48 16144 144
64 16112 288
128 16144 528
128 16112 336
144 16144 192
64 16144 112
32 16128 112
176 16160 336
208 16176 80
160 16208 464
192 16096 304
192 16096 -48
160 16240 224
128 16240 16
128 16128 16
208 16112 272
144 16176 208
0 16160 240
0 16128 384
64 16128 128
144 16176 128
272 16144 208
272 16144 256
240 16128 448
160 16144 272
176 16224 288
144 16208 448
144 16208 208
208 16208 208
144 16144 336
224 16176 160
192 16160 336
160 16064 80
160 16128 224
240 16128 224
192 16128 208
96 16064 336
96 16128 272
80 16128 304
32 16176 304
-128 16144 208
32 16208 160
0 16160 -32
0 16128 96
32 16128 80
144 16192 80
144 16208 -160
96 16176 64
160 16208 160
48 16256 144
-64 16176 256
32 16160 400
32 16128 560
48 16128 320
32 16128 320
80 16144 528
144 16208 448
64 16208 560
224 16192 416
48 16192 352
192 16112 624
192 16016 416
240 16016 416
128 16048 352
112 16144 256
176 16176 48
208 16224 128
208 16240 -80
208 16240 -256
240 16208 -256
192 16096 16
144 15984 16
80 16048 304
-32 16080 320
192 16128 192
192 16160 80
160 16160 -176
144 16144 32
256 16160 192
224 16112 192
112 16176 320
176 16144 128
176 16160 224
176 16160 176
224 16160 160
160 16192 160
112 16256 144
0 16240 240
80 16176 288
80 16176 192
144 16128 176
144 16128 240
192 16144 208
240 16144 160
144 16224 160
144 16240 288
80 16208 320
304 16160 128
256 16176 -176
256 16144 64
320 16144 208
256 16096 208
160 16096 368
80 16176 304
208 16224 256
224 16144 224
-16 16160 336
-16 16048 240
160 16048 240
288 15968 320
160 16032 544
224 16016 48
192 16128 256
192 16112 160
304 16112 160
128 16160 80
32 16160 16
48 16096 240
96 16128 160
32 16192 64
80 16144 16
80 16144 160
176 16096 160
144 16160 176
192 16144 192
144 16144 416
144 16112 224
208 16112 144
112 16160 96
64 16160 -112
176 16192 -112
192 16176 160
160 16032 384
160 16096 224
48 16096 128
64 16112 128
160 16144 176
160 16096 320
112 16080 496
240 16144 352
288 16080 64
160 16160 -16
160 16160 64
96 16176 -16
48 16112 -16
240 16096 -32
64 16128 384
-16 16080 336
64 16128 240
64 16128 112
112 16128 112
112 16128 80
192 16144 80
288 16192 64
208 16160 128
64 16192 336
64 16144 512
112 16144 96
192 16128 96
48 16144 80
-32 16112 240
32 16208 272
48 16160 256
32 16192 176
128 16144 32
128 16176 32
32 16176 32
32 16144 16
-16 16160 224
128 16192 240
208 16192 272
208 16128 368
160 16128 384
112 16128 384
80 16192 288
32 16128 272
96 16096 160
80 16144 256
96 16208 240
96 16208 592
160 16160 592
80 16144 448
64 16224 480
144 16224 240
96 16096 288
96 16352 320
64 16208 384
64 16176 224
0 16176 400
-16 16080 400
64 16096 432
96 16160 128
112 16112 224
16 16176 192
16 16128 256
16 16128 256
-112 16112 256
32 16144 176
96 16112 -96
32 16160 144
64 16160 224
64 16160 336
144 16160 336
192 16176 352
128 16176 32
208 16128 272
208 16064 256
208 16064 448
112 16192 432
160 16128 192
208 16080 192
256 16032 48
160 16096 192
176 16160 240
176 16000 32
176 16000 32
128 16096 96
-64 16080 192
-16 16096 656
96 16112 512
96 16192 336
224 16192 304
224 16128 96
160 16128 96
144 16016 256
176 16144 320
208 16160 336
208 16176 176
112 16176 304
48 16112 304
64 16144 96
64 16224 176
192 16176 -64
176 16176 -240
272 16240 192
272 16192 256
192 16160 304
192 16160 112
144 16144 112
32 16112 32
96 16128 64
128 16144 112
128 16144 -16
144 16144 16
176 16160 144
128 16160 320
32 16192 320
64 16192 288
112 16112 336
192 16144 352
192 16208 272
176 16208 272
112 16192 144
176 16144 224
208 16128 432
224 16144 272
256 16176 240
144 16128 320
144 16176 160
160 16176 112
176 16160 112
112 16208 208
64 16224 224
160 16144 256
160 16096 208
176 16096 304
160 16144 304
144 16128 272
144 16160 96
112 16096 80
192 16032 -224
176 16112 -32
176 16112 192
192 16112 192
336 16160 64
288 16144 144
176 16288 96
16 16288 176
16 16288 48
224 16224 16
128 16256 176
128 16144 176
64 16064 176
144 16144 96
96 16112 272
128 16064 176
128 16144 128
80 16144 112
64 16224 112
96 16096 272
32 16192 96
160 16144 192
80 16160 208
96 16224 240
96 16160 256
96 16160 256
16 16176 272
48 16112 288
48 16080 464
112 16048 48
112 16064 448
160 16064 448
128 16096 432
128 16144 -32
160 16128 80
32 16064 64
0 16032 288
0 16048 256
80 16048 592
48 16080 592
-48 16096 384
112 16128 176
144 16032 320
80 16032 288
48 16192 272
48 16192 32
128 16208 32
160 16208 208
176 16224 160
160 16176 128
160 16176 224
272 16176 224
352 16080 240
304 16128 320
112 16080 192
192 16048 96
256 16064 32
0 16160 160
80 16160 304
80 16160 416
-16 16176 272
112 16160 272
160 16160 208
64 16096 64
144 16080 304
192 16096 272
192 16096 336
160 16112 400
48 16112 528
64 16192 528
48 16160 400
16 16144 368
64 16176 -48
64 16176 176
64 16160 176
160 16096 240
192 16080 -64
256 16080 -16
208 16128 -16
208 16128 -64
112 16208 160
