startup(x,y,z):(432,16128,240)
-11728 15184 -2400
-6128 18112 608
-6288 18112 2672
-2064 17296 5952
1472 15360 5952
-1088 14880 1440
-11568 10640 16064
5152 16624 24352
6816 16048 -14736
6000 18496 -15712
-3616 16144 -11520
-1584 16224 -18384
3968 15904 -13600
-1520 15856 4432
-6400 15792 10704
-6400 15792 -10960
-15680 17760 -4288
-544 17456 880
-544 17488 9824
2912 16544 11984
-5504 15616 9440
3136 16096 11216
5728 16096 11216
1088 14560 7456
304 14400 192
5376 15984 -2576
5376 16496 -2288
3072 16496 -624
3264 17056 48
4272 16192 48
1840 16240 3360
80 16496 5168
1776 16176 10400
224 15984 9216
-6432 19008 -3792
-6432 19008 1376
1152 18592 1376
4912 17312 -4592
3872 16624 -6000
-3392 17152 -7824
-3392 16112 -8256
1552 16112 -816
2080 16320 -816
-1584 16112 -1968
64 15760 -4192
-464 16480 -2000
-1360 16672 -2400
832 16400 -1248
1984 15984 1424
1984 15984 1968
1056 16096 5040
3776 16400 5040
3040 15920 3376
1376 15888 2752
-8720 16160 -4064
-5344 16896 848
640 16416 3024
5264 15840 3264
5264 15840 2512
-1184 15648 2512
-176 16144 2688
-1264 15792 6384
512 15904 2576
640 15968 -2656
640 15968 -2160
-672 16000 -2160
64 16560 -3424
1776 16176 -3952
640 16000 -4176
656 16224 -3120
656 16240 80
656 16368 1904
624 16368 1904
960 16192 2288
320 16256 2656
2560 15536 -1472
2624 15936 -2240
2624 16272 -528
560 16272 -832
400 16064 1056
416 16064 2160
512 16208 2160
1008 16016 3360
464 16016 2720
464 16304 0
112 16304 1296
496 16528 1296
48 16464 2192
800 16096 816
1104 16096 -608
928 16176 -464
288 16048 144
352 16064 64
352 16160 -1488
928 16160 -1376
864 16272 -1376
192 16416 -64
0 16256 -864
-160 16256 -992
-96 16336 -768
-96 16160 592
240 16160 592
144 16240 656
240 16144 -144
480 16128 368
336 16192 784
656 16160 960
768 16144 832
544 16144 832
704 16080 720
496 16160 624
336 16240 384
288 16256 560
320 16176 256
176 16128 560
176 16144 544
176 16144 544
256 16224 176
256 16192 -16
544 16160 -368
544 16128 -576
544 16192 -1120
384 16192 -864
576 16208 -864
480 16144 -80
416 16080 224
544 16144 256
368 16080 224
368 16064 336
368 16064 480
544 16048 480
448 16064 688
528 16192 1200
416 16160 864
480 16224 880
480 16224 688
416 16224 688
448 16208 320
432 16176 320
368 16192 272
368 16160 -160
352 16144 -224
496 16176 -224
496 16176 -80
416 16112 160
416 16144 160
320 16208 -208
384 16304 -128
352 16272 176
432 16288 176
416 16176 352
480 16192 320
512 16128 368
512 16160 32
384 16160 32
384 16176 400
368 16096 592
224 16176 512
336 16112 336
336 16144 160
320 16128 192
336 16128 16
304 16160 16
432 16080 144
352 16160 -16
448 16080 -16
448 16064 -272
464 16064 -272
432 16192 -464
496 16160 -256
384 16160 96
320 16240 368
304 16240 432
224 16192 160
224 16224 560
320 16224 448
400 16192 448
512 16128 272
448 16112 368
448 16160 304
400 16160 208
512 16128 208
416 16224 256
80 16176 272
272 16192 112
160 16208 80
240 16160 48
384 16144 144
384 16128 160
336 16128 160
352 16160 256
368 16176 336
400 16112 656
304 16144 688
368 16080 496
368 16112 672
240 16160 352
208 16160 176
320 16192 176
416 16160 288
400 16112 304
352 16160 336
400 16144 480
400 16160 192
400 16160 80
304 16128 80
224 16128 240
304 16096 -16
416 16176 192
272 16144 368
288 16176 448
288 16112 368
320 16112 368
336 16192 -112
416 16176 304
448 16176 112
384 16112 288
384 16096 272
320 16096 464
352 16048 384
400 16064 384
336 16176 112
320 16128 144
288 16112 160
208 16128 80
272 16208 80
352 16208 32
416 16208 144
496 16160 400
352 16144 448
352 16112 496
368 16128 240
368 16112 224
528 16112 592
368 16128 592
608 16176 352
480 16224 288
432 16224 448
320 16176 432
320 16176 240
352 16176 496
400 16160 288
240 16176 128
96 16144 304
400 16192 288
480 16192 288
368 16224 192
400 16128 32
416 16192 256
400 16256 208
400 16256 352
528 16208 384
416 16224 176
416 16208 176
496 16208 336
432 16272 -64
384 16256 -48
384 16256 -32
480 16288 -32
576 16224 128
480 16208 176
464 16224 -32
448 16160 240
448 16208 352
288 16208 288
288 16208 -32
384 16176 -32
304 16128 272
400 16160 560
496 16160 672
496 16160 464
480 16160 528
512 16112 528
464 16112 576
464 16208 448
464 16080 432
368 16096 96
336 16096 48
432 16112 96
432 16128 144
336 16128 144
144 16128 304
256 16192 160
384 16160 64
480 16160 48
432 16208 112
432 16224 128
384 16192 224
384 16176 288
496 16176 288
528 16176 288
448 16176 48
368 16176 80
368 16224 96
352 16224 160
416 16160 160
320 16160 288
384 16224 240
352 16128 400
368 16080 544
384 16064 576
384 16064 496
352 16064 128
336 16176 128
464 16176 128
400 16240 368
432 16256 224
400 16192 208
400 16192 144
416 16096 144
224 16080 240
272 16112 144
416 16112 272
528 16144 -144
384 16208 -16
384 16192 96
400 16192 96
256 16176 288
432 16112 352
528 16128 96
496 16208 256
496 16144 192
512 16144 432
432 16144 336
528 16224 336
432 16112 320
336 16096 208
304 16176 96
224 16128 128
224 16160 32
144 16048 192
432 16048 192
240 16096 64
304 16128 -48
336 16176 160
192 16160 192
320 16256 32
320 16176 0
320 16176 -32
528 16192 80
496 16112 240
416 16112 112
416 16160 112
416 16112 256
512 16112 464
400 16128 496
432 16128 496
464 16208 320
448 16160 496
352 16128 352
352 16112 48
368 16112 192
416 16128 192
480 16208 144
512 16240 336
464 16160 512
480 16240 448
448 16144 320
336 16176 144
336 16176 32
496 16160 32
448 16128 -240
448 16144 -112
304 16224 16
304 16208 80
400 16192 112
512 16192 112
528 16096 208
496 16112 304
400 16144 96
496 16128 0
400 16176 32
480 16192 192
480 16192 240
672 16160 240
768 16176 128
656 16160 112
400 16176 320
368 16144 256
368 16080 208
400 16112 192
400 16208 176
384 16208 176
560 16240 32
464 16208 192
448 16224 176
512 16176 240
512 16160 240
320 16160 80
272 16208 80
368 16112 352
256 16128 112
288 16208 16
192 16256 16
224 16160 160
224 16144 96
384 16144 96
400 16240 -48
384 16176 176
384 16208 192
528 16144 160
528 16192 176
416 16192 176
528 16336 176
496 16256 288
400 16240 112
368 16160 32
384 16240 96
384 16144 256
304 16144 112
336 16096 112
352 16096 -96
320 16192 128
288 16208 208
352 16176 112
352 16176 256
448 16288 144
448 16192 160
368 16192 192
400 16144 192
352 16160 192
416 16160 496
496 16192 272
512 16112 320
416 16128 288
416 16128 400
352 16256 400
528 16192 384
384 16160 384
384 16176 432
480 16208 608
512 16256 576
512 16144 336
400 16144 352
384 16208 352
352 16192 112
400 16144 304
480 16192 384
432 16224 256
384 16176 144
448 16144 160
448 16224 176
400 16224 176
464 16112 16
256 16144 32
240 16176 112
240 16176 -240
272 16144 -16
336 16144 -128
384 16208 -128
368 16240 128
416 16272 160
384 16224 320
464 16256 176
464 16224 272
272 16224 400
448 16160 352
576 16128 416
544 16112 544
400 16128 384
400 16128 336
560 16128 272
512 16128 272
560 16128 272
496 16064 336
464 16096 240
512 16160 240
480 16192 176
480 16208 272
480 16176 320
448 16176 288
368 16160 288
448 16080 320
416 16160 32
368 16144 16
352 16192 288
288 16128 272
288 16128 320
304 16240 320
448 16192 64
416 16144 208
496 16128 160
432 16160 -112
432 16160 48
496 16224 48
464 16224 128
432 16176 128
480 16192 192
368 16096 368
368 16112 304
368 16160 208
528 16160 208
496 16176 144
432 16144 -96
416 16144 64
448 16160 80
384 16176 160
368 16176 176
368 16096 112
352 16096 112
336 16144 176
384 16160 192
336 16224 288
384 16176 256
384 16176 480
400 16256 160
352 16304 160
384 16240 -144
720 16240 -304
208 16192 -240
112 16160 96
240 16192 -16
