startup(x,y,z):(496,16224,192)
-752 15920 2784
608 15904 2528
576 16096 928
-848 16400 5104
1600 16512 736
624 16768 480
1488 16352 -2816
1696 16608 -2816
1168 16352 -3216
176 16368 -2464
-1136 16368 -1600
-304 16352 -1600
-384 16352 -1808
-304 16144 -1712
80 16048 -992
224 16048 -992
288 16288 -720
720 16256 -352
944 16272 848
992 16112 1248
1008 16208 1744
1088 16112 2128
1088 16144 2304
352 16144 1888
96 16208 1888
304 16176 1552
160 16320 1104
352 16288 176
496 16256 -144
448 16240 -432
704 16240 -1280
528 16240 -1280
464 16176 -1408
384 16160 -1504
336 16224 -1104
496 16224 -576
448 16240 16
480 16272 320
384 16352 544
368 16160 608
368 16224 672
368 16160 864
336 16160 784
528 16208 736
480 16192 624
304 16192 752
240 16176 752
272 16304 608
336 16272 288
272 16272 -144
384 16240 -384
480 16272 -672
416 16256 -736
496 16240 -880
496 16192 -1072
400 16320 -896
352 16224 -672
96 16224 -400
208 16224 -80
432 16192 -80
416 16256 48
352 16224 624
352 16256 816
240 16256 1024
272 16272 944
352 16288 896
464 16224 752
528 16144 560
528 16240 432
432 16272 368
464 16224 80
368 16272 -352
368 16240 -512
400 16224 -880
416 16288 -928
304 16288 -800
384 16288 -800
400 16272 -512
496 16272 -512
464 16288 -416
464 16336 0
464 16256 320
464 16256 368
432 16288 368
384 16224 416
432 16256 496
432 16080 640
400 16208 736
512 16208 304
560 16208 96
848 16176 -64
848 16160 -128
640 16160 112
624 16192 112
592 16192 -64
512 16176 -128
480 16208 -192
544 16288 -352
464 16208 -320
496 16160 -240
496 16224 -48
656 16224 -48
560 16144 176
384 16192 240
464 16224 320
400 16208 416
352 16160 416
272 16144 368
272 16160 320
368 16160 320
384 16112 256
320 16192 176
352 16208 176
400 16176 0
464 16176 -112
464 16144 -96
224 16144 -96
320 16112 -128
320 16272 -272
448 16208 -240
400 16144 -336
400 16208 -96
304 16224 -128
352 16240 160
400 16208 208
400 16208 304
336 16128 304
320 16128 416
496 16192 368
384 16240 384
368 16224 432
320 16240 368
208 16192 304
304 16112 416
400 16112 128
400 16272 -336
384 16272 -256
496 16288 -256
432 16224 -400
576 16208 -368
544 16208 -304
544 16208 -160
544 16224 -144
544 16240 -48
416 16240 48
464 16224 48
400 16224 368
400 16208 304
480 16192 304
336 16208 304
416 16192 192
416 16192 224
224 16176 256
240 16208 256
336 16272 32
352 16240 64
352 16272 80
400 16272 -16
384 16272 48
384 16224 64
448 16224 -96
528 16256 -96
512 16208 -16
448 16208 -144
400 16224 -128
480 16176 -192
736 16176 -96
512 16240 -48
368 16240 -48
320 16160 96
416 16160 128
528 16096 336
464 16160 432
464 16224 304
512 16256 144
512 16160 256
464 16160 320
400 16128 320
432 16160 224
352 16192 336
304 16080 208
368 16064 160
368 16176 96
480 16176 -32
352 16208 -32
352 16128 96
352 16208 160
400 16240 48
416 16288 32
576 16224 288
528 16240 192
528 16208 -16
496 16208 416
368 16192 416
528 16160 416
640 16160 352
512 16208 192
672 16240 176
672 16192 96
464 16208 128
464 16208 176
416 16240 176
416 16192 160
336 16208 64
384 16224 0
400 16192 0
368 16240 16
464 16224 -16
464 16160 -48
416 16160 -48
464 16112 -16
448 16160 208
464 16144 112
352 16128 288
240 16176 368
336 16128 224
336 16192 -32
384 16224 160
384 16224 288
400 16288 288
464 16224 240
496 16192 112
448 16256 336
368 16224 96
368 16224 -240
224 16272 16
208 16240 -192
208 16256 -112
224 16256 -176
256 16256 -176
272 16208 -64
240 16224 32
416 16256 240
384 16208 336
240 16224 208
496 16176 240
496 16240 112
416 16208 288
416 16240 32
416 16224 160
432 16224 -16
416 16144 -16
416 16176 112
384 16208 208
352 16272 -64
416 16288 16
400 16208 80
352 16256 16
352 16288 -32
352 16256 128
352 16208 0
384 16208 16
288 16208 32
240 16112 32
320 16176 64
208 16176 160
256 16144 48
384 16160 208
464 16192 160
320 16192 -64
320 16192 32
400 16144 112
400 16192 208
496 16192 112
512 16176 368
352 16192 480
368 16192 240
448 16160 240
672 16208 112
560 16192 80
496 16192 -16
480 16208 96
448 16208 80
448 16224 64
416 16224 304
224 16240 304
256 16304 288
352 16272 288
320 16256 224
288 16288 16
464 16240 80
432 16208 128
432 16176 400
448 16176 80
432 16192 80
528 16080 16
448 16240 -144
592 16192 96
480 16208 -16
368 16224 0
368 16160 -128
416 16160 112
528 16208 -48
512 16208 128
384 16160 128
448 16208 32
432 16256 192
400 16128 96
528 16176 224
592 16160 272
608 16192 272
608 16240 96
544 16288 16
384 16288 -240
416 16224 -32
256 16256 -32
288 16240 96
512 16256 96
400 16304 192
432 16256 160
432 16224 16
384 16224 16
384 16192 144
384 16128 512
480 16128 176
560 16176 176
656 16144 176
448 16176 176
544 16176 192
320 16192 144
416 16304 -32
448 16256 -32
384 16224 224
304 16208 0
496 16224 -80
464 16176 -80
384 16288 16
384 16176 -16
384 16208 -80
464 16176 64
448 16176 -16
448 16288 -48
480 16320 16
416 16304 208
416 16288 336
400 16288 160
656 16224 160
448 16256 -160
432 16304 32
400 16304 144
400 16240 160
304 16208 64
336 16192 96
288 16192 192
304 16208 -128
336 16160 16
416 16144 256
416 16192 224
320 16192 224
368 16160 144
464 16128 240
432 16208 208
432 16240 384
352 16272 160
384 16272 112
368 16208 176
416 16224 176
320 16240 304
352 16288 288
528 16208 80
416 16208 80
416 16208 96
320 16080 32
400 16160 416
320 16144 272
432 16160 112
480 16192 144
528 16224 160
416 16176 128
368 16192 224
368 16240 176
416 16240 -16
400 16336 -16
384 16352 -176
384 16304 -336
336 16240 -128
464 16208 -48
400 16256 -16
416 16288 160
480 16224 0
480 16224 -32
512 16208 -32
560 16128 48
560 16160 128
416 16256 192
384 16304 48
384 16272 16
400 16272 -32
576 16256 -32
496 16304 -128
448 16352 -144
384 16336 -144
384 16288 -208
384 16256 16
480 16256 32
336 16272 32
432 16224 80
416 16256 160
336 16224 240
416 16128 176
416 16192 240
384 16192 208
448 16192 176
496 16208 176
416 16256 144
560 16112 144
560 16128 0
512 16144 -48
512 16144 16
368 16144 16
560 16176 -64
480 16256 -320
416 16208 192
448 16208 224
480 16176 160
432 16128 80
432 16128 96
368 16144 96
496 16208 224
448 16240 112
416 16224 -32
400 16176 -16
368 16240 -48
400 16224 144
400 16208 176
336 16208 192
464 16160 192
528 16176 -48
448 16176 -256
464 16256 96
352 16272 176
432 16240 64
432 16208 160
512 16208 112
464 16160 256
464 16192 256
480 16160 144
480 16208 -16
240 16208 160
368 16208 -192
496 16192 -160
448 16192 112
448 16272 64
448 16304 80
512 16272 96
512 16272 96
448 16176 96
288 16208 -16
432 16240 80
448 16192 48
432 16240 272
592 16176 176
384 16224 144
384 16224 224
512 16208 64
464 16208 64
480 16224 160
336 16256 -96
496 16224 16
416 16176 -160
480 16256 -160
368 16224 160
480 16176 64
512 16192 0
400 16240 16
400 16256 64
416 16240 128
416 16272 16
416 16272 304
400 16224 304
384 16096 112
480 16160 80
432 16176 144
496 16192 -48
624 16144 176
624 16160 -32
496 16224 16
528 16240 128
528 16192 -16
464 16192 16
608 16160 16
560 16160 -112
656 16160 -48
608 16144 0
512 16240 0
496 16192 64
496 16192 96
416 16176 96
368 16160 128
368 16160 128
496 16160 208
432 16240 208
336 16272 176
304 16240 224
496 16240 208
528 16144 208
400 16112 48
336 16224 144
320 16192 160
400 16176 160
432 16192 384
320 16192 128
352 16192 64
464 16208 208
496 16208 336
496 16144 128
512 16128 160
496 16160 -48
464 16144 -32
496 16144 128
480 16176 144
512 16192 192
