startup(x,y,z):(560,16192,160)
128 16272 1904
256 16160 2000
-576 16080 -64
512 16144 -912
1408 16288 -3088
1408 16288 -2752
608 16320 -2752
-768 16416 -1552
176 16192 -928
464 16096 960
1920 16032 1152
1920 16128 688
304 16128 624
1136 16144 528
496 16144 528
304 16240 48
848 16272 -224
1264 16208 -672
1264 16304 -544
560 16304 -224
432 16224 -224
352 16256 -80
256 16160 -16
592 16160 336
640 16160 656
608 16192 896
784 16224 528
672 16272 -64
624 16304 -320
624 16208 -416
560 16208 -416
656 16176 -16
688 16160 320
848 16128 128
832 16128 336
656 16176 592
576 16224 336
576 16192 320
816 16240 -240
816 16224 -384
448 16224 -240
832 16192 -240
784 16128 -256
704 16144 -64
576 16240 -16
592 16224 672
528 16144 688
592 16096 848
832 16144 528
832 16144 320
848 16160 320
816 16144 144
720 16224 128
608 16112 416
560 16160 352
560 16192 128
624 16192 128
448 16160 192
592 16160 176
704 16080 512
752 16192 464
592 16160 320
624 16208 304
624 16208 96
528 16208 96
784 16256 -64
864 16288 -64
592 16208 80
656 16208 176
656 16144 320
608 16144 96
496 16224 128
480 16224 128
592 16144 -112
640 16176 128
592 16240 0
592 16256 32
624 16256 32
560 16160 160
672 16144 128
512 16144 176
608 16080 336
512 16160 352
544 16160 352
768 16144 0
768 16128 -16
720 16128 -16
704 16096 -400
576 16128 -352
656 16112 -400
672 16144 16
624 16192 48
624 16192 80
592 16128 80
656 16160 352
496 16112 352
528 16160 368
576 16224 256
608 16208 160
608 16208 48
640 16208 -16
576 16128 176
608 16128 176
608 16160 96
608 16112 336
592 16160 464
592 16192 704
608 16192 384
576 16192 384
736 16048 320
608 16144 432
688 16144 272
688 16224 -160
640 16224 -160
480 16144 272
592 16192 368
704 16160 144
528 16208 256
544 16144 208
704 16112 240
704 16112 176
656 16192 176
688 16240 64
704 16176 144
736 16208 48
656 16240 96
656 16240 272
608 16240 272
640 16272 560
624 16224 384
768 16224 384
736 16224 368
656 16320 336
640 16208 144
640 16256 144
688 16256 144
736 16128 0
576 16144 80
528 16160 -208
592 16128 -112
640 16144 -96
512 16160 256
608 16256 256
608 16256 16
688 16368 16
720 16272 144
752 16176 176
704 16240 368
624 16240 384
624 16240 256
480 16368 256
544 16320 384
560 16304 416
624 16288 112
736 16224 32
736 16208 288
736 16144 320
608 16144 320
608 16144 272
608 16176 176
640 16176 480
640 16160 304
640 16224 224
640 16224 320
704 16160 64
656 16160 256
672 16144 256
640 16224 256
560 16240 304
592 16256 176
592 16256 112
480 16240 144
688 16208 144
560 16208 160
720 16160 144
624 16176 112
592 16224 48
496 16192 0
608 16128 112
608 16128 -48
720 16048 -48
560 16080 -48
464 16160 -80
560 16304 -144
720 16288 48
720 16144 112
720 16144 304
640 16112 304
672 16192 352
672 16192 448
528 16128 448
816 16208 480
560 16192 640
528 16192 368
528 16160 352
592 16240 0
656 16240 0
624 16272 32
496 16256 208
608 16304 336
576 16240 352
544 16208 288
544 16208 304
640 16208 304
640 16176 400
672 16192 16
624 16208 48
480 16176 16
480 16224 -64
832 16224 0
640 16256 -80
704 16208 -144
752 16240 -144
928 16160 0
640 16160 -96
624 16096 112
720 16032 432
720 16032 432
640 16192 576
560 16096 400
512 16224 160
512 16176 112
608 16144 240
640 16160 0
656 16176 272
656 16160 336
624 16160 336
640 16128 272
688 16128 192
688 16112 -128
800 16112 176
784 16240 32
592 16240 16
496 16160 -112
528 16160 32
528 16160 256
528 16240 256
560 16224 112
688 16192 224
672 16144 160
640 16208 304
640 16208 304
480 16224 304
560 16128 288
608 16144 128
528 16192 96
544 16192 160
560 16208 144
560 16128 240
656 16128 240
688 16192 240
624 16224 240
592 16192 368
624 16160 208
624 16192 368
736 16192 368
752 16128 464
688 16128 368
528 16128 112
528 16096 112
624 16192 -32
688 16160 416
704 16176 208
704 16128 160
672 16128 288
544 16128 288
528 16176 240
592 16176 64
592 16192 96
672 16256 -256
656 16192 -64
528 16208 64
528 16144 128
544 16144 240
672 16192 240
576 16208 256
640 16256 288
592 16272 576
576 16256 160
592 16192 144
480 16144 192
544 16144 464
544 16144 224
640 16160 224
656 16096 192
656 16176 272
624 16144 288
624 16192 288
624 16192 16
688 16208 16
672 16176 176
720 16176 -96
704 16144 -32
688 16208 16
624 16256 128
624 16192 96
672 16192 96
608 16144 112
592 16144 -192
576 16160 -112
576 16192 -128
576 16144 256
512 16144 192
592 16208 368
528 16208 368
592 16176 256
688 16192 224
624 16176 336
704 16208 304
704 16208 272
656 16304 272
656 16256 224
592 16208 -64
528 16272 -48
512 16208 32
592 16224 224
560 16240 592
608 16224 368
608 16224 288
704 16224 288
672 16192 288
608 16096 64
560 16128 128
560 16144 176
656 16160 384
496 16160 384
448 16144 192
480 16176 192
544 16160 192
672 16144 160
704 16160 144
832 16160 0
832 16160 160
784 16160 160
624 16096 160
656 16208 160
656 16224 96
592 16208 144
624 16176 80
624 16176 128
784 16176 128
656 16224 384
736 16176 240
672 16176 288
672 16176 288
592 16192 -16
544 16144 -16
544 16160 320
752 16272 176
640 16192 32
640 16192 256
560 16224 272
560 16160 496
640 16160 496
672 16144 272
640 16160 224
656 16208 48
736 16160 176
736 16160 592
752 16176 592
704 16144 176
736 16160 96
560 16160 96
592 16176 192
528 16192 224
784 16192 304
784 16192 32
720 16192 32
656 16144 32
640 16176 80
512 16176 128
608 16144 192
576 16224 -16
464 16176 0
512 16256 112
512 16256 144
736 16144 144
704 16192 224
720 16112 432
720 16112 560
688 16176 352
688 16176 192
736 16208 192
848 16240 256
752 16320 544
768 16272 352
656 16176 176
576 16048 240
576 16064 560
528 16064 560
640 16080 336
544 16112 384
624 16144 32
672 16144 64
672 16144 112
752 16096 112
848 16064 176
768 16144 176
720 16112 192
672 16144 352
480 16160 160
480 16192 320
496 16192 64
704 16160 192
704 16176 112
560 16176 144
464 16208 192
464 16208 48
736 16176 144
688 16128 112
688 16032 144
752 16032 144
640 16080 384
544 16112 256
528 16224 240
528 16192 224
496 16176 128
496 16176 160
480 16144 160
368 16128 240
352 16080 -16
432 16112 240
688 16112 320
496 16160 240
496 16208 -128
560 16208 -128
528 16128 192
672 16128 48
640 16112 80
672 16160 224
672 16224 96
656 16224 96
560 16256 -64
592 16272 -64
576 16208 224
688 16160 224
448 16160 224
448 16272 208
416 16272 208
528 16192 224
512 16208 528
544 16176 272
528 16208 240
528 16224 272
640 16240 256
640 16176 144
672 16176 144
784 16176 64
656 16144 112
608 16032 208
608 16080 432
624 16080 560
656 16112 368
672 16192 336
752 16096 224
704 16080 384
464 16112 368
384 16208 208
384 16224 224
336 16224 224
512 16176 96
608 16112 112
608 16128 272
480 16208 320
528 16208 80
656 16240 112
736 16176 128
576 16208 128
480 16208 192
496 16144 416
496 16112 144
640 16112 96
752 16096 96
608 16176 144
720 16128 48
672 16128 -48
672 16144 224
624 16176 416
640 16208 432
448 16208 432
560 16240 192
640 16208 224
608 16208 224
688 16224 208
688 16224 112
464 16192 112
480 16240 128
624 16240 240
560 16256 144
592 16208 160
576 16256 -16
560 16272 32
560 16272 -48
656 16192 -48
704 16144 -16
576 16272 64
560 16176 16
560 16144 48
560 16144 160
752 16160 160
832 16096 208
752 16192 336
656 16112 224
496 16160 160
432 16240 128
544 16272 144
544 16240 176
528 16240 176
608 16208 272
608 16224 -96
704 16224 192
672 16192 128
