startup(x,y,z):(416,16240,176)
-1616 16544 624
3632 16384 -2416
2368 16224 -1936
3024 15920 -976
1552 14928 736
-1008 16384 592
3664 15360 -5120
8624 16640 -12448
-3072 14656 7504
3184 15696 2592
8208 15600 -1520
-1040 15568 2880
2608 16912 1840
-1904 16416 96
-1120 15792 -3168
-2464 16608 -2368
592 16208 -1568
816 16144 -2192
752 16288 -1136
864 16240 -592
864 16288 -160
816 16224 1520
1248 16176 2560
768 16144 2352
-272 16144 2448
-272 16032 2176
112 16048 1968
-128 16080 1616
-128 16112 1136
320 16112 1104
560 16192 1104
672 16224 464
560 16304 -480
400 16288 -816
368 16288 -720
368 16192 -640
384 16160 -720
432 16192 -320
416 16320 -496
544 16336 -592
416 16272 -816
496 16256 -816
496 16192 -720
528 16192 -496
480 16256 -496
288 16304 240
240 16208 576
288 16240 752
224 16176 816
160 16192 1136
320 16160 1056
352 16160 944
448 16176 992
448 16176 864
512 16160 864
576 16128 464
528 16176 144
384 16224 -48
496 16304 -320
640 16320 -528
544 16208 -640
384 16304 -528
320 16320 -352
320 16240 -384
336 16240 -256
432 16240 -272
624 16240 -272
656 16336 -272
640 16256 112
624 16256 288
608 16240 224
432 16224 160
400 16288 464
400 16192 560
336 16176 464
368 16144 432
432 16160 480
480 16208 256
480 16224 176
496 16160 176
512 16160 144
448 16272 144
496 16320 80
368 16240 112
336 16256 112
336 16176 160
320 16160 176
336 16160 176
432 16176 0
400 16240 64
432 16240 128
608 16160 112
560 16224 176
560 16192 272
608 16224 272
512 16224 272
384 16224 304
416 16128 192
608 16240 -16
560 16176 64
608 16160 -80
608 16208 -224
512 16192 -352
512 16192 -208
480 16192 -208
352 16240 32
624 16272 -48
496 16240 16
528 16256 128
496 16256 80
480 16128 240
560 16160 80
528 16112 176
528 16160 64
528 16192 192
416 16192 -16
512 16256 -16
560 16176 176
496 16096 192
432 16144 0
368 16176 208
416 16192 16
320 16256 16
432 16288 -192
448 16208 -64
464 16144 -128
496 16176 -240
384 16144 0
336 16176 112
384 16288 224
304 16256 224
224 16384 320
384 16304 304
432 16288 304
512 16304 192
464 16240 240
528 16240 208
496 16288 64
480 16272 -16
512 16160 112
512 16224 32
448 16256 -112
448 16240 64
384 16240 -80
384 16272 -96
368 16272 -96
496 16272 -272
592 16272 32
576 16224 -64
464 16272 64
512 16272 112
656 16256 192
640 16176 224
512 16224 192
480 16208 32
320 16288 144
320 16336 224
320 16176 320
432 16192 192
480 16192 208
400 16192 208
384 16208 48
480 16160 176
608 16192 0
512 16144 0
480 16160 96
448 16208 416
512 16224 48
512 16240 112
480 16240 144
336 16272 144
400 16352 112
496 16272 64
416 16256 224
512 16208 112
416 16304 128
352 16320 128
320 16304 224
336 16288 112
352 16256 128
352 16096 112
512 16096 112
480 16112 0
480 16224 96
272 16240 272
368 16288 192
400 16256 0
480 16256 16
416 16352 48
352 16336 128
352 16288 80
336 16288 80
560 16240 80
512 16256 80
480 16272 64
352 16256 64
512 16224 208
496 16272 256
496 16240 96
512 16208 -48
464 16240 128
608 16224 128
400 16240 -64
400 16160 -32
464 16160 -32
400 16192 144
400 16160 64
336 16160 96
240 16176 96
464 16192 48
608 16208 48
480 16192 -64
544 16192 96
496 16208 16
480 16224 48
448 16208 96
400 16224 -208
464 16176 96
464 16192 96
320 16208 112
416 16208 144
416 16304 336
304 16272 144
400 16272 80
288 16352 64
464 16272 176
432 16256 144
368 16192 -48
368 16192 -128
496 16224 -128
608 16208 -16
608 16240 0
560 16400 32
544 16352 128
528 16320 128
528 16272 224
560 16272 96
704 16304 112
688 16368 64
640 16288 224
544 16336 224
688 16336 -16
544 16224 48
480 16336 176
480 16368 -272
320 16368 48
288 16288 48
416 16304 -80
448 16304 -112
432 16320 32
336 16208 -192
288 16224 -96
480 16224 -48
480 16224 112
624 16128 96
592 16192 96
368 16224 304
384 16192 272
448 16160 368
672 16176 192
624 16192 192
624 16208 144
416 16208 112
496 16240 144
352 16176 144
416 16256 0
496 16256 -96
512 16272 -32
464 16272 -32
400 16240 -176
528 16176 -144
464 16256 16
416 16256 16
256 16224 128
304 16160 0
256 16288 144
256 16240 192
288 16240 -48
896 16416 -416
832 16224 -384
832 16368 -1936
1808 16368 -208
-864 16480 736
-32 16240 1264
400 16272 704
400 16064 736
640 16064 736
624 16112 1040
576 16320 640
1040 16192 48
1040 16192 320
1120 16160 320
320 16256 336
368 16224 768
736 16176 464
528 16176 -16
192 16064 -448
192 16144 -560
736 16096 -592
704 16160 -768
816 16192 -256
560 16192 -256
272 16256 0
128 16256 256
96 16224 624
416 16272 816
512 16208 592
480 16208 480
704 16304 352
640 16288 -192
560 16208 -192
320 16192 -48
240 16192 416
128 16176 176
208 16128 320
208 16176 16
496 16208 -304
592 16240 -544
336 16240 -544
464 16176 32
464 16192 256
224 16192 256
208 16176 688
368 16208 1056
464 16224 672
560 16240 384
640 16240 -144
736 16192 -288
576 16304 -48
576 16304 304
480 16320 240
448 16288 192
448 16192 -128
512 16224 -432
448 16176 -432
416 16208 -384
400 16176 -224
432 16240 -32
432 16240 128
608 16240 128
528 16224 448
512 16208 608
352 16208 608
448 16304 544
544 16288 432
480 16240 304
352 16160 256
352 16128 256
384 16128 96
384 16128 96
352 16160 96
352 16192 -16
336 16208 -112
336 16208 -208
464 16176 -208
336 16192 32
496 16208 208
496 16240 0
432 16272 96
336 16208 256
336 16320 -128
368 16320 48
480 16240 160
400 16288 176
288 16272 176
528 16208 48
464 16272 256
240 16224 336
416 16192 16
464 16208 48
464 16224 -32
544 16224 -144
416 16176 -336
496 16112 -112
512 16160 -32
512 16208 -32
576 16304 -80
512 16240 96
480 16208 224
464 16320 176
544 16240 192
544 16256 64
464 16256 -128
384 16192 -128
416 16192 160
384 16224 304
432 16224 112
496 16240 112
592 16304 288
480 16208 0
368 16272 -224
480 16192 -240
400 16240 -144
480 16240 -240
368 16192 -32
368 16304 -80
400 16256 -48
320 16224 272
352 16208 224
352 16208 480
496 16208 480
656 16240 352
512 16256 240
336 16272 288
448 16288 240
448 16256 208
464 16256 32
416 16192 144
320 16192 240
368 16192 240
384 16176 -240
432 16208 -160
336 16240 -96
352 16224 -48
352 16304 144
352 16304 176
384 16288 176
352 16208 416
432 16272 288
480 16224 336
512 16208 448
560 16160 352
608 16192 128
464 16272 176
464 16224 -16
672 16224 -16
544 16256 128
400 16208 48
416 16176 32
400 16208 -96
432 16128 176
560 16240 128
448 16208 304
480 16192 480
464 16256 384
400 16208 176
560 16224 256
480 16176 80
464 16176 144
320 16224 -160
400 16224 -144
576 16208 144
528 16304 -16
560 16240 -192
432 16224 -16
416 16224 176
416 16224 112
368 16224 -208
384 16272 -176
512 16288 -144
512 16288 256
320 16256 256
432 16256 80
448 16224 144
464 16208 144
352 16160 96
304 16176 -32
544 16176 -16
480 16192 112
464 16176 -48
448 16208 -96
416 16208 192
448 16208 160
448 16208 128
384 16304 -48
464 16256 -48
368 16176 160
480 16208 400
432 16240 -96
496 16240 -144
432 16224 0
448 16208 272
208 16112 384
400 16128 64
400 16112 128
448 16112 64
528 16160 64
432 16240 80
384 16256 128
384 16256 96
528 16192 96
432 16304 -80
432 16288 224
480 16288 224
496 16336 192
272 16224 160
352 16240 304
496 16256 192
560 16208 -80
560 16128 128
432 16128 128
416 16192 -16
352 16224 96
400 16224 96
496 16224 96
512 16208 16
544 16304 -112
480 16192 -32
576 16208 -96
576 16224 80
544 16224 0
464 16224 -80
512 16256 192
528 16176 96
496 16192 320
560 16128 320
448 16192 64
432 16192 128
448 16176 128
368 16192 176
352 16208 192
256 16304 80
