startup(x,y,z):(704,16128,176)
-1392 16256 -6224
-1712 17872 -12672
1744 18176 -15776
9872 20144 8432
768 19024 17888
-5168 16016 -2032
0 18496 -3488
1792 16128 768
976 17232 864
2624 16784 -688
832 14688 -6832
832 15968 -8560
1392 15920 -8560
2496 15216 -8720
2176 15680 -6496
1664 15856 -1424
2000 16192 5856
1360 15808 8896
960 16624 8240
320 16656 3392
320 16656 -2000
816 16176 -2000
336 15968 -4176
576 16096 -3568
1104 16256 -1104
432 16016 352
432 16064 -848
800 16256 -816
384 16080 224
688 16080 224
1152 15856 1216
1184 16016 3056
1024 16288 3024
688 16432 1328
688 16384 -1184
672 16384 -2128
672 16384 -1712
656 16304 -1712
784 16224 160
880 16032 912
752 15952 912
832 16112 960
800 16128 736
400 15968 752
400 16128 240
768 16128 240
992 16208 144
688 16192 -112
592 16240 224
240 16384 -800
496 16176 -928
592 16368 -1328
1008 16384 -912
1008 16384 -288
1200 16304 -288
912 16288 304
1040 16176 1184
848 15984 1232
848 16032 1264
848 16112 640
912 16112 640
928 16176 -48
880 16304 -400
720 16288 -160
752 16128 -320
560 16112 -656
512 16112 -368
512 16112 128
480 16144 128
640 16208 480
736 16176 544
496 16144 656
448 16176 336
576 16192 272
560 16192 448
624 16192 80
624 16192 224
528 16208 224
576 16208 -368
624 16208 -240
784 16208 -144
704 16144 176
736 16128 384
736 16128 224
608 16160 96
688 16160 48
688 16160 176
736 16240 176
784 16272 160
736 16272 240
496 16208 416
496 16224 256
640 16160 192
624 16160 -16
704 16208 -16
544 16208 64
528 16208 112
672 16192 208
736 16160 128
720 16112 192
720 16112 480
576 16144 480
688 16192 352
736 16160 240
672 16160 96
800 16064 48
800 16016 192
736 16096 256
784 16064 80
800 16064 0
768 16144 0
608 16192 144
720 16240 -32
704 16128 64
704 16128 48
624 16192 256
656 16096 256
624 16080 224
560 16144 240
720 16160 192
704 16176 304
608 16176 240
672 16176 112
672 16176 208
384 16096 208
448 16192 160
656 16064 -32
544 16128 192
720 16144 144
720 16208 -80
672 16160 224
816 16208 288
544 16176 208
544 16176 384
624 16160 384
528 16160 176
496 16112 -16
464 16128 112
480 16176 160
480 16208 -96
576 16208 -160
560 16192 -160
608 16224 224
640 16256 224
688 16240 144
608 16144 320
736 16160 464
736 16176 432
768 16176 112
704 16256 112
880 16256 -80
768 16160 -48
704 16112 160
656 16160 96
784 16224 288
752 16192 336
752 16192 528
640 16128 528
688 16176 496
768 16144 128
640 16112 160
656 16144 112
656 16176 48
800 16176 48
784 16192 192
720 16176 240
688 16224 256
688 16224 208
672 16128 -48
592 16160 -80
592 16160 -192
752 16176 -192
672 16256 -192
784 16192 208
624 16192 48
560 16256 64
448 16256 176
512 16176 160
640 16224 48
672 16192 32
672 16192 -16
688 16240 -16
608 16192 64
528 16208 128
752 16144 112
704 16160 176
704 16160 224
672 16112 224
640 16112 272
592 16128 288
608 16112 272
624 16128 480
656 16208 176
656 16192 224
656 16192 112
752 16144 112
816 16192 176
768 16144 176
672 16176 192
912 16208 160
864 16224 240
768 16224 192
800 16208 320
800 16208 240
720 16224 240
736 16240 272
592 16256 464
976 16208 192
896 16192 176
896 16208 320
864 16208 320
704 16192 272
800 16160 320
704 16160 240
624 16208 96
736 16192 128
736 16192 240
656 16192 240
624 16320 128
672 16288 144
656 16224 -144
704 16192 -96
768 16224 48
672 16144 80
720 16128 384
784 16144 288
784 16144 96
736 16144 96
784 16176 144
704 16112 288
880 16064 240
848 16160 384
848 16160 240
816 16192 160
656 16272 304
640 16240 224
624 16160 224
528 16128 304
640 16208 176
640 16208 96
464 16224 96
576 16144 240
688 16176 128
496 16192 224
672 16176 176
576 16224 96
656 16192 432
592 16192 400
592 16192 544
576 16160 544
656 16160 384
656 16208 224
640 16256 -208
640 16192 16
640 16192 160
736 16128 160
720 16160 176
720 16176 304
800 16208 176
832 16208 112
624 16192 -32
624 16176 -144
672 16176 -176
720 16272 -176
848 16192 -112
864 16176 -128
848 16176 0
752 16192 112
752 16192 240
656 16160 224
848 16144 16
752 16240 112
752 16240 208
448 16240 208
624 16176 304
640 16176 -48
576 16112 224
672 16160 -176
672 16176 -64
608 16224 112
640 16224 176
704 16224 176
784 16256 32
720 16240 -64
752 16144 64
656 16256 80
656 16176 144
496 16176 208
688 16176 208
832 16160 208
816 16112 256
848 16096 240
752 16080 272
800 16128 240
752 16096 -144
752 16112 -128
896 16112 -128
704 16272 48
624 16272 112
656 16304 144
848 16224 96
848 16224 192
544 16080 192
640 16176 304
672 16208 304
544 16176 560
656 16256 272
544 16224 -16
544 16208 64
608 16208 160
784 16144 160
768 16144 48
800 16192 80
816 16240 272
720 16272 336
688 16208 336
624 16176 208
560 16160 304
560 16192 144
640 16192 144
656 16176 128
688 16208 256
592 16208 0
688 16160 16
688 16240 64
576 16240 80
608 16160 288
592 16160 288
512 16256 112
672 16240 112
672 16144 96
672 16208 -128
720 16208 -128
688 16272 16
992 16176 48
944 16208 -144
832 16160 -192
768 16144 -64
720 16224 32
720 16160 80
912 16160 80
912 16272 64
832 16208 192
624 16272 64
656 16208 96
656 16208 304
624 16176 304
688 16192 -16
704 16144 32
656 16144 80
592 16144 -96
688 16144 48
752 16240 48
752 16192 0
672 16192 0
592 16240 64
592 16320 160
432 16256 160
496 16224 208
672 16128 160
672 16080 192
720 16176 144
704 16224 112
704 16192 112
784 16192 112
800 16192 -144
624 16160 64
768 16256 -352
832 16192 -112
832 16208 -160
704 16208 -160
672 16256 -128
672 16192 16
640 16160 144
544 16128 208
624 16176 96
688 16224 208
688 16224 304
512 16192 304
560 16160 240
672 16192 272
800 16144 288
832 16208 256
832 16208 304
688 16240 160
736 16240 336
736 16208 352
640 16208 208
784 16144 208
736 16160 192
864 16160 -80
848 16144 -112
848 16096 -16
752 16096 -208
864 16144 -208
768 16128 144
704 16240 160
560 16192 256
672 16176 224
688 16192 48
688 16176 96
560 16176 96
656 16176 160
640 16192 -64
736 16208 208
704 16192 -32
672 16144 80
640 16128 80
624 16096 96
560 16208 112
560 16208 128
704 16176 128
720 16160 432
688 16128 128
512 16160 304
416 16128 320
416 16144 96
608 16144 96
656 16096 128
640 16128 -160
736 16176 -48
624 16160 288
752 16176 272
784 16192 224
784 16192 0
848 16080 0
928 16112 80
864 16096 256
848 16224 0
720 16224 48
672 16176 64
752 16176 176
736 16112 208
736 16112 -80
928 16112 -80
752 16112 112
752 16080 96
736 16112 112
656 16224 208
656 16144 160
560 16144 272
608 16096 272
768 16128 176
832 16128 208
752 16112 96
800 16128 208
800 16112 160
752 16112 160
416 16240 176
528 16224 160
672 16192 96
768 16112 32
848 16192 80
784 16256 -80
800 16160 32
608 16192 80
608 16192 64
608 16192 64
624 16192 32
672 16176 240
768 16064 176
688 16176 96
688 16176 0
784 16176 0
752 16176 80
736 16176 224
688 16192 224
800 16224 160
720 16224 112
576 16192 64
576 16192 128
560 16208 128
672 16224 176
560 16208 176
624 16224 240
720 16176 -48
672 16176 48
720 16192 16
720 16160 80
752 16160 80
656 16192 128
704 16224 208
864 16064 336
864 16192 176
768 16192 48
768 16208 48
752 16192 -16
608 16208 96
640 16208 48
704 16192 288
832 16176 208
784 16192 112
784 16224 -48
752 16224 -48
704 16144 96
688 16160 96
672 16224 240
672 16256 336
704 16176 80
704 16208 160
752 16240 208
656 16224 304
656 16176 208
576 16176 288
528 16128 288
592 16112 64
656 16112 128
608 16160 112
608 16192 144
608 16192 224
640 16144 224
656 16176 -80
