startup(x,y,z):(432,16128,240)
224 16416 -736
112 16240 -64
3232 16192 -3104
352 16112 -5072
128 16112 -832
1616 15952 880
-384 16096 2272
-384 16096 4192
1312 15968 4192
464 15824 5600
304 15792 2864
912 15904 1136
32 16288 2432
544 16032 752
640 16032 -128
1632 15984 -128
1136 16160 -272
736 16000 160
912 16160 1168
3008 16096 -2336
1792 16256 -2000
480 16256 688
480 16256 -240
-544 16112 -240
-384 16048 -320
96 16176 -656
432 16368 352
-304 16144 528
-304 15968 -1088
608 16096 -816
608 16192 256
400 16192 -144
864 16080 -144
1216 16016 432
608 16192 -240
752 16096 80
704 16000 352
704 16112 16
496 16112 16
336 16160 1184
272 16176 1168
48 16112 1168
32 16192 1120
304 16208 768
208 16256 544
208 16128 -288
224 16128 -288
592 16080 -160
624 16048 -800
624 16048 -1168
336 16080 -640
336 16208 -496
464 16176 -240
464 16160 -208
352 16160 -208
272 16208 288
240 16144 240
256 16224 368
480 16208 592
480 16208 480
368 16192 576
480 16096 576
480 16128 736
656 16144 720
608 16144 432
512 16144 80
576 16160 -176
576 16208 -224
320 16208 -224
256 16272 -368
304 16192 -208
400 16240 -192
368 16240 0
368 16224 -128
320 16224 -176
368 16208 -176
480 16288 32
288 16224 144
416 16208 192
464 16176 64
464 16160 288
464 16064 544
416 16064 784
304 16080 784
368 16096 656
336 16096 512
288 16160 432
400 16128 320
480 16080 48
560 16048 -64
560 16096 0
464 16096 0
448 16112 -80
496 16144 0
416 16128 208
416 16096 48
448 16160 -368
320 16160 -368
512 16080 -144
464 16016 112
512 16144 368
240 16192 544
288 16224 400
416 16224 448
416 16224 576
480 16176 576
432 16128 576
368 16096 240
352 16112 -48
368 16096 112
368 16096 -224
400 16128 -128
400 16160 -128
416 16160 -128
272 16192 -80
400 16176 -16
416 16192 224
432 16192 144
432 16176 240
496 16176 496
512 16048 368
384 16048 160
368 16144 448
352 16144 528
288 16144 400
288 16160 272
368 16160 304
432 16176 304
352 16112 224
400 16208 96
368 16144 192
368 16176 -32
512 16176 -48
448 16176 -112
480 16208 16
512 16224 16
432 16160 144
512 16224 272
480 16192 368
480 16208 32
336 16208 32
464 16192 48
464 16208 192
368 16160 368
384 16160 304
256 16128 400
176 16128 432
320 16208 272
320 16208 224
576 16160 224
384 16144 -48
416 16208 16
544 16224 48
544 16224 16
496 16224 160
448 16256 160
448 16240 192
272 16224 448
320 16128 368
336 16176 416
432 16096 432
432 16176 336
496 16176 336
432 16160 368
288 16208 320
352 16160 176
416 16176 128
416 16176 192
400 16144 192
336 16144 192
432 16224 128
464 16176 0
448 16160 96
400 16208 48
448 16224 352
448 16128 208
432 16128 416
496 16096 416
368 16208 496
320 16160 592
336 16144 416
384 16144 352
464 16064 112
464 16064 128
432 16064 176
272 16176 176
304 16176 320
480 16256 464
432 16208 320
368 16256 272
368 16288 112
400 16288 -144
496 16256 -80
480 16208 160
480 16224 160
464 16208 32
448 16112 176
288 16112 144
288 16128 304
272 16128 304
336 16096 176
464 16128 256
608 16176 320
640 16144 80
512 16176 128
480 16208 -16
480 16208 352
448 16160 352
320 16176 288
240 16224 336
320 16208 272
320 16240 352
416 16240 48
432 16192 48
608 16144 -64
448 16160 144
400 16128 176
448 16112 288
480 16080 336
368 16144 272
368 16160 432
336 16160 432
416 16176 544
416 16192 160
336 16176 288
432 16208 160
432 16160 160
400 16128 48
320 16176 208
352 16176 64
544 16192 64
416 16112 64
368 16128 -128
352 16192 -80
352 16192 128
512 16192 128
464 16128 224
320 16144 208
304 16128 160
304 16192 432
352 16112 160
352 16192 0
368 16192 16
448 16144 16
464 16144 16
512 16192 288
544 16144 112
480 16176 320
432 16192 128
432 16192 384
640 16176 256
496 16176 336
560 16128 336
560 16128 224
512 16176 64
432 16208 192
432 16208 240
208 16208 240
368 16160 384
352 16128 368
368 16224 272
384 16144 -16
304 16192 112
608 16208 96
528 16176 16
528 16096 128
480 16096 256
336 16144 256
336 16112 208
512 16096 272
384 16128 224
384 16192 144
352 16208 224
272 16208 192
384 16208 176
304 16208 176
432 16240 0
448 16208 -16
448 16096 320
512 16144 160
512 16144 160
400 16160 160
544 16192 128
496 16208 -32
432 16144 48
592 16192 176
448 16192 -16
448 16192 80
640 16192 288
544 16304 288
272 16224 272
384 16208 176
384 16176 224
464 16192 448
464 16208 368
384 16208 368
352 16128 336
320 16128 256
432 16240 224
416 16224 560
384 16288 416
384 16208 288
448 16208 144
464 16304 144
368 16144 144
368 16144 144
464 16112 96
432 16176 80
432 16144 128
384 16160 288
432 16160 144
400 16160 112
448 16144 112
352 16112 208
528 16112 208
464 16176 288
400 16112 304
400 16112 304
432 16112 304
496 16144 224
512 16080 128
384 16160 160
384 16144 -80
432 16160 192
368 16144 208
368 16144 80
480 16176 80
384 16256 -160
400 16176 80
480 16192 256
512 16176 48
480 16112 272
496 16176 288
496 16160 384
496 16160 240
336 16144 240
384 16176 576
384 16128 672
368 16112 400
368 16160 256
224 16160 64
288 16160 64
304 16144 16
496 16240 16
336 16208 32
384 16144 -64
256 16128 320
336 16128 272
336 16128 320
304 16064 320
352 16112 240
320 16160 64
272 16176 256
240 16208 176
240 16208 128
432 16096 128
352 16096 224
416 16144 368
416 16160 32
352 16192 256
304 16144 16
304 16144 0
416 16128 0
352 16144 96
288 16160 240
432 16096 288
384 16096 240
496 16176 144
400 16112 240
400 16192 240
496 16192 240
480 16192 192
368 16192 304
432 16160 336
464 16160 256
464 16256 160
400 16256 160
336 16192 192
496 16128 320
400 16112 144
448 16160 128
352 16192 208
352 16176 448
384 16176 208
272 16160 208
416 16096 368
448 16112 640
448 16192 640
448 16176 544
320 16176 544
336 16080 464
304 16160 464
144 16192 448
320 16144 352
320 16112 160
320 16192 320
448 16192 96
496 16192 96
464 16160 32
432 16096 -48
240 16128 -32
240 16208 16
320 16096 48
320 16080 192
384 16096 192
368 16096 224
432 16112 224
528 16176 256
352 16160 288
368 16144 176
368 16176 304
448 16176 272
320 16112 272
336 16080 208
400 16160 256
384 16192 240
480 16192 240
512 16096 128
512 16096 -240
512 16112 -240
192 16176 304
432 16144 256
-304 16368 1296
-1504 16592 -384
-1504 16320 -1168
-480 16320 -288
144 16064 -144
1136 16080 -144
496 16096 32
240 16096 320
224 16240 1104
224 16192 560
128 16192 560
752 16176 -48
464 16176 160
544 16112 704
704 16080 976
704 16160 368
0 16176 480
0 16176 432
592 16160 432
608 16144 288
752 16144 -176
336 16144 -96
336 16000 -96
528 16000 -224
288 16176 -224
400 16160 -128
480 16096 176
352 16080 416
480 16144 240
336 16192 -16
416 16224 32
480 16176 240
480 16176 192
320 16192 192
320 16176 128
368 16128 304
368 16144 528
448 16176 160
448 16160 -112
432 16144 -304
432 16112 -288
448 16112 -288
304 16192 -128
224 16160 144
432 16128 288
432 16144 304
320 16144 128
304 16144 64
304 16208 64
352 16224 240
336 16192 384
368 16112 416
464 16304 432
464 16256 352
544 16256 352
480 16144 176
368 16160 32
512 16192 -160
496 16160 -80
496 16240 -32
464 16240 256
320 16192 256
352 16112 64
416 16160 -64
448 16224 176
448 16176 288
448 16160 128
384 16160 -32
464 16240 -32
464 16208 96
336 16160 80
384 16144 272
384 16144 336
112 16144 256
352 16240 112
464 16256 112
496 16208 112
384 16160 224
560 16160 112
496 16192 -176
496 16304 160
336 16304 352
432 16192 352
464 16208 416
384 16368 368
448 16320 352
368 16240 560
336 16256 288
336 16256 304
464 16256 272
