startup(x,y,z):(560,16192,160)
368 16160 944
1936 16128 1472
1120 16128 1328
1552 16048 1328
720 16016 912
1568 16096 160
736 16144 -752
736 16192 -1536
752 16192 -1536
1488 16208 -1056
608 16224 -288
1056 16112 560
576 16160 512
1136 16176 1136
1136 16112 1456
1024 16112 1456
720 16080 1248
816 16128 432
752 16160 -224
800 16176 -736
800 16160 -400
576 16160 -384
688 16144 -112
480 16128 -112
560 16128 304
512 16160 528
432 16128 864
432 16128 928
544 16064 928
848 16112 64
688 16192 -160
592 16224 -384
480 16208 -128
480 16208 -192
656 16208 96
640 16192 96
544 16272 272
864 16208 624
672 16144 464
672 16144 560
736 16080 560
576 16144 560
624 16160 16
560 16240 -368
640 16304 -592
640 16304 -576
672 16256 -576
592 16304 -512
640 16288 -80
512 16256 400
448 16240 624
448 16176 688
512 16176 688
368 16240 640
720 16192 352
736 16160 368
864 16240 0
864 16224 -304
752 16224 -352
880 16176 -352
592 16128 112
496 16128 112
512 16160 240
512 16160 528
528 16160 528
640 16128 512
560 16176 240
640 16112 48
672 16128 64
672 16160 16
624 16160 -64
784 16288 -64
768 16224 256
656 16240 304
720 16224 352
720 16160 624
608 16160 624
592 16128 528
704 16080 640
656 16048 384
736 16112 112
768 16112 -32
720 16160 -32
528 16176 64
544 16256 128
640 16240 224
640 16240 288
768 16240 288
864 16256 320
752 16208 352
640 16256 112
704 16208 112
704 16208 80
848 16144 80
784 16096 16
736 16240 32
800 16112 400
624 16144 512
624 16144 368
736 16208 368
800 16176 624
768 16176 512
672 16128 160
656 16160 64
656 16160 -32
640 16176 -32
608 16256 -32
640 16192 0
672 16160 -112
672 16176 -160
736 16176 -160
720 16176 112
512 16128 320
672 16208 80
704 16160 144
704 16128 16
784 16128 16
768 16112 -96
704 16176 -368
560 16208 -48
656 16208 -32
656 16208 -160
560 16240 -160
432 16256 224
480 16272 352
672 16256 0
672 16256 2112
-1728 16288 48
256 16288 48
-944 16176 160
432 16160 -752
160 16080 -304
464 16064 320
464 16064 160
688 16064 160
2768 16368 -2288
-1216 16448 -704
-896 16352 -256
-896 16176 544
-3056 16064 720
1328 16064 720
1056 16176 2080
2384 16064 1968
816 16128 1360
1536 16256 176
1536 16256 -1216
320 16416 -1472
192 16384 -1472
656 16336 -1024
496 16256 -176
768 16224 352
768 16192 688
688 16192 688
672 16128 1072
368 16112 1056
336 16080 912
400 16192 368
400 16192 -192
896 16128 -192
784 16176 -416
512 16048 -16
592 16112 0
592 16112 -352
528 16192 -352
560 16192 -32
448 16144 320
608 16144 672
656 16192 672
656 16208 208
576 16208 -256
672 16240 -256
336 16208 -144
512 16208 -144
512 16160 -240
400 16160 -272
672 16192 -272
400 16240 160
608 16192 624
624 16144 1008
624 16128 784
624 16128 544
544 16144 544
480 16128 112
560 16128 -32
560 16176 -80
560 16192 80
688 16192 80
768 16176 48
672 16208 416
608 16208 816
464 16224 880
464 16144 656
560 16144 416
464 16224 416
640 16224 -48
672 16192 288
688 16208 -128
688 16256 -304
656 16256 -48
768 16208 -256
672 16240 80
608 16144 96
560 16176 320
624 16128 464
816 16128 464
768 16160 288
688 16208 48
672 16192 -144
672 16208 256
592 16208 256
656 16240 144
720 16224 256
496 16208 416
384 16240 416
592 16144 352
592 16144 336
496 16176 336
640 16112 272
688 16160 208
736 16128 192
736 16160 240
688 16160 160
704 16176 160
688 16160 272
672 16176 496
720 16144 368
688 16176 464
688 16224 448
736 16224 368
576 16160 368
528 16176 80
544 16240 -80
592 16240 -64
592 16240 -256
528 16192 -256
544 16192 96
640 16160 192
576 16048 144
672 16032 336
704 16000 304
704 16080 144
576 16080 -16
688 16160 -16
768 16128 -480
672 16176 -128
752 16176 -304
752 16144 272
688 16144 272
800 16208 400
576 16224 416
592 16160 48
672 16160 208
688 16192 16
688 16192 80
432 16160 80
592 16176 112
672 16144 32
784 16192 -32
784 16112 -32
656 16112 160
592 16128 160
640 16032 304
656 16080 320
640 16160 240
640 16208 272
656 16208 336
672 16208 336
704 16176 144
688 16208 -288
688 16176 -240
688 16176 144
656 16160 144
608 16144 272
672 16128 368
672 16192 208
528 16240 256
528 16208 304
512 16208 80
544 16272 80
640 16208 -48
448 16224 160
704 16208 112
608 16208 -48
624 16240 -48
688 16208 128
560 16240 -32
544 16256 128
608 16192 144
608 16192 208
608 16208 208
576 16192 272
576 16160 240
576 16160 320
576 16112 304
528 16112 352
560 16096 352
656 16112 224
640 16112 304
800 16128 240
704 16160 240
704 16176 128
688 16176 128
608 16176 -96
576 16240 112
704 16208 96
688 16144 112
688 16144 272
576 16128 272
544 16080 192
448 16096 400
656 16048 640
656 16144 576
608 16144 224
592 16192 224
672 16224 160
672 16144 272
608 16192 144
608 16208 -16
624 16208 -16
592 16288 32
512 16336 192
704 16224 112
656 16272 16
656 16272 16
464 16224 160
544 16160 288
528 16192 192
528 16176 48
576 16176 48
640 16176 48
688 16128 288
624 16208 448
624 16208 288
624 16224 240
480 16224 240
640 16240 304
640 16192 400
576 16160 672
624 16224 448
624 16192 256
464 16192 256
560 16304 128
512 16224 80
496 16192 128
560 16192 32
656 16144 48
656 16144 160
560 16160 160
512 16144 160
624 16272 128
560 16224 304
560 16176 384
672 16176 384
608 16208 320
528 16176 208
720 16192 -16
720 16176 32
592 16144 304
528 16144 304
608 16176 112
640 16192 240
768 16160 128
624 16160 192
624 16208 304
592 16208 304
592 16256 272
544 16272 -32
560 16224 -96
560 16256 -48
576 16288 160
576 16288 16
752 16224 16
864 16208 128
800 16224 208
608 16112 160
592 16128 144
592 16128 240
624 16144 240
640 16160 176
656 16144 208
608 16160 256
608 16160 352
592 16160 208
560 16176 208
688 16256 240
816 16272 176
640 16224 112
640 16112 224
672 16112 224
624 16144 80
672 16192 176
720 16160 -80
720 16160 144
640 16176 176
704 16176 176
624 16112 224
448 16160 288
384 16144 240
480 16160 208
480 16176 160
528 16176 160
736 16176 208
672 16176 -32
784 16192 -240
784 16080 -16
784 16080 192
496 16192 192
576 16160 160
576 16176 80
560 16272 144
560 16192 256
592 16192 288
592 16112 288
672 16144 224
832 16192 128
832 16176 208
832 16176 112
800 16176 112
672 16128 128
672 16176 96
624 16096 96
544 16128 256
544 16128 -64
576 16128 -64
352 16144 176
480 16160 240
512 16128 192
512 16192 256
512 16192 256
512 16208 -16
640 16208 32
608 16080 -192
624 16192 -336
624 16096 -16
800 16096 -240
768 16080 -240
640 16144 -16
736 16112 64
720 16048 144
720 16112 272
528 16112 272
512 16144 96
576 16176 176
544 16144 112
688 16112 144
688 16112 48
592 16080 368
608 16096 256
768 16048 288
864 16176 224
864 16176 336
816 16224 336
752 16208 240
640 16144 416
672 16144 304
432 16192 368
432 16192 400
480 16272 400
592 16224 384
480 16192 272
464 16128 352
720 16176 224
544 16176 256
608 16192 256
640 16192 320
800 16160 240
720 16208 352
800 16176 240
800 16176 144
752 16192 144
832 16224 288
704 16208 160
816 16144 368
816 16224 288
704 16224 656
592 16128 656
544 16240 384
656 16240 64
592 16224 240
592 16208 176
624 16208 176
576 16160 272
640 16176 64
688 16224 144
608 16224 64
720 16208 96
720 16208 -208
640 16208 -208
560 16224 64
672 16128 32
672 16176 32
688 16144 96
688 16128 -208
704 16128 176
688 16080 176
720 16128 -144
736 16176 64
736 16208 112
736 16128 48
608 16128 48
608 16144 304
704 16096 144
640 16096 16
624 16112 -32
624 16112 48
640 16064 48
752 16096 -64
720 16176 -192
656 16208 16
656 16256 112
720 16256 112
608 16224 256
