startup(x,y,z):(592,16016,224)
-1952 16048 12832
6224 15664 -880
6224 14896 -10352
2224 14896 -9104
1168 15888 -9104
1936 16384 -5184
1056 16864 -144
-1536 16336 3872
-1264 16560 3488
-288 15984 448
256 16384 608
256 16272 1456
1056 16272 1456
1024 16144 1920
608 16480 2256
368 16272 1120
304 15984 -1152
128 15824 -2416
128 15936 -2304
192 15936 -1648
368 16320 16
528 16320 2112
768 16352 2112
752 16336 2928
848 16272 2576
1136 16192 832
832 16080 -640
320 15904 -1840
320 15904 -1360
336 15744 -1360
368 16032 -576
240 16336 -160
128 16432 -608
496 16400 -256
768 16224 592
768 16112 2032
336 16112 2512
288 16112 2512
496 16176 1792
752 16128 384
592 16192 -1008
480 16176 -1312
480 16176 -1136
256 16064 -224
1520 15952 352
1152 16016 352
1872 16000 400
1536 16096 544
1568 16000 672
1392 16128 1408
1392 16592 3968
-832 16592 4496
1264 16736 4496
512 15488 -3328
192 15792 -4160
192 16240 -2960
-80 16064 -1360
48 16176 1040
432 16320 2240
432 16320 2128
640 16064 2128
816 16016 1536
896 16176 912
48 16320 768
16 16160 1072
-32 16224 1232
-16 16192 320
-16 16032 -304
544 16032 -992
272 16032 -992
560 16096 -848
704 16320 368
816 16368 1360
1360 16272 1712
1360 16272 1376
1504 16192 1376
1088 16160 336
800 16160 -320
416 16096 -912
208 16080 -912
416 16096 -480
416 16192 -112
288 16192 112
320 16144 112
576 16160 192
640 16096 544
736 16096 1312
848 16176 1712
848 16208 1248
528 16144 400
528 16000 -320
656 16000 -320
544 16128 -832
464 16192 -736
592 16176 0
736 16224 272
688 16208 144
688 16208 96
704 16096 96
512 16096 224
608 16064 240
736 16080 336
624 16032 352
528 16112 48
400 16096 -48
400 16064 -96
560 16064 -96
512 16080 176
560 16144 496
560 16080 784
704 16080 656
704 16192 608
848 16144 464
624 16192 368
624 16192 64
464 16208 64
496 16224 -16
512 16160 -240
656 16144 -624
656 16112 -624
640 16112 48
560 16112 48
672 16144 400
736 16240 848
672 16272 1040
672 16272 784
912 16240 672
912 16160 448
816 16160 160
576 16144 160
416 16112 -80
432 16112 -96
512 16144 48
624 16160 144
624 16160 80
640 16128 176
704 16144 304
480 16160 304
512 16128 176
496 16208 -48
528 16192 64
528 16112 -256
528 16112 -336
560 16096 -64
672 16144 -64
528 16160 320
560 16032 688
480 16064 704
656 16112 512
528 16144 432
512 16224 -32
512 16144 96
528 16144 96
464 16096 -192
448 16112 -240
624 16048 -400
752 16144 -192
752 16176 32
640 16176 32
640 16224 256
672 16144 256
576 16160 416
592 16176 336
704 16208 176
704 16160 80
544 16160 80
480 16192 80
512 16192 208
496 16096 208
672 16112 368
656 16128 336
576 16144 368
576 16096 240
784 16096 240
688 16112 16
592 16208 192
592 16144 240
592 16176 112
640 16208 176
624 16208 176
720 16160 304
752 16096 736
672 16112 672
608 16128 288
528 16112 208
608 16096 320
608 16096 48
784 16128 48
704 16144 -112
736 16128 16
896 16080 -80
816 16080 -272
816 16032 128
624 16000 160
448 16128 208
448 16144 432
448 16144 432
416 16160 432
512 16128 512
464 16112 480
656 16160 416
656 16080 256
752 16080 112
672 16112 112
768 16128 96
560 16128 144
576 16080 272
560 16016 256
496 16096 144
496 16144 336
432 16144 336
512 16144 320
560 16160 128
544 16160 48
560 16224 112
560 16272 128
608 16272 192
512 16112 304
528 16112 160
400 16048 160
384 16112 320
400 16096 336
464 16112 512
464 16112 224
720 16144 224
736 16064 32
592 16112 16
464 16064 -128
576 16064 -112
560 16160 -32
576 16176 224
576 16176 144
544 16224 144
496 16144 256
608 16160 592
576 16240 560
656 16224 448
656 16192 208
720 16192 208
624 16176 304
720 16160 384
576 16192 272
464 16160 48
304 16176 128
512 16208 96
608 16208 192
608 16208 -128
768 16128 -128
640 16240 -80
736 16256 -144
768 16208 64
704 16128 128
608 16080 112
880 16144 48
880 16160 208
720 16160 304
736 16176 304
640 16080 304
656 16096 96
672 16144 128
704 16176 240
704 16176 272
560 16176 224
304 16240 256
432 16160 448
528 16160 448
592 16128 64
496 16192 112
608 16144 144
608 16160 160
608 16160 128
672 16128 368
736 16128 368
704 16176 416
656 16192 416
496 16176 352
352 16192 304
480 16048 352
544 16048 176
544 16048 32
576 16128 32
720 16176 192
640 16176 -96
656 16080 208
416 16160 288
416 16144 384
544 16256 304
480 16176 384
480 16176 240
624 16176 240
576 16160 48
672 16160 160
544 16224 144
544 16240 384
512 16240 432
608 16144 432
592 16128 272
496 16144 272
592 16160 112
592 16064 304
640 16096 192
640 16144 208
720 16144 208
848 16128 192
784 16112 448
624 16112 352
640 16128 304
640 16128 432
656 16208 432
576 16272 192
560 16224 192
400 16176 160
544 16208 -192
560 16112 -16
560 16176 -32
560 16176 288
640 16240 288
576 16240 -16
560 16192 208
480 16128 256
656 16144 208
608 16128 272
640 16112 384
640 16112 480
704 16176 480
896 16128 160
768 16048 224
640 16032 400
656 16064 400
656 16064 240
656 16320 512
544 16208 512
544 16272 368
624 16192 304
688 16192 192
560 16144 240
544 16160 320
448 16144 384
448 16144 320
528 16144 432
656 16128 432
608 16128 544
512 16208 192
592 16192 400
544 16208 368
592 16160 416
560 16112 512
560 16112 384
640 16112 384
640 16144 288
560 16144 448
576 16112 768
576 16144 656
576 16144 704
608 16048 704
560 16112 368
704 16176 480
528 16176 384
512 16176 592
592 16112 560
592 16176 448
688 16176 560
720 16128 560
512 16128 464
544 16160 416
528 16096 448
528 16144 368
544 16144 432
384 16176 304
464 16176 112
544 16192 112
544 16144 304
496 16064 672
592 15984 512
592 16096 560
512 16048 400
576 16048 400
688 16096 496
672 16096 -64
544 16112 240
592 16192 176
592 16144 416
560 16192 448
560 16128 176
384 16128 304
464 16144 304
560 16016 224
592 16048 176
528 16064 192
528 16144 144
544 16144 496
624 16016 368
624 16096 192
704 16176 192
704 16208 176
736 16192 32
512 16128 176
512 16128 208
496 16176 208
592 16096 368
528 16080 400
464 16160 288
512 16128 208
432 16160 208
432 16160 368
608 16160 -144
720 16160 -112
720 16176 32
704 16080 176
592 16144 192
592 16144 464
512 16080 464
480 16048 384
528 16048 576
704 16064 192
544 16080 224
512 16144 160
528 16128 -96
528 16128 48
624 16128 48
512 16176 96
576 16208 192
560 16208 256
560 16240 0
560 16176 32
560 16176 144
560 16160 320
592 16096 336
512 16096 336
576 16144 224
608 16224 352
512 16128 336
512 16176 384
512 16176 384
544 16240 384
560 16208 352
544 16192 400
656 16080 192
640 16096 192
576 16096 176
656 16112 176
592 16144 368
624 16176 384
624 16096 240
560 16080 176
560 16144 80
672 16144 80
464 16272 256
512 16272 160
608 16256 176
672 16144 352
592 16144 160
592 16176 320
560 16176 208
672 16128 208
640 16112 320
656 16128 320
624 16128 416
624 16176 368
624 16176 352
736 16144 288
688 16144 224
544 16224 224
512 16096 304
432 16112 384
512 16176 432
512 16144 240
576 16144 272
656 16112 272
640 16064 224
448 16128 320
464 16144 224
560 16096 224
496 16064 288
560 16080 320
592 16128 272
592 16128 304
512 16192 304
576 16208 304
480 16128 256
576 16176 400
704 16080 416
704 16112 368
624 16096 352
544 16160 320
528 16160 416
416 16112 416
416 16096 368
528 16112 368
512 16176 624
480 16160 416
576 16128 480
576 16128 368
496 16128 368
528 16016 368
496 16080 416
512 16080 336
560 16240 288
432 16144 160
432 16192 288
480 16192 -48
592 16192 -48
752 16144 48
784 16176 112
640 16224 352
624 16176 96
624 16176 -64
736 16112 64
592 16112 64
608 16112 64
576 16064 -32
528 16080 16
