startup(x,y,z):(464,16224,144)
-16032 15904 9360
-2368 16032 4304
6816 15776 128
2128 16000 1712
208 15664 1552
-3520 15904 1248
-3392 16304 96
0 16384 -2400
0 16224 -3600
-224 16224 -3120
1152 16384 -3120
416 16336 -2320
96 16512 -1472
976 16464 -2448
1152 16144 -2112
208 16144 -2112
-96 16192 -1056
-352 16160 288
-576 16000 1056
32 16144 1136
1328 16240 752
1248 16208 576
896 16176 864
896 16128 784
752 16128 1136
464 16112 1136
480 16128 1040
464 16224 736
384 16320 816
336 16256 864
336 16240 304
208 16240 -32
368 16256 -304
432 16272 -304
528 16176 -384
544 16208 -432
512 16208 -48
288 16224 208
352 16176 480
480 16208 592
480 16192 480
784 16192 368
896 16208 464
592 16208 752
32 16272 1344
-1216 16736 560
-464 16592 560
96 16352 -320
272 16368 -320
-32 16288 -640
464 16272 -480
336 16320 -512
240 16208 -288
224 16144 48
224 16192 448
224 16240 800
624 16256 816
496 16208 704
608 16208 896
432 16288 896
512 16160 896
368 16256 864
528 16288 688
576 16160 464
432 16160 48
432 16256 -208
416 16256 -288
448 16256 -544
336 16176 -528
464 16144 -816
400 16208 -816
384 16208 -624
384 16208 -528
512 16208 304
400 16192 384
384 16144 624
496 16256 528
448 16160 640
448 16208 432
464 16256 416
480 16240 304
544 16208 208
480 16208 208
480 16288 256
416 16240 80
352 16192 -80
352 16192 -320
352 16176 -176
496 16224 16
528 16256 -272
512 16224 -16
496 16176 176
416 16224 528
352 16208 480
368 16144 304
416 16192 320
416 16128 80
288 16240 208
336 16208 112
336 16208 128
432 16224 0
528 16304 160
416 16272 272
400 16288 176
432 16288 208
432 16240 -240
400 16160 0
464 16208 160
464 16208 0
448 16144 0
368 16176 64
496 16144 176
432 16080 144
416 16112 256
416 16112 144
416 16192 -96
304 16192 96
208 16224 96
432 16176 144
352 16208 80
400 16272 -80
464 16208 224
384 16224 80
352 16256 304
352 16256 224
400 16256 80
512 16176 64
576 16208 64
576 16224 240
336 16224 240
384 16224 -160
544 16240 -112
464 16208 -96
496 16160 48
480 16208 -128
480 16208 32
416 16176 32
416 16208 128
416 16176 -16
560 16112 128
528 16176 128
528 16176 240
512 16208 240
256 16240 240
192 16256 96
288 16240 16
384 16176 32
512 16208 -32
624 16192 -112
624 16240 208
528 16240 448
560 16256 448
480 16192 144
608 16304 48
592 16176 128
544 16224 256
544 16192 192
448 16192 160
400 16160 160
400 16272 128
400 16224 160
576 16144 32
480 16208 -192
480 16304 16
384 16304 144
496 16224 144
400 16240 32
400 16256 128
512 16288 128
464 16240 112
400 16208 -80
288 16208 32
288 16240 -96
256 16176 96
432 16192 240
416 16144 128
512 16176 240
512 16112 496
464 16112 384
432 16208 384
544 16224 288
496 16272 16
480 16208 112
448 16224 208
496 16240 256
496 16160 80
400 16192 224
432 16192 224
368 16192 -64
224 16224 -96
464 16192 -48
496 16192 -96
416 16272 48
352 16240 80
352 16208 80
560 16208 -96
432 16192 -96
192 16224 48
288 16256 320
192 16256 288
432 16256 304
496 16224 272
432 16176 208
368 16256 208
624 16192 64
544 16192 -32
448 16240 -96
480 16208 16
480 16160 0
480 16160 320
352 16160 320
496 16240 288
368 16224 160
400 16224 32
432 16192 64
432 16240 -80
480 16240 -80
512 16128 0
384 16160 80
400 16128 176
416 16224 112
432 16272 32
416 16272 32
512 16224 -160
448 16208 -48
448 16144 -64
512 16144 -64
336 16144 16
272 16144 240
384 16176 128
496 16192 368
480 16192 304
512 16160 48
464 16144 240
288 16112 208
288 16160 240
400 16160 0
432 16160 0
528 16176 0
416 16240 128
512 16288 208
656 16240 160
656 16272 48
656 16272 64
528 16192 96
432 16192 192
432 16112 240
416 16112 208
480 16224 208
464 16240 144
320 16208 -16
368 16240 160
352 16256 208
576 16224 48
496 16192 64
496 16224 32
512 16144 96
496 16144 144
400 16176 144
448 16176 224
416 16240 144
448 16272 -16
352 16256 224
512 16256 112
416 16256 144
416 16208 -16
432 16240 336
512 16272 192
512 16192 224
432 16192 224
560 16128 208
560 16160 0
528 16240 -64
480 16304 -32
480 16304 -80
352 16272 128
368 16288 -96
416 16224 -48
368 16208 176
368 16128 0
432 16128 -64
464 16128 -64
544 16208 -256
464 16288 -32
480 16208 80
496 16320 112
496 16256 -32
544 16256 -144
592 16224 -144
624 16240 80
688 16240 0
672 16256 -160
608 16224 -144
672 16208 -48
672 16192 48
640 16192 48
720 16208 -128
592 16192 48
656 16176 -224
464 16144 -64
272 16224 16
336 16304 80
336 16176 -96
512 16176 144
432 16144 144
480 16128 304
496 16144 112
432 16096 224
416 16192 144
464 16160 176
464 16144 432
416 16208 224
400 16208 64
400 16256 -80
368 16160 -80
400 16176 160
560 16224 144
576 16288 352
496 16240 -128
496 16128 0
448 16128 0
432 16224 144
272 16224 160
368 16240 -16
288 16272 -128
432 16256 -208
432 16224 -16
432 16224 144
384 16160 144
320 16224 96
304 16224 -96
448 16144 -176
352 16176 -32
352 16176 208
400 16144 208
432 16288 144
400 16176 -32
384 16288 -32
384 16256 144
384 16208 160
528 16160 240
528 16160 144
480 16192 144
400 16208 80
432 16192 176
528 16208 32
432 16256 208
480 16208 96
480 16160 16
384 16160 288
384 16176 256
464 16272 256
416 16208 224
352 16240 272
208 16240 128
208 16240 192
304 16256 192
384 16240 160
384 16272 160
448 16272 80
496 16272 96
400 16256 0
400 16256 48
368 16256 16
464 16256 16
352 16224 192
352 16144 224
384 16160 224
352 16176 64
352 16240 288
416 16192 -16
384 16192 64
400 16256 176
432 16208 176
480 16176 128
240 16192 320
272 16160 368
336 16208 -16
448 16224 48
448 16224 176
432 16176 -32
496 16144 -32
400 16144 496
416 16256 352
416 16272 160
448 16272 48
336 16208 192
320 16272 80
400 16208 224
400 16176 256
320 16176 96
416 16176 96
448 16208 96
528 16240 112
512 16288 80
432 16192 224
448 16224 240
432 16192 80
432 16192 -240
432 16256 -240
480 16144 -176
368 16224 -16
464 16160 176
448 16160 192
448 16144 224
416 16144 -48
464 16144 -48
352 16176 -176
304 16256 -64
528 16272 -80
624 16208 -32
624 16224 -48
560 16224 112
672 16192 112
672 16192 160
432 16112 80
480 16112 272
416 16160 208
416 16112 336
480 16112 160
464 16304 160
368 16240 512
384 16256 368
320 16272 256
320 16240 0
432 16240 128
512 16240 128
432 16288 144
480 16256 176
400 16272 224
432 16224 -64
336 16176 -16
336 16176 112
288 16176 112
336 16176 192
528 16192 80
464 16176 320
432 16256 208
432 16192 160
416 16192 224
240 16240 224
192 16240 160
272 16256 16
304 16192 -80
368 16160 32
464 16128 48
464 16240 128
448 16240 128
368 16176 496
528 16208 208
352 16208 240
464 16256 384
352 16240 32
416 16272 0
416 16224 0
448 16208 224
464 16272 240
368 16224 64
368 16208 128
496 16208 128
624 16224 128
384 16192 128
416 16160 48
464 16176 416
384 16240 368
384 16160 112
352 16160 192
288 16160 192
320 16240 -240
320 16256 -16
432 16160 80
496 16160 96
496 16144 128
368 16144 128
320 16112 176
352 16112 400
496 16176 240
464 16192 176
512 16176 32
512 16128 0
448 16128 -160
608 16128 -160
608 16208 -192
592 16208 96
512 16208 0
416 16240 96
224 16208 112
320 16288 96
320 16240 96
448 16240 96
416 16176 32
592 16176 64
688 16112 48
592 16112 176
544 16160 272
544 16160 224
480 16208 224
496 16224 128
496 16224 240
480 16192 128
416 16208 144
416 16240 32
400 16272 144
480 16272 128
480 16256 400
480 16256 208
400 16256 208
496 16272 176
336 16272 112
336 16272 112
464 16272 144
464 16256 160
