startup(x,y,z):(-320,16160,160)
3600 12832 3424
10416 10864 -2384
10144 15296 -2592
6272 14832 -304
2016 15392 -1104
544 12992 640
544 14560 1344
-1712 14560 1344
-1952 15280 1696
-1712 15904 -3648
-1376 15936 368
-576 16272 720
-576 16272 928
-1424 15760 5104
4832 15984 5104
10288 15280 -976
7200 15888 1552
4992 16288 -1600
2784 16352 -576
2784 15648 1760
224 15648 1280
-448 16208 1280
-384 15840 1248
896 16304 -576
-144 16016 -160
-480 16096 288
-672 15920 -96
-464 16064 1120
-464 16000 320
-448 16000 320
-336 16032 -608
-240 16128 -160
-368 16272 -272
-432 16112 624
-432 16112 208
-560 16096 208
-432 16192 512
-608 16320 320
-352 16240 0
-480 16240 416
-400 16272 -208
-400 16272 0
-288 16288 0
-160 16256 -496
-160 16144 -224
-160 16128 -272
-160 16128 -16
-288 16176 16
-224 16240 16
-192 16240 -336
-416 16224 224
-304 16208 96
-208 16192 352
-208 16240 16
-176 16240 16
-176 16176 128
-288 16176 80
-256 16224 128
-256 16160 112
-288 16208 16
-272 16208 16
-400 16224 304
-320 16224 432
-320 16240 176
-368 16256 80
-272 16208 32
-288 16208 144
-288 16208 368
-208 16176 480
-256 16128 480
-576 16112 496
-416 16128 416
-464 16208 544
-432 16192 64
-432 16096 288
-368 16096 288
-288 16096 288
-480 16112 288
-480 16080 160
-304 16144 -64
-256 16224 -96
-256 16224 -288
-160 16208 224
-240 16192 0
-320 16208 96
-224 16192 -16
-240 16176 80
-240 16128 64
-288 16144 48
-304 16224 48
-304 16272 96
-192 16208 304
-192 16144 464
-304 16144 304
-224 16160 304
-368 16192 160
-432 16224 48
-400 16208 112
-288 16256 224
-256 16256 224
-256 16256 224
-368 16176 224
-240 16224 -208
-288 16208 -32
-400 16176 352
-400 16256 320
-432 16256 32
-336 16208 32
-272 16272 -32
-160 16128 48
-128 16144 -176
-272 16064 -144
-272 16064 464
-512 16064 -160
-624 16096 -160
-560 16064 -80
-416 16080 304
-272 16000 48
-416 16112 432
-416 16272 240
-240 16272 80
-16 16272 80
208 16192 -224
128 16176 64
-16 16144 352
-320 16336 512
-320 16336 432
-336 16272 432
-256 16352 272
-288 16384 240
-448 16272 320
-448 16208 224
-448 16160 240
-304 16160 336
-176 16144 112
-192 16144 112
-176 16192 -208
-272 16160 64
-192 16208 96
-192 16208 -64
-176 16144 -64
-48 16176 -192
-208 16160 -96
-208 16112 -16
-240 16128 0
-240 16144 144
-256 16176 400
-272 16176 400
-176 16192 304
-208 16224 256
-224 16240 192
-224 16256 480
-160 16256 480
-192 16208 352
-288 16304 352
-480 16288 224
-384 16176 528
-384 16144 464
-272 16112 480
-352 16112 432
-352 16112 432
-320 16176 240
-256 16080 448
-256 16192 352
-336 16112 384
-336 16160 256
-304 16160 256
-304 16208 160
-208 16080 80
-272 16176 -80
-336 16208 -96
-336 16224 80
-336 16224 224
-528 16272 224
-400 16256 464
-448 16208 576
-160 16192 400
-160 16208 288
-160 16208 96
-128 16272 96
-272 16160 -16
-400 16160 0
-400 16224 112
-384 16208 336
-384 16144 304
-256 16144 240
-288 16192 240
-448 16208 192
-272 16144 368
-336 16096 336
-240 16144 144
-240 16128 240
-256 16128 240
-432 16144 256
-272 16160 112
-176 16080 208
-240 16208 96
-368 16144 240
-368 16144 384
-208 16160 384
-288 16176 240
-240 16144 352
-368 16240 192
-272 16256 80
-272 16336 -112
-288 16336 48
-256 16368 320
-176 16240 256
-144 16176 128
-272 16176 64
-288 16192 80
-272 16176 48
-176 16144 240
-176 16144 144
-128 16256 320
-144 16192 320
-256 16160 256
-224 16176 16
-240 16240 416
-496 16176 240
-496 16272 112
-368 16272 112
-368 16208 304
-400 16224 416
-384 16192 48
-480 16144 224
-480 16144 128
-432 16144 192
-400 16160 96
-304 16192 96
-288 16208 288
-416 16240 288
-384 16192 336
-384 16192 336
-272 16160 272
-256 16224 160
-336 16256 144
-128 16208 128
-240 16144 208
-240 16144 240
-336 16288 176
-288 16288 176
-240 16144 512
-208 16176 416
-112 16224 256
-112 16160 288
-128 16160 336
-240 16208 336
-256 16240 384
-368 16224 624
-320 16240 496
-320 16272 256
-240 16256 224
-416 16256 -48
-320 16304 -48
-368 16304 352
-272 16272 192
-384 16272 160
-320 16240 192
-320 16176 -16
-336 16176 0
-208 16176 0
-208 16144 96
-256 16144 64
-240 16192 80
-144 16224 64
-144 16112 0
-32 16112 0
-32 16112 -16
-176 16256 -32
-112 16144 96
-112 16128 0
-96 16128 80
-112 16176 80
-208 16144 96
-176 16176 144
-192 16144 16
-272 16176 112
-272 16192 128
-368 16192 128
-144 16176 16
-160 16240 64
-176 16288 -48
-176 16256 240
-256 16256 240
-256 16224 240
-208 16224 160
-240 16208 32
-192 16176 112
-208 16112 224
-240 16176 272
-240 16176 304
-416 16144 304
-352 16208 208
-416 16240 208
-368 16208 288
-112 16208 176
-256 16208 352
-160 16208 352
-176 16176 416
-320 16240 240
-272 16192 208
-272 16112 256
-272 16192 -16
-240 16192 -16
-464 16128 128
-272 16160 160
-144 16096 128
-176 16112 128
-240 16144 176
-240 16240 32
-208 16240 -160
-160 16240 -144
-160 16208 -144
-112 16192 -128
-128 16176 128
-240 16176 16
-240 16176 64
-176 16160 64
-176 16208 304
-240 16128 352
-288 16128 288
-288 16176 128
-304 16176 208
-304 16208 160
-384 16208 160
-368 16256 128
-352 16240 -112
-352 16256 -64
-352 16256 -64
-496 16320 -128
-320 16208 32
-416 16256 128
-368 16192 144
-368 16144 288
-304 16192 272
-336 16192 112
-352 16176 112
-368 16208 176
-240 16272 16
-336 16240 80
-336 16240 320
-320 16304 320
-288 16256 128
-432 16176 128
-288 16176 304
-128 16096 128
-160 16192 144
-160 16224 128
-288 16224 128
-112 16192 -176
-272 16240 -288
-400 16192 128
-272 16240 96
-272 16224 432
-368 16176 464
-416 16176 464
-320 16208 496
-192 16272 128
-240 16224 112
-400 16176 224
-192 16240 176
-192 16240 368
-400 16128 368
-304 16112 -64
-368 16240 240
-256 16208 240
-256 16240 240
-224 16240 80
-208 16224 80
-192 16208 48
-256 16176 176
-208 16128 144
-320 16240 256
-320 16304 64
-480 16304 64
-288 16176 128
-272 16208 256
-304 16240 80
-176 16160 16
-176 16208 32
-128 16208 32
-192 16128 208
-240 16144 336
-240 16208 336
-288 16192 320
-320 16160 256
-320 16160 240
-480 16128 240
-368 16112 176
-448 16208 304
-240 16160 448
-240 16128 288
-160 16128 352
-208 16144 352
-64 16176 288
-160 16144 160
-400 16128 320
-160 16176 288
-160 16208 320
-240 16208 320
-160 16240 240
-208 16192 384
-80 16208 352
-144 16160 128
-240 16240 48
-192 16160 48
-256 16160 48
-256 16160 -80
-368 16208 -80
-496 16208 96
-528 16240 320
-240 16160 96
-240 16144 288
-272 16144 288
-400 16208 336
-368 16144 0
-320 16208 208
-336 16176 112
-272 16112 128
-272 16144 288
-464 16144 288
-304 16160 -96
-272 16176 -32
-176 16176 -160
-176 16160 64
-352 16160 560
-272 16144 560
-192 16096 400
-320 16192 272
-272 16160 432
-272 16208 256
-240 16176 208
-240 16176 96
-256 16128 96
-288 16176 384
-272 16208 96
-272 16160 256
-272 16272 112
-240 16272 256
-336 16208 256
-272 16176 208
-208 16208 256
-224 16224 -16
-448 16256 48
-448 16256 192
-368 16192 208
-256 16240 128
-208 16224 96
-208 16272 144
-304 16240 144
-240 16192 80
-224 16144 368
-336 16176 192
-464 16192 320
-448 16160 224
-448 16160 176
-368 16176 176
-320 16192 160
-240 16176 192
-400 16192 64
-304 16208 256
-304 16208 48
-240 16160 48
-208 16160 160
-208 16096 208
-160 16192 304
-240 16192 144
-240 16176 304
-304 16176 304
-240 16256 64
-240 16256 -32
-320 16192 176
-288 16224 240
-288 16208 176
-144 16208 176
-176 16176 192
-240 16112 320
-288 16128 -32
-128 16160 -16
-176 16144 176
-176 16128 240
-272 16128 240
-240 16160 32
-256 16096 240
-224 16176 224
-384 16288 320
-384 16288 272
-480 16272 272
-352 16208 448
-336 16240 400
-256 16256 384
-384 16240 400
-432 16240 144
-432 16240 80
-320 16256 80
-240 16144 128
-224 16144 272
-240 16288 48
-256 16272 -32
-112 16224 112
-160 16256 384
-128 16240 640
-128 16240 640
-160 16288 80
-96 16288 144
-192 16240 480
-192 16336 272
-192 16288 272
-288 16288 608
-176 16160 608
-144 16176 496
