startup(x,y,z):(640,16160,272)
-8496 18192 -5424
-9520 18560 6576
-21072 18560 6576
-17280 22336 13952
7680 27344 -9344
448 24208 7552
16544 21904 3632
-4848 17664 5600
-18736 19280 -11248
6816 17584 -10128
19728 16704 -9376
-6448 16032 11632
9168 15456 10544
-464 15504 13792
-464 15504 7456
-704 15888 7456
-8048 16528 720
-976 16176 -4384
-2496 17136 -5712
-2320 16688 -4448
-2320 16928 -3328
-2624 16976 -3376
-1408 16576 1440
-1408 16576 -480
-2704 16800 -480
-2752 16688 2640
1088 16096 4720
-3024 15952 4560
-320 16144 1792
-320 16176 -848
-224 16176 -448
-784 16288 -448
-1760 16080 -528
576 15984 -1488
96 16288 -1088
96 16560 -400
-896 16560 -512
-48 16464 -512
-1248 16336 992
992 16208 1024
416 16208 1552
1344 16160 1104
1344 16080 272
960 16080 304
224 15936 304
176 16032 160
1344 16096 -1168
784 16176 -512
784 16224 -64
1168 16224 592
1072 16160 592
656 16080 1280
752 16224 544
1136 16288 -544
304 16384 -160
304 16224 -416
608 16224 144
512 16192 144
624 16256 128
640 16256 64
1088 16208 400
1088 16128 544
336 16160 912
336 16096 624
576 16096 112
592 16160 112
880 16224 -560
944 16176 -240
592 16208 -432
720 16208 -224
576 16192 -16
576 16192 192
832 16208 192
368 16256 1072
720 16224 1232
640 16160 288
624 16144 144
672 16208 -272
672 16208 -432
624 16144 -288
528 16160 -288
352 16256 -560
640 16224 -896
624 16176 -96
592 16160 832
624 16160 832
368 16080 1216
640 16096 784
800 16128 576
688 16144 336
720 16192 -304
720 16192 -592
880 16192 -512
736 16208 -512
736 16208 -208
864 16208 -32
432 16192 288
432 16192 560
512 16192 560
672 16192 576
704 16160 688
688 16256 416
640 16272 112
640 16224 -80
656 16224 -224
480 16160 -224
672 16144 -240
464 16224 -272
560 16256 -112
560 16192 384
752 16192 384
640 16096 416
640 16112 400
496 16032 416
672 16064 416
672 16160 416
656 16160 416
752 16048 32
672 16128 -256
672 16144 -224
768 16208 -336
768 16208 -144
784 16208 -144
752 16288 -176
800 16256 144
560 16208 256
608 16176 592
608 16192 224
576 16192 -48
624 16176 -48
752 16192 -272
464 16224 64
528 16176 320
528 16176 352
544 16192 352
704 16176 560
576 16160 512
592 16128 432
608 16128 384
608 16128 288
688 16176 288
608 16160 96
672 16320 -16
656 16240 -96
656 16208 96
672 16208 96
608 16224 288
608 16112 304
784 16112 208
720 16144 -64
720 16160 64
736 16160 64
720 16160 16
608 16160 96
512 16176 352
480 16224 256
480 16224 480
640 16096 480
608 16160 160
736 16112 144
672 16048 160
608 16128 208
608 16128 -64
688 16144 -64
656 16176 96
704 16192 -48
608 16160 80
512 16192 208
512 16192 192
608 16192 192
560 16240 224
528 16208 240
528 16128 464
544 16096 304
544 16176 112
672 16176 80
560 16160 80
656 16208 208
624 16192 128
448 16208 256
448 16176 208
592 16176 208
592 16192 0
688 16256 96
592 16208 304
592 16208 240
592 16208 464
432 16176 464
544 16240 224
480 16224 240
656 16160 320
656 16160 80
624 16160 80
736 16176 192
640 16240 -160
672 16192 32
672 16176 224
672 16128 192
608 16128 192
624 16176 240
784 16128 320
736 16128 48
624 16144 208
624 16160 -128
624 16160 -128
544 16128 -16
592 16208 -192
592 16160 0
640 16160 96
704 16080 96
608 16128 224
672 16112 288
704 16192 128
656 16160 128
656 16160 64
448 16192 64
432 16256 16
496 16240 224
528 16208 -32
528 16224 -128
608 16224 224
512 16256 224
560 16128 464
576 16160 384
656 16208 512
640 16240 192
640 16240 144
512 16272 144
416 16176 144
384 16192 160
336 16144 240
336 16160 176
384 16160 352
416 16240 352
480 16224 -80
384 16240 -16
496 16208 160
640 16208 304
640 16192 592
624 16208 592
640 16224 272
512 16192 544
592 16208 64
592 16256 48
464 16256 320
640 16208 320
736 16208 240
608 16144 384
640 16112 464
656 16112 304
656 16112 368
592 16160 368
608 16224 112
464 16112 224
528 16224 320
528 16224 160
656 16112 416
544 16096 416
592 16160 352
496 16176 320
752 16160 256
752 16064 144
688 16064 16
784 16144 16
576 16112 240
608 16192 144
656 16176 144
656 16176 -128
688 16208 -128
720 16160 -32
640 16128 288
592 16144 384
432 16112 432
432 16128 208
544 16128 208
384 16128 -16
480 16160 160
528 16128 272
528 16160 -48
544 16160 16
544 16224 16
688 16256 16
560 16208 96
768 16144 -144
752 16160 48
752 16160 32
672 16128 32
640 16144 352
736 16256 176
624 16320 352
624 16320 304
592 16320 304
608 16288 320
624 16256 288
592 16256 464
608 16256 272
608 16208 0
592 16208 176
464 16208 176
544 16208 144
640 16208 128
704 16272 320
704 16272 304
736 16224 304
704 16192 384
560 16192 352
544 16208 80
576 16096 160
576 16128 -32
720 16128 16
624 16064 16
848 16096 128
784 16144 16
768 16208 64
768 16208 128
672 16208 128
704 16224 64
624 16176 112
624 16112 80
560 16096 64
304 16128 112
576 16128 176
576 16128 64
608 16128 64
576 16272 256
592 16256 288
688 16208 192
784 16208 160
864 16176 160
752 16208 160
784 16256 208
720 16176 208
560 16224 224
560 16224 80
496 16272 80
512 16288 192
560 16256 64
560 16192 256
560 16256 144
576 16256 144
496 16192 160
608 16160 64
736 16144 64
576 16128 112
576 16144 112
576 16144 0
480 16144 0
560 16160 -64
576 16160 288
592 16176 320
592 16176 496
432 16160 496
448 16176 16
512 16208 48
624 16144 48
496 16160 96
496 16160 176
640 16288 176
464 16240 208
608 16160 160
640 16064 112
752 16176 160
752 16176 208
752 16144 208
752 16128 416
800 16112 384
672 16144 272
672 16112 368
672 16128 560
672 16128 560
576 16176 288
704 16192 208
608 16160 400
608 16144 224
576 16144 352
656 16208 352
672 16208 192
560 16208 32
640 16272 -32
640 16256 96
608 16256 -96
576 16240 -96
576 16192 48
496 16224 240
384 16192 192
384 16192 416
496 16192 416
560 16112 256
608 16144 112
592 16192 192
528 16176 0
528 16176 80
624 16176 80
608 16096 32
528 16128 128
512 16160 -32
512 16192 144
592 16192 96
688 16176 96
720 16048 176
512 16128 320
608 16080 160
608 16176 128
624 16176 32
544 16304 32
608 16224 48
608 16208 192
592 16192 16
592 16144 0
528 16144 48
672 16176 48
752 16208 80
528 16320 32
544 16256 80
544 16256 144
672 16256 416
720 16224 416
672 16304 240
672 16240 64
608 16144 192
608 16176 144
608 16176 -96
656 16192 -96
576 16192 -112
576 16176 -80
720 16192 48
720 16176 64
560 16176 192
672 16176 192
752 16144 -16
656 16160 -96
688 16144 144
688 16224 80
640 16224 0
736 16224 0
752 16192 64
752 16144 192
720 16112 288
720 16112 304
592 16112 304
672 16144 144
608 16176 336
560 16144 192
560 16160 224
560 16208 240
640 16208 240
480 16192 -64
432 16128 -16
416 16176 -16
496 16176 16
672 16144 16
624 16096 288
800 16160 64
800 16144 160
608 16208 256
608 16208 112
576 16160 112
704 16208 240
576 16208 400
768 16208 -80
736 16240 144
736 16240 160
592 16176 160
608 16192 272
560 16304 96
560 16192 32
672 16192 96
672 16192 112
736 16192 112
656 16128 320
656 16080 464
880 16192 176
880 16160 240
688 16160 240
880 16160 192
704 16176 336
720 16224 48
688 16208 160
688 16192 304
624 16192 304
544 16176 528
672 16208 336
560 16144 64
432 16160 112
432 16160 -32
496 16192 -32
576 16272 176
656 16256 -80
656 16192 -48
656 16176 64
512 16144 160
592 16144 160
624 16128 16
576 16144 64
576 16176 112
576 16192 256
640 16192 256
640 16160 176
592 16144 272
640 16240 16
560 16240 -224
560 16224 -16
560 16224 -16
544 16176 -16
720 16144 128
640 16160 -80
640 16256 -80
640 16224 64
848 16224 64
784 16160 160
736 16176 192
640 16224 336
