startup(x,y,z):(592,16016,224)
-1088 16096 3136
4320 16416 5072
2704 16016 96
-144 15456 -4672
656 15792 -5024
1312 15984 -2816
720 16128 -64
448 16224 2096
208 16240 2304
208 16240 544
896 15984 544
656 15952 80
400 16080 928
2384 17008 1312
3920 16512 1136
3920 16288 1312
2720 16288 576
752 16240 576
1296 16128 -128
544 15952 -1152
1312 16144 -880
1232 16128 592
816 16272 1248
816 16272 1584
368 16160 1584
784 16176 1552
528 16208 1088
560 16000 -160
272 15952 -768
272 15952 -128
416 15968 -128
384 16096 0
16 16032 0
-512 16096 512
496 15984 -272
496 15984 144
224 16016 144
368 16112 640
432 16224 784
32 16128 288
-160 16160 -224
-560 16272 -1328
-800 16464 -288
-1232 16368 320
-1232 16192 752
-1152 16192 752
-960 16112 1312
-640 16160 1152
-432 16144 208
304 16112 -304
304 16128 -16
496 16128 96
672 16032 96
752 16128 272
608 16256 256
672 16112 272
272 16144 -16
416 16208 -320
416 16512 -32
1216 16512 -32
1936 16208 496
1648 16240 1040
912 16240 1184
720 16096 848
720 16080 16
528 16096 -160
528 16064 -272
496 16064 -592
432 16096 -592
256 16064 -304
352 16128 80
560 16144 416
560 16112 656
576 16112 752
736 16064 752
736 16048 736
928 16160 432
704 16176 0
544 16144 -400
336 16224 -256
336 16192 -256
416 16192 -48
432 16256 80
496 16160 80
608 16144 80
560 16144 496
688 16160 464
528 16176 496
512 16160 480
608 16112 416
384 16096 368
384 16096 496
432 16016 496
496 16064 528
416 16080 672
480 16064 176
448 16128 112
448 16160 128
624 16160 192
688 16048 192
608 16080 432
496 16064 432
512 16048 352
496 16096 240
576 16000 256
576 16000 416
640 16096 416
656 16048 432
512 16080 640
576 16128 624
576 16128 144
576 16128 16
544 16112 0
544 16144 -48
544 16144 -48
432 16144 384
544 16096 448
384 16096 80
384 16048 48
608 16048 48
592 16096 64
544 16112 0
560 16112 -160
608 16112 80
688 16112 224
496 16128 304
496 16208 272
432 16208 272
544 16208 80
448 16176 128
352 16128 176
592 16096 128
576 16000 192
576 15984 320
448 15984 288
432 16080 336
448 16096 512
432 16096 512
576 16128 496
736 16144 528
656 16064 384
656 16064 384
576 16080 384
592 16112 96
544 16032 240
496 16096 192
528 16048 320
592 16080 352
656 16112 576
608 16128 464
528 16080 304
480 16128 304
480 16160 256
496 16080 640
384 16112 448
384 16208 352
416 16208 352
400 16208 432
416 16160 384
400 16112 288
560 16160 160
416 16160 224
416 16096 208
448 16096 208
432 16080 592
432 16080 336
384 16160 400
640 16224 256
640 16144 80
672 16144 -16
656 16096 -16
560 16192 32
672 16192 208
592 16160 272
592 16192 304
544 16192 272
544 16176 448
560 16176 448
720 16144 352
560 16080 256
480 16160 304
480 16128 416
672 16144 128
672 16192 96
832 16192 176
608 16208 176
560 16144 272
528 16144 288
352 16144 288
464 16144 80
464 16144 -96
704 16144 128
576 16160 128
656 16160 16
640 16176 96
608 16144 16
608 16080 272
608 16080 368
576 16048 368
496 16144 128
352 16160 240
544 16144 336
544 16128 400
560 16128 304
640 15968 304
560 16096 336
480 16112 112
432 16144 272
336 16064 288
336 16064 464
432 16096 464
480 16096 432
576 16080 384
496 16160 240
560 16192 -48
560 16192 96
576 16144 96
512 16288 224
544 16208 -32
480 16256 -48
528 16176 128
528 16176 192
592 16112 192
624 16064 112
400 16064 224
496 16080 320
496 16032 320
528 16080 112
576 16080 112
768 16112 48
560 16128 0
464 16112 80
496 16144 80
496 16144 -192
512 16144 -192
432 16160 -48
512 16160 176
416 16144 96
496 16112 240
496 16096 448
688 16096 448
592 16096 384
592 16128 256
512 16096 480
608 16112 320
608 16112 272
448 16096 272
448 16064 176
736 16016 176
752 16096 368
656 16112 240
656 16112 336
576 16128 336
592 16144 144
608 16128 0
560 16112 32
560 16080 368
624 16080 352
464 16064 352
496 16112 224
624 16112 128
560 16016 256
560 16064 528
576 16064 528
624 16112 224
608 16144 256
608 16160 112
544 16160 336
544 16160 384
512 16160 384
480 16224 160
624 16112 144
576 16096 240
576 16112 240
496 16112 144
688 16080 144
640 16048 432
592 16096 496
608 16176 288
544 16224 304
544 16224 32
592 16192 32
528 16112 128
688 16080 336
448 16096 240
448 16128 384
304 16128 192
528 16128 192
400 16064 256
432 16080 256
640 16128 352
640 16192 288
576 16192 368
592 16160 368
352 16176 416
592 16128 -32
592 16064 400
592 16064 448
704 16064 448
672 16000 320
544 16160 256
560 16144 336
672 16144 288
672 16160 224
672 16160 224
576 16096 464
512 16176 384
560 16112 256
560 16096 496
416 16096 240
496 16128 144
688 16048 144
592 16064 608
544 16112 400
592 16096 432
784 16160 336
784 16160 416
592 16160 416
480 16144 176
336 16080 400
416 16160 336
416 16112 256
560 16112 16
512 16192 16
480 16064 208
560 16016 -96
496 16112 80
496 16160 208
496 16192 224
512 16192 128
672 16208 128
640 16208 160
592 16144 48
592 16112 144
704 16112 112
624 16160 112
432 16144 128
640 16048 96
592 15984 224
544 16064 272
544 16064 176
656 16080 176
640 16080 176
720 16032 256
544 16080 176
544 16112 192
544 16112 304
560 16176 304
656 16160 256
624 16176 16
608 16192 352
688 16160 288
688 16160 112
496 16208 112
480 16128 256
352 16112 176
352 16112 96
352 16144 224
272 16144 224
544 16112 112
544 16128 368
656 16128 240
672 16112 -64
672 16064 64
480 16064 64
608 16096 64
528 16112 64
496 16096 128
496 16160 512
560 16160 400
448 16192 400
400 16128 320
640 16112 288
560 16064 256
672 16016 400
592 15968 288
512 16048 48
464 16064 112
464 16128 320
432 16128 320
496 16160 320
544 16160 384
624 16256 112
544 16128 112
512 16176 64
512 16176 64
512 16176 64
416 16128 64
512 16192 -128
656 16096 176
656 16032 112
656 16016 224
640 16160 144
624 16256 240
656 16192 224
592 16224 224
592 16208 208
576 16208 352
576 16128 352
608 16128 320
656 16144 192
624 16096 32
624 16096 128
640 16096 208
720 16048 208
512 16128 192
656 16032 176
608 16064 352
608 16000 160
656 16000 112
496 16080 112
528 16080 -32
512 16096 16
576 16080 64
576 16128 192
496 16128 304
608 16224 304
624 16176 480
560 16144 352
560 16080 208
512 16048 464
512 16112 144
592 16112 272
672 16080 272
512 16064 400
688 16112 224
592 16112 448
592 16032 288
592 16064 240
496 16064 192
480 16144 192
528 16128 -16
624 16128 80
640 16128 192
816 16128 160
816 16144 192
672 16144 320
640 16176 320
656 16112 448
448 16080 304
528 16048 224
528 16048 128
528 16176 128
512 16080 528
448 16064 560
544 16064 592
560 16096 512
560 16352 608
464 16240 608
560 16176 448
592 16080 464
512 16144 512
512 16128 448
496 16128 448
640 16176 320
592 16128 144
496 16208 112
528 16112 288
528 16128 272
560 16128 272
480 16064 464
464 16064 416
528 16032 -16
560 16080 32
560 16080 -48
368 16112 -48
544 16064 -64
720 16144 112
560 16096 336
704 16128 304
704 16192 176
736 16112 176
800 16112 176
688 16048 368
624 16096 272
656 16160 256
656 16208 368
592 16208 368
480 16208 480
544 16096 352
544 16064 240
528 16176 192
576 16144 288
576 16144 160
816 16176 160
704 16128 496
576 16080 496
560 16096 400
560 16160 416
608 16160 416
400 16128 512
464 16128 416
432 16208 400
368 16144 352
448 16144 336
448 16208 336
448 16208 336
352 16304 416
384 16160 416
480 16144 304
480 16144 160
672 16144 272
704 16160 272
576 16112 576
608 16112 384
544 16096 288
544 16112 256
592 16112 96
576 16048 96
544 16128 416
448 16160 464
496 16144 352
