startup(x,y,z):(752,16160,112)
-112 15344 -2544
-144 15136 -896
976 16512 512
1440 16448 -32
1440 16448 -1136
1872 16400 -2912
832 16464 -2912
912 16320 -3280
1856 16016 -704
2048 16256 1264
1792 16304 3552
1104 16176 2928
1104 16192 1632
800 16192 -192
672 15936 -192
944 15984 -944
848 16176 -384
848 16416 96
848 16320 384
1072 16320 -16
848 16208 -16
864 16096 -112
848 16192 352
608 16272 -64
1184 16256 -128
960 16224 -112
960 16256 -416
1328 16256 -496
1248 16096 -496
896 16176 -368
1184 16080 -16
-672 15888 -1360
-1760 15328 464
-1344 15184 208
-224 15520 -208
-224 15824 -480
160 15824 -480
992 16128 16
896 16288 384
1152 16240 448
1152 16272 336
720 16256 64
720 16256 64
704 16256 -320
752 16176 -368
768 16144 -496
960 16176 64
960 16064 112
1024 16080 432
1024 16080 176
976 16112 176
976 16080 416
800 16208 144
848 16256 160
752 16256 -224
688 16272 -448
624 16224 -432
672 16288 -272
672 16256 16
752 16256 16
704 16144 640
800 16048 832
752 16064 880
752 16240 464
560 16240 32
608 16240 32
512 16288 -368
512 16208 -224
448 16176 0
544 16160 256
-32 16032 -160
-32 16144 -192
-112 16144 -64
-272 15840 -64
-368 15920 -656
-1184 15760 -1456
-1904 16112 -1216
-1568 16288 -736
-1568 16288 304
-416 16288 304
832 16272 128
1280 16128 128
2192 16656 2224
3136 16336 1184
3984 16592 2160
3984 16704 1584
3152 16704 816
2608 16496 784
2096 16304 736
1520 16320 80
1280 16512 528
608 16416 48
368 16176 400
208 16192 432
208 16192 400
96 16288 400
320 16336 432
208 16288 512
608 16208 432
624 16208 464
816 16256 512
816 16256 544
752 16208 544
624 16240 -176
832 16256 -80
800 16208 -80
720 16272 -48
912 16144 -32
832 16192 0
832 16192 144
688 16096 144
640 16112 48
640 16144 -160
624 16192 -64
464 16128 0
560 16128 144
784 16160 144
784 16160 128
672 16144 128
720 16176 304
656 16192 480
672 16256 336
624 16224 112
704 16160 48
704 16160 192
576 16144 304
640 16176 208
752 16176 208
768 16192 -128
624 16192 80
800 16208 80
800 16208 352
752 16256 352
752 16208 496
752 16224 384
800 16240 0
768 16192 64
768 16144 -80
672 16176 16
672 16176 160
768 16144 160
752 16112 16
832 16112 192
720 16192 112
800 16176 112
752 16192 160
752 16192 320
752 16176 320
656 16112 208
496 16128 176
640 16096 176
640 16128 240
608 16144 16
608 16224 16
560 16224 16
576 16256 112
608 16112 224
560 16160 224
704 16176 176
704 16192 112
688 16192 16
560 16112 -64
640 16112 128
576 16128 128
608 16208 208
688 16224 32
672 16192 304
672 16096 48
688 16096 -64
688 16128 -64
800 16272 336
736 16144 160
720 16080 -48
752 16128 -256
704 16208 112
704 16272 560
656 16272 336
704 16176 336
704 16128 96
800 16224 32
800 16224 224
880 16288 352
864 16288 352
672 16256 384
784 16160 160
720 16192 160
672 16224 144
688 16288 208
768 16192 272
768 16192 -96
768 16144 -96
928 16128 -112
752 16096 64
720 16144 144
816 16208 208
592 16224 240
640 16192 240
768 16176 128
704 16128 192
704 16192 160
656 16192 160
704 16240 80
656 16160 240
704 16112 160
768 16128 112
768 16176 112
832 16176 112
752 16128 32
704 16208 48
816 16176 160
688 16080 -16
576 16128 368
544 16272 480
544 16176 272
496 16176 272
592 16208 288
640 16272 320
592 16192 512
688 16144 384
688 16208 192
704 16176 160
704 16224 64
816 16224 64
816 16176 48
736 16224 128
816 16176 48
816 16128 128
816 16160 144
800 16160 256
640 16224 256
688 16144 128
704 16176 96
768 16176 272
656 16208 384
768 16176 368
768 16240 272
656 16240 272
656 16224 320
768 16192 304
736 16176 320
704 16224 144
784 16224 64
864 16160 432
704 16192 160
704 16192 160
768 16192 208
640 16160 288
592 16176 80
592 16160 0
624 16160 80
656 16112 80
640 16176 176
656 16176 432
656 16192 208
672 16192 480
688 16176 240
912 16160 320
912 16080 416
752 16080 416
832 16032 352
816 16064 448
848 16160 -96
752 16240 -144
752 16160 -64
912 16160 -64
672 16192 -144
640 16256 208
656 16272 208
608 16288 144
592 16256 -112
752 16128 16
752 16128 384
736 16128 384
784 16176 208
832 16112 0
880 16096 80
800 16096 16
800 16176 -32
752 16208 -96
752 16208 48
768 16128 48
704 16144 80
800 16048 80
752 16224 224
688 16192 176
720 16176 192
720 16096 -128
704 16096 -128
736 16192 80
720 16208 368
656 16208 224
672 16208 224
736 16208 240
736 16192 272
656 16192 272
752 16192 176
592 16240 240
496 16176 240
576 16192 160
576 16160 32
688 16160 32
656 16176 112
672 16064 336
672 16144 240
720 16128 16
704 16128 16
704 16176 -160
784 16112 -192
816 16144 -80
720 16176 160
720 16176 144
720 16144 144
720 16192 16
800 16192 -48
864 16080 -16
736 16032 96
544 16128 208
544 16112 208
576 16112 320
672 16048 320
624 16112 64
720 16208 176
704 16192 -128
704 16208 -16
640 16240 192
704 16240 80
704 16240 32
672 16208 32
656 16272 0
640 16144 32
656 16176 224
640 16144 144
640 16144 288
624 16144 224
560 16064 224
736 16160 320
688 16144 224
672 16112 416
736 16096 448
624 16176 320
624 16176 464
720 16128 464
768 16112 96
816 16208 -48
560 16240 80
576 16240 16
576 16240 112
688 16208 320
816 16160 352
768 16160 352
768 16224 -16
816 16128 0
688 16096 224
640 16160 96
640 16144 -16
512 16144 -80
544 16176 -80
624 16176 -384
608 16064 -96
656 16128 176
720 16128 64
720 16160 48
800 16160 -272
816 16176 -272
704 16160 160
864 16160 96
720 16192 224
784 16128 96
784 16128 256
672 16128 256
752 16096 64
528 16144 -48
560 16192 0
592 16176 0
592 16192 160
592 16192 0
656 16224 0
640 16192 0
704 16176 32
672 16112 192
896 16160 48
736 16128 112
800 16080 -80
560 16176 64
560 16128 48
720 16128 48
800 16160 176
800 16144 16
880 16128 -48
880 16144 208
784 16144 208
688 16144 208
688 16128 240
768 16224 224
640 16256 48
672 16256 192
720 16192 384
720 16128 160
960 16160 0
784 16224 0
784 16128 64
544 16208 -304
640 16208 -304
656 16192 -272
704 16192 -112
832 16128 -64
704 16096 240
464 16192 304
560 16192 368
560 16192 96
736 16128 96
624 16144 336
640 16176 320
608 16208 464
608 16192 272
752 16192 176
800 16224 176
720 16208 64
704 16208 64
752 16176 128
736 16240 16
752 16192 192
752 16176 208
672 16176 304
608 16176 384
672 16240 384
592 16176 96
592 16208 -16
560 16208 160
624 16208 224
576 16192 352
624 16256 384
624 16240 -48
576 16240 -48
672 16160 320
432 16144 368
656 16192 -32
736 16160 128
736 16176 32
832 16176 32
736 16192 -112
640 16176 -112
672 16240 96
720 16224 128
816 16176 240
752 16144 160
752 16144 400
832 16064 400
848 16112 304
736 16160 240
736 16112 416
528 16128 288
640 16208 256
784 16160 464
784 16160 224
832 16128 224
752 16128 240
784 16144 432
768 16112 80
768 16112 16
816 16128 192
896 16128 192
816 16096 224
752 16144 -128
720 16240 16
656 16160 -48
848 16192 -304
848 16240 -16
800 16240 -16
864 16240 -176
768 16160 -64
656 16176 32
768 16128 -48
864 16192 80
864 16192 272
784 16272 96
736 16272 -32
768 16304 -32
688 16176 432
576 16192 288
672 16208 160
672 16208 112
768 16176 288
688 16160 288
656 16176 224
656 16240 0
688 16176 96
688 16208 128
720 16160 0
720 16160 80
608 16208 80
704 16192 -16
736 16112 208
704 16128 64
624 16192 80
624 16208 32
832 16208 32
656 16176 32
672 16192 96
640 16176 304
688 16160 352
688 16160 272
688 16128 208
688 16128 64
768 16096 64
736 16176 208
800 16112 80
752 16144 144
752 16176 112
752 16176 -16
800 16192 -32
704 16192 16
