startup(x,y,z):(704,16128,176)
1856 15392 2848
2464 15696 3488
1504 15792 2816
2192 16160 3776
2304 15664 352
3712 16608 2176
3712 16608 1152
2928 16656 -1664
592 16224 -1664
272 15760 -4400
512 15632 -5200
512 16448 -1728
1008 16160 1104
1984 16160 1104
2144 16080 2736
1648 15840 1120
432 16128 -640
-176 16576 288
-176 16576 960
-144 16608 960
528 16496 592
1040 16192 144
1280 16240 2400
304 16144 1968
304 16144 1840
-432 16080 1840
-896 16144 128
-192 16208 -1536
336 16400 -1520
800 16400 -1504
800 16272 -1120
1168 16272 -704
960 16160 -704
1424 16160 1264
592 16080 1584
688 15904 656
688 15952 256
576 15952 256
448 16240 688
720 16368 1728
656 16272 1168
560 16144 -880
560 16112 -1440
592 16112 -544
688 16176 -544
400 16208 -64
368 16032 -336
208 16080 -640
208 16192 -240
256 16192 -240
288 16240 176
656 16144 528
560 16096 544
736 16112 128
544 16176 128
416 16176 -80
576 16144 -560
576 16128 -240
560 16128 -240
592 16192 640
640 16128 816
992 16080 544
800 16064 -288
800 16144 -352
800 16208 0
832 16208 0
656 16192 32
656 16224 -160
720 16320 -192
704 16240 512
560 16224 544
560 16160 320
560 16160 336
416 16176 336
384 16176 272
-736 15904 -4336
-848 16352 -2448
-2928 15792 -3680
-2928 16768 1040
-992 17424 4000
-992 16848 3600
304 16848 3024
272 15904 3024
-464 15904 768
-1312 16000 -1264
-1280 16176 -592
-1280 16384 -32
-1184 16384 -32
880 16688 -1488
976 16304 -3648
480 15952 -4064
784 16080 -848
464 16368 2064
464 16304 2336
416 16304 1632
1376 16432 1632
1488 16416 1424
2256 16400 2320
2768 16288 1072
2352 16208 848
1632 16080 848
1264 16400 2736
1552 16496 2864
1616 16544 2064
1440 16304 -816
1408 16400 -2208
1072 16512 -2112
1072 16512 -1648
1008 16416 -1648
1136 16256 -480
976 16160 976
960 16080 2112
1120 15904 1120
1280 15968 848
1232 16128 1232
1232 16288 1696
1072 16288 1376
1184 16208 1376
928 16128 -384
912 16096 -1360
880 16112 -1616
640 16112 -608
640 16112 -368
512 15968 -368
432 16032 -640
352 16144 -608
224 16256 32
400 16224 512
304 16144 432
304 16128 224
512 16128 224
688 16192 400
704 16224 16
784 16144 -512
704 16176 -784
704 16224 -272
688 16224 -272
672 16144 368
672 16064 480
672 16080 384
464 16112 208
464 16144 160
368 16144 160
528 16192 -160
720 16208 -192
768 16128 -352
720 16224 -288
720 16208 272
768 16208 272
800 16080 400
864 16144 592
768 16144 592
864 16192 192
864 16192 -80
640 16240 -80
656 16160 -304
672 16192 -288
592 16256 -288
560 16272 64
560 16288 -144
624 16288 -144
-576 16352 -2160
576 16832 -832
-528 16528 -1312
2128 17264 2976
2128 17216 5152
448 17216 4080
1568 16528 4080
1760 15968 5280
368 14784 -2112
-992 14048 -7152
-3328 14784 -5952
-3328 14784 -1584
-3040 16432 -1408
-2000 16624 -1408
-1056 15616 -4464
-976 15232 -4576
-1040 15360 -2720
-1040 15984 528
-48 15984 528
448 16224 1776
1760 16080 1408
1584 16416 576
1776 16160 704
1776 16016 -928
928 16016 -1408
688 15968 -1408
240 16000 -176
64 16304 1824
-208 16352 2464
-208 16128 1664
-624 16128 1664
-416 15760 -960
-288 15904 -2288
-80 16064 -2480
432 16272 -1568
432 16416 -688
896 16416 -80
736 16288 -80
848 16240 1168
1232 16144 1056
1888 16112 1088
1888 16192 976
1632 16192 1376
1360 16144 1376
912 16048 1232
800 16128 -80
1040 16240 -832
1040 16304 -1136
1040 16352 -288
912 16352 -32
928 16240 -32
784 16160 -160
784 16176 -240
784 16176 32
784 16176 704
848 16144 704
576 16096 736
608 16128 448
800 16240 -112
800 16240 -400
912 16224 -928
880 16144 -928
800 16112 -464
816 16144 80
880 16144 464
880 16144 416
848 16208 416
816 16208 352
688 16176 400
624 16224 496
544 16144 288
544 16144 -160
656 16208 -176
592 16208 208
576 16208 208
720 16272 464
720 16224 464
688 16224 400
688 16192 320
624 16192 320
576 16160 320
560 16080 480
640 16080 320
480 16112 -32
480 16160 -224
640 16160 -224
496 16176 -80
688 16208 384
800 16128 624
752 16144 528
752 16144 544
576 16096 544
672 16064 416
608 16160 304
608 16160 96
656 16256 -176
656 16192 -16
544 16192 16
624 16176 16
592 16112 112
656 16016 400
672 16080 560
672 16080 736
640 16112 736
528 16112 736
640 16192 512
672 16208 0
640 16208 -272
640 16208 -272
720 16160 -352
688 16128 -208
784 16160 -96
576 16112 48
608 16112 288
608 16112 784
624 16112 784
640 16112 672
704 16176 240
544 16176 112
624 16192 -112
624 16192 -80
608 16224 -336
608 16256 -384
608 16224 -336
544 16144 240
544 16096 368
608 16096 416
448 16224 416
528 16096 400
656 16096 464
528 16144 352
640 16160 368
640 16160 96
576 16112 -16
544 16160 -16
592 16128 -224
560 16160 -240
560 16144 96
560 16160 320
512 16160 320
656 16112 480
656 16192 336
816 16176 464
832 16160 64
752 16160 0
752 16112 -112
816 16112 -112
704 16112 96
672 16176 32
800 16112 16
864 16176 144
864 16176 224
816 16160 224
736 16096 0
768 16048 176
832 16128 -80
784 16176 144
784 16144 32
544 16144 32
576 16272 -224
672 16288 -80
624 16336 -48
656 16224 0
656 16224 -32
608 16192 -32
592 16176 176
672 16096 160
624 16096 16
576 16112 64
576 16176 64
752 16176 64
736 16224 16
704 16272 16
528 16224 48
704 16208 256
704 16208 416
640 16208 416
640 16176 320
672 16112 400
736 16176 336
736 16256 128
640 16256 176
592 16192 176
784 16160 240
656 16192 368
576 16160 272
576 16176 224
688 16176 368
688 16192 368
736 16176 336
624 16208 288
688 16080 304
768 16176 176
768 16144 -64
800 16144 -64
752 16208 -352
576 16208 -112
592 16240 0
736 16192 352
736 16192 368
720 16192 368
848 16160 496
784 16144 224
640 16176 144
640 16304 224
640 16272 -48
704 16272 -48
736 16288 192
704 16272 304
688 16240 16
624 16304 256
624 16304 352
656 16256 240
736 16240 240
768 16048 256
640 16128 432
608 16128 -64
624 16080 -80
624 16176 -96
672 16176 128
832 16144 128
576 16176 176
656 16064 304
704 16080 16
704 16080 -48
560 16192 32
512 16272 32
624 16128 208
688 16112 336
704 16304 272
704 16224 288
608 16224 80
768 16160 80
736 16160 80
800 16192 128
864 16128 48
864 16176 -64
768 16224 80
816 16224 352
848 16176 352
752 16176 160
560 16192 288
656 16112 80
656 16080 16
672 16080 -240
768 16160 -208
736 16176 16
720 16128 48
720 16160 -32
704 16176 48
704 16176 -64
736 16192 -64
848 16192 -96
768 16144 -160
704 16096 112
752 16112 224
752 16112 320
640 16176 320
688 16160 464
816 16176 208
784 16176 352
752 16160 256
752 16160 -16
816 16224 -16
912 16160 192
752 16192 32
560 16208 16
640 16176 176
672 16224 224
672 16224 464
736 16224 304
672 16144 304
832 16192 336
912 16224 288
704 16096 256
704 16160 288
512 16160 160
640 16128 304
704 16176 304
576 16224 -48
560 16240 128
656 16256 112
736 16208 48
736 16208 416
704 16208 304
704 16144 304
704 16176 224
640 16176 96
736 16176 80
640 16176 32
640 16128 96
640 16128 160
576 16208 160
672 16224 160
848 16192 288
848 16192 240
832 16144 176
832 16192 -128
768 16192 -128
608 16128 -48
752 16096 96
656 16160 96
640 16128 128
592 16176 288
688 16288 192
688 16288 288
752 16224 288
720 16256 160
720 16176 48
592 16096 160
688 16192 160
736 16224 80
752 16160 144
752 16144 80
720 16144 80
704 16160 64
688 16160 144
624 16192 96
624 16224 320
752 16192 288
736 16192 288
800 16176 544
736 16192 144
736 16144 224
544 16176 176
592 16208 144
672 16192 -64
672 16192 64
608 16144 112
448 16208 112
512 16176 64
512 16176 16
608 16192 144
608 16192 176
704 16192 176
688 16176 224
608 16096 224
736 16208 96
752 16192 128
608 16192 32
656 16080 80
640 16096 96
640 16144 320
592 16144 304
528 16128 304
576 16112 304
768 16128 -128
656 16144 192
656 16176 352
576 16176 304
720 16192 304
