startup(x,y,z):(176,16192,160)
-3536 17120 1232
896 16160 1488
80 16304 -208
-496 15984 112
-496 16464 -576
128 16464 3232
-592 16560 1664
-96 16288 1664
688 16000 1008
736 15760 -16
-144 15920 -720
160 15904 -976
-128 15920 -416
-128 15920 544
-160 16032 544
224 15760 576
208 15696 960
-368 16208 1088
-192 16304 64
-192 16272 112
128 16272 -144
400 16224 -144
208 16048 -400
160 16032 448
-464 16144 512
-240 16160 112
-240 16160 496
16 16320 496
64 16192 192
144 16160 -336
128 16224 112
80 16208 608
80 16208 624
32 16208 624
-48 16144 704
-32 16112 720
160 16224 -16
336 16176 -432
336 16272 -160
-96 16272 -160
528 16128 160
640 16224 208
576 16064 384
-368 16080 752
-48 16224 160
-48 16224 1952
-1840 16560 912
-1776 16608 912
944 16224 304
576 16384 496
496 16320 800
496 16320 1312
720 16416 1312
752 16160 2304
944 16128 1136
928 15856 912
960 16080 128
960 16192 -384
400 16192 -672
320 16032 -672
480 16128 -352
288 16144 320
256 16192 416
256 16112 320
64 16176 544
208 16128 16
48 16160 480
-160 16128 368
-160 16128 -128
48 16128 352
32 16080 352
32 16144 576
208 16176 304
336 16176 128
336 16192 -112
240 16192 -112
192 16176 -160
224 16112 -112
176 16176 368
336 16144 576
336 16016 1088
16 16016 112
-192 16048 112
-512 16224 288
-112 16304 -160
160 16080 -192
160 16064 688
0 16064 688
192 16176 1056
-32 16112 1088
240 16160 1008
176 16144 80
336 16128 -336
336 16112 32
368 16112 208
320 16176 208
64 16240 496
128 16160 720
32 16144 240
32 16224 80
256 16224 64
112 16208 64
304 16144 112
240 16160 256
16 16224 400
16 16240 912
16 16240 416
96 16224 416
176 16240 480
96 16224 16
352 16288 32
352 16288 -64
352 16288 -64
560 16352 32
-64 16304 432
-192 16192 320
-272 16176 640
-272 16224 784
144 16224 368
64 16192 368
224 16160 432
208 16208 544
176 16160 208
176 16144 448
-16 16144 304
112 16192 304
160 16128 288
240 16224 160
288 16192 96
288 16144 128
368 16160 288
272 16176 352
208 16176 352
272 16064 416
272 16112 256
272 16160 64
176 16160 -112
192 16192 80
192 16176 224
192 16176 224
272 16160 288
128 16176 480
80 16176 304
128 16096 304
240 16192 32
224 16128 48
224 16128 144
304 16112 144
352 16144 112
256 16192 160
80 16192 672
80 16176 464
80 16176 352
208 16096 352
80 16112 -16
144 16192 -16
272 16128 80
240 16176 128
272 16240 240
272 16240 352
64 16336 352
160 16224 336
192 16240 416
64 16144 416
64 16032 256
64 16032 192
208 16128 368
272 16128 448
304 16096 448
80 16064 192
112 16080 -112
304 16128 48
48 16256 192
192 16224 160
192 16224 160
176 16208 -32
112 16160 272
80 16208 384
96 16288 368
192 16240 448
192 16224 448
80 16224 304
0 16304 304
96 16192 352
32 16192 240
160 16128 272
48 16208 80
48 16144 384
160 16176 256
224 16176 320
128 16128 320
112 16112 192
112 16192 -32
240 16240 -128
240 16240 48
32 16240 48
256 16160 224
288 16160 496
224 16144 368
272 16192 160
128 16176 192
112 16160 192
112 16144 192
240 16144 352
144 16192 352
80 16176 368
176 16304 288
208 16208 384
208 16208 544
48 16144 544
176 16208 560
352 16240 288
48 16336 32
176 16224 112
176 16224 448
144 16192 448
336 16080 528
224 15936 368
128 15968 368
128 16160 512
-80 16160 336
208 16064 336
224 16064 448
32 16080 432
64 16112 592
128 16096 368
128 16096 16
176 16208 16
96 16096 224
-80 16064 208
-16 16112 128
-16 16096 368
176 16112 48
240 16112 48
224 16208 48
240 16160 336
224 16224 112
64 16272 272
64 16176 32
272 16176 224
304 16240 224
240 16240 160
304 16224 -32
112 16208 128
112 16240 128
224 16240 272
160 16224 272
208 16128 464
208 16080 352
128 16144 224
160 16144 128
144 16208 240
144 16208 -16
160 16192 -16
224 16208 -240
224 16208 0
96 16192 256
112 16128 368
112 16128 256
208 16192 256
128 16176 224
256 16176 160
176 16224 96
160 16176 224
160 16176 224
64 16208 224
208 16192 336
160 16176 272
192 16128 176
256 16048 160
256 15968 176
304 15968 -80
192 16128 -144
128 16144 144
64 16272 336
80 16224 256
80 16224 -48
160 16224 -48
192 16272 -112
32 16272 144
32 16240 160
0 16256 384
0 16240 320
16 16240 160
64 16144 160
32 16128 176
48 16144 128
160 16192 176
192 16256 128
192 16256 144
192 16240 144
144 16304 160
64 16272 464
144 16224 352
160 16208 304
160 16208 64
96 16256 64
112 16160 208
256 16272 176
160 16160 0
192 16192 16
192 16192 224
112 16176 224
112 16256 64
-16 16144 320
160 16224 256
160 16160 224
144 16160 224
144 16112 80
192 16128 336
192 16144 160
144 16160 208
144 16160 32
176 16144 32
160 16176 32
128 16176 272
96 16176 256
176 16176 320
176 16224 288
0 16224 288
48 16208 240
64 16272 400
80 16256 64
-32 16192 0
-32 16192 48
32 16144 48
48 16160 128
128 16256 0
144 16224 224
144 16192 80
144 16144 48
128 16144 48
112 16256 208
80 16256 176
256 16224 176
288 16272 128
288 16272 176
400 16240 176
416 16192 32
320 16208 352
32 16224 320
112 16208 -80
112 16160 32
64 16160 80
304 16144 80
96 16160 176
112 16128 224
144 16160 192
144 16176 16
256 16176 16
224 16112 160
272 16144 -80
96 16240 336
144 16224 320
144 16192 240
144 16192 320
160 16288 320
128 16224 416
48 16304 560
96 16240 592
96 16208 144
128 16208 144
144 16144 416
288 16160 64
192 16208 240
80 16208 112
80 16208 96
80 16176 96
144 16128 -208
176 16176 -96
240 16112 112
368 16160 112
368 16160 192
224 16128 192
240 16096 144
128 16080 144
192 16144 -64
208 16192 240
208 16192 384
256 16240 384
240 16240 240
176 16192 256
128 16192 320
160 16208 256
160 16208 304
224 16224 304
160 16256 160
176 16208 224
48 16192 288
48 16240 176
96 16240 240
288 16176 240
208 16160 176
144 16160 336
160 16160 432
160 16176 288
240 16176 288
256 16144 512
256 16080 352
160 16064 640
160 16128 496
192 16128 512
160 16128 512
96 16048 416
32 16048 320
144 16128 368
240 16176 160
240 16176 176
144 16192 176
64 16272 -160
0 16240 96
-48 16192 128
-48 16144 16
176 16144 16
160 16096 208
64 16128 208
160 16144 320
144 16224 384
144 16192 608
160 16192 112
160 16176 112
128 16160 224
208 16144 256
176 16192 192
176 16192 160
256 16192 352
208 16144 128
176 16176 48
80 16176 192
48 16176 112
48 16176 112
256 16144 -48
160 16176 80
208 16144 96
176 16144 -16
176 16208 144
176 16208 144
288 16304 128
176 16272 208
128 16224 80
112 16192 240
112 16272 160
96 16272 448
192 16160 448
96 16176 320
96 16176 16
0 16176 144
0 16176 -32
128 16240 -32
160 16208 128
16 16192 64
128 16160 32
208 16096 16
208 16096 80
128 16144 80
128 16080 96
96 16160 -112
32 16176 112
32 16224 96
80 16224 352
176 16192 352
160 16176 384
128 16144 384
112 16176 480
112 16240 400
144 16240 -112
304 16192 -80
192 16160 224
208 16144 144
160 16192 240
160 16192 320
-16 16192 320
64 16288 304
-16 16256 16
16 16208 48
16 16208 176
16 16192 192
48 16192 368
128 16144 368
32 16224 192
256 16160 80
224 16096 48
224 16192 144
224 16192 144
64 16176 64
80 16240 112
160 16208 240
96 16192 256
96 16080 304
80 16080 128
128 16112 128
224 16064 128
144 16192 80
192 16112 160
192 16176 352
192 16176 288
320 16272 288
320 16240 288
192 16160 400
192 16144 576
192 16144 816
112 16144 480
48 16208 480
64 16160 512
112 16160 272
240 16208 160
240 16128 192
192 16128 192
80 16160 256
160 16176 192
256 16240 144
224 16128 16
