startup(x,y,z):(224,16128,272)
-5488 15440 -240
-1216 16336 1776
-1664 16448 -1168
-2672 16320 -1552
-2672 16864 -1056
-3072 16864 -592
-1728 15952 -592
-1152 15936 -288
-1072 15984 -704
-544 15872 -432
-544 15872 -448
-160 15872 304
-208 15808 -128
-384 16160 176
-352 16272 -432
128 16272 -432
336 16384 112
-128 16192 240
208 16208 400
560 16240 320
560 16096 400
656 16096 432
496 16160 432
512 16160 800
352 16144 560
528 16208 512
592 16160 272
464 16144 224
464 16144 -64
272 16176 -64
288 16256 0
464 16224 80
464 16256 352
320 16160 288
256 16160 288
192 16144 -80
304 16176 -160
432 16224 208
336 16160 400
208 16240 336
208 16080 192
208 16080 192
288 16320 0
384 16240 176
192 16256 432
192 16176 256
192 16176 48
160 16192 48
224 16176 128
272 16128 272
272 16096 320
368 16208 176
352 16224 0
352 16144 -48
384 16144 -48
400 16128 224
272 16144 0
240 16224 -16
464 16192 32
464 16128 -208
336 16128 -208
464 16080 96
400 16112 240
352 16128 336
352 16144 320
416 16032 272
320 16160 256
320 16176 -16
176 16176 -16
256 16256 -192
256 16144 320
256 16160 288
272 16192 176
368 16160 224
448 16224 208
448 16224 288
304 16320 288
272 16192 80
336 16208 576
304 15936 656
304 15936 80
320 16096 -176
288 16160 -48
160 16112 -224
304 16176 -288
432 16304 288
208 15936 176
208 16464 624
256 16464 304
128 15840 304
144 16288 416
288 16256 -192
288 16192 96
304 16096 144
192 16096 144
96 16224 128
240 16224 224
224 16176 384
176 16224 128
128 16272 16
336 16176 368
336 16176 544
384 16208 544
592 16160 320
640 16336 336
544 16704 912
544 16448 944
592 16416 1376
704 16240 752
576 16240 368
704 16384 352
592 16272 352
576 16240 432
576 16240 656
352 16240 656
320 16192 400
384 16240 448
336 16304 688
336 16048 384
416 16048 384
192 16160 -32
112 16144 -32
272 16240 256
304 16192 672
400 16144 896
400 16144 496
320 16224 496
560 16256 560
608 16176 608
448 16208 768
432 16064 -16
432 16480 736
288 16304 400
240 16304 208
80 16352 208
64 16080 560
128 16112 256
256 16176 48
416 16288 0
416 16224 176
368 16224 352
288 16176 352
208 16176 256
288 16176 -96
224 16224 32
256 16160 192
240 16160 160
240 16112 128
352 16112 128
304 16160 576
320 16208 672
208 16240 368
272 16224 400
272 16224 224
240 16176 224
96 16208 288
352 16192 176
368 16176 224
256 16176 192
416 16160 -96
416 16144 16
288 16144 176
304 16112 176
224 16192 224
272 16176 96
112 16112 64
112 16144 224
304 16144 304
256 16176 320
176 16176 320
64 16096 384
304 16160 128
320 16240 128
320 16192 176
352 16192 176
96 16160 336
176 16224 336
208 16192 144
256 16192 288
256 16192 384
320 16224 288
160 16224 336
128 16272 336
208 16192 560
400 16144 112
400 16176 480
384 16176 416
528 16112 416
416 16112 368
464 16160 80
352 16144 240
288 16160 272
256 16160 160
256 16208 -16
256 16208 -16
288 16192 192
208 16144 48
224 16128 208
224 16160 224
256 16160 -96
192 16192 -96
208 16272 0
304 16256 -32
304 16160 208
288 16176 288
224 16192 240
224 16192 112
176 16256 64
432 16208 64
256 16208 320
224 16256 240
224 16272 224
224 16208 160
224 16208 160
176 16288 160
160 16256 -32
208 16192 0
144 16192 -16
256 16128 112
336 16064 208
336 16064 272
224 16128 272
256 16064 160
256 16176 80
272 16256 -96
272 16144 32
160 16240 112
176 16256 192
240 16224 64
336 16176 -16
352 16208 -96
352 16208 192
128 16160 192
384 16176 192
464 16096 336
272 16256 64
272 16240 -112
304 16240 80
304 16256 96
256 16192 240
320 16192 240
384 16192 208
112 16160 352
128 16176 192
128 16208 192
208 16208 192
304 16160 240
272 16192 128
368 16112 272
352 16144 160
352 16144 160
416 16192 144
368 16192 -96
288 16176 -96
256 16208 352
288 16208 368
208 16192 368
208 16224 272
256 16240 96
192 16240 96
224 16176 128
240 16176 272
304 16192 96
224 16192 64
96 16144 112
96 16144 160
208 16192 160
16 16128 336
224 16144 400
256 16160 512
256 16192 496
384 16192 496
432 16176 240
272 16224 192
208 16144 384
224 16240 192
272 16208 48
272 16240 -128
288 16240 -128
368 16240 0
464 16256 288
368 16192 400
368 16192 464
304 16192 432
224 16160 432
432 16112 352
304 16128 176
320 16096 48
256 16112 480
160 16112 624
160 16080 400
272 16080 400
208 16128 336
240 16224 256
224 16224 176
224 16208 224
160 16208 160
432 16144 160
304 16160 320
368 16192 256
272 16176 240
240 16112 256
288 16128 640
32 16208 480
224 16208 224
304 16192 224
336 16192 112
288 16192 -32
176 16240 80
176 16256 16
256 16256 192
256 16208 128
288 16144 128
368 16160 224
432 16256 64
320 16256 320
320 16256 208
288 16352 208
336 16256 48
224 16208 336
208 16288 416
208 16256 272
288 16256 272
320 16272 176
336 16224 176
336 16192 272
400 16128 32
304 16224 208
304 16112 240
368 16112 240
272 16128 480
368 16176 288
368 16192 368
304 16224 336
304 16160 208
288 16208 352
288 16192 480
320 16192 480
304 16144 448
240 16224 112
128 16176 112
128 16176 272
224 16144 272
240 16128 416
176 16176 400
304 16112 352
272 16160 112
336 16160 272
336 16240 128
336 16224 304
304 16224 304
288 16208 272
256 16192 -48
288 16288 -48
224 16240 -16
224 16240 128
112 16288 128
256 16256 16
256 16208 80
272 16256 224
208 16144 416
352 16192 336
352 16192 400
320 16176 400
368 16160 704
400 16160 544
256 16160 560
256 16144 320
304 16144 96
240 16128 96
224 16192 128
208 16208 128
192 16240 176
176 16256 256
48 16192 272
48 16288 368
112 16288 368
368 16112 272
320 16144 272
240 16160 384
336 16192 448
336 16176 208
304 16176 96
304 16176 -176
320 16176 -176
304 16144 -80
64 16144 48
16 16144 144
16 16224 272
80 16224 272
272 16224 400
352 16176 272
320 16176 464
320 16208 368
256 16208 288
256 16256 192
224 16256 192
160 16256 160
112 16224 224
80 16240 112
192 16160 192
176 16176 272
176 16176 336
448 16144 336
400 16176 352
64 16208 128
64 16176 288
128 16176 320
128 16176 464
128 16176 320
208 16176 320
256 16112 320
240 16160 272
256 16160 352
256 16160 464
288 16128 464
496 16160 240
368 16160 208
224 16240 368
320 16160 256
208 16080 224
208 16080 128
192 16112 128
304 16144 336
400 16224 48
224 16192 96
224 16160 -160
208 16160 -160
288 16192 -432
288 16192 -32
272 16208 112
208 16144 -48
176 16176 80
192 16208 48
192 16208 96
288 16224 96
336 16224 48
528 16208 224
368 16128 -16
368 16192 240
352 16192 240
336 16096 224
272 16144 384
336 16128 352
352 16272 208
336 16240 224
256 16160 512
256 16160 384
352 16160 384
352 16176 272
272 16144 240
208 16192 176
176 16240 336
176 16176 224
256 16224 272
256 16224 128
384 16160 128
304 16192 224
160 16176 368
160 16192 208
368 16192 208
432 16144 128
352 16208 16
288 16224 144
224 16256 176
272 16240 304
272 16240 -64
368 16224 -64
496 16192 -16
352 16240 -80
416 16160 -64
416 16160 80
416 16144 288
320 16272 288
288 16256 208
288 16192 304
224 16176 288
240 16144 240
304 16144 256
304 16144 224
384 16176 224
400 16144 48
272 16160 96
400 16128 464
400 16128 352
432 16128 352
464 16208 48
352 16256 160
176 16208 224
272 16192 320
416 16144 256
416 16160 336
352 16128 272
304 16128 272
224 16112 352
112 16208 288
336 16160 336
448 16128 288
448 16128 352
352 16144 352
272 16128 304
384 16096 432
368 16240 480
288 16192 768
288 16176 592
304 16176 592
336 16112 528
304 16144 496
272 16176 320
368 16176 224
368 16176 160
160 16208 160
