startup(x,y,z):(592,16016,224)
-1936 17312 12512
7216 15984 2848
2960 15024 -9856
2960 15024 -10640
4432 15824 -10640
3216 16048 -6560
2976 16352 -1216
512 15952 2400
-432 16336 3904
-432 16000 1776
-144 16000 -320
544 15856 160
736 15856 1312
1008 16192 1312
1248 16080 2048
176 16400 2928
-16 16448 2048
-112 16096 -768
-112 15808 -2880
-112 15824 -2752
-192 15824 -2752
256 16128 -1904
480 16080 -144
800 16304 1824
880 16512 3440
960 16320 3792
1040 16144 1968
1040 16112 -16
512 16112 -16
304 15984 -1648
64 15776 -2144
112 15824 -1648
464 16288 -800
464 16272 -368
736 16224 -368
432 16176 224
432 16176 1312
464 15888 1312
912 16128 2736
1296 16352 2496
1120 16384 1200
1120 16192 -560
592 15936 -928
704 16048 -928
-480 16352 960
2800 16384 2896
1856 16096 192
592 15712 -3792
304 15792 -4576
32 16032 -2736
32 16032 -240
48 16496 -240
-160 16304 1920
-160 16240 2224
112 15984 1504
640 15968 320
640 16192 96
-80 16256 400
-400 16320 1408
-400 16352 1488
48 16352 1488
384 16176 704
784 16080 224
704 16128 16
464 16032 80
512 16112 384
512 16144 528
336 16144 528
640 16240 336
864 16240 -1056
576 16128 -1056
336 16112 -1552
208 16128 -1440
208 16048 -528
208 16160 672
336 16160 672
336 16192 912
240 16032 704
528 16080 384
736 16208 560
544 16160 1008
576 16176 1184
816 16144 976
816 16144 256
528 16096 256
448 16080 -512
224 16096 -592
352 16080 -544
416 16128 64
416 16128 128
464 16176 128
416 16128 16
384 16144 -224
432 16064 -384
400 16064 -320
416 16080 128
368 16192 496
368 16192 496
496 16224 496
688 16224 1008
560 16192 928
656 16000 704
656 16032 416
560 16048 400
560 16144 320
608 16144 320
496 16112 320
416 16064 224
432 16112 32
512 16160 16
448 16144 -48
320 16224 -160
320 16128 -192
384 16128 -192
416 16096 240
528 16112 32
672 16016 528
752 16048 832
848 16032 816
576 16016 784
576 16064 816
560 16064 816
576 16144 432
560 16160 192
576 16160 192
576 16160 224
512 16128 176
528 16080 240
496 16112 176
496 16160 176
576 16160 176
608 16192 128
672 16048 176
496 16080 160
432 16048 48
432 16064 272
512 16064 480
560 16144 480
608 16160 624
624 16160 624
448 16080 464
496 16192 448
560 16112 320
640 16112 128
640 16112 -272
672 16128 32
496 16112 32
560 16160 -32
432 16096 128
608 16096 -16
624 16080 336
656 16080 416
832 16160 432
832 16176 352
784 16176 272
640 16176 272
480 16160 144
608 16176 192
720 16032 240
624 15984 448
544 16064 192
592 16128 96
624 16080 112
624 16080 288
480 16096 288
512 16144 240
560 16176 48
576 16224 128
576 16176 16
608 16176 224
512 16128 224
288 16128 416
384 16208 416
480 16192 368
480 16080 448
544 16128 576
576 16144 352
576 16144 224
672 16112 224
608 16096 112
576 16064 176
672 16000 160
672 15984 96
704 15984 48
800 16016 48
640 16080 144
688 16048 144
624 16112 240
640 16144 416
592 16080 288
592 16080 48
656 16112 48
784 16160 464
704 16176 464
752 16112 256
672 16080 160
672 16096 64
672 16064 112
672 16096 336
688 16096 336
656 16160 672
544 16112 528
592 16064 464
544 16080 448
592 16208 320
592 16208 384
544 16224 384
544 16224 368
592 16112 496
608 16048 464
512 16032 384
560 16016 128
560 16096 176
528 16096 320
544 16128 320
608 16112 256
480 16112 288
544 16144 320
544 16192 288
288 16128 288
496 16096 256
496 16096 288
608 16176 288
592 16240 144
592 16240 112
592 16160 208
544 16112 224
640 16112 224
624 16096 96
672 16144 16
528 16192 48
496 16160 240
304 16176 320
400 16176 368
400 16176 160
512 16176 160
576 16144 112
624 16080 304
672 16144 448
496 16160 496
496 16144 480
512 16144 464
560 16080 192
496 16048 192
592 16080 192
624 16080 64
544 16096 128
576 16064 352
576 16080 416
512 16112 480
640 16112 368
528 16112 112
592 16128 112
672 16064 320
528 16048 416
688 16096 176
560 16160 336
592 16192 336
592 16176 176
528 16176 176
592 16144 192
576 16128 -16
688 16032 240
608 16048 208
608 16032 176
624 16032 368
592 16048 368
528 16112 160
624 16064 224
368 16096 272
368 16192 368
416 16192 528
512 16192 528
496 16176 208
608 16144 384
544 16160 272
544 16128 448
528 16128 544
480 16080 544
608 16064 336
688 16192 304
624 16144 528
624 16112 368
784 16112 176
720 16192 176
608 16192 304
608 16096 320
544 16080 80
544 16048 160
576 16048 304
736 16080 304
704 16112 480
736 16192 480
736 16208 368
736 16144 304
816 16144 128
592 16128 128
560 16128 272
544 16112 464
592 16128 320
464 16128 336
464 16128 384
560 16208 384
608 16224 192
528 16144 160
688 16192 64
624 16112 176
624 16112 176
592 16048 176
576 16144 512
800 16032 896
752 15872 688
656 16000 96
656 16000 64
704 16048 128
656 16048 128
672 16160 48
592 16192 48
624 16192 192
528 16176 128
528 16176 240
496 16176 240
480 16256 80
576 16144 208
672 16128 512
576 16144 368
464 16160 368
464 16064 368
480 16064 368
576 16144 384
640 16112 96
416 16128 240
416 16112 256
288 16112 256
288 16064 272
480 16000 176
592 16096 64
624 16096 48
624 16112 144
608 16112 352
624 16160 352
576 16160 -16
592 16176 112
608 16176 544
608 16208 256
480 16272 176
560 16272 176
592 16112 240
528 16144 176
560 16096 224
576 16112 -144
576 16096 96
576 16096 352
352 16096 352
512 16080 384
608 16128 48
560 16112 128
560 16048 240
560 16048 160
672 16032 160
592 16064 272
672 16144 176
608 16112 48
496 16176 208
496 16176 160
528 16256 160
480 16192 192
384 16160 336
544 16064 256
544 16096 288
512 16096 64
544 16208 64
560 16160 176
432 16128 320
480 16112 336
576 16144 320
576 16144 448
656 16112 448
480 16128 496
432 16096 592
544 16144 80
544 16096 144
544 16096 192
400 16192 192
464 16128 432
496 16064 544
512 16048 512
512 16048 368
512 16048 -16
576 16112 -16
368 16192 256
544 16224 288
736 16144 288
704 16176 544
464 16176 272
464 16224 176
384 16224 176
704 16240 224
688 16224 352
432 16144 384
480 16160 496
480 16160 144
656 16160 144
624 16144 416
720 16128 288
688 16080 512
656 16080 320
656 16080 288
752 16080 288
608 16128 368
496 16112 160
448 16144 304
368 16128 320
368 16128 480
352 16096 480
432 16160 208
496 16080 336
528 16080 208
544 16112 208
544 16112 560
544 16112 560
496 16208 464
608 16160 496
608 16064 528
608 16096 160
528 16096 32
528 16208 32
464 16128 336
624 16032 352
688 16096 384
688 16112 256
672 16112 416
576 16112 416
304 16144 272
352 16208 352
416 16128 336
416 16160 480
368 16160 384
608 16112 384
544 16144 288
416 16192 272
480 16128 288
480 16144 240
480 16144 112
544 16160 112
656 16192 432
528 16208 496
560 16224 528
528 16192 496
528 16192 288
624 16144 288
512 16160 240
624 16144 48
576 16128 176
576 16176 272
480 16096 32
544 16096 32
448 16160 208
496 16160 112
528 16112 384
528 16144 320
384 16144 368
368 16144 368
464 16128 96
560 16112 320
688 16080 176
688 16112 544
688 16112 256
560 16160 256
528 16208 288
576 16176 384
784 16144 368
784 16096 272
688 16096 416
688 16080 416
560 15968 368
480 16048 448
608 15984 304
640 16080 144
640 16080 208
576 16096 208
544 16160 256
528 16160 272
576 16112 352
672 16128 384
672 16208 304
528 16208 304
624 16144 256
624 16112 304
656 16128 -32
688 16176 32
576 16160 0
576 16160 192
656 16144 192
576 16128 368
592 16032 144
736 16000 240
672 16016 272
672 16016 208
816 16096 208
960 16096 256
688 16080 256
592 16144 352
592 16176 288
592 16160 224
560 16160 224
592 16160 432
624 16128 368
784 16144 256
672 16112 256
672 16064 384
528 16064 384
