startup(x,y,z):(176,16192,160)
7904 23552 -5744
-6048 17200 -3472
1920 17200 832
-832 17024 832
464 13744 3952
2816 14320 -192
736 15904 -1888
816 16224 -448
816 13232 -2288
-1600 13232 -3808
-3568 14736 -3808
-272 16144 -1872
-2096 15712 -336
-80 16144 -1104
-80 16368 -784
1568 16368 48
1200 16864 48
288 16576 976
720 16288 1408
848 16336 688
256 16320 928
0 16336 720
608 16304 352
608 16304 464
240 16272 464
224 16288 416
304 16096 224
336 16128 176
192 16112 208
208 16176 -32
16 16144 -16
208 16096 -96
128 16096 -320
176 16144 -48
304 16240 -64
304 16272 96
144 16272 0
400 16256 0
256 16176 192
160 16240 160
64 16240 192
32 16144 176
96 16112 240
96 16096 144
96 16096 144
96 16240 112
-16 16192 352
-128 16176 272
-48 16160 240
-48 16160 192
48 16128 192
96 16112 352
224 16112 320
128 16112 336
176 16112 416
272 16160 176
272 16128 224
176 16128 224
176 16144 288
224 16176 384
320 16176 320
208 16160 176
208 16160 112
32 16176 112
48 16192 80
192 16176 80
240 16160 448
192 16176 224
112 16208 144
64 16320 320
64 16272 224
96 16272 304
112 16224 304
144 16192 224
112 16224 368
80 16192 272
80 16176 240
-96 16176 160
-96 16160 80
0 16160 80
96 16192 192
64 16080 208
304 16096 304
240 16128 320
240 16128 368
304 16176 368
256 16176 256
32 16144 160
128 16144 256
192 16128 288
176 16160 -16
176 16160 256
288 16128 256
272 16128 464
208 16128 144
256 16256 64
176 16240 400
176 16160 256
112 16160 256
64 16128 272
112 16160 272
144 16080 32
128 16112 224
208 16176 48
208 16224 192
208 16224 256
176 16208 256
176 16176 208
64 16144 320
0 16176 160
96 16144 544
160 16144 288
128 16160 224
128 16112 176
288 16112 176
208 16128 80
192 16096 208
208 16176 176
272 16176 128
272 16176 144
272 16192 -80
224 16192 -80
336 16224 -288
336 16208 -16
144 16208 160
-48 16192 384
96 16144 368
96 16160 400
96 16160 320
128 16144 320
272 16208 480
288 16112 256
176 16224 240
208 16208 304
208 16112 192
176 16096 128
208 16096 96
208 16112 96
304 16160 176
176 16224 288
160 16176 496
160 16144 128
272 16064 -16
208 16064 112
384 16048 112
224 16096 336
192 16112 304
48 16208 448
64 16160 400
192 16128 384
80 16208 384
192 16176 368
32 16240 208
160 16176 304
160 16144 272
96 16144 304
48 16176 304
128 16128 432
112 16128 432
0 16160 464
128 16048 256
160 16112 304
160 16112 336
160 16112 112
96 16192 160
96 16160 160
96 16192 240
144 16144 432
144 16160 272
256 16160 304
64 16208 272
64 16208 336
160 16144 336
208 16144 480
176 16160 224
176 16080 240
176 16112 256
144 16112 128
192 16064 128
208 16112 400
144 16192 400
80 16208 160
240 16192 144
224 16192 160
224 16192 320
176 16272 320
192 16208 464
224 16128 688
112 16208 368
192 16192 448
192 16192 -32
64 16176 -32
112 16208 272
128 16240 208
96 16128 368
176 16192 96
192 16208 48
192 16192 112
176 16192 112
96 16224 352
-64 16160 336
-112 16160 352
-128 16192 272
-128 16192 304
128 16192 416
-32 16144 464
80 16160 464
128 16160 720
16 16112 352
160 16144 224
64 16128 240
64 16128 176
16 16128 384
-32 16176 384
64 16240 368
0 16176 448
64 16240 288
208 16208 112
160 16176 176
160 16192 160
160 16192 160
208 16240 144
192 16160 512
176 16256 512
160 16112 608
160 16176 320
192 16176 192
96 16192 192
64 16240 272
16 16176 272
192 16176 384
144 16128 496
240 16112 656
240 16368 720
208 16208 720
304 16208 512
288 16224 336
112 16208 336
256 16240 336
256 16176 320
160 16096 320
160 16080 560
96 16080 560
16 16160 336
160 16144 208
288 16112 80
288 16144 128
224 16144 80
192 16112 240
192 16144 240
160 16144 192
192 16144 432
144 16192 352
32 16144 528
144 16144 352
144 16144 336
80 16128 336
0 16144 208
160 16160 208
160 16112 336
96 16080 432
64 16128 400
64 16128 464
96 16176 352
144 16160 0
272 16096 0
272 16128 144
176 16176 288
176 16160 288
416 16160 240
240 16176 240
48 16160 272
96 16160 192
144 16144 272
96 16128 336
64 16160 448
128 16128 304
128 16128 176
288 16128 176
320 16160 96
336 16144 288
208 16144 256
256 16080 288
256 16048 272
176 16048 272
272 16160 416
192 16224 448
272 16224 592
160 16192 304
96 16160 304
96 16128 176
224 16128 176
160 16128 -160
48 16096 -96
288 16160 240
192 16080 320
192 16176 16
128 16176 16
192 16048 64
272 16048 64
208 16176 96
16 16112 256
32 16096 176
32 16112 144
32 16112 224
16 16112 240
64 16112 240
32 16176 288
112 16240 224
64 16288 144
224 16176 256
320 16144 144
224 16160 -160
224 16160 64
224 16208 64
256 16176 -32
304 16112 256
160 16096 144
80 16128 192
80 16144 96
64 16144 96
16 16144 176
-80 16144 192
-16 16224 368
48 16160 208
144 16160 304
144 16144 304
112 16144 304
176 16288 -16
208 16176 16
208 16224 96
336 16192 320
336 16160 608
208 16176 464
208 16176 592
176 16176 592
192 16160 592
208 16112 384
208 16128 224
176 16144 432
176 16176 544
208 16176 256
128 16128 256
160 16112 208
64 16128 464
96 16128 224
80 16096 208
224 16112 176
320 16192 304
320 16192 96
112 16144 80
176 16064 80
304 16128 -32
272 16128 160
320 16176 272
272 16240 208
272 16256 368
208 16176 320
208 16176 320
192 16224 144
176 16208 -16
256 16192 -64
272 16128 -64
272 16128 128
240 16128 368
352 16112 368
464 16144 128
288 16160 -16
240 16192 176
192 16080 352
208 16064 -16
208 16112 192
192 16112 192
128 16176 160
80 16144 208
224 16176 192
160 16112 464
208 16112 480
208 16128 512
-48 16128 512
48 16128 256
80 16144 256
160 16160 272
192 16176 272
192 16160 160
96 16160 160
0 16160 224
-16 16160 272
-128 16144 352
80 16160 32
80 16096 48
96 16128 112
96 16080 192
144 16080 368
160 16128 368
144 16080 416
208 16160 160
160 16160 -352
160 16192 48
160 16176 240
48 16096 192
96 16096 192
160 16144 208
112 16192 176
192 16160 208
48 16176 256
64 16112 336
64 16112 256
208 16128 256
176 16112 96
144 16064 160
272 16128 240
144 16096 208
144 16096 336
272 16096 272
288 16160 448
224 16160 448
112 16112 416
96 16160 272
80 16144 176
80 16144 -16
160 16208 -16
192 16224 -208
160 16256 144
256 16176 64
256 16288 288
256 16288 208
176 16192 256
176 16192 256
96 16176 256
160 16224 336
176 16160 352
208 16160 320
208 16144 208
176 16144 0
208 16144 0
208 16160 288
0 16176 288
112 16128 256
160 16208 -32
48 16144 128
48 16128 272
128 16128 272
160 16128 528
240 16112 544
192 16128 784
144 16144 448
240 16144 48
176 16128 224
176 16128 256
256 16160 112
112 16160 304
80 16224 304
256 16160 176
192 16128 256
192 16224 304
192 16192 304
80 16192 336
160 16160 336
96 16144 352
144 16160 400
304 16112 288
192 16112 288
144 16192 256
144 16176 224
112 16176 128
48 16224 128
80 16128 0
96 16096 0
96 16176 240
64 16160 112
128 16160 160
16 16096 160
96 16144 272
144 16144 240
160 16176 -16
256 16112 -352
0 16080 16
144 16080 16
160 16112 16
160 16176 208
96 16240 48
16 16192 128
-48 16176 176
-48 16192 464
0 16128 400
64 16256 336
112 16256 336
336 16240 192
400 16224 192
96 16208 128
80 16208 16
96 16160 144
96 16176 288
-48 16176 352
48 16144 352
-80 16112 272
96 16112 160
128 16144 384
256 16192 448
256 16256 320
192 16128 512
128 16096 352
0 16080 304
0 16176 224
64 16192 192
64 16192 224
80 16144 224
128 16192 208
48 16144 208
160 16112 432
80 16208 144
