startup(x,y,z):(176,16192,160)
-1200 15792 -1504
-3152 18544 1600
-10112 19424 -1040
-3920 17408 3168
-3168 17312 4960
-1424 17392 4784
4832 16080 144
4000 16112 2368
4000 16112 464
176 16656 464
1760 16352 -144
1408 16640 160
656 16608 -176
-496 16720 -528
1504 16416 -160
592 16128 480
592 15824 -384
384 15824 496
768 16080 496
416 16128 1392
448 16128 608
-80 16192 608
-80 16176 944
224 16176 -112
672 16224 -112
704 16288 -880
624 16352 -384
464 16272 -16
-304 16272 80
-304 16144 784
-32 16144 288
144 16080 288
96 16128 16
32 16112 224
176 16128 16
176 15888 368
-128 15888 368
-336 16144 512
-304 16240 688
16 16192 208
720 16544 -720
192 16704 -1424
-304 15168 -2320
-304 15168 -3344
-224 14736 0
-3600 15888 -3872
-5184 17024 -880
-448 16880 800
432 16432 -800
1936 16096 -2336
1136 16272 -704
1136 16272 -32
256 16272 -32
-32 16240 -640
-432 16416 1824
-784 16496 1024
-784 16240 880
-784 16240 528
-112 16192 528
-192 16096 -416
-240 16096 -720
-160 16192 624
-224 16032 1104
-176 16224 272
144 16144 368
144 16848 2464
-1824 16848 816
-2192 16544 816
2352 16064 -432
0 16240 -336
2336 16448 -64
2000 16400 2064
2000 15808 2160
1184 15536 1344
832 15536 -144
-512 15824 -144
-272 15968 -256
96 16256 -688
800 16144 -928
800 16320 160
800 16320 848
336 16240 848
336 16256 912
352 16176 608
240 16112 160
240 16224 0
480 16144 -64
480 16144 -320
528 16128 -320
736 16128 -544
-960 16112 368
192 16272 64
192 15936 -480
-128 15936 80
-192 16048 80
416 16192 528
128 16096 272
256 16128 -112
176 16112 32
176 16096 240
176 16048 592
64 16048 592
80 16208 208
160 16256 288
32 16240 80
304 16192 -304
192 16176 -16
128 16192 320
64 16176 480
64 16096 336
48 16096 336
240 16224 336
112 16176 512
64 16128 32
64 16176 224
128 16176 176
320 16192 176
176 16208 128
336 16224 160
384 16208 -96
240 16256 160
144 16256 80
144 16224 -48
176 16224 -48
208 16256 48
272 16192 112
272 16176 128
272 16160 192
16 16192 128
272 16192 128
192 16176 16
352 16128 16
192 16160 320
224 16096 240
144 16144 96
144 16112 80
112 16112 80
16 16176 48
144 16144 352
128 16096 224
320 16112 256
320 16160 176
176 16160 -48
208 16160 272
48 16112 432
64 16128 432
176 16176 160
48 16288 144
224 16240 160
224 16176 112
160 16176 112
128 16192 -80
96 16160 368
80 16176 336
144 16192 256
192 16240 400
64 16240 336
64 16288 208
64 16176 224
208 16176 224
128 16192 160
128 16256 288
288 16256 80
288 16208 320
176 16208 320
176 16176 160
192 16192 176
176 16192 176
176 16208 208
368 16192 224
304 16240 160
304 16224 400
288 16224 352
256 16160 352
352 16160 224
48 16240 288
112 16208 416
208 16192 272
208 16176 288
208 16176 320
112 16176 272
32 16208 272
80 16208 96
48 16176 208
48 16224 288
48 16224 208
336 16256 -48
416 16240 -48
96 16288 128
160 16240 96
224 16208 320
160 16224 -32
48 16096 272
48 16192 96
176 16192 96
144 16272 -112
160 16128 -128
240 16128 64
128 16224 96
128 16176 144
224 16192 0
224 16128 0
112 16144 64
32 16144 256
96 16176 256
32 16176 128
32 16080 320
80 16096 240
80 16096 368
-48 16192 368
80 16224 112
64 16160 288
128 16208 144
80 16192 0
176 16128 32
176 16128 48
176 16128 208
192 16176 208
160 16176 176
176 16176 304
176 16144 192
176 16112 240
304 16112 288
240 16096 288
368 16112 192
304 16192 128
256 16160 64
96 16192 192
-16 16224 256
-16 16144 -208
64 16144 -208
80 16176 80
160 16176 160
240 16144 96
256 16096 128
256 16160 -32
176 16160 -32
304 16272 96
336 16272 240
144 16240 240
208 16192 416
192 16192 320
176 16224 384
176 16208 272
96 16208 192
128 16176 192
48 16192 224
208 16192 384
192 16192 176
160 16208 0
128 16176 0
144 16128 80
144 16176 304
176 16176 304
352 16128 144
208 16224 80
96 16128 160
-48 16144 176
-48 16144 192
160 16176 192
144 16160 448
16 16128 240
128 16112 320
64 16112 400
96 16144 208
96 16144 192
48 16096 192
368 16144 144
384 16096 496
256 16192 496
160 16192 352
160 16192 160
160 16224 160
208 16144 256
208 16176 256
272 16224 272
288 16160 240
272 16144 176
272 16176 304
368 16160 96
416 16128 112
240 16160 64
144 16128 240
176 16176 448
160 16144 256
128 16128 96
128 16128 -16
224 16160 -16
112 16176 128
80 16176 272
-32 16128 272
-32 16176 -160
176 16176 -160
208 16128 32
272 16128 -96
144 16128 96
160 16144 96
256 16192 128
144 16160 224
112 16160 320
112 16160 0
64 16192 0
80 16176 80
80 16160 288
288 16160 160
304 16144 16
304 16144 320
224 16192 240
224 16144 288
176 16144 272
224 16144 272
144 16096 352
96 16128 592
192 16208 384
192 16176 288
160 16176 192
48 16208 192
112 16224 176
144 16160 512
208 16112 272
224 16128 256
64 16144 240
64 16224 240
80 16224 240
128 16144 176
96 16128 48
-16 16176 128
-128 16144 352
-128 16224 112
16 16224 240
-16 16256 288
112 16256 352
208 16208 352
192 16240 368
144 16208 288
160 16240 64
160 16304 416
128 16304 416
48 16288 272
176 16144 304
160 16080 384
112 16128 144
272 16192 112
160 16160 160
176 16192 96
176 16192 -128
112 16192 -128
192 16128 400
16 16096 384
-16 16144 256
48 16176 208
48 16176 144
256 16128 144
192 16096 64
144 16096 16
160 16128 80
304 16208 128
288 16160 416
288 16192 -80
96 16192 -80
80 16208 -32
128 16224 16
224 16176 -240
224 16160 96
224 16160 -48
304 16048 112
272 16080 416
144 16096 416
160 16128 288
96 16112 368
112 16224 304
112 16208 224
32 16208 224
96 16208 240
96 16240 464
176 16192 256
240 16144 336
320 16160 512
336 16208 256
160 16176 304
160 16176 256
192 16176 256
144 16176 336
160 16144 240
128 16160 272
128 16144 144
64 16144 144
144 16176 240
64 16272 304
192 16240 288
80 16256 352
48 16256 448
80 16240 64
80 16224 192
80 16208 512
128 16208 512
80 16160 176
64 16128 496
32 16128 352
32 16176 464
0 16160 304
48 16192 -16
48 16192 112
48 16256 112
112 16240 64
128 16256 -128
192 16304 0
192 16224 112
32 16224 272
0 16272 272
128 16208 288
192 16208 160
128 16192 320
16 16272 208
80 16240 384
80 16240 384
208 16224 -32
224 16160 -144
128 16144 -80
64 16176 208
176 16160 304
176 16160 400
208 16272 368
112 16208 368
304 16192 192
272 16192 176
304 16144 160
192 16160 96
288 16144 96
288 16144 240
352 16208 240
272 16224 496
224 16240 256
96 16192 336
144 16144 320
112 16240 320
240 16160 48
256 16160 160
256 16160 96
208 16208 96
128 16160 320
112 16208 352
160 16240 256
160 16256 272
224 16256 400
256 16192 400
288 16208 208
144 16272 128
112 16240 112
192 16192 144
128 16176 384
128 16240 240
128 16240 400
304 16160 400
272 16240 240
256 16240 160
352 16272 -144
352 16160 64
64 16160 320
0 16144 336
-32 16192 336
144 16176 240
256 16176 64
304 16176 -32
304 16128 240
192 16128 368
192 16176 368
208 16224 448
160 16176 288
176 16256 192
192 16192 320
128 16160 208
144 16256 160
144 16192 80
160 16192 48
352 16096 48
160 16160 160
240 16176 -128
192 16160 -96
192 16240 128
192 16240 128
112 16192 192
96 16176 352
160 16208 432
128 16192 192
128 16240 416
256 16208 224
176 16224 192
176 16224 112
176 16176 112
16 16128 0
64 16096 48
-128 16192 304
16 16128 240
96 16128 224
288 16128 240
288 16128 48
288 16160 48
240 16224 272
64 16208 496
128 16176 256
128 16176 128
192 16176 224
176 16128 224
368 16144 112
112 16192 48
32 16224 176
-32 16240 224
144 16208 112
48 16192 32
48 16192 48
-16 16224 48
