startup(x,y,z):(656,16160,128)
-96 15968 -3744
2128 16608 5184
3808 16608 6080
2640 16496 2080
1344 16128 2080
2944 16416 2528
2720 16208 544
1520 16048 -2256
704 16064 -1472
704 16256 992
1536 16256 992
1728 16256 2288
1584 16224 1904
320 16128 -1808
-592 16032 -3072
-352 16016 -1328
944 16144 1056
944 16144 1968
1728 16192 1968
2112 16096 2624
1680 16192 2656
704 16176 560
448 16160 -624
160 16080 -704
368 16128 -320
784 16080 496
784 16112 928
1072 16112 928
736 16112 -112
432 16096 -1104
288 16112 -512
912 16144 1152
912 16144 1296
1120 16080 1296
944 16080 848
752 16016 176
592 16128 -272
688 16176 -192
800 16080 480
800 15984 880
880 15984 -144
832 16032 -192
688 16128 -768
752 16160 -672
896 16160 400
896 16096 880
912 16096 448
928 16080 -32
656 16096 -448
528 16160 -448
416 16144 -176
608 16096 464
752 16160 608
752 16128 720
784 16128 720
544 16128 64
720 16096 288
688 16064 736
816 16144 832
720 16208 592
672 16192 96
672 16192 160
592 16192 160
528 16112 144
704 16064 320
608 16064 -16
608 16112 0
672 16112 16
672 16080 16
736 16128 192
752 16080 384
736 16080 464
704 16064 368
624 16000 288
608 16064 -112
608 16032 -48
592 16032 -48
576 16064 304
576 16176 464
608 16160 320
656 16080 176
656 16080 272
528 16128 448
752 16080 624
752 16080 496
752 16080 336
800 16032 336
784 16048 336
560 16032 96
656 16048 256
656 16096 192
656 16096 272
784 16080 272
608 16096 128
576 16096 -224
752 16176 144
880 16048 48
576 16144 144
576 16096 208
640 16096 208
704 16112 32
752 16160 128
688 16192 64
720 16160 160
736 16160 112
736 16160 -160
640 16192 -48
800 16144 -48
512 16112 80
400 16144 352
672 16128 416
672 16096 464
768 16096 368
736 16096 368
688 16160 80
656 16128 160
624 16192 80
656 16144 352
672 16112 240
880 16176 240
880 16048 224
832 16048 224
864 16112 272
784 16112 96
736 16112 128
832 16176 272
832 16096 416
736 16096 416
704 16144 576
656 16144 512
848 16096 384
624 16128 0
608 16112 64
608 16112 -80
592 16160 -80
592 16256 0
624 16160 224
544 16224 224
688 16128 -32
688 16128 144
592 16144 144
752 16096 336
720 16112 336
704 16128 304
656 16128 80
832 16096 112
832 16112 48
784 16112 48
752 16112 160
688 16048 160
608 16080 336
720 16080 176
720 16096 112
608 16112 32
736 16112 336
656 16112 336
656 16112 128
752 16128 256
656 16144 128
656 16128 320
832 16128 320
816 16208 176
736 16112 464
608 16144 640
752 16160 288
832 16144 80
672 16176 160
672 16144 384
688 16144 224
736 16176 224
688 16064 176
816 16064 304
688 16080 368
688 16128 416
608 16128 416
768 16128 272
720 16144 192
752 16176 128
704 16208 96
688 16176 16
688 16144 160
640 16144 160
720 16032 112
784 16064 224
800 16080 32
720 16080 -48
720 16080 224
640 16080 224
736 16112 96
624 16096 192
768 16128 240
816 16048 176
640 16128 80
592 16128 128
592 16128 176
656 16064 176
672 16064 48
672 16096 48
624 16048 480
672 16032 400
672 16144 352
736 16144 288
736 16144 240
624 16128 240
688 16112 352
704 16128 304
608 16192 224
608 16176 288
592 16176 176
736 16048 176
832 16080 160
816 16128 288
768 16112 208
768 16176 224
848 16144 240
832 16160 160
832 16160 176
816 16048 176
592 16064 336
800 16064 400
720 16096 400
672 16064 448
672 16064 -48
720 16144 -48
720 16192 32
800 16160 96
608 16192 16
720 16160 256
720 16160 0
768 16144 0
720 16128 -32
672 16208 48
608 16224 32
608 16192 224
656 16192 240
624 16208 256
672 16208 176
800 16144 176
528 16080 192
656 16176 208
656 16224 304
688 16112 224
672 16080 272
672 16144 0
768 16112 0
768 16064 304
768 16048 208
768 16096 304
592 16096 304
704 16112 240
752 16144 288
720 16032 384
720 16112 256
832 16112 368
592 16128 368
608 16112 272
672 16096 -112
640 16064 64
640 16064 128
832 16112 16
640 16144 208
640 16096 240
432 16096 240
576 16096 496
576 16064 272
672 16032 -16
640 16128 -32
640 16064 80
672 16064 336
512 16208 272
592 16240 288
768 16240 144
688 16176 256
672 16256 192
672 16176 -48
688 16176 -48
640 16080 448
576 16144 272
656 16096 272
672 16096 144
672 16080 112
688 16080 -16
704 16112 176
608 16080 176
608 16064 224
832 16048 144
816 16144 96
816 16080 112
896 16080 160
720 16112 160
736 16016 192
784 16032 48
704 16064 -80
704 16080 304
704 16064 208
704 16064 288
640 16096 288
624 16144 352
720 16112 320
752 16080 448
752 16048 624
768 16048 528
512 16112 528
656 16096 384
720 16144 160
672 16160 240
768 16128 176
784 16096 32
784 16128 304
720 16128 128
720 16176 128
576 16192 224
592 16272 80
688 16208 80
688 16208 112
688 16208 112
704 16096 432
752 16128 64
672 16128 208
688 16064 304
736 16064 400
736 16064 384
768 16064 384
784 16144 352
608 16240 256
640 16096 192
800 16144 80
800 16192 352
752 16192 80
736 16160 160
672 16096 -80
736 16128 -80
800 16176 -176
640 16128 -16
704 16144 224
704 16144 176
672 16144 176
720 16128 176
576 16144 160
496 16176 144
640 16176 -32
640 16208 112
480 16144 32
592 16112 32
816 16144 -96
768 16192 96
768 16160 192
768 16128 336
736 16128 128
816 16128 128
752 16080 128
880 16128 144
720 16144 80
736 16048 80
768 16096 0
768 16128 64
672 16128 64
816 16160 64
720 16096 320
608 16112 256
672 16160 160
672 16176 112
640 16176 112
608 16144 128
688 16080 192
704 16080 352
752 16144 112
784 16048 224
784 16064 -112
736 16064 320
784 16112 320
752 16112 128
672 16080 224
640 16112 240
640 16112 144
672 16112 144
656 16160 144
832 16080 144
800 16176 48
656 16176 112
672 16176 144
560 16128 176
560 16128 224
752 16048 224
864 16128 128
768 16160 16
768 16064 0
512 16128 224
656 16096 32
656 16112 160
736 16112 160
752 16096 0
752 16064 0
736 16096 368
736 16096 320
720 16096 320
672 16144 256
752 16176 320
736 16176 320
656 16096 320
704 16064 224
640 16064 464
560 16080 192
560 16080 160
688 16160 160
832 16144 32
832 16112 240
832 16144 464
640 16128 304
640 16128 288
608 16144 288
640 16208 64
672 16096 -16
752 16112 144
544 16128 416
720 16096 304
720 16096 112
944 16096 112
720 16112 -160
736 16128 -48
800 16160 16
896 16192 128
896 16192 256
800 16064 256
736 16064 256
768 16112 256
784 16048 464
768 16128 384
640 16128 496
656 16160 400
656 16160 128
704 16128 128
688 16208 112
640 16208 256
736 16176 368
736 16080 336
704 16032 288
640 15952 176
640 16016 48
656 16016 48
688 16032 128
720 16064 -128
688 16096 176
800 16112 160
800 16112 80
624 16096 80
624 16112 224
752 16224 272
800 16160 240
784 16128 208
816 16112 400
704 16064 224
704 16160 160
704 16160 160
560 16176 192
656 16144 128
688 16144 0
784 16240 -64
784 16208 -16
800 16176 -64
672 16128 208
752 16064 208
784 16048 112
672 16064 240
672 16096 208
672 16096 144
800 16128 0
768 16192 0
752 16176 -16
752 16144 -224
752 16096 16
864 16016 96
784 16096 -48
848 16048 32
848 16016 96
848 16016 384
832 16032 384
688 16112 240
720 16144 160
800 16032 -16
656 16080 176
640 16080 144
656 16096 48
656 16112 -192
640 16112 32
656 16176 32
592 16192 64
544 16080 -16
592 16000 208
592 16000 144
656 16000 240
544 16064 240
672 16048 -48
656 16032 -128
608 16080 128
720 16112 176
560 16032 48
576 16064 80
576 16064 256
416 16128 256
560 16144 304
720 16144 288
640 16176 320
560 16144 192
560 16144 32
672 16096 80
624 16096 320
448 16112 320
816 16112 176
816 16032 320
864 16048 384
864 16048 224
