startup(x,y,z):(448,16144,352)
1840 16016 1584
912 15584 224
48 15856 -1504
48 15856 -816
-1568 14688 -816
-1136 15488 2560
928 16272 1120
2592 16288 2160
2384 16592 288
1792 16528 240
1792 16304 784
400 16304 784
-240 16240 352
-368 16176 1024
80 16176 240
976 16208 240
976 16096 -32
960 16096 304
688 16096 240
160 16096 944
-64 16096 944
160 16080 480
624 16240 304
624 16224 176
784 16224 304
736 16224 96
400 16224 96
192 16176 -48
208 16080 224
432 16144 64
640 16144 368
464 16240 384
464 16240 224
288 16176 224
320 16096 160
384 16160 480
496 16160 272
496 16160 112
544 16160 256
512 16192 256
320 16160 352
288 16256 160
352 16256 384
400 16240 192
400 16256 272
320 16256 272
368 16240 192
304 16256 96
336 16224 64
336 16160 192
400 16160 112
496 16240 112
464 16240 384
560 16192 368
560 16192 112
496 16192 224
464 16224 80
464 16224 0
384 16224 0
416 16144 144
320 16160 64
400 16144 336
400 16176 368
336 16176 272
256 16272 272
336 16240 368
384 16304 416
496 16240 304
416 16208 272
416 16256 288
400 16256 288
368 16128 336
320 16112 272
400 16160 -80
416 16256 112
480 16192 -160
480 16144 400
432 16144 352
464 16144 32
400 16192 32
400 16160 16
336 16144 272
400 16160 224
400 16160 128
384 16160 128
448 16112 192
272 16112 304
128 16144 176
128 16160 48
448 16160 160
272 16224 304
400 16160 304
400 16240 368
176 16256 32
224 16256 112
224 16256 112
416 16256 112
368 16208 352
368 16176 384
464 16192 336
448 16160 256
448 16160 496
224 16192 512
304 16192 448
336 16176 448
480 16160 384
496 16112 176
496 16256 240
432 16256 224
416 16160 128
336 16208 128
288 16272 176
288 16288 208
336 16240 -16
368 16208 192
368 16208 176
384 16208 -144
528 16176 -144
352 16192 128
352 16144 96
320 16112 288
352 16160 288
304 16208 432
304 16256 416
416 16192 464
544 16192 384
624 16160 384
496 16128 224
384 16224 304
480 16192 384
480 16192 384
592 16112 384
544 16064 240
528 16080 352
352 16144 192
352 16176 176
368 16224 320
288 16208 272
368 16208 16
528 16208 96
464 16176 160
448 16176 48
448 16208 160
416 16208 160
384 16224 384
336 16208 464
496 16224 80
528 16144 128
528 16112 144
416 16064 176
416 16064 176
432 16160 160
416 16176 400
128 16224 480
128 16240 -16
256 16176 16
400 16176 112
272 16240 112
240 16192 336
320 16272 176
320 16224 320
448 16160 160
448 16176 -176
400 16176 -176
176 16224 -16
208 16144 48
352 16096 96
352 16160 208
368 16144 64
496 16144 256
448 16224 256
336 16192 400
464 16208 384
512 16176 384
384 16160 192
400 16080 224
400 16080 224
416 16080 224
416 16112 96
416 16128 208
400 16128 208
400 16176 128
432 16176 128
432 16192 400
560 16176 512
544 16320 336
480 16256 512
464 16256 272
464 16240 192
336 16240 192
368 16256 656
544 16192 320
480 16272 416
480 16240 448
368 16240 272
176 16272 272
176 16272 320
160 16288 288
256 16224 128
448 16224 272
432 16208 272
432 16208 192
416 16304 192
208 16272 160
272 16176 368
240 16176 288
304 16144 256
304 16144 512
272 16176 352
272 16192 352
464 16144 320
400 16272 192
256 16192 192
320 16224 176
320 16224 352
384 16160 352
608 16208 224
448 16240 112
416 16224 240
416 16160 96
352 16240 224
400 16288 224
400 16272 256
384 16272 256
400 16272 320
432 16208 272
416 16208 288
416 16240 240
304 16240 304
192 16224 304
208 16128 160
224 16128 288
224 16112 432
352 16080 352
400 16192 368
400 16192 256
352 16240 256
352 16176 112
496 16176 256
496 16160 256
464 16160 176
352 16160 176
304 16192 16
240 16224 320
384 16240 96
160 16240 240
160 16240 432
240 16240 432
272 16192 352
320 16192 48
432 16176 32
448 16176 128
448 16176 64
320 16176 64
368 16176 64
368 16176 144
400 16208 432
384 16208 208
320 16336 224
320 16320 32
304 16320 32
352 16256 208
544 16288 208
464 16240 288
448 16304 288
416 16240 304
368 16176 336
416 16160 400
416 16224 240
368 16224 240
384 16208 80
416 16240 48
400 16272 208
400 16256 -80
352 16256 -256
368 16208 -256
512 16160 -32
240 16176 176
320 16144 160
432 16160 464
384 16112 352
384 16128 480
384 16128 480
336 16176 -48
336 16192 144
416 16192 240
416 16176 368
496 16176 -96
544 16240 -96
528 16224 256
496 16192 464
480 16192 496
256 16192 608
352 16176 304
352 16176 400
480 16128 400
416 16192 304
368 16096 304
288 16192 304
288 16128 144
336 16128 176
288 16128 176
320 16176 192
240 16144 208
224 16176 160
272 16160 208
272 16224 144
288 16224 256
288 16208 256
160 16256 272
112 16256 480
224 16128 400
256 16144 128
256 16144 48
304 16144 48
384 16224 400
336 16240 400
432 16192 704
416 16128 592
432 16096 464
432 16096 368
480 16064 368
416 16016 352
512 16128 320
512 16192 304
512 16160 336
464 16160 336
528 16128 240
400 16144 240
400 16160 576
352 16160 544
416 16224 544
416 16224 240
368 16144 240
560 16160 208
480 16160 160
432 16288 272
416 16176 272
416 16176 304
448 16224 272
464 16192 272
448 16208 192
352 16304 256
480 16256 272
480 16208 96
704 16208 96
368 16192 336
304 16256 320
432 16208 512
432 16208 448
432 16128 368
384 16144 400
336 16144 368
304 16240 368
336 16224 608
320 16288 320
176 16240 144
144 16208 48
240 16240 192
256 16272 416
240 16224 416
240 16128 320
400 16192 192
384 16256 304
352 16192 368
352 16128 336
384 16128 336
464 16064 256
528 16128 272
448 16176 80
464 16208 64
464 16208 320
192 16224 320
256 16240 144
336 16256 208
416 16288 240
432 16144 144
432 16192 144
432 16192 400
304 16208 400
320 16112 288
368 16176 304
336 16144 336
368 16080 224
368 16080 224
208 16208 224
320 16192 320
288 16272 432
384 16208 -16
272 16176 240
272 16176 272
368 16176 272
304 16192 352
320 16240 96
416 16272 112
416 16160 -192
416 16176 -16
416 16176 -16
368 16272 224
256 16224 288
272 16272 288
208 16272 368
304 16160 432
304 16128 592
288 16128 624
272 16112 624
352 16144 640
432 16128 352
384 16224 224
336 16304 256
464 16272 160
416 16288 112
416 16128 192
464 16128 192
464 16096 208
416 16224 272
400 16192 128
400 16240 432
496 16240 192
480 16240 192
432 16144 0
384 16208 48
320 16176 224
416 16224 -80
528 16128 320
528 16128 64
480 16144 64
432 16224 480
416 16096 272
416 16080 160
416 16160 224
288 16160 32
352 16096 32
464 16224 176
256 16256 272
176 16224 400
304 16208 368
304 16208 304
288 16208 432
368 16208 432
416 16128 384
448 16096 304
304 16192 384
352 16256 336
352 16256 368
272 16224 368
240 16272 368
352 16256 320
320 16224 592
496 16224 192
496 16176 208
400 16176 208
304 16208 208
384 16192 320
368 16208 368
400 16224 240
160 16208 256
160 16144 160
272 16144 256
272 16128 224
304 16128 224
368 16128 32
384 16144 80
544 16144 208
544 16176 96
448 16176 240
480 16160 240
512 16192 96
592 16256 112
432 16256 352
512 16240 176
576 16224 272
576 16256 432
432 16256 432
432 16224 368
352 16176 -160
272 16208 128
320 16208 208
256 16208 208
352 16160 256
384 16144 224
336 16160 240
352 16192 -16
352 16080 160
352 16080 224
544 16112 224
480 16160 272
368 16224 336
352 16192 272
352 16208 304
352 16208 336
288 16240 336
352 16192 352
288 16208 288
320 16144 368
352 16240 304
400 16176 208
400 16176 32
496 16176 32
384 16144 176
384 16176 176
384 16208 160
224 16288 64
224 16256 224
336 16176 272
272 16224 192
368 16224 0
384 16144 0
368 16208 64
320 16240 48
320 16224 304
288 16224 336
