startup(x,y,z):(656,16160,128)
448 19104 2016
1504 16192 -2640
1968 16064 -2640
1392 15408 -1232
944 15776 -1232
-816 15680 -1744
-704 16016 -1120
-96 16464 -640
-96 16288 64
304 16032 304
384 16080 304
624 16208 768
-800 15536 -2752
-1360 15920 -11056
4272 15264 -2320
6656 14144 9712
6160 14848 8576
6160 15280 2784
3456 15280 2784
1648 15904 -1408
-3760 16304 -3536
-6352 14960 -8432
-3392 16768 -3344
848 16080 2512
496 15424 448
-48 15840 -2592
-48 15792 -4512
-400 15792 -2336
480 15760 -2336
2352 16080 1376
2336 16176 1776
1904 15712 1312
1904 16224 2880
2016 16128 3488
2704 16320 3488
2112 16272 592
1344 15936 -1232
656 16288 -1488
1008 16288 -16
1104 16240 1376
704 16272 480
704 16320 -2000
-96 16320 -2272
-208 16112 -2272
880 16128 304
1200 15904 1600
1152 16032 1120
1152 16000 256
896 16000 336
640 16032 0
400 16032 0
384 16080 32
512 16112 960
848 16112 704
848 16128 -256
544 16128 -960
336 16144 -960
736 16128 -304
976 16096 640
864 16016 976
608 16112 192
528 16080 -352
544 16064 -304
544 16064 208
448 16064 208
608 16128 576
672 16080 576
608 16144 528
560 16144 176
560 16208 -64
608 16208 -64
848 16096 16
880 16176 448
800 16128 368
688 16128 0
640 16176 -448
640 16144 -176
752 16144 -176
1008 16112 96
784 16144 304
656 16144 208
800 16128 176
896 16064 -32
816 16160 192
832 16128 432
752 16144 224
752 16128 112
656 16128 -16
496 16160 -16
496 16048 64
672 16160 -80
688 16128 144
688 16096 -16
736 16096 32
560 16128 32
704 16160 288
736 16192 656
864 16080 624
688 16128 400
688 16160 112
688 16160 208
608 16192 208
576 16208 -192
624 16160 -160
608 16128 -304
592 16160 -32
592 16176 80
656 16176 240
816 16112 96
704 16208 96
816 16080 176
944 16240 64
864 16224 144
864 16176 144
864 16176 144
720 16176 336
656 16128 528
688 16096 464
576 16096 432
576 16096 224
624 16096 16
624 16096 0
512 16016 0
592 16080 0
640 16160 32
656 16144 240
656 16144 496
736 16128 400
640 16032 400
752 15984 320
688 16080 528
576 15968 304
576 15984 128
640 16032 96
592 16016 32
592 16016 224
640 16000 224
672 16048 160
736 16016 -48
592 15952 16
704 15984 64
672 16080 304
752 15984 224
576 15968 352
704 16096 336
736 16096 -16
640 16208 80
640 16096 -160
768 16096 -160
736 16032 64
736 16016 256
544 16096 272
688 16064 400
688 16128 528
736 16048 448
672 16048 688
560 16080 688
640 16160 704
736 16128 464
784 16112 560
784 16096 288
784 16096 288
656 16112 80
768 16080 96
848 16128 48
784 16192 80
816 16128 176
832 16144 208
832 16096 -16
832 16096 -16
816 16080 320
816 16064 320
960 16096 -32
960 16144 112
736 16112 240
640 16112 240
480 16128 128
480 16160 -16
528 16160 -48
704 16176 32
592 16208 128
656 16160 -304
656 16112 32
624 16112 256
672 16096 256
768 16048 384
720 16112 240
768 16160 160
768 16208 208
640 16208 384
672 16160 224
640 16160 112
640 16208 112
640 16176 160
752 16128 304
672 16128 384
672 16128 336
592 16080 336
592 16112 192
768 16112 224
784 16096 288
784 16176 352
672 16160 336
672 16160 80
752 16160 80
656 16160 176
912 16112 64
880 16000 128
672 16048 224
672 16064 176
736 16064 176
688 16112 128
720 16128 64
704 16112 224
832 16080 128
624 16160 -32
624 16176 64
672 16176 112
720 16080 112
688 16048 240
800 16064 352
800 16064 240
688 16096 240
688 16096 464
752 15968 464
624 16064 320
656 16080 352
656 16128 112
704 16032 208
752 16016 320
736 16096 336
736 16096 112
640 16080 112
640 16064 128
672 16048 144
640 16128 240
608 16176 -128
736 16064 64
800 16096 304
800 16096 480
784 16032 480
592 16064 400
800 16176 112
752 16192 464
752 16144 208
784 16160 240
784 16160 240
784 16112 240
736 16096 608
688 16048 320
736 16064 176
640 16192 304
784 16112 272
784 16112 528
816 16112 304
944 16064 -112
848 16144 -32
688 16192 -32
800 16176 -64
720 16016 224
752 16096 224
512 16064 208
512 16064 288
544 16080 288
736 16144 112
672 16064 208
704 16160 240
720 16144 176
720 16080 144
784 16080 416
752 16096 272
752 16112 400
656 16112 400
624 16096 0
624 16064 224
624 16016 160
672 16128 -80
672 16144 -80
752 16144 96
656 16128 96
704 16192 176
608 16160 176
656 16016 368
672 16016 80
720 16048 192
800 16048 192
800 16048 224
752 16144 224
944 16128 288
896 16144 112
816 16080 176
848 16064 240
848 16064 240
848 16112 240
832 16080 144
816 16128 96
768 16224 96
832 16208 112
720 16128 64
720 16128 0
528 16128 0
560 16112 32
576 16192 128
752 16144 128
832 16128 192
832 16128 320
928 16160 528
896 16112 480
768 16080 480
816 16096 304
704 16128 -16
640 16192 -96
640 16176 48
576 16176 48
640 16144 112
688 16144 208
736 16080 480
880 16128 80
816 16112 320
864 16096 224
864 16096 224
768 16096 352
768 16096 112
784 16096 224
752 16080 224
592 16048 272
672 16032 96
672 16032 240
672 16080 160
656 16080 160
912 16096 -32
688 16096 -32
624 16112 416
672 16096 208
704 16080 128
704 16096 128
720 16096 304
720 16016 304
704 15984 336
720 16000 224
688 16064 320
704 16096 64
656 16128 176
656 16128 336
656 16128 208
720 16096 208
640 16016 240
768 15968 432
688 16096 240
688 16112 480
672 16144 416
528 16144 416
544 16064 160
528 16016 544
800 16016 480
784 16096 480
752 16064 256
752 16080 592
736 16080 592
720 16048 400
752 16112 416
848 16096 128
736 16128 352
736 16160 192
736 16112 240
576 16112 96
560 16192 192
640 16192 192
576 16256 272
624 16192 96
624 16192 240
736 16096 224
736 16112 -16
736 16128 368
688 16128 368
752 16064 208
784 16048 64
880 16112 304
672 16160 320
672 16112 320
672 16112 224
608 16224 224
608 16176 256
688 16032 368
672 16096 432
592 16128 176
592 16080 176
576 16080 144
496 16080 128
592 16080 128
640 16128 -16
624 16096 368
608 16128 464
656 16144 400
656 16080 256
720 16080 32
688 16112 32
656 16144 -272
736 16080 -112
496 16144 32
592 16128 -144
656 16112 320
656 16048 272
672 16048 272
688 16128 128
528 16112 352
688 16160 64
608 16128 16
512 16144 64
512 16144 400
576 16064 400
656 16048 144
576 16080 144
640 16176 416
752 16096 256
528 16224 -272
592 16224 224
592 16096 192
752 16096 208
624 16144 208
592 16144 96
560 16112 -128
528 16144 80
656 16144 -32
528 16128 -144
528 16032 320
544 16032 272
624 16048 272
560 16064 304
704 16080 144
672 16112 272
656 16128 288
656 16128 -16
656 16144 -16
448 16176 240
608 16112 208
592 16128 144
528 16128 336
672 16016 96
672 16016 -16
736 16032 -16
688 16064 -304
688 16064 -192
608 16160 -240
544 16112 0
544 16096 240
528 16096 64
656 16128 208
608 16144 208
720 16064 128
576 16096 -112
560 16080 -32
560 16128 112
640 16128 112
784 16176 192
784 16128 -80
576 16144 112
608 16144 -96
672 16112 -96
688 16096 208
736 16096 224
784 16096 240
784 16096 0
816 16064 0
752 16112 112
720 16080 48
688 16112 176
688 16112 -160
720 16112 -160
752 16128 -16
672 16208 -64
592 16176 -128
752 16176 -128
880 16208 -240
672 16192 160
608 16080 128
640 16080 240
640 16128 176
608 16128 112
832 16032 112
640 16064 0
784 16016 48
832 16096 224
768 16128 192
656 16192 144
656 16192 -48
704 16096 -48
720 16096 64
672 16064 80
640 16128 240
480 16080 256
496 16112 208
496 16112 192
720 16352 448
560 16176 448
544 16176 0
560 16128 288
816 16144 192
816 16080 384
768 16080 384
752 16048 336
912 16064 416
912 16096 624
816 16016 400
784 16016 272
736 16064 288
784 16080 336
848 16080 320
848 16080 208
800 16080 208
736 16048 176
624 16080 112
