startup(x,y,z):(704,16128,176)
-1168 14704 -2480
624 13648 1200
2960 17712 1600
-288 16128 -6192
-288 15568 -4432
2048 16256 -3504
1456 15776 1984
2928 15776 2656
2960 16496 2656
2432 16640 1584
1968 16832 -640
2432 16112 112
2432 16096 3360
2416 16096 5152
2704 16016 5152
2816 16240 5376
3216 16304 2800
2432 16544 1792
944 16368 -784
736 16368 -1136
448 16160 -640
448 16144 160
624 16144 160
432 16176 256
464 16272 240
496 16224 -192
800 16192 -464
800 16224 -528
896 16208 48
896 16288 -32
832 16288 96
880 16176 96
848 16176 -64
880 16224 288
544 16096 208
544 16176 1488
1264 16448 3584
624 16544 1664
448 16544 1232
1472 16112 -1440
1520 16112 -2480
2000 16128 -2480
1760 16256 -1520
480 16192 -1360
352 15920 -400
352 16048 -32
112 16224 880
320 16224 880
1072 16160 288
1264 16048 256
1232 16112 800
1424 16160 1616
1120 16224 1232
960 16208 -16
736 16112 -896
736 16112 -528
736 16144 -528
544 16208 -32
544 16256 -64
512 16192 -192
576 16112 -352
576 16192 16
544 16144 352
736 16080 528
752 16080 608
800 16160 160
784 16160 160
752 16224 -256
736 16176 -752
608 16208 -208
704 16128 304
704 16128 192
560 16144 192
512 16192 96
480 16224 -128
512 16144 96
544 16176 128
656 16176 256
736 16224 256
736 16224 0
464 16224 0
576 16192 128
528 16176 160
768 16128 256
848 16112 320
768 16080 272
656 16128 32
752 16112 176
752 16096 304
656 16096 304
416 16112 384
528 16144 -32
656 16112 -288
624 16096 -64
672 16192 272
672 16192 384
640 16064 192
528 16208 48
560 16208 160
432 16272 160
656 16256 32
640 16208 0
624 16128 160
624 16128 96
768 16176 -80
848 16208 -80
880 16224 -48
896 16224 176
944 16176 384
848 16224 272
832 16208 416
752 16176 64
752 16192 80
768 16192 400
752 16176 400
688 16208 304
912 16224 432
736 16240 320
624 16160 352
624 16160 288
736 16160 352
752 16160 80
736 16112 80
832 16064 32
768 16144 0
704 16208 -16
704 16240 96
640 16176 208
656 16176 208
448 16192 64
624 16176 32
752 16144 176
720 16176 416
656 16160 240
688 16224 224
688 16144 128
720 16144 128
640 16160 96
640 16176 160
736 16112 -160
640 16160 -192
640 16192 -80
624 16192 0
624 16208 80
624 16208 240
480 16208 240
704 16224 320
544 16160 352
784 16160 208
784 16128 144
688 16128 16
784 16208 16
704 16224 160
736 16224 288
720 16224 240
640 16144 64
624 16176 208
656 16192 224
592 16144 80
592 16160 16
576 16160 16
592 16176 192
672 16176 -192
704 16160 -48
800 16224 64
704 16144 112
688 16176 112
688 16112 144
688 16112 128
656 16096 128
832 16144 32
880 16160 96
736 16112 160
704 16160 -160
704 16112 144
672 16112 304
656 16128 352
720 16176 352
816 16224 368
592 16224 160
624 16160 160
640 16176 -128
768 16112 -112
832 16144 -16
672 16192 32
672 16192 -128
864 16176 -128
864 16160 16
816 16192 208
720 16144 32
464 16160 112
544 16112 320
688 16176 352
688 16160 336
688 16160 336
736 16160 320
784 16192 224
656 16240 176
784 16288 224
656 16256 112
640 16256 96
688 16272 80
688 16208 32
720 16304 16
704 16304 112
736 16224 112
624 16176 224
624 16160 432
736 16224 320
736 16176 80
768 16176 80
608 16144 352
688 16176 80
768 16192 80
752 16208 128
656 16160 64
576 16096 224
576 16112 416
656 16112 416
864 16176 64
768 16176 96
624 16176 112
592 16080 96
528 16192 176
576 16128 112
544 16128 128
544 16128 -80
736 16128 -80
656 16112 32
464 16096 304
576 16192 208
512 16160 192
512 16160 208
592 16112 208
624 16160 64
560 16224 112
640 16160 192
672 16160 48
672 16144 48
640 16112 80
544 16144 288
608 16176 352
608 16224 240
688 16224 224
672 16272 224
576 16288 160
688 16240 320
640 16176 160
800 16192 160
688 16128 176
688 16192 160
592 16192 0
768 16192 0
576 16112 256
672 16144 160
736 16048 272
688 16048 288
768 16080 96
656 16048 64
656 16144 320
640 16144 320
880 16160 96
624 16160 160
640 16160 -48
640 16160 144
640 16208 160
784 16208 336
736 16144 336
736 16112 480
720 16176 432
816 16192 240
752 16128 128
592 16112 176
608 16112 -64
672 16096 48
672 16112 304
560 16112 0
688 16112 0
672 16144 272
704 16192 -64
688 16224 64
656 16192 -32
752 16160 -32
736 16128 96
736 16128 176
800 16112 176
784 16160 320
704 16224 560
608 16320 448
608 16240 224
608 16320 256
720 16320 256
688 16256 96
704 16256 96
736 16192 -96
752 16128 -64
608 16192 32
528 16128 -192
688 16128 -64
688 16112 -192
768 16112 -192
688 16080 16
736 16112 320
752 16160 -80
880 16208 192
880 16128 336
784 16160 176
784 16160 176
848 16192 80
800 16176 128
624 16208 208
736 16144 400
736 16112 288
736 16112 384
656 16048 384
752 16048 176
672 16112 176
880 16080 128
592 16080 0
768 16128 224
592 16192 144
592 16192 112
576 16128 64
624 16128 64
720 16064 144
928 16032 208
640 16064 224
656 16160 336
656 16112 464
656 16160 304
592 16160 16
784 16160 16
752 16176 160
736 16144 224
752 16176 64
752 16192 240
592 16192 80
672 16160 80
816 16064 112
672 16192 48
640 16128 336
592 16176 128
720 16176 -32
736 16192 -224
736 16192 -128
720 16176 -128
784 16288 -96
704 16176 192
688 16160 48
704 16112 -32
640 16112 64
672 16176 272
640 16208 64
640 16208 128
688 16256 128
832 16176 112
896 16208 48
832 16208 -48
832 16144 -32
848 16144 -128
720 16208 -128
640 16224 -16
608 16192 144
624 16272 64
720 16240 320
576 16208 272
576 16144 192
704 16144 192
704 16144 112
752 16176 48
800 16176 128
720 16112 -80
736 16192 0
624 16176 80
640 16192 208
640 16192 240
768 16128 240
800 16144 368
720 16112 512
784 16096 368
736 16112 224
736 16112 48
944 16224 48
1072 16192 -64
896 16176 0
768 16208 96
736 16192 240
800 16144 -48
816 16224 -160
560 16192 -16
688 16192 64
720 16144 64
800 16144 208
752 16144 304
672 16240 96
784 16192 224
784 16224 160
704 16208 144
704 16288 160
640 16288 160
640 16224 224
752 16240 304
720 16144 368
704 16144 304
704 16144 336
624 16144 320
576 16096 320
640 16160 384
688 16160 272
704 16176 224
704 16176 384
704 16240 560
704 16240 176
736 16240 416
736 16176 416
656 16128 112
752 16096 176
752 16144 -144
752 16160 144
720 16128 224
704 16080 432
704 16096 304
688 16096 304
704 16128 272
592 16160 272
640 16160 336
640 16224 304
736 16176 336
544 16176 192
576 16256 192
656 16256 176
672 16240 176
736 16224 -64
768 16176 112
800 16176 32
784 16144 176
720 16208 224
720 16208 288
560 16256 224
640 16240 224
496 16192 144
720 16160 48
704 16192 64
768 16096 368
800 16128 288
800 16160 96
640 16160 96
736 16176 432
688 16048 336
720 16128 48
560 16128 192
560 16192 192
624 16192 208
496 16192 208
560 16256 304
656 16256 -16
736 16240 -16
672 16224 144
672 16176 192
672 16176 96
672 16176 272
624 16144 128
672 16160 128
784 16080 176
768 16176 288
864 16128 320
832 16112 240
704 16096 16
576 16128 144
576 16128 272
640 16096 272
656 16064 128
688 16144 16
624 16208 48
656 16160 208
656 16160 48
672 16176 48
672 16176 144
528 16288 128
512 16192 192
656 16160 -128
688 16112 192
688 16176 272
704 16176 176
528 16208 256
656 16144 256
656 16160 512
736 16096 464
624 16128 368
688 16144 128
624 16272 176
624 16288 272
624 16288 80
592 16288 80
656 16176 -176
512 16144 96
608 16112 128
768 16144 208
720 16112 304
752 16160 240
736 16144 304
672 16160 288
672 16160 128
672 16128 128
608 16096 176
672 16112 400
752 16064 112
752 16128 144
640 16128 304
592 16144 304
592 16144 -64
656 16160 80
