startup(x,y,z):(656,16160,128)
992 13776 -4480
1376 13680 -2336
2080 14768 -1712
1952 17088 -256
416 15728 -304
496 16112 -992
-240 15840 -1952
-240 15408 -640
-32 15408 -640
1136 16368 1504
1344 17008 1584
1296 16304 1008
1504 15984 512
1696 16112 480
1648 16128 704
1680 16176 1008
1680 16176 368
1216 16144 368
864 16192 192
1008 16240 496
976 16192 128
800 16128 176
944 16112 176
944 16256 304
752 16256 272
768 16288 272
832 16176 240
704 16096 240
592 16080 -96
800 16160 -16
592 16096 -64
592 16048 384
752 16048 384
832 15744 -784
2064 15440 -1488
2496 16224 1168
5808 17376 8320
9520 19344 8928
9376 17536 7328
6176 17008 3584
6176 16928 992
4032 16928 528
3168 16160 528
2496 15840 -752
2336 15760 -448
1296 15872 208
480 16096 -368
480 16192 -272
64 16192 -336
16 16192 144
288 16144 1392
720 16144 1392
880 16176 1648
672 16112 304
736 16064 -640
736 15952 -832
640 15952 96
816 16048 96
736 16128 864
896 16048 880
736 16112 -48
592 16128 -384
576 16208 -16
832 16096 880
832 16096 896
896 16096 896
752 16048 288
688 16144 -176
688 16160 -512
720 16176 -208
864 16160 544
864 16192 80
832 16128 -144
608 16144 -208
672 16144 -208
768 16192 -16
768 16192 352
720 16096 128
544 16016 -256
544 16016 -112
576 16032 192
544 16160 192
640 16112 672
752 16160 464
784 16112 352
848 16096 272
928 16048 496
896 16048 432
896 16048 240
752 16128 240
688 16192 96
560 16208 -176
608 16208 80
688 16128 160
688 16192 320
752 16144 368
656 16112 336
656 16112 -16
704 16112 -16
624 16096 112
704 16112 336
656 16176 272
656 16176 -80
688 16176 128
608 16320 128
640 16224 112
592 16176 160
640 16160 224
656 16080 288
624 16064 240
784 16112 112
784 16176 160
816 16176 160
688 16160 16
736 16080 224
688 16080 80
800 16080 48
640 16080 336
640 16208 432
720 16128 304
608 16080 400
672 16032 400
688 16096 80
608 16112 176
656 16176 304
672 16096 272
672 16096 96
768 16144 96
768 16144 80
704 16176 80
704 16160 240
720 16192 -80
672 16064 -128
768 16080 -192
768 16080 256
704 15968 256
528 16016 368
624 16144 224
624 16080 16
656 16128 -16
656 16064 16
544 16128 144
688 16176 80
688 16176 64
608 16048 64
672 16048 144
688 16080 224
704 16144 0
608 16128 288
656 16064 48
656 16064 48
832 16080 -160
736 16128 -176
704 16096 -16
656 16144 64
656 16144 96
720 16064 -32
688 16064 64
688 16064 -64
720 16032 -160
720 16112 112
768 16112 112
784 16128 32
736 16080 80
640 16096 352
576 16176 80
736 16144 16
736 16144 208
656 16144 208
768 16064 320
832 16096 400
784 16064 400
784 16032 384
784 16032 464
592 16048 464
656 16032 432
704 16080 288
688 16096 160
576 16096 240
544 16192 176
544 16160 -16
576 16160 -16
496 16192 -80
608 16144 176
752 16160 208
672 16144 496
672 16112 256
672 16160 304
608 16176 272
608 16160 48
832 16160 48
896 16080 144
704 16064 -240
768 16032 48
768 16096 96
704 16096 160
592 16064 160
624 16064 112
576 16096 208
576 16064 240
544 16080 272
592 16128 448
640 16128 448
640 16128 144
688 16128 144
800 16112 416
688 16144 560
912 16160 320
640 16208 96
576 16144 208
576 16144 256
624 16176 48
704 16208 144
624 16144 144
576 16080 144
768 16080 0
736 16144 64
736 16144 80
768 16144 80
832 16112 432
688 16144 336
688 16080 240
672 16080 176
704 16144 112
608 16144 256
608 16192 208
592 16192 48
560 16176 48
608 16128 48
688 16080 288
688 16144 192
688 16112 496
672 16112 352
784 16080 352
800 16176 304
928 16128 176
848 16112 -16
464 16112 96
464 16144 32
576 16144 32
576 16144 208
816 16112 112
1008 16112 304
704 16112 240
704 16096 208
656 16096 128
640 16224 144
528 16224 256
624 16176 256
640 16128 272
800 16144 384
784 16160 160
784 16160 176
752 16192 112
672 16128 112
560 16192 208
672 16160 256
656 16176 160
576 16144 384
720 16080 192
720 16128 -96
640 16128 192
576 16160 192
608 16128 176
704 16096 288
688 16112 256
688 16144 368
864 16144 368
800 16096 160
672 16096 160
816 16128 176
752 16032 192
864 16064 208
768 16112 144
768 16112 272
544 16160 272
480 16160 160
528 16144 384
544 16080 384
624 16112 112
624 16112 368
688 16160 128
576 16096 176
640 16096 176
640 16144 64
544 16160 16
672 16192 48
672 16112 128
672 16112 128
624 16128 -16
624 16160 144
624 16064 176
624 16160 208
672 16128 160
656 16192 288
656 16160 496
656 16160 384
720 16128 384
720 16128 480
608 16224 208
512 16192 128
448 16128 80
688 16096 160
640 16112 112
736 16176 0
832 16160 64
704 16080 112
704 16128 272
608 16128 272
656 16128 336
704 16160 240
704 16096 336
608 16064 320
608 16016 288
640 16016 288
608 16128 64
672 16064 160
656 16064 176
656 16048 176
704 16064 192
560 16096 320
736 16112 208
736 16080 288
528 16080 240
592 16080 240
656 16096 640
592 16128 592
640 16176 352
736 16176 480
880 16192 288
960 16128 176
960 16064 160
880 16064 160
752 16160 -96
768 16192 64
848 16176 128
704 16160 272
704 16160 336
752 16160 320
640 16192 320
656 16160 512
752 16176 208
656 16112 144
672 16224 64
608 16128 320
608 16128 304
720 16080 304
672 16208 304
672 16128 384
816 16128 352
752 16176 240
720 16176 112
832 16096 208
832 16080 288
624 16144 416
640 16224 272
704 16128 352
736 16064 288
720 16160 256
720 16064 208
800 16064 208
720 16096 272
784 16064 288
640 16096 368
704 16112 192
448 16048 240
448 16128 224
544 16128 224
672 16128 48
736 16128 192
704 16112 -112
800 16112 -256
800 16080 -112
800 16176 96
672 16144 208
672 16096 256
736 16096 256
704 16160 272
688 16144 448
720 16144 368
720 16160 -16
864 16112 32
864 16112 192
720 16112 -64
768 16192 -96
848 16192 112
768 16176 96
688 16176 224
720 16192 144
544 16208 448
544 16160 48
528 16160 48
624 16144 208
736 16096 144
672 16112 192
512 16112 176
624 16160 304
704 16144 304
608 16096 208
608 16112 80
736 16112 80
640 16112 352
752 16096 160
736 16096 160
736 16096 144
704 16096 32
480 16160 32
496 16144 112
528 16096 464
656 16080 304
848 16000 400
912 16016 688
912 16032 512
848 16032 512
704 16144 288
704 16176 432
704 16144 336
688 16112 448
688 16144 448
720 16144 256
736 16144 256
624 16128 128
784 16096 128
704 16160 128
768 16064 272
704 16032 320
704 16032 176
672 16176 176
656 16128 464
784 16112 272
768 16112 80
640 16080 112
640 16080 208
896 16128 160
896 16128 64
944 16128 64
784 16240 272
672 16208 224
768 16192 -16
672 16176 -64
752 16032 240
608 16128 208
608 16128 224
736 16064 224
640 16112 256
816 16048 256
624 16016 208
800 16080 64
720 16112 16
720 16112 160
672 16128 160
720 16128 96
784 16192 256
832 16112 368
720 16144 400
720 16160 288
528 16128 80
528 16144 352
528 16144 352
768 16064 288
784 16048 576
704 16160 464
624 16160 240
704 16160 112
704 16064 192
672 16064 32
704 16096 32
736 16144 480
816 16144 480
816 16128 208
688 16112 48
768 16224 96
768 16128 192
656 16128 192
560 16144 144
688 16080 256
816 16240 64
816 16160 288
848 16176 352
832 16080 368
832 16064 208
736 16064 208
752 16144 192
816 16096 592
528 16144 416
688 16176 320
704 16080 176
704 16032 176
800 16032 320
768 16112 320
784 16144 272
816 16144 304
784 16160 288
688 16208 128
688 16208 80
736 16208 112
896 16208 112
784 16144 208
672 16096 192
544 16176 160
624 16160 -64
640 16112 112
608 16192 240
608 16192 16
640 16192 16
640 16160 144
736 16112 384
752 16064 288
688 16064 240
688 16000 320
688 16000 384
608 16016 384
