startup(x,y,z):(-16,16048,464)
896 14816 2864
1376 14640 -2752
752 14832 400
-48 15456 -1216
656 16128 -2928
912 15920 -1280
0 15456 1648
112 15728 704
112 15728 1312
-112 15808 1312
80 16080 528
-144 15920 -240
80 16016 -144
80 16016 -176
-176 16112 96
-176 16112 96
-80 15920 704
-16 16048 512
-112 16048 512
-96 15936 464
-16 16000 816
16 15984 672
64 16000 672
64 16048 928
-48 16048 608
96 16176 608
-16 16064 208
-48 16000 32
-96 15984 112
-144 15984 304
-64 16032 416
-192 15920 512
-32 15984 544
-144 16032 656
-240 16160 272
-496 16112 80
-288 16112 16
-96 16032 16
-96 16016 64
16 16016 176
-32 16064 320
-208 16032 400
-176 16064 304
-176 16048 512
-144 16048 512
32 16000 432
0 16032 480
-32 16016 496
-144 16016 528
-144 15936 560
16 15936 560
0 15984 304
-64 16096 304
-96 16032 480
-320 16064 592
-304 16000 592
-304 16032 784
-208 16032 784
-288 16064 656
-224 16032 448
-112 16032 320
64 16032 576
64 16032 416
80 15872 256
0 15872 208
-64 16000 208
16 16080 464
64 15952 416
-224 16000 160
-224 16032 -48
16 16032 16
-144 16112 16
-192 16160 336
-80 16032 560
-64 16064 416
-32 16048 384
-16 16032 352
-16 16032 352
-16 16000 272
128 16000 272
-80 15984 448
-48 16048 688
-208 16048 480
-336 16032 496
-336 16016 624
-112 16016 624
-32 16048 352
-144 16048 416
-160 16064 416
-240 16000 368
-144 16048 192
0 16080 272
0 16080 272
-64 16016 320
-176 16064 288
-256 16048 560
-224 16048 528
-224 15952 768
-208 15952 720
-96 15920 688
-80 15968 688
-16 15952 576
-320 16048 576
-208 16032 336
-208 16064 608
-304 16064 608
-368 15984 704
-160 16000 672
-144 16080 720
-224 16224 576
-224 16112 496
-64 16048 400
-64 16128 512
-176 16128 432
-192 16080 432
-48 16016 480
-208 15984 992
-144 15952 432
-80 15968 304
-80 15968 592
-144 15888 592
-208 16000 512
80 15984 576
80 16000 576
-160 16016 480
-304 16160 640
-304 16176 256
-64 16176 480
-48 16144 480
80 16048 496
-80 16064 464
-336 16016 448
-208 15968 480
-208 15968 816
-176 15968 640
32 15872 512
32 15872 512
-32 15888 592
-80 15872 544
-144 15904 576
-144 15984 560
-128 15984 560
-64 16048 560
-48 15984 368
-144 15984 544
-112 16000 736
-112 16048 736
-80 16064 528
-80 16000 704
0 16000 384
-128 16064 464
-144 16048 528
-144 16128 464
-128 16128 400
-16 16000 400
16 15984 432
-64 16016 480
-128 16064 576
-144 16112 352
-192 16112 496
-32 16080 544
-32 16080 384
-208 16112 384
-64 16016 544
-48 16000 512
-32 15984 432
0 15952 448
0 15952 752
-144 16000 752
32 16000 384
16 16000 384
112 15968 432
-64 16048 192
48 16016 288
48 16016 144
48 16048 144
-144 16096 208
-144 16064 288
-176 16144 144
-192 16032 176
-224 16016 336
-144 16000 592
-144 16000 576
-64 16000 624
64 15984 624
-128 16032 704
-352 16096 624
-352 16096 592
-416 16096 800
-288 16080 800
-336 16112 784
-48 16048 688
-32 16000 576
-112 16000 736
-160 16048 544
-160 15968 384
16 15968 384
-16 16016 240
-64 16032 192
-80 16080 304
-64 16064 384
-64 16000 544
16 16000 544
-64 16000 400
-224 16048 272
-192 16096 432
-224 16144 352
-64 16064 736
-224 16032 640
-288 16096 368
-208 16128 304
-80 16112 320
-80 16096 368
-288 16096 528
-32 16096 528
-64 16064 672
-48 15936 608
-32 16048 432
-96 16048 448
-96 16064 512
-96 16064 368
48 15984 368
-16 15984 560
128 16032 464
0 15968 416
0 15952 480
-16 15952 496
-32 16032 624
-64 16032 224
-32 16000 224
-32 16016 416
-48 16016 528
-48 15984 768
-48 16000 688
-192 16000 688
-96 16016 512
0 15984 352
-112 15984 416
-160 16016 544
-160 15984 560
-80 16080 560
-96 16080 560
-112 16080 560
-48 16048 320
-16 16032 192
0 16032 272
0 16032 288
-96 16128 288
-128 16016 496
48 15984 528
0 15968 768
0 15920 640
-32 16000 560
-32 15952 528
-304 15952 448
-128 15936 448
-400 16048 352
-208 16016 432
-160 16080 464
-240 16160 496
-240 16160 416
128 15984 416
144 15952 592
176 16000 496
-96 16016 320
-32 16016 144
-176 16048 400
32 16000 592
-32 16064 592
16 16064 496
112 15984 448
160 16016 512
64 16016 480
64 16016 608
96 15952 272
80 15952 496
-176 16032 496
-208 16032 240
-368 16096 128
-272 16096 -48
-272 16096 400
-144 16000 400
32 15968 416
-64 16016 608
-208 16128 400
-112 16064 320
-64 16048 352
-176 16032 416
-176 16112 528
-336 16112 528
-304 16112 544
-208 16064 560
-288 16064 672
-240 16080 656
-240 16048 464
-112 16048 496
0 15984 496
-288 16064 720
-96 16000 640
-80 15984 624
-240 16080 368
-128 15968 352
-128 16032 464
-48 16032 384
128 15968 384
64 16016 224
80 16064 32
-112 16080 240
-112 16112 416
-192 16112 336
-224 16048 224
-208 16048 16
-112 16080 16
-288 16112 256
-208 16016 272
-208 16000 704
-240 16000 400
-64 15984 400
-128 16016 176
-80 16064 288
-32 16000 400
-96 16032 336
-32 16000 560
-64 15968 400
-64 15968 592
-48 15968 592
-64 16032 784
-272 16096 624
-96 16064 544
-96 16000 592
-288 16000 592
-144 16016 816
-96 15984 656
-128 16032 464
-144 16032 608
-16 16032 672
-160 16048 608
-160 16048 416
-144 16112 416
-48 16096 432
96 16064 416
-160 16144 416
-160 16080 400
-144 16080 400
-368 16128 480
-400 16160 448
-240 16160 592
-208 16160 304
-96 16176 576
-112 16160 496
-112 16128 368
-112 16128 544
-112 16096 544
-64 16128 512
-208 16016 640
-96 15936 400
64 15936 400
48 15888 496
0 15984 528
0 15984 416
-64 16032 416
-16 16032 336
112 16016 304
-64 16000 576
-64 16080 400
-176 16080 416
-96 16016 416
80 16016 384
-64 16016 592
-192 16064 608
-176 16048 160
-80 16112 320
-80 16160 304
-256 16160 368
-256 16144 368
-48 16080 416
-64 16048 480
-144 16080 416
-144 16016 432
-128 16016 432
-112 15936 560
-128 16000 432
-128 16064 432
-128 16096 432
-208 16032 416
-112 16016 448
-96 16080 80
-96 16016 304
-192 16128 336
-224 16080 368
-224 16080 96
-16 16016 96
-176 16064 160
-192 16112 336
-96 16032 384
-96 15984 512
-64 15968 800
-80 15936 592
-80 15936 512
-48 15936 512
16 15968 432
-32 16080 400
-160 16000 576
-160 16080 592
-336 16048 688
-176 16000 368
-240 16000 368
-208 16032 416
-160 16032 512
-272 16016 608
-272 16128 448
-160 16128 336
-256 16224 336
-176 16160 448
-128 16096 624
-128 16032 672
-144 16000 816
32 15952 848
-112 16096 736
-112 16096 832
-224 16000 832
-176 15968 672
-160 16112 352
-224 16032 320
-224 15904 464
-32 15904 384
-32 15952 384
16 15984 304
32 16032 368
-64 16000 496
-80 16048 464
-192 16096 144
-192 16176 240
-208 16176 240
-176 16144 16
-80 16096 176
-144 15952 576
-192 16016 544
-192 15968 656
-112 15968 704
-208 16048 560
-256 16096 560
-144 16112 528
-128 16032 592
-144 16000 736
48 15984 480
-224 16048 464
-224 16032 768
-176 16032 768
-144 16080 544
80 16000 496
-96 16064 464
-160 16080 496
16 15952 224
16 15984 448
80 15984 448
-96 16032 528
-224 16032 512
-32 15984 480
-80 16000 496
-80 16000 336
0 15904 336
-192 16000 288
-240 16080 544
-256 16064 624
-128 16064 352
-96 15920 416
-96 15984 512
-80 15984 512
-64 15920 336
16 16016 144
-80 16064 464
-256 16064 512
-256 15984 560
-256 15984 848
-240 15952 432
-224 16016 432
-112 16016 384
-112 16048 96
48 16016 400
48 15904 448
48 15904 592
-80 16000 592
-80 16048 928
-336 16096 816
-272 16176 528
-192 16096 608
-192 16016 480
-48 16064 64
-64 16064 192
-336 16112 192
-160 16032 400
0 16016 272
-272 16064 336
-144 16048 272
-144 16064 320
-48 16064 320
-48 15952 384
-128 16112 256
112 16032 240
64 16016 352
-160 16064 432
-160 16096 416
-112 16144 448
-112 16144 352
-256 16176 224
-208 16192 112
-208 16208 160
-208 16208 512
-160 16176 512
-80 16128 496
-192 16016 496
