startup(x,y,z):(560,16192,160)
-640 16352 32
2144 16128 192
-1520 16080 1072
656 15952 1536
1968 16048 2848
1968 16048 1920
1664 16096 1920
784 16128 96
2240 16112 -624
1280 16224 -1072
800 16240 -1152
448 16224 -688
544 16080 48
544 16080 912
-192 16192 912
2240 16176 176
1024 16208 416
1200 16128 640
-112 16096 544
1024 16064 -208
1008 16160 -160
1008 16160 -128
736 16224 192
400 16224 1072
592 16064 1072
528 16112 224
304 16096 96
912 16144 64
912 16144 352
512 16224 352
608 16176 464
1120 16176 -192
624 16192 -352
768 16224 -240
592 16192 336
512 16160 448
512 16208 256
736 16208 256
864 16256 -176
800 16208 192
752 16160 64
752 16208 -384
480 16240 -192
432 16240 -192
336 16240 -240
496 16128 -416
352 16208 176
416 16176 432
656 16160 416
656 16272 320
704 16272 528
688 16224 528
560 16208 448
752 16144 -64
624 16208 -320
848 16224 -144
848 16224 16
656 16256 16
736 16272 368
512 16240 368
816 16240 96
624 16240 208
752 16240 80
752 16192 416
672 16192 48
640 16208 -32
720 16208 -32
624 16176 128
688 16160 320
640 16128 320
800 16160 432
544 16080 384
544 16064 208
656 16064 208
736 16112 240
912 16144 -160
736 16128 -272
512 16144 0
512 16208 64
512 16208 64
544 16176 208
-176 16160 1184
3184 16032 1184
2064 16288 592
1680 16176 -80
976 16208 -896
976 16208 -1840
512 16304 -1840
-3360 16416 -1520
-3600 16464 -608
-2080 16384 -384
-528 16176 1360
768 16144 2288
1456 16112 2240
1456 16128 848
320 16128 -352
848 16192 -352
544 16224 -624
832 16336 -1120
432 16272 -1104
832 16256 -160
832 16256 816
752 16176 816
864 16128 736
368 16240 368
848 16192 640
336 16160 624
448 16080 288
928 16112 -80
928 16112 -64
720 16128 -64
368 16096 128
608 16096 160
512 16112 272
368 16256 128
800 16208 -144
720 16224 144
432 16320 624
592 16256 32
592 16256 -672
656 16256 -672
608 16288 -672
464 16192 -256
448 16256 272
656 16160 544
656 16112 352
688 16112 464
608 16032 448
544 16128 240
528 16080 240
512 16224 0
752 16256 -448
656 16240 -368
656 16240 -208
720 16304 -208
704 16272 64
784 16192 128
704 16224 176
656 16208 144
576 16160 352
512 16208 192
512 16208 -208
544 16192 -208
688 16144 -384
624 16176 -48
800 16208 96
800 16208 304
528 16224 176
656 16176 176
592 16208 416
576 16208 320
560 16176 320
592 16096 128
480 16176 96
480 16272 -128
688 16272 -128
656 16160 -48
528 16128 288
624 16176 256
592 16240 432
464 16240 544
656 16240 496
656 16256 272
688 16176 0
640 16176 -240
736 16176 -240
656 16240 -80
448 16256 80
512 16224 144
512 16224 128
544 16272 128
496 16304 368
416 16304 336
592 16224 416
-288 16272 1296
3104 15920 384
2176 15952 576
2176 15952 -384
3776 16096 -384
2432 16128 -832
1264 16112 -816
-2048 16384 -2256
-1808 16096 -1008
2720 16096 -1008
-464 16064 1344
880 16128 1328
544 16128 1680
304 16112 480
-304 16160 128
624 16128 -848
624 16128 -992
448 16128 -992
192 16144 -784
960 16192 -368
144 16208 400
144 16256 1776
96 16256 -1440
2640 16096 640
432 16224 368
1472 16224 368
-800 16272 208
1584 16192 -304
1472 16208 -80
1472 16192 48
1984 16192 48
736 16112 288
1712 16112 32
304 16192 32
960 16224 -160
656 16144 -192
288 16112 176
304 16208 400
848 16240 -96
848 16240 -272
416 16256 -272
1008 16304 16
512 16240 144
640 16256 32
640 16240 272
736 16240 160
560 16288 528
320 16224 224
704 16160 224
496 16208 -208
576 16240 -240
528 16224 -464
528 16224 -224
672 16272 -224
512 16240 496
768 16240 384
592 16256 304
688 16240 64
688 16176 64
656 16192 -48
656 16224 -496
528 16224 -496
464 16208 -256
704 16176 32
672 16256 384
672 16160 528
544 16160 544
688 16224 544
720 16160 448
720 16224 464
544 16272 448
512 16240 224
480 16208 224
480 16160 352
560 16160 256
640 16160 256
464 16160 272
672 16192 240
736 16256 464
608 16208 496
592 16224 80
592 16208 16
672 16288 -32
576 16288 -96
672 16176 -96
768 16160 -112
544 16192 -96
528 16128 192
528 16128 272
400 16064 272
496 16112 496
560 16144 656
624 16176 544
608 16176 416
560 16208 272
656 16192 96
656 16192 -16
640 16256 -16
720 16224 80
704 16160 304
688 16128 256
688 16128 512
640 16224 704
720 16224 704
544 16256 560
592 16240 224
688 16256 288
640 16224 320
608 16176 96
608 16144 48
656 16144 304
640 16144 256
592 16176 352
688 16176 176
608 16128 160
608 16208 272
656 16208 272
656 16192 208
608 16176 0
624 16128 -32
656 16192 80
592 16208 -16
624 16272 -96
624 16272 272
592 16208 272
608 16192 416
544 16208 240
720 16208 64
736 16160 224
608 16128 224
608 16160 496
592 16224 432
576 16224 384
576 16224 128
688 16192 128
688 16224 112
720 16208 -32
720 16224 176
800 16192 224
800 16240 224
784 16160 160
784 16224 256
608 16224 256
544 16240 96
512 16192 288
688 16144 208
688 16160 224
592 16160 304
608 16096 256
688 16144 256
640 16112 192
560 16160 -144
736 16256 48
640 16208 144
640 16240 144
576 16240 336
576 16256 336
784 16192 320
768 16192 416
720 16144 400
768 16128 464
768 16128 336
640 16192 336
608 16224 128
640 16192 128
640 16176 -64
512 16192 240
336 16096 128
336 16224 288
496 16224 432
448 16144 432
560 16128 128
672 16192 128
704 16144 320
672 16208 272
800 16192 128
720 16176 48
720 16080 96
784 16080 96
768 16096 96
736 16128 128
816 16160 160
688 16144 208
688 16144 48
560 16160 48
512 16208 16
576 16240 16
640 16224 240
672 16208 0
576 16192 128
576 16192 208
688 16192 208
576 16224 240
656 16208 464
528 16176 512
656 16160 480
656 16208 288
544 16208 336
528 16192 272
688 16144 272
640 16192 352
752 16128 272
608 16128 272
608 16192 176
704 16192 160
672 16112 400
496 16112 224
592 16128 224
592 16176 304
560 16160 16
576 16240 64
560 16304 208
560 16240 16
560 16272 160
576 16272 160
688 16208 480
672 16144 352
656 16128 352
656 16128 176
656 16224 64
528 16208 128
576 16192 -32
704 16160 16
704 16160 -128
880 16160 -128
880 16176 -256
624 16208 128
608 16192 432
608 16240 128
608 16208 80
672 16208 80
640 16224 240
624 16240 192
784 16176 368
640 16208 192
800 16176 32
800 16192 176
704 16192 224
784 16192 224
784 16160 464
688 16224 304
544 16176 288
544 16192 128
688 16192 128
640 16288 256
720 16320 64
912 16304 80
848 16256 -48
848 16192 176
784 16192 16
624 16160 16
544 16192 368
448 16192 224
560 16336 96
560 16400 256
576 16400 64
640 16240 80
480 16240 80
528 16256 96
624 16240 -112
624 16144 32
624 16192 -96
560 16192 96
608 16208 96
672 16240 336
720 16160 336
704 16144 336
576 16160 272
496 16240 320
496 16272 192
560 16208 320
560 16208 208
432 16224 208
528 16192 144
704 16240 -208
720 16208 32
672 16192 64
672 16192 128
544 16240 128
480 16144 128
544 16176 256
480 16176 224
576 16112 208
656 16128 448
656 16192 272
688 16192 528
608 16224 512
688 16176 304
640 16112 608
640 16192 400
640 16176 112
704 16176 144
704 16208 -160
720 16208 -160
480 16240 96
512 16192 192
592 16128 304
592 16080 144
672 16080 192
656 16208 192
608 16176 192
576 16272 112
544 16144 256
560 16176 64
640 16208 -16
640 16288 -32
688 16288 -32
384 16272 96
288 16192 240
528 16160 192
528 16192 0
672 16176 32
672 16240 -192
624 16240 -144
704 16112 -144
784 16128 176
784 16160 -48
736 16144 128
736 16208 -32
736 16096 -32
688 16096 -32
784 16208 -96
752 16192 64
752 16144 16
576 16144 160
576 16256 208
576 16256 240
496 16096 208
512 16096 208
640 15984 224
576 16160 192
496 16160 -16
496 16224 128
560 16224 128
656 16208 144
624 16224 256
576 16192 0
544 16112 336
