startup(x,y,z):(704,16128,176)
-1072 16512 -2592
-2720 15264 -3360
-4096 15344 -3360
-2880 15984 -2288
-2208 15840 -1712
-912 16576 -688
-80 17008 768
288 16608 1392
944 16288 480
2048 16384 -736
2048 16144 -176
2480 16144 -176
1376 16016 48
928 16032 160
1040 16000 304
1216 15968 160
1024 16032 -336
1024 16128 -528
752 16128 -128
736 16160 -1968
32 16160 -2224
784 16368 -2224
160 16064 -2256
752 16080 -448
528 16096 96
528 16096 3952
1648 15568 5776
5104 15920 5776
5312 16272 5088
5440 16896 4000
3088 16176 1760
1296 16176 1904
464 16272 0
464 16048 -144
1184 16048 -144
1056 16416 -672
1040 16096 -864
752 16048 -912
752 16080 -416
880 16080 -224
832 15888 -224
704 16064 576
1040 16176 384
1056 16128 576
896 16192 176
864 16192 288
864 16192 -160
672 16176 -160
736 16128 256
624 16208 560
736 16176 768
784 16048 624
784 16032 528
784 16160 512
752 16160 448
752 16160 416
832 16192 416
624 16144 -112
720 16080 -400
784 16112 160
816 16128 176
816 16096 464
816 16096 432
832 16144 432
768 16144 224
816 16128 -16
672 16176 0
752 16144 64
704 16144 304
704 16144 96
752 16144 96
704 16176 -160
784 16224 -192
768 16096 -160
624 16208 0
624 16208 448
704 16112 304
672 16144 352
832 16144 352
800 16176 560
912 16208 368
896 16176 0
896 16128 -352
784 16128 -352
736 16192 -464
560 16160 -288
496 16128 -80
544 16208 304
544 16208 432
688 16240 320
688 16240 224
800 16240 224
672 16240 336
640 16288 16
656 16192 96
656 16176 80
704 16192 304
672 16192 240
672 16192 240
752 16096 -112
784 16128 -144
768 16128 -256
848 16128 -208
784 16080 -16
784 16336 368
688 16160 368
656 16128 176
640 16128 208
656 16160 368
752 16160 624
672 16112 512
672 16144 16
736 16208 80
752 16192 -32
752 16192 96
768 16224 96
800 16160 240
816 16112 384
784 16128 416
784 16128 240
704 16080 176
608 16128 176
704 16192 448
720 16144 384
656 16112 176
416 16048 320
368 16144 160
368 16096 -144
576 16096 -144
576 16160 288
592 16064 64
656 16144 -128
800 16144 48
800 16192 288
816 16192 288
800 16144 304
832 16192 16
688 16208 208
960 16208 16
864 16320 64
864 16224 128
688 16224 224
912 16160 224
816 16160 208
816 16224 32
800 16160 160
736 16208 208
688 16224 304
624 16160 464
624 16192 208
848 16192 208
848 16144 480
784 16208 432
736 16144 240
704 16144 -96
704 16064 -112
720 16064 288
608 16128 288
736 16160 160
672 16128 160
608 16144 32
720 16128 224
816 16224 144
816 16224 304
832 16128 304
864 16176 368
752 16144 368
640 16176 304
688 16176 -144
688 16208 48
640 16192 144
640 16176 64
848 16176 64
720 16128 176
544 16224 80
608 16144 128
608 16144 352
704 16144 320
640 16272 80
688 16192 80
752 16160 176
544 16096 304
784 16128 320
592 16192 288
656 16240 208
656 16256 160
672 16256 160
704 16240 64
816 16224 -80
752 16176 208
784 16240 320
784 16256 176
672 16256 224
736 16208 128
784 16192 576
736 16176 576
720 16128 384
688 16160 480
736 16144 272
736 16128 352
736 16128 464
880 16128 464
880 16192 320
832 16176 416
928 16160 128
752 16144 -96
816 16176 -32
752 16192 -96
752 16192 112
656 16288 112
736 16272 144
864 16288 160
640 16336 176
656 16224 256
656 16176 288
784 16176 288
816 16256 192
832 16208 144
832 16224 112
624 16160 224
576 16192 560
736 16160 304
736 16160 480
720 16144 480
640 16080 192
720 16096 256
720 16128 64
720 16144 80
720 16144 112
720 16176 0
704 16176 -256
656 16224 -32
768 16208 48
752 16192 80
704 16208 368
704 16208 304
928 16192 304
1104 16192 288
976 16128 48
720 16048 112
672 16096 144
784 16144 208
656 16192 320
656 16160 304
688 16160 304
704 16096 416
592 16192 -32
752 16192 160
768 16208 176
688 16144 64
688 16112 112
576 16112 112
768 16176 176
784 16160 176
848 16144 272
768 16112 192
624 16160 80
624 16160 272
464 16160 272
624 16208 272
672 16128 256
656 16096 256
656 16144 -16
656 16112 -32
656 16160 16
672 16096 128
752 16096 352
704 16048 352
736 16064 416
800 16128 208
768 16112 240
960 16144 160
576 16128 80
608 16192 16
736 16208 64
688 16224 32
816 16224 -128
816 16144 -32
816 16144 -32
816 16128 160
880 16160 64
768 16192 192
752 16240 176
752 16192 432
848 16160 288
768 16160 288
736 16208 160
736 16208 -16
768 16144 80
768 16128 80
880 16144 144
752 16160 128
752 16160 336
752 16128 336
752 16128 272
672 16128 64
704 16160 368
688 16176 592
688 16144 512
688 16080 384
688 16080 240
832 16080 240
832 16128 32
832 16224 160
944 16128 80
864 16176 208
864 16176 432
688 16128 432
672 16144 336
640 16192 368
592 16080 384
624 16144 208
608 16128 128
608 16128 64
608 16128 64
640 16176 -16
672 16144 176
656 16144 448
704 16208 64
704 16208 432
928 16240 432
832 16192 256
800 16224 336
816 16240 448
768 16208 112
752 16160 96
752 16144 160
752 16144 160
736 16208 128
656 16176 272
720 16176 192
608 16160 224
608 16096 192
608 16096 288
704 16096 224
720 16128 112
656 16160 112
688 16192 192
800 16208 176
864 16160 96
784 16144 144
784 16176 160
688 16176 96
640 16224 96
704 16176 384
768 16192 432
736 16288 368
736 16176 320
880 16176 -16
896 16192 -144
896 16160 -320
800 16160 -320
624 16160 -144
448 16144 -64
576 16144 -144
688 16192 -288
688 16192 -80
720 16192 112
800 16224 0
784 16144 0
752 16096 32
640 16112 96
592 16112 192
592 16192 320
720 16192 320
608 16224 416
464 16144 416
480 16128 528
576 16064 224
576 16128 80
672 16144 384
592 16144 160
720 16176 160
608 16176 160
544 16224 240
608 16208 176
608 16208 336
736 16208 336
608 16208 384
672 16176 272
880 16176 144
848 16192 -16
816 16160 80
704 16224 128
704 16224 -64
752 16224 -80
800 16224 -80
800 16208 32
752 16240 160
784 16240 -16
704 16176 400
704 16144 448
640 16176 240
752 16048 320
688 16048 320
608 16048 496
608 16064 336
624 16160 48
624 16224 -16
688 16224 272
656 16192 272
720 16208 304
624 16288 336
816 16240 384
768 16208 336
672 16240 320
672 16336 176
656 16336 176
640 16272 96
656 16256 16
688 16176 304
720 16208 224
720 16240 48
800 16240 160
720 16272 160
720 16224 128
736 16208 144
816 16128 0
752 16176 112
720 16208 32
720 16160 -96
720 16160 -96
848 16112 -224
784 16144 -192
784 16128 -48
912 16128 -256
816 16112 48
816 16112 64
800 16176 128
736 16176 368
624 16176 368
704 16080 192
736 15968 448
720 16096 224
592 16144 128
672 16144 240
672 16144 -112
544 16208 -112
528 16144 32
576 16192 -16
688 16208 160
816 16160 -48
720 16256 -128
720 16240 112
704 16240 112
720 16192 48
832 16176 272
736 16224 112
656 16176 144
656 16144 256
576 16144 256
592 16176 176
656 16224 176
768 16288 144
640 16208 128
752 16160 128
752 16224 -32
848 16224 112
832 16192 112
864 16160 144
688 16112 384
640 16208 -176
640 16208 -128
608 16224 144
752 16192 16
656 16192 16
768 16176 -128
656 16176 -16
672 16240 96
640 16240 224
640 16240 96
464 16176 48
384 16176 48
544 16112 336
576 16176 256
672 16192 432
528 16128 352
528 16160 272
688 16112 176
688 16112 64
592 16224 64
816 16256 112
864 16176 480
672 16160 512
704 16096 432
704 16208 320
640 16208 160
720 16240 160
720 16288 32
672 16288 32
768 16224 0
736 16224 224
704 16128 560
704 16064 304
688 16064 368
656 16128 368
624 16176 32
688 16224 160
768 16192 48
800 16160 128
752 16112 304
752 16128 384
784 16128 288
736 16208 288
800 16160 32
672 16128 144
656 16128 368
656 16128 272
640 16144 272
720 16160 112
736 16112 -16
672 16240 32
