startup(x,y,z):(224,16128,272)
48 15808 1168
1024 15232 -3792
-2256 16256 -3792
-3488 16608 -2928
-1376 15776 -1600
-592 15552 512
-592 15824 -1024
-912 15824 -1024
-608 15776 -1440
16 15936 -16
48 16000 768
-80 16240 -480
224 15984 -464
224 14816 832
-624 14816 832
-2880 15504 2288
-1792 16864 736
352 15920 1488
-48 16304 208
-48 16304 416
-1040 16688 416
-880 17056 480
64 16256 240
-288 16352 64
-224 16400 704
288 16288 64
288 16288 -240
272 16192 -240
-80 16256 32
32 16368 64
432 16368 256
432 16240 -32
192 16240 768
144 16304 768
304 16144 64
384 16272 272
416 16304 192
304 16240 528
400 16240 320
400 16160 80
400 16160 -176
496 16272 -176
528 16240 208
496 16160 144
320 16256 144
320 16208 128
400 16208 416
256 16304 272
304 16224 272
208 16256 176
192 16224 256
240 16304 -16
240 16304 208
432 16192 208
288 16208 128
320 16192 144
144 16224 304
144 16192 336
240 16192 336
288 16128 256
144 16128 256
336 16256 304
304 16160 192
544 16112 304
544 16160 336
400 16192 288
320 16240 256
304 16240 256
320 16176 496
336 16224 368
240 16224 64
224 16240 -32
288 16256 112
288 16192 -32
256 16192 -32
240 16128 -176
288 16032 32
336 16080 48
272 16096 128
272 16096 144
256 16112 144
240 16144 96
240 16192 32
320 16224 32
256 16160 256
0 16160 240
208 16160 352
288 16256 416
144 16208 416
208 16240 256
304 16208 160
400 16272 144
288 16192 304
288 16192 480
352 16080 352
224 16160 352
224 16096 544
304 16112 640
208 16192 608
272 16112 368
272 16112 352
304 16176 352
224 16144 224
224 16128 160
272 16064 128
272 16112 304
352 16160 304
432 16208 320
432 16240 208
304 16224 208
192 16256 272
256 16288 368
224 16256 480
224 16096 400
288 16096 400
320 16128 720
352 16096 656
352 16064 560
144 16192 384
80 16240 464
80 16080 368
272 16080 368
288 16208 272
368 16224 464
320 16208 304
256 16240 224
256 16240 432
272 16240 432
320 16224 416
288 16288 336
208 16240 512
272 16208 512
304 16208 256
304 16176 288
352 16176 128
240 16224 128
240 16176 240
224 16128 448
272 16160 528
288 16240 448
288 16240 320
352 16224 192
336 16224 192
160 16224 192
272 16208 336
240 16192 624
240 16112 416
192 16112 416
208 16160 528
368 16144 368
208 16208 544
288 16240 448
288 16240 400
384 16160 176
400 16160 352
224 16160 352
288 16160 480
192 16096 368
208 16176 352
208 16176 576
256 16144 576
448 16208 304
432 16240 144
432 16192 160
528 16160 192
448 16128 288
448 16096 272
384 16096 272
336 16096 272
320 16160 80
272 16096 304
320 16112 256
320 16224 336
256 16224 640
176 16224 640
304 16160 176
336 16224 144
240 16144 288
400 16176 336
336 16192 432
352 16192 368
352 16176 208
208 16176 480
256 16192 480
256 16208 480
400 16224 400
368 16288 384
352 16240 288
352 16224 192
192 16192 288
224 16192 368
240 16192 368
224 16160 176
368 16128 176
368 16208 144
400 16208 80
352 16192 80
320 16240 240
112 16192 368
176 16192 368
176 16176 448
176 16160 432
176 16192 304
128 16192 304
112 16256 304
160 16240 416
224 16208 208
224 16288 256
160 16192 304
320 16192 304
272 16176 256
352 16144 304
304 16144 176
304 16192 240
336 16192 96
336 16192 96
288 16272 96
256 16240 96
256 16272 -176
224 16176 240
224 16208 224
208 16208 320
272 16192 320
224 16192 192
240 16160 176
96 16224 224
288 16160 272
272 16128 160
416 16144 224
352 16160 224
240 16176 400
384 16208 224
528 16128 256
352 16240 0
352 16240 32
368 16224 272
288 16240 272
288 16240 288
240 16320 160
416 16224 160
416 16224 16
384 16224 16
272 16240 192
272 16192 112
320 16128 96
96 16176 160
96 16192 176
272 16192 96
272 16208 304
400 16160 304
320 16192 416
288 16288 304
336 16256 432
336 16256 720
352 16256 720
304 16336 496
304 16192 496
496 16176 416
496 16224 384
368 16224 160
288 16144 128
352 16144 128
272 16176 128
240 16272 64
240 16240 16
352 16304 144
352 16304 112
176 16320 112
384 16256 336
336 16272 272
304 16288 416
304 16272 464
256 16208 256
256 16208 176
128 16224 176
304 16192 144
320 16208 352
288 16272 368
224 16176 304
160 16176 96
160 16176 144
160 16240 144
224 16160 368
400 16176 272
368 16176 272
304 16224 176
304 16224 384
304 16224 288
288 16208 288
368 16256 176
240 16224 256
192 16224 320
192 16176 512
272 16176 0
320 16160 240
208 16128 160
176 16192 352
368 16176 272
208 16128 400
208 16208 256
288 16208 256
80 16160 304
224 16160 416
208 16240 384
256 16256 144
256 16256 -48
368 16144 -48
304 16160 176
256 16160 384
256 16160 240
240 16080 112
368 16128 192
368 16128 400
304 16160 400
176 16256 480
256 16224 416
176 16304 400
176 16288 128
272 16288 368
160 16256 368
176 16240 432
320 16208 624
336 16224 560
336 16224 256
336 16160 128
336 16144 144
320 16144 256
256 16128 256
288 16192 272
336 16176 336
240 16128 368
240 16144 256
288 16144 288
288 16128 368
192 16128 368
240 16160 448
240 16160 144
336 16112 272
336 16128 112
416 16128 224
384 16128 224
560 16144 64
432 16048 48
320 16144 208
336 16176 240
224 16320 320
368 16240 -160
368 16240 -160
320 16160 80
336 16048 208
464 16064 32
432 16080 32
432 16256 48
320 16256 48
336 16272 256
304 16144 256
336 16192 208
208 16224 256
176 16288 336
176 16288 416
272 16272 416
368 16208 256
304 16240 240
416 16240 0
416 16240 32
416 16240 -80
368 16256 -48
336 16240 -48
336 16192 256
320 16096 160
272 16080 -16
224 16112 384
256 16128 256
256 16176 144
208 16176 144
256 16160 480
368 16176 272
480 16192 384
320 16144 304
336 16160 240
176 16240 320
176 16240 464
384 16160 464
160 16176 416
112 16176 272
256 16144 192
256 16160 144
208 16160 192
208 16144 192
208 16192 160
240 16160 368
512 16160 384
416 16064 160
416 16208 32
592 16208 32
368 16176 64
512 16128 192
384 16144 32
272 16160 176
272 16160 320
96 16176 320
304 16224 80
256 16112 208
208 16112 208
336 16208 304
304 16240 352
304 16240 384
432 16192 384
336 16224 400
480 16192 320
272 16128 416
272 16192 384
272 16192 240
304 16208 240
224 16224 80
160 16240 112
224 16160 112
352 16128 208
288 16176 288
112 16176 256
112 16176 240
208 16208 240
240 16176 208
192 16256 192
192 16240 144
192 16144 256
336 16192 288
336 16224 48
272 16224 48
272 16176 208
304 16240 352
288 16176 576
288 16208 304
336 16208 304
416 16176 304
368 16192 128
352 16176 112
304 16128 -128
256 16144 64
176 16208 208
176 16208 224
64 16240 224
304 16176 96
288 16288 -80
288 16272 80
288 16192 240
256 16192 240
256 16144 640
160 16192 400
176 16160 256
160 16224 208
272 16240 224
272 16240 288
208 16208 288
272 16192 128
352 16224 160
256 16240 32
256 16240 352
208 16256 352
176 16256 224
48 16304 336
208 16208 16
192 16272 80
176 16256 192
176 16208 400
336 16144 256
288 16160 256
240 16112 352
256 16144 352
208 16128 240
208 16096 144
224 16096 -48
304 16096 -48
256 16144 128
320 16256 128
288 16176 -32
272 16192 -32
272 16160 176
304 16160 144
368 16176 144
320 16176 -32
528 16112 -32
272 16192 112
272 16192 -16
144 16192 -16
160 16160 144
224 16192 144
256 16224 160
288 16288 0
288 16224 -144
224 16224 -144
256 16224 -96
304 16192 288
320 16240 304
384 16240 512
384 16224 304
320 16224 304
416 16240 224
304 16128 224
320 16160 224
320 16208 352
368 16144 368
368 16160 624
368 16160 624
352 16176 352
320 16144 336
208 16192 192
160 16224 288
160 16224 320
224 16192 256
224 16192 192
224 16224 192
