startup(x,y,z):(64,16112,144)
3152 16272 3536
1152 13360 9600
-2368 15360 6656
14768 13024 7792
2752 13712 4032
7296 14464 -2336
7296 13616 -2208
4400 14960 2816
2576 14864 -608
4320 15296 -1456
688 16160 -704
48 15664 -704
48 16128 -1760
-1968 16128 0
448 16240 0
-1312 16160 -16
768 16432 -1328
208 16560 1152
208 16176 1920
448 15984 1040
-16 16048 1456
-16 16304 1088
-128 16128 1088
128 16176 208
304 16288 -560
352 16176 -624
-48 16128 -368
-48 16080 112
80 16128 496
-816 15872 704
-144 16064 704
-432 16016 736
224 16000 -176
2144 17024 1200
3632 16080 64
3632 16080 -2432
1872 15904 -2432
1968 16608 -2416
1888 16208 -992
992 16224 160
1216 15984 320
1024 15728 1328
1024 15792 432
592 15984 -400
592 15872 -384
480 15872 -384
128 16080 576
352 15936 288
-592 16112 912
-592 16240 992
-336 16240 32
96 16208 32
288 16192 96
0 16192 -224
192 16176 192
48 16160 240
160 16144 208
160 16144 496
272 16208 496
288 16112 -64
48 16112 432
128 16240 608
128 16128 -160
304 16128 32
0 16272 32
160 16256 224
336 16128 -480
400 16192 192
336 16144 544
288 16160 -176
288 16160 -48
384 16176 -48
592 16256 160
256 16176 320
272 16128 640
272 16080 336
-96 16080 624
304 16048 624
256 16048 -112
384 16144 16
128 16160 0
144 16080 576
144 16080 336
48 16080 128
192 16128 128
96 16160 368
176 16144 128
192 16192 -80
288 16208 -176
288 16176 -272
192 16176 -224
336 16192 96
208 16192 112
176 16192 112
144 16128 -144
240 16048 -128
112 16080 32
112 16048 -64
192 16048 320
80 16112 320
112 16192 352
112 16144 384
224 16192 336
96 16224 208
32 16144 224
32 16144 128
112 16160 128
224 16144 224
224 16096 -144
160 16128 112
144 16144 368
144 16176 224
176 16176 224
160 16176 480
64 16192 176
48 16160 112
144 16224 -32
400 16176 -48
400 16144 192
352 16144 192
336 16160 96
176 16192 288
192 16176 144
176 16128 144
176 16192 32
128 16128 464
160 16128 368
192 16064 368
208 16048 336
256 16112 256
176 16080 160
176 16128 160
288 16096 224
112 16096 64
112 16208 64
128 16224 48
144 16160 304
32 16144 400
160 16224 544
144 16176 656
144 16176 320
208 16208 320
208 16192 352
112 16224 384
128 16176 256
208 16176 144
208 16160 -112
208 16160 -112
64 16112 128
192 16160 288
48 16144 288
-48 16160 608
96 16160 736
96 16144 528
144 16144 528
176 16176 528
208 16192 464
384 16208 208
192 16192 240
192 16192 432
240 16144 240
256 16144 320
16 16144 320
112 16080 224
224 16144 176
208 16144 432
208 16096 624
160 16096 624
48 16064 752
96 16208 512
240 16192 320
304 16176 192
304 16256 112
176 16240 96
176 16208 288
176 16208 288
272 16112 464
192 16160 432
160 16064 352
160 16128 448
208 16112 320
208 16112 624
96 16112 624
112 16144 576
192 16160 528
160 16112 336
128 16176 528
64 16192 320
64 16288 128
80 16288 128
32 16224 240
128 16240 112
240 16224 32
224 16272 96
224 16272 320
128 16224 320
160 16176 240
-16 16224 240
48 16144 112
160 16128 432
224 16192 400
224 16176 432
224 16176 432
176 16112 432
336 16160 352
272 16224 304
64 16176 288
64 16176 288
-16 16224 160
16 16160 16
32 16144 16
16 16096 144
128 16144 -160
208 16096 -176
208 16096 -64
288 16048 -64
432 16144 -112
288 16144 0
144 16176 80
144 16176 192
208 16160 176
112 16240 448
288 16240 384
256 16176 384
176 16192 336
-64 16128 320
-16 16064 240
192 16096 208
208 16128 256
208 16128 224
208 16128 224
176 16160 -80
208 16176 64
272 16208 176
224 16160 160
224 16208 64
224 16160 176
272 16160 176
256 16096 576
176 16176 496
240 16240 336
160 16304 256
160 16304 128
112 16272 272
160 16272 272
80 16160 368
32 16048 352
128 16144 16
128 16160 160
208 16160 160
256 16176 112
128 16256 112
160 16224 32
272 16112 192
272 16112 240
304 16128 128
304 16208 -48
192 16208 -48
16 16208 208
256 16192 368
128 16272 464
128 16240 288
96 16240 336
160 16112 336
208 16128 448
192 16096 464
144 16128 272
192 16096 112
176 16128 208
192 16176 160
192 16144 304
128 16144 272
208 16208 272
32 16176 320
144 16144 320
64 16176 320
160 16176 48
160 16112 160
176 16176 176
64 16192 48
112 16160 -16
112 16144 16
160 16144 400
96 16096 400
192 16064 208
288 16144 336
208 16112 352
208 16096 512
240 16096 512
112 16128 432
16 16128 432
-16 16160 416
64 16176 512
96 16160 384
32 16112 304
32 16112 112
16 16224 112
128 16176 -208
256 16112 112
176 16176 192
176 16160 80
160 16128 160
224 16064 16
144 16064 64
64 16112 64
160 16160 80
336 16128 -48
320 16112 64
320 16112 400
288 16096 400
256 16144 544
96 16128 352
160 16144 208
96 16160 144
208 16048 144
192 16128 272
192 16128 320
80 16112 320
128 16160 416
160 16240 32
128 16128 0
96 16112 96
96 16128 16
128 16128 240
128 16128 240
128 16128 208
80 16144 160
128 16192 192
-16 16256 288
0 16128 384
0 16128 144
208 16096 144
96 16176 96
160 16144 208
208 16128 192
160 16208 144
160 16208 128
192 16208 144
192 16208 192
208 16096 192
112 16192 176
48 16256 288
80 16224 320
80 16208 416
224 16208 448
160 16208 448
144 16176 384
96 16176 368
16 16256 16
-16 16192 176
32 16208 464
128 16192 336
128 16192 288
-48 16224 288
48 16208 336
224 16224 272
272 16144 384
272 16160 160
112 16160 304
208 16112 304
208 16144 288
224 16192 176
160 16144 128
96 16288 160
96 16192 304
64 16192 304
160 16176 224
144 16208 432
192 16112 288
208 16128 240
208 16144 -96
80 16160 16
288 16192 16
288 16144 256
144 16144 256
192 16160 -16
96 16160 128
256 16128 240
256 16176 144
336 16128 0
144 16128 0
176 16144 144
160 16144 -32
144 16128 64
224 16192 192
192 16128 384
192 16144 400
32 16144 448
80 16112 448
128 16176 384
288 16208 160
176 16208 256
176 16208 -48
224 16208 -48
272 16176 -64
144 16192 -112
128 16128 256
208 16112 176
-16 16160 208
96 16128 192
96 16128 96
16 16160 96
256 16112 160
240 16144 384
192 16176 224
208 16176 96
208 16144 176
176 16160 288
64 16160 272
128 16192 272
256 16176 304
128 16176 224
48 16112 224
48 16112 208
48 16160 128
48 16160 352
16 16192 352
64 16192 432
128 16048 384
256 16112 208
208 16240 96
144 16208 -48
144 16176 416
144 16176 416
16 16160 304
192 16208 448
128 16192 320
48 16224 288
48 16096 224
32 16096 224
-16 16112 304
0 16192 304
-64 16288 32
80 16192 208
112 16176 80
112 16144 176
128 16144 176
-16 16160 208
240 16128 112
256 16208 64
144 16240 128
144 16208 32
288 16224 80
240 16208 192
288 16208 -320
368 16256 -320
272 16160 -240
368 16128 80
368 16144 176
160 16144 224
272 16128 224
288 16144 208
208 16128 224
256 16080 160
176 16176 192
288 16144 336
288 16080 336
288 16080 48
224 16160 48
144 16176 416
48 16128 400
160 16176 256
64 16160 80
48 16160 256
48 16160 208
-16 16112 208
256 16112 96
160 16144 96
256 16192 144
224 16176 288
192 16176 320
192 16176 272
80 16144 272
144 16208 272
192 16192 272
112 16176 576
144 16208 416
144 16208 208
128 16032 320
160 16032 320
240 16176 160
80 16256 32
176 16160 160
176 16192 128
240 16176 -32
112 16176 -32
96 16192 -96
144 16128 -144
112 16080 144
144 16064 96
48 16112 320
304 16160 208
224 16160 400
224 16160 432
208 16112 432
272 16160 336
208 16144 208
160 16176 64
304 16096 144
160 16128 0
192 16144 272
192 16224 144
112 16224 0
208 16192 0
160 16208 144
192 16256 -16
192 16128 256
176 16192 272
176 16224 320
96 16224 176
-48 16144 176
224 16176 80
