startup(x,y,z):(176,16144,208)
-2256 16752 3920
-496 18288 1536
-368 17344 1584
1936 14896 4304
2256 14320 4256
-336 15248 656
-336 15760 -768
544 15712 -768
-448 15408 -784
-544 15808 -256
448 15936 -304
-32 15712 -432
-208 15888 32
-112 16144 432
-112 16128 736
304 16128 736
208 16128 528
208 16192 448
128 16144 80
192 16192 448
160 16224 512
16 16208 336
16 16208 176
16 16160 96
176 16160 96
112 16096 144
48 16080 320
96 16144 448
96 16144 272
208 16176 -176
288 16176 -48
256 16208 -48
160 16176 320
48 16128 240
160 16176 -32
144 16176 -224
224 16144 80
224 16112 208
176 16112 624
144 16160 624
48 16128 496
48 16160 272
16 16080 96
128 16096 320
176 16128 176
96 16128 496
32 16128 368
32 16128 320
64 16176 320
-16 16144 240
32 16176 384
112 16160 208
112 16096 368
176 16096 112
0 16144 224
80 16176 208
48 16160 112
112 16112 -16
0 16128 240
80 16160 80
80 16160 192
144 16128 192
160 16096 112
112 16064 192
80 16160 320
80 16160 336
48 16160 208
176 16112 208
128 16112 624
176 16112 464
192 16112 656
144 16304 704
256 16256 624
256 16240 416
176 16240 416
0 16144 448
64 16208 352
160 16144 368
288 16176 416
288 16176 416
224 16080 144
112 16080 496
48 16064 496
208 16048 400
96 16144 336
16 16128 336
16 16128 384
144 16080 384
112 16176 432
144 16192 400
64 16160 288
176 16096 416
144 16080 240
144 16144 352
112 16144 352
208 16144 208
224 16144 -64
272 16064 192
272 16048 192
192 16304 64
208 16240 64
272 16128 96
192 16112 64
240 16112 240
208 16160 -112
128 16096 224
128 16160 176
160 16160 176
192 16096 32
224 16128 160
192 16048 -16
0 16144 0
0 16112 80
96 16112 80
64 16096 320
16 16080 352
112 16192 160
0 16128 288
-16 16160 336
-16 16144 128
-80 16144 80
64 16128 80
16 16160 320
32 16160 240
80 16160 240
80 16176 128
208 16176 368
224 16176 208
112 16176 272
96 16208 272
160 16224 -128
128 16160 -144
128 16160 80
128 16160 16
80 16160 624
240 16160 624
208 16192 736
112 16096 768
176 16112 448
224 16144 224
176 16176 368
240 16144 336
240 16144 336
176 16192 384
112 16224 320
112 16128 176
80 16128 304
80 16064 128
80 16064 560
48 16160 560
16 16256 384
192 16288 384
288 16288 192
224 16176 272
160 16208 208
160 16208 160
272 16192 160
272 16144 272
176 16144 368
32 16144 368
64 16192 96
80 16096 288
160 16144 400
144 16128 176
256 16160 224
256 16160 304
176 16096 304
224 16128 144
144 16096 400
144 16048 256
160 16064 96
160 16064 272
240 16144 272
208 16096 288
160 16096 480
64 16080 320
288 16096 176
288 16112 128
320 16112 128
128 16144 400
176 16160 432
192 16176 288
336 16176 320
224 16176 256
160 16192 272
128 16176 432
224 16192 432
224 16192 304
-32 16176 304
208 16192 288
48 16176 320
192 16224 352
192 16176 336
176 16208 224
176 16208 224
240 16128 608
128 16112 496
176 16160 400
208 16080 288
304 16160 240
304 16096 512
288 16096 512
256 16032 448
208 16128 208
144 16176 240
48 16208 368
112 16176 352
160 16176 352
256 16160 464
256 16096 464
192 16112 208
400 16128 416
272 16224 288
272 16224 -96
304 16144 -96
160 16160 0
208 16112 208
48 16160 240
288 16144 240
288 16144 320
176 16192 464
208 16192 272
208 16176 272
240 16160 352
272 16144 144
208 16160 224
208 16160 432
160 16176 432
192 16192 400
176 16208 384
160 16192 176
160 16144 560
80 16176 464
208 16208 224
208 16176 160
432 16208 400
256 16192 240
144 16128 192
160 16144 448
128 16160 496
128 16224 640
96 16224 560
144 16240 288
112 16144 224
288 16160 224
208 16128 272
64 16176 224
64 16160 352
112 16160 128
-32 16160 128
48 16080 304
288 16128 432
416 16160 128
288 16128 208
192 16112 208
368 16144 224
368 16128 368
336 16128 368
240 16112 224
256 16144 240
240 16192 -160
240 16208 -16
192 16224 16
192 16224 64
160 16240 64
288 16256 272
208 16176 208
112 16176 224
96 16064 176
192 16064 96
192 16096 304
144 16096 304
224 16192 128
240 16176 352
144 16160 320
64 16144 144
112 16128 64
112 16176 352
0 16160 240
0 16144 384
224 16144 544
240 16096 544
224 16112 416
112 16144 448
224 16192 304
224 16128 224
336 16128 320
304 16064 320
240 16080 352
80 16160 352
80 16224 208
128 16192 160
112 16160 224
112 16160 224
-64 16128 224
64 16160 48
272 16144 144
240 16224 144
272 16208 208
272 16176 96
240 16176 96
128 16128 192
176 16160 336
192 16064 368
160 16128 544
224 16176 432
224 16176 112
208 16176 112
288 16192 32
176 16240 -16
112 16304 96
144 16160 32
144 16208 144
96 16128 0
176 16160 272
224 16160 256
80 16192 256
48 16048 368
160 16128 432
176 16144 272
176 16144 176
224 16128 176
224 16160 208
144 16208 224
160 16224 -48
144 16192 144
64 16208 464
112 16192 560
112 16192 400
208 16096 400
112 16176 80
128 16256 112
208 16144 112
80 16176 144
80 16144 96
192 16144 208
192 16128 176
112 16128 176
64 16144 480
128 16144 432
160 16112 368
240 16112 272
240 16112 592
144 16112 592
112 16128 256
80 16096 -32
64 16080 160
128 16144 176
32 16144 0
80 16144 208
80 16144 416
80 16160 416
176 16128 432
112 16080 288
96 16128 240
48 16192 192
48 16192 416
96 16128 416
64 16176 336
192 16112 224
64 16144 256
96 16144 432
16 16128 304
16 16128 496
0 16144 496
-48 16112 592
-112 16128 272
64 16112 256
96 16176 208
96 16176 224
-64 16176 352
64 16208 400
80 16208 320
240 16160 320
32 16048 256
48 16144 592
32 16176 464
32 16176 400
-80 16192 400
-16 16192 160
32 16112 192
160 16240 -96
64 16224 -128
80 16160 96
32 16304 256
32 16304 240
64 16288 240
176 16224 448
176 16256 304
-16 16224 144
-16 16224 256
16 16176 304
112 16176 304
160 16208 304
304 16160 400
144 16112 384
80 16176 416
64 16144 608
48 16192 448
48 16192 512
128 16176 512
160 16096 272
112 16064 400
144 16160 384
144 16192 144
112 16192 208
192 16208 208
32 16176 288
0 16176 144
192 16160 112
128 16144 480
128 16192 288
288 16192 288
256 16160 192
160 16112 48
32 16128 -64
192 16096 160
192 16112 -64
208 16144 240
272 16176 304
272 16112 496
272 16112 496
160 16144 352
144 16128 672
224 16208 400
224 16080 144
304 16080 272
224 16112 272
192 16144 352
272 16208 400
160 16160 416
112 16160 496
96 16112 272
96 16192 288
64 16192 288
256 16160 48
336 16112 160
160 16112 160
160 16176 -144
128 16128 96
176 16128 352
240 16160 192
176 16128 112
-80 16112 208
224 16096 96
224 16192 112
176 16192 112
176 16176 528
128 16176 272
112 16208 496
160 16160 352
160 16160 320
352 16160 400
448 16160 304
288 16128 48
240 16080 192
144 16112 256
208 16192 16
208 16240 128
384 16240 240
352 16128 240
192 16000 240
176 16112 336
240 16160 192
288 16128 256
240 16144 448
128 16176 480
128 16128 368
224 16128 368
96 16176 256
128 16224 400
96 16240 144
160 16208 128
32 16096 160
32 16096 304
48 16048 304
64 16080 304
96 16176 368
192 16176 288
160 16144 304
112 16176 -16
112 16176 16
208 16272 16
176 16176 464
352 16176 240
272 16160 400
96 16080 416
96 16160 256
96 16160 -32
192 16192 112
176 16192 112
224 16176 288
224 16208 112
224 16128 528
160 16080 480
160 16080 576
192 16096 432
176 16160 432
272 16144 400
304 16160 288
304 16192 16
192 16144 112
64 16192 464
64 16128 368
128 16128 336
128 16176 336
192 16128 304
64 16144 352
112 16176 352
80 16176 240
80 16176 336
240 16176 288
