startup(x,y,z):(704,16128,176)
608 17696 -1856
5408 20720 10656
3968 18880 14080
5776 17936 9200
4368 16256 3776
2544 15760 2016
1984 16096 208
1984 15472 336
32 15472 336
-384 15664 -1872
224 16000 -2208
400 16096 -2944
752 16080 -2896
624 16304 -752
1008 15840 -496
912 15856 1360
912 15936 2752
976 15936 2384
1072 15984 2384
784 16192 1280
1072 16048 64
784 16160 -608
784 16224 -928
592 16224 -720
384 16192 -464
624 16144 -368
528 16160 -352
672 16128 240
720 16192 720
656 16096 1232
656 16128 1024
656 16096 368
704 16208 -336
576 16128 -1040
640 16032 -640
480 16064 -96
608 16048 400
656 16080 768
608 16080 816
608 16080 336
736 16064 336
816 16048 176
896 16160 -304
720 16160 -112
720 16240 -352
528 16256 -480
576 16256 -480
256 16144 -80
432 16160 160
336 16192 400
416 16176 656
128 16240 912
-112 16160 448
-112 16208 160
144 16208 -32
288 16208 -32
528 16192 -464
656 16176 -576
784 16112 -208
832 16240 -64
656 16208 176
704 16176 288
704 16224 528
688 16224 528
784 16256 480
704 16160 608
704 16128 384
656 16128 -32
656 16192 -176
528 16208 -464
640 16208 -480
608 16240 -224
560 16144 16
592 16112 16
640 16176 -128
736 16192 112
624 16160 560
624 16256 480
704 16256 480
752 16224 432
800 16096 144
656 16144 -144
480 16208 -128
512 16256 -176
560 16192 -32
560 16176 -144
720 16176 112
672 16176 192
720 16208 144
704 16112 464
688 16160 496
688 16176 496
800 16176 448
736 16176 448
768 16208 112
768 16208 128
720 16224 80
704 16208 176
672 16272 192
672 16272 192
656 16272 192
544 16208 480
640 16240 144
720 16192 272
752 16240 352
752 16208 480
736 16288 368
624 16192 160
624 16160 416
640 16160 448
720 16192 448
768 16224 400
736 16160 160
640 16256 224
640 16224 -48
544 16224 -64
720 16192 160
576 16144 160
704 16160 16
736 16176 192
784 16160 224
864 16192 64
720 16160 64
720 16176 176
816 16176 112
656 16192 112
736 16192 -16
768 16176 224
864 16224 256
768 16128 272
784 16128 160
800 16064 176
800 16064 464
720 16032 464
752 16160 320
736 16160 320
784 16176 240
784 16240 432
624 16240 272
912 16176 272
864 16176 192
656 16208 -224
512 16144 -16
512 16112 32
576 16208 0
560 16352 160
560 16352 112
704 16144 112
704 16160 64
848 16160 32
704 16160 144
704 16112 80
832 16208 48
752 16208 160
752 16208 16
912 16208 16
832 16208 256
736 16192 96
608 16128 -144
656 16240 16
656 16288 32
624 16288 -48
560 16224 -80
752 16128 -80
880 16176 112
704 16192 112
832 16192 208
784 16160 288
592 16224 224
592 16144 272
592 16144 304
720 16144 208
704 16160 208
688 16128 288
736 16096 288
736 16144 480
720 16176 272
656 16160 -128
656 16192 208
528 16192 208
704 16208 336
768 16224 320
752 16176 160
752 16176 208
752 16112 128
720 16112 80
768 16176 80
720 16192 64
848 16176 0
704 16192 240
752 16144 336
720 16112 208
720 16176 -256
640 16176 -256
768 16208 -144
768 16208 160
720 16288 -80
688 16272 -80
752 16224 96
624 16208 160
640 16224 96
704 16144 -80
704 16016 48
720 16016 32
880 16048 32
832 16144 -128
864 16128 -256
848 16176 -320
720 16160 -272
800 16112 -80
864 16272 -160
784 16272 -32
816 16272 -32
880 16208 -96
848 16112 32
800 16128 80
800 16128 -80
880 16176 -80
880 16240 -96
832 16144 32
848 16112 48
720 16064 352
688 16144 128
528 16128 240
528 16160 128
576 16160 128
624 16192 64
608 16160 352
688 16144 64
608 16208 -64
608 16160 160
688 16160 160
704 16128 144
720 16224 -48
736 16192 64
688 16192 48
592 16208 128
736 16192 272
736 16192 288
704 16144 288
736 16144 208
592 16192 160
656 16176 240
512 16192 112
592 16160 96
672 16112 -32
752 16112 -128
752 16128 -64
896 16128 176
880 16176 176
784 16176 208
688 16176 112
736 16112 48
704 16144 80
704 16240 160
704 16208 128
784 16208 144
784 16176 32
704 16176 64
576 16208 64
624 16176 16
736 16160 288
816 16256 224
720 16176 208
736 16112 208
784 16144 192
768 16160 -160
704 16160 -128
624 16144 -16
720 16048 160
720 16128 144
640 16128 48
640 16192 48
672 16208 -256
576 16176 -96
688 16176 -48
688 16160 208
672 16256 208
720 16144 0
752 16240 96
544 16160 -32
544 16160 -288
608 16128 48
80 16080 48
-64 15968 -96
-96 16112 -96
16 16144 160
192 16080 32
192 16080 32
160 16080 -320
608 16144 -224
608 16176 480
736 16176 480
784 16272 384
768 16112 528
752 16144 208
752 16224 -80
832 16256 208
784 16256 112
784 16224 -64
784 16224 -64
560 16224 -704
800 16032 -912
576 16016 -192
608 15968 144
608 15968 368
640 16096 368
464 16080 432
432 16064 80
352 16080 176
496 16192 288
496 16304 16
752 16304 -208
736 16288 -208
752 16176 -400
864 16112 -304
896 16112 64
800 16048 320
800 16048 672
816 16112 672
800 16160 592
864 16176 176
576 16256 -496
576 16288 -608
384 16288 -448
432 16224 -448
464 16240 -304
448 16144 -32
544 16192 -128
544 16208 -64
544 16208 48
560 16224 48
448 16192 64
672 16192 272
560 16096 240
624 16048 -208
624 16128 -192
656 16128 240
640 16128 240
576 16096 384
512 16096 432
768 16256 608
736 16288 544
736 16288 224
704 16256 224
656 16256 272
736 16192 32
736 16160 64
608 16208 0
672 16176 -112
672 16176 64
816 16128 64
624 16240 96
608 16160 304
448 16160 -48
448 16160 -32
336 16096 -32
240 16096 -384
592 16176 64
464 16096 -336
384 16128 96
352 16176 -112
352 16176 32
496 16144 32
592 16144 160
640 16128 288
816 16144 272
816 16144 208
832 16224 208
800 16192 96
688 16272 192
624 16320 64
688 16256 48
688 16160 -16
624 16160 208
736 16224 208
848 16176 192
752 16160 112
608 16192 304
608 16176 192
704 16176 144
656 16144 208
720 16144 112
672 16192 16
720 16160 128
704 16128 -32
736 16256 64
704 16192 304
704 16192 304
752 16192 304
624 16112 144
688 16192 224
720 16176 32
656 16192 336
720 16192 272
848 16144 240
752 16192 160
752 16208 224
752 16208 336
704 16176 336
720 16256 416
608 16160 272
656 16208 192
656 16176 224
704 16176 96
624 16208 96
704 16192 48
656 16192 -128
736 16208 0
448 16256 -64
512 16272 112
512 16256 128
752 16256 128
704 16208 160
784 16144 160
736 16096 160
640 16064 144
640 16176 256
544 16176 256
768 16176 176
736 16144 240
768 16096 416
736 16128 432
720 16160 448
544 16176 288
544 16176 128
608 16160 128
592 16096 96
688 16160 32
720 16144 176
720 16160 144
960 16080 144
752 16144 192
752 16208 256
784 16208 256
592 16176 112
576 16176 272
640 16240 192
640 16256 128
608 16256 -16
656 16192 -16
624 16208 32
704 16208 192
736 16192 192
672 16176 272
688 16320 320
656 16240 464
672 16224 304
672 16192 448
704 16192 448
400 16192 336
512 16208 288
560 16176 256
608 16160 80
672 16192 256
752 16160 0
832 16176 288
832 16176 368
704 16096 368
624 16128 192
784 16224 224
784 16272 224
720 16240 192
720 16256 240
768 16256 0
720 16144 0
704 16192 -128
672 16192 -16
592 16176 416
592 16176 384
752 16176 384
656 16224 304
688 16160 528
688 16176 288
688 16192 288
720 16176 -48
720 16176 -48
720 16208 112
752 16160 288
592 16208 336
592 16192 320
592 16112 256
448 16112 256
496 16240 112
752 16272 48
768 16144 224
512 16224 208
704 16224 176
832 16176 176
656 16128 208
848 16144 208
768 16144 352
656 16224 288
576 16224 256
576 16144 352
688 16144 336
624 16192 336
816 16192 400
800 16240 96
640 16160 112
560 16160 112
656 16096 144
768 16112 288
784 16144 352
736 16176 352
736 16176 0
768 16192 0
656 16208 -80
816 16288 -192
864 16208 16
864 16160 -96
672 16256 -16
