startup(x,y,z):(560,16192,160)
-6176 15712 3392
5536 13984 2208
9280 13984 2208
4944 14624 864
2208 14976 1856
-8272 15232 5776
-8272 15824 4064
-3920 15824 15616
14368 17376 15616
1968 17440 2544
-9888 18704 1920
-5168 18688 -3216
6896 17248 -17616
4464 15936 5008
-2704 16224 8208
-1280 16368 8208
-2416 16144 3840
-32 16288 1712
848 16864 -3152
1104 16832 -3040
288 16528 -3216
-320 16048 -3200
672 16336 -352
672 16240 -720
2912 16240 1664
-320 16224 1664
1024 16224 3648
-1280 16160 3264
144 16288 1216
144 16432 -240
528 16432 -752
784 16336 -752
1040 16176 -976
1264 16080 -976
832 16224 -1168
-144 16128 -32
928 16176 -48
928 16176 592
48 16224 592
1104 16160 1456
944 16272 1456
1600 16272 816
944 16336 208
944 16192 -640
560 16208 -144
368 16192 -544
368 16192 -784
848 16160 -784
720 16256 128
880 16192 720
416 16128 1088
736 16192 720
1136 16096 -336
1136 16128 -160
768 16160 -192
368 16144 240
368 16128 -256
1136 16128 -256
128 16224 -160
1040 16192 -384
208 16128 320
528 16144 880
640 16192 720
640 16208 384
432 16208 384
592 16128 -384
240 16144 -80
832 16224 -240
560 16160 -368
1152 16224 -192
1152 16176 128
752 16176 832
496 16240 832
272 16192 800
368 16192 384
704 16208 -32
704 16256 0
608 16240 16
704 16240 -208
496 16240 -592
640 16256 -592
800 16224 -624
544 16240 32
592 16208 384
592 16176 576
720 16176 576
384 16128 832
640 16176 640
640 16208 192
512 16208 -240
592 16160 -448
736 16176 -224
736 16208 16
752 16208 352
688 16256 352
720 16160 384
640 16096 464
640 16096 544
752 16176 704
752 16176 640
800 16176 448
512 16096 448
672 16224 -16
544 16240 -16
624 16208 -320
784 16176 -224
768 16128 -112
768 16032 256
608 16032 256
736 16064 448
656 16048 528
576 16080 368
480 16208 304
624 16224 224
736 16160 208
736 16208 112
816 16208 -240
672 16128 -240
592 16176 16
656 16208 -176
496 16176 128
496 16176 96
576 16176 208
480 16192 208
496 16192 128
464 16208 96
640 16208 80
640 16112 176
640 16192 96
512 16176 192
496 16176 0
432 16160 64
560 16176 16
560 16160 -32
608 16160 -32
544 16192 -96
576 16176 240
656 16208 240
656 16160 272
704 16176 160
672 16176 0
672 16176 80
624 16096 80
592 16144 144
656 16272 368
608 16240 -64
656 16288 -96
528 16224 112
528 16272 144
544 16208 192
544 16208 16
544 16208 16
480 16176 272
528 16240 -192
480 16144 16
480 16128 -320
528 16128 -48
512 16080 -48
416 16192 96
304 16240 128
304 16208 240
576 16192 144
592 16176 224
592 16128 208
688 16128 208
768 16128 96
768 16176 16
544 16128 192
592 16192 304
592 16192 112
672 16192 112
640 16176 16
688 16208 -128
672 16272 32
720 16160 400
624 16272 464
624 16176 224
688 16176 224
912 16224 240
816 16208 192
784 16208 64
640 16160 112
640 16160 336
496 16160 336
464 16192 336
512 16256 336
512 16208 368
368 16176 240
592 16192 160
592 16160 272
640 16160 272
560 16080 368
560 16112 368
528 16144 176
528 16144 128
496 16208 64
480 16176 304
480 16080 256
608 16080 368
560 16112 368
560 16192 352
496 16160 224
528 16208 224
528 16192 112
544 16192 160
576 16288 160
544 16160 368
640 16128 224
608 16080 144
832 16112 176
656 16080 144
656 16080 208
576 16144 208
624 16240 288
672 16192 224
768 16176 144
768 16176 256
784 16176 368
688 16192 368
640 16208 560
704 16208 384
560 16192 256
624 16128 192
624 16144 0
624 16144 0
736 16176 -48
720 16176 336
656 16128 368
672 16112 224
672 16112 160
752 16128 160
688 16128 96
640 16176 160
640 16176 272
688 16112 176
688 16128 64
688 16128 288
656 16144 288
656 16144 192
640 16224 224
464 16240 176
512 16288 240
448 16256 288
464 16176 240
512 16256 336
512 16160 304
464 16160 304
608 16192 240
656 16224 208
688 16208 192
688 16208 256
592 16224 256
640 16240 304
592 16208 384
640 16240 240
752 16192 160
672 16144 0
672 16144 -64
608 16160 -64
592 16224 -144
608 16240 256
672 16224 224
672 16128 96
736 16128 -144
672 16208 -144
576 16208 -48
528 16192 144
560 16160 240
576 16176 256
576 16192 224
592 16192 240
496 16144 240
528 16192 96
784 16144 0
768 16160 384
768 16160 192
848 16160 192
688 16160 320
544 16176 240
512 16160 -240
688 16032 -64
560 16176 0
560 16208 32
672 16208 128
640 16224 128
528 16208 192
448 16208 -48
464 16208 144
512 16192 64
560 16224 -48
656 16192 176
720 16096 128
720 16160 0
688 16160 64
672 16128 64
752 16144 80
688 16128 320
624 16240 240
624 16176 256
704 16176 176
624 16208 176
656 16160 96
560 16208 96
752 16208 112
688 16208 288
688 16208 160
800 16208 112
672 16352 112
544 16304 128
512 16272 352
528 16160 256
528 16176 272
448 16176 128
672 16256 256
528 16256 256
384 16144 192
480 16160 240
544 16176 544
544 16144 400
560 16144 496
544 16160 496
672 16160 384
704 16208 -112
752 16176 32
752 16224 208
672 16192 320
672 16128 0
672 16128 0
880 16176 128
848 16160 128
752 16144 256
752 16192 192
672 16192 96
672 16192 -16
816 16144 -16
768 16144 16
656 16112 -16
592 16112 304
624 16144 288
592 16208 208
592 16256 -112
576 16256 -112
608 16160 -16
800 16160 96
640 16112 112
528 16112 240
528 16096 240
656 16096 240
592 16112 240
560 16176 240
784 16192 48
704 16208 144
480 16128 112
480 16240 144
560 16240 144
640 16224 48
672 16128 176
656 16176 128
672 16160 112
672 16160 96
688 16192 112
656 16224 288
608 16176 288
528 16128 48
528 16224 16
624 16160 400
480 16160 400
608 16144 192
560 16256 144
656 16272 -32
704 16144 128
704 16176 32
624 16112 32
752 16112 32
688 16240 -32
560 16272 64
688 16208 144
736 16192 160
736 16192 176
528 16240 320
576 16160 320
592 16208 288
592 16192 176
656 16144 448
656 16112 192
688 16112 128
688 16368 112
672 16224 112
720 16192 80
672 16208 -16
672 16192 64
640 16240 160
640 16160 160
512 16160 160
528 16160 128
544 16064 240
608 16064 208
656 16256 192
656 16352 160
656 16288 256
592 16288 256
688 16240 80
624 16176 -256
720 16192 -352
800 16176 -240
800 16176 64
752 16176 64
688 16288 48
592 16256 48
480 16208 240
592 16096 64
752 16144 96
752 16192 416
576 16192 224
624 16272 224
656 16224 96
720 16304 128
688 16192 80
688 16192 400
560 16160 160
672 16144 416
592 16144 416
560 16192 256
720 16192 336
592 16192 320
592 16144 208
784 16144 208
672 16160 240
640 16192 368
624 16192 -16
560 16256 128
592 16224 192
512 16256 336
480 16208 272
480 16160 336
816 16160 160
752 16144 160
672 16160 240
656 16176 112
592 16208 208
624 16208 -144
624 16208 192
560 16096 -16
512 16160 32
640 16160 32
592 16128 -80
768 16128 -128
672 16096 -96
672 16352 48
576 16128 48
608 16160 -16
688 16160 272
768 16096 240
672 16112 256
688 16176 160
704 16176 256
704 16096 208
656 16096 208
576 16240 368
496 16224 208
496 16176 192
720 16192 256
736 16160 224
736 16160 272
688 16192 272
672 16128 288
592 16208 400
560 16256 432
544 16192 320
528 16208 144
528 16176 176
496 16176 176
496 16240 304
560 16240 448
592 16208 272
608 16128 464
496 16112 400
496 16144 432
608 16160 240
608 16144 192
480 16144 192
544 16192 400
624 16080 320
704 16160 400
736 16128 240
736 16128 96
800 16128 96
592 16112 144
592 16176 128
672 16224 288
640 16192 368
736 16160 624
736 16112 336
672 16112 336
624 16160 288
656 16128 240
672 16096 368
688 16176 336
688 16176 288
640 16176 -224
560 16208 -64
720 16192 -64
784 16240 -96
656 16224 96
576 16272 224
624 16192 48
624 16192 336
656 16192 144
816 16160 -80
704 16128 -80
656 16112 96
704 16208 -16
