startup(x,y,z):(224,16128,272)
3520 18304 1536
4768 16944 5264
2624 16448 5264
1152 16624 3888
1840 14864 224
1152 15872 2240
1152 15888 3344
1168 16432 2928
832 16432 2928
448 16320 -752
736 16784 1984
320 16368 3584
672 16192 896
672 16352 1728
1424 16864 3248
1424 15216 3200
3072 15216 3200
2640 15920 2400
1008 16176 1472
1344 15792 -240
1504 15728 608
1504 15968 1584
1200 15968 912
736 16240 912
448 16144 -224
464 15968 16
544 16144 1264
544 16016 368
256 16016 368
-32 16192 -256
-160 16160 -800
-80 16176 -240
16 16192 112
16 16096 -80
32 16144 -320
48 16256 -96
112 16256 -96
192 16256 432
144 16352 416
256 16224 -80
0 16240 -80
240 16240 288
352 16192 288
80 16256 400
96 16224 272
16 16208 224
224 16144 240
224 16144 240
352 16144 528
240 16080 528
80 16080 256
160 16240 64
160 16192 80
176 16192 304
160 16176 304
368 16272 224
208 16304 176
432 16304 208
448 16272 144
448 16176 464
432 16176 464
368 16288 336
368 16144 224
272 16176 176
272 16224 224
272 16224 384
272 16224 384
272 16240 0
240 16176 80
192 16256 176
192 16144 400
224 16144 640
144 16224 640
176 16112 304
160 16208 144
304 16144 320
304 16192 528
176 16192 528
240 16224 256
192 16272 176
352 16208 272
320 16192 608
320 16144 512
128 16144 -208
128 16160 -208
256 16304 224
192 16256 256
336 16288 272
336 16336 608
240 16336 608
176 16144 464
416 15952 0
432 16176 -720
304 16368 -256
304 16368 592
112 16496 592
144 16368 832
352 16176 416
464 16016 -240
464 16160 -464
288 16160 -160
224 16352 -160
144 16192 -16
256 16240 112
224 16288 96
224 16096 224
352 16096 432
368 16064 432
176 16064 496
256 16144 -48
256 16384 112
304 16384 240
160 16336 240
112 16080 576
16 15968 544
-16 15808 96
-16 16080 32
48 16080 32
64 16496 416
288 16416 464
192 16336 368
192 16192 448
80 16192 240
96 16176 240
80 16256 144
64 16256 112
144 16176 208
144 16112 192
400 16112 192
480 16176 160
400 16192 96
352 16208 32
352 16112 -16
352 16112 128
304 16208 128
336 16192 448
208 16096 336
160 16128 304
160 16128 144
256 16240 304
240 16240 304
320 16304 272
272 16240 352
240 16304 368
496 16224 320
288 16224 128
272 16192 128
160 16208 64
144 16288 -16
240 16256 192
240 16256 336
512 16208 336
288 16160 352
384 16112 224
320 16176 176
176 16160 208
176 16176 128
176 16176 256
352 16176 256
272 16112 192
128 16096 400
416 16128 480
416 16144 256
352 16144 256
384 16208 32
304 16208 336
320 16176 224
336 16224 32
288 16240 0
288 16240 192
240 16176 192
432 16240 112
464 16304 192
352 16256 272
352 16256 496
224 16192 496
208 16112 352
272 16128 64
272 16240 208
400 16192 288
400 16144 368
272 16144 368
336 16160 128
400 16160 192
288 16192 240
256 16144 224
256 16144 256
304 16144 256
304 16128 -96
272 16112 -32
0 16192 176
0 16176 208
320 16176 432
416 16240 432
432 16304 288
320 16384 128
304 16288 192
304 16288 192
464 16160 192
384 16224 -48
336 16192 160
256 16176 -96
256 16144 -48
272 16144 192
192 16176 192
304 16144 576
256 16096 272
128 16144 240
128 16176 224
272 16176 224
320 16192 240
304 16144 320
256 16272 224
496 16240 192
496 16160 496
400 16160 240
464 16112 64
352 16208 96
352 16112 256
352 16144 368
352 16144 400
304 16256 400
304 16224 336
416 16272 208
288 16320 336
304 16304 224
304 16304 288
336 16272 288
304 16224 -16
368 16160 -64
320 16192 -96
320 16176 64
304 16176 128
320 16144 160
272 16224 272
224 16224 240
224 16128 288
240 16128 176
288 16144 176
224 16128 416
240 16144 128
208 16240 112
272 16256 208
272 16256 96
192 16272 96
128 16176 208
160 16192 480
256 16128 160
256 16128 176
160 16192 176
160 16176 80
208 16160 192
176 16176 -96
176 16272 -64
224 16240 64
224 16240 48
336 16208 48
240 16208 160
176 16224 448
32 16224 320
32 16224 400
192 16208 272
336 16160 272
384 16176 416
352 16192 448
272 16144 352
272 16160 224
352 16160 416
208 16208 416
256 16240 272
272 16224 544
352 16272 352
352 16272 496
352 16224 496
400 16256 432
320 16256 256
368 16224 432
368 16192 256
336 16192 320
288 16112 320
304 16192 176
432 16192 144
528 16208 128
528 16272 192
336 16272 192
304 16128 512
256 16128 256
304 16096 304
240 16048 240
240 16112 256
304 16112 256
240 16208 208
224 16256 192
208 16288 272
208 16080 288
240 16080 272
272 16224 272
304 16288 272
272 16288 32
208 16208 48
240 16224 272
240 16224 128
112 16272 128
208 16208 208
192 16096 320
240 16080 304
240 16096 464
224 16096 464
128 16112 464
240 16080 256
208 16224 160
16 16160 224
16 16176 176
128 16176 160
288 16128 160
192 16272 224
256 16320 144
240 16256 160
240 16224 224
224 16224 224
464 16256 16
272 16224 32
336 16224 208
288 16240 304
288 16256 240
320 16256 256
432 16160 256
352 16192 112
304 16208 80
544 16208 160
544 16208 192
448 16176 192
304 16160 192
304 16272 304
256 16224 432
240 16192 336
240 16192 400
320 16272 400
256 16208 256
288 16112 384
272 16208 368
272 16160 224
256 16160 304
192 16224 304
256 16224 704
304 16240 496
368 16208 208
368 16208 32
288 16224 32
256 16160 96
128 16224 256
192 16256 336
320 16192 496
320 16176 192
576 16144 48
320 16240 224
192 16208 96
256 16240 112
256 16240 272
384 16144 272
224 16192 224
384 16128 192
368 16160 64
320 16224 160
320 16224 0
240 16112 0
304 16128 16
304 16096 416
272 16160 320
272 16160 416
272 16160 416
256 16176 352
208 16160 224
304 16224 160
400 16208 240
400 16208 256
384 16128 256
416 16160 176
320 16128 464
304 16128 720
304 16176 320
336 16176 320
288 16256 304
112 16192 432
224 16160 48
288 16176 208
288 16112 528
384 16112 288
320 16160 288
272 16208 304
304 16160 80
208 16272 144
208 16272 112
320 16256 112
304 16256 288
176 16176 240
384 16192 272
256 16160 112
256 16160 48
256 16160 160
304 16208 160
208 16208 64
272 16080 128
224 16240 128
224 16240 96
352 16208 96
304 16240 112
304 16208 368
240 16208 352
240 16224 160
256 16224 128
160 16208 128
224 16192 272
208 16144 416
112 16144 144
112 16144 96
176 16208 96
208 16224 304
320 16240 -64
304 16240 128
304 16208 80
240 16208 224
448 16272 224
272 16288 288
208 16224 272
288 16272 256
288 16208 352
432 16208 304
368 16208 304
352 16224 288
144 16208 304
144 16192 240
192 16192 560
256 16176 560
160 16176 480
384 16176 352
336 16240 224
336 16240 96
400 16240 96
224 16192 432
400 16208 400
352 16208 288
352 16128 176
256 16128 176
176 16160 208
192 16112 288
192 16064 352
240 16128 240
240 16192 224
240 16240 -16
256 16240 -16
240 16304 32
288 16288 -80
288 16192 64
288 16144 240
32 16144 240
224 16144 160
224 16128 384
336 16192 240
336 16160 272
336 16160 288
336 16160 288
240 16112 112
288 16176 448
416 16208 304
416 16176 -96
288 16176 -48
224 16208 -48
416 16176 96
176 16224 112
240 16096 80
240 16144 272
432 16144 272
512 16128 160
416 16176 192
336 16208 176
416 16240 160
368 16288 32
304 16288 384
224 16224 384
240 16144 528
336 16080 544
288 16160 352
288 16208 272
384 16208 448
368 16064 432
304 16064 432
384 15984 736
352 16080 352
336 16096 608
336 16224 352
448 16224 352
272 16160 80
320 16096 -32
352 16128 320
192 16160 272
208 16208 160
240 15968 368
256 15936 528
352 15904 480
352 15904 208
384 16048 208
336 16192 64
288 16272 448
464 16240 176
464 16256 -128
656 16256 -128
704 16224 128
640 16208 112
544 16144 128
368 16144 0
208 16176 64
