startup(x,y,z):(656,16192,224)
-1504 15904 272
576 16064 -112
-544 16096 -1040
128 16144 -1616
80 16016 -1712
576 16064 -1184
144 16080 -432
144 16032 -2368
1504 16032 -2368
-9072 16704 1680
-5360 16768 1568
-6112 16528 1568
-352 16160 2304
864 16240 2464
864 16608 2192
-1776 16608 -128
-2176 16576 -128
-544 16416 -1664
240 16336 -1664
992 16384 -1872
-288 16336 -912
464 16272 -704
464 16272 768
-320 16144 768
528 16160 1296
496 16240 480
368 16112 512
1296 16144 -496
-736 16128 -448
384 16016 -176
-256 16096 32
-256 16096 224
400 16176 224
688 16176 304
240 16176 896
688 16192 752
720 16160 -432
944 16272 -480
672 16176 -480
704 16224 -656
464 16208 -656
512 16272 -64
864 16208 48
416 16208 448
416 16208 976
592 16208 976
736 16192 528
432 16208 176
624 16144 -208
576 16208 -336
416 16256 112
736 16224 416
752 16256 48
752 16224 304
496 16224 304
624 16208 256
416 16272 -176
496 16288 -304
736 16224 -336
592 16176 -112
592 16224 176
752 16224 176
640 16128 368
704 16128 368
1008 16096 528
864 16080 96
896 16112 112
832 16112 -64
832 16112 -352
800 16208 -352
544 16160 -272
672 16176 -320
400 16176 160
448 16144 464
608 16144 400
608 16192 368
608 16192 224
608 16192 224
800 16112 96
592 16144 96
704 16064 224
704 16064 96
672 16080 400
752 16080 160
672 16128 -96
576 16144 -64
624 16112 352
608 16144 352
560 16176 288
816 16192 272
656 16176 320
656 16176 64
496 16224 64
272 16128 96
688 16192 64
736 16112 208
608 16144 480
672 16176 304
688 16144 -16
544 16128 -128
544 16128 48
528 16160 48
560 16144 96
544 16208 128
672 16176 112
608 16144 320
592 16176 224
592 16256 176
624 16256 176
608 16224 272
432 16224 272
448 16192 -32
736 16208 -128
800 16112 128
672 16256 192
672 16176 128
704 16176 80
624 16176 80
720 16128 176
704 16144 240
768 16048 224
704 16096 352
592 16192 576
496 16160 304
496 16160 32
576 16240 32
592 16208 32
544 16256 -48
720 16112 16
704 16144 80
704 16208 80
672 16208 416
544 16208 304
608 16224 192
576 16144 192
656 16160 16
624 16176 128
560 16160 64
560 16160 64
528 16112 64
528 16176 32
608 16192 -16
544 16160 224
752 16128 160
624 16112 352
768 16176 224
768 16096 288
624 16096 288
672 16112 272
448 16192 128
576 16256 112
816 16240 32
704 16176 32
576 16176 32
688 16128 176
672 16096 192
672 16144 -176
608 16144 -176
640 16144 -64
720 16064 112
560 16128 352
592 16160 288
592 16224 112
576 16224 112
592 16208 160
512 16224 224
480 16192 192
544 16256 112
560 16160 112
656 16208 480
656 16208 352
480 16240 352
496 16208 160
464 16208 240
512 16256 128
496 16256 272
576 16224 304
576 16224 304
512 16176 272
480 16176 272
592 16144 272
544 16144 128
640 16112 288
608 16144 192
608 16144 192
608 16128 48
688 16112 48
576 16144 -32
304 16160 96
592 16144 192
592 16096 96
560 16096 352
464 16096 320
528 16224 256
544 16192 336
624 16240 192
624 16176 112
784 16176 64
688 16144 64
544 16176 208
736 16096 288
496 16064 320
496 16112 464
688 16112 -16
800 16176 -16
608 16208 224
592 16192 -96
624 16224 80
624 16272 64
608 16272 64
800 16208 96
704 16192 16
816 16144 -64
672 16304 0
672 16256 240
736 16256 496
544 16192 336
560 16224 304
528 16144 -32
624 16240 16
624 16240 112
624 16256 112
544 16256 96
544 16224 256
672 16176 256
704 16272 144
704 16176 96
624 16176 96
512 16256 192
560 16256 224
704 16112 240
704 16272 160
688 16272 160
560 16240 144
624 16160 0
800 16176 176
592 16160 288
592 16176 240
592 16176 480
496 16096 480
576 16192 176
496 16224 336
496 16256 -144
496 16256 -96
496 16208 -96
672 16192 -48
656 16128 96
592 16112 400
608 16144 320
608 16176 160
608 16176 160
624 16208 224
784 16256 320
672 16224 80
656 16176 192
656 16176 240
688 16112 240
624 16128 0
640 16224 -80
384 16192 48
384 16208 -16
448 16208 -16
560 16128 -16
752 16176 0
640 16176 112
592 16176 176
592 16208 128
512 16208 -128
640 16176 -208
480 16208 112
512 16272 80
640 16240 144
592 16224 96
560 16192 32
544 16240 64
320 16272 48
496 16160 -48
496 16112 0
800 16112 0
800 16128 80
656 16160 -288
720 16096 -48
720 16128 144
640 16128 144
608 16096 16
608 16160 -16
544 16240 384
336 16224 384
336 16224 288
512 16224 336
576 16208 336
496 16176 464
576 16176 608
496 16176 384
496 16176 144
496 16176 -112
528 16192 -112
560 16224 -48
528 16176 304
416 16176 288
416 16176 288
512 16176 288
464 16192 192
544 16176 192
512 16176 192
512 16144 64
672 16144 96
704 16208 96
624 16192 176
624 16176 64
512 16256 128
512 16192 192
496 16192 112
736 16192 112
624 16208 144
816 16192 144
752 16128 352
752 16128 272
608 16112 272
608 16128 224
736 16160 48
752 16192 32
736 16128 48
736 16128 32
848 16240 32
560 16288 112
544 16256 192
512 16160 304
512 16112 112
640 16112 176
688 16128 176
656 16160 224
560 16112 304
624 16112 480
624 16080 544
560 16080 544
496 16144 192
784 16144 -64
592 16224 -224
496 16256 -32
496 16240 160
560 16240 48
480 16272 48
624 16208 176
608 16176 368
608 16224 288
608 16192 160
608 16176 368
496 16176 304
704 16144 304
720 16160 224
576 16224 368
608 16208 192
736 16176 240
736 16176 304
880 16176 304
720 16208 272
720 16176 352
592 16208 320
528 16208 48
528 16144 224
528 16144 320
656 16096 320
672 16128 544
624 16160 560
656 16176 256
656 16176 288
592 16240 288
528 16304 192
512 16240 128
640 16256 304
576 16224 272
576 16256 320
528 16256 64
704 16192 144
672 16176 176
592 16160 272
608 16112 256
608 16112 352
560 16096 352
656 16080 144
720 16144 -32
672 16112 16
672 16096 256
672 16096 304
656 16128 304
768 16208 336
736 16160 400
880 16160 112
880 16144 128
736 16144 128
656 16208 176
656 16256 64
528 16240 0
560 16096 160
608 16096 160
672 16176 -64
672 16128 224
608 16160 272
704 16240 128
704 16256 160
768 16256 160
656 16288 176
704 16144 176
624 16144 64
560 16192 192
560 16192 112
640 16192 112
736 16144 -48
656 16144 0
640 16144 192
464 16224 224
464 16224 -192
592 16224 -192
720 16272 -128
736 16208 16
704 16192 128
624 16208 48
624 16192 -256
608 16192 -256
656 16208 0
544 16112 16
544 16288 80
608 16224 336
608 16224 368
720 16192 368
656 16256 560
576 16224 480
448 16224 368
448 16240 176
512 16240 48
512 16288 48
672 16208 80
640 16192 -112
784 16144 176
784 16144 224
720 16144 224
672 16176 464
816 16160 272
672 16208 240
560 16176 272
560 16176 320
704 16176 320
560 16272 48
576 16224 -48
656 16208 144
560 16160 288
560 16208 0
496 16208 0
592 16224 80
624 16160 16
576 16192 32
576 16144 16
688 16144 0
576 16208 0
576 16240 48
512 16224 272
544 16224 208
544 16272 272
512 16272 256
640 16176 256
656 16240 208
512 16240 80
576 16256 192
576 16256 176
816 16176 176
720 16144 256
672 16192 144
656 16144 16
656 16112 0
656 16144 112
672 16144 112
640 16160 384
656 16096 448
432 16064 352
432 16112 352
448 16112 352
512 16096 496
528 16096 368
512 16080 272
560 16192 176
560 16176 240
400 16176 416
496 16160 416
592 16112 352
576 16192 96
736 16208 320
736 16208 192
624 16304 192
752 16240 16
800 16224 -32
672 16240 160
704 16256 80
704 16272 192
592 16272 176
656 16240 176
672 16256 208
720 16176 400
816 16112 304
816 16112 -128
800 16208 -128
784 16144 192
768 16176 320
736 16208 288
672 16176 208
672 16176 192
672 16080 192
656 16160 96
768 16192 144
608 16128 480
608 16128 384
448 16128 96
