startup(x,y,z):(592,16016,224)
-3392 16352 7440
3424 15792 -1328
-624 15344 -8304
-128 15952 -7616
-128 16080 -3872
672 16080 -3872
864 16336 -96
-240 16208 2992
-624 16224 2896
16 16016 576
16 15872 128
416 15872 128
160 16256 480
1056 16256 1216
944 16144 1472
224 16320 1584
256 16080 384
208 15792 -1056
144 15888 -1808
144 15888 -1680
496 16016 -1680
288 16160 -864
480 16272 336
720 16368 2080
768 16304 2768
944 16160 1664
896 16080 352
656 16064 -528
656 16064 -1200
320 16064 -1200
320 16016 -912
96 16064 -176
608 16144 -320
560 16304 -304
560 16304 96
976 16144 96
976 16160 848
976 16064 1824
976 16112 2144
752 16080 1248
304 16048 -16
304 16144 -976
464 16144 -912
512 16128 -912
352 16144 -64
384 16176 144
384 16192 -192
384 16112 -224
416 16112 -32
576 16128 416
736 16128 640
768 16096 640
640 16272 848
688 16208 912
544 16160 160
544 16128 128
544 16128 -128
400 16096 -128
560 16064 -208
736 16144 176
560 16192 400
624 16192 592
608 16112 688
576 16160 256
576 16160 -128
704 16064 -560
496 16112 -560
528 16208 -576
464 16176 -576
368 16176 -448
528 16160 -416
528 16160 -80
576 16176 368
672 16144 768
736 16144 848
736 16128 848
752 16048 1200
704 16112 944
624 16096 560
624 16176 -48
720 16176 -304
768 16144 -304
512 16176 -304
528 16192 -96
448 16080 432
384 16144 544
528 16176 464
528 16176 128
576 16144 128
576 16128 -64
576 16096 -112
448 16080 0
448 16032 -16
480 16032 160
464 16128 160
560 16144 480
624 16160 448
832 16096 448
672 16128 720
784 16112 416
704 16096 48
704 16096 272
528 16080 176
272 16096 176
400 16096 -112
416 16096 -32
480 16160 -112
688 16128 96
672 16176 688
672 16192 752
624 16192 528
688 16128 528
816 16112 448
688 16096 528
656 16016 240
688 16016 -32
720 16080 -128
720 16080 144
624 16080 64
688 16080 48
784 16080 48
576 16096 320
704 16096 480
592 16096 384
592 16064 320
480 16064 224
480 16048 224
416 16048 48
464 16064 -64
784 16128 80
720 16112 304
624 16160 352
624 16128 448
704 16128 448
576 16160 464
560 16128 432
576 16080 128
608 16080 144
608 16016 208
656 16016 208
464 16128 -16
368 16112 0
416 16096 -240
352 16064 48
416 16048 -32
560 16080 256
560 16080 544
640 16080 544
512 16192 448
560 16176 288
672 16112 80
560 16192 -208
560 16144 -240
528 16144 16
560 16128 0
752 16128 0
624 16144 144
432 16080 288
544 16128 448
624 16080 416
640 16096 352
640 16192 272
512 16192 208
576 16144 208
592 16128 -224
592 16096 -64
576 16080 112
544 16160 64
480 16176 192
480 16240 288
496 16240 -224
416 16160 -16
432 16272 304
528 16256 144
560 16176 192
560 16176 240
592 16176 112
752 16112 240
736 16112 64
608 16208 64
528 16128 32
576 16160 304
576 16112 480
576 16064 272
624 16144 608
576 16144 608
480 16208 592
496 16160 752
496 16128 320
640 16096 224
624 16192 240
576 16112 288
576 16112 -16
400 16112 -16
352 16256 16
496 16208 32
656 16128 304
624 16112 320
624 16112 128
624 16192 128
528 16176 192
608 16048 272
592 16048 528
608 16080 576
672 16112 336
672 16176 288
672 16256 448
592 16256 432
640 16160 432
592 16080 384
576 16096 320
480 16080 208
432 16064 272
544 16080 192
544 16096 128
720 16096 128
560 16128 16
592 16128 208
368 16096 368
480 16160 448
480 16096 480
608 16096 448
512 16176 448
592 16112 256
624 16160 256
512 16144 208
448 16176 304
672 16176 256
672 16176 368
544 16176 368
448 16192 208
608 16128 352
640 16080 304
560 16144 272
592 16144 176
576 16080 16
576 16096 224
432 16096 288
544 16192 288
528 16192 240
544 16128 560
544 16000 464
688 16064 480
688 16064 208
736 16064 208
624 16128 176
560 16192 16
544 16144 96
288 16144 128
384 16160 112
384 16160 224
544 16128 224
496 16128 192
608 16176 192
592 16096 416
384 16128 528
576 16160 672
672 16128 480
656 16176 416
656 16176 304
656 16096 368
464 16096 368
528 16048 624
512 16064 224
544 16096 256
704 16048 304
704 16048 384
432 16080 384
512 16048 384
560 16080 368
464 16048 352
512 16176 368
528 16048 384
528 16032 208
624 16032 432
544 16032 432
496 16096 224
704 16064 -16
544 16080 112
544 16048 432
528 16048 416
576 16176 240
656 16096 272
464 16080 272
512 16096 208
544 16128 96
560 16096 368
560 16096 -128
640 16144 -128
496 16208 128
592 16128 320
544 16160 272
576 16064 192
528 16096 288
448 16176 320
448 16176 304
496 16288 304
480 16128 208
560 16080 320
576 16144 320
512 16144 384
576 16112 496
576 16112 496
624 16128 496
512 16128 352
528 16096 272
416 16176 208
416 16192 32
400 16096 368
464 16080 480
464 16080 368
336 16112 368
544 16144 288
480 16128 240
352 16096 288
480 16144 112
480 16144 320
448 16112 160
432 16144 -16
496 16208 -16
400 16192 112
496 16176 304
496 16112 128
640 16112 240
400 16208 240
480 16192 464
592 16176 256
656 16208 48
656 16208 112
800 16128 48
624 16112 96
624 16112 -80
656 16128 -80
576 16064 128
464 16096 80
384 16064 96
384 16032 256
512 16032 336
544 16000 336
592 16080 192
512 16064 160
576 16064 288
304 16016 416
496 16096 640
640 16080 576
640 16048 272
608 16048 448
432 16048 448
528 16128 288
480 16096 208
736 16096 176
624 16128 384
640 16080 560
656 16064 368
656 16064 160
672 16160 160
512 16144 352
496 16096 512
480 16160 464
496 16208 304
496 16208 464
432 16160 464
432 16176 432
496 16144 432
432 16144 240
544 16096 480
432 16080 384
512 16080 368
512 16080 144
592 16048 144
576 16064 80
544 16128 208
528 16112 608
544 16144 416
544 16160 288
592 16160 384
512 16176 144
560 16176 256
528 16160 256
544 16192 240
528 16208 16
608 16208 32
608 16176 368
560 16176 384
512 16224 384
464 16192 288
464 16128 112
464 16144 336
656 16192 176
752 16240 288
704 16208 176
736 16160 80
736 16144 -176
624 16112 -80
544 16112 64
560 16144 64
816 16144 112
624 16112 112
672 16176 208
496 16144 256
368 16144 272
544 16080 240
544 16080 -48
592 16144 -48
416 16144 16
448 16128 208
448 16080 352
480 16080 240
480 16096 288
384 16080 512
448 16096 448
464 16096 176
528 16064 256
544 16144 256
448 16112 176
768 16128 256
608 16128 272
496 16128 -16
752 16176 176
576 16176 48
528 16256 -32
576 16208 144
592 16208 144
656 16096 112
464 16160 288
576 16080 384
576 16048 192
464 16048 272
544 16048 272
608 16112 320
640 16048 368
512 16096 416
496 16096 400
688 16048 304
512 16096 256
480 16096 256
656 16128 32
656 16112 128
608 16016 288
480 16096 784
512 16128 496
512 16080 304
384 16080 144
480 16320 144
512 16128 240
512 16144 240
592 16144 432
608 16128 400
608 16160 208
608 16160 112
544 16208 112
544 16224 224
384 16160 336
464 16128 384
464 16112 144
608 16096 304
592 16112 176
592 16192 224
576 16192 224
496 16224 224
544 16288 336
496 16304 288
624 16272 208
624 16272 416
640 16144 416
560 16256 576
592 16192 496
640 16096 208
592 16112 176
608 16192 32
592 16192 128
592 16192 224
768 16144 224
592 16160 -32
640 16096 48
608 16160 -240
640 16128 64
640 16128 -80
464 16224 128
416 16128 160
512 16128 0
576 16080 0
592 16128 96
560 16096 304
624 16080 288
656 16064 272
736 16016 288
736 16096 416
768 16096 416
736 16144 256
608 16096 128
528 16064 128
576 16016 96
560 16032 96
528 16016 224
528 16016 144
640 16096 144
512 16096 288
560 16144 384
496 16064 128
528 16032 112
528 16160 192
576 16128 304
576 16176 96
560 16176 96
528 16192 224
432 16160 400
528 16112 512
560 16112 368
560 16128 512
640 16128 512
752 16096 384
