startup(x,y,z):(176,16208,192)
464 16432 1584
384 16288 1264
320 16320 1136
224 16320 1136
0 16432 1232
-176 16688 1392
-32 17008 2048
0 17648 2640
0 19824 3456
0 19824 3456
144 25760 800
1392 20240 1920
-1856 -2544 -1888
832 11456 -2208
-2480 17008 128
-2304 14192 -768
-1392 15248 -1920
-1392 14512 -2000
-1392 15136 -1248
-1024 15136 32
-1024 15936 1376
-912 16176 1376
-256 16496 1616
288 16400 1968
672 16240 1840
672 16176 1760
960 16320 1488
528 16320 1488
496 16224 1312
560 16176 1456
864 16016 1552
1056 15888 1600
976 15696 1936
784 15744 1936
816 15840 1968
256 15584 2624
128 15872 2544
128 16224 2144
-336 16224 1344
736 16240 1936
-1344 17456 1936
-1632 18400 -304
-2016 20352 -96
-3360 18768 416
-3360 18320 1840
-3248 18320 1840
-2976 18288 2752
-2336 18032 3232
-2256 18144 3808
-4272 17632 9744
-2336 16096 6368
-2336 16096 7312
224 14864 4976
768 14448 736
928 14160 -3264
1296 13840 -5696
2080 13488 -7136
2080 13488 -7552
2896 12784 -7552
3408 12016 -6992
3712 11712 -6464
4176 11472 -3536
3776 11728 -3648
2720 13472 -240
2560 13792 256
2432 14288 1312
2160 14608 992
2144 15136 1200
1920 15360 -864
1920 15904 -1888
1744 15904 -2672
-832 16448 -2544
-832 16448 -2960
-976 16400 -4048
560 17152 -944
64 24896 224
-2016 11456 3648
2976 2784 -1872
2704 17712 560
2880 16752 1552
3056 13776 -1808
2144 14992 -2064
800 15728 -2512
800 15536 -2848
320 16384 -3440
320 16336 -432
-192 16336 -432
528 14768 -1696
912 15600 -2240
1200 16640 -3104
912 16624 -2848
912 16272 -3264
752 16272 -3920
896 16144 -3920
1024 16144 -4112
1392 16288 -4000
1216 16368 -4256
1216 16336 -4192
1120 16336 -3984
1184 16352 -3984
1248 16496 -3712
1424 16272 -3488
1360 16080 -3328
1376 16048 -2976
1376 15968 -2656
1488 15904 -2368
1648 15840 -2256
1664 15920 -2256
1712 15888 -2080
1760 15872 -1936
1760 15904 -2192
1728 15904 -2112
1536 15920 -2112
1584 15936 -2224
1392 15936 -2080
1680 16176 -1872
1472 16128 -1920
1472 15840 -2048
1440 15840 -2816
1168 15712 -2816
1360 15856 -1808
1296 16032 -1696
1056 16080 -1824
992 16032 -2032
1088 16016 -2016
1088 16016 -2160
1136 16000 -2144
1216 15968 -1984
1088 16000 -1952
1152 16000 -1984
1152 15952 -1648
1040 15952 -1984
960 15984 -1984
1264 16064 -2128
1440 16000 -2304
1440 16048 -2096
1440 16048 -2208
1392 16064 -2048
1120 16032 -1808
608 16176 -1760
720 16176 -1904
944 16176 -1904
912 16160 -1888
848 16080 -1968
960 16064 -1904
864 16096 -1936
864 16096 -1936
832 16112 -1936
880 16112 -2016
928 16112 -1920
864 16112 -1808
896 16080 -1808
944 16208 -1984
1072 16096 -1888
1024 16096 -1696
1024 16048 -1840
928 16048 -1840
672 16112 -1888
752 16176 -2128
704 16176 -1776
832 16112 -1792
1008 16048 -1984
1008 16000 -1840
992 16048 -1696
752 16048 -1424
752 16032 -1856
848 16032 -1856
912 15936 -1920
1040 15920 -1744
1136 15920 -1792
944 16048 -1792
800 16064 -1808
784 16064 -1680
768 16032 -1984
736 16000 -1936
592 16064 -1984
928 16144 -2016
928 16144 -2112
944 16144 -2112
944 16096 -1648
928 16016 -1632
720 16048 -1344
720 16032 -1536
880 16016 -1408
896 16144 -1904
1184 16624 -400
1184 16128 -1216
896 16128 -1216
608 16368 -1056
384 16288 -992
256 16240 -1104
496 16320 -1248
496 17184 -1488
1200 15888 -1296
1520 17312 -1856
1520 15792 -2352
1696 16240 -1968
1600 16784 -1296
1600 17344 -1312
1520 17760 -1088
1392 17760 -832
1024 18080 -832
576 18272 -848
576 18416 -656
336 18400 -512
560 18560 -960
736 18432 -1392
928 18160 -1472
1232 17872 -2032
1232 17648 -2176
1328 17648 -2384
1312 17376 -2384
1232 16976 -2192
1024 16784 -2096
768 16624 -1856
192 17072 96
-336 16560 480
-336 16368 960
-496 16368 912
-368 16112 912
64 15680 656
800 15344 368
1200 14992 192
1648 14784 -96
1648 14784 48
1728 14208 528
1664 13984 624
1552 13808 1088
1968 13600 1632
1968 13600 1744
1728 13200 1872
1584 13152 2448
1344 13248 2448
1552 13392 2992
1408 14400 3392
1248 14032 2864
1024 14560 2544
560 14640 560
400 15088 560
624 15920 304
352 16496 192
-64 16656 560
-16 16688 576
-16 16688 624
-16 16864 624
112 16688 784
176 16304 1040
416 15872 1072
768 15664 928
768 15664 848
784 15584 848
672 15408 832
512 15392 944
224 15696 848
224 16080 1248
48 16208 976
-64 16208 976
224 16080 720
320 15824 928
752 15728 496
752 15728 800
864 16272 800
1088 16304 896
1360 16352 912
1584 16160 1104
1760 16144 1376
1760 16112 1392
1968 16112 1392
2000 15600 1808
2256 15056 1136
1920 14896 2480
1920 14896 -304
2192 13616 -304
2560 14736 416
2416 14288 656
2192 13536 768
2000 14080 1984
1600 14048 944
1600 14048 -656
1200 14032 -1216
1072 14336 -672
848 14864 -1424
512 14816 752
512 15952 976
896 15952 976
816 16656 -576
864 16496 -448
-848 17328 6000
-880 18560 2384
-880 18560 -1760
80 18784 -1456
32 17824 -736
-3088 6720 -3296
-240 10000 -1088
-240 15712 -560
640 15712 -560
608 17744 2080
928 17696 4256
1184 17472 5392
1568 15504 5088
1840 17984 3696
1840 18224 2928
2512 16480 1344
2672 16048 -352
1552 15728 -416
560 14944 -272
-704 14816 -16
-704 14752 304
-1072 14752 304
-1376 15088 352
-928 15552 256
-560 15200 384
-240 14992 1056
-128 14848 896
224 14848 896
528 14672 1008
496 14928 1920
880 14880 2080
-1536 12960 7920
-1536 14960 3472
528 14960 2720
672 14848 2720
1888 14640 2336
2032 17040 6448
1584 20064 4640
2272 17680 2080
2272 18224 1024
1408 18224 1024
2128 16208 -80
1424 16240 272
800 16576 32
1024 16720 896
1024 16720 1408
3248 16400 2512
1696 15632 3232
176 16144 3056
928 14624 1712
1424 12896 1392
-1536 11056 -1872
-1536 12432 -1936
-352 12432 -1936
-1520 15584 -2256
-928 16720 0
-1104 15792 128
-160 16512 11392
-8672 17088 2368
-2432 17104 7104
-1712 19200 -2960
-32 19456 3776
-32 19456 1440
1136 18400 1440
-160 17936 1808
-3216 18752 224
64 17984 1104
256 17296 1280
256 16688 1664
-144 16512 1568
48 15792 1472
144 14752 848
144 13920 880
352 13168 -1040
336 13168 -1040
-1728 12512 -432
1216 12080 -2896
-8368 5296 -7664
-3520 10944 -10624
-416 9200 -8432
-6688 8864 -5648
-2704 12896 -9584
-3344 20496 -9584
1392 13056 9920
-14576 96 3424
3408 -11584 -6512
-1376 4240 -7184
-1376 4240 -9344
-1776 8032 -9344
-864 12816 -6768
3456 19696 5648
2576 17488 3040
3600 13200 3040
2288 14848 3104
368 15904 1008
464 15968 576
208 16000 368
208 16064 480
688 16096 400
400 16096 352
160 16064 432
272 16160 576
272 16128 64
112 16000 400
32 16208 544
32 16208 272
144 16064 272
336 16176 496
144 16144 368
224 16112 528
96 16192 224
336 15904 -32
96 16032 256
480 16112 -160
592 15632 400
64 16368 656
224 16400 432
224 16400 560
144 16384 560
48 16272 368
48 16240 320
112 16272 320
128 16208 400
128 16144 240
240 16144 496
208 16240 288
192 16240 432
272 16256 -16
368 16160 176
368 16144 192
208 16144 192
128 16128 272
128 16144 112
656 15952 16
464 16256 288
464 16256 608
160 16352 608
96 16256 496
160 16448 464
480 16544 752
560 16480 608
416 16352 336
128 16160 224
-32 16144 256
32 16080 224
16 16176 224
-64 16112 112
-288 16112 448
-176 16192 304
-176 16240 352
-256 16240 400
-160 16304 400
-32 16192 320
160 16256 352
208 16176 272
144 16224 304
64 16224 0
-32 16192 0
-208 16160 80
-80 16160 336
-16 16272 368
224 16224 320
224 16224 256
192 16128 256
144 16416 976
-432 15792 -96
-528 15904 -16
-528 16112 384
-240 16112 320
-432 16224 320
192 16240 528
256 16176 128
224 16176 80
224 16256 80
368 16256 80
336 16256 224
400 16256 288
256 16240 304
256 16224 416
16 16224 416
224 16176 368
192 16512 672
144 16448 656
416 16304 416
416 16176 -112
256 16176 -256
256 16160 48
224 16208 208
16 16192 96
112 16160 256
112 16160 272
256 16192 272
208 16176 224
224 16224 176
160 16320 224
112 16288 336
112 16288 576
80 16192 448
96 16224 352
192 16208 192
208 16160 96
208 16160 528
224 16160 528
160 16176 448
336 16224 240
352 16224 128
352 16128 256
352 16176 320
416 16256 368
352 16256 368
224 16256 416
192 16192 272
96 16160 192
96 16160 256
288 16176 256
304 16160 416
320 16176 288
144 16320 304
160 16272 432
160 16272 544
224 16272 448
48 16272 448
352 16160 480
240 16160 192
240 16160 192
