startup(x,y,z):(112,16224,288)
2064 13216 1680
1760 18976 -2080
11520 15456 -528
4864 13824 1104
4864 14816 -576
4272 14816 -576
656 15984 3024
-2336 10416 8016
-2944 16048 12176
-32 19632 18944
2432 22160 23424
2432 22160 26832
4192 30032 24944
3376 26704 15216
-3424 26704 11824
-256 28528 11824
2800 26864 3760
2896 22032 -1168
1840 15472 -5696
560 8240 -8736
160 976 -10512
464 -4256 -11744
1536 -6928 -15488
2688 -7920 -18144
2688 -9136 -20704
1680 -9216 -21008
912 -7952 -19312
912 -5504 -16736
576 -5504 -14064
560 -2288 -14064
9712 -13696 -15584
10624 -16576 -17584
1712 -6416 -4032
1568 4672 -7616
-3616 18656 -16864
3504 -6992 -13648
-4880 12224 2384
-3344 12544 8560
-3392 -5040 -6400
-208 -5040 -18752
512 13808 -18752
10624 -6720 -15680
12192 -5056 -14816
11584 5504 -15904
12112 -1440 -15264
10512 -3440 -14352
10512 10064 -11568
7152 10064 -11024
5520 1632 -11024
3376 7808 -9808
2144 1872 -3136
1440 128 -2272
1024 208 -3600
-848 4784 2896
-400 3680 -3600
-32 3328 -3600
48 3696 -4240
-128 4640 -4720
-528 6608 -5520
-912 8800 -6144
-1648 10960 -6720
-1648 14368 -7840
-32 15952 -9024
-2896 18208 -12720
-3648 20080 -11312
-4848 21200 -2064
-8288 24112 4704
-8288 24800 2240
-4320 24800 -3648
-3552 27008 -3648
-6048 29040 -2784
-5408 26768 -3872
-3808 23472 -2064
-3264 20432 -3200
-2496 18192 -3056
-1568 14080 -3072
-1568 12672 -2976
-816 12672 -3200
-576 12000 -3200
-48 11568 -3904
704 11488 -4240
1008 11072 -4352
2032 11568 -5680
2032 11568 -7328
2560 13600 -7984
4288 12656 -3984
7040 15600 160
8176 17552 -1632
8176 17360 -4112
9248 17360 -4112
9392 16304 -4912
9216 14960 -3488
8528 13040 -5120
8016 10848 -6656
8016 11632 5104
1040 11680 -3408
5344 12368 -9072
592 15568 -6224
592 16272 -9728
144 16272 -9152
3888 16592 -9152
4320 17248 -8512
4688 17344 -6656
4704 17136 -4336
5648 16320 -4480
7216 15232 -6160
96 15824 -2896
4240 14960 -4944
6480 13376 -3376
7216 10976 176
7088 9280 -176
7088 9184 -3280
7232 9184 14624
4544 20912 5600
6192 11248 4480
7312 11248 4480
6912 21904 -2048
4864 22576 2736
6048 15616 -4224
6224 12768 -4656
5984 16112 -32
5824 13440 -784
5824 13504 -816
5632 14592 -1072
5792 14592 -1072
6048 13664 -2016
6352 13888 -1792
5360 14672 -2096
6720 14528 -2032
6448 15216 -3824
6864 15280 -3824
6512 14624 -4736
6272 15200 -5056
6032 14368 -5904
5312 15600 -5664
5312 14640 -6192
4992 15440 -6288
4864 15440 -6288
4224 14368 -5856
4544 15680 -4592
4448 13184 -4912
4448 17408 -3248
4928 17408 -3248
4736 13584 -3952
5104 13232 -4064
4688 14832 -3232
5104 12560 -3952
5488 16480 -3024
5344 15840 -2960
5488 16128 -3056
5520 16128 -3664
5920 13840 -3664
5104 14880 -3872
5184 16592 -3456
5456 17168 -3312
5808 15344 -3904
5808 15984 -3360
7440 15984 -2528
7472 15808 -4384
5344 14672 -5712
5248 13904 -5376
5664 14432 -4528
5664 14688 -3808
5680 14656 -3808
5488 14560 -3984
5312 14576 -3936
5344 14512 -4400
5328 14512 -4208
5328 14624 -4432
5328 14688 -4032
5184 14752 -4272
5328 14736 -4320
5168 14736 -4128
4960 14736 -4304
4960 14736 -4224
5216 14720 -4224
5312 14736 -4592
5136 14880 -4512
5216 14896 -4304
5312 14800 -4720
5280 14784 -4608
5328 14768 -4384
5296 14736 -4288
5072 14752 -4320
5296 14656 -4352
5248 14672 -4288
5200 14704 -4080
5248 14672 -4080
5312 14672 -4064
5312 14688 -4048
5232 14768 -4240
5264 14816 -4416
5248 14784 -4400
5296 14880 -4544
5248 14832 -4720
5248 14768 -4736
5280 14768 -4736
5520 14720 -4496
5424 14704 -4464
5312 14656 -4304
5264 14736 -4240
5264 14752 -4224
5216 14784 -4256
5264 14688 -4144
5200 14688 -4192
5200 14624 -4336
5360 14624 -4336
5360 14640 -4176
5184 14624 -4240
5232 14704 -4208
5312 14688 -4016
5312 14640 -4096
5328 14640 -4272
5232 14704 -4400
5280 14752 -4416
5296 14736 -4336
5328 14736 -4336
5264 14816 -4336
5264 14720 -4272
5344 14624 -4288
5328 14736 -4224
5328 14704 -3968
5264 14704 -4192
5488 14720 -4192
5280 14816 -4352
5232 14800 -4352
5280 14720 -4128
5232 14784 -4304
5184 14768 -4128
5072 14688 -4176
5136 14704 -4368
5136 14784 -4208
5152 14784 -4464
5040 14784 -4288
5168 14688 -4288
5248 14736 -4288
5232 14784 -4208
5264 14720 -4288
5360 14720 -4288
5248 14768 -4288
5200 14688 -4320
5248 14592 -4224
5232 14656 -4304
5232 14752 -4336
5248 14752 -4592
5328 14704 -4544
5232 14688 -4416
5104 14720 -4208
5072 14688 -4208
5056 14800 -4304
4992 14752 -4112
5056 14672 -4016
5056 14656 -4192
5104 14656 -4304
5088 14720 -4304
5200 14736 -4320
5264 14768 -4576
5216 14720 -4432
5232 14672 -4256
5248 14672 -4384
5232 14624 -4256
5216 14688 -4224
5216 14656 -4384
5184 14656 -4352
5152 14720 -4608
5168 14752 -4528
5136 14720 -4384
5184 14720 -4208
5168 14784 -4368
5296 14720 -4480
5152 14720 -4560
5072 14672 -4240
5184 14656 -4304
5184 14656 -4272
5104 14752 -4272
5280 14656 -4384
5328 14640 -4384
5344 14688 -4112
5328 14640 -4096
5264 14672 -4112
5248 14720 -4160
5376 14816 -4256
5264 14736 -4400
5328 14768 -4640
5376 14736 -4432
5376 14736 -4576
5360 14752 -4576
5168 14672 -4448
5312 14752 -4640
5328 14832 -4480
5248 14816 -4336
5296 14752 -4288
5344 14704 -4288
5376 14784 -4624
5264 14832 -4576
5168 14720 -4480
5168 14720 -4336
5248 14704 -4240
5200 14672 -4240
5360 14736 -4272
5296 14720 -4064
5280 14720 -4320
5248 14720 -4384
5328 14720 -4336
5296 14720 -4288
5440 14768 -4544
5248 14768 -4448
5248 14768 -4112
5216 14720 -4112
5184 14816 -4368
5168 14736 -4304
5312 14704 -4352
5312 14736 -4256
5200 14720 -4368
5184 14752 -4384
5152 14752 -4272
5152 14784 -4256
5264 14736 -4320
5264 14736 -4176
5248 14672 -4176
5264 14640 -4128
5264 14720 -4192
5424 14720 -4368
5424 14704 -4272
5408 14752 -4288
5392 14672 -4128
5248 14720 -4176
5248 14736 -4384
5344 14736 -4240
5200 14752 -4320
5200 14784 -4384
5424 14784 -4384
5344 14720 -4384
5312 14704 -4384
5328 14848 -4400
5248 14784 -4224
5216 14752 -4368
5152 14768 -4416
5184 14800 -4176
5072 14720 -4048
5184 14656 -4368
5088 14688 -4448
5088 14640 -4432
5200 14640 -4368
5344 14640 -4368
5264 14736 -4400
5344 14720 -4432
5280 14784 -4320
5280 14800 -4368
5392 14704 -4368
5328 14704 -4272
5248 14656 -4048
5248 14736 -4336
5216 14704 -4320
5216 14704 -4336
5248 14688 -4336
5200 14656 -4272
5248 14640 -4128
5360 14800 -4096
5296 14752 -4096
5232 14784 -4304
5104 14736 -4288
5184 14720 -4224
5232 14736 -4368
5232 14688 -4384
5216 14704 -4576
5296 14704 -4576
5264 14752 -4624
5376 14784 -4576
5296 14736 -4432
5264 14720 -4304
5280 14720 -4464
5312 14768 -4464
5232 14720 -4368
5248 14736 -4448
5280 14720 -4384
5280 14672 -4272
5184 14672 -4528
5152 14720 -4464
5248 14736 -4416
5120 14864 -4256
5120 14736 -4272
5200 14736 -4240
5408 14656 -4240
5232 14624 -4352
5328 14752 -4432
5232 14736 -4560
5200 14752 -4304
5200 14752 -4320
5200 14768 -4320
5120 14816 -4320
5280 14784 -4304
5280 14784 -4320
5312 14784 -4320
5248 14736 -4352
5264 14800 -4368
5264 14784 -4240
5280 14672 -4192
5280 14688 -4336
5264 14688 -4304
5216 14720 -4304
5216 14752 -4432
5040 14752 -4400
5168 14752 -4032
5120 14720 -4032
5264 14704 -4336
5264 14672 -4544
5296 14704 -4272
5264 14784 -4272
5312 14720 -4192
5264 14784 -4320
5392 14704 -4304
5232 14752 -4368
5328 14768 -4576
5312 14768 -4384
5328 14768 -4320
5312 14720 -4080
5328 14688 -4208
5328 14688 -4224
5296 14688 -4304
5104 14752 -4304
5408 14720 -4448
5392 14592 -4496
5248 14672 -4432
5328 14704 -4608
5200 14688 -4560
5360 14752 -4400
5232 14752 -4352
5232 14752 -4240
5088 14720 -4032
5120 14720 -4032
5264 14704 -4352
5232 14688 -4384
5232 14752 -4528
5264 14720 -4544
5136 14752 -4224
5248 14688 -4256
5296 14736 -4272
5152 14688 -4336
5152 14688 -4320
5072 14672 -4320
5152 14720 -4384
5120 14688 -4464
5104 14704 -4304
5152 14752 -4496
5088 14768 -4560
5168 14656 -4416
5168 14672 -4480
5296 14688 -4432
5296 14736 -4192
5168 14736 -4192
5216 14704 -4208
5136 14672 -4144
5264 14720 -4128
5104 14736 -4272
5152 14720 -4448
5184 14736 -4432
5136 14752 -4432
5232 14672 -4192
5296 14736 -4240
5232 14720 -4240
5232 14704 -4336
5296 14704 -4448
5264 14736 -4192
5392 14752 -4320
5360 14768 -4320
5328 14768 -4272
5360 14704 -4448
5200 14720 -4144
5168 14784 -4144
5200 14752 -4224
5184 14688 -4304
5040 14608 -4304
5056 14640 -4352
5056 14672 -4224
5168 14672 -4368
5408 14624 -4336
5280 14704 -4432
5264 14640 -4256
5360 14736 -4256
5360 14736 -4320
5440 14816 -4320
5328 14800 -4416
5472 14752 -4432
5296 14784 -4464
5360 14688 -4464
5376 14720 -4544
5376 14720 -4416
5216 14768 -4288
5200 14688 -4208
5328 14736 -4240
5248 14736 -4352
5280 14752 -4352
5232 14768 -4128
5264 14800 -4384
5200 14752 -4592
5248 14736 -4448
5184 14784 -4272
5184 14672 -4112
5120 14656 -4096
5136 14672 -4240
5136 14752 -4336
5232 14720 -4352
5312 14720 -4864
5296 14720 -4704
5328 14704 -4544
5408 14720 -4352
5328 14704 -4384
5360 14736 -4368
5360 14736 -4320
5280 14752 -4352
5232 14736 -4192
