startup(x,y,z):(160,16240,320)
176 16912 2016
848 18416 2496
848 20624 2128
-112 20624 2128
-672 20528 1632
-400 19792 1792
-320 19344 1328
-160 18480 2992
144 18000 3472
144 18096 3504
464 18192 3392
592 18192 96
-768 29040 -176
-3232 27904 3120
-928 17136 1456
-32 15984 288
336 16048 112
208 15520 -144
80 15472 96
-128 15392 464
-128 15456 368
-576 15456 368
-800 15648 288
-800 15728 480
-288 15760 1152
400 15952 1376
400 16224 1664
880 16224 1664
704 16416 2304
624 16512 2576
512 16480 2672
784 16256 3136
912 15968 3568
960 15968 3952
960 15968 3984
656 15904 3984
544 15600 3856
-48 15392 3072
-848 15184 2752
-1312 16096 2592
-1312 15808 2704
-1808 15744 1808
-1808 15440 640
-1904 15440 640
-2016 15376 352
-1952 15072 -288
-1664 14752 -960
-1456 14848 -2016
-1456 14960 -2256
-960 14960 -2256
1120 14832 -1952
1728 15088 -1408
2000 15200 -624
2272 15376 560
2352 15408 1152
2352 15552 1568
2256 15552 1568
2016 15632 2000
1712 15504 2304
1520 15344 2448
1456 15392 2624
1584 15600 2384
1648 15680 1856
1680 15920 1568
1808 16016 1184
1808 16128 1104
1840 16128 944
2000 16192 944
2064 16160 736
2048 16384 752
2096 16464 784
2096 16512 816
2000 16512 1104
1792 16608 1104
1440 16704 1184
1152 16688 960
688 16496 992
368 16432 656
64 16368 592
64 16896 320
-224 16896 320
-176 17264 32
48 17632 -544
0 17840 -768
80 17984 -880
752 18352 -976
752 17808 96
1008 16800 944
928 16560 1264
496 16560 928
-128 17312 928
800 17168 944
1312 17008 1600
1424 17248 1520
1120 17344 1568
1120 17328 1568
704 17328 1328
656 17024 1056
528 16768 1232
256 16544 1232
208 16224 1088
-224 16128 688
-384 15872 768
-384 15872 608
-352 15664 608
-384 15504 624
-240 15392 592
-224 15344 688
-144 15312 464
144 15376 304
144 15376 256
528 15440 256
944 15472 96
1296 15568 304
1728 15680 256
2208 15824 688
2208 15824 704
2544 15984 704
2768 16176 1008
2848 16400 1088
2704 16592 1136
2416 16624 1120
2416 16640 1216
2208 16640 1472
1776 16656 1472
1216 16656 1488
800 16720 1456
464 16704 1120
464 16528 992
368 16528 992
96 16416 784
256 16352 400
464 16320 -192
640 16208 0
640 16208 -176
832 16208 -176
752 16256 -192
768 16208 80
704 16160 -160
704 16112 -32
800 16112 -32
912 16160 160
1024 16176 208
720 16240 144
576 16256 224
368 16352 608
368 16208 464
304 16208 464
352 16240 416
288 16272 304
464 16352 288
464 16320 -176
544 16320 128
720 16224 128
832 16224 288
992 16272 144
1040 16320 160
992 16272 208
992 16272 240
992 16176 240
928 16176 176
864 16128 304
816 16112 400
816 16032 400
736 16032 400
768 16064 192
704 16128 288
608 16240 160
624 16304 -32
608 16416 112
528 16416 80
528 16400 80
480 16560 240
496 16448 240
560 16368 304
560 16368 448
496 16320 448
672 16336 544
816 16320 752
880 16336 896
944 16192 480
944 16192 368
880 16256 368
864 16080 240
1120 16016 -112
1008 15984 -368
1008 15920 -32
1024 15920 -240
1168 15840 -240
1024 15952 -112
1008 16016 -144
1040 15968 -112
1040 16160 -64
944 16160 160
800 16144 160
688 16288 496
816 16368 368
656 16512 400
656 16528 400
640 16528 144
560 16496 80
720 16416 144
592 16400 192
768 16400 64
768 16416 160
816 16416 80
752 16480 80
912 16464 224
992 16336 384
928 16256 128
928 16160 384
976 16160 384
1040 16144 336
1104 16080 144
912 16112 480
752 16080 432
752 16112 320
704 16112 320
464 16064 496
384 15984 576
352 15952 464
448 15952 336
448 15952 160
576 16032 160
720 16128 144
960 16192 208
1008 16096 352
1056 16064 336
1056 16064 336
1232 16064 336
1120 16176 592
1216 16240 912
976 16384 416
976 16336 992
928 16336 944
720 16288 944
544 16240 784
336 16304 768
416 16624 640
416 16544 608
368 16544 432
368 16400 432
560 16256 368
656 16224 384
656 16304 368
656 16304 448
720 16304 688
912 16224 688
1120 16192 496
992 16128 608
992 16048 464
1008 16064 368
1072 16064 304
1024 16080 384
576 16128 528
464 16192 672
528 16240 512
176 16384 704
176 16384 688
80 16384 768
-16 16528 768
64 16624 624
192 16704 368
592 16592 432
592 16576 480
944 16576 480
1040 16624 480
1072 16704 560
1312 16848 512
1456 16928 544
1456 16928 560
1376 16928 528
1552 16992 528
1488 16960 624
1376 16976 736
1216 17024 816
1056 16848 784
1056 16848 880
1232 16640 880
1200 16576 480
1104 16480 -48
1024 16592 -112
864 16496 -304
864 16496 -688
752 16384 -688
592 16320 -912
560 16240 -1104
448 16240 -1072
320 16208 -1056
256 16272 -912
352 16288 -992
352 16304 -688
512 16416 -448
656 16576 -432
656 16576 224
752 16656 224
928 16640 528
1152 16608 656
1472 16608 640
1632 16496 656
1632 16720 1072
1648 16720 1200
1776 16672 1200
1584 17264 1248
1424 17904 2240
1616 17888 2352
1616 17744 2080
1712 17744 2800
1536 17568 2800
1056 18352 704
1040 17744 -1504
1216 16848 -2288
1440 16528 -2224
1440 -8048 9808
160 11808 -4512
-1488 19728 -4512
-928 20336 -5872
-368 13040 7776
-272 14416 -16
592 13456 2192
960 15296 624
928 15472 1488
224 16112 1216
320 16208 1392
736 16000 1840
736 15680 1536
1232 15680 1536
1376 15552 1328
1200 15488 880
976 15392 1392
640 15536 1952
512 15552 1824
720 15504 1472
720 15776 1536
1120 15776 1536
1424 15808 1616
1664 15824 1440
1760 15728 1344
1568 15904 1312
1424 15824 1072
1424 15824 816
1136 15792 816
992 15632 1168
864 15856 1184
960 16048 1504
1280 16352 1792
1152 16480 1968
1152 16416 2144
912 16416 2144
880 16784 1968
864 16736 2144
864 16576 2080
1232 16320 2096
1232 16112 1936
1472 16112 1472
1120 16016 1472
1168 15840 1312
1184 15696 880
1296 15552 704
1296 15264 416
1120 15264 416
1056 14896 272
944 14592 240
576 14544 288
192 14592 448
192 14720 720
32 14720 1200
-240 14752 1200
-176 15056 960
448 15104 800
736 14848 1440
736 14848 1296
960 14736 1296
1040 14944 1696
1344 14976 1024
1472 14896 -576
1600 14704 -1312
1600 13632 -4176
1568 13632 3856
-2944 15968 3856
384 24192 -4784
1392 28320 8816
2224 18384 9216
-688 18224 2944
-3264 15824 304
-3264 15824 -800
-2752 14416 -208
-1280 14880 -208
64 16176 1728
1168 17200 2992
1536 17504 2928
1696 17408 2000
1696 17408 1136
1856 16768 1136
1664 16704 272
1296 15872 208
368 15920 -256
112 16000 1120
1200 15136 560
1200 15136 16
64 13552 16
-288 9376 3632
2512 12352 3696
1472 14480 1664
1472 14480 1280
656 15184 1280
704 15280 176
272 15072 -272
1200 16608 1520
1200 15008 752
416 15008 240
0 14368 240
-336 15424 -112
192 14688 -448
432 13200 128
16 14176 2560
16 14176 2464
288 15040 2464
1424 14048 -2400
1344 12224 -3136
0 13456 -2608
0 5904 -8336
1760 5904 -8288
2912 14656 -8288
1648 19392 -4768
-496 18032 1680
-1232 18400 816
1856 16736 656
1856 16736 432
1648 17472 432
3360 17248 1152
672 17168 800
496 16832 704
496 15280 304
752 15040 -224
512 15040 -224
64 16032 -992
992 15184 -288
2368 14640 496
-320 16416 528
-320 16896 -32
-528 16896 -32
-880 17024 -1904
-192 17792 592
3744 17856 6608
3744 20224 4896
1232 16672 -1744
-2688 16672 -1744
784 17472 2880
1232 17920 2720
640 17248 1728
224 16864 576
224 16384 176
224 16384 176
272 16256 64
224 16224 144
352 16176 -48
352 16144 384
256 16128 304
144 16128 496
256 16144 496
176 16256 464
128 16256 112
128 16272 288
128 16256 528
128 16256 528
176 16160 432
240 16192 48
192 16176 128
192 16112 128
240 16112 -272
288 16208 -272
304 16272 -368
288 16128 -64
144 16256 320
192 16304 96
192 16304 16
384 16288 16
256 16240 -160
32 16320 -96
32 16320 224
32 16272 176
272 16272 336
288 16176 336
224 16160 336
208 16224 464
112 16288 240
144 16256 336
144 16256 304
192 16208 304
240 16192 336
336 16144 352
240 16128 272
240 16160 304
224 16160 16
-64 16176 16
-160 16208 224
-144 16032 64
-432 15920 64
-128 16016 -208
-128 16016 -160
96 16192 -160
112 16256 -112
96 16240 -384
240 16208 -80
240 16192 64
112 16192 64
304 16176 48
176 16160 -112
112 16208 16
-416 16256 32
-416 16336 320
