startup(x,y,z):(384,16208,112)
-1856 13856 976
3344 15584 -6144
9808 15552 -17008
9808 15248 -1952
2400 16608 4512
-8688 16608 4512
-6128 15088 5728
-2240 15712 5616
-48 15776 4928
-3568 15632 3776
-1776 15632 3776
1328 15392 1312
4496 15920 208
6400 16096 1312
4320 16096 3936
1232 16096 3936
1568 16832 5472
1312 16864 1888
1056 16432 1104
-592 16416 -16
0 16224 -2752
1616 16112 -4320
64 16224 -3552
-800 16480 -2400
-800 16480 -2288
-384 16384 -2288
-192 16384 -2256
16 16224 -1712
544 16128 -1408
496 16160 -1488
608 16240 -1424
416 16240 -880
944 16208 768
1200 16304 1264
800 16192 2112
208 16160 2688
272 16112 2544
432 16048 1856
368 16144 1344
368 16192 880
592 16128 400
720 16144 320
528 16240 0
432 16320 -96
368 16288 -672
304 16224 -448
224 16144 -416
256 16144 -416
224 16208 -256
528 16240 -272
496 16288 0
560 16336 464
480 16272 1824
-592 16528 1824
272 16224 0
832 16064 0
1008 16256 -240
976 16304 -656
1008 16352 -768
528 16400 -528
368 16384 -544
288 16304 -16
288 16192 304
0 16192 384
0 16128 384
288 16224 320
544 16208 288
512 16256 32
448 16240 112
672 16272 240
656 16176 480
368 16192 528
352 16192 576
352 16208 512
224 16208 560
240 16192 464
272 16160 256
336 16160 256
304 16272 -80
336 16256 -160
448 16240 -128
448 16224 -384
544 16272 -272
624 16240 -432
688 16192 -304
544 16112 -416
544 16112 -192
496 16144 -192
512 16224 -320
368 16224 -32
368 16192 336
336 16224 480
336 16192 336
416 16176 368
400 16272 400
448 16192 288
480 16224 432
320 16192 448
320 16192 416
288 16192 368
368 16208 368
368 16208 32
416 16128 16
496 16048 0
432 16224 -160
448 16192 -256
496 16224 -320
496 16128 -272
656 16128 -144
480 16208 -144
464 16176 160
480 16208 304
496 16128 384
496 16160 464
448 16144 352
560 16160 176
560 16144 304
512 16144 304
416 16256 416
400 16272 272
432 16240 496
432 16224 192
416 16176 80
416 16192 128
400 16192 112
384 16144 112
256 16128 128
272 16096 64
320 16224 208
320 16240 16
272 16192 32
432 16192 -80
384 16288 -128
384 16272 -48
384 16208 64
512 16208 -112
544 16208 -112
496 16224 -48
448 16224 272
432 16256 112
464 16256 112
560 16224 32
576 16224 96
560 16176 368
480 16208 336
448 16208 192
400 16192 384
400 16208 96
416 16208 144
464 16240 192
464 16240 112
320 16288 -48
384 16208 -48
208 16208 32
352 16128 16
448 16160 -112
400 16224 80
384 16208 96
480 16192 96
464 16064 16
496 16208 256
496 16160 144
336 16176 144
496 16112 80
496 16176 -80
576 16176 176
448 16208 -64
416 16240 0
528 16160 16
528 16144 96
480 16144 144
480 16240 176
448 16240 208
448 16304 128
432 16304 272
448 16288 208
448 16240 208
624 16224 272
560 16192 96
496 16224 464
496 16288 192
512 16240 208
448 16240 240
480 16192 80
464 16176 16
464 16192 96
448 16192 80
448 16192 -96
544 16192 -96
448 16144 112
400 16240 224
432 16176 400
576 16192 352
480 16224 -48
448 16272 -32
528 16288 -144
528 16224 -80
432 16208 48
448 16192 0
448 16192 0
608 16192 0
512 16160 96
400 16112 256
368 16080 208
464 16160 96
464 16176 48
464 16208 16
368 16208 16
288 16240 160
432 16240 160
432 16272 80
416 16208 16
336 16272 16
384 16240 -48
320 16208 16
320 16256 224
448 16256 384
528 16224 384
336 16240 192
304 16256 128
288 16176 256
368 16208 512
432 16192 336
240 16192 224
304 16208 192
352 16288 64
336 16304 240
384 16304 224
384 16224 224
368 16160 336
416 16128 112
416 16128 144
288 16128 144
320 16192 352
400 16208 256
448 16256 112
448 16144 64
608 16224 0
688 16256 128
752 16208 64
624 16176 32
512 16192 128
544 16192 -192
464 16208 144
448 16176 224
432 16224 400
432 16144 176
304 16144 160
400 16224 144
416 16224 16
400 16272 -96
528 16224 176
528 16272 240
544 16272 240
592 16224 240
480 16256 176
480 16208 -32
400 16240 -16
352 16256 48
352 16208 48
272 16208 -96
432 16224 -96
464 16224 80
464 16224 128
432 16224 32
448 16160 0
336 16208 0
400 16256 -144
432 16192 -176
400 16192 0
352 16176 224
400 16192 192
400 16224 16
368 16224 96
368 16128 144
416 16144 240
416 16160 128
704 16160 128
624 16160 240
464 16176 160
416 16192 144
528 16144 -144
512 16144 -160
656 16224 -208
464 16176 -48
464 16208 240
528 16256 144
528 16224 384
416 16224 160
480 16192 160
512 16288 144
592 16224 224
560 16224 144
528 16288 176
480 16272 144
528 16256 64
528 16224 64
480 16240 112
592 16176 80
592 16240 208
528 16240 320
480 16176 320
464 16224 128
416 16240 256
336 16192 128
464 16288 128
384 16176 240
320 16176 240
336 16160 144
304 16208 160
384 16208 208
432 16208 208
400 16208 96
480 16224 -16
400 16224 16
288 16224 -96
320 16208 -32
368 16208 128
480 16192 96
384 16240 224
496 16192 144
496 16176 48
448 16176 48
464 16224 64
464 16304 112
512 16304 208
400 16224 208
448 16224 608
448 16224 208
464 16224 368
272 16112 160
448 16144 96
384 16144 -48
544 16160 16
480 16176 16
416 16256 64
448 16240 96
416 16192 -80
432 16160 128
560 16208 0
560 16176 32
576 16272 -48
416 16112 144
432 16160 128
352 16224 0
352 16256 0
336 16240 16
336 16240 0
464 16272 0
576 16272 176
480 16240 272
320 16192 -128
416 16192 -128
432 16208 192
352 16240 160
464 16224 288
448 16208 464
512 16224 208
448 16240 368
448 16256 240
336 16256 96
368 16256 96
416 16272 -112
416 16320 -64
384 16288 48
368 16288 176
320 16240 128
320 16224 48
368 16224 -16
464 16208 -16
448 16192 -80
448 16240 144
400 16320 288
368 16352 160
368 16352 112
464 16352 112
496 16368 64
432 16336 176
368 16240 256
416 16256 128
448 16128 288
448 16208 416
368 16208 160
400 16224 160
416 16192 224
416 16112 208
656 16176 48
656 16176 -144
592 16144 -32
640 16176 -32
528 16208 176
480 16192 192
432 16256 320
368 16192 320
400 16176 -16
400 16176 32
496 16160 0
272 16240 0
304 16256 32
352 16192 336
400 16208 208
400 16176 64
336 16224 48
576 16224 48
624 16304 96
576 16160 160
560 16192 256
592 16256 144
592 16288 96
496 16288 208
416 16256 208
416 16240 240
560 16192 288
448 16144 80
432 16160 304
432 16240 320
384 16240 192
384 16240 256
288 16208 256
288 16176 96
192 16112 48
336 16080 240
416 16224 80
384 16272 -112
256 16336 -48
480 16320 48
480 16224 80
448 16208 96
448 16208 -96
432 16208 -96
400 16208 112
432 16224 224
384 16256 208
480 16272 -48
512 16224 -192
512 16208 -208
448 16208 144
384 16192 144
400 16160 176
400 16240 112
464 16288 256
464 16272 144
480 16272 160
512 16240 112
512 16320 -128
448 16320 -80
384 16272 -128
368 16272 -128
432 16208 16
480 16160 176
480 16160 -336
512 16192 -352
416 16256 -80
480 16192 96
432 16272 240
448 16176 240
400 16208 96
432 16208 256
432 16160 576
464 16160 576
608 16192 256
448 16224 304
304 16240 128
384 16272 336
544 16256 96
496 16176 32
400 16160 -48
384 16288 48
288 16288 256
384 16256 256
416 16256 192
512 16224 64
624 16272 -96
352 16224 32
352 16144 416
416 16144 416
416 16160 336
416 16288 192
352 16288 192
304 16224 144
384 16192 176
384 16192 128
336 16192 96
400 16240 128
368 16240 128
400 16208 48
512 16208 224
608 16192 176
512 16208 288
496 16208 272
496 16256 224
544 16256 224
432 16272 -128
480 16272 -160
448 16240 272
384 16192 288
416 16176 192
368 16160 176
368 16160 160
400 16128 160
288 16192 144
320 16240 192
496 16288 144
432 16224 304
304 16304 224
304 16240 112
384 16224 16
272 16240 16
480 16208 -48
496 16192 128
496 16208 128
560 16208 128
