startup(x,y,z):(416,16240,176)
4256 15888 -2144
864 15232 1936
1888 15808 1408
3632 17632 -976
3632 17440 -1152
2176 17440 624
1520 16832 624
4704 18064 -1840
12640 19664 -8720
-5376 15632 8672
-4960 15344 5296
-1712 15104 4528
-368 15808 3216
2400 15536 1152
4480 16240 -384
7488 16352 -928
-64 16528 8032
-64 16528 6400
-2176 16224 2176
3440 16304 112
3600 16640 112
1792 16256 -896
-368 16000 -1216
-592 15984 -3792
-592 15856 -3872
640 16624 -2768
-1728 16480 -2768
-1776 16240 -1824
320 16656 -2512
-400 16544 -2512
48 16208 -2224
48 16304 -2464
0 16304 -1552
512 16096 -1552
608 16080 -1728
512 16240 -1024
736 16256 -272
816 16272 368
816 16192 1440
1024 16192 2480
1056 16128 2480
528 16272 2896
0 16320 2736
176 16192 2000
-16 16160 1744
-16 16144 1424
64 16144 1200
256 16112 1200
544 16176 1040
528 16240 320
592 16288 -384
592 16224 -624
544 16224 -928
496 16160 -928
624 16144 -832
272 16224 -784
112 16160 -592
528 16112 -624
560 16240 -864
560 16240 -1040
576 16192 -1040
416 16208 -752
384 16192 -736
480 16320 -704
496 16256 -320
496 16256 224
368 16304 576
224 16240 576
160 16288 528
288 16256 736
192 16176 544
400 16144 368
352 16256 576
496 16256 384
592 16192 448
576 16192 640
560 16224 272
512 16224 -32
512 16224 -240
336 16256 -240
176 16192 -592
448 16160 -592
416 16144 -560
496 16112 -176
336 16192 32
704 16176 -416
736 16240 -464
656 16256 -336
560 16240 -192
368 16288 -32
384 16240 -16
480 16144 272
272 16256 192
288 16304 464
288 16304 496
208 16240 496
288 16272 96
368 16240 352
496 16176 240
688 16240 208
608 16208 432
496 16240 576
400 16352 336
480 16240 304
480 16208 272
480 16208 400
480 16144 400
448 16208 240
448 16208 144
384 16256 -96
336 16160 160
336 16192 240
384 16192 0
272 16192 0
240 16192 160
352 16192 176
304 16144 256
352 16144 80
352 16144 16
320 16224 16
432 16144 304
432 16208 320
384 16176 192
400 16176 96
400 16208 64
448 16208 208
480 16176 208
448 16224 -304
432 16160 -176
320 16176 -96
304 16208 48
304 16192 -32
336 16176 -80
416 16176 224
432 16224 224
464 16192 176
400 16160 224
432 16128 -144
432 16128 160
512 16128 80
512 16128 128
496 16144 128
416 16192 144
368 16208 192
496 16240 48
656 16224 -112
608 16224 -80
608 16224 48
272 16144 0
352 16144 0
384 16208 -144
448 16240 -288
400 16240 -64
400 16256 -128
400 16256 -176
384 16272 -176
336 16256 -32
400 16224 112
560 16192 256
384 16160 288
384 16160 352
384 16144 368
464 16144 400
368 16240 400
416 16224 320
400 16208 352
448 16208 240
448 16224 -16
464 16224 144
400 16224 144
368 16208 240
336 16160 224
400 16224 64
400 16240 128
464 16256 -32
464 16240 112
464 16240 64
304 16240 64
352 16208 208
400 16160 80
448 16144 0
528 16192 96
416 16112 128
416 16160 -160
432 16256 -144
576 16256 -144
544 16224 64
528 16272 80
528 16224 176
560 16192 -160
640 16160 -288
560 16192 -64
480 16256 80
480 16224 -96
352 16224 -96
528 16224 -160
544 16272 -192
480 16288 -32
496 16160 256
400 16240 16
400 16240 224
368 16192 256
304 16176 -176
432 16176 -176
480 16128 -112
512 16192 -32
384 16160 -176
464 16160 -192
432 16160 -176
240 16176 96
496 16224 144
272 16224 320
416 16160 224
416 16208 272
384 16208 352
320 16224 352
368 16128 304
432 16176 288
464 16192 304
480 16144 -80
640 16128 -48
640 16144 192
448 16144 192
416 16208 -16
320 16224 48
384 16240 32
320 16256 -160
464 16192 -128
464 16160 -48
496 16160 -16
368 16192 -16
304 16128 80
400 16160 0
496 16192 64
272 16208 80
368 16192 192
368 16176 256
448 16176 224
400 16192 736
64 16144 736
320 16160 560
480 16160 64
624 16192 -128
624 16192 -128
464 16320 -128
368 16176 -128
576 16192 -224
448 16240 -240
352 16192 -64
80 16192 272
80 16224 224
448 16224 272
464 16192 272
432 16224 208
336 16224 -96
320 16272 16
336 16160 128
336 16224 256
352 16224 64
464 16288 64
432 16352 208
416 16320 96
256 16224 208
336 16160 64
464 16224 16
464 16224 160
368 16224 160
352 16208 128
496 16128 16
480 16160 -80
608 16192 -96
464 16208 112
464 16144 48
496 16144 64
480 16176 64
320 16208 32
560 16256 0
544 16272 48
560 16272 240
560 16256 256
528 16256 112
464 16256 112
336 16192 240
416 16192 144
352 16192 192
464 16224 224
560 16192 -176
320 16192 -32
256 16176 48
256 16240 -208
368 16240 -208
432 16336 -160
224 16288 112
272 16160 144
224 16160 176
352 16176 -16
448 16208 32
432 16176 -48
432 16272 112
400 16272 48
528 16240 48
448 16304 112
480 16256 528
400 16256 272
400 16192 336
448 16272 336
448 16192 0
528 16192 80
576 16128 80
480 16192 112
608 16192 128
592 16160 64
384 16128 48
384 16160 96
448 16160 96
368 16224 208
544 16224 208
576 16208 144
496 16240 80
352 16368 112
384 16368 224
432 16240 -32
416 16208 48
416 16224 208
384 16224 32
416 16288 32
384 16304 144
464 16320 192
464 16272 144
512 16240 176
512 16224 352
384 16192 0
464 16224 -224
544 16208 -80
544 16256 0
448 16256 -48
432 16256 256
480 16256 256
464 16288 144
560 16320 64
576 16272 176
576 16336 320
464 16256 336
464 16272 272
432 16272 272
464 16144 48
448 16192 -288
464 16272 -16
480 16224 144
480 16304 128
416 16336 32
528 16336 32
512 16288 384
400 16288 432
384 16288 208
272 16208 80
304 16256 -96
304 16240 16
336 16256 160
336 16176 320
384 16176 224
304 16224 208
288 16240 272
384 16176 224
400 16208 208
400 16208 368
368 16240 368
192 16224 224
336 16224 80
432 16176 144
528 16224 -64
448 16240 144
448 16256 -80
416 16256 -96
432 16272 -128
320 16272 80
368 16272 80
352 16288 80
384 16336 80
352 16176 224
320 16128 144
320 16160 448
352 16160 448
272 16272 -112
416 16240 -112
256 16192 32
448 16192 96
368 16192 240
432 16144 288
384 16160 208
480 16208 288
480 16128 80
416 16128 240
448 16176 240
416 16208 128
416 16208 96
368 16176 256
272 16240 368
240 16256 176
240 16176 -64
256 16176 -64
352 16144 80
352 16192 64
400 16240 208
528 16304 160
528 16176 64
496 16224 48
480 16224 48
528 16224 48
528 16208 144
496 16240 240
448 16192 464
544 16192 288
496 16208 256
560 16256 256
560 16240 48
480 16240 48
560 16240 0
512 16240 -160
656 16192 64
560 16240 32
400 16240 32
304 16096 160
416 16240 144
416 16256 144
336 16256 32
400 16240 32
384 16192 48
480 16208 96
544 16176 208
528 16160 160
464 16080 -48
512 16112 176
432 16320 112
464 16272 144
464 16272 144
352 16320 144
400 16272 192
320 16224 -160
512 16208 -48
608 16192 -112
528 16160 160
528 16192 64
528 16192 -144
512 16240 -144
576 16192 192
480 16160 16
544 16192 320
512 16208 48
512 16272 -128
416 16272 -128
496 16224 -96
448 16272 -208
448 16240 -208
464 16240 -96
448 16240 0
512 16176 0
384 16272 -288
416 16192 -16
448 16112 176
224 16112 -32
224 16208 -64
352 16208 -32
320 16208 16
416 16160 -16
352 16176 16
352 16208 16
448 16208 48
448 16144 -16
336 16272 -64
336 16208 -16
432 16224 -16
432 16224 -16
352 16272 -144
400 16256 -96
480 16224 -32
400 16240 80
320 16304 96
464 16304 352
528 16272 96
528 16240 32
544 16240 304
512 16304 304
464 16224 192
544 16192 64
304 16224 240
384 16256 368
448 16160 368
448 16160 224
480 16208 224
368 16224 48
432 16272 0
528 16240 32
448 16272 80
448 16272 -96
416 16272 0
496 16208 0
496 16192 128
400 16160 16
304 16176 256
384 16096 128
576 16128 80
576 16128 -144
320 16224 -144
416 16192 -96
480 16176 -64
480 16208 128
432 16208 80
448 16288 -64
480 16256 -336
448 16160 -288
448 16192 16
