startup(x,y,z):(464,16224,144)
176 16256 816
272 16208 912
448 16080 1024
768 16112 896
624 16160 720
640 16192 1168
624 16192 848
624 16192 384
496 16128 384
336 16112 32
352 16144 -224
448 16208 -512
480 16288 -656
416 16224 -784
416 16192 -1072
384 16192 -928
336 16224 -928
320 16208 -928
416 16144 -800
512 16176 -336
336 16112 -16
400 16160 64
592 16176 96
592 16176 96
592 16176 272
608 16224 272
464 16176 528
160 16144 736
304 16128 720
384 16176 832
400 16208 624
496 16160 736
384 16176 416
336 16272 368
336 16256 320
416 16224 192
368 16224 -32
464 16256 -32
528 16224 -256
576 16352 -480
448 16288 -32
432 16192 -352
432 16256 -352
560 16256 -352
448 16304 -96
448 16256 -64
288 16256 -64
288 16320 0
432 16272 336
352 16224 336
368 16208 304
352 16304 480
416 16224 592
448 16288 384
448 16176 304
528 16240 176
592 16208 48
480 16208 448
368 16208 448
544 16192 256
480 16176 240
416 16144 144
288 16208 -144
320 16160 80
320 16224 96
320 16224 96
256 16144 128
336 16160 128
544 16016 -176
544 15968 80
512 16176 256
416 16112 256
320 16352 464
656 16320 240
656 16320 32
816 16400 32
592 16416 160
432 16432 -240
640 16336 112
560 16208 0
464 16208 -144
464 16256 -192
448 16288 32
448 16288 -144
528 16112 96
320 16096 96
448 16112 80
544 16128 32
416 16112 288
400 16144 112
304 16240 144
384 16256 32
496 16224 -112
384 16224 128
368 16224 128
384 16208 256
384 16208 176
480 16224 176
352 16176 208
352 16192 144
320 16128 176
336 16208 208
480 16240 192
384 16224 48
384 16224 0
384 16224 0
352 16272 0
448 16288 16
416 16256 -192
512 16320 -208
400 16288 16
496 16192 288
496 16256 272
272 16256 272
272 16256 144
384 16288 48
352 16224 80
512 16176 0
512 16192 16
512 16192 112
512 16192 112
528 16240 112
496 16272 16
544 16272 16
496 16288 176
512 16224 32
576 16240 144
576 16320 128
496 16288 128
496 16304 96
560 16304 96
544 16208 192
560 16208 16
512 16304 192
608 16256 144
400 16240 304
304 16256 128
416 16208 64
416 16192 96
416 16224 80
272 16208 64
336 16208 80
432 16272 80
384 16192 464
336 16144 304
384 16176 320
528 16192 304
464 16208 144
544 16240 176
512 16256 0
512 16256 -48
512 16192 -48
368 16176 80
208 16192 128
336 16240 208
400 16256 128
480 16144 208
480 16112 240
352 16112 144
352 16160 144
368 16208 -160
400 16208 -32
416 16192 192
512 16208 112
400 16224 192
352 16192 96
400 16304 -96
368 16304 96
368 16368 -144
592 16272 80
496 16272 80
400 16272 80
304 16256 144
432 16256 16
400 16224 64
496 16224 16
368 16224 112
368 16224 96
448 16224 0
480 16224 -64
544 16224 -64
448 16320 80
400 16208 -16
416 16240 96
592 16208 176
416 16224 64
416 16240 256
448 16192 16
448 16192 64
448 16192 64
544 16240 288
640 16256 288
384 16256 64
272 16240 224
256 16224 112
608 16192 32
480 16176 16
368 16208 64
384 16208 96
320 16160 192
272 16192 16
480 16208 0
352 16272 144
352 16272 448
432 16272 448
304 16256 160
304 16224 160
352 16224 32
464 16224 256
432 16224 64
400 16272 80
400 16240 96
496 16192 64
560 16192 64
592 16304 -32
496 16272 32
448 16256 176
416 16240 192
512 16224 32
480 16272 64
480 16224 -32
496 16224 -32
496 16192 -304
416 16336 -192
448 16176 32
368 16208 96
528 16080 -32
464 16128 160
464 16256 272
528 16256 272
528 16304 -32
272 16320 64
384 16304 0
352 16240 0
384 16176 0
384 16144 192
368 16144 112
400 16176 -32
320 16224 -32
240 16272 -80
320 16272 48
320 16272 64
208 16288 144
208 16320 64
336 16320 -64
512 16208 -64
496 16160 192
592 16192 96
512 16208 -96
416 16176 224
432 16224 -192
352 16272 -80
352 16320 32
464 16320 32
528 16352 16
544 16336 80
432 16304 112
400 16288 -16
480 16272 16
320 16320 48
320 16256 256
320 16256 208
432 16240 208
368 16224 32
400 16176 128
480 16304 32
560 16256 160
560 16176 128
592 16176 48
656 16192 48
512 16224 48
400 16256 64
480 16192 208
400 16240 80
368 16272 112
320 16240 144
320 16224 16
352 16224 16
368 16176 368
272 16240 352
240 16176 288
352 16144 160
352 16240 272
368 16240 112
432 16272 112
416 16304 224
400 16208 144
336 16224 128
480 16224 112
480 16224 144
320 16224 208
272 16208 208
288 16240 336
272 16288 304
368 16192 192
192 16208 32
192 16240 208
48 16240 368
272 16176 368
352 16176 464
352 16224 464
480 16304 352
432 16288 208
496 16208 128
352 16256 -112
416 16272 -64
544 16288 -224
496 16272 -128
560 16224 144
336 16240 0
480 16240 192
400 16304 176
512 16240 256
448 16256 368
448 16224 384
384 16192 304
384 16288 176
432 16288 176
496 16272 176
560 16336 192
528 16240 96
384 16272 0
464 16160 192
448 16208 400
448 16144 224
464 16208 352
464 16192 160
464 16208 144
416 16176 128
560 16176 224
448 16208 208
448 16336 144
320 16208 144
400 16192 208
400 16176 144
480 16128 96
384 16256 0
448 16240 176
480 16272 64
528 16192 112
528 16256 288
432 16256 176
416 16208 336
400 16208 336
384 16160 256
384 16224 256
464 16176 256
480 16192 -32
400 16192 96
576 16176 192
560 16192 64
576 16160 64
560 16176 320
480 16112 224
608 16144 208
544 16176 208
544 16160 112
480 16160 112
464 16240 160
560 16288 -48
496 16320 176
560 16256 336
480 16288 336
368 16208 288
256 16192 160
320 16256 16
416 16240 -160
416 16160 -32
448 16160 112
512 16128 112
448 16224 -128
336 16240 -48
352 16176 96
512 16192 -32
512 16128 -32
608 16128 -32
400 16160 144
400 16176 96
448 16192 32
416 16160 48
288 16160 -112
432 16160 -112
272 16224 48
448 16208 64
544 16256 16
512 16208 64
512 16256 224
512 16256 32
544 16240 32
704 16272 -80
544 16192 288
544 16176 64
432 16160 96
512 16064 160
416 16176 128
416 16240 304
384 16240 48
496 16224 208
496 16256 144
464 16256 288
480 16208 48
560 16256 -192
496 16256 96
496 16208 0
416 16256 112
400 16256 32
512 16192 32
416 16176 144
400 16128 -96
560 16160 -144
448 16176 -96
448 16176 160
512 16208 224
416 16208 224
400 16224 272
544 16256 272
656 16256 192
496 16256 256
560 16288 144
528 16208 160
496 16192 192
496 16192 -32
512 16256 -96
448 16176 0
480 16224 64
480 16192 112
416 16192 -16
512 16192 48
480 16208 48
416 16176 176
336 16240 160
288 16256 336
368 16224 432
432 16288 304
432 16272 368
528 16272 272
528 16224 272
448 16176 272
496 16256 176
464 16288 160
432 16272 -80
592 16288 48
592 16288 80
400 16272 80
496 16192 128
368 16192 192
368 16176 368
400 16176 240
480 16272 240
464 16256 240
384 16224 64
416 16288 -96
416 16160 16
416 16160 16
480 16192 -64
416 16176 80
400 16208 240
640 16192 208
592 16224 208
512 16304 -48
336 16336 -32
464 16224 -112
528 16208 16
528 16160 0
464 16320 -48
416 16336 208
416 16352 224
352 16256 -48
432 16256 -48
432 16176 112
544 16176 192
608 16208 192
576 16176 96
544 16208 256
496 16208 96
480 16224 96
544 16256 -208
496 16272 -64
512 16288 -160
368 16272 -64
432 16160 192
448 16160 240
448 16272 208
384 16272 208
272 16224 272
336 16208 256
336 16208 160
272 16208 -112
400 16224 112
320 16224 112
384 16144 112
352 16224 192
400 16160 304
320 16176 272
432 16224 192
432 16112 208
320 16112 208
288 16208 -64
288 16224 144
368 16176 224
400 16208 208
400 16272 224
400 16272 80
352 16224 64
368 16192 64
592 16160 -176
544 16144 112
512 16160 -80
512 16112 160
528 16112 432
464 16128 432
400 16288 384
