startup(x,y,z):(384,16208,112)
3984 16736 -16976
4992 16368 -5152
-6880 17712 4352
-5728 15616 5392
-2288 15632 5248
-992 16208 6176
-3968 15744 4528
-3968 15744 3856
-1760 15808 3856
1120 15360 880
4720 15680 384
5968 15664 1008
4096 15840 1008
1648 15584 2896
-432 16016 7264
2848 17632 592
3488 16080 144
-336 16352 -752
-240 16160 -2640
1712 16144 -3856
288 16304 -3296
-928 16544 -2848
-928 16352 -2592
848 16352 -2496
128 16432 -1984
496 16384 -1584
496 16400 -1488
544 16400 -1168
352 16320 -1168
704 16320 -832
176 16304 -192
912 16288 96
1008 16144 544
1200 16176 1488
304 16272 2096
464 16048 2176
608 16096 1408
448 16432 1056
272 16368 1312
272 16176 1040
128 16176 560
448 16080 560
608 16288 288
208 16336 -384
368 16320 -784
464 16272 -720
320 16208 -592
368 16160 -816
320 16176 -576
432 16352 -320
288 16304 -192
432 16288 -320
432 16288 -32
448 16224 96
480 16192 160
576 16240 160
464 16192 208
432 16256 240
288 16176 496
288 16208 384
480 16224 64
304 16320 -32
528 16176 48
528 16160 144
544 16160 144
512 16224 512
528 16192 464
352 16128 400
416 16096 640
464 16160 672
432 16160 672
320 16160 528
320 16176 368
272 16080 272
464 16144 272
464 16224 64
736 15712 -272
512 15664 544
1232 15968 -272
928 16016 96
672 16240 -400
1184 16336 -976
752 16224 -976
528 16208 -736
208 16240 -928
192 16208 -256
144 16208 -128
272 16192 -64
480 16128 -160
480 16160 -496
528 16192 -192
448 16160 192
448 16160 432
432 16176 432
544 16192 624
384 16160 800
320 16112 944
288 16144 976
368 16144 800
304 16128 400
304 16128 128
256 16096 64
352 16096 -112
416 16192 -128
528 16192 -128
608 16208 -288
528 16240 -592
576 16288 -560
480 16256 -256
416 16256 -448
464 16144 -160
304 16176 160
400 16128 304
208 16160 320
256 16160 288
304 16176 352
304 16176 64
528 16240 64
416 16288 288
384 16288 352
464 16288 400
480 16208 144
400 16208 208
336 16192 208
352 16272 -32
496 16192 -176
560 16208 -160
560 16176 -256
528 16224 -160
592 16224 48
576 16160 -128
416 16240 -144
416 16208 32
496 16208 208
368 16192 160
416 16192 0
528 16192 0
544 16240 144
528 16224 128
368 16256 80
512 16160 272
432 16224 464
592 16240 144
544 16192 112
416 16128 160
432 16096 208
464 16112 128
464 16144 48
416 16144 192
320 16192 192
448 16192 160
368 16192 -32
400 16240 240
464 16256 176
464 16208 368
384 16240 48
400 16192 16
432 16160 272
432 16160 272
576 16208 80
560 16208 80
512 16192 -80
608 16144 -80
560 16160 64
448 16256 -192
384 16240 96
384 16256 64
528 16240 96
448 16240 16
448 16144 288
480 16224 -96
432 16224 -80
368 16272 -80
528 16304 -32
416 16304 368
416 16272 288
368 16192 64
368 16160 -64
400 16128 144
560 16192 128
448 16208 320
320 16256 144
384 16208 144
384 16176 -80
480 16176 -80
400 16192 -16
304 16288 64
448 16288 80
512 16288 64
512 16192 64
400 16176 80
272 16160 64
416 16160 32
432 16208 32
432 16160 128
384 16160 416
496 16240 416
368 16208 304
432 16208 352
496 16224 -48
352 16224 -48
416 16256 -128
432 16192 192
384 16128 288
320 16112 400
448 16160 208
528 16224 208
480 16208 128
480 16224 384
304 16224 256
288 16144 112
304 16144 -160
432 16176 -160
432 16208 64
400 16272 256
368 16256 208
368 16192 464
448 16240 256
480 16240 48
480 16192 160
464 16192 32
416 16128 64
416 16176 -48
416 16176 144
560 16112 -208
528 16208 -208
448 16208 32
448 16240 -48
432 16224 0
512 16224 -96
512 16240 -32
432 16240 64
544 16256 160
464 16096 192
464 16096 176
432 16096 -112
464 16240 -112
336 16272 -16
256 16304 -16
240 16304 -112
416 16304 -288
384 16288 -240
368 16288 -112
416 16208 112
416 16256 0
416 16272 128
400 16272 -16
496 16256 -16
432 16256 80
464 16256 -32
384 16176 336
384 16272 240
384 16240 240
416 16240 240
368 16288 176
288 16192 176
384 16192 32
448 16224 80
336 16224 112
336 16224 -160
384 16224 -192
432 16208 -192
400 16192 192
320 16192 224
208 16224 128
256 16192 160
224 16144 208
240 16192 416
256 16256 240
256 16256 96
272 16288 96
304 16288 128
336 16272 -64
432 16304 -48
544 16304 -128
544 16288 -208
528 16288 -208
512 16176 -112
368 16176 -112
448 16224 -64
448 16160 -16
400 16128 304
384 16224 64
384 16208 96
320 16208 96
512 16160 -32
416 16224 64
432 16240 -48
464 16256 -144
624 16208 -112
384 16208 -112
384 16240 -64
448 16240 -32
416 16272 192
512 16320 192
384 16192 272
448 16112 464
368 16080 448
560 16112 128
560 16192 -80
400 16224 128
384 16224 48
368 16240 48
400 16256 336
416 16256 352
448 16096 192
352 16128 64
400 16240 -48
464 16176 80
464 16240 128
464 16272 80
544 16256 48
528 16288 64
368 16288 64
480 16240 128
528 16256 176
560 16224 144
496 16224 64
496 16080 32
496 16112 -48
496 16192 -128
544 16192 -240
480 16192 -240
400 16208 112
512 16128 96
432 16256 -128
416 16256 -160
400 16208 -96
400 16208 32
464 16176 32
400 16272 -176
480 16256 -368
448 16112 16
464 16208 336
512 16256 144
512 16208 -144
512 16272 112
416 16272 112
352 16208 160
304 16288 112
352 16176 96
544 16176 176
576 16224 64
528 16208 96
528 16208 160
432 16288 80
464 16208 208
432 16208 288
512 16192 288
496 16192 208
512 16208 96
512 16256 0
400 16272 32
432 16224 224
512 16208 80
464 16240 144
464 16160 320
432 16160 208
448 16192 208
336 16224 176
432 16176 64
336 16208 96
224 16192 48
400 16128 80
560 16144 64
512 16176 16
512 16176 128
384 16240 128
336 16272 80
416 16304 256
416 16240 -80
320 16288 288
224 16224 48
224 16256 64
464 16256 64
384 16224 16
320 16272 144
368 16208 -16
352 16208 -48
464 16224 -160
416 16192 192
416 16240 -96
400 16240 -240
416 16192 -240
480 16176 48
528 16160 48
544 16192 144
288 16208 208
480 16192 -240
416 16192 -128
496 16208 -128
352 16224 32
320 16208 32
368 16208 80
320 16224 48
416 16192 0
416 16192 -160
352 16192 -160
496 16128 224
416 16144 160
528 16144 -64
400 16128 160
656 16144 32
512 16160 16
512 16160 -16
592 16208 -16
608 16192 -32
496 16192 16
416 16224 96
448 16224 -160
448 16224 80
512 16208 32
512 16192 32
416 16144 -96
480 16224 -208
336 16144 96
368 16224 176
384 16272 96
384 16272 80
384 16304 80
480 16320 64
384 16400 112
448 16352 -128
320 16272 384
352 16272 208
384 16272 32
384 16272 176
384 16272 176
384 16208 224
416 16208 576
192 16256 256
368 16240 400
368 16272 272
384 16272 320
480 16256 320
400 16208 240
464 16240 448
496 16240 256
528 16160 96
432 16176 96
416 16240 192
416 16240 368
400 16176 368
384 16272 288
128 16224 272
432 16272 112
368 16304 80
432 16160 0
432 16176 -32
528 16224 128
448 16224 128
480 16192 128
464 16192 96
480 16160 160
496 16176 288
496 16176 288
592 16208 208
432 16176 224
528 16160 96
512 16192 80
448 16192 0
416 16240 176
416 16272 80
432 16272 304
464 16176 304
672 16208 112
448 16192 144
448 16192 48
448 16224 176
480 16224 192
480 16240 192
368 16240 -48
464 16192 0
448 16256 64
624 16208 16
592 16160 64
592 16160 160
576 16160 -16
480 16240 -16
448 16256 16
448 16144 -16
480 16208 176
528 16160 48
528 16144 48
512 16144 32
400 16224 32
448 16160 64
624 16240 48
512 16144 224
416 16208 64
416 16208 112
496 16208 112
352 16192 128
384 16288 272
352 16224 288
272 16192 224
384 16208 160
400 16224 144
400 16224 -16
416 16224 -16
480 16256 -240
656 16272 -160
512 16320 -160
544 16208 128
512 16224 96
512 16224 128
432 16272 128
368 16240 208
320 16176 240
272 16224 272
336 16288 144
336 16224 32
