startup(x,y,z):(416,16240,176)
2752 15968 -5584
160 16864 624
-320 16032 2032
496 16080 1664
688 15392 -784
-304 14000 3376
976 14976 2096
976 14976 672
1952 16112 560
592 16224 -240
1984 16192 -1904
1296 16240 -2752
1296 16240 -2624
80 16240 -2624
-288 16288 -1136
-896 16144 -848
-64 16160 -1328
96 16128 -1200
128 16272 -832
496 16272 -832
848 16288 304
672 16240 976
480 16176 1584
480 16176 1712
512 16176 1936
368 16160 2016
224 16224 1536
272 16208 1488
240 16176 976
336 16256 976
576 16224 400
528 16320 -304
416 16288 -832
256 16192 -816
256 16144 -976
432 16272 -1136
496 16208 -944
496 16160 -512
464 16160 -496
592 16240 -256
608 16272 -32
368 16224 -80
416 16240 208
496 16160 416
368 16192 624
368 16224 736
352 16224 976
352 16208 976
304 16272 704
272 16208 560
336 16304 432
320 16256 304
416 16224 -48
432 16176 -48
432 16176 -272
432 16256 -208
384 16208 -208
368 16192 -144
416 16240 -272
176 16208 -128
272 16208 -128
304 16256 112
336 16256 80
384 16256 272
512 16224 256
528 16240 416
528 16192 240
544 16192 80
544 16208 16
576 16208 16
432 16224 128
352 16304 80
224 16288 -64
480 16192 -144
448 16256 -160
448 16256 -320
432 16192 -304
480 16256 -304
512 16256 -272
464 16192 -400
592 16192 -240
496 16240 64
480 16176 160
400 16240 96
368 16208 320
416 16160 448
368 16224 448
560 16288 208
384 16256 160
384 16304 192
400 16304 192
288 16288 192
224 16272 32
192 16272 32
256 16272 -176
320 16176 -144
320 16224 -224
336 16224 -400
448 16256 -400
432 16240 -48
480 16160 -48
304 16128 64
368 16176 -144
496 16224 -80
496 16256 144
672 16192 160
592 16208 352
592 16208 320
576 16192 320
528 16256 208
512 16240 304
544 16176 64
432 16192 128
352 16176 -16
368 16208 -128
368 16208 -192
560 16192 64
688 16144 -16
544 16288 -80
496 16224 -128
448 16224 -176
544 16160 -176
448 16128 0
416 16208 288
432 16240 64
432 16272 -112
560 16272 -112
496 16224 144
480 16192 336
400 16256 448
528 16272 528
560 16208 352
384 16224 112
384 16144 432
448 16144 528
512 16144 528
464 16160 368
416 16160 96
352 16176 -96
432 16256 -208
400 16272 -80
400 16256 -160
464 16256 -32
432 16272 -32
432 16240 32
464 16256 96
688 16240 16
512 16256 192
512 16256 288
560 16160 288
400 16128 48
352 16224 80
448 16240 240
384 16288 144
400 16208 160
400 16288 144
304 16288 272
320 16288 272
336 16224 288
544 16240 256
608 16240 -176
528 16256 -208
528 16224 16
448 16224 32
432 16224 -80
528 16224 -80
608 16256 -224
512 16304 -32
624 16272 80
656 16256 -16
656 16224 336
560 16224 336
528 16368 304
400 16320 480
496 16256 464
576 16208 464
480 16240 688
480 16224 672
432 16208 688
496 16224 624
480 16224 224
544 16352 224
464 16272 -112
416 16336 -160
368 16272 -64
288 16256 -48
288 16256 -48
464 16256 176
496 16192 176
464 16240 80
656 16288 112
512 16240 -112
496 16288 64
496 16288 224
560 16208 224
544 16160 -112
400 16096 -80
496 16144 128
416 16256 464
416 16288 256
400 16288 192
416 16304 192
480 16240 80
512 16256 16
368 16240 -224
448 16192 64
448 16320 16
448 16320 16
496 16240 -112
496 16240 80
496 16192 192
512 16192 240
512 16160 112
512 16160 112
416 16176 96
320 16160 112
416 16192 288
352 16288 352
352 16320 288
416 16320 288
608 16256 0
464 16256 -16
480 16224 64
304 16208 -144
304 16256 -32
448 16256 -128
448 16224 -128
416 16224 -64
464 16208 -144
448 16272 64
432 16224 80
432 16192 112
480 16192 112
448 16240 32
448 16272 64
288 16304 208
368 16240 128
368 16192 160
416 16192 448
464 16160 448
496 16160 240
512 16128 64
640 16096 64
640 16208 48
432 16208 48
448 16192 112
496 16208 208
608 16288 176
512 16224 -48
512 16224 -160
464 16128 0
512 16128 0
400 16208 16
400 16144 -16
576 16208 -160
736 16208 -160
736 16336 -112
576 16336 -112
576 16272 -48
384 16256 176
352 16240 240
352 16224 368
288 16272 192
288 16192 160
384 16192 112
400 16192 112
416 16224 -80
448 16176 -16
448 16224 -96
448 16224 -16
432 16224 -112
400 16128 -176
496 16160 -176
560 16128 -48
544 16144 48
464 16080 144
368 16144 176
368 16144 352
400 16176 352
304 16176 400
224 16160 208
240 16240 16
352 16208 96
352 16192 160
272 16192 48
512 16176 48
544 16208 144
400 16176 464
464 16224 128
480 16144 64
512 16240 32
512 16272 0
416 16272 0
528 16224 80
416 16224 64
400 16144 128
336 16208 -80
432 16192 -112
432 16144 -112
304 16144 -112
512 16208 -368
480 16224 -80
464 16176 176
448 16208 192
448 16208 80
592 16208 -176
592 16224 -96
464 16208 -176
432 16224 128
416 16208 192
416 16176 96
416 16176 -112
448 16240 -112
400 16160 -224
384 16208 16
352 16288 -16
448 16272 64
448 16240 32
464 16224 16
464 16240 -48
464 16240 16
480 16256 16
672 16272 272
560 16224 160
560 16144 -48
496 16112 128
480 16208 112
480 16208 304
384 16224 304
528 16240 224
528 16256 192
288 16208 304
128 16240 96
272 16288 240
336 16256 208
336 16224 304
320 16224 16
400 16224 320
368 16288 320
560 16288 80
448 16224 32
480 16208 128
288 16208 64
352 16160 80
352 16160 -48
448 16192 -48
512 16192 -16
448 16256 112
448 16256 80
496 16256 192
496 16256 176
208 16224 208
416 16224 240
272 16208 240
352 16176 128
320 16240 96
320 16208 48
528 16272 -96
528 16256 192
320 16256 144
480 16240 144
528 16224 192
448 16208 384
432 16176 288
448 16224 80
448 16240 -64
336 16240 48
272 16160 48
384 16208 16
368 16240 160
496 16240 -32
432 16176 80
432 16176 96
368 16224 96
416 16224 288
448 16144 112
448 16176 112
464 16240 -96
464 16176 -128
656 16176 0
672 16192 0
448 16176 64
576 16224 -32
400 16192 112
416 16192 128
496 16144 320
432 16112 256
432 16208 208
336 16288 208
368 16224 352
432 16208 240
432 16208 -48
480 16208 -48
512 16176 -48
304 16176 128
400 16288 80
448 16224 432
400 16240 208
336 16224 240
384 16208 288
336 16160 160
336 16192 -128
384 16192 -64
416 16176 -64
384 16256 -96
304 16272 -16
496 16224 144
448 16240 176
448 16288 160
544 16288 16
576 16256 16
656 16208 160
512 16208 176
448 16224 320
400 16208 448
432 16208 448
384 16192 368
384 16208 -48
448 16208 -288
336 16176 -144
368 16224 80
560 16224 48
432 16320 48
592 16272 80
480 16272 208
560 16256 400
448 16240 256
448 16240 432
496 16208 432
288 16160 368
400 16224 112
544 16240 80
512 16240 96
288 16256 96
416 16192 352
416 16192 -128
432 16192 0
336 16160 0
400 16208 -96
608 16192 0
608 16128 96
608 16192 16
416 16192 -240
320 16208 -96
416 16192 -96
320 16208 80
384 16240 -32
352 16288 64
480 16320 112
480 16320 400
480 16304 400
592 16144 304
400 16192 96
464 16208 416
384 16160 304
384 16160 160
480 16160 80
656 16160 16
528 16208 -80
368 16192 -16
576 16240 -192
320 16256 -16
432 16256 -160
512 16256 -160
464 16256 -128
384 16224 112
496 16192 0
512 16240 32
528 16240 96
528 16240 464
464 16160 464
272 16160 160
352 16208 128
416 16192 -16
336 16144 384
336 16192 144
336 16192 144
240 16160 144
320 16144 -16
384 16240 -112
480 16208 64
512 16240 304
512 16256 384
416 16352 256
544 16352 256
384 16288 240
496 16240 112
480 16224 32
384 16256 16
400 16208 128
400 16256 112
400 16256 224
288 16208 48
320 16192 48
400 16144 -64
496 16208 48
512 16128 0
448 16128 96
432 16160 -16
400 16192 128
336 16208 96
336 16208 128
384 16240 128
496 16224 288
496 16256 192
528 16272 -32
496 16256 64
512 16304 128
288 16272 144
288 16224 160
384 16224 160
496 16240 96
