startup(x,y,z):(384,16208,112)
3824 17088 -528
-496 12256 1088
-2080 14224 1712
-2080 14000 3136
-1712 17424 -1888
2304 17424 -1888
6048 16368 -10976
0 17744 -2688
-5744 17104 4896
-7264 14976 5392
-2960 15792 4576
-1376 16016 6400
-1760 15712 4752
-2624 15824 2864
-336 15984 1248
-336 16096 288
2480 16096 368
4816 16192 368
5568 16240 688
-3200 15040 8864
-2416 16512 5408
2128 16528 1392
2688 16928 256
880 16384 -1808
544 16096 -3792
544 16096 -4448
416 16256 -2464
-1248 16256 -1440
-304 16144 -1440
48 16416 -2368
128 16192 -1808
0 16192 -1520
-64 16176 -1088
-16 16176 -1264
528 16176 -864
592 16288 96
864 16176 448
864 16176 672
1072 16208 1952
864 16368 2336
576 16288 2272
80 16176 1648
96 16112 1264
208 16192 1264
96 16176 1296
528 16240 1024
576 16224 336
576 16224 -80
544 16304 -480
656 16304 -736
368 16176 -752
304 16192 -752
432 16208 -624
352 16208 -400
352 16192 -464
480 16144 -256
432 16288 -240
640 16272 -128
640 16288 -48
784 16288 304
496 16224 304
512 16240 -64
384 16288 80
176 16256 384
368 16192 464
320 16192 480
352 16224 528
352 16224 288
208 16272 320
368 16288 320
336 16160 416
464 16160 464
384 16240 288
464 16160 128
464 16176 160
432 16192 96
448 16208 -80
368 16144 -32
352 16224 64
384 16176 192
384 16176 16
368 16176 0
480 16224 32
560 16192 32
512 16160 96
480 16272 80
448 16256 -64
528 16192 48
368 16256 -128
432 16208 -112
448 16208 -112
560 16144 16
416 16144 -128
464 16160 -288
368 16096 -144
416 16160 -80
416 16208 -32
464 16160 -32
416 16144 320
464 16192 368
464 16192 496
368 16160 496
416 16208 512
480 16192 368
384 16240 544
448 16192 400
448 16256 208
416 16256 208
448 16256 144
416 16256 144
512 16288 -256
512 16240 -224
384 16240 192
384 16240 -128
384 16256 -272
400 16224 -304
368 16224 -256
368 16128 -256
288 16144 0
336 16176 176
400 16128 192
480 16160 -48
480 16192 224
464 16192 224
416 16208 192
448 16160 224
672 16176 240
656 16240 240
656 16224 224
528 16176 208
432 16176 144
400 16224 272
432 16224 272
464 16192 32
496 16176 112
400 16256 32
400 16256 0
400 16208 0
352 16224 -144
288 16224 32
320 16176 144
320 16208 240
528 16256 160
528 16176 96
512 16176 96
400 16240 96
432 16192 0
496 16192 0
448 16224 -32
448 16144 -48
464 16272 -96
528 16272 -64
448 16272 -64
400 16240 16
368 16224 64
368 16160 176
496 16144 608
496 16224 368
496 16224 304
416 16176 304
512 16208 384
480 16224 256
448 16256 320
512 16240 368
512 16304 464
384 16304 256
256 16272 256
336 16208 240
528 16224 112
496 16240 -32
496 16320 32
512 16320 208
368 16256 208
480 16224 176
448 16288 224
512 16288 192
480 16240 160
480 16240 432
496 16160 160
400 16160 160
512 16192 144
576 16112 112
560 16080 -32
560 16112 64
560 16112 -48
592 16144 -48
560 16144 16
544 16192 80
464 16208 0
480 16208 -208
464 16128 -240
464 16128 -224
304 16224 -224
480 16224 -400
400 16224 -112
416 16224 -208
416 16272 -16
416 16272 400
464 16272 256
384 16256 256
496 16224 176
496 16256 304
576 16208 128
352 16144 -16
224 16176 32
224 16176 112
256 16272 112
288 16240 128
432 16240 48
432 16240 -112
496 16272 -32
320 16240 0
320 16240 -80
336 16256 -32
464 16176 -32
480 16224 160
432 16320 -32
544 16208 176
544 16208 288
672 16176 288
592 16192 32
528 16240 48
416 16208 208
432 16160 176
400 16192 96
400 16176 176
464 16176 176
208 16208 192
240 16144 160
240 16176 272
368 16144 320
368 16144 336
352 16096 336
448 16208 256
240 16240 128
400 16272 224
480 16208 288
448 16208 48
448 16176 96
336 16176 96
368 16256 -80
416 16256 -144
496 16240 -32
496 16208 256
576 16208 432
576 16208 320
352 16192 272
352 16192 176
272 16224 176
336 16272 16
416 16272 16
384 16224 128
496 16208 -64
416 16208 176
352 16192 176
272 16192 480
400 16224 80
464 16192 80
464 16160 -272
400 16256 -96
432 16160 48
416 16208 16
432 16240 -256
608 16240 -96
352 16272 -64
352 16240 224
368 16256 16
384 16208 160
544 16208 352
432 16224 176
480 16240 160
480 16240 112
416 16256 128
416 16288 192
464 16192 80
384 16208 192
464 16240 48
416 16224 -16
288 16224 32
288 16320 32
352 16272 -64
608 16224 0
608 16272 48
528 16224 240
432 16240 208
480 16224 112
416 16224 112
592 16304 64
672 16272 -48
528 16336 16
432 16240 48
448 16224 -32
384 16160 96
176 16160 -112
160 16144 -160
368 16176 80
432 16256 208
464 16240 160
512 16288 432
464 16320 336
448 16256 240
448 16208 240
560 16288 224
464 16192 336
368 16192 480
464 16144 464
464 16112 192
464 16256 288
384 16224 144
432 16208 96
528 16176 192
544 16208 256
448 16352 176
624 16352 32
624 16272 -80
640 16320 176
480 16320 176
432 16224 128
512 16176 128
432 16288 112
512 16224 48
416 16224 144
368 16240 64
288 16224 16
336 16224 288
416 16240 336
416 16224 128
416 16208 96
448 16208 224
352 16192 224
384 16208 48
528 16256 -192
528 16256 -192
528 16224 -208
352 16224 -208
432 16208 -144
480 16176 80
432 16192 80
352 16240 176
432 16192 400
512 16096 240
512 16112 192
448 16224 -96
368 16224 -48
352 16288 -48
400 16256 -64
512 16208 -64
496 16240 96
528 16272 48
416 16192 96
416 16304 160
416 16256 -32
480 16256 -48
560 16240 48
464 16224 16
448 16224 0
528 16160 112
480 16192 176
480 16224 64
448 16224 144
432 16192 144
560 16224 160
528 16224 0
528 16192 96
528 16240 208
512 16288 48
512 16224 384
512 16160 128
464 16160 176
464 16144 128
464 16208 224
480 16208 208
512 16176 208
496 16160 208
480 16192 32
560 16208 272
528 16256 208
528 16256 128
496 16176 96
496 16160 96
432 16144 -32
496 16208 -192
304 16192 -64
336 16208 16
528 16240 112
528 16192 -80
624 16192 -80
544 16192 -80
496 16192 0
464 16112 192
576 16144 208
448 16272 272
416 16144 208
416 16160 32
416 16160 32
464 16144 96
448 16176 64
496 16176 192
624 16192 16
544 16128 48
544 16128 16
416 16208 16
464 16240 112
528 16192 432
480 16160 432
384 16336 400
480 16304 240
480 16320 -176
480 16288 16
480 16288 -16
480 16288 -16
432 16352 -80
384 16304 -32
496 16272 64
384 16224 160
384 16240 192
368 16192 96
432 16192 384
400 16192 384
448 16176 464
416 16192 144
416 16192 144
496 16192 272
448 16224 272
416 16192 64
416 16208 240
448 16128 256
448 16256 -240
352 16256 -240
400 16208 -192
400 16224 96
432 16208 304
416 16272 352
416 16224 304
416 16288 304
416 16288 320
432 16224 320
464 16240 144
576 16192 -64
576 16176 208
672 16208 32
672 16208 208
480 16304 208
480 16240 112
496 16240 -208
512 16224 176
256 16192 208
256 16272 144
256 16272 -32
384 16256 -32
448 16192 464
384 16160 224
320 16224 32
448 16112 0
368 16176 128
368 16112 -64
416 16112 -64
656 16160 -64
592 16176 -352
416 16240 -272
400 16224 16
400 16192 224
432 16192 128
560 16192 128
560 16192 80
528 16208 96
528 16128 224
368 16192 96
352 16208 288
400 16240 144
400 16272 64
384 16208 -96
432 16208 -64
608 16208 32
608 16208 320
464 16208 48
416 16288 48
496 16256 128
272 16192 224
400 16144 224
448 16176 544
384 16160 272
448 16240 272
352 16272 208
256 16256 144
256 16256 144
416 16304 80
256 16224 208
448 16176 320
480 16192 240
256 16176 192
256 16240 160
288 16256 96
288 16256 128
384 16192 128
320 16224 48
320 16176 176
160 16144 288
464 16144 208
464 16192 32
432 16192 -128
464 16304 -128
496 16240 -32
480 16240 -16
464 16240 48
432 16272 128
432 16208 16
416 16208 -32
432 16240 -32
288 16288 64
368 16256 32
432 16208 80
