startup(x,y,z):(416,16240,176)
672 16192 -1104
80 16096 528
608 16304 528
9008 16384 -12512
6832 16400 -21360
4176 16880 2816
-14224 18896 14576
-6928 16464 11760
-96 18112 6352
-960 16208 5920
-6512 16624 7744
-6512 15776 352
-3456 15776 2160
3280 16352 2160
9280 16320 1008
7008 17104 496
3472 16528 2192
1888 16528 3376
2576 15984 3376
2912 16368 2768
432 16368 3712
-2512 16880 1440
-2032 16480 -1472
-832 16288 -2976
48 16400 -3216
304 16256 -3232
416 16448 -3728
368 16432 -3440
608 16208 -2816
160 16240 -1968
160 16128 -1392
496 16128 -1392
528 16256 -1920
400 16336 -1632
752 16224 -720
576 16272 480
336 16240 1344
816 16224 1776
368 16144 2048
304 16112 2224
304 16112 1936
304 16112 1360
320 16112 1248
272 16160 1248
480 16128 1680
544 16144 1456
448 16160 1136
704 16192 544
80 16208 576
80 16128 496
368 16192 -224
336 16208 -800
448 16192 -720
448 16192 -912
432 16192 -912
720 16176 -1216
896 16272 -992
512 16336 -1344
512 16352 -912
224 16352 -688
432 16272 -576
368 16208 -112
368 16208 240
272 16208 240
496 16192 576
432 16096 720
528 16144 688
608 16240 704
576 16256 816
576 16192 880
592 16192 704
624 16224 704
528 16208 784
544 16192 448
432 16240 448
352 16272 160
304 16240 48
288 16304 -96
288 16304 -224
336 16208 -304
512 16208 -304
496 16240 -448
464 16272 -352
512 16192 -128
448 16208 -192
432 16192 -304
432 16192 -160
448 16192 -112
256 16288 -112
320 16240 96
304 16272 160
464 16224 144
400 16208 144
576 16128 80
352 16144 112
496 16192 288
480 16160 64
480 16128 0
400 16128 0
448 16144 400
416 16304 432
400 16256 384
320 16208 272
320 16272 48
320 16272 48
416 16240 -208
448 16240 -160
448 16240 -240
480 16176 112
656 16176 80
704 16208 384
528 16192 352
528 16208 240
480 16208 64
384 16208 256
400 16208 256
336 16272 32
336 16144 144
352 16192 208
384 16208 -32
608 16240 0
464 16256 96
464 16144 48
416 16144 96
464 16208 96
352 16208 208
320 16224 400
304 16272 160
480 16272 128
480 16192 176
448 16224 208
448 16224 -128
400 16240 -128
288 16240 32
336 16224 128
576 16224 112
448 16224 48
336 16240 224
528 16224 176
512 16224 144
304 16192 192
496 16192 80
496 16192 -64
592 16256 16
704 16256 16
656 16144 -112
560 16192 -64
448 16160 16
432 16240 32
432 16272 224
432 16272 224
432 16224 144
496 16288 144
560 16288 128
496 16288 -64
336 16240 160
400 16240 128
400 16240 -240
400 16240 -112
496 16256 -112
400 16224 -16
208 16192 176
304 16192 -160
336 16192 -64
320 16240 -96
400 16224 -128
400 16224 -400
368 16224 -400
352 16256 -256
224 16160 -112
288 16160 80
464 16112 48
448 16176 -160
352 16240 112
416 16304 144
416 16320 192
416 16320 192
496 16288 192
384 16272 128
400 16160 16
416 16160 128
352 16128 0
464 16112 -32
416 16112 -80
352 16192 -48
320 16192 -224
432 16256 -240
352 16256 -272
352 16272 -192
384 16224 -32
384 16288 -16
384 16288 -16
288 16304 32
336 16256 -96
288 16288 128
432 16224 160
512 16192 224
480 16176 256
480 16192 96
480 16208 224
512 16208 224
528 16192 336
528 16176 16
560 16256 224
480 16160 96
320 16160 192
400 16128 144
592 16144 48
352 16144 192
384 16256 144
480 16192 176
448 16240 -144
400 16240 32
288 16240 144
400 16224 144
496 16192 144
448 16192 160
528 16208 176
464 16240 80
400 16256 64
400 16208 32
384 16208 320
464 16176 320
336 16208 160
288 16208 80
400 16112 432
352 16192 400
368 16176 160
464 16176 80
480 16144 176
480 16208 320
256 16208 320
256 16288 208
240 16256 176
336 16192 304
304 16208 144
304 16272 48
400 16272 112
448 16240 112
368 16240 176
400 16192 176
592 16208 96
512 16224 64
640 16176 144
576 16128 208
576 16128 352
400 16176 144
464 16224 48
512 16256 48
336 16176 144
496 16144 -16
608 16128 -32
592 16128 64
560 16192 96
560 16192 -32
304 16208 -32
384 16144 80
304 16224 48
272 16224 16
288 16208 192
432 16176 256
432 16144 192
432 16192 128
304 16192 160
400 16160 160
416 16112 112
352 16160 -16
320 16272 272
320 16208 208
240 16160 -32
288 16144 -48
256 16128 80
336 16128 320
368 16176 320
320 16208 160
224 16128 224
384 16208 176
528 16208 -16
528 16256 -16
416 16256 -16
336 16288 -80
384 16256 -80
368 16240 -144
288 16256 32
400 16256 192
352 16288 -96
544 16160 0
544 16160 -96
480 16144 -96
240 16192 -48
416 16160 -64
384 16160 96
432 16176 96
464 16288 256
464 16288 112
640 16224 128
576 16224 128
592 16240 128
576 16240 112
720 16192 112
576 16208 272
464 16256 304
496 16144 240
384 16208 240
448 16176 0
416 16256 0
432 16256 16
416 16240 80
448 16240 16
512 16144 -176
288 16224 48
288 16224 0
256 16304 32
144 16208 -32
464 16192 -320
384 16192 -160
320 16208 32
512 16224 80
528 16224 208
448 16224 192
448 16160 192
480 16192 112
448 16208 224
256 16272 208
304 16240 192
304 16208 256
416 16192 16
544 16176 16
528 16288 128
416 16320 240
480 16176 128
544 16224 32
544 16224 -128
528 16192 -128
528 16176 -192
480 16144 48
480 16144 96
448 16176 128
400 16240 64
432 16240 240
448 16336 128
464 16336 320
400 16208 320
368 16304 288
416 16112 176
544 16240 144
448 16256 128
448 16224 192
448 16224 64
400 16192 80
352 16288 -112
352 16256 -112
416 16256 -112
448 16224 -64
464 16256 144
416 16192 208
400 16208 400
496 16176 400
576 16224 176
496 16144 96
416 16176 32
336 16304 80
512 16288 -144
448 16240 -80
352 16208 0
352 16208 -96
448 16256 0
400 16304 0
352 16208 -112
416 16176 -48
464 16240 -304
480 16224 0
528 16192 144
304 16208 176
304 16288 -112
304 16288 128
400 16208 128
448 16240 144
528 16256 80
416 16176 96
544 16224 -32
560 16208 144
496 16224 240
432 16320 144
496 16224 304
352 16224 400
352 16256 144
352 16256 304
448 16256 64
560 16304 112
544 16256 112
496 16176 256
464 16192 256
432 16224 144
512 16192 32
448 16240 -16
464 16192 -320
464 16192 -128
432 16192 -128
544 16144 -64
512 16160 -112
448 16144 16
480 16176 192
416 16224 -224
448 16272 -48
336 16208 -128
432 16224 -32
464 16272 -48
464 16256 128
416 16256 192
336 16272 192
432 16272 112
608 16256 80
560 16288 48
624 16176 -48
496 16240 112
560 16240 -48
464 16224 -48
416 16144 320
416 16256 160
368 16224 32
432 16192 32
480 16192 0
352 16272 224
352 16320 -160
464 16256 -16
448 16256 -16
464 16288 -48
496 16224 288
448 16256 352
432 16224 96
416 16144 32
416 16176 16
336 16144 96
384 16176 -80
304 16208 0
448 16240 96
480 16240 144
528 16288 48
560 16288 -176
544 16256 32
592 16304 32
560 16208 320
640 16272 256
512 16208 240
416 16304 -16
416 16240 112
432 16272 -32
432 16272 80
400 16224 -16
384 16240 16
320 16272 64
352 16240 144
400 16192 -80
480 16160 80
496 16208 16
496 16176 64
336 16176 128
256 16176 96
400 16176 112
416 16144 112
400 16256 80
256 16224 128
336 16240 240
336 16240 160
448 16240 160
416 16224 -80
272 16208 -48
320 16240 -48
400 16272 32
400 16240 -112
400 16240 -304
480 16224 -128
512 16192 -144
448 16224 -64
448 16160 -192
544 16160 -192
496 16176 224
656 16192 256
512 16192 256
464 16208 176
464 16208 464
448 16224 240
432 16240 176
608 16240 32
528 16208 -32
416 16256 16
384 16240 -16
496 16240 -16
464 16256 -160
432 16256 32
416 16256 128
336 16320 32
336 16288 -16
432 16256 -144
448 16192 96
448 16192 256
384 16224 160
368 16192 160
384 16208 144
496 16240 176
400 16224 -32
384 16192 64
432 16272 -16
464 16176 48
368 16256 112
512 16176 0
480 16224 32
480 16224 -240
256 16256 16
288 16176 160
240 16128 128
