startup(x,y,z):(416,16240,176)
176 15952 -736
13072 16368 -15840
-15184 17904 15440
1488 17280 2864
528 17584 4848
-3840 16496 5360
-1952 15824 -208
-1952 16656 720
3648 16656 -448
9200 16176 832
6576 16896 832
2000 15920 -48
2672 16032 2288
3024 16320 2208
2096 16016 2704
-144 15984 2480
-2608 16224 336
-2352 16352 -1744
-2352 16208 -3008
-720 16208 -3344
-384 16208 -3344
960 16384 -3520
1040 16144 -3072
688 16240 -2624
704 16176 -2608
-80 16336 -1840
32 16336 -800
32 16096 -1136
432 16096 -1136
416 16144 -736
544 16208 64
752 16160 576
1280 16176 944
1280 16160 1056
432 16144 1136
432 16080 1248
16 16144 960
-48 16144 1056
32 16144 1536
192 16112 1552
400 16128 800
464 16208 800
272 16176 240
576 16192 32
512 16336 -96
416 16224 -96
416 16256 -16
480 16224 80
480 16320 -352
480 16320 -320
672 16272 -320
768 16224 -384
464 16208 -624
320 16288 -496
320 16192 -480
416 16192 -528
400 16192 -320
608 16160 -320
448 16160 -160
320 16096 16
592 16160 -48
528 16096 16
592 16240 -80
592 16208 64
464 16208 192
448 16112 192
448 16208 592
192 16240 624
368 16256 624
288 16272 624
384 16304 432
352 16208 336
416 16256 224
416 16256 96
496 16224 96
496 16256 272
528 16112 400
368 16176 336
496 16176 48
656 16240 16
816 16272 -208
608 16256 -384
448 16240 -576
448 16192 -688
512 16192 -384
416 16240 -80
384 16224 -80
416 16208 -96
272 16240 128
384 16176 304
352 16208 400
496 16272 512
496 16256 288
512 16256 368
512 16288 416
416 16288 544
416 16240 544
480 16224 496
464 16240 352
528 16240 64
416 16272 48
416 16240 -48
368 16240 -48
432 16208 128
336 16240 0
432 16192 0
432 16176 64
336 16064 -16
416 16080 -48
464 16160 -16
464 16208 -16
432 16208 -16
528 16160 -32
608 16224 -224
448 16224 -144
464 16192 176
512 16208 272
416 16272 272
384 16240 352
608 16240 336
608 16208 304
464 16208 432
528 16288 432
480 16304 96
448 16208 384
224 16192 256
352 16192 128
384 16176 128
416 16224 -64
416 16176 224
352 16176 304
528 16112 304
480 16240 -32
448 16288 0
464 16208 -32
544 16224 48
480 16272 -128
416 16192 -16
400 16224 128
448 16224 144
448 16256 176
320 16256 288
480 16240 288
512 16304 224
384 16352 224
320 16224 192
464 16144 336
416 16144 384
416 16192 112
544 16224 16
464 16160 144
432 16256 160
464 16224 160
464 16208 16
656 16208 160
560 16160 160
432 16144 256
448 16144 256
432 16176 48
528 16224 208
464 16256 112
384 16208 112
384 16208 64
480 16256 64
464 16208 208
464 16192 144
384 16176 96
336 16128 16
448 16176 80
464 16176 0
448 16144 -16
448 16160 48
480 16288 -32
352 16288 -112
448 16272 -112
432 16240 -224
432 16192 -32
400 16208 128
464 16112 208
464 16176 240
416 16160 224
384 16160 256
464 16224 256
576 16192 256
448 16176 112
320 16256 80
336 16256 32
336 16288 -112
400 16288 -16
464 16256 -16
432 16192 32
480 16224 -48
496 16144 -16
416 16192 336
368 16176 144
368 16192 272
288 16240 320
432 16240 320
400 16160 256
384 16176 144
336 16192 272
464 16240 80
368 16304 80
384 16192 -128
384 16208 -64
512 16208 -80
368 16288 -80
352 16240 96
320 16192 128
400 16144 240
400 16208 256
384 16288 256
384 16288 192
464 16224 192
400 16208 -144
400 16240 -16
288 16272 -32
448 16288 -32
336 16320 -48
336 16224 16
576 16272 -16
512 16256 32
560 16272 176
464 16208 288
688 16256 336
480 16208 176
512 16192 64
448 16160 48
400 16176 64
448 16208 256
208 16256 128
336 16256 96
304 16192 208
496 16192 128
496 16176 16
544 16176 256
480 16176 96
480 16192 96
416 16240 80
544 16208 176
528 16224 192
528 16240 -96
496 16240 0
512 16240 240
464 16128 240
528 16144 320
384 16192 384
368 16240 224
400 16288 256
416 16288 256
464 16256 224
496 16240 0
464 16208 80
368 16224 128
336 16160 80
336 16144 144
352 16176 160
480 16224 224
416 16288 160
352 16208 256
480 16192 128
432 16192 128
432 16240 224
432 16288 144
464 16208 160
480 16240 -16
464 16256 -64
464 16288 32
576 16288 32
576 16272 -64
496 16192 96
416 16256 160
304 16208 336
416 16192 336
496 16192 208
464 16176 112
416 16256 16
400 16208 16
416 16208 128
384 16256 128
448 16288 -176
496 16224 -32
496 16224 0
336 16272 -16
240 16240 -16
192 16208 32
912 16192 -16
640 16144 320
496 16128 160
496 16160 272
448 16192 64
352 16192 -208
432 16176 -144
432 16256 48
432 16256 112
240 16320 112
432 16240 96
432 16192 384
672 16208 112
512 16256 -112
464 16272 0
416 16304 -384
464 16288 -528
608 16256 -320
608 16240 -176
544 16240 -48
368 16192 -48
448 16224 32
416 16176 112
288 16272 384
384 16240 144
320 16256 144
320 16224 80
416 16224 144
240 16208 144
304 16192 -160
448 16208 32
336 16144 80
368 16208 16
368 16208 160
320 16224 -16
336 16224 176
432 16160 176
448 16160 144
448 16256 96
432 16224 64
576 16128 112
512 16208 112
512 16208 192
560 16256 192
480 16176 0
448 16128 64
448 16192 224
320 16224 96
320 16160 -64
352 16160 320
448 16160 96
544 16192 96
480 16144 352
448 16128 80
544 16176 128
384 16192 176
384 16192 176
320 16176 -80
384 16176 -80
304 16240 -16
448 16272 -32
560 16256 -128
512 16176 -144
448 16304 32
448 16240 176
528 16240 160
448 16112 160
464 16256 208
480 16224 448
432 16128 128
432 16160 176
288 16160 176
320 16240 176
544 16240 160
432 16240 16
400 16320 144
384 16256 48
416 16224 48
432 16224 80
384 16224 0
384 16192 -16
528 16224 -144
528 16240 128
368 16224 352
400 16224 240
448 16208 240
464 16208 128
432 16240 240
576 16208 48
576 16224 80
512 16224 32
576 16208 32
560 16192 -32
464 16192 -352
464 16224 -112
464 16320 32
352 16320 80
496 16304 160
368 16352 160
352 16288 -48
288 16192 176
464 16208 176
480 16224 160
480 16224 32
448 16208 32
464 16256 160
496 16208 112
496 16224 272
608 16288 256
512 16240 272
272 16224 144
272 16272 480
272 16256 336
480 16256 336
672 16320 192
544 16144 480
464 16192 112
352 16176 128
352 16256 144
352 16208 48
368 16208 48
416 16256 160
496 16304 112
528 16208 224
400 16192 224
368 16144 320
608 16224 112
432 16240 -16
432 16240 -96
464 16288 -96
240 16304 0
304 16224 0
272 16192 208
400 16176 128
336 16144 128
336 16208 -32
304 16208 16
384 16192 16
384 16224 144
368 16208 16
432 16256 304
368 16224 48
448 16192 32
448 16144 32
432 16144 32
464 16096 192
432 16096 80
400 16160 0
448 16112 64
560 16192 32
560 16176 64
640 16176 64
688 16112 -144
432 16160 32
432 16240 96
448 16304 32
448 16240 -48
448 16288 128
512 16288 128
464 16160 16
448 16176 16
400 16192 128
336 16288 0
384 16224 -16
384 16176 48
528 16176 -176
448 16256 -176
448 16208 16
480 16256 208
400 16304 144
400 16288 128
640 16176 64
544 16160 224
544 16160 288
480 16176 288
384 16176 128
512 16208 -64
496 16192 0
416 16176 32
416 16208 80
576 16256 0
544 16288 64
480 16288 288
400 16240 288
432 16192 208
400 16160 352
432 16224 304
432 16272 16
432 16272 160
464 16224 160
528 16240 64
496 16176 240
416 16224 48
480 16320 64
336 16208 -80
336 16192 48
352 16192 -160
464 16240 -160
704 16240 -64
528 16272 -48
496 16224 16
496 16192 -32
480 16240 144
416 16224 64
400 16224 80
336 16128 112
336 16128 224
272 16256 224
368 16256 224
432 16240 128
448 16256 160
480 16224 -16
512 16240 -64
448 16240 -96
512 16240 -64
512 16208 -128
688 16208 48
528 16160 48
608 16128 112
480 16144 144
352 16160 -16
352 16256 16
352 16256 128
384 16224 144
480 16256 272
512 16224 272
