startup(x,y,z):(64,16112,144)
-2368 15360 32
-2688 22784 3808
12096 17600 -7840
3152 17136 -7872
2176 16800 -3296
3408 14768 -8416
-4032 16448 -1648
-4032 16448 2176
-816 16080 2176
-2144 15088 -1456
-2032 15856 48
-1840 15872 2576
-1840 16128 -288
-560 15792 -592
-1584 16016 272
-1584 16224 240
-720 16224 240
-256 16064 -496
-480 15648 912
-112 15536 2112
-16 15856 512
-16 15856 944
192 16128 944
-64 16192 880
176 16144 -448
368 16256 -1472
448 16192 16
448 16192 -368
928 16176 -368
896 16096 -256
176 16176 1136
-48 16112 1184
-48 16064 672
16 16064 992
-128 16048 992
-144 16080 832
176 16080 0
144 16208 288
144 16224 256
32 16224 16
-64 16272 16
-96 16240 -208
16 16272 112
224 16272 -112
224 16288 -80
48 16288 560
-64 16256 560
64 16160 496
128 16064 128
80 16192 528
-64 16272 416
-64 16272 48
-64 16176 48
224 16144 0
96 16192 16
-16 16192 -224
-16 16176 0
-16 16176 -224
240 16160 -224
272 16144 -160
272 16112 240
192 16176 352
160 16176 512
160 16176 576
80 16144 672
144 16208 496
352 16160 -48
320 16160 -32
320 16160 -64
48 16224 -64
144 16192 208
176 16128 -80
112 16096 32
16 16064 272
16 16064 384
160 16096 384
256 16016 512
224 16080 272
80 16144 0
96 16160 128
96 16032 288
144 16032 288
112 16112 448
-64 16176 464
32 16144 400
96 16096 176
96 16096 192
240 16080 272
224 16048 272
160 16048 64
160 16128 352
96 16224 544
96 16208 560
-48 16208 560
112 16128 432
144 16144 -48
64 16096 192
192 16096 16
192 16096 -32
336 16096 -32
160 16080 240
112 16080 320
176 16064 304
240 16080 432
240 16336 352
96 16192 352
208 16224 416
208 16176 384
256 16160 160
160 16160 240
160 16176 592
48 16176 592
0 16192 416
160 16288 32
64 16128 160
208 16176 128
208 16176 304
112 16192 304
224 16160 144
144 16096 160
144 16176 224
144 16144 176
176 16176 176
144 16176 176
64 16208 176
144 16256 224
176 16192 576
96 16224 400
96 16224 560
192 16144 560
128 16096 192
96 16080 400
80 16080 224
80 16128 208
112 16128 208
144 16080 288
128 16032 320
176 16144 320
160 16208 160
96 16176 80
96 16176 32
96 16240 32
144 16208 48
-16 16160 272
16 16192 336
16 16192 336
416 16144 -128
144 15744 -128
224 15968 -768
224 16416 208
-32 16512 208
-32 16224 160
496 16224 496
432 16480 496
144 16288 432
352 16080 208
-64 16144 48
-64 16144 48
112 16080 96
208 16112 96
176 16128 -176
224 16160 32
352 16112 -80
352 16080 -112
240 16080 -112
48 16080 272
272 16096 336
160 16032 48
160 16032 528
192 16032 528
208 16048 624
160 16016 192
96 16016 400
48 16112 496
96 16064 432
96 16064 320
32 16144 320
128 16160 448
-16 16256 -96
16 16176 304
16 15920 208
16 16096 208
160 16160 144
400 16112 384
304 16160 272
240 16176 256
352 16128 848
112 16128 848
672 15936 2352
208 15488 160
464 15488 1840
464 16096 1584
-5344 16096 112
2784 15344 112
1072 14512 1264
4432 15184 1584
7152 15968 608
4304 14432 2192
4304 14624 672
640 14624 -336
992 15456 -336
-160 15520 -352
176 16064 -80
1248 16144 -864
1248 16144 -864
1584 16192 -864
384 15984 304
320 16048 -16
192 16080 336
-416 16064 1568
-416 16128 720
-544 16128 720
-272 16016 560
-32 16160 496
0 16160 -16
0 16128 -496
496 16128 -432
384 16064 -432
112 16096 128
272 16144 400
336 16096 48
240 16160 112
240 16160 80
224 16128 80
160 16352 -256
1456 16480 -736
-32 16016 -800
-32 16384 -1536
48 16384 -928
128 16400 -928
304 16192 -176
256 16432 576
64 16160 224
160 16224 1168
160 16288 256
-224 16288 -80
-272 16352 -80
-448 16336 -16
0 16256 224
64 16192 0
64 16192 784
-144 16320 784
-96 16160 528
128 16096 96
16 16016 192
16 16128 16
224 16128 0
304 16128 0
240 16032 432
288 16144 528
1472 16592 1392
1472 16240 -16
2064 16240 -16
1184 16016 -944
960 16448 -976
944 16176 -832
-384 16288 176
64 16112 -240
-272 16208 176
-272 16208 400
224 16144 400
144 16160 -912
592 16128 -944
128 16256 -80
128 16032 288
144 16032 288
-208 16032 544
-464 16064 928
-320 16112 576
80 16096 -256
80 16224 -304
320 16224 464
96 16144 464
48 16032 -288
16 16048 368
176 16288 512
176 16288 64
-192 16016 64
16 15984 80
256 16128 768
-96 16064 768
224 16080 160
304 16048 -496
304 16048 -416
400 16080 -416
0 16080 48
16 16096 400
-240 16128 704
-240 16096 720
-128 16096 720
-64 16128 16
208 16176 -112
192 16176 -96
16 16160 352
16 16144 288
32 16144 288
0 16240 240
192 16240 368
144 16144 128
240 16080 32
240 16080 224
208 16128 224
80 16096 176
64 16112 336
32 16144 704
32 16208 576
-48 16208 736
80 16192 736
32 16080 192
64 16144 288
112 16144 224
112 16144 448
48 16096 448
112 16112 704
176 16032 576
272 16080 224
368 16112 -208
368 16112 -80
416 16144 -80
320 16128 160
208 16144 16
144 16240 496
144 16144 432
224 16144 416
160 16128 416
320 16080 48
400 16048 144
336 16128 160
336 16208 32
256 16208 112
160 16224 112
96 16160 624
64 16112 272
-48 16096 208
192 16064 -16
192 16064 -112
240 16176 -112
192 16192 96
256 16128 208
160 16064 528
160 16064 640
128 16064 640
64 16112 304
176 16160 144
288 16096 128
256 16112 272
256 16112 464
48 16112 464
96 16096 672
64 16064 432
128 16016 304
128 16096 224
176 16096 -16
144 16192 -16
192 16128 -192
336 16096 48
240 16176 448
224 16208 176
224 16208 48
144 16176 48
144 16240 176
208 16176 -48
288 16160 -32
288 16160 0
368 16176 0
0 16192 272
176 16128 336
336 16240 384
336 16192 544
256 16192 416
128 16224 416
96 16192 224
112 16144 288
144 16160 288
144 16160 336
-144 16208 336
0 16176 272
0 16096 352
96 16160 96
112 16112 240
112 16176 160
240 16176 160
160 16176 176
32 16176 256
160 16240 128
160 16208 128
320 16208 128
256 16160 240
176 16144 160
144 16224 128
208 16208 80
208 16192 384
240 16192 480
80 16176 480
-16 16192 352
96 16176 96
128 16176 48
128 16240 -304
144 16240 -304
304 16144 -64
160 16112 -272
112 16128 288
128 16096 368
128 16096 208
16 16144 208
112 16128 160
112 16192 96
128 16080 208
128 16128 288
48 16128 448
32 16112 448
64 16048 352
0 16128 208
64 16160 -208
64 16096 176
112 16096 176
144 16096 144
128 16080 160
112 16192 -32
64 16128 64
64 16160 -240
112 16160 -240
80 16176 48
240 16160 96
128 16096 176
144 16128 208
144 16144 112
144 16144 112
256 16176 -112
128 16176 160
176 16096 304
176 16144 400
96 16144 144
272 16144 16
208 16096 -16
176 16128 192
176 16112 192
112 16368 448
176 16176 448
192 16096 352
192 16128 240
96 16096 336
144 16192 352
144 16192 416
208 16144 416
128 16224 448
176 16160 448
240 16224 64
240 16224 144
144 16176 304
208 16128 304
208 16176 176
144 16192 304
224 16160 224
224 16112 144
256 16112 144
160 16160 448
176 16128 288
144 16208 192
144 16128 384
128 16128 608
128 16096 608
128 16080 416
160 16128 480
160 16144 368
160 16112 304
160 16112 96
144 16192 96
96 16064 128
160 15984 304
192 16128 224
192 16128 -96
144 16144 -96
160 16112 -32
64 16144 112
176 16128 336
144 16160 368
112 16144 512
112 16144 304
144 16128 304
240 16080 0
192 16112 176
80 16128 448
80 16128 304
16 16128 304
32 16160 208
0 16144 -16
-64 16128 208
240 16144 128
240 16112 336
240 16112 256
192 16176 256
176 16208 256
112 16208 0
208 16176 0
208 16176 -80
256 16128 -80
128 16112 -80
256 16096 0
80 16128 352
192 16064 320
272 16176 240
272 16160 256
144 16160 256
208 16208 208
272 16272 176
176 16224 224
176 16144 592
176 16144 416
400 16144 416
128 16144 400
64 16128 416
