startup(x,y,z):(64,16112,144)
-160 17456 2288
-3760 17264 -1088
-3072 16560 2896
-2064 17472 2704
-2064 16224 2624
-4512 16224 -480
-1808 15872 2208
-3776 15872 2208
-3296 16432 1104
-2720 16144 1008
-832 16288 1104
-832 16432 416
-816 16432 -640
-288 16224 -640
-864 16416 -128
-768 16320 1328
384 16096 176
-672 16528 1728
400 16752 1584
720 16608 416
720 16416 -432
656 16416 160
-48 16672 160
272 16576 -48
544 16448 -960
128 16352 448
-48 16224 -16
-80 16208 0
-80 16080 320
224 16080 640
304 15920 -16
208 16000 -128
208 16000 64
176 16208 64
128 16192 304
80 16208 384
192 16176 720
-16 16256 112
-16 16144 -496
272 16144 -256
208 16176 -560
288 16176 -16
128 16288 -16
112 16288 768
48 16224 512
144 16176 288
144 16336 496
160 16336 160
176 16240 160
240 16192 112
128 16096 272
80 16128 -16
80 16160 48
64 16112 224
64 16096 48
112 16096 352
288 16176 352
416 15984 -224
448 16112 704
-128 16032 -64
464 16080 592
464 16080 1040
848 16160 1040
688 16128 -16
-224 15936 -336
592 16160 -880
528 15888 -720
208 16096 -656
208 15824 -288
0 15824 -288
336 15888 288
-336 16224 1264
0 16032 752
352 16048 48
416 16048 176
240 16032 -496
656 16048 -320
656 16144 144
592 16144 304
160 16192 496
112 16128 560
208 16064 48
208 16080 -112
416 16080 256
144 16192 256
224 16176 48
256 16208 32
96 16256 272
224 16144 288
384 16144 208
384 16208 -32
224 16208 -32
176 16224 64
112 16176 -128
240 16192 80
192 16128 224
160 16240 432
160 16192 592
224 16176 384
224 16128 -144
240 16128 -144
160 16128 -256
208 16096 16
96 16016 432
64 16160 224
64 16144 448
128 16144 352
288 16176 352
240 16144 304
288 16176 256
240 16144 352
224 16192 256
192 16080 272
192 16080 352
-64 16080 352
16 16128 416
144 16128 176
144 16160 80
112 16144 -272
16 16192 64
96 16128 16
32 16128 64
192 16144 224
192 16096 176
64 16096 -304
224 16144 -304
176 16144 -192
176 16160 -48
48 16208 432
0 16128 592
0 16032 592
0 16032 192
-16 16064 32
112 16064 32
-112 16096 -48
-48 16112 0
48 16096 0
112 16064 160
112 16128 208
208 16128 208
-32 16144 224
80 16144 336
240 16192 -32
224 16224 144
272 16224 240
208 16208 384
128 16096 304
128 16096 416
-16 16112 416
48 16160 320
64 16112 80
-32 16144 160
64 16176 272
64 16128 224
-64 16128 224
32 16128 -176
80 16192 -80
80 16176 304
144 16240 64
160 16160 16
192 16144 240
192 16144 208
272 16128 208
-16 16128 416
32 16096 416
-32 16096 448
0 16112 160
-16 16032 416
48 16128 208
144 16048 272
144 16080 432
112 16080 576
192 16064 576
176 16112 512
208 16144 368
80 16128 352
144 16112 224
144 16112 352
0 16080 352
0 16208 304
144 16208 288
224 16176 240
112 16176 400
-112 16160 288
-112 16144 640
0 16144 640
128 16160 560
192 16112 256
336 16032 128
144 16064 256
240 16080 288
256 16112 160
144 16096 416
160 16144 80
240 16224 208
96 16160 336
16 16096 288
0 16064 288
112 16064 368
0 16064 496
0 16128 464
112 16176 448
192 16192 560
176 16192 560
48 16176 576
96 16192 432
272 16128 304
224 16112 352
224 16144 432
176 16128 288
176 16128 464
128 16144 464
128 16112 400
128 16128 352
192 16096 240
208 16144 224
192 16144 64
192 16176 336
96 16176 160
64 16112 160
128 16176 144
64 16144 256
160 16064 304
208 16112 208
208 16096 288
128 16240 288
208 16240 368
64 16160 368
64 16080 528
176 16128 256
48 16192 256
48 16080 368
160 16080 416
112 16016 416
96 16096 288
80 16144 128
80 16176 96
160 16144 192
160 16192 48
160 16192 32
240 16192 208
96 16208 208
80 16208 560
-64 16224 400
80 16224 224
-144 16128 384
-144 16128 384
32 16096 384
16 16096 400
112 16112 400
160 16096 64
288 16128 32
112 16160 80
112 16144 336
128 16144 80
224 16176 272
144 16144 128
256 16144 128
192 16128 96
192 16208 304
176 16160 384
128 16160 240
128 16096 128
32 16144 208
32 16144 176
-32 16192 176
112 16208 240
80 16208 -32
32 16320 304
144 16240 672
144 16224 432
256 16192 256
208 16176 0
112 16176 0
128 16208 16
48 16128 224
16 16192 176
16 16176 144
-32 16176 48
0 16176 48
0 16192 240
96 16144 208
160 16080 128
128 16144 48
128 16144 16
128 16144 64
192 16144 64
192 16192 -32
144 16160 -256
160 16144 32
144 16208 80
144 16224 240
48 16224 256
-48 16176 256
16 16256 80
128 16192 96
176 16160 0
256 16176 -128
208 16112 -96
208 16112 64
352 16176 64
288 16208 288
208 16128 416
176 16144 496
112 16176 560
224 16144 512
224 16240 304
112 16224 192
112 16128 -80
208 16128 -80
256 16080 128
208 16160 -112
288 16128 80
208 16128 160
80 16192 160
-96 16128 256
-64 16096 336
48 16192 224
144 16192 192
32 16160 160
144 16160 144
144 16160 112
112 16160 112
272 16160 208
192 16112 256
192 16128 256
192 16096 48
144 16096 32
128 16176 32
144 16224 256
240 16192 240
240 16208 48
240 16176 208
192 16096 96
192 16096 416
80 16128 416
0 16128 240
-32 16112 304
176 16096 448
176 16128 256
176 16128 16
160 16160 256
176 16224 288
80 16224 288
96 16176 496
16 16112 240
128 16080 240
128 16128 336
224 16128 336
224 16144 432
272 16128 336
32 16128 144
112 16144 112
176 16144 144
160 16096 208
-144 16080 288
-32 16144 272
-32 16176 528
-48 16176 528
-32 16176 368
144 16080 256
80 16160 -80
240 16128 -96
384 16096 -16
256 16176 32
352 16096 288
352 16080 288
160 16080 64
288 16032 64
208 16016 192
240 16080 368
176 16144 528
176 16000 464
256 16000 448
96 16000 448
80 16064 144
176 16176 -32
288 16240 -144
224 16208 -48
96 16176 -80
96 16192 80
80 16192 80
128 16144 -96
128 16096 -160
144 16192 -80
208 16224 -112
208 16176 176
112 16176 176
32 16128 144
176 16144 144
128 16208 288
112 16160 176
-16 16160 272
-16 16096 112
80 16096 176
160 16128 176
128 16096 144
80 16096 224
64 16080 96
48 16064 400
32 16048 432
144 16144 240
208 16192 224
208 16192 144
16 16176 144
128 16224 -48
64 16256 48
96 16112 128
80 16192 144
80 16192 368
64 16144 368
208 16192 160
208 16176 144
176 16208 256
112 16192 272
192 16128 336
192 16128 368
-16 16208 368
16 16176 224
64 16112 160
64 16112 -80
80 16080 256
80 16080 352
112 16128 384
176 16096 288
176 16096 288
176 16160 496
112 16240 320
192 16416 48
400 16144 752
240 16256 752
-128 16448 768
448 16320 560
224 16384 592
384 16512 576
96 16288 368
256 16256 288
256 16256 352
144 16224 352
176 16160 176
64 16208 112
192 16160 208
224 16128 224
96 16128 160
208 16128 -32
240 16112 -48
272 16112 80
272 16128 80
160 16128 80
-64 16032 0
-96 16080 112
176 16128 176
112 16080 112
112 16080 240
160 16160 240
160 16176 48
16 16112 464
16 16080 496
16 16096 384
48 16096 112
112 16080 112
192 16016 48
128 16144 96
128 16144 0
128 16144 320
144 16128 320
208 16080 288
80 16064 224
272 16064 208
240 16144 192
240 16176 192
112 16176 192
112 16192 384
96 16176 416
256 16144 304
256 16144 128
96 16144 128
-16 16160 272
-128 16160 384
48 16160 176
96 16144 224
96 16096 272
208 16096 192
352 16096 192
208 16096 224
240 16160 224
192 16112 288
192 16112 128
432 16176 128
352 16160 368
288 16160 144
192 16176 224
208 16208 240
208 16192 80
208 16192 384
224 16160 384
160 16176 240
256 16112 288
208 16096 304
208 16192 432
96 16192 432
192 16160 512
160 16208 336
240 16208 240
192 16208 224
192 16112 336
192 16112 496
144 16080 496
16 16128 320
128 16096 304
48 16112 208
48 16160 560
