startup(x,y,z):(112,16096,192)
736 15392 -5360
7936 12944 -8592
1504 10560 -8592
-9296 16048 -2320
-3344 14176 -432
-4960 13760 -6848
-6304 15712 -2000
-2272 16432 1136
-2432 16848 -16
656 16800 -1840
656 16720 912
1072 16720 592
1904 16560 592
1648 16368 -784
1728 16368 464
1568 16320 -112
384 16160 608
304 15904 672
-864 16032 1888
288 15984 816
288 15984 1056
-480 16096 1056
-96 16080 880
176 16016 -128
608 16112 -384
608 16048 -320
432 16048 272
144 16256 272
112 16352 304
400 16176 432
288 16304 1264
112 16176 416
-576 16544 1280
-576 16400 1968
-336 16400 1968
2544 15872 32
1264 15920 -736
560 16144 608
208 16176 1344
208 16192 1232
432 16192 1232
-672 16448 1584
624 16336 1840
1376 15936 -560
1216 15792 -720
288 16128 384
288 16080 -176
288 15856 -192
416 15856 896
-320 16048 896
-272 16144 928
112 16144 -80
256 16096 -480
256 16128 -80
224 16160 -256
224 16048 -16
208 16048 -16
-96 16224 352
0 16176 320
80 16080 -96
80 16080 320
336 16080 32
352 16080 32
352 16096 -272
192 16144 -176
64 16240 256
80 16208 480
320 16240 384
176 16080 -112
176 16080 -352
368 15904 -352
-64 16064 144
-112 16208 256
320 16144 608
272 16128 656
272 16128 224
320 16096 96
496 16096 160
384 16160 160
368 16064 -16
128 16032 304
48 16080 448
48 16064 160
160 16064 -64
192 16144 -64
48 16160 96
112 16192 -32
240 16112 48
192 16064 240
96 16160 96
0 16048 16
80 16064 64
80 16064 432
-32 16144 432
112 16064 256
112 16080 -208
192 16160 336
16 16192 384
16 16192 64
144 16144 400
112 16160 544
128 16080 544
-48 16096 320
112 16000 96
64 16048 112
64 16096 128
-32 16096 128
0 16064 80
16 16112 144
128 16128 304
16 16160 128
160 16160 32
176 16096 144
272 16048 -96
272 16048 -48
208 16112 -48
224 16080 -32
288 16096 336
64 16064 272
96 16128 416
192 16128 256
128 16192 432
128 16176 176
192 16112 304
112 16112 256
112 16112 464
0 16016 464
48 16064 592
80 16096 608
48 16144 336
192 16176 352
192 16176 384
128 16176 384
-16 16144 176
80 16112 64
80 16128 64
96 16144 288
144 16160 160
208 16176 128
224 16240 288
224 16240 112
128 16240 288
160 16128 288
64 16144 208
64 16080 224
112 16144 224
-16 16144 416
160 16160 448
160 16192 272
192 16192 96
0 16208 96
32 16192 128
-128 16176 224
-80 16224 272
-80 16144 272
-240 16064 352
32 16064 352
96 16096 -112
128 16064 -128
256 16112 -128
176 16144 -144
192 16096 -80
192 16048 304
192 16080 256
16 16096 320
96 16096 400
112 16048 400
32 16176 80
16 16160 -48
0 16112 48
160 16112 432
240 16112 176
240 16064 -48
240 16064 -48
224 16112 0
128 16128 224
208 16144 240
112 16192 336
112 16080 352
112 16080 224
224 16192 352
96 16064 352
144 16080 272
112 16064 256
240 16064 384
144 16112 208
144 16064 112
96 16032 544
160 16032 336
176 16096 336
208 16000 496
48 16080 512
80 16096 416
96 16096 320
128 16032 304
128 16112 64
48 16112 64
64 16192 -48
32 16144 256
48 16112 320
96 16096 208
144 16080 384
176 16128 144
144 16128 288
112 16144 336
112 16112 272
16 16112 -16
128 16096 -16
160 16128 256
112 16112 304
0 16176 416
96 16128 352
96 16128 400
32 16096 400
80 16080 0
144 16064 0
192 16080 48
144 16032 208
0 16080 224
0 16080 304
96 16080 304
80 16048 352
112 16080 240
-16 16064 320
112 16112 -96
48 16128 80
80 16160 176
256 16064 336
256 16080 176
192 16080 80
144 16176 80
96 16160 160
32 16128 224
240 16144 48
176 16160 144
176 16192 304
112 16192 128
192 16112 96
224 16112 288
80 16096 288
144 16096 288
176 16064 336
48 16096 144
48 16096 -176
160 16080 -176
112 16144 0
176 16176 32
-32 16096 192
224 16096 112
272 16112 -16
16 16096 112
256 16096 224
256 16096 -80
16 16128 -80
144 16112 0
-32 16080 160
96 16064 208
-64 16096 224
-64 16032 400
80 16032 176
192 16032 176
144 16112 128
80 16192 80
160 16144 320
160 16048 160
128 16144 144
128 16144 96
112 16144 96
96 16064 240
96 16064 48
192 16080 -32
96 16112 224
96 16112 64
96 16096 208
96 16096 64
128 16112 224
144 16112 224
160 16160 -128
0 16112 96
-64 16160 288
-64 16112 400
-64 16112 -32
160 16112 160
-48 16176 160
128 16192 128
64 16192 128
160 16192 112
176 16144 240
128 16160 192
128 16144 304
160 16144 304
208 16144 304
176 16224 224
208 16224 96
384 16112 112
224 16224 -160
-48 16144 208
-48 16160 208
0 16160 208
-80 16112 240
112 15984 368
144 16144 528
192 16112 272
192 16128 160
240 16128 64
128 16112 64
96 16112 16
208 16160 208
192 16096 192
64 16064 336
80 16096 320
80 16096 608
16 16048 608
96 16080 352
112 16096 16
304 16176 0
336 16160 80
336 16240 208
176 16240 256
208 16160 192
208 16160 240
112 16128 240
128 16128 240
160 16064 176
384 16064 176
256 16176 192
80 16160 192
80 16160 144
160 16144 144
80 16128 192
80 16160 128
-32 16112 272
80 16144 448
336 16208 192
336 16192 64
304 16192 64
208 16256 208
96 16192 96
224 16208 416
112 16208 368
144 16144 368
144 16144 240
224 16128 432
224 16128 336
112 16128 0
80 16128 0
-64 16144 256
16 16144 272
-32 16128 256
80 16048 112
80 16096 176
96 16096 624
32 16128 624
80 16080 336
160 16112 256
64 16112 320
144 16176 448
352 16160 288
352 16176 144
272 16176 -64
224 16080 -64
224 16112 -80
16 16064 -272
224 16224 -240
224 15968 144
304 16000 528
112 16256 160
112 16256 160
304 16224 -176
240 16224 -176
0 16192 176
160 16208 272
128 16256 160
16 16272 368
16 16240 144
144 16240 144
-64 16144 368
96 16160 112
320 16144 224
208 16128 320
192 16160 224
192 16112 96
96 16112 160
128 16192 160
176 16176 -144
176 16240 144
80 16096 96
144 16048 128
96 16048 176
96 16144 96
96 16080 128
160 16080 240
208 16096 240
224 16112 288
224 16080 128
80 16192 272
96 16176 304
160 16176 272
160 16128 240
160 16128 48
64 16128 -32
64 16128 48
112 16112 48
32 16096 192
96 16128 -128
64 16144 -144
64 16144 128
112 16128 320
192 16240 320
112 16224 176
160 16208 304
112 16160 384
0 16112 352
96 16160 352
96 16144 192
96 16160 336
96 16160 336
160 16240 496
272 16272 16
128 16256 224
224 16160 208
224 16112 352
176 16032 400
144 16080 192
144 16048 224
48 16048 224
-128 16096 80
144 16112 64
128 16080 80
96 16112 96
96 16080 224
160 16128 288
208 16128 288
272 16192 -32
80 16096 -32
-112 16144 48
64 16208 -96
0 16160 288
96 16128 256
96 16128 416
0 16144 416
48 16144 352
64 16144 368
144 16112 128
176 16144 288
160 16144 208
176 16176 176
176 16176 -48
144 16208 -48
128 16144 -96
240 16112 16
112 16032 96
112 16064 192
112 16048 144
80 16048 144
176 16112 192
176 16080 496
160 16128 384
128 16080 368
176 16128 464
128 16160 176
144 16128 80
144 16128 -96
176 16160 -96
256 16080 160
144 16064 48
112 16096 176
112 16144 480
96 16096 352
176 16032 480
176 16048 288
224 16048 432
144 16064 432
224 16048 320
128 16144 -144
160 16192 32
192 16160 -64
192 15904 -64
240 16096 144
80 16128 144
176 16112 368
112 16112 368
160 16112 432
336 16096 176
224 16032 96
224 16016 -32
48 16016 -32
64 15984 48
64 16080 32
-160 16144 192
-80 16064 384
176 16128 336
64 16096 240
64 16080 160
96 16080 208
160 16128 208
320 16192 224
240 16080 336
128 16128 272
128 16064 224
144 16064 176
96 16144 176
112 16224 272
112 16160 432
64 16128 352
176 16096 144
160 16096 288
208 16144 272
208 16112 192
128 16112 192
32 16144 80
-48 16144 144
