startup(x,y,z):(176,16192,160)
-96 15712 -944
-144 17808 1648
-3392 17808 304
-1568 17376 304
3120 16480 1808
688 16352 1216
-1728 15856 -704
864 17248 1632
864 16000 3584
-1008 15696 1472
-1008 15696 1616
352 15776 1616
688 15872 432
-304 15936 -1136
320 15728 -1392
320 16160 -784
128 16160 880
64 16080 880
656 16032 464
352 16144 848
-80 16464 1120
688 16192 -160
672 16208 -208
672 16224 304
608 16224 304
288 16160 -256
304 16128 -288
448 16192 784
-272 16016 -80
-272 16080 320
16 16080 80
16 16128 -144
176 16016 -128
176 16112 496
32 16112 496
64 16080 480
80 16176 432
-64 16144 528
-16 16208 -64
-48 16208 -448
176 16176 -448
176 16192 -224
64 16144 -80
-16 16256 416
64 16192 560
64 16192 192
0 16144 192
48 16192 192
112 16128 352
-16 16240 816
352 16176 0
352 16272 592
368 16272 592
96 16224 -48
272 16304 208
0 15472 1040
-960 15344 -1328
-960 15344 -208
-4080 16112 -208
-80 16352 416
80 15808 -976
-48 16112 272
-48 16352 928
-976 16288 1088
-384 16288 1088
-32 16208 144
432 16080 -176
512 16240 -720
544 16080 -224
544 16288 16
176 16288 816
304 16176 816
128 16080 128
304 16128 624
160 16128 688
160 15968 -64
448 15968 112
144 16048 112
128 15904 192
96 16016 160
-144 16096 464
-176 16160 32
-176 16192 80
176 16192 80
64 16160 16
-128 16176 192
-16 16160 272
96 16080 336
96 16080 192
112 16080 496
112 16160 496
144 16080 336
80 16144 176
-416 15648 656
-416 15824 -512
-880 15824 112
-1456 16336 112
144 16512 560
480 16064 -16
240 16032 368
80 16240 1488
80 16080 736
128 16080 736
464 16032 192
224 16176 64
368 16192 -480
272 16208 -256
272 16208 -112
176 16208 -112
-96 16208 304
96 16256 384
176 16272 240
224 16240 128
224 16240 -480
208 16224 -480
208 16240 -96
0 16176 224
-48 16176 256
-64 16240 464
-64 16240 416
-208 16096 416
-16 16176 -192
128 16176 -16
64 16160 -144
80 16192 304
80 16192 320
80 16192 64
-16 16176 64
128 16160 208
112 16128 304
32 16112 352
32 16144 -80
128 16144 -32
192 16160 -32
256 16144 -16
240 16192 256
352 16256 512
96 16160 544
96 16160 352
192 16160 352
240 16208 -80
176 16224 0
96 16240 128
112 16192 192
112 16192 384
64 16208 384
64 16192 192
208 16160 -112
320 16176 -352
384 16080 -496
384 16096 128
160 16096 128
-64 15936 160
-48 16080 288
-32 16096 288
-32 16064 96
-32 16064 224
256 16000 224
208 16096 416
128 16128 48
256 16128 304
256 16208 368
80 16208 336
-112 16224 336
32 16224 -64
-32 16176 112
16 16256 368
16 16256 192
240 16256 192
128 16192 416
80 16144 496
304 16112 464
224 16176 528
112 16192 320
112 16256 96
384 16256 224
368 16160 224
160 16256 272
192 16320 224
144 16208 528
144 16208 528
144 16128 528
32 16128 432
336 16240 288
400 16160 -208
0 16160 0
0 16112 -96
-16 16112 16
112 16208 16
48 16224 -48
96 16272 -144
0 16144 32
0 16160 192
0 16160 192
-80 16208 128
32 16224 240
112 16192 256
288 16144 176
288 16160 416
272 16160 400
112 16112 400
112 16080 -64
112 16192 96
112 16192 240
112 16144 304
240 16144 304
16 16224 272
0 16160 144
32 16144 400
-16 16160 16
160 16144 144
160 16144 -80
240 16160 48
112 16208 48
160 16192 128
224 16176 48
224 16272 32
240 16272 112
304 16240 112
352 16208 128
272 16176 96
80 16176 352
80 16128 464
112 16144 416
336 16224 288
336 16208 272
320 16208 272
352 16160 368
112 16224 400
240 16256 432
240 16208 16
192 16272 192
112 16272 112
240 16240 112
288 16272 320
272 16288 336
240 16176 336
240 16144 368
96 16144 256
48 16080 256
112 16144 144
256 16192 0
0 16176 96
208 16192 432
192 16192 432
256 16112 208
224 16208 96
240 16144 96
208 16256 384
208 16224 32
176 16224 288
144 16160 272
64 16176 16
80 16176 80
64 16176 64
64 16128 240
176 16128 160
160 16160 160
240 16144 288
144 16224 496
80 16176 176
96 16176 64
96 16176 80
96 16192 80
160 16176 112
112 16176 -80
48 16240 176
16 16224 224
16 16192 160
224 16192 160
48 16144 528
96 16144 400
160 16096 304
208 16096 272
208 16112 224
160 16112 496
128 16144 496
304 16160 336
288 16128 304
144 16112 288
144 16112 48
256 16096 48
320 16080 -112
320 16128 160
160 16192 240
64 16176 128
64 16080 304
176 16080 304
224 16128 256
80 16128 160
64 16176 320
112 16128 240
112 16160 160
128 16160 160
-16 16208 160
112 16240 80
16 16224 -64
-48 16224 176
-48 16144 272
80 16144 16
144 16160 0
112 16224 144
128 16272 304
80 16272 256
96 16256 176
96 16256 48
16 16224 48
144 16224 112
256 16208 272
176 16224 304
176 16240 208
304 16240 208
272 16176 224
192 16176 240
160 16192 320
112 16176 320
112 16160 576
96 16192 320
144 16192 304
112 16192 304
144 16160 192
16 16208 256
128 16128 224
128 16224 112
192 16224 288
304 16208 288
160 16160 224
272 16144 224
128 16224 64
320 16112 64
320 16096 -16
192 16096 -16
-96 15984 176
80 16016 192
128 16080 224
-48 16064 0
-48 16064 -144
64 16080 -144
304 16080 16
64 16128 -96
256 16064 48
256 16144 192
256 16144 352
80 16080 352
192 16144 384
256 16160 560
304 16192 512
240 16176 496
240 16176 368
304 16304 368
352 16240 416
288 16176 512
160 16160 352
256 16160 464
256 16224 272
176 16224 336
256 16224 336
176 16272 320
32 16224 288
208 16240 400
208 16256 128
192 16256 128
32 16240 208
112 16208 -144
240 16128 48
240 16176 -32
96 16144 -16
96 16032 -48
192 16032 224
240 16128 224
288 16160 64
256 16208 0
224 16240 256
224 16240 192
208 16224 192
80 16208 240
192 16208 368
48 16192 208
16 16224 96
16 16128 320
48 16128 240
128 16080 240
96 16240 -32
128 16144 -128
224 16144 -16
224 16144 -256
96 16208 -256
128 16208 80
160 16224 272
96 16208 0
48 16176 96
48 16208 -32
64 16208 224
96 16144 64
192 16160 48
192 16096 64
208 16208 64
208 16208 432
208 16176 432
96 16176 256
288 16240 256
160 16160 160
160 16192 -48
176 16192 160
176 16208 160
160 16160 128
128 16176 224
176 16240 368
176 16240 448
208 16224 448
224 16096 288
176 16288 224
160 16048 368
160 16208 288
256 16208 240
256 16144 240
224 16144 240
256 16160 16
320 16112 352
272 16144 96
160 16256 16
160 16256 -48
192 16160 -48
48 16176 16
192 16176 240
112 16208 400
-32 16128 224
-32 16144 352
32 16144 400
-16 16160 400
16 16160 448
128 16224 400
64 16160 160
64 16160 352
208 16112 352
144 16224 400
192 16240 288
64 16192 320
48 16304 368
128 16288 496
128 16288 224
96 16208 224
208 16224 208
160 16256 176
272 16192 160
272 16144 224
176 16144 224
240 16144 320
272 16160 352
192 16208 432
96 16192 112
128 16160 176
128 16192 304
112 16192 304
224 16096 352
208 16160 336
112 16208 320
112 16112 320
112 16112 272
64 16208 112
16 16224 112
128 16176 144
160 16176 176
224 16112 80
304 16192 368
304 16128 -208
304 16176 32
128 16176 80
240 16128 80
352 16128 176
400 16080 96
240 16080 192
240 16096 448
160 16096 448
192 16160 192
96 16176 64
112 16144 -16
80 16096 240
80 16160 272
64 16160 352
48 16128 352
144 16144 368
208 16160 160
96 16128 64
96 16224 96
80 16224 48
96 16288 48
144 16240 272
160 16224 240
176 16208 192
96 16208 16
96 16192 176
-16 16192 208
-16 16224 208
96 16080 128
192 16144 0
160 16128 32
160 16144 320
240 16144 400
272 16112 400
256 16128 384
272 16112 352
240 16080 288
256 16208 240
256 16208 256
288 16128 256
208 16128 192
96 16192 208
-128 16160 368
80 16256 304
144 16224 256
144 16224 240
