startup(x,y,z):(64,16112,144)
2000 19696 -944
7552 14176 -3904
-496 14864 -3904
-768 14656 -2608
-1344 13536 -6368
-5568 15984 192
-1040 16432 3248
-2256 16320 -64
-1248 16944 928
-1248 16992 3520
-880 16992 304
160 16688 304
-176 16432 96
-656 16528 1840
256 16160 752
-512 16016 -1008
-352 16016 1248
-672 16128 1248
160 15680 192
464 15968 656
272 16000 1120
512 15968 -1168
512 16160 -1456
720 16112 -112
464 16112 -976
832 15968 -368
1104 15824 -368
208 15952 688
-16 15872 608
-96 16016 48
-144 16128 576
-64 16096 736
-64 16096 0
320 16096 0
96 16160 272
-96 16208 288
-144 16288 -352
144 16256 -560
144 16256 -48
464 16256 -368
224 16064 -368
240 16032 400
160 15952 400
-32 15856 448
160 15968 16
16 16144 544
16 16144 272
-48 16224 272
96 16224 32
112 16128 128
256 16176 176
176 16160 -96
240 16224 112
336 16256 -48
336 16208 -272
432 16208 96
272 16160 96
304 16128 336
192 16160 448
176 16080 704
176 16224 592
176 16224 304
144 16256 304
272 16192 -144
336 16128 -240
240 16144 -160
272 16128 -48
128 16128 224
128 16112 352
208 16112 352
-80 16096 384
96 16080 384
96 16080 528
176 16032 688
352 16080 224
-96 15920 32
80 16032 336
-400 16576 880
-400 16576 544
128 16528 544
688 16512 736
768 15904 96
2800 16800 3328
4336 17568 1248
4336 16448 816
3024 16448 -1888
1424 16944 -1888
4560 16400 -2112
1600 16304 -896
448 16528 -112
1024 16496 -416
1120 16240 -752
880 16224 -464
560 16208 -592
560 16208 -128
384 16112 592
-448 16176 592
128 16192 848
-368 16144 48
-288 16224 848
-448 16160 1104
-224 16176 656
-128 16160 336
-128 16160 432
-112 16192 432
32 16192 128
272 16160 -128
224 16128 16
16 16064 544
16 16160 48
224 16160 176
32 16080 384
-16 16080 -80
-48 16080 -80
176 16096 -48
240 16080 128
336 16016 0
224 16016 80
224 16096 96
192 16352 -160
464 16160 -160
80 16368 320
272 16352 864
112 16240 144
368 16128 704
112 16208 576
112 16176 208
176 16176 -48
176 16064 -48
-112 16096 384
64 16000 240
144 16048 -64
144 16144 0
112 16144 192
224 16160 400
176 16128 400
160 16096 272
352 16096 304
80 16096 16
80 16144 272
112 16144 320
64 16096 320
224 16128 192
0 16096 224
112 16192 -32
32 16160 -96
64 16192 112
64 16176 448
192 16176 624
32 16128 624
80 16160 416
-16 16224 352
48 16160 288
48 16160 -160
144 16160 112
128 16160 112
160 16176 64
80 16112 144
112 16064 224
16 16048 256
144 16080 368
240 16096 192
240 16176 208
320 16176 208
80 16144 208
48 16208 -48
208 16224 144
256 16176 432
128 16144 240
144 16160 112
128 16160 224
128 16208 16
144 16208 16
0 16208 48
80 16208 144
192 16192 192
128 16128 208
128 16128 192
144 16144 192
128 16192 16
144 16176 176
112 16176 320
208 16160 512
160 16128 448
208 16224 208
208 16224 256
304 16112 256
256 16144 144
240 16160 112
240 16096 208
112 16112 144
48 16128 112
112 16160 128
112 16144 96
336 16144 96
272 16256 208
208 16192 64
208 16160 112
256 16176 80
256 16176 384
80 16176 208
144 16224 208
-32 16160 288
-32 16192 368
16 16128 528
80 16112 608
0 16144 624
0 16176 400
144 16176 400
128 16176 384
0 16160 352
64 16112 224
128 16128 512
-16 16128 368
-16 16160 160
144 16144 224
208 16176 48
208 16176 272
80 16160 272
80 16160 176
192 16160 16
32 16160 32
32 16176 80
160 16176 16
112 16128 16
16 16160 192
-16 16192 336
128 16176 288
96 16176 352
240 16144 256
240 16240 288
144 16240 288
-16 16208 320
80 16080 240
176 16128 0
304 16208 32
304 16176 32
144 16176 80
-16 16176 192
-32 16112 208
208 16144 208
256 16208 304
192 16224 160
240 16160 272
240 16032 48
256 16032 48
0 16096 112
64 16080 48
112 16112 384
48 16128 144
96 16096 160
144 16064 160
144 16064 160
192 16224 160
112 16224 176
-128 16224 32
80 16112 240
32 16064 192
32 16096 192
112 16096 400
64 16080 400
112 16112 528
0 16064 448
160 16144 112
160 16208 -96
112 16208 -48
160 16176 -48
208 16176 48
128 16160 -128
192 16112 -80
176 16160 80
176 16160 -16
-32 16288 -16
-176 16288 32
16 16224 -112
176 16224 -144
176 16176 288
48 16176 304
-16 16208 304
48 16224 400
96 16256 224
112 16224 176
128 16208 144
128 16160 64
-16 16160 64
-16 16144 112
112 16224 -112
224 16192 -64
336 16176 0
336 16176 160
224 16240 160
64 16176 0
-48 16192 64
128 16160 64
304 16192 144
304 16192 128
160 16240 128
144 16144 496
160 16160 576
160 16176 272
-16 16176 272
-16 16176 352
-48 16128 352
96 16080 288
112 16080 160
176 16032 304
176 16096 176
176 16144 96
48 16144 144
112 16208 144
112 16096 368
208 16112 352
208 16032 288
208 16016 528
256 16016 256
288 16144 256
224 16128 96
96 16144 144
64 16160 240
64 16160 384
256 16160 352
80 16112 80
224 16064 80
208 16000 320
176 16080 144
112 16112 0
112 16096 288
112 16096 288
64 16128 112
112 16032 96
128 16080 208
208 16144 -96
96 16080 16
64 16080 224
64 16048 144
80 16048 352
64 16144 352
96 16192 192
-16 16128 160
112 16112 144
112 16144 512
192 16144 288
192 16096 288
112 16144 496
176 16192 320
224 16128 272
176 16144 400
176 16192 384
192 16192 384
48 16144 320
80 16112 112
48 16096 352
160 16064 304
176 16064 272
176 16320 288
112 16176 288
96 16192 224
16 16144 272
240 16192 256
160 16144 16
160 16144 144
192 16144 144
112 16160 160
176 16000 96
48 16064 112
128 16128 80
128 16208 96
128 16208 16
144 16192 16
144 16112 0
112 16176 496
32 16176 624
64 16176 384
144 16112 384
160 16176 256
192 16144 144
160 16144 256
80 16144 400
80 16144 240
192 16176 240
160 16176 528
160 16208 144
64 16272 112
144 16272 144
144 16272 48
32 16240 48
112 16176 48
208 16256 112
208 16240 96
160 16224 64
160 16224 32
96 16224 32
48 16208 336
256 16128 320
288 16208 304
160 16176 432
160 16288 336
64 16288 336
80 16240 32
288 16224 96
160 16192 272
128 16176 64
224 16176 128
224 16176 96
96 16176 96
-16 16208 16
80 16256 -80
192 16224 256
96 16176 144
96 16176 -96
128 16208 -96
48 16080 144
16 16128 128
32 16112 320
32 16240 400
32 16240 -48
160 16240 -48
304 16224 48
320 16160 -112
368 16112 -80
448 16176 64
448 16128 -256
176 16128 -256
96 16096 -144
272 16160 -96
160 16160 64
144 16064 128
144 16064 336
144 16064 416
240 16048 416
144 16112 144
112 16176 288
112 16128 272
112 16192 144
64 16192 144
176 16128 192
192 16096 128
128 16096 128
304 16144 256
304 16208 304
192 16208 304
208 16096 288
160 16144 176
48 16160 352
48 16128 -64
48 16064 32
-80 16064 32
160 16160 112
144 16128 304
192 16192 336
48 16192 96
160 16208 -16
160 16208 64
192 16176 64
288 16160 256
304 16176 208
240 16160 -48
240 16160 96
224 16160 320
64 16176 320
80 16144 288
64 16128 -48
272 16128 96
240 16128 64
240 16128 96
192 16160 96
272 16160 240
320 16112 160
64 16176 128
64 16160 128
112 16160 32
144 16176 32
240 16192 48
336 16128 -16
144 16112 80
112 16096 304
112 16096 -80
272 16128 -80
192 16112 -16
144 16112 0
288 16160 -144
160 16192 16
160 16192 240
16 16176 240
48 16176 144
112 16224 48
-112 16208 192
112 16160 176
112 16160 160
176 16096 160
128 16128 -48
0 16176 48
64 16128 -16
112 16128 144
160 16080 144
144 16112 112
32 16176 208
128 16160 400
192 16192 480
192 16240 352
160 16240 320
160 16128 320
144 16192 160
112 16208 160
224 16160 432
224 16016 176
192 16016 176
144 16112 128
112 16192 208
144 16144 192
144 16160 -192
144 16240 128
