startup(x,y,z):(64,16112,144)
224 17040 1168
-2128 16432 -1024
2512 16160 -464
-672 15280 2144
-2176 15792 1440
-1536 15952 816
-1536 15952 -576
-880 16160 -576
-1600 16432 704
-816 16112 -1632
624 16416 -320
624 16144 688
-48 16144 -272
688 16256 -272
1024 16144 288
384 16288 1168
688 16176 368
432 16032 -208
432 16032 768
-80 16160 768
96 16128 256
-64 16144 -640
80 16096 208
80 16288 272
16 16208 640
144 16208 640
-320 16272 720
176 16256 1104
320 16240 384
672 16048 -32
672 16048 128
-160 16176 128
-96 16272 528
-32 16192 672
-64 16240 624
-64 16304 -256
128 16256 -1136
528 16256 -1136
128 16256 304
-416 16016 272
-176 16128 -288
-112 16144 448
-112 16224 976
-80 16224 -16
160 16032 -16
144 16080 -432
336 16240 -144
144 16128 -128
144 16112 -256
160 16112 272
32 16160 272
64 16096 480
448 16176 528
192 16208 208
272 16224 16
272 16224 560
16 16160 720
128 16176 416
32 16112 352
32 16096 144
16 16096 -240
272 16208 -240
128 16144 -144
368 16160 144
256 16096 -64
256 16112 304
160 16112 592
112 16032 592
384 16048 384
384 16000 416
400 16096 464
400 16080 80
352 16048 -160
352 16304 -192
352 16160 -192
304 16096 -192
416 16224 112
256 16176 112
112 16224 208
80 16144 128
112 16144 368
112 16144 192
208 16256 192
192 16112 288
112 16160 48
176 16112 304
64 16160 336
96 16112 224
96 16224 128
96 16224 128
160 16224 128
224 16240 -48
432 16176 -32
224 16144 624
224 16080 432
112 16048 384
96 16048 384
128 15936 256
192 16128 -112
96 16128 -48
160 16128 128
176 16160 -32
160 16144 0
160 16144 64
176 16096 64
208 16112 96
288 16112 -208
144 16112 80
96 16080 272
96 16048 272
96 16080 416
112 16144 352
112 16144 144
192 16160 144
112 16192 224
16 16032 80
-176 16112 224
336 16208 224
224 16304 192
224 16192 384
752 16192 384
432 15984 -192
16 16096 128
-528 16176 80
80 16208 176
-208 16208 144
-256 16208 416
-256 16176 320
16 16176 320
176 16080 48
112 16112 144
0 16272 288
-16 16288 240
-16 16224 -256
144 16208 240
320 16224 560
320 16224 208
208 16224 208
240 16112 96
176 16128 528
-80 16096 320
-80 16096 400
-224 16080 336
-176 16112 336
-48 16080 96
-48 16160 0
-16 16144 416
96 16128 192
128 16000 96
128 16080 256
400 16080 256
240 16096 192
192 16080 -48
192 16128 160
32 16096 96
32 16128 16
256 16128 240
240 16048 352
160 16208 416
80 16112 416
0 16160 160
112 16224 304
192 16144 496
160 16144 400
160 16144 208
192 16144 48
192 16080 48
80 16128 144
112 16128 224
112 16160 432
32 16144 208
80 16144 432
80 16208 160
304 16112 240
224 16128 -112
144 16096 224
128 16096 160
128 16096 128
80 16096 48
96 16112 48
144 16160 256
32 16176 256
64 16160 176
128 16208 16
160 16176 80
160 16176 304
64 16112 304
0 16112 160
32 16096 144
160 16064 32
128 16112 160
128 16176 144
128 16144 304
128 16096 224
192 16096 224
64 16096 224
208 16160 304
144 16160 320
240 16144 176
240 16080 272
160 16080 176
96 16096 176
176 16144 240
288 16080 176
256 16112 352
288 16208 272
240 16192 -96
208 16176 32
208 16192 240
-16 16192 240
-128 16112 416
112 16064 400
144 16160 592
160 16048 496
160 16048 432
96 16064 272
-16 16160 -32
144 16160 -32
80 16064 80
96 16096 128
64 16176 128
64 16080 96
112 16080 96
80 16112 416
-64 16176 272
16 16144 432
64 16112 496
80 16112 288
160 16096 528
160 16144 144
176 16144 320
48 16176 320
272 16144 96
272 16192 32
272 16160 32
192 16080 48
288 16080 176
304 16096 176
192 16160 144
192 16096 240
304 16096 256
208 16160 448
176 16176 256
176 16176 416
-64 16160 416
0 16224 368
112 16144 608
208 16096 352
208 16112 272
144 16112 272
144 16176 272
96 16224 240
128 16160 240
0 16176 256
-64 16192 320
112 16192 352
96 16112 480
96 16112 80
208 16208 80
352 16096 -128
352 16160 -160
304 16112 -128
272 16064 0
224 16080 0
192 16160 -48
192 16160 224
240 16176 224
208 16144 80
304 16096 -16
272 16192 16
176 16144 160
176 16096 288
112 16096 288
288 16160 176
16 16128 128
176 16112 224
176 16112 96
208 16112 144
208 16144 16
32 16144 16
64 16096 112
80 16144 256
96 16176 160
64 16128 224
64 16128 272
208 16128 480
336 16144 464
96 16112 -48
272 16112 -16
304 16064 288
304 16096 368
208 16144 448
240 16160 448
128 16128 400
112 16144 304
176 16128 208
192 16112 224
160 16128 208
192 16144 256
192 16048 256
224 16048 256
176 16064 64
272 16032 -80
288 16112 -160
112 16128 128
80 16144 176
48 16144 208
48 16128 352
32 16128 448
176 16160 224
128 16160 416
96 16144 416
176 16112 336
96 16112 576
48 16128 432
48 16128 192
192 16144 112
128 16192 112
16 16208 160
64 16160 352
64 16176 304
32 16224 336
96 16144 224
96 16144 144
176 16080 144
256 16160 64
272 16128 96
160 16192 224
160 16224 176
160 16224 320
208 16112 320
144 16144 288
208 16208 128
176 16160 176
192 16160 416
288 16128 400
288 16176 336
192 16176 336
144 16064 288
96 16096 16
208 16080 160
240 16032 240
240 16096 352
48 16096 288
32 16128 96
16 16160 -112
96 16144 -112
208 16160 128
128 16176 -32
80 16064 240
112 16048 288
112 16048 224
48 16048 0
48 16048 0
112 16096 160
192 16112 432
32 16112 336
96 16192 48
0 16096 192
64 16144 192
64 16144 272
128 16144 272
320 16128 208
192 16048 352
128 16064 304
128 16096 160
128 16080 224
112 16080 112
128 16096 192
320 16096 192
208 16112 352
320 16112 224
272 16192 144
272 16144 256
240 16144 256
272 16144 144
192 16176 192
176 16112 320
80 16144 384
96 16192 352
128 16144 288
176 16176 240
176 16176 144
192 16176 144
240 16112 192
160 16144 -16
304 16176 272
224 16144 272
224 16144 320
144 16208 320
80 16128 256
112 16128 288
48 16192 208
-48 16160 112
0 16160 144
32 16112 480
32 16160 320
256 16160 496
160 16144 496
64 16176 272
176 16208 128
112 16160 320
0 16176 160
192 16144 16
224 16176 112
224 16176 176
160 16160 176
0 16176 112
160 16112 256
144 16144 208
144 16144 32
160 16144 32
208 16224 -112
144 16144 16
224 16192 128
208 16144 112
144 16128 48
96 16160 160
96 16160 80
192 16096 80
96 16144 160
64 16208 176
0 16144 272
128 16176 288
128 16176 -64
128 16112 16
144 16112 112
96 16128 112
112 16144 32
64 16128 240
112 16224 240
112 16240 368
224 16240 368
160 16192 336
144 16192 336
80 16192 160
96 16144 208
80 16192 256
80 16240 112
80 16224 96
176 16224 96
224 16240 64
256 16224 304
320 16192 208
192 16160 144
208 16160 368
208 16128 48
240 16128 16
304 16160 16
304 16128 128
160 16224 128
272 16224 96
128 16160 144
288 16192 160
288 16208 208
272 16208 208
256 16144 304
112 16144 192
-48 16112 288
16 16192 416
16 16128 256
80 16112 208
80 16096 384
-80 16096 384
64 16112 352
144 16096 416
176 16096 336
176 16144 304
224 16144 160
176 16192 160
176 16192 288
128 16144 -80
144 16080 176
112 16064 192
16 16112 208
16 16096 192
240 16096 192
176 16160 0
192 16192 48
144 16176 48
112 16160 144
112 16064 160
192 16064 160
16 16128 48
80 16112 144
160 16176 224
208 16160 256
224 16096 208
240 16096 352
272 16032 224
272 16032 144
384 16016 144
272 16128 352
192 16160 224
112 16160 224
128 16096 -16
128 16064 112
80 16128 16
80 16128 176
-64 16144 176
-64 16144 352
48 16096 240
240 16080 256
240 16128 320
176 16128 160
176 16128 160
128 16176 272
112 16160 32
192 16160 64
384 16144 0
272 16144 -96
272 16064 -32
