startup(x,y,z):(176,16192,160)
-800 15376 944
-2960 15600 2736
-2960 15600 2256
-2656 15984 2256
-1872 15936 1536
-896 16000 480
-1616 16240 -608
-784 16048 -992
-528 16352 -112
-448 16272 1344
-448 16256 80
144 16256 720
-16 16160 720
192 16336 1104
688 16176 304
496 16288 -80
496 16304 592
304 16144 -416
528 16240 -576
192 16288 -96
96 16304 -96
208 16192 336
208 16080 512
176 16080 512
224 16128 192
64 16272 272
112 16272 368
112 16128 256
16 16128 784
-96 16128 784
0 16096 816
240 16128 432
336 16064 -160
448 16144 -480
448 16144 -464
368 16160 -464
16 16048 464
-576 16352 528
0 16416 976
0 16208 16
-240 16208 3312
1632 16272 3312
3968 16976 1984
5040 15664 368
3488 16816 -2864
6208 16224 -1600
2560 15312 256
1360 16144 384
2000 16224 -240
1440 16048 -432
368 16272 128
368 16272 -320
192 16400 -640
592 16192 -640
-112 16336 656
192 16128 592
-64 15936 48
-64 16208 688
-272 16208 688
-352 16256 848
-144 16272 240
16 16176 352
-16 16176 -432
336 16112 -432
384 16048 -416
128 16048 400
-128 16112 560
-128 16096 560
-128 16224 592
-112 16224 592
64 16224 -32
304 16128 -128
272 16128 272
176 16144 96
176 16144 432
48 16160 432
-624 15824 1776
-944 16384 416
-160 16352 416
16 16480 -48
16 16144 128
288 16144 656
32 16112 656
256 16176 1296
80 15968 864
320 15920 832
192 16064 176
192 16304 -240
352 16304 -272
400 16336 -272
176 16224 80
48 16192 -96
192 16272 352
0 16064 464
-80 16128 352
-256 16144 -96
-256 16224 -48
-16 16224 -48
-128 16288 48
-32 16240 224
-16 16256 736
80 16144 496
80 16112 368
256 16144 32
256 16096 -192
256 16096 -48
384 16096 -48
176 16048 192
16 16064 528
48 16016 336
48 16064 448
64 16064 128
128 16128 128
192 16144 112
288 16144 128
144 16128 144
224 16208 144
64 16256 400
64 16176 224
160 16176 256
304 16144 256
176 16128 64
112 16224 -32
208 16160 352
208 16096 400
128 16096 480
192 16096 336
144 16128 208
112 16176 208
320 16192 -48
272 16256 -64
304 16208 -320
304 16160 -96
336 16160 416
128 16208 512
160 16192 832
224 16176 480
272 16240 160
128 16224 224
176 16240 544
176 16272 416
176 16272 544
128 16192 544
240 16208 736
224 16128 608
48 16192 368
64 16272 -224
64 16272 128
96 16256 48
-48 16256 416
128 16256 416
-16 16320 560
144 16240 368
208 16208 224
208 16160 -112
176 16160 -80
160 16208 -80
64 16192 -176
160 16192 16
32 16176 320
112 16144 224
128 16176 192
32 16192 144
32 16192 320
48 16224 320
192 16144 224
288 16160 368
144 16224 288
64 16208 48
64 16208 208
176 16240 208
192 16128 160
208 16112 320
304 16176 192
240 16128 144
64 16176 384
176 16160 464
176 16160 336
336 16112 336
352 16064 160
272 16112 208
224 16128 128
144 16080 96
144 16160 208
80 16160 432
-16 16112 624
-16 16112 624
96 16160 432
144 16144 192
288 16160 128
400 16144 176
400 16192 64
352 16192 272
176 16144 272
112 16144 272
224 16176 384
240 16224 336
368 16144 128
-112 16336 0
-112 16464 352
176 16464 352
384 16416 528
624 16384 656
240 16416 464
352 16368 224
352 16448 16
144 16448 272
256 16480 272
160 16368 0
96 16352 0
64 16400 192
192 16400 144
96 16336 224
96 16336 176
224 16224 176
192 16272 448
128 16192 336
224 16192 208
224 16208 240
96 16240 144
96 16224 32
176 16224 256
96 16208 256
64 16288 288
48 16208 304
80 16224 432
80 16160 480
96 16160 272
64 16128 272
64 16080 208
0 16176 144
80 16208 160
64 16176 224
240 16144 112
240 16176 256
112 16128 384
144 16128 384
176 16208 192
240 16176 336
176 16240 336
240 16304 384
240 16192 336
0 16192 512
32 16176 496
48 16192 240
64 16192 240
240 16192 192
176 16208 -96
176 16128 80
176 16160 -64
176 16160 96
400 16192 -16
208 16256 176
208 16160 32
224 16208 32
128 16256 176
128 16144 208
176 16144 320
272 16048 320
272 16080 128
160 16128 240
176 16144 224
176 16224 240
128 16224 48
96 16224 48
112 16176 240
96 16144 224
80 16144 352
256 16144 480
256 16256 320
256 16256 288
224 16256 0
144 16272 0
208 16320 128
272 16224 176
-64 16112 176
32 16192 256
80 16144 368
144 16208 384
176 16192 560
176 16192 320
224 16192 176
256 16240 176
368 16208 208
208 16144 352
144 16144 272
176 16240 192
176 16240 192
288 16176 240
208 16128 144
144 16128 144
208 16208 -304
128 16144 -16
144 16160 128
144 16240 176
48 16240 272
16 16160 272
64 16160 224
48 16208 176
176 16176 96
32 16208 208
64 16272 96
-144 16160 160
-144 16160 48
144 16080 48
128 16112 224
240 16064 -64
272 16064 160
208 16144 64
208 16144 160
128 16224 160
144 16176 112
128 16176 -48
160 16208 48
128 16224 48
192 16224 256
80 16192 336
80 16192 240
48 16192 240
64 16240 512
112 16160 480
192 16096 624
48 16080 464
112 16144 208
128 16192 192
128 16176 160
128 16176 448
256 16192 400
128 16224 400
144 16160 720
288 16128 384
240 16144 352
240 16208 0
192 16208 0
144 16272 16
224 16176 208
320 16192 128
192 16160 240
224 16240 288
240 16240 256
240 16240 256
304 16224 256
208 16176 224
208 16080 272
224 16144 144
224 16176 320
160 16176 144
64 16160 144
192 16224 -48
352 16208 -48
336 16192 0
192 16176 224
176 16144 320
176 16096 96
80 16096 -240
64 16192 -240
64 16208 144
176 16256 288
128 16208 432
224 16176 400
128 16176 320
176 16160 160
176 16160 336
288 16128 336
224 16160 64
256 16208 -48
336 16208 272
320 16288 112
208 16272 384
144 16224 -112
240 16192 -64
192 16208 32
192 16176 208
48 16192 208
80 16272 160
80 16144 128
64 16144 128
32 16160 256
0 16224 352
-16 16112 400
160 16144 320
160 16176 16
176 16128 208
176 16192 288
304 16192 288
304 16176 480
160 16144 304
208 16240 192
128 16320 176
128 16208 240
256 16208 144
160 16208 144
144 16160 32
96 16224 96
176 16176 176
96 16224 176
128 16208 272
128 16208 496
96 16144 496
256 16192 432
256 16192 448
160 16160 272
160 16208 320
160 16208 32
144 16176 32
224 16096 112
128 16080 192
144 16080 272
176 16096 160
32 16256 48
192 16192 272
192 16192 304
144 16160 304
160 16208 -128
96 16288 -80
0 16288 64
112 16208 176
112 16192 272
176 16176 128
176 16176 144
288 16192 144
176 16208 144
176 16208 224
192 16272 272
144 16256 304
144 16176 416
176 16176 176
192 16240 176
160 16272 96
240 16256 224
256 16208 96
288 16208 80
240 16208 160
240 16208 336
144 16240 336
160 16256 432
144 16256 272
48 16208 16
160 16192 -16
160 16160 -16
208 16160 176
240 16208 144
224 16208 144
272 16256 96
240 16160 208
176 16176 320
176 16160 176
80 16160 144
-128 16176 144
16 16192 368
16 16176 256
112 16176 448
144 16176 112
96 16144 208
48 16144 80
48 16240 160
96 16240 96
144 16192 96
128 16128 416
176 16128 112
160 16224 352
160 16176 576
224 16176 464
208 16128 464
240 16176 304
192 16176 80
256 16112 176
128 16144 240
160 16176 288
240 16272 128
240 16336 224
80 16336 240
64 16256 240
112 16256 272
80 16256 256
144 16160 208
208 16192 176
160 16192 -32
256 16080 208
0 16144 240
192 16144 -96
288 16144 -96
288 16160 160
320 16128 288
256 16144 128
144 16176 272
128 16288 448
144 16224 176
176 16176 176
80 16144 112
144 16144 336
-32 16112 304
-32 16368 272
112 16128 272
112 16272 240
128 16224 464
128 16224 384
176 16224 320
176 16192 528
176 16208 208
176 16208 208
208 16192 208
192 16112 224
112 16160 176
416 16128 144
416 16096 384
320 16096 176
432 16112 176
176 16176 272
112 16160 400
176 16256 128
112 16272 160
