startup(x,y,z):(112,16096,192)
1536 15792 -1248
-1072 14768 -2176
-5120 15632 1472
96 16336 -80
96 16336 -4048
592 15088 -3120
-1360 15424 352
-5072 15968 352
-3008 15760 864
-2144 15888 -880
-1856 16000 -544
-1856 16176 -224
-880 16176 -224
-96 16176 -608
-480 16176 -640
-1216 16224 1120
-768 16480 1456
80 16096 656
-192 15824 272
-1072 16016 736
-384 16272 624
-384 16272 352
176 16064 352
96 16192 -96
16 16064 -272
304 15984 -752
304 16160 -272
432 16160 512
496 16192 512
320 16064 224
240 16080 224
-16 16272 32
368 16128 -224
-1584 16032 1232
-1584 16624 688
-1632 16624 688
-64 16096 768
256 16288 176
112 16048 512
128 15792 864
128 15808 1456
-192 15872 1792
-192 15792 1424
496 15792 1424
592 15776 -400
624 15952 -288
80 16032 -48
80 16032 -416
608 16032 400
208 16080 400
-288 16128 832
-16 16080 160
224 16144 -64
176 16048 -384
368 16112 -304
368 16048 -368
256 16048 0
208 16048 0
224 16304 1184
368 16160 320
368 16016 -320
1584 16016 -464
480 16048 -368
304 16192 176
112 16192 -48
560 16128 -48
128 16336 320
304 16272 736
448 16160 -560
448 16128 -624
240 16128 -624
128 16160 224
-16 16080 224
-64 16112 384
80 16128 592
48 16160 288
112 16048 -144
80 16160 -784
80 16224 -160
144 16224 -160
-16 16064 80
64 16048 640
128 16064 752
144 16080 288
144 16128 224
256 16128 224
208 16096 192
128 16192 320
80 16064 320
96 16032 256
32 16112 512
176 16144 208
176 16144 176
64 16176 176
304 16176 -16
320 16192 -128
352 16128 -256
240 16176 112
240 16112 608
96 16176 752
96 16176 304
48 16128 304
-16 16096 240
64 15984 16
144 16144 384
144 16144 96
144 16144 96
160 16208 240
336 16080 304
224 16144 96
144 16176 64
160 16224 16
256 16352 16
256 16272 192
256 16176 32
256 16176 32
-16 16128 240
-32 16160 288
32 16144 128
272 16144 16
272 16096 -240
256 16096 -96
400 16192 80
208 16144 192
336 16016 192
112 16048 352
-32 16144 352
48 16112 496
48 16368 240
160 16224 240
144 16128 352
112 16080 160
160 16064 144
16 16208 192
16 16128 176
48 16160 64
48 16096 192
0 16096 192
16 16112 336
32 16160 368
96 16160 352
96 16128 80
64 16128 160
160 16048 160
32 16080 288
144 16096 400
208 16160 160
128 16112 208
0 16144 176
0 16160 160
0 16160 160
-16 16176 480
80 16128 144
224 16208 128
240 16176 64
240 16192 -80
224 16192 -64
176 16256 16
144 16192 384
160 16192 160
224 16224 160
192 16208 96
-16 16176 192
64 16144 128
64 16144 32
144 16128 -48
224 16048 -48
208 16096 32
80 16096 432
96 16032 256
144 16000 288
144 16000 224
144 16112 288
256 16112 288
192 16112 448
256 16112 160
208 16112 80
208 16112 64
96 16160 64
32 16112 96
112 16096 240
144 16080 384
48 16144 416
-32 16144 352
-32 16160 64
64 16160 48
80 16128 48
112 16160 288
160 16112 112
80 16128 144
80 16080 208
80 16080 304
-16 16144 128
112 16080 144
96 16176 144
0 16112 304
96 16208 240
96 16096 256
160 16096 208
112 16064 208
144 16080 208
-32 16160 400
-16 16144 336
64 16144 288
176 16064 48
80 16096 288
80 16128 368
128 16128 352
96 16112 352
80 16160 464
128 16176 304
64 16160 208
64 16208 144
128 16208 144
176 16208 368
224 16064 336
224 16112 208
208 16128 224
208 16064 352
160 16080 432
160 16080 368
80 16128 368
128 16144 208
80 16240 336
16 16192 240
256 16080 80
256 16064 256
80 16064 256
208 16096 512
224 16080 512
272 16096 480
240 16208 288
128 16176 416
128 16144 352
144 16144 352
320 16144 240
160 16128 160
112 16128 144
80 16176 208
80 16128 208
224 16128 208
224 16128 48
352 16144 48
144 16144 240
192 16096 512
128 16112 416
128 16112 336
208 16112 208
160 16112 208
128 16032 352
176 16032 368
112 16096 384
0 16064 288
208 16048 176
208 16080 320
128 16080 336
112 16144 336
208 16208 496
224 16160 336
208 16112 176
208 16144 144
112 16144 -64
176 16144 -64
304 16144 48
192 16112 176
128 16016 144
160 16032 160
208 16112 192
208 16144 16
224 16144 16
224 16048 112
64 16080 32
48 16112 416
96 16048 368
96 16048 416
96 16016 288
176 16128 -64
48 16128 -64
16 16176 -80
128 16144 160
112 16176 -48
112 16096 -80
16 16096 -80
80 16112 480
256 16144 336
224 16144 512
192 16128 528
240 16160 304
96 16144 224
96 16128 160
80 16128 240
96 16048 240
144 16176 288
144 16160 -48
144 16112 -16
144 16112 240
112 16096 240
80 16144 496
64 16080 240
64 16176 240
144 16192 288
16 16176 128
16 16144 32
16 16128 160
128 16128 160
64 16096 -208
256 16176 -32
48 16208 192
-32 16176 176
16 16128 224
64 16112 224
112 16112 352
112 16096 320
128 16096 320
48 16080 112
96 16128 192
160 16112 -32
112 16192 32
112 16144 224
176 16144 224
112 16144 272
64 16128 144
80 16064 128
96 16128 224
160 16080 304
160 16080 384
144 16080 272
112 16128 272
224 16096 208
224 16096 32
160 16112 144
80 16128 224
80 16128 -48
176 16160 96
112 16160 160
256 16144 160
160 16128 144
160 16096 224
96 16176 48
96 16176 304
224 16080 304
144 16064 320
48 16128 304
128 16080 384
208 16080 384
128 16128 224
176 16080 304
112 16160 224
112 16096 336
48 16096 336
-16 16112 592
0 16160 400
128 16128 96
144 16128 -32
112 16160 128
112 16160 304
16 16128 176
0 16128 144
-48 16128 144
0 16176 368
48 16112 304
112 16080 256
112 16048 -96
112 16048 -96
272 16032 -32
160 16016 -16
144 16064 0
0 16144 96
128 16208 -80
48 16240 -96
48 16192 -64
48 16192 -160
160 16096 -160
208 16096 64
288 16032 -144
192 16144 -16
144 16112 192
144 16112 176
208 16176 176
112 16176 80
224 16160 80
192 16160 272
128 16192 192
160 16128 320
224 16128 176
224 16128 48
256 16208 48
112 16128 256
-16 16064 272
240 16096 0
240 16160 160
112 16112 160
96 16112 128
96 16112 192
128 16112 32
208 16144 32
352 16144 -32
208 16192 224
144 16128 400
144 16144 208
176 16144 208
80 16080 288
160 16128 352
176 16048 432
80 16048 432
80 16032 592
64 16128 416
64 16128 336
128 16128 336
112 16176 288
-48 16192 96
80 16128 32
80 16144 272
64 16144 336
208 16160 112
224 16176 336
224 16144 336
256 16192 416
240 16176 272
208 16160 0
208 16128 -304
128 16128 -304
112 16048 32
160 16096 96
128 16096 -112
240 16096 -16
176 16112 128
176 16128 -48
176 16128 -48
336 16192 0
272 16288 0
176 16192 48
192 16176 256
192 16096 272
304 16096 176
336 16192 288
272 16160 352
304 16096 176
128 16160 144
144 16144 304
144 16112 432
-48 16112 432
16 16160 288
240 16160 272
240 16112 32
192 16080 -16
192 16112 464
112 16112 512
160 16064 512
176 16032 288
64 15984 288
176 16032 208
176 16032 -16
256 16032 80
256 16048 112
320 16048 112
224 16096 -48
-16 16144 176
-16 16112 384
160 16176 528
160 16144 272
304 16112 400
304 16128 224
272 16128 224
192 16176 224
48 16112 224
80 16192 64
80 16160 48
80 16160 64
112 16160 128
160 16080 128
128 16112 -64
80 16080 208
128 16096 416
16 16160 272
64 16144 288
64 15888 272
96 16096 272
96 16080 128
96 16080 16
96 16016 112
16 16016 208
16 16016 64
112 16080 64
144 16032 224
144 16032 208
144 16096 208
304 16112 272
176 16048 192
192 16064 224
192 16096 432
128 16096 432
160 16096 368
208 16096 224
160 16080 96
144 16080 160
64 16032 176
96 16096 160
144 16048 336
144 16048 288
128 16208 288
112 16128 224
192 16240 32
176 16192 160
144 16144 144
144 16144 432
112 16112 432
176 16096 304
240 16128 288
160 16112 240
208 16128 -16
96 16096 -32
