startup(x,y,z):(176,16192,160)
1328 16208 2048
6272 15680 1392
2480 15824 -448
3408 16032 -48
3408 17424 3776
3264 17424 5664
3680 16128 5664
1552 15856 3520
1744 16336 3024
1040 16480 400
608 16688 432
640 16368 208
1232 16160 -320
1232 16048 400
1168 16048 320
560 16112 1088
112 16160 1200
400 16064 624
240 16128 592
352 16048 496
496 16080 -384
496 16080 -528
624 16176 -528
16 16304 -112
304 16064 -336
336 16160 352
160 15952 176
-32 16256 32
-32 16192 -96
208 16192 -48
64 16144 144
48 16192 304
0 16176 304
224 16160 624
320 16320 528
320 16256 32
368 16256 -400
496 16160 -400
416 16208 -448
0 16208 -160
48 16064 1312
-352 16320 1008
-352 16320 528
-368 16288 592
-368 16288 4112
-528 16656 4112
2224 16928 2272
5968 15392 1392
3264 16192 -1456
3264 16096 -80
6976 16320 -656
5104 16320 -656
2208 15120 480
2544 15728 -688
2128 15824 -864
512 15856 -1152
720 16240 -1040
688 16368 -1248
688 16368 272
-304 16304 272
-224 16352 384
-240 16176 -48
-560 16208 720
-208 16176 880
-208 15968 -96
-48 15968 -96
-48 16000 0
144 16000 0
208 16000 -368
144 16064 -224
112 16160 480
-672 16256 1344
-672 16496 768
-688 16160 320
1056 16160 -176
576 16272 -176
64 16320 208
128 16464 880
688 16192 1232
256 16112 832
192 16272 -64
192 16288 -288
352 16288 -288
368 16192 384
320 16016 48
32 16064 496
16 16176 976
16 16176 640
128 16176 336
256 16208 0
240 16256 0
288 16224 -160
112 16192 112
32 16208 176
144 16272 464
144 16272 1376
-144 16432 1376
16 16288 880
1120 16064 -80
704 16112 -608
1520 16096 -256
480 16048 -240
-192 16080 272
-192 16080 176
-224 16064 176
-192 16128 -128
-240 16240 208
32 16400 208
32 16208 -400
96 16192 416
160 16192 1008
64 16240 1008
-48 16032 784
-16 16080 688
128 16128 320
144 16272 16
144 16176 -32
144 16176 112
608 16128 112
32 16224 480
-224 16208 688
-240 16192 400
736 16016 -208
192 16128 -512
192 16128 -192
96 16192 176
96 16192 304
-48 16032 304
80 16032 192
224 16080 208
256 16080 -128
256 16144 96
192 16224 -192
96 16144 192
-80 16256 352
-48 16208 512
32 16224 128
-160 16144 336
-160 16176 432
32 16176 432
224 16112 352
208 16096 624
80 16096 544
192 16112 192
192 16208 352
272 16208 368
32 16192 368
-64 16176 144
-48 16192 112
0 16256 144
112 16128 80
96 16192 352
96 16192 496
16 16208 496
16 16272 592
112 16224 288
176 16128 64
176 16064 128
336 16064 144
192 16064 320
208 16080 240
112 16048 240
64 16064 80
32 16080 416
48 16096 224
48 16096 288
80 16240 384
112 16240 384
112 16208 176
160 16208 368
160 16256 288
80 16208 128
32 16160 272
64 16208 320
64 16208 48
240 16240 48
256 16192 128
240 16240 80
144 16240 128
208 16176 -80
208 16176 32
160 16224 32
240 16160 64
240 16128 -64
336 16192 48
224 16256 352
240 16144 352
240 16048 144
272 16048 144
208 16096 208
208 16176 400
368 16192 192
480 16160 272
480 16192 400
352 16192 400
288 16192 416
224 16176 416
240 16176 560
176 16176 384
352 16224 96
224 16160 96
224 16160 -112
160 16208 -112
112 16192 80
48 16144 128
0 16160 320
0 16192 352
96 16208 208
96 16160 32
32 16160 224
48 16160 224
112 16144 176
208 16032 96
336 16048 32
352 16160 64
352 16128 -176
240 16128 0
464 16112 0
128 16160 -160
160 16112 32
160 16144 512
80 16144 448
64 16176 160
64 16176 240
16 16160 240
208 16208 192
288 16192 192
240 16128 32
240 16112 -112
208 16112 64
320 16112 96
160 16032 272
32 16048 272
0 16096 240
-112 16160 256
-80 16128 272
-80 16128 240
0 16304 240
48 16224 480
240 16144 176
160 16048 384
32 16176 432
64 16160 384
32 16208 512
16 16192 448
16 16144 208
64 16144 208
80 16128 240
128 16192 -48
144 16288 -144
192 16224 -96
368 16224 112
256 16160 112
272 16192 160
304 16192 160
272 16160 112
224 16160 -112
144 16192 16
144 16208 -16
112 16208 96
112 16208 64
112 16192 64
224 16160 64
240 16080 96
112 16208 144
256 16160 208
224 16096 208
224 16112 32
176 16112 32
64 16160 304
320 16128 176
192 16112 256
128 16144 176
128 16176 272
384 16176 240
224 16224 240
240 16144 240
288 16192 272
288 16192 208
240 16144 144
240 16144 240
64 16144 320
-16 16160 320
96 16048 336
112 16144 256
112 16144 128
192 16192 128
192 16192 64
176 16064 192
176 16064 80
192 16080 80
256 16112 208
208 16112 32
48 16256 192
48 16256 16
192 16160 16
160 16160 272
16 16192 352
256 16176 96
272 16160 192
192 16096 192
192 16112 80
192 16112 128
96 16160 128
16 16128 240
-32 16144 288
48 16224 160
320 16160 288
144 16256 160
144 16224 224
128 16224 224
32 16288 160
80 16192 304
16 16128 272
80 16160 400
144 16176 352
176 16144 352
176 16144 240
112 16272 240
144 16224 240
176 16240 336
352 16160 192
352 16128 400
336 16128 256
320 16128 464
352 16128 464
304 16144 352
192 16128 416
160 16208 432
272 16256 272
272 16256 128
224 16240 128
80 16240 144
208 16192 32
272 16208 128
256 16224 224
272 16176 224
64 16160 304
64 16176 304
176 16176 272
224 16192 272
208 16192 32
240 16144 176
240 16160 304
240 16096 240
432 16096 240
336 16208 304
224 16256 272
144 16224 416
96 16176 288
-32 16160 384
112 16128 240
112 16112 32
208 16112 32
160 16176 64
96 16224 64
80 16240 112
160 16160 288
240 16096 320
160 16112 256
32 16128 224
32 16176 256
80 16176 432
160 16144 432
304 16192 288
176 16208 304
288 16224 224
304 16272 304
128 16272 48
272 16224 48
272 16176 128
208 16208 0
224 16208 144
160 16176 368
160 16144 240
192 16144 144
192 16176 144
192 16176 352
208 16144 272
208 16192 432
208 16224 288
256 16224 112
240 16160 80
240 16160 -64
112 16112 -64
-16 16128 128
0 16080 368
128 16080 576
128 16080 576
256 16064 96
352 16144 96
288 16192 -192
176 16224 80
256 16224 112
128 16160 208
144 16128 336
144 16160 256
112 16160 256
176 16192 48
128 16176 112
144 16208 176
288 16240 240
48 16144 336
48 16192 240
64 16192 352
272 16144 272
320 16144 16
320 16096 128
192 16224 64
128 16240 432
176 16208 240
176 16208 160
-48 16240 160
64 16304 224
256 16240 80
320 16128 80
176 16112 80
224 16208 288
304 16224 256
304 16224 656
96 16160 656
192 16064 416
240 16128 432
192 16192 336
192 16176 448
240 16176 448
304 16208 528
160 16256 400
128 16288 208
144 16208 96
176 16112 128
176 16096 224
160 16096 224
256 16144 224
224 16144 320
96 16256 400
64 16144 304
64 16160 208
144 16160 368
96 16176 368
176 16176 368
192 16224 320
224 16176 304
224 16160 400
208 16160 240
208 16160 160
208 16192 160
96 16192 160
272 16240 256
96 16208 208
80 16224 80
48 16176 208
96 16160 208
-64 16160 304
-64 16160 272
64 16192 272
-16 16144 208
96 16272 160
32 16224 160
32 16224 240
16 16224 320
112 16176 320
64 16208 208
96 16176 320
176 16160 320
112 16224 288
144 16224 48
144 16208 80
96 16208 304
48 16192 304
64 16224 208
48 16176 384
-16 16192 192
-16 16192 80
144 16224 112
208 16240 352
144 16240 336
144 16240 464
-32 16096 464
64 16208 432
256 16192 336
112 16176 224
112 16208 416
128 16144 320
128 16160 304
80 16160 688
112 16160 576
-32 16096 448
-16 16240 256
144 16240 128
144 16240 256
160 16288 256
112 16208 240
96 16176 416
144 16096 240
352 16112 512
352 16080 336
208 16080 16
64 16160 160
128 16160 128
336 16160 128
48 16208 144
144 16256 256
160 16208 208
160 16128 192
176 16128 160
128 16192 160
32 16128 160
-32 16192 208
32 16144 -48
128 16192 176
288 16144 192
