startup(x,y,z):(464,16224,144)
-2352 16848 4256
-1568 15904 3232
-768 15904 2768
480 16048 64
480 16048 240
3392 16096 752
4496 16096 752
2944 15936 1120
-1280 16256 6336
-1104 17184 5392
1344 16800 1952
1104 16928 1184
384 16224 -816
-80 16224 -1936
-80 16272 -2752
608 16272 -2752
144 16416 -3136
-448 16368 -2080
32 16416 -2336
304 16416 -2208
160 16256 -1536
352 16256 -1264
368 16304 -1088
416 16288 -992
416 16272 -752
672 16272 320
432 16208 320
736 16240 720
1152 16192 848
640 16272 1456
640 16064 1488
480 16064 1456
224 16080 1456
-16 16144 1200
224 16208 1200
448 16240 720
432 16224 704
608 16256 160
656 16272 -160
496 16240 -384
496 16192 -720
384 16192 -720
496 16176 -640
512 16192 -432
512 16192 -496
560 16208 -512
464 16256 -208
464 16256 -240
576 16320 -336
480 16256 -224
448 16192 -304
336 16208 96
240 16256 48
352 16288 64
352 16224 224
240 16224 416
496 16208 416
464 16160 448
432 16192 480
496 16208 736
416 16272 736
416 16192 752
400 16192 688
480 16160 688
496 16144 416
512 16208 128
608 16288 -64
576 16224 -304
304 16176 -64
304 16208 -384
288 16208 -272
288 16240 -272
320 16240 -64
464 16192 144
480 16256 16
400 16208 16
400 16240 -64
416 16144 -32
448 16176 64
480 16208 176
512 16176 160
336 16208 80
336 16208 -96
480 16208 -96
368 16224 112
400 16112 -96
304 16128 240
464 16208 176
464 16256 -48
464 16256 144
608 16208 192
640 16240 192
576 16160 304
528 16256 400
496 16256 448
512 16208 240
464 16240 208
464 16208 -64
512 16208 -64
512 16192 -64
448 16176 80
544 16176 64
432 16160 48
352 16240 208
416 16208 112
416 16208 64
432 16208 64
480 16240 16
416 16192 128
352 16256 -176
304 16288 -288
384 16208 -32
352 16208 128
352 16240 16
256 16240 32
416 16144 32
320 16192 208
272 16256 -48
448 16256 -32
384 16192 128
368 16128 -32
368 16128 -128
368 16144 16
320 16160 16
432 16208 48
352 16192 80
368 16144 112
416 16192 384
448 16176 160
448 16224 -128
272 16224 -128
384 16144 -64
304 16208 64
480 16208 48
416 16224 -16
400 16160 16
400 16160 -32
576 16128 0
624 16176 0
576 16176 32
480 16192 80
416 16176 192
400 16112 272
384 16112 400
256 16128 400
480 16192 224
480 16288 176
416 16224 192
432 16304 208
480 16272 48
480 16240 64
512 16240 64
448 16096 -144
512 16160 -208
352 16144 48
368 16288 112
368 16192 64
368 16192 224
304 16208 224
448 16176 112
464 16224 -16
576 16176 208
464 16128 240
416 16160 64
416 16240 96
336 16240 96
416 16256 208
288 16336 208
304 16320 288
416 16304 224
448 16240 16
448 16224 96
448 16224 176
384 16176 176
352 16144 240
384 16176 48
304 16256 112
288 16288 192
288 16256 208
288 16256 208
416 16240 208
304 16176 288
336 16224 160
336 16176 208
320 16272 128
368 16224 96
400 16160 80
400 16176 144
416 16176 144
368 16224 160
432 16256 112
368 16224 208
320 16144 176
448 16176 192
384 16224 128
448 16224 16
448 16224 112
480 16192 112
432 16208 96
432 16144 112
384 16144 -192
416 16160 -80
416 16176 -160
512 16176 -96
400 16240 -96
448 16256 -176
496 16288 -384
304 16224 -112
400 16224 224
400 16208 160
448 16208 48
448 16240 48
416 16208 192
496 16288 -112
528 16224 -32
400 16176 -48
400 16224 240
400 16144 32
384 16208 48
288 16192 64
352 16192 320
560 16160 320
528 16160 464
464 16128 240
544 16192 128
544 16208 272
464 16208 48
528 16256 -80
400 16256 -80
528 16240 80
480 16224 64
576 16144 -64
448 16240 -96
416 16224 0
416 16208 224
336 16208 224
256 16224 224
400 16256 224
400 16208 288
432 16256 224
416 16272 304
416 16256 224
416 16256 320
400 16224 320
448 16288 176
416 16240 192
432 16208 160
480 16256 160
480 16096 272
448 16096 80
576 16160 128
512 16112 128
512 16128 64
384 16224 112
336 16176 112
432 16192 0
432 16192 -208
416 16192 -32
384 16192 -32
368 16192 128
544 16208 -352
512 16160 -128
464 16192 48
464 16192 336
480 16208 336
528 16224 304
448 16240 96
368 16160 192
416 16160 160
416 16144 80
448 16144 368
528 16192 368
560 16192 144
528 16176 32
448 16208 0
400 16176 -80
368 16176 32
368 16240 16
480 16272 16
448 16272 16
384 16272 160
432 16256 -80
448 16160 -256
528 16208 -128
512 16176 16
512 16192 32
512 16192 -176
352 16208 -80
368 16304 -80
320 16352 0
496 16256 48
464 16224 304
464 16224 192
464 16224 0
576 16272 0
656 16224 -32
560 16240 -16
560 16288 48
512 16160 48
432 16192 160
432 16240 224
416 16240 272
368 16176 272
336 16272 336
400 16224 576
432 16128 368
464 16176 208
464 16128 256
352 16128 208
496 16160 80
512 16160 128
544 16160 192
528 16160 192
528 16192 208
560 16160 224
416 16160 160
352 16224 16
432 16208 32
432 16240 224
464 16256 192
464 16256 416
528 16256 416
464 16192 304
560 16208 240
448 16256 240
448 16272 336
416 16224 416
416 16240 176
448 16256 128
432 16272 48
432 16192 -80
480 16192 -208
448 16224 -48
304 16192 -48
336 16176 352
576 16224 176
464 16208 176
448 16224 192
448 16224 128
448 16224 192
272 16224 192
336 16224 128
448 16144 64
336 16160 -16
480 16160 -128
400 16240 -16
400 16208 -144
416 16208 -64
464 16160 -64
416 16192 -352
384 16192 -352
416 16160 -144
416 16224 48
368 16208 240
464 16208 192
448 16208 192
560 16160 176
432 16160 128
336 16256 48
448 16272 112
384 16272 224
384 16272 208
384 16304 208
384 16304 224
560 16288 240
432 16160 96
336 16192 256
544 16288 0
512 16176 96
544 16176 32
544 16256 64
416 16256 128
336 16304 128
384 16304 96
384 16304 144
304 16320 112
448 16208 192
416 16224 0
416 16224 64
336 16240 64
320 16160 272
368 16224 -64
416 16256 144
464 16176 -64
384 16224 96
384 16224 256
416 16224 208
400 16240 240
480 16192 240
688 16272 208
464 16208 -288
416 16176 -96
416 16192 160
352 16208 160
352 16224 112
400 16224 176
336 16192 176
368 16144 432
288 16160 304
368 16192 464
480 16176 560
464 16256 464
464 16160 208
464 16208 144
464 16224 176
432 16224 176
352 16208 176
416 16192 224
448 16160 112
640 16240 144
560 16256 -16
432 16272 64
352 16192 176
448 16160 192
448 16208 112
480 16208 16
336 16240 16
304 16176 -16
512 16256 32
416 16224 -32
288 16224 128
336 16192 64
352 16208 -128
352 16208 -48
496 16176 -48
496 16208 -48
560 16176 -48
496 16144 -48
528 16192 16
592 16208 48
560 16240 -48
480 16272 16
480 16192 80
464 16240 -48
640 16240 -48
544 16144 -16
544 16160 16
432 16224 128
368 16160 48
512 16096 32
576 16144 80
576 16144 -32
528 16096 64
480 16128 48
464 16176 48
448 16192 80
480 16256 -96
448 16240 80
528 16240 -144
480 16256 0
480 16256 -48
480 16256 -48
384 16208 144
416 16240 16
368 16288 16
368 16192 224
256 16192 48
400 16256 0
400 16272 112
400 16256 96
512 16240 496
480 16192 48
496 16224 80
512 16208 64
448 16160 128
432 16240 64
464 16192 128
464 16256 128
448 16256 176
448 16208 80
368 16208 160
464 16208 160
368 16160 160
416 16048 -64
480 16096 -16
384 16160 -32
240 16256 96
240 16208 -48
320 16208 160
352 16160 160
352 16240 176
432 16240 192
304 16240 208
432 16224 -80
416 16240 16
416 16240 -112
496 16160 -112
512 16160 16
432 16224 240
432 16192 240
448 16192 176
320 16224 256
368 16192 176
304 16176 96
368 16240 0
480 16192 -160
480 16192 208
400 16128 208
464 16128 224
384 16208 128
560 16304 32
416 16224 -32
416 16224 288
464 16208 112
416 16192 112
368 16304 240
416 16272 256
368 16208 128
416 16208 16
400 16176 80
400 16240 208
288 16256 -48
