startup(x,y,z):(-128,16064,608)
1200 15824 480
80 16064 2384
496 15072 2384
464 15568 -752
416 16288 -864
-96 16592 -976
-96 17056 -1264
-160 17056 -128
-624 16752 -128
-208 16704 880
-48 16352 192
160 15984 1104
16 16032 896
-304 16144 -80
-160 16176 -16
-160 16176 -96
-64 16112 -96
-32 16112 -288
128 15984 416
96 15840 1152
80 15968 864
80 16016 528
-112 16016 528
-80 16112 496
-256 16096 400
-192 16032 224
-144 16080 192
-48 16048 560
-48 15984 656
-128 15984 576
-240 16048 576
-128 16112 688
-176 16032 608
-64 16064 720
-80 16096 672
-80 16096 576
-128 16032 288
-48 15984 112
128 15984 112
0 16080 128
96 16064 496
112 16064 704
112 16000 768
144 16000 768
32 15968 736
-16 15984 832
-64 16064 400
-160 16016 320
-224 16064 240
-48 15952 304
-240 16016 256
-240 16016 320
-80 16000 320
32 16048 624
48 16016 528
0 16000 560
0 16000 448
-112 16064 448
-160 16096 528
-96 16048 464
-96 16064 496
-240 16160 352
-304 16208 -16
-304 16080 144
-192 16080 144
96 15968 224
32 15984 160
-128 16048 96
-112 16032 416
-112 16048 144
-96 16048 272
-112 16064 256
-160 16064 336
-16 15984 336
80 16000 560
-112 16000 560
-128 16048 352
-128 16080 400
80 16080 432
112 16032 432
-192 15936 496
-432 15968 560
-272 15952 672
-144 16000 528
-144 15968 544
-144 15920 720
-80 15920 720
-208 15920 576
-400 15968 576
-384 16000 480
-240 15984 464
-176 16048 480
-176 16048 512
-160 15984 512
-208 16000 560
-208 16000 432
-144 16032 432
-192 16000 464
-176 16016 640
-176 16032 640
-128 16032 640
48 15936 640
-128 16032 528
-80 16000 624
-272 16032 544
-304 16048 448
-288 16064 560
-128 16048 624
-128 16048 384
-128 16064 384
-176 16032 464
-64 16128 288
-128 16112 416
-128 16112 560
-224 15968 592
-208 15984 592
-160 15952 640
-144 15968 576
-128 15952 464
-64 16016 720
-112 16016 624
-112 16064 576
-208 16064 576
-128 16000 400
-240 16032 416
-128 16080 480
-240 16032 416
-240 16032 16
-224 16032 16
-192 16064 224
-144 16048 208
-80 16032 368
-32 16048 400
-16 16000 544
-16 16016 672
32 16016 672
-128 16080 384
-112 16080 160
-128 16048 448
-128 16048 624
-128 16048 560
-192 16096 560
-144 16000 752
-256 15984 816
-288 16048 816
-192 16048 656
-64 16016 352
-96 16064 448
-96 16064 352
-64 16064 352
-96 16064 208
-80 16032 176
-80 16032 208
-224 16048 352
-96 16000 320
-96 15984 544
-96 15984 656
-288 15984 656
-240 16016 464
-208 16080 304
-64 15968 528
16 16000 448
16 15968 592
-80 15968 544
-112 16048 544
-64 15984 624
-80 15984 592
-64 16016 528
-304 16080 640
-144 15952 352
-144 15952 176
-144 15936 336
-128 15984 512
32 16032 368
0 16048 576
0 16048 544
-32 16112 400
-144 16064 240
-80 16064 128
-48 16128 128
64 16080 256
0 16064 288
-80 16080 432
-80 16080 544
-144 16016 400
-272 16080 400
-208 16064 384
-208 15952 576
-128 16016 528
-144 15984 448
-16 16048 640
-16 15952 592
-64 15952 608
-176 16048 608
-192 16048 432
-208 16000 624
-176 15984 672
-96 16016 720
-96 16048 560
-80 15952 480
0 15952 416
160 15952 672
-32 16016 608
-112 15968 576
-160 16000 480
-96 16096 464
-96 16096 336
-240 16128 336
0 15936 320
64 16048 400
0 16128 192
-112 16080 320
-80 16016 416
-48 15968 528
-48 15968 224
-48 16000 224
-48 16048 192
-16 16096 224
-80 16032 592
-80 16128 384
-160 16128 416
-208 16064 416
-256 16032 432
-320 16080 736
-320 16128 624
-272 16048 560
0 16000 560
0 16000 432
-112 16048 432
-16 16000 560
-208 16080 880
-48 15952 800
-96 16000 720
-96 16000 576
-192 16048 576
-176 15984 464
-128 15984 608
16 16000 608
-304 16032 624
-160 16016 432
-112 16064 464
-112 16064 464
-144 16048 432
-128 16096 432
-80 16048 528
-224 16048 528
-80 16016 512
64 15968 688
-80 16080 672
-80 16096 608
-176 16096 608
80 16048 400
32 16000 640
224 16016 544
224 16080 384
-32 16016 720
0 16016 720
-48 16048 656
-64 16064 656
-16 16032 528
-176 16048 480
-272 16160 352
-272 16144 480
-304 16144 352
-112 16096 352
-176 16000 512
-128 16048 544
-16 16064 288
-16 16112 256
-16 16112 256
-64 16032 304
-224 16096 544
-288 16112 608
-336 16080 528
-272 16064 592
-16 15952 640
-208 15952 544
-96 16016 544
-224 16048 496
-288 16000 688
-96 16032 464
-96 16080 784
-160 16080 688
-48 16064 640
-64 16080 576
-208 16080 576
96 16048 512
-208 16160 560
-160 16096 384
-128 16032 400
-16 16032 400
16 15968 480
80 16048 688
96 15936 608
48 16016 560
-96 15952 464
-48 15952 512
-48 15952 496
32 15968 496
-16 16032 736
-192 16128 608
32 16064 512
0 16048 432
0 16048 400
96 16112 400
-192 16096 432
-208 16048 512
-224 16048 416
-160 15984 592
-208 16032 336
-208 16016 208
-64 16016 208
-80 16064 336
-96 16016 432
-224 16064 272
-288 16080 400
-288 16112 416
-336 16064 400
-32 15968 560
-32 15968 704
-80 16064 704
16 15936 640
-16 16000 464
-144 16080 304
-144 16080 416
64 16016 416
16 15952 352
80 16000 480
-16 15936 592
0 15888 416
16 15952 496
-48 15968 224
-48 15968 496
-32 15968 608
-16 15984 608
-80 15936 800
-80 15904 848
-192 15936 768
-192 15984 416
-160 15984 416
-272 16064 384
-256 16000 464
-48 16048 448
-96 16096 384
-96 16016 592
-96 16000 784
-128 16000 784
16 15984 544
0 15936 496
16 15920 272
-112 16016 464
-112 16064 560
-80 16064 560
-272 16112 464
-288 16096 464
-288 16176 480
-288 16112 672
-224 16064 656
-224 16064 496
-208 16096 496
-272 16080 480
-320 16128 720
-208 16144 752
-224 16080 720
-224 16080 480
-176 16080 512
-176 16112 576
-32 16112 576
-160 16096 608
-208 16032 720
-192 16112 576
-192 16032 624
-272 16032 560
-208 16032 560
-96 15952 352
-48 16016 416
-224 16032 480
-208 16064 496
-128 16080 480
-208 16064 528
-208 15952 720
-16 15952 720
-144 16048 608
-64 16032 304
-128 16016 480
-128 16096 448
-128 16096 704
-80 16048 704
-160 16064 624
-144 16096 720
-128 16080 592
-240 16016 688
-96 15968 544
-96 15968 464
-32 16064 464
-32 16048 336
-112 16064 704
-128 16080 656
-32 15984 560
-32 15984 336
-96 16080 336
-96 16000 592
-272 16064 592
-192 16080 560
-32 16112 304
-176 16096 128
-176 16096 368
-96 16064 368
-48 15984 368
-144 16112 528
-176 16112 576
-176 16032 720
-64 15952 512
80 15952 528
16 16016 528
112 16000 624
96 16080 528
-48 16112 496
-48 16032 864
32 16032 352
112 16048 416
16 16064 336
32 16128 352
-48 16080 528
-80 16032 400
-16 16016 528
-32 16000 560
-32 16000 608
-176 16016 608
-32 16112 624
16 16064 672
-240 16096 608
-192 16112 320
-192 16112 336
-16 16144 336
-64 16064 304
64 15984 464
64 15936 464
-32 15920 432
-16 16016 32
-16 15984 128
-48 15984 448
16 15984 448
16 16032 480
-96 16048 368
-224 16016 592
-112 16032 512
-112 16096 384
-48 16016 384
-48 16016 528
-112 16016 528
-96 16000 640
48 15984 384
-48 16064 464
-48 15968 848
-48 15968 768
48 16032 768
-96 16016 480
-32 16064 384
32 16016 320
-112 16032 704
-256 15936 784
-256 15936 512
-240 16000 512
48 15952 304
-16 16032 384
-128 15968 320
-272 16032 528
-272 16048 128
-64 16048 128
0 16080 256
-16 16064 384
-48 16064 416
-96 16112 416
-48 16112 0
-112 16064 320
-112 16032 400
48 16032 400
96 16016 576
-80 16016 384
96 16048 320
16 16016 432
-64 16032 448
32 16000 320
32 16080 96
-112 16080 96
-80 16016 288
-288 16112 464
-176 16080 240
-176 16016 256
-160 16016 336
-64 16032 448
-288 16016 448
-80 15888 480
-176 15952 480
-96 16000 480
-112 16064 592
-80 16000 512
-80 16000 384
-96 16096 384
-192 16112 304
-128 16032 480
-176 16048 416
-96 16144 528
-96 16144 672
-144 16064 672
-336 16032 448
-272 16096 432
-240 16096 480
-272 16000 704
-128 16000 848
-128 16000 400
