startup(x,y,z):(-320,16160,160)
464 16096 848
1600 16032 -1360
1664 16144 1040
3392 16944 720
1776 16416 -704
1824 16560 2992
1840 16064 -816
736 15744 992
480 15856 -320
48 16208 -912
48 16240 320
-176 16240 560
-368 16176 560
-832 16064 1008
-912 16080 -96
-720 15936 352
-432 16112 -416
-256 16208 208
-288 16176 656
-288 16224 0
-192 16224 624
-80 16208 624
-224 16256 128
-96 16192 -112
-32 16128 -192
-240 16144 128
-112 16048 384
-304 16080 496
-16 16160 352
-144 16208 -144
-272 16144 -160
-272 16144 -112
-256 16208 -112
-320 16240 240
-368 16080 592
-128 16160 480
-240 16272 288
-240 16352 -128
-96 16352 -160
-304 16304 -160
-336 16224 256
-192 16240 176
-336 16240 -48
-272 16256 -208
-192 16256 -336
-192 16256 -64
-320 16256 -64
-528 16256 208
-384 16192 448
-256 16096 192
-368 16176 -96
-288 16208 -96
-288 16208 -48
-176 16160 144
-272 16160 304
-384 16272 304
-448 16160 224
-432 16240 208
-320 16240 -112
-320 16128 -128
-432 16240 96
-496 16240 208
-544 16224 208
-608 16240 336
-448 16224 208
-400 16192 176
-240 16160 -96
-272 16096 192
-336 16096 -64
-304 16128 -112
-208 16112 144
-336 16160 144
-336 16208 -192
-208 16112 -32
-208 16112 192
-224 16176 48
-272 16176 48
-368 16112 240
-400 16160 288
-288 16224 416
-400 16224 176
-320 16192 336
-432 16208 432
-272 16176 176
-288 16240 96
-192 16240 -32
-224 16240 160
-192 16192 160
-96 16176 -112
-160 16208 0
-224 16224 -80
-224 16224 -96
-240 16240 -96
-32 16208 -128
-144 16192 -112
-272 16240 160
-224 16224 208
-160 16176 240
-192 16176 400
-192 16192 176
-160 16192 176
-256 16256 224
-384 16288 112
-304 16192 160
-240 16240 32
-64 16272 -96
-64 16272 -192
-96 16272 -176
-32 16272 -160
-160 16208 -160
-160 16208 -16
-208 16176 32
-160 16224 32
-160 16224 112
-288 16288 112
-288 16256 112
-320 16224 96
-512 16208 240
-416 16160 256
-416 16128 352
-224 16176 96
-224 16176 208
-384 16144 208
-432 16224 432
-272 16240 0
-432 16208 304
-432 16160 240
-368 16160 320
-352 16192 320
-208 16176 144
-304 16128 352
-448 16096 224
-336 16080 16
-368 16160 208
-368 16256 128
-240 16256 128
-320 16256 -96
-128 16192 -48
-192 16176 304
-192 16128 432
-336 16160 352
-384 16160 352
-304 16112 352
-128 16160 64
-160 16192 48
-176 16240 -320
-80 16240 -224
-128 16208 -96
-128 16208 16
-256 16288 16
-320 16192 32
-336 16160 112
-336 16192 0
-432 16192 0
-496 16192 176
-400 16208 160
-400 16208 128
-304 16208 -48
-160 16240 -48
-112 16256 -144
-144 16272 -96
-224 16192 144
-224 16176 448
-256 16176 288
-240 16208 288
-272 16144 96
-176 16192 240
-224 16128 224
-256 16240 112
-288 16240 176
-288 16240 240
-384 16256 240
-336 16160 448
-400 16256 112
-288 16192 -240
-336 16224 -80
-336 16240 -32
-352 16240 -32
-272 16208 -64
-224 16192 -96
-224 16192 192
-208 16176 80
-256 16192 208
-240 16176 208
-208 16128 224
-224 16192 128
-288 16192 208
-336 16208 144
-336 16128 192
-240 16128 192
-192 16112 -16
-256 16160 -16
-304 16144 48
-352 16144 416
-384 16192 0
-384 16176 480
-352 16176 320
-160 16192 384
-112 16160 384
-224 16240 368
-224 16208 400
-240 16272 304
-368 16192 176
-256 16096 144
-256 16096 304
-272 16192 304
-240 16208 240
-336 16192 544
-208 16240 448
-208 16240 560
-288 16240 -80
-320 16176 -80
-320 16192 128
-256 16176 416
-224 16272 128
-208 16192 272
-192 16208 288
-192 16208 496
-192 16112 496
-128 16112 176
-224 16112 304
-208 16080 96
-272 16224 64
-272 16224 144
-400 16240 144
-400 16208 192
-288 16192 240
-352 16192 32
-320 16272 -32
-224 16256 304
-224 16256 464
-384 16224 464
-288 16176 336
-272 16144 352
-176 16096 384
-224 16096 256
-480 16192 32
-320 16176 -16
-272 16272 80
-384 16240 144
-240 16240 144
-144 16192 192
-128 16176 160
-192 16144 64
-208 16128 240
-224 16080 144
-224 16128 160
-208 16128 160
-288 16224 384
-272 16176 400
-208 16240 336
-368 16208 160
-320 16176 160
-320 16144 240
-176 16144 272
-288 16224 272
-176 16080 288
-176 16176 256
-208 16176 272
-224 16288 464
-224 16160 224
-176 16208 128
-32 16208 160
-160 16128 160
-160 16144 48
-352 16240 128
-464 16256 256
-464 16256 0
-256 16240 0
-272 16176 -128
-272 16256 -64
-416 16256 -32
-368 16160 128
-336 16112 32
-336 16112 160
-336 16096 160
-400 16256 288
-192 16176 160
-224 16128 320
-224 16176 480
-352 16176 208
-288 16224 208
-368 16160 320
-224 16080 544
-64 16160 128
-144 16144 400
-272 16160 128
-272 16160 224
-384 16160 224
-320 16192 112
-288 16192 64
-320 16224 224
-208 16128 256
-304 16128 112
-304 16112 256
-320 16112 256
-224 16304 32
-208 16256 112
-160 16240 64
-192 16176 32
-96 16208 256
-224 16208 272
-128 16160 272
-256 16192 432
-240 16224 480
-192 16208 192
-192 16240 64
-192 16160 240
-256 16240 80
-320 16240 80
-336 16256 288
-416 16272 336
-288 16192 0
-192 16128 288
-192 16128 144
-272 16128 144
-208 16128 48
-288 16176 208
-320 16160 160
-256 16144 128
-288 16272 272
-288 16160 400
-224 16160 400
-176 16224 208
-208 16192 256
-288 16192 368
-304 16192 160
-304 16144 80
-224 16144 80
-144 16128 80
-256 16064 128
-272 16096 176
-288 16128 160
-224 16096 336
-256 16192 160
-256 16192 304
-320 16096 304
-288 16144 64
-432 16256 96
-352 16192 368
-352 16240 208
-368 16256 352
-368 16160 256
-288 16128 208
-288 16128 96
-112 16192 96
-144 16208 304
-288 16240 416
-384 16208 32
-384 16208 256
-576 16256 256
-432 16160 336
-272 16144 432
-336 16080 624
-480 16128 352
-320 16224 64
-336 16192 208
-336 16192 64
-384 16256 64
-448 16256 32
-304 16192 -64
-320 16176 80
-320 16288 320
-544 16288 320
-480 16240 320
-384 16256 128
-240 16160 112
-320 16176 -256
-224 16192 -32
-112 16160 128
-112 16160 48
-288 16160 48
-320 16256 192
-432 16240 128
-352 16240 128
-352 16256 160
-432 16256 192
-464 16288 192
-480 16240 32
-320 16144 256
-272 16176 320
-272 16128 224
-128 16080 288
-128 16176 240
-224 16176 240
-240 16176 -64
-192 16208 -192
-128 16128 64
-112 16192 80
-272 16272 -32
-176 16272 32
-240 16192 144
-240 16208 240
-160 16208 240
-368 16256 224
-368 16224 240
-416 16272 176
-416 16208 112
-416 16160 224
-320 16160 176
-320 16128 176
-368 16176 128
-288 16192 176
-288 16160 -192
-304 16144 144
-304 16192 80
-368 16192 80
-304 16144 176
-192 16192 -192
-272 16176 192
-192 16192 240
-192 16192 208
-240 16192 368
-208 16176 368
-304 16176 304
-240 16176 208
-64 16192 144
-16 16176 -128
-64 16064 -112
-112 16096 -112
-192 16144 48
-352 16192 208
-288 16192 208
-256 16192 256
-256 16208 304
-112 16240 224
-32 16240 336
-128 16192 336
-128 16192 464
-304 16192 480
-272 16208 176
-272 16240 80
-448 16224 48
-336 16176 320
-256 16176 320
-304 16240 -32
-112 16288 -96
-96 16192 -16
-240 16192 112
-192 16224 224
-192 16224 208
-208 16144 208
-112 16208 96
-240 16208 -16
-304 16320 128
-144 16288 288
-144 16288 272
-320 16288 272
-272 16272 0
-240 16192 96
-336 16160 320
-368 16160 240
-384 16128 272
-384 16128 368
-336 16176 368
-304 16176 416
-288 16144 464
-256 16160 320
-272 16128 144
-272 16128 80
-320 16208 128
-304 16224 128
-384 16192 208
-288 16224 64
-272 16176 64
-224 16160 -16
-224 16160 -32
-128 16208 -32
-144 16240 0
-304 16240 336
-224 16224 352
-208 16160 160
-208 16176 64
-288 16224 -48
-240 16224 -48
-224 16224 -176
-448 16240 -48
-400 16144 128
-336 16144 64
-336 16240 0
-256 16208 48
-256 16208 272
-224 16176 272
-192 16112 336
-272 16176 -208
-176 16112 80
-368 16208 112
-352 16256 -48
-352 16256 112
-368 16320 288
-288 16160 288
-368 16224 80
-240 16224 112
-256 16160 192
-272 16112 176
-272 16112 176
-224 16144 224
-352 16208 224
-400 16192 80
-368 16192 128
-320 16176 336
-368 16288 304
-368 16288 240
-336 16160 240
-448 16224 144
-320 16240 80
-224 16192 288
-192 16192 352
-224 16176 304
-224 16144 368
-96 16144 80
-144 16176 80
