startup(x,y,z):(-320,16160,160)
10128 15120 3520
9136 15424 -512
6544 16320 1680
1888 15776 -976
1888 14832 1056
-1600 16064 1680
-1840 16144 1344
-3200 16432 -3728
-2144 16224 864
-832 16256 816
-1328 16096 -256
-1328 15728 1456
-208 15728 1456
-32 15952 400
-2064 16128 -1776
-1408 16800 400
-1408 16976 -976
-1600 16976 1296
-2240 17232 1296
-1088 16656 1856
-704 16400 992
-496 16144 688
-864 15936 -880
-640 16048 320
-640 16000 240
-240 16000 240
-416 16064 1216
-352 15936 800
-304 16048 -256
-256 16128 -816
-416 16256 -112
-416 16256 448
-432 16144 448
-256 16144 624
-336 16208 640
-352 16208 688
-304 16192 -192
-224 16304 128
-224 16304 -112
-80 16224 -112
-208 16256 48
-48 16144 -112
-128 16144 -16
-304 16176 176
-336 16176 112
-336 16176 224
-192 16176 -336
-80 16160 -336
-192 16224 -32
-288 16288 288
-256 16128 96
-208 16128 144
-208 16160 -112
-112 16160 0
-80 16224 0
-160 16192 -32
-272 16256 320
-144 16240 176
-256 16288 64
-256 16160 176
-288 16160 432
-272 16128 432
-224 16208 480
-192 16208 112
-352 16128 48
-352 16128 272
-496 16128 272
-384 16192 304
-240 16208 176
-64 16240 64
-144 16144 304
0 16160 80
0 16192 -32
-112 16192 -32
-208 16208 240
-112 16240 144
-192 16192 288
-240 16240 240
-240 16256 176
-240 16256 272
-368 16176 272
-368 16240 256
-192 16224 256
-192 16176 -16
-352 16288 112
-256 16192 80
-256 16192 -32
-336 16208 -64
-144 16176 -64
-32 16176 0
-176 16256 352
-80 16208 288
-336 16208 320
-304 16176 240
-304 16224 256
-96 16224 256
-64 16192 192
-112 16144 304
-304 16208 288
-320 16304 336
-320 16304 304
-176 16320 240
-32 16176 240
-16 16192 16
-128 16240 256
-64 16144 464
-176 16112 192
-176 16144 128
-304 16144 144
-224 16032 144
-240 16112 128
-192 16144 64
-208 16096 240
-208 16080 272
-384 16080 304
-320 16112 304
-368 16016 144
-272 16080 480
-320 16192 368
-448 16160 384
-448 16192 304
-400 16192 304
-304 16224 336
-464 16240 128
-432 16144 -64
-304 16272 -192
-304 16256 -64
-304 16272 -160
-224 16240 -128
-208 16240 -272
-128 16176 -272
-208 16032 -112
-256 16112 64
-80 16272 -96
-80 16336 256
288 16416 416
0 16416 416
-432 16304 -224
-368 16208 336
-400 16272 16
-464 16224 80
-320 16224 336
-320 16224 192
-320 16032 192
-352 16096 448
-336 16144 240
-448 16208 -32
-352 16208 0
-352 16208 -96
-272 16176 -96
-128 16144 192
-384 16160 432
-304 16128 80
-224 16096 96
-192 16160 224
-192 16160 288
-176 16112 288
-256 16160 272
-240 16112 544
-256 16128 512
-256 16096 240
-256 16096 16
-192 16144 16
-288 16224 112
-272 16176 144
-256 16272 208
-496 16240 240
-496 16160 112
-304 16160 112
-304 16128 448
-192 16064 400
-160 16096 160
-208 16096 -128
80 16064 -128
-208 16096 32
-208 16064 320
-256 16080 528
-384 16080 528
-288 16128 432
-288 16144 352
-240 16192 -96
-304 16112 48
-304 16128 96
-192 16208 160
-336 16208 160
-224 16160 0
-208 16208 224
-224 16288 112
-224 16208 384
-160 16144 128
-160 16144 144
-352 16144 144
-432 16208 96
-240 16144 32
-304 16208 96
-272 16224 16
-272 16208 -96
-256 16208 -96
-336 16256 -304
-192 16208 -192
-320 16192 -144
-240 16144 -80
-96 16192 64
-96 16192 -16
-16 16192 -16
-176 16256 80
-240 16304 -64
-224 16288 16
-192 16208 160
-192 16208 272
-144 16208 272
-192 16160 336
-288 16208 336
-304 16224 416
-144 16240 272
-176 16224 176
-176 16224 32
-192 16208 32
-320 16208 -304
-352 16144 48
-224 16144 -112
-304 16128 -80
-256 16144 -32
-192 16144 48
-192 16112 192
-320 16112 192
-304 16064 160
-208 16096 -96
-336 16176 224
-176 16144 368
-176 16144 32
-128 16144 -16
-144 16112 -16
-208 16080 208
-160 16048 176
-256 16160 240
-272 16128 240
-208 16144 192
-208 16144 240
-208 16240 240
-208 16176 208
-176 16192 16
-240 16240 0
-288 16240 64
-336 16224 64
-336 16256 80
-240 16224 144
-192 16208 -256
-192 16256 -16
-192 16208 -208
-224 16208 -208
-288 16128 128
-224 16112 80
-144 16256 -32
-224 16208 -144
-224 16208 320
-288 16112 320
-336 16144 224
-288 16112 256
-368 16096 320
-288 16144 304
-272 16144 192
-272 16144 -32
-272 16192 -32
-496 16224 208
-240 16224 -96
-176 16192 -80
-224 16272 48
-320 16208 32
-320 16208 208
-368 16224 304
-432 16224 304
-240 16208 256
-160 16160 144
-96 16144 128
-96 16160 208
-240 16160 96
-320 16192 96
-208 16176 240
-160 16304 256
-176 16112 144
-176 16224 144
-272 16224 48
-288 16256 48
-288 16192 176
-240 16240 224
-320 16192 176
-320 16128 128
-176 16128 128
-256 16176 160
-256 16208 160
-272 16224 48
-336 16160 240
-384 16256 336
-304 16192 304
-256 16144 240
-256 16144 80
-208 16192 80
-144 16192 80
-144 16240 192
-160 16208 128
-160 16208 416
-240 16176 416
-352 16176 320
-240 16176 32
-256 16288 -64
-240 16272 -16
-288 16224 80
-288 16224 176
-560 16224 176
-432 16176 176
-320 16176 240
-80 16128 176
-80 16080 336
-176 16128 288
-176 16128 384
-160 16160 384
-256 16176 336
-256 16128 224
-320 16096 176
-192 16112 144
-192 16144 32
-144 16144 -16
-96 16208 -16
-208 16176 256
-288 16160 432
-288 16176 464
-304 16160 144
-304 16160 208
-208 16128 80
-176 16128 144
0 16128 144
-48 16144 240
-208 16128 256
-224 16128 240
-224 16128 192
-400 16160 192
-464 16128 288
-208 16192 32
-80 16160 48
-96 16112 0
-96 16112 128
-256 16176 96
-256 16240 96
-384 16208 208
-176 16128 208
-224 16160 -32
-224 16176 64
-304 16176 64
-256 16208 96
-208 16240 192
-144 16256 208
-432 16192 192
-432 16192 64
-160 16192 -112
-192 16192 -112
-240 16176 -192
-368 16224 0
-464 16192 144
-464 16272 80
-272 16272 80
-272 16224 48
-288 16304 48
-96 16256 512
-16 16208 304
-192 16224 96
-192 16240 32
-256 16240 32
-272 16224 16
-320 16224 112
-240 16176 176
-224 16176 112
-224 16160 80
-224 16160 -80
-256 16176 -80
-224 16192 80
-368 16240 64
-288 16208 -128
-240 16144 -16
-240 16192 -64
-128 16192 32
-320 16176 32
-288 16144 -160
-320 16208 -128
-272 16160 64
-304 16256 48
-304 16256 176
-240 16304 176
-240 16336 128
-272 16240 144
-304 16144 192
-528 16112 448
-528 16128 224
-336 16128 224
-128 16064 -64
-304 16080 224
-208 16016 208
-224 15984 32
-224 16192 -64
-192 16192 -64
-240 16128 368
-256 16176 256
-288 16224 304
-304 16176 80
-224 16112 112
-224 16112 336
-160 16096 336
-240 16128 240
-192 16128 192
-304 16112 208
-224 16176 0
-240 16176 48
-240 16176 80
-240 16112 160
-224 16112 160
-160 16176 176
-80 16176 288
-352 16208 176
-304 16208 240
-304 16208 32
-336 16208 -80
-304 16176 -80
-112 16144 32
-320 16144 -16
-128 16064 176
-208 16112 16
-208 16176 384
-256 16176 384
-352 16192 272
-320 16176 288
-320 16208 480
-320 16160 288
-128 16160 192
-208 16128 192
-192 16144 320
-208 16240 176
-256 16304 208
-384 16256 128
-384 16224 336
-304 16224 400
-224 16208 400
-208 16224 416
-192 16256 256
-224 16224 320
-224 16224 272
-224 16352 272
-256 16288 288
-240 16256 304
0 16224 192
-128 16176 208
-256 16304 176
-256 16288 448
-256 16224 160
-112 16224 160
-208 16160 160
-192 16176 432
-160 16192 160
-64 16192 160
-192 16224 240
-224 16128 192
-304 16128 176
-304 16304 32
-368 16304 32
-496 16336 96
-416 16336 -32
-144 16256 256
-128 16240 320
-128 16224 432
-160 16224 432
-352 16304 432
-288 16240 240
-368 16224 320
-288 16224 384
-272 16208 608
-288 16176 624
-288 16224 560
-352 16224 560
-288 16192 288
-384 16192 48
-432 16176 48
-400 16240 416
-512 16240 416
-384 16192 400
-272 16192 384
-304 16112 80
-368 16176 -64
-192 16160 -16
-192 16160 32
-64 16096 32
-288 16192 16
-464 16176 80
-320 16240 176
-304 16256 16
-304 16256 80
-208 16112 80
-96 16128 336
-272 16176 240
-336 16208 256
-368 16192 128
-368 16240 176
-320 16240 176
-352 16320 112
-336 16288 48
-272 16224 208
-144 16096 240
-304 16208 272
-304 16128 192
-16 16128 256
-144 16128 96
-96 16144 96
-112 16160 144
-272 16112 256
