startup(x,y,z):(-16,16048,464)
-896 15264 -1936
608 16432 2480
-464 16000 3664
-304 15344 3664
-384 16432 608
-832 16816 80
-736 16784 -496
-736 16960 -1488
-352 16960 -1488
-656 16336 -752
-112 16160 1072
128 16048 256
336 16080 608
336 16080 864
-64 16144 864
-272 16080 320
-80 16064 512
64 16160 256
-64 16096 112
-64 16080 768
-16 16080 768
-128 16064 848
-192 16144 736
-224 16176 512
-224 16208 496
-144 16208 496
-176 16048 480
-144 16080 320
-144 16080 192
-224 16256 304
-224 16208 192
-192 16112 304
-112 16112 304
-112 16032 576
0 16032 384
64 15984 336
64 15984 416
-160 15984 416
16 15984 432
-112 16080 592
-192 16048 656
-144 16064 512
-144 15952 496
-112 15952 448
-288 16032 448
-320 16000 512
-176 16000 624
-192 15968 560
-192 15968 560
-160 16048 272
-208 16048 352
-80 16096 416
0 16096 576
0 16096 352
96 16144 352
-112 16128 544
0 16080 96
-80 16112 320
-80 16064 128
-96 16064 128
-16 16096 384
-160 16096 464
-80 16112 288
-128 16096 208
-128 16080 -16
-176 16080 224
-192 16032 224
-128 16048 400
-64 15968 240
-144 15984 448
-144 16112 544
-176 16112 544
-32 16016 720
-192 16064 640
-160 16064 240
-272 16128 192
-272 16112 160
-192 16112 160
-96 16016 416
-144 16032 448
-16 16016 608
-80 15968 512
-112 16064 592
-112 16064 512
-144 16032 512
-160 16064 496
-256 16096 304
-80 16032 176
-80 16144 240
-208 16144 176
-128 16096 176
-48 16048 560
-64 16064 560
-144 16112 560
-80 16064 720
-272 16032 448
-272 16080 272
-112 16080 272
-128 16112 160
-192 16096 272
-64 16048 144
16 16048 272
16 16096 256
-96 16080 304
-160 16048 336
-48 16048 336
-64 16032 576
-144 16032 400
64 15984 352
96 15920 320
96 15920 496
128 15920 544
48 15920 544
16 15984 720
-48 16016 224
-96 15984 528
-96 15968 640
-48 15968 320
-128 16048 320
-144 16016 288
16 16032 288
96 15984 400
96 15984 320
-16 16000 320
-208 16016 528
-32 16000 576
80 15968 480
80 15952 832
80 16048 656
32 16048 656
-80 16016 816
-48 16032 560
32 15936 624
32 16032 160
-48 16032 304
16 16048 304
-96 16064 448
-80 16112 464
-16 16064 240
-48 16064 496
-48 16064 384
-32 15984 384
-64 15984 384
0 16016 384
-96 16032 496
-96 16032 160
-32 16064 160
176 15984 320
-64 15984 416
-64 15984 464
-16 16000 672
-16 16000 656
64 15984 656
-160 16016 528
-80 16016 400
-16 16048 528
-16 16016 624
-112 16016 720
-80 15984 720
0 15936 528
48 15968 640
0 15952 720
0 15952 336
16 15952 336
0 15952 336
0 16000 416
-128 16064 624
-128 16048 528
-128 16048 576
-144 16064 576
-176 15984 464
-272 16064 416
-240 16080 448
-160 16128 640
-144 15968 640
-128 15984 496
0 15952 352
-176 15952 752
-176 15968 672
-192 15968 416
-240 16016 464
-176 16064 480
-272 16064 528
-128 16096 544
-128 16032 640
-80 16032 640
96 15968 448
208 16032 320
32 16016 320
-80 16048 448
-128 16000 544
-128 15968 560
-80 15968 528
-336 16016 528
-144 16048 592
-208 16048 624
-128 16096 576
-128 16000 496
-112 16000 496
-240 16000 368
-48 15968 432
-96 16000 720
-112 16048 624
-176 16096 672
-176 16032 464
-144 15968 704
-224 15968 704
-112 16016 352
-256 16080 400
-64 16016 592
32 16000 672
32 16048 688
-80 16000 688
-80 16000 848
48 15968 848
-128 15920 512
-112 16016 496
-144 16032 512
-144 16032 432
-176 16080 432
-128 16032 464
-96 16064 432
-64 16016 400
-144 16016 224
-48 16032 208
-192 16016 304
-192 16000 464
-128 16000 464
-160 16000 512
-96 16048 448
-272 16096 464
-112 16064 368
-112 16064 384
-128 16064 384
-208 16096 384
-48 15984 32
-112 16064 256
-64 16000 544
-96 16048 496
-96 16048 560
-224 16112 560
-160 16128 576
-256 16064 720
-192 16080 608
-192 16112 576
-192 16112 256
-288 16208 256
-256 16096 320
-256 16192 400
-112 16048 656
-256 16128 592
-48 16064 496
-96 16080 528
-96 16000 672
64 16016 256
-112 16016 640
-272 16144 640
-144 16112 560
48 16032 32
64 16032 192
32 15984 720
0 16096 496
0 16096 512
-16 16032 512
-272 16064 432
-80 15984 320
-128 16016 496
-128 16016 704
-176 16016 752
-240 16048 752
-208 16016 928
-240 16080 816
-272 16096 880
-224 16224 624
-256 16112 384
-256 16112 208
-208 16112 208
-64 16048 304
-144 16096 512
-112 16176 512
-112 16048 528
-208 16048 528
-64 15952 720
-128 16016 656
-112 16000 560
-80 16032 368
-128 16032 592
-144 15968 560
-144 15968 592
-192 16016 592
-112 16000 560
-48 16016 240
-32 15936 656
16 15936 592
-144 16048 592
-16 16032 592
-192 15984 672
-432 16048 640
-432 16048 352
-224 16048 352
-160 15984 160
-176 16064 352
-16 15984 336
-48 16016 432
-48 16016 592
-176 16016 592
96 16000 336
-96 16016 496
-128 16080 368
-96 16112 432
-96 16112 624
-224 16128 624
-432 16032 512
-304 16080 448
-368 16032 496
-368 15968 464
-80 15968 352
-144 16000 352
-208 15936 576
16 15952 432
-128 15952 368
-128 15968 208
-112 15968 208
-144 16064 0
-64 16032 64
-128 16016 464
-128 16080 272
-128 16080 432
-80 16096 432
-64 16064 496
-16 16080 368
-96 16064 352
-96 16064 336
-80 16064 528
-224 16080 528
-224 16048 576
-208 16080 400
-208 15952 544
-96 15952 448
-176 15920 448
-176 15936 432
-48 16000 416
-144 16032 560
-144 16016 352
32 16016 592
-128 16016 592
-144 16112 368
48 16064 48
-48 16160 320
-96 16096 480
-96 16096 560
-16 16048 688
-144 16000 688
16 16016 640
-48 16048 592
-192 16048 672
-192 16064 480
-208 16064 448
-80 16096 448
-192 16016 656
-64 16016 464
-64 16000 592
-64 16000 384
-32 16032 384
32 15968 624
-16 16064 512
0 16048 448
64 16112 560
-64 16032 528
-64 16032 688
-224 16032 480
-80 16000 480
-80 15952 544
0 15920 480
0 15952 384
128 16000 176
-192 16000 176
-192 16032 -64
-288 16032 160
-352 15968 432
-256 16032 320
-208 15952 464
-208 16096 496
-224 16096 496
-240 16064 688
-80 15920 480
48 16016 480
-64 16096 560
-64 16096 688
-64 16048 688
-80 16000 464
-128 15968 576
-112 16000 544
0 16016 336
-48 16000 352
-48 16000 528
96 15968 496
-48 15968 496
-64 15968 752
48 15952 240
-16 15984 224
-304 15984 320
-304 15984 576
-208 15984 432
-272 16032 384
-464 16064 384
-272 16064 256
-80 16048 288
-112 16096 272
-112 16096 -64
-32 16000 -64
-48 16048 304
-192 16112 448
-208 16080 320
-368 16096 400
-320 16064 672
-320 16064 256
-128 16064 256
-192 16000 176
-256 16032 304
-256 16144 496
-256 16144 256
-128 16048 256
-144 16048 672
-176 16096 512
-96 15920 624
-48 15984 496
-64 16000 464
-64 16032 464
-112 16032 512
-192 16048 512
-128 16016 432
-96 15936 672
-192 16000 624
-192 16000 496
-80 16000 496
48 16016 160
-160 16000 400
-160 16064 544
-160 15968 416
-176 15984 640
-176 16112 464
-112 16112 464
-144 16048 432
-176 16032 512
-64 15952 608
-192 16032 592
-192 15968 592
-208 15968 304
-304 16096 304
-384 16032 384
-224 16064 304
-256 16128 416
-272 16064 448
-256 16032 608
-256 16032 704
-352 16032 704
-144 15936 624
-304 16032 512
-144 15968 448
-144 16064 320
-112 16064 320
-64 16032 608
48 16048 528
32 16032 528
-112 16048 464
-16 16000 320
-96 16064 464
-96 16064 512
-272 16128 512
-384 16096 432
-80 15984 256
-96 16032 560
-96 16080 896
-128 16080 800
-208 16080 560
-96 15968 560
-80 16016 352
-112 16000 528
-16 15984 272
-16 15984 464
112 15920 464
80 15888 384
48 15968 704
80 15984 672
80 16096 560
16 16096 496
-96 16080 560
-16 16080 560
-112 15968 736
-96 15968 704
-112 15920 480
-192 15952 288
-192 16016 384
-192 15936 544
-160 15936 480
-160 15984 480
-128 15968 336
-96 15920 512
-192 16032 528
-288 16080 544
-256 16016 592
-256 16016 608
-240 16016 608
-224 16000 432
-224 15936 624
-144 15920 400
-208 16000 480
-208 16000 304
48 15936 304
0 15952 304
-48 16016 304
