startup(x,y,z):(-48,15952,464)
16 16096 544
-80 16128 -272
720 13904 -992
-5792 15152 8416
-3312 12992 4240
-3312 12992 2224
1920 14688 -1408
2480 19200 -1408
416 16544 -320
640 16208 -128
496 17232 -3328
-528 16464 -2912
368 16176 -128
368 15664 1616
-16 15744 1616
256 15568 1200
288 15808 1200
-128 15936 -128
-112 16080 -1056
-112 16016 336
128 16016 336
-112 15968 1248
-96 15952 800
16 16144 480
-64 16064 48
-16 16064 208
-16 16032 288
-64 16032 400
-64 16080 400
-32 16096 304
16 16096 -64
96 16144 192
0 16128 480
0 16112 720
16 16016 752
16 16032 704
-48 16032 704
-128 16032 256
-112 16032 -96
-96 16112 192
-96 16128 224
-224 16128 448
-176 16064 448
-96 16000 448
-176 16048 592
-64 16048 448
-304 16128 416
-352 16064 496
-224 16064 432
-224 16080 400
-64 16080 688
80 16064 688
-48 16112 784
-96 16064 592
-16 16048 816
-16 16160 432
-144 16160 496
-112 16144 240
-192 16192 368
-208 16112 368
-144 16176 512
-64 16048 576
-192 16048 384
-192 16048 528
-160 16112 528
-112 16048 592
-64 16096 512
-96 15984 640
16 16032 528
64 16032 384
96 16032 320
128 16032 416
128 16032 592
-144 16064 592
16 16080 592
48 16080 544
-48 16064 352
-32 16016 432
32 16064 384
32 16064 272
64 16096 240
-16 16112 80
-64 16112 80
-16 16064 128
128 16064 240
160 16064 16
160 16032 128
48 16032 432
0 16048 432
-32 16032 480
-16 16064 528
64 16032 576
-128 16064 736
-128 16000 496
-64 15984 816
-112 16080 320
-112 16080 240
-16 16128 240
-64 16080 368
-32 16032 240
-128 16032 672
-224 16080 608
-224 16096 672
-224 16096 560
-208 16144 560
-208 16144 576
-256 16144 320
-128 16080 416
-112 16032 560
-208 16080 608
-208 16064 528
-208 16112 384
-192 16112 384
-192 16112 224
-160 16096 544
-384 16064 448
-80 16000 448
-48 16032 400
-32 16080 304
-32 16064 320
16 16064 496
-96 16080 496
-80 16112 688
-16 16048 656
-80 16096 656
16 16080 672
96 16064 544
64 16016 496
64 16016 160
-32 16016 432
-16 16016 432
144 16096 208
0 16096 656
-96 16064 432
-96 16160 560
-240 16160 192
-128 16080 192
-80 16048 240
-32 16016 512
-112 16032 464
-144 16064 368
-304 16112 336
-176 16016 704
-176 15952 736
-128 15952 480
-160 16000 480
-64 16096 528
-16 16048 592
0 16080 576
-96 16160 576
-176 16160 464
-288 16128 400
-288 16016 480
-144 16016 368
-192 16048 368
-128 16016 592
-208 16064 640
-80 16064 544
-64 16032 736
-64 16032 400
-176 15968 400
-192 15952 192
-128 16016 192
-160 16080 448
-288 16112 336
-112 16080 352
-112 16016 560
-144 15968 560
-176 15968 560
-320 16064 400
-208 16048 528
-128 16048 400
-48 16000 416
-48 16048 416
-176 16048 640
-176 16064 640
-96 16016 672
-96 16032 528
-96 16016 704
-80 16016 656
-80 15968 656
-48 15952 464
-176 15984 800
-144 16160 768
-144 16032 592
96 16032 480
64 16096 480
-80 16176 528
-224 16144 816
-176 16112 736
-176 16096 352
-160 16096 496
-160 16032 496
-224 16080 512
32 16064 416
32 16016 480
32 16080 400
-160 16080 224
-16 16112 224
-128 16112 96
-224 16096 128
-176 16112 288
-176 16112 416
-128 16000 416
-112 15952 288
-112 16000 320
-16 15952 416
-80 16048 400
-80 16048 352
-240 16032 352
-192 16000 448
-32 15904 432
-64 15968 448
64 16000 416
-32 16000 384
-128 16160 384
-144 16096 496
32 16064 32
-96 16096 176
-96 16080 368
-144 16080 256
-96 16112 256
-144 16048 528
-128 16080 800
0 16032 544
0 16032 496
-32 16032 496
-80 16176 656
96 16080 240
-48 16096 544
-96 16096 640
-96 16096 240
-144 16000 240
-208 15984 240
-64 16000 160
-144 16032 624
-16 16016 672
-16 16016 512
160 15936 512
0 15968 336
-64 16048 352
-256 16080 528
-160 16048 512
-160 16048 592
-272 16128 592
-64 16112 480
-96 16112 416
-32 16080 480
-32 15952 640
-32 15952 640
-176 16048 432
-352 16128 448
-128 15984 448
-128 16016 368
0 16016 512
-160 16048 512
-208 16000 560
-48 16096 272
-176 16112 464
-176 16144 544
-160 16144 288
-320 16176 448
-224 16208 288
-48 16128 336
-80 16112 512
-80 16112 432
-160 16112 432
-176 16096 576
0 16000 480
-240 16000 464
-96 16016 496
-96 15984 368
32 15984 368
-256 16000 576
-192 16080 448
-48 16112 400
-48 16080 368
-160 16080 368
-96 16112 352
-16 16112 320
32 16064 512
-48 16032 432
-48 16032 544
-176 16032 544
-304 16112 576
-192 16000 608
-96 16000 464
48 16016 464
48 16016 464
32 16048 576
112 16080 448
32 16016 592
96 15872 384
-48 15968 288
-48 16032 496
-144 16032 448
-96 16048 448
-144 16016 416
0 16032 496
-128 16000 688
-128 16000 464
-272 16064 464
-112 16128 768
-128 16080 768
-112 16016 784
-96 16096 464
-96 16096 592
-48 16064 592
-144 16080 240
-48 15952 544
-32 16048 368
-32 16080 464
-144 16080 464
-128 16000 656
-176 16032 512
-304 16080 544
-400 16064 560
-400 16112 576
-336 16112 576
-144 16016 624
-176 16032 720
-96 16160 448
-16 16080 416
-16 16080 352
-144 16096 352
-96 16224 592
-208 16176 640
-64 16176 592
-64 16144 480
-208 16144 480
-128 16080 512
16 16064 512
-32 16112 496
-176 16080 576
-176 16080 496
-144 16112 496
-160 16112 496
-112 16064 368
-112 16032 256
-32 16016 432
-32 16016 368
-80 16096 368
-80 16048 432
-80 16032 496
-112 16112 512
-112 16144 384
-288 16144 384
-208 16112 432
-112 16128 368
-96 16128 368
-96 16144 432
-96 16096 48
0 16096 256
-208 16048 256
-208 16032 480
-272 16000 800
-272 16032 448
-272 16000 464
-144 16000 464
-320 16016 528
-320 16112 400
-112 16112 288
-112 16176 480
-144 16176 496
16 16016 496
-80 16080 144
16 16032 80
-64 16064 -32
-64 16032 80
64 16032 368
-32 16016 368
-208 16032 336
-256 16112 576
-256 16112 736
-288 16112 544
-128 16192 544
-208 16192 368
-272 16096 528
112 16032 464
-112 16016 416
-112 16000 240
-80 16000 240
-144 16016 320
-160 15984 560
-224 16032 512
-112 16080 480
-112 16080 400
-160 16112 432
-112 16080 432
16 16080 560
-192 16048 560
-80 16080 592
-80 16112 400
-16 16112 608
-224 16096 608
-240 16160 640
80 16112 496
176 16128 608
176 16128 640
0 16160 640
-176 16160 736
-240 16128 560
-192 16096 608
-32 16032 544
0 16048 528
-48 16064 448
-48 16064 112
-32 16064 336
-64 16016 336
-160 16016 576
-48 16048 368
-80 16048 448
64 16064 624
64 16016 528
-16 16016 528
-32 15968 576
-32 16032 496
-48 16080 224
-32 16048 384
0 16048 240
-176 16128 48
-176 16128 272
-176 16096 272
-112 16096 224
-32 16096 160
-112 16128 224
-192 16128 448
-192 16080 448
0 16064 480
0 16048 416
-16 16048 560
0 16000 272
64 16000 272
160 15952 224
-192 16064 288
-192 16096 432
-192 16032 432
-224 16032 352
-256 16096 352
-160 16128 288
-128 16160 384
-96 16128 368
-160 16080 576
-128 16016 720
-128 16128 640
-208 16128 640
-224 16096 608
-240 16000 384
-160 15984 432
-160 16048 496
-160 16016 480
-240 16048 560
-128 16032 608
-128 16032 560
-128 16080 704
-192 16016 704
-16 15984 608
-48 16000 800
0 15984 688
0 15984 400
32 16016 400
16 16032 432
16 16032 400
0 16048 528
16 16080 688
-16 16048 560
-16 16048 368
0 16032 368
32 16000 480
64 15872 576
-96 16016 528
-96 16080 496
-96 16080 480
-48 16096 352
-112 16000 368
-112 16080 368
-64 16032 688
-144 16080 560
-96 16080 432
-208 16064 576
-208 16000 768
-192 16000 560
-192 16080 560
-32 16032 272
16 16032 224
112 15936 352
-16 15904 320
-80 16016 240
-80 16048 320
-128 16048 320
-80 16064 288
-192 16096 688
-192 16112 832
-96 16064 672
-96 16048 704
-176 16048 704
-176 16112 624
-64 16048 592
-128 16160 560
-64 16112 480
-96 16064 736
-96 16080 512
-208 16080 512
-32 16032 528
-112 16032 480
0 16000 288
-96 16048 192
-96 16176 208
-128 16176 288
-128 16064 352
-128 16064 544
0 16000 544
