startup(x,y,z):(-304,16224,224)
8768 13472 -12320
-992 13488 3616
-9328 13728 -400
-1584 15760 -16
-1936 15904 -5728
-1936 17968 3728
-320 17968 3728
16 17152 5104
-800 18032 -3216
848 18496 1536
848 17104 2768
2048 17104 -256
352 16464 -256
-144 16480 128
-480 16528 2800
64 16144 176
768 15392 -272
-64 16080 -192
-64 16080 1392
-672 16368 1392
-192 16112 96
80 16064 1200
64 16272 -704
-208 16320 240
48 16192 -752
-416 16304 608
-416 16272 -144
-464 16064 592
-464 16064 -64
16 16064 -64
-128 15984 336
-336 16128 656
-240 16128 128
-128 16176 0
-128 16176 -304
-96 16320 -304
-224 16368 -240
-48 16224 -480
-96 16176 336
-192 16176 320
-272 16176 336
-160 16208 -64
-160 16208 -16
-112 16208 -16
-384 16208 128
-496 16192 96
-528 16224 -16
-528 16176 432
-528 16288 208
-480 16272 128
-400 16272 32
-112 16160 32
-128 16144 -512
-208 16160 -80
-288 16256 192
-288 16208 208
-384 16208 288
-432 16176 288
-368 16224 624
-352 16352 64
-192 16288 -112
-304 16240 -128
-288 16208 -80
-288 16192 336
-304 16192 336
-288 16192 448
-336 16272 416
-336 16224 144
-336 16160 -144
-144 16128 0
-48 16128 0
-160 16144 32
-224 16112 240
-192 16048 640
-240 16096 832
-240 16176 368
-240 16176 80
-208 16176 80
-272 16144 176
-112 16176 -112
-208 16288 -48
-208 16320 48
-240 16240 96
-240 16240 416
-128 16160 272
-144 16160 80
-208 16160 80
-192 16176 240
0 16144 48
-224 16208 -320
-224 16224 -128
-208 16224 -128
-224 16192 160
-272 16240 176
-96 16176 96
-224 16192 160
-144 16192 160
-192 16256 -48
-192 16192 192
-128 16192 192
-160 16224 0
-224 16176 32
-272 16160 64
-272 16096 112
-192 16096 96
-208 16128 96
-272 16208 -64
-144 16208 -256
-336 16224 -80
-384 16160 -80
-256 16112 -160
-256 16080 96
-288 16080 48
-176 16160 48
-128 16160 80
-288 16192 64
-304 16224 240
-304 16144 464
-80 16144 288
-128 16192 288
-160 16176 240
-320 16208 336
-336 16208 384
-208 16144 336
-32 16208 352
-32 16208 304
0 16160 304
-112 16272 256
-208 16304 256
-256 16320 32
-256 16288 224
-256 16224 448
-256 16208 208
-256 16208 320
-256 16208 336
-368 16208 336
-368 16176 384
-464 16144 256
-352 16224 -16
-288 16224 -96
-96 16224 -96
-96 16112 288
-256 16096 496
-224 16208 208
-400 16288 272
-512 16336 -128
-512 16336 144
192 16208 144
336 15920 288
336 16160 288
192 16032 352
-208 16224 -16
-208 16064 96
-304 16064 96
-112 16016 144
-224 16112 96
-448 16176 -160
-288 16080 128
-240 16192 144
-240 16224 112
-336 16224 112
-224 16192 144
-160 16208 -112
-128 16208 112
-304 16160 16
-304 16160 208
-368 16160 320
-240 16144 176
-272 16208 176
-304 16160 -48
-448 16192 -80
-352 16208 -112
-352 16176 128
-432 16176 128
-320 16160 144
-256 16080 128
-208 16080 208
-256 16096 -96
-320 16160 128
-256 16272 -32
-256 16208 80
-144 16208 80
-320 16160 112
-416 16160 64
-432 16224 80
-384 16224 16
-384 16224 -208
-288 16256 -208
-288 16272 -48
-256 16208 -80
-160 16176 -144
-288 16288 -48
-272 16224 -48
-272 16224 256
-224 16192 256
-192 16208 112
-304 16208 192
-272 16208 0
-224 16208 32
-224 16144 48
-288 16144 48
-272 16192 176
-272 16240 96
-192 16240 -80
-272 16176 192
-304 16192 176
-304 16192 64
-240 16240 64
-240 16224 368
-240 16176 224
-208 16112 128
-192 16160 192
-192 16160 32
-192 16032 32
-176 16128 -16
-208 16208 48
-144 16144 208
-336 16224 48
-336 16208 32
-256 16272 240
-416 16272 240
-288 16160 192
-224 16048 240
-208 16112 128
-256 16160 160
-256 16208 224
-400 16208 224
-400 16112 400
-256 16112 400
-400 16112 256
-336 16032 240
-400 16144 224
-400 16176 288
-432 16176 272
-352 16176 272
-352 16176 320
-288 16192 352
-352 16192 272
-224 16144 208
-304 16192 288
-208 16128 464
-352 16160 384
-240 16224 240
-240 16128 96
-224 16128 -32
-208 16112 -32
-256 16080 144
-256 16112 112
-240 16128 192
-240 16160 304
-240 16160 432
-288 16192 432
-352 16144 320
-256 16160 320
-160 16080 688
-160 16128 256
-400 16224 304
-368 16144 240
-304 16224 -80
-208 16240 -176
-304 16272 -96
-304 16160 160
-80 16160 160
-96 16128 80
-240 16176 160
-288 16192 320
-288 16176 336
-272 16176 368
-352 16128 368
-144 16176 368
-240 16176 160
-144 16160 -32
-224 16144 80
-224 16144 112
-256 16144 16
-240 16176 16
-192 16192 64
-240 16176 80
-240 16192 0
-256 16192 352
-320 16176 352
-304 16224 368
-288 16288 112
-192 16208 320
-272 16256 176
-272 16256 -112
-176 16256 -112
-400 16272 144
-288 16192 144
-208 16192 224
-208 16192 400
-208 16192 400
-192 16208 320
-192 16208 304
-176 16240 32
-272 16304 144
-272 16256 80
-304 16256 -32
-176 16224 -32
-224 16128 288
-144 16112 128
-160 16160 80
-160 16176 240
-336 16176 240
-64 16192 48
-64 16144 256
-224 16144 144
-272 16064 96
-272 16064 176
-80 16176 320
-144 16144 320
-320 16176 128
-480 16240 256
-448 16144 128
-448 16144 80
-336 16192 80
-320 16160 256
-224 16144 112
-240 16176 208
-160 16192 208
-160 16192 176
-256 16288 176
-400 16256 240
-448 16176 512
-320 16192 480
-240 16192 288
-240 16192 224
-224 16176 224
-208 16256 0
-192 16240 32
-288 16160 224
-352 16144 144
-352 16144 336
-320 16144 336
-256 16160 544
-304 16144 496
-128 16176 32
-256 16144 144
-256 16144 352
-352 16240 352
-416 16256 -112
-320 16272 -80
-208 16192 144
-160 16192 160
-160 16192 -80
-112 16272 -80
-144 16224 0
-192 16304 -80
-224 16240 128
-208 16240 160
-208 16240 -240
-224 16208 -240
-96 16192 -96
-160 16224 16
-224 16272 80
-224 16304 192
-224 16304 96
-240 16288 96
-352 16176 288
-272 16192 224
-208 16128 272
-256 16112 160
-256 16112 448
-304 16192 448
-240 16256 272
-160 16224 416
-208 16240 160
-240 16224 48
-240 16144 208
-160 16144 208
-32 16192 240
-192 16144 224
-464 16112 128
-368 16096 160
-368 16144 176
-320 16144 176
-320 16304 160
-112 16176 160
-272 16144 240
-272 16032 432
-224 16032 432
-272 16128 128
-240 16144 144
-80 16208 416
-64 16144 496
-64 16112 272
-176 16112 272
-96 16160 224
-176 16144 192
-160 16208 -32
-320 16176 176
-320 16208 352
-336 16208 352
-320 16192 432
-256 16160 240
-256 16176 208
-304 16128 416
-304 16128 512
-336 16192 512
-304 16192 304
-240 16112 384
-160 16160 208
-192 16176 256
-192 16176 256
-160 16160 -96
-176 16208 112
-368 16192 256
-256 16176 192
-112 16176 144
-112 16176 32
-208 16160 32
-224 16160 320
-352 16144 416
-352 16208 192
-352 16208 -16
-416 16208 224
-352 16112 224
-192 16192 -96
-176 16160 0
-240 16144 128
-240 16208 64
-240 16208 64
-208 16208 -32
-288 16160 96
-432 16176 160
-352 16192 208
-352 16192 144
-256 16192 144
-288 16224 256
-240 16176 -48
-176 16208 -96
-288 16176 -80
-288 16256 -144
-288 16256 -144
-240 16256 -240
-224 16224 -16
-336 16192 144
-288 16192 160
-288 16208 464
-384 16208 64
-240 16208 64
-192 16144 -96
-448 16160 16
-512 16208 128
-512 16192 144
-480 16192 464
-384 16176 464
-352 16208 672
-256 16192 560
-320 16224 416
-320 16144 288
-336 16144 224
-304 16144 224
-336 16192 208
-432 16176 384
-272 16256 224
-272 16240 112
-208 16240 400
-336 16144 400
-304 16176 256
-288 16080 384
-368 16112 144
-304 16128 112
-304 16080 -16
-192 16080 80
-16 16128 80
-256 16176 48
-352 16176 80
-336 16192 0
-320 16160 96
-320 16160 240
-464 16096 240
-352 16080 160
-288 16128 144
-336 16160 224
-272 16208 192
-272 16208 112
-384 16192 112
-288 16128 320
-256 16160 336
-320 16144 224
-128 16160 208
-128 16160 64
-128 16256 64
-224 16192 48
-144 16144 80
-192 16224 400
-192 16192 176
-112 16192 64
-80 16160 64
-48 16176 -16
-48 16128 16
-160 16240 96
-304 16256 16
-304 16256 144
-320 16288 144
-384 16176 208
-352 16176 -240
-416 16144 -192
-464 16176 80
-432 16176 80
-272 16128 128
-112 16176 208
-112 16176 -80
-224 16224 96
-224 16272 -80
-272 16272 -80
-320 16224 -16
-336 16208 144
-288 16224 256
-368 16176 240
-368 16176 288
