startup(x,y,z):(416,16240,176)
-784 16224 80
-1232 16416 -1760
64 16432 -2992
224 16304 -2800
208 16272 -3584
704 16224 -2912
448 16368 -2368
448 16368 -1728
224 16368 -1728
80 16336 -1040
496 16384 -400
912 16304 -432
816 16240 -384
816 16224 192
736 16224 976
528 16288 1120
592 16224 1408
624 16224 1168
464 16208 1168
752 16176 1008
624 16144 880
672 16144 240
432 16224 64
464 16192 80
464 16192 240
512 16176 240
400 16240 80
176 16176 32
176 16112 320
192 16080 288
192 16128 400
448 16160 480
448 16192 448
528 16192 496
608 16224 496
640 16096 672
448 16192 608
464 16224 528
448 16208 320
352 16176 -32
288 16160 -384
368 16144 -256
368 16176 -336
368 16176 -400
320 16192 -688
256 16272 -384
256 16240 -384
272 16240 -112
288 16352 -224
432 16240 144
464 16208 240
448 16272 672
544 16224 560
544 16176 688
752 16144 768
544 16192 768
384 16256 592
368 16192 496
352 16208 128
384 16208 352
448 16256 192
368 16272 128
464 16256 -208
464 16272 -304
544 16272 -320
304 16240 -320
320 16272 -512
400 16208 -416
432 16160 -16
400 16144 112
368 16192 112
384 16128 64
384 16224 144
256 16224 144
304 16304 256
384 16288 368
544 16304 480
320 16176 592
384 16192 544
384 16192 336
464 16160 336
320 16160 176
336 16208 272
368 16192 272
432 16208 0
400 16224 -48
368 16240 -112
592 16160 -32
528 16224 -352
496 16208 -224
496 16160 -176
336 16160 -48
416 16128 -48
496 16112 32
256 16208 192
304 16256 -96
304 16240 64
272 16224 0
352 16224 0
432 16272 -16
224 16560 848
176 16816 528
528 16496 288
528 16416 176
576 16416 -352
560 16208 -464
992 16144 -464
816 16208 -608
592 16256 -496
352 16240 -528
160 16240 48
160 16288 176
112 16288 176
272 16240 16
368 16288 192
528 16224 48
544 16144 112
544 16240 336
496 16224 464
496 16112 496
464 16112 496
608 16208 352
528 16160 608
544 16192 480
432 16208 336
528 16208 208
528 16224 -128
528 16224 -112
400 16272 -112
384 16240 -16
288 16192 -64
304 16240 -256
464 16160 -352
464 16144 -128
576 16144 -48
416 16208 -48
432 16192 -96
400 16272 0
544 16224 64
576 16080 224
544 16048 48
544 16160 -16
592 16160 -16
560 16192 -128
416 16176 128
432 16208 336
480 16112 352
480 16112 336
336 16208 208
416 16192 208
416 16144 144
416 16176 288
368 16208 240
432 16176 80
432 16208 112
464 16208 112
480 16208 0
368 16208 -160
368 16240 128
448 16176 16
400 16256 32
400 16224 96
528 16224 96
512 16256 -48
496 16240 -16
368 16176 192
480 16208 -16
480 16176 128
480 16176 -32
576 16160 -32
624 16192 16
512 16240 32
432 16192 128
432 16160 272
432 16096 192
432 16224 320
336 16224 320
448 16176 160
464 16144 80
480 16160 272
464 16144 16
464 16144 -256
336 16128 64
400 16128 -32
432 16128 -32
528 16128 -176
448 16224 96
528 16240 128
448 16208 464
384 16224 400
384 16224 240
384 16224 32
400 16224 32
480 16224 384
352 16160 192
336 16176 288
528 16160 -32
464 16240 64
464 16192 0
416 16192 0
496 16128 -176
512 16256 128
480 16192 -64
416 16160 80
416 16128 16
432 16128 16
464 16176 64
400 16240 224
560 16208 -240
544 16176 -64
496 16224 32
640 16224 48
560 16208 -16
464 16224 160
384 16192 256
416 16176 16
352 16288 224
384 16224 64
464 16208 80
400 16208 96
448 16240 0
496 16208 96
432 16240 -48
368 16176 96
320 16176 48
464 16176 48
432 16224 112
432 16176 -80
448 16176 -160
608 16160 -64
432 16176 240
480 16224 224
288 16224 0
336 16176 0
464 16192 160
432 16192 -144
368 16224 80
528 16160 16
512 16192 -80
448 16208 0
496 16176 160
464 16256 272
432 16304 0
432 16304 240
368 16320 64
448 16304 64
400 16288 64
432 16256 96
592 16256 160
528 16208 336
464 16240 256
528 16224 192
480 16240 16
352 16224 -352
400 16224 -80
352 16288 -32
416 16288 -32
320 16256 -32
304 16160 -80
432 16208 -80
304 16256 272
368 16208 208
368 16208 160
320 16160 240
352 16256 144
304 16224 -112
336 16208 -48
336 16256 64
368 16240 80
448 16176 176
512 16256 -32
448 16256 48
416 16288 48
512 16256 224
560 16320 -32
496 16272 128
480 16240 -48
432 16288 -64
432 16288 176
496 16288 176
448 16208 -48
464 16160 160
384 16224 304
368 16208 144
368 16240 256
560 16112 144
480 16192 112
480 16144 64
384 16144 80
304 16208 80
384 16224 16
416 16288 176
304 16304 192
384 16272 272
400 16272 336
368 16176 368
352 16288 368
448 16288 64
400 16208 48
352 16192 -32
336 16224 224
368 16192 112
480 16192 112
432 16144 384
512 16144 288
384 16128 208
368 16176 160
448 16224 96
448 16240 32
448 16192 128
544 16192 144
480 16256 256
352 16208 112
416 16176 112
464 16256 112
368 16304 176
416 16320 272
304 16192 80
496 16224 16
512 16176 -112
448 16144 96
352 16224 80
448 16176 80
448 16208 32
352 16208 32
352 16256 160
448 16208 -80
416 16208 -96
336 16224 112
432 16160 304
432 16128 240
304 16128 240
432 16208 112
368 16224 208
208 16224 176
208 16208 208
336 16240 384
288 16256 208
432 16224 -128
432 16176 48
384 16176 -112
432 16224 -112
464 16240 144
528 16224 96
416 16224 96
448 16176 320
384 16144 96
368 16160 48
368 16128 144
288 16128 144
272 16208 16
272 16224 -144
208 16256 -96
272 16192 128
368 16192 48
368 16160 288
432 16160 288
368 16208 320
624 16272 144
560 16144 80
544 16160 80
512 16208 -192
512 16176 80
592 16176 112
608 16176 112
336 16240 144
304 16224 112
352 16272 -240
352 16176 176
416 16240 -16
256 16240 96
176 16192 96
416 16192 192
400 16192 144
432 16160 288
400 16176 96
560 16176 64
576 16192 160
576 16224 240
256 16224 -16
256 16272 32
240 16272 80
336 16272 80
336 16240 144
416 16224 416
448 16208 224
432 16336 160
432 16288 176
384 16320 160
480 16320 144
304 16304 96
320 16288 -256
400 16256 -208
384 16256 -224
464 16144 -272
464 16224 128
528 16224 128
512 16224 -80
320 16272 -48
368 16240 32
416 16224 -256
464 16240 64
400 16272 0
400 16272 208
400 16256 400
432 16240 128
448 16224 144
448 16176 176
0 16240 -32
224 16240 -176
368 16208 -176
368 16256 -128
512 16224 -96
528 16176 160
496 16224 272
464 16304 352
512 16208 80
448 16112 224
160 16160 144
416 16176 256
288 16240 112
352 16240 96
384 16320 96
320 16304 -288
384 16208 -64
432 16240 80
576 16240 32
464 16224 144
432 16320 288
496 16272 208
416 16240 -96
416 16288 96
512 16288 96
448 16208 32
384 16208 240
448 16192 240
384 16208 -16
304 16192 -160
240 16144 128
384 16160 48
448 16144 112
448 16144 64
368 16256 64
336 16256 64
528 16256 208
528 16224 192
560 16288 96
528 16272 32
528 16224 96
528 16144 96
544 16224 128
368 16224 16
272 16256 16
192 16224 272
480 16240 96
448 16208 176
448 16208 208
352 16192 160
512 16176 -64
512 16176 80
416 16224 80
368 16192 16
480 16208 128
320 16176 112
464 16128 352
448 16160 32
448 16304 80
448 16304 64
400 16272 288
400 16240 144
496 16240 144
544 16272 320
432 16272 224
432 16224 256
400 16208 48
368 16176 208
368 16192 112
512 16192 112
352 16160 -192
416 16176 -192
544 16224 80
464 16256 96
432 16304 192
336 16176 128
368 16240 16
480 16208 128
480 16208 208
512 16160 208
400 16192 96
400 16256 -80
400 16208 80
448 16240 -16
416 16304 192
416 16288 128
512 16288 176
560 16192 176
592 16208 112
448 16144 96
352 16208 80
480 16256 0
480 16288 112
448 16288 112
464 16192 64
416 16240 64
400 16288 32
416 16288 -32
496 16208 -48
640 16224 -16
640 16160 144
480 16144 112
400 16192 -64
432 16208 32
