startup(x,y,z):(176,16192,160)
0 15472 -2528
368 16128 -1440
368 16192 304
-32 16032 320
-32 16288 528
-320 16288 528
-240 16304 1232
336 16208 -448
208 16160 -1104
208 16144 80
48 15952 352
256 15952 464
-208 15984 464
-160 16048 1312
-64 16000 1648
208 15856 -64
160 16000 -336
448 16224 16
448 16224 -496
400 16128 -496
240 16144 -208
336 16288 736
192 16128 48
224 16240 144
224 16240 432
160 16192 432
192 16112 64
176 16192 -112
256 16112 336
112 16064 368
112 16128 416
112 16160 496
144 16224 192
352 16224 -256
272 16224 -512
192 16256 -496
128 16256 -32
96 16256 -224
48 16272 80
96 16224 688
192 16192 272
240 16128 544
240 16176 304
224 16176 304
208 16240 -256
208 16144 80
192 16144 -96
240 16176 -464
-64 16304 112
-64 16112 576
368 16400 624
480 16400 80
864 16032 80
-128 16080 400
208 16128 304
-1184 16784 1888
-1184 16784 1712
-1312 16640 768
1824 16304 768
896 16320 -304
848 16256 432
400 16400 1328
608 16272 1312
368 16224 1616
560 16192 1680
560 16192 -272
800 16016 -272
304 16160 -592
400 16384 80
224 16304 -176
160 16240 336
160 16240 1280
80 16160 1280
80 16080 384
112 16112 384
272 16096 -80
224 16128 -32
0 16160 384
0 16176 384
80 16176 384
368 16176 656
224 16192 448
192 16240 48
-32 16240 240
-32 16240 -144
192 16192 176
192 16192 384
128 16160 288
48 16160 288
-16 16112 208
48 16224 96
-64 16048 272
240 16224 -16
416 16144 -400
288 16192 -400
272 16192 -496
160 16240 64
-48 16176 848
-128 16096 416
192 16112 368
192 16112 240
288 16192 240
208 16160 -144
512 16096 -160
272 16176 288
-128 16144 528
-128 16208 384
96 16160 288
224 16208 112
240 16208 112
96 16144 -64
128 16144 -48
160 16240 -32
144 16208 -16
144 16208 304
112 16240 304
96 16240 128
224 16128 -192
128 16192 352
272 16160 176
208 16240 192
96 16192 400
96 16192 192
-16 16240 192
112 16304 352
208 16288 160
128 16240 -176
144 16240 -192
144 16240 528
96 16272 528
32 16144 560
80 16208 480
160 16128 448
224 16144 304
128 16160 240
48 16192 176
144 16112 272
144 16112 416
48 16240 480
16 16288 480
144 16240 480
144 16224 208
272 16192 240
320 16192 240
160 16192 176
176 16224 -112
256 16192 -192
80 16160 256
80 16160 256
96 16128 256
368 16192 48
464 16208 -272
464 16160 -256
400 16256 -224
304 16272 64
112 16176 224
112 16176 352
208 16128 352
80 16192 16
208 16112 0
96 16256 304
96 16272 384
-32 16272 400
64 16112 400
64 16144 160
80 16176 160
208 16208 320
320 16144 320
128 16240 400
128 16192 256
96 16192 64
32 16176 64
16 16128 -128
128 16144 -96
336 16144 176
336 16176 96
192 16176 16
272 16208 48
352 16224 160
128 16160 160
48 16096 192
64 16192 496
16 16160 544
-64 16176 320
-64 15920 -32
128 16096 112
128 16160 112
64 16128 224
80 16192 448
-32 16160 576
0 16128 816
48 16176 416
48 16192 80
128 16192 96
224 16192 96
224 16224 -176
64 16192 0
32 16192 112
32 16144 320
32 16144 192
64 16080 192
144 16144 -16
160 16160 -16
32 16176 -128
128 16240 240
64 16240 336
64 16272 -144
16 16272 -144
112 16144 224
96 16272 256
96 16128 160
96 16112 288
144 16144 272
144 16160 32
160 16160 32
-96 16176 288
-16 16112 400
48 16096 112
48 16096 32
112 16080 112
256 16080 112
256 16128 112
-48 16112 144
176 16160 336
288 16112 352
224 16176 -144
336 16144 96
224 16160 112
224 16144 208
208 16144 208
208 16160 384
176 16160 304
96 16160 96
176 16192 176
144 16208 80
240 16208 304
224 16176 272
224 16192 224
272 16192 224
224 16144 304
176 16224 64
208 16192 320
208 16256 144
288 16256 240
240 16240 240
208 16176 80
288 16208 384
256 16192 384
32 16176 256
112 16192 288
160 16208 352
160 16192 48
144 16192 144
176 16240 144
208 16176 208
368 16192 128
288 16208 352
32 16144 240
112 16144 96
208 16208 96
368 16256 112
272 16208 128
128 16176 96
128 16160 96
288 16160 -80
288 16224 -80
176 16256 256
208 16208 240
96 16224 176
96 16144 128
144 16144 208
96 16192 208
48 16096 272
272 16096 96
272 16032 240
352 16112 160
352 16112 544
112 16176 544
320 16192 448
240 16192 240
144 16144 208
192 16160 448
192 16160 192
384 16208 96
256 16224 96
384 16096 16
256 16128 96
224 16112 128
224 16112 224
96 16192 224
112 16128 320
80 16080 432
16 16144 320
16 16256 80
288 16256 368
368 16208 368
400 16240 496
448 16128 48
352 16208 32
352 16224 80
16 16224 80
96 16144 -16
32 16160 -80
80 16176 160
192 16176 288
192 16160 192
256 16160 -48
144 16144 -48
64 16160 368
-64 16144 304
128 16160 352
128 16240 -16
64 16240 48
128 16192 48
64 16160 144
-32 16176 240
80 16272 112
80 16224 144
96 16224 416
96 16208 416
128 16272 288
64 16336 336
80 16160 448
128 16128 192
128 16176 272
96 16176 272
144 16144 32
80 16240 96
112 16048 256
48 16128 112
272 16112 112
96 16128 128
96 16176 224
-48 16160 288
16 16160 0
16 16160 288
-16 16208 288
112 16192 272
112 16192 432
128 16144 176
128 16144 112
-16 16144 -112
144 16208 -112
160 16128 0
224 16144 272
272 16144 256
304 16224 192
304 16240 208
240 16240 -48
240 16208 -48
0 16208 -16
64 16208 0
160 16176 96
160 16144 256
176 16144 384
112 16112 288
96 16112 48
144 16144 48
192 16080 0
272 16096 96
384 16128 400
384 16128 256
288 16208 64
288 16192 64
272 16256 176
256 16144 320
80 16176 112
176 16128 240
-48 16112 192
0 16112 240
0 16208 256
16 16208 256
160 16256 160
224 16288 160
208 16240 224
112 16192 320
208 16208 368
208 16192 496
112 16240 240
160 16224 384
160 16224 304
48 16256 304
240 16224 464
160 16240 272
320 16240 176
320 16240 464
144 16160 480
176 16096 480
128 16176 320
32 16160 304
208 16176 400
144 16176 112
192 16176 512
192 16160 416
192 16160 416
256 16160 256
160 16192 272
144 16224 304
176 16144 128
176 16176 96
240 16176 96
192 16256 176
208 16144 128
208 16112 128
144 16192 80
112 16112 544
32 16144 368
32 16112 336
144 16112 336
64 16144 208
96 16128 144
-48 16176 144
96 16192 128
192 16160 176
144 16160 112
144 16208 -16
176 16224 -32
192 16224 -32
288 16144 112
256 16128 80
176 16224 64
144 16144 64
144 16080 208
112 16080 240
128 16080 240
80 16160 304
320 16176 304
128 16224 0
160 16224 96
128 16144 160
128 16192 336
160 16192 336
96 16224 416
112 16160 272
400 16144 208
288 16144 576
288 16144 400
192 16192 336
192 16176 368
240 16176 368
80 16112 320
192 16160 464
176 16096 400
176 16128 224
176 16112 240
144 16112 240
0 16144 176
176 16144 -96
176 16208 80
144 16320 400
192 16320 400
192 16240 304
352 16240 272
240 16144 272
128 16176 304
144 16096 304
96 16032 320
96 16176 288
-16 16176 176
112 16160 192
144 16144 368
112 16128 368
192 16176 464
272 16208 336
112 16224 416
80 16208 -16
80 16224 336
112 16160 160
176 16160 160
256 16160 112
176 16176 16
80 16224 192
-16 16160 80
144 16208 -64
96 16192 80
96 16192 -32
288 16208 -32
272 16192 -112
336 16176 -32
160 16192 320
128 16128 336
128 15872 336
256 16112 192
128 16096 -32
128 16272 176
176 16272 176
256 16208 176
96 16176 -64
80 16144 128
80 16128 160
128 16128 432
112 16128 432
128 16128 224
320 16128 160
96 16112 -16
144 16144 48
144 16192 -96
144 16192 -96
208 16176 80
64 16176 -64
-64 16240 -32
-64 16320 32
0 16320 32
176 16240 32
256 16192 -112
224 16176 0
176 16176 16
48 16208 272
48 16208 80
160 16288 80
112 16256 0
192 16192 144
