startup(x,y,z):(-192,16176,96)
-640 15872 432
-160 16336 -896
-304 16304 1472
-1136 15936 1040
-1136 16176 -64
752 15840 -368
672 16272 -1920
480 16320 -304
320 16336 0
320 16288 896
-160 16288 160
-448 16096 160
48 16336 -464
656 16208 208
896 16432 208
96 16256 528
-160 16256 720
-320 16224 352
-320 16224 -400
-432 16096 -400
-80 16128 -336
-80 16144 -400
-160 16320 272
-352 16304 416
-400 16048 288
-400 15904 -64
-448 15904 -64
-336 16064 -96
-304 16208 -48
-192 16208 48
-112 16224 304
-112 16224 272
-432 16256 144
-432 16176 144
-368 16208 160
-304 16160 -80
-368 16096 432
-352 16128 496
-256 16160 592
-256 16160 96
-80 16176 96
-112 16176 -256
-224 16144 0
-192 16208 336
-192 16224 672
-384 16224 544
-256 16256 544
-112 16320 384
48 16240 -48
-128 16208 -400
-192 16256 -80
-192 16272 256
-288 16272 528
-336 16128 528
-304 16128 256
-352 16240 144
-288 16272 64
-144 16256 80
-144 16256 400
-80 16208 400
-256 16240 304
-256 16240 176
-160 16224 176
-160 16128 128
-160 16128 -64
-160 16192 112
-160 16224 384
-400 16224 384
-272 16224 304
-288 16304 96
-288 16256 160
-416 16144 192
-320 16176 304
-320 16144 256
-416 16144 128
-368 16208 128
-320 16240 -16
-320 16208 128
-272 16256 0
-272 16256 -32
-208 16192 -32
-256 16192 0
-336 16192 -112
-400 16192 288
-288 16192 192
-96 16144 144
-96 16144 224
-144 16160 224
-272 16128 64
-208 16160 -16
-272 16128 96
-272 16160 272
-288 16160 160
-192 16160 160
-192 16240 112
-352 16304 32
-448 16288 -16
-224 16224 80
-464 16176 208
-464 16160 240
-368 16160 240
-384 16208 528
-304 16256 224
-208 16128 112
-448 16128 192
-448 16160 352
-384 16160 448
-192 16208 400
-288 16208 672
-368 16208 496
-304 16224 496
-304 16160 240
-112 16160 96
-240 16240 192
-240 16240 192
-272 16240 16
-384 16240 16
-416 16240 80
-128 16160 144
-64 16160 -80
-144 16160 16
-288 16144 32
-336 16208 -48
-288 16176 32
-352 16176 48
-336 16176 128
-304 16176 80
-336 16208 112
-336 16176 272
-320 16176 400
-224 16096 -128
-272 16160 -128
-160 16240 -80
-144 16224 176
-144 16160 224
-144 16176 80
-112 16176 80
-64 16240 256
-96 16272 128
-176 16256 -144
-352 16192 -16
-416 16288 32
-464 16224 32
-464 16224 80
-304 16224 80
-272 16208 176
-224 16272 48
-240 16224 -320
-240 16176 96
-320 16176 16
-320 16256 480
-304 16224 480
-208 16160 336
-368 16192 352
-304 16256 240
-336 16240 160
-48 16128 192
-48 16256 112
-176 16256 272
-256 16224 272
-288 16192 432
-192 16176 480
32 16192 176
-80 16144 240
-80 16144 176
-208 16192 304
-192 16176 304
-224 16208 400
-176 16208 128
-240 16272 80
-240 16192 256
-336 16192 80
-96 16240 80
-160 16224 304
-272 16208 240
-288 16256 16
-160 16336 64
-256 16256 32
-256 16224 224
-304 16224 128
-288 16272 128
-224 16208 80
-208 16224 352
-496 16160 368
-496 16160 352
-512 16160 192
-384 16240 192
-352 16272 208
-496 16256 224
-544 16240 256
-432 16224 352
-448 16192 288
-448 16192 464
-560 16304 464
-464 16224 384
-368 16272 320
-336 16224 -16
-400 16224 176
-400 16224 -80
-208 16256 -80
-368 16192 256
-224 16192 192
-160 16192 192
-288 16224 -160
-240 16208 32
-256 16208 144
-256 16176 80
-176 16176 80
-112 16176 320
-176 16208 208
-112 16160 192
-144 16160 128
-240 16208 32
-192 16160 -16
-192 16176 112
-112 16176 112
-96 16240 64
-96 16240 -384
-192 16176 128
-192 16224 144
-320 16224 64
-480 16288 64
-384 16288 -160
-368 16256 -160
-128 16176 -112
-208 16176 -64
-176 16224 240
-176 16176 496
-240 16176 496
32 16208 160
-80 16160 112
-192 16192 160
-192 16224 -16
-224 16224 176
-320 16192 176
-176 16160 96
-352 16224 32
-352 16224 128
-400 16176 0
-224 16288 96
-224 16288 -48
-224 16240 16
-240 16192 64
-160 16176 96
-224 16176 336
-224 16240 144
-192 16240 144
-240 16176 48
-192 16192 -64
-128 16128 -64
-224 16224 16
-144 16192 -144
-256 16160 48
-256 16176 -112
-128 16176 -112
-272 16240 224
-240 16192 256
-256 16208 256
-304 16256 80
-304 16208 112
-256 16208 128
-256 16208 80
-336 16272 80
-160 16224 256
-160 16256 -128
-256 16272 -112
-256 16272 48
-304 16208 96
-160 16224 96
-160 16288 80
-192 16272 -16
-224 16272 -48
-240 16288 -144
-240 16176 -48
-288 16176 32
-272 16208 32
-336 16224 80
-352 16224 96
-352 16224 144
-320 16208 224
-320 16208 112
-224 16208 112
-208 16128 144
-112 16176 0
-32 16224 -80
-176 16224 -16
-368 16240 32
-368 16240 352
-400 16160 352
-288 16160 368
-272 16128 496
-352 16224 272
-288 16144 176
-288 16160 144
-304 16160 144
-256 16144 -192
-208 16144 -192
-400 16128 -192
-496 16128 -64
-448 16160 176
-224 16224 176
-224 16224 112
-176 16208 112
-224 16288 160
-416 16272 96
-272 16256 16
-288 16224 -48
-288 16208 0
-288 16272 144
-368 16272 96
-368 16128 96
-272 16272 432
-96 16256 176
-208 16224 0
-208 16256 -16
-48 16256 192
-144 16208 192
-304 16224 224
-288 16272 32
-352 16176 304
-272 16192 432
-224 16192 496
-224 16192 304
-160 16144 304
-208 16160 32
-224 16160 96
-192 16240 240
-192 16240 96
-80 16240 -176
-48 16208 -176
-256 16272 -160
-256 16192 -96
-336 16160 128
-224 16176 -128
-288 16192 96
-288 16192 -144
-160 16176 -144
-368 16192 96
-288 16176 16
-368 16208 48
-368 16192 80
-160 16192 208
-336 16160 208
-256 16176 96
-176 16176 96
-144 16192 64
-288 16192 80
-384 16256 208
-336 16288 96
-336 16288 128
-160 16208 96
-176 16192 96
-128 16176 16
-208 16192 -80
-320 16160 80
-320 16224 48
-368 16256 48
-368 16256 256
-352 16256 256
-240 16144 176
-256 16144 320
-256 16144 176
-256 16256 -48
-176 16256 32
-176 16224 32
-224 16272 224
-224 16256 16
-240 16208 -176
-208 16144 32
-208 16288 64
-256 16288 160
-320 16304 160
-464 16272 208
-320 16256 336
-272 16144 160
-112 16208 -32
-112 16176 32
-160 16192 -32
-272 16192 -32
-368 16272 32
-416 16256 176
-176 16176 192
-176 16208 144
-176 16208 176
-64 16176 176
-160 16192 432
-224 16176 400
-128 16256 192
-192 16352 176
-208 16320 80
-256 16240 128
-160 16192 192
-240 16176 288
-240 16176 208
-432 16144 208
-480 16208 112
-432 16240 208
-288 16272 -128
-112 16176 -64
-112 16144 128
-256 16144 176
-240 16128 240
-256 16176 240
-304 16192 144
-304 16144 304
-208 16208 224
-208 16160 160
-128 16160 160
-144 16160 96
-160 16064 0
-208 16080 48
-176 16176 112
-176 16304 176
-224 16304 112
-224 16256 -32
-272 16256 144
-400 16208 144
-320 16240 304
-192 16192 32
-240 16224 48
-192 16176 128
-192 16176 240
-256 16192 240
-272 16192 368
-272 16160 320
-256 16224 112
-256 16112 144
-272 16112 192
-272 16112 -64
-160 16128 -64
-160 16048 48
-80 16128 -320
-224 16160 -176
-208 16192 64
-208 16192 96
-96 16208 96
-272 16128 -64
-368 16128 -64
-416 16192 112
-320 16240 -64
-208 16176 80
-96 16224 -32
-96 16272 48
-240 16272 48
-48 16192 64
-240 16256 208
-144 16144 144
-208 16112 0
-304 16096 48
-304 16112 32
-416 16112 16
-256 16112 16
-224 16176 112
-224 16256 -208
-208 16224 80
-208 16224 176
-160 16112 96
-64 16096 96
-256 16144 128
-144 16144 -16
-192 16144 224
-64 16256 -112
-208 16224 0
-208 16224 144
-320 16176 144
-208 16208 288
-304 16128 256
-368 16144 144
-368 16080 112
-368 16336 304
-240 16160 304
-224 16112 112
-208 16192 32
-224 16240 192
-304 16352 16
-224 16224 64
-224 16224 -16
-208 16288 -176
-288 16304 304
-272 16288 336
-352 16224 336
-352 16240 16
-208 16240 144
-256 16224 0
-256 16224 144
-352 16224 144
-336 16208 208
-384 16192 288
-320 16224 160
-320 16224 112
-320 16208 288
-192 16160 288
-272 16192 368
-320 16272 272
-224 16224 128
-240 16192 352
-240 16160 208
-176 16160 560
-272 16128 560
-304 16192 288
-304 16192 496
-256 16192 624
-256 16240 400
-352 16240 384
-384 16256 384
-160 16256 240
-256 16224 288
-256 16256 304
-240 16320 192
-240 16272 80
-208 16272 336
-272 16192 336
