startup(x,y,z):(176,16192,160)
-1760 15664 -608
-1936 14000 7408
-5552 15968 4416
-5552 14320 3952
8960 14320 3952
2272 15296 1232
7680 15648 -912
7664 15728 -1872
2256 14592 2304
1280 14336 -1776
992 15280 384
-112 15280 -1712
-528 15680 -1712
-336 16000 -1712
-144 15904 -400
-688 16240 176
832 16240 -832
832 16240 640
416 16176 640
-80 16288 1552
160 16256 544
-208 16336 768
0 16176 720
240 16080 -480
240 16176 -1328
336 16176 -1328
-32 16304 16
272 16176 -384
0 16208 128
-112 16016 864
32 16048 688
32 16048 -32
176 16208 368
176 16208 256
160 16144 256
80 16160 176
64 16192 688
160 16208 560
-32 16256 80
272 16240 -432
272 16320 -560
368 16320 -560
256 16240 -656
208 15872 1248
-384 16240 800
368 16272 336
-384 16208 416
-2688 16848 1680
-2720 16848 2096
-3968 17376 2096
560 15984 768
192 16320 -928
-352 16624 1776
448 16704 -336
448 16448 2720
2032 16512 2672
384 16384 1680
1328 16384 1680
1584 16336 1056
272 16384 640
608 16288 64
256 16304 352
256 16304 176
320 15568 176
176 16032 -208
240 16128 912
16 16032 624
256 16032 -752
-224 16080 -64
-192 16288 240
-192 16176 -432
80 16176 -432
272 16128 160
-112 16144 640
112 16160 656
96 16224 512
96 16160 560
256 16160 560
416 16208 64
400 16208 -384
144 16256 -192
-496 15808 832
-1040 16192 416
-336 16192 800
224 16224 -16
224 16224 -192
-272 16112 144
-48 16192 144
576 16208 1136
80 16176 896
256 16128 1008
240 16096 496
144 16128 -288
144 16240 -64
48 16240 224
128 16176 224
-16 16128 704
-208 16160 880
-160 16176 544
48 16176 16
48 16240 -176
160 16240 -176
144 16176 48
192 16176 48
208 16256 96
384 16192 272
240 16128 160
272 16144 -48
272 16144 112
256 16176 112
112 16176 -16
208 16192 -32
80 16160 144
128 16080 -32
96 16064 128
112 16128 272
112 16160 208
304 16160 208
320 16112 128
96 16176 304
-80 16112 128
288 16048 0
288 16048 32
352 16224 32
256 16144 512
256 15952 272
128 16064 144
400 16000 144
400 16128 0
176 16032 160
240 16032 -112
160 15984 -112
64 16016 160
16 16048 16
112 16064 96
224 16064 240
272 16144 272
144 16192 160
144 16192 256
208 16256 256
112 16208 272
288 16144 256
256 16160 32
256 16176 208
272 16176 112
320 16160 112
96 16160 128
32 16208 224
-48 16272 544
48 16256 384
128 16288 64
128 16256 -128
144 16256 -128
96 16288 16
320 16256 16
192 16160 320
32 16192 272
32 16176 224
-48 16176 480
16 16144 480
160 16144 384
160 16256 384
144 16208 544
192 16128 496
288 16256 384
288 16256 608
240 16192 608
208 16208 112
160 16240 -48
208 16320 -176
96 16272 48
96 16176 32
208 16160 160
208 16160 176
96 16112 176
32 16096 336
144 16112 240
176 16112 32
0 16144 0
0 16176 -48
0 16176 256
-112 16160 256
16 16128 160
272 16144 128
320 16192 128
208 16144 128
80 16240 112
176 16240 240
176 16240 -128
256 16128 -128
352 16176 -240
272 16208 -144
224 16160 48
224 16128 32
64 16144 128
48 16224 112
256 16208 112
256 16208 64
64 16176 64
48 16256 192
80 16272 64
144 16272 144
160 16208 224
160 16256 48
48 16256 48
-16 16240 128
-16 16208 240
48 16192 64
80 16208 176
176 16208 80
224 16176 288
224 16176 192
208 16144 192
0 16176 336
240 16192 320
240 16176 144
240 16192 80
192 16192 -16
240 16208 -16
272 16144 64
256 16128 64
112 16128 112
64 16096 224
336 16064 304
208 16128 288
208 16128 224
128 16112 304
64 16064 304
16 16096 208
304 16064 544
320 16128 352
96 16128 480
96 16128 96
-240 16032 96
48 15872 32
0 16000 192
304 16000 336
304 16000 160
192 16064 336
352 16080 336
336 16128 320
224 16192 528
240 16112 400
160 16192 256
160 16192 112
160 16208 -112
256 16160 -112
112 16144 80
112 16080 224
128 16080 448
144 16112 448
128 16144 256
32 16128 624
80 16176 224
144 16192 -32
144 16192 16
256 16192 16
64 16160 128
128 16144 272
240 16224 16
240 16160 96
304 16160 80
304 16160 80
320 16176 80
272 16144 208
288 16160 0
224 16160 32
224 16160 96
336 16192 96
272 16192 112
192 16176 -64
144 16192 176
192 16160 96
192 16160 192
160 16192 192
48 16176 128
224 16192 160
208 16160 384
224 16144 128
160 16176 304
160 16176 336
80 16176 336
80 16160 256
96 16240 256
80 16240 272
80 16176 448
128 16176 448
176 16144 384
240 16112 400
144 16160 16
64 16192 0
64 16192 64
128 16192 96
272 16080 96
192 16224 64
272 16160 208
224 16160 80
224 16160 -48
96 16192 208
176 16224 128
144 16192 0
80 16176 112
192 16208 144
192 16160 272
112 16160 272
240 16080 352
304 16016 320
240 16032 448
144 16080 528
144 16080 576
128 16016 448
-32 16096 448
160 16160 304
224 16176 480
96 16192 288
176 16224 320
176 16224 320
0 16224 320
0 16208 192
0 16256 240
80 16224 240
80 16288 112
96 16288 48
176 16192 48
160 16224 -64
128 16176 224
224 16208 320
176 16224 160
176 16224 208
240 16176 208
288 16224 320
112 16192 160
128 16224 80
128 16192 32
192 16192 352
208 16176 352
192 16144 384
368 16176 128
256 16192 160
176 16176 208
176 16176 464
256 16128 464
144 16208 480
224 16112 192
144 16208 64
144 16192 144
160 16192 144
160 16080 272
112 16080 256
32 16096 544
-16 16176 432
-16 16160 512
80 16160 304
16 16160 304
0 16160 272
192 16144 192
160 16176 144
160 16176 48
160 16176 48
192 16208 112
256 16160 416
160 16176 400
128 16208 352
128 16192 288
256 16192 272
256 16112 272
240 16224 112
256 16240 80
256 16208 -32
256 16208 80
224 16224 80
304 16192 160
240 16192 64
352 16192 144
192 16176 80
192 16112 48
288 16112 48
208 16128 128
208 16176 112
112 16320 16
128 16192 16
128 16192 80
288 16208 272
272 16208 272
192 16224 288
16 16224 256
96 16208 400
240 16240 304
240 16240 320
192 16272 320
192 16256 192
240 16208 272
128 16208 320
128 16064 384
176 16064 240
80 16144 240
80 16176 224
96 16128 464
80 16224 208
48 16144 288
48 16144 80
128 16144 80
192 16160 48
160 16176 256
336 16160 0
336 16144 80
288 16144 192
176 16272 192
240 16272 16
336 16224 192
368 16176 112
240 16160 64
240 16160 192
208 16064 192
160 16160 -208
208 16144 -128
160 16112 -192
160 16112 160
176 16112 -80
176 16160 -80
-16 16224 160
128 16144 208
128 16144 160
192 16160 304
192 16160 240
-32 16160 -16
64 16144 -16
112 16176 64
256 16192 80
160 16144 64
160 16144 -16
176 16128 32
144 16240 32
240 16240 352
176 16192 144
160 16064 128
-16 16192 208
-16 16144 112
112 16144 -80
80 16176 -80
16 16128 192
0 16112 416
-16 16176 128
-16 16160 176
240 16160 -16
208 16208 -16
256 16160 -80
304 16064 176
256 16080 512
256 16160 336
272 16160 224
256 16256 224
368 16208 208
176 16144 112
144 16208 64
144 16176 64
192 16176 64
112 16192 384
144 16144 240
144 16144 320
96 16112 240
96 16112 272
112 16112 400
160 16224 400
144 16256 32
176 16272 64
144 16336 144
224 16272 256
224 16272 368
256 16224 368
368 16144 288
272 16208 112
128 16192 0
32 16128 48
32 16128 336
192 16192 336
208 16144 512
208 16192 352
208 16160 256
208 16128 320
176 16128 160
256 16192 160
224 16160 128
160 16240 144
-32 16240 96
-32 16240 -48
192 16240 144
400 16128 224
416 16256 0
352 16224 -240
352 16240 80
288 16240 -176
256 16176 -176
112 16192 128
192 16176 192
96 16176 -32
96 16160 144
48 16160 400
144 16096 400
160 16160 112
224 16160 -64
112 16176 368
112 16160 160
48 16160 32
128 16128 32
160 16112 224
240 16064 256
208 16176 272
176 16192 368
176 16272 224
80 16272 240
80 16240 240
