startup(x,y,z):(-176,16144,160)
-2240 15776 -208
-8496 15984 -4032
-8416 16704 -560
-6192 15536 -1872
-6192 15872 16
-3760 15872 2160
-2288 16816 2160
-2400 16720 -2112
-1408 16176 -2112
-784 16128 48
-448 16528 144
-1088 16240 304
-96 16624 1424
-96 16240 576
304 16240 576
-48 16432 -1040
-272 16320 -1440
496 16096 704
-416 16096 -1184
-1008 16144 2352
-1008 16144 368
-768 16592 368
-1232 16656 112
-640 16480 368
-208 16256 -1008
-288 16032 320
-288 16080 -272
-624 16080 992
-720 16048 992
-624 16096 752
896 16448 1728
2640 16208 -1536
2640 16112 -656
2848 16112 -752
1856 16096 -752
320 16144 0
-1024 16144 960
-768 16240 400
-176 16048 64
160 16128 -672
160 16064 -208
-96 16064 -208
-432 16192 288
-384 16240 352
-224 16240 256
-304 16176 336
-304 16240 -176
-304 16192 -240
-224 16192 -160
-544 16224 144
-528 16176 32
-368 16064 560
-368 16256 112
-352 16256 160
-464 16192 416
-384 16240 416
-288 16288 -144
-528 16240 96
-480 16240 80
-384 16160 80
-384 16224 48
-400 16224 48
-448 16112 208
-320 16176 304
-320 16256 288
-1088 16304 -464
-1088 15888 -224
-1008 15888 -224
-464 15504 -384
-192 16080 288
-208 15952 96
-560 16224 -368
-272 16016 80
-272 16016 -160
-240 16016 -160
-384 16128 240
-320 16192 -288
-192 16080 -208
-256 16128 32
-256 16128 -208
-176 16160 -208
-272 16192 -144
-320 16240 144
-288 16224 160
-160 16176 -304
-160 16128 64
-288 16128 64
-304 16112 256
-160 16048 368
-256 16096 656
-240 16160 720
-240 16064 400
-224 16064 400
-128 16080 112
-192 16160 192
-144 16144 112
-128 16144 192
-112 16192 288
-112 16192 288
-80 16208 288
-240 16256 384
-320 16240 176
-288 16192 256
-160 16144 288
-160 16160 176
-144 16160 304
-176 16208 256
-208 16208 256
-128 16208 272
-128 16224 208
-240 16240 288
-240 16240 224
-208 16320 224
-208 16208 16
-272 16144 -32
-288 16144 64
-256 16160 -144
-256 16160 80
-256 16160 48
-224 16160 -64
-288 16160 -64
-224 16160 -128
-176 16128 -64
-160 16144 256
-160 16144 48
-368 16144 48
-352 16240 144
-240 16208 -112
-224 16272 -176
-224 16352 -16
-272 16240 0
-224 16240 0
-224 16192 48
-288 16192 112
-336 16240 320
-304 16224 496
-304 16224 144
-384 16176 144
-352 16224 16
-208 16176 -96
-112 16176 -16
-272 16256 64
-272 16256 288
-272 16224 272
-128 16208 272
-240 16160 192
0 16160 144
-48 16112 304
-48 16112 160
-192 16128 240
-256 16224 240
-544 16288 192
-368 16288 64
-128 16256 80
-192 16176 240
-160 16192 224
-160 16192 112
-176 16176 112
-320 16240 128
-400 16208 352
-336 16192 144
-336 16192 192
-448 16192 16
-432 16224 16
-240 16208 0
-288 16096 -112
-288 16080 240
-288 16032 336
-176 16112 352
-336 16240 352
-224 16208 -128
-272 16272 -128
-272 16288 32
-400 16320 48
-288 16320 48
-288 16208 224
-400 16240 224
-432 16384 192
-384 16368 192
-384 16208 96
-128 16208 320
-160 16176 320
-112 16144 96
-160 16224 96
-160 16240 336
-288 16240 304
-368 16208 304
-304 16224 160
-368 16208 176
-432 16224 176
-288 16112 208
-320 16160 224
-320 16160 96
-272 16176 96
-272 16256 144
-272 16240 160
-304 16304 32
-256 16208 112
-256 16192 16
-288 16192 16
-272 16176 -16
-192 16176 -320
-160 16160 -224
-80 16128 -64
-208 16144 32
-208 16144 224
-256 16112 224
-208 16160 320
-368 16160 592
-384 16176 592
-384 16224 384
-464 16224 160
-544 16288 160
-448 16224 368
-320 16192 192
-176 16288 64
-176 16192 256
-176 16192 224
-384 16240 224
-304 16208 240
-80 16192 -32
-144 16176 304
-144 16176 208
-272 16176 208
-208 16192 208
-192 16128 160
-176 16208 48
-256 16240 96
-208 16224 304
-208 16208 512
-176 16208 512
-176 16176 256
-112 16128 160
-240 16160 160
-256 16144 352
-256 16144 368
-352 16208 368
-368 16208 192
-352 16272 16
-240 16144 64
-192 16176 128
-272 16224 128
-272 16224 176
-208 16160 176
-208 16144 336
-208 16112 112
-272 16160 288
-208 16176 256
-272 16160 176
-272 16160 32
-208 16192 112
-304 16192 112
-256 16144 112
-336 16224 0
-272 16256 144
-272 16256 112
-128 16144 112
-272 16160 192
-304 16224 176
-448 16240 256
-336 16240 208
-336 16160 224
-208 16112 176
-240 16112 384
-240 16192 384
32 16176 128
0 16176 192
-128 16240 192
-128 16240 272
-208 16176 272
-224 16224 432
-128 16192 464
-320 16240 448
-320 16320 288
-432 16352 208
-352 16352 384
-448 16272 384
-432 16256 384
-400 16208 448
-288 16256 48
-288 16176 80
-240 16176 112
-352 16192 112
-400 16288 112
-224 16176 -64
-400 16176 320
-288 16192 208
-288 16176 496
-240 16208 512
-336 16208 304
-208 16240 272
-256 16192 192
-256 16240 240
-368 16224 480
-384 16224 480
-272 16176 336
-208 16240 96
-320 16336 192
-240 16256 256
-304 16192 320
-304 16192 336
-368 16080 336
-416 16096 240
-304 16160 -48
-160 16128 -16
-288 16128 144
-288 16128 224
-336 16208 224
-288 16192 320
-304 16272 272
-288 16272 144
-304 16208 192
-304 16144 224
-128 16144 224
-176 16144 272
-400 16224 272
-256 16240 256
-224 16176 160
-224 16176 272
-320 16080 272
-288 16160 80
-304 16256 272
-304 16208 160
-288 16288 336
-288 16144 352
-272 16144 352
-144 16160 288
-320 16192 288
-128 16224 368
-192 16208 288
-192 16208 176
-272 16224 176
-224 16240 -16
-80 16176 -128
-160 16272 96
-240 16272 32
-240 16272 0
-80 16272 0
-176 16192 240
16 16176 32
-160 16192 128
-224 16224 336
-240 16144 288
-240 16144 224
-352 16128 224
-400 16304 272
-336 16208 272
-288 16176 160
-224 16160 16
-224 16144 144
-208 16144 144
-160 16112 80
-192 16224 16
-112 16192 48
-240 16224 80
-496 16208 320
-336 16208 224
-368 16256 224
-304 16272 112
-192 16128 0
-272 16128 48
-208 16192 -96
-208 16192 80
-336 16208 80
-256 16176 -96
-304 16176 96
-272 16112 64
-272 16112 80
-160 16064 80
-208 16160 -272
-272 16240 -160
-144 16224 -160
-144 16224 -16
-144 16160 96
-160 16160 96
-352 16144 176
-272 16240 -16
-160 16224 96
-256 16224 256
-256 16160 256
-192 16160 256
-128 16144 112
-240 16208 320
-272 16160 208
-320 16224 -48
-352 16272 -32
-352 16272 256
-288 16192 256
-480 16272 224
-464 16272 192
-336 16176 496
-304 16224 544
-288 16240 288
-336 16240 416
-368 16256 240
-320 16272 -16
-320 16256 144
-304 16272 128
-128 16192 64
-144 16128 96
-256 16160 -32
-96 16160 16
-352 16240 144
-384 16240 64
-288 16208 64
-224 16176 208
-368 16128 432
-256 16096 272
-256 16112 336
-304 16144 208
-368 16208 288
-416 16160 224
-336 16144 48
-272 16208 160
-240 16224 176
-208 16224 0
-208 16208 144
-256 16256 160
-272 16176 0
-256 16208 -80
-320 16176 48
-288 16144 416
-320 16144 240
-240 16272 192
-224 16240 208
-224 16224 256
-256 16208 256
-224 16240 208
-288 16176 192
-272 16208 80
-352 16192 96
-448 16176 64
-256 16176 80
-240 16272 64
-208 16208 64
-368 16272 128
-304 16288 -64
-128 16240 -64
-208 16224 -64
-272 16192 192
-320 16288 80
-272 16208 352
-272 16208 48
-304 16288 48
-256 16208 256
-144 16160 400
-224 16128 272
-208 16160 48
-208 16160 288
-320 16160 288
-224 16192 208
-272 16224 112
-272 16208 416
-208 16224 -80
-208 16144 80
-160 16144 80
-336 16208 64
-240 16176 160
-128 16192 112
-160 16096 96
-160 16192 224
-400 16192 224
-400 16208 368
-240 16256 368
-288 16192 304
-160 16176 208
-240 16144 352
-240 16112 32
-288 16112 32
-336 16304 256
-320 16224 256
-464 16176 336
-240 16176 128
-272 16224 304
-224 16160 368
-224 16160 336
-192 16160 336
-160 16128 192
-80 16224 48
-304 16224 112
-304 16208 272
-272 16208 128
-192 16176 128
-192 16224 -80
-272 16208 -32
-480 16208 0
-304 16256 160
-304 16192 112
-112 16192 112
-48 16224 64
-320 16176 16
-288 16240 256
-304 16224 192
-304 16224 128
-304 16208 128
-240 16208 32
-432 16240 32
-448 16224 48
-304 16176 144
-304 16160 320
-320 16160 320
-272 16176 176
-192 16272 64
-208 16288 64
-288 16272 160
-288 16272 336
-224 16192 336
-80 16208 208
-16 16160 192
-160 16176 128
-176 16224 80
-208 16224 256
