startup(x,y,z):(496,16224,192)
1216 16096 -656
1520 16176 -1216
1872 16016 -1344
1872 16016 -1872
1536 16368 -1776
1184 16160 -2000
1088 16192 -2064
368 16272 -2064
160 16272 -1808
0 16208 -1344
-208 16240 -1152
80 16304 -896
80 16240 -816
240 16240 -800
352 16224 -672
592 16112 -592
1216 16144 -608
1424 16112 -304
1552 16192 -416
1264 16192 -400
1264 16160 -272
1024 16160 -208
736 16240 -208
432 16208 -208
192 16208 -288
-96 16224 -48
-272 16256 176
-160 16272 384
-384 16272 672
-160 16256 816
80 16192 784
224 16240 656
400 16208 608
400 16272 592
432 16336 704
368 16336 928
336 16320 928
288 16272 832
336 16208 1104
400 16208 928
224 16160 928
272 16224 864
208 16256 592
128 16240 496
192 16272 320
240 16240 160
272 16144 256
272 16176 16
272 16192 -32
240 16240 -240
288 16256 -64
368 16320 -144
464 16336 96
656 16272 336
656 16272 192
416 16208 32
448 16240 336
448 16240 256
496 16240 256
528 16224 240
448 16176 256
496 16192 80
560 16176 64
528 16160 -16
528 16160 144
416 16208 144
352 16256 384
352 16224 304
400 16208 320
400 16160 320
464 16208 48
464 16112 288
464 16096 16
480 16096 80
608 16112 0
560 16256 0
480 16128 -48
320 16208 64
352 16160 64
352 16176 80
448 16176 112
432 16176 160
384 16176 160
448 16144 192
592 16160 192
528 16192 32
688 16208 160
576 16272 -96
480 16256 -160
448 16256 80
448 16240 32
368 16240 32
448 16224 -64
336 16176 272
368 16160 496
400 16224 272
432 16240 208
496 16144 336
496 16144 304
416 16256 304
416 16240 -64
368 16272 80
400 16320 32
384 16320 128
384 16272 48
336 16272 -16
432 16224 32
560 16128 32
464 16208 96
416 16224 -64
384 16208 -288
368 16272 -304
368 16320 -64
352 16320 224
432 16288 224
320 16320 64
368 16288 80
400 16272 64
400 16240 160
448 16176 144
448 16192 112
400 16192 128
448 16208 128
448 16192 288
448 16256 352
384 16288 384
432 16256 192
432 16256 208
464 16256 112
464 16256 160
656 16240 64
640 16224 96
592 16144 96
416 16160 -16
320 16192 288
400 16160 224
464 16160 288
464 16128 240
432 16128 240
464 16224 48
416 16224 -144
448 16224 -112
384 16272 -80
368 16224 -48
448 16208 -192
448 16176 32
384 16176 32
352 16256 208
400 16256 208
336 16288 544
368 16336 400
448 16336 400
432 16304 240
528 16256 -96
416 16272 -48
416 16240 -128
352 16240 96
400 16208 96
528 16240 144
480 16208 -64
352 16208 64
400 16208 208
400 16272 -112
416 16256 96
608 16256 -160
592 16240 -96
592 16272 80
480 16240 -112
592 16192 -32
528 16208 -368
528 16208 -288
464 16208 -128
432 16272 -128
432 16240 32
336 16192 -128
416 16224 144
400 16080 0
352 16160 -80
352 16176 16
432 16176 16
416 16160 16
480 16176 48
416 16256 176
448 16272 -224
448 16320 -176
368 16320 208
192 16224 208
384 16208 512
416 16272 256
272 16304 160
304 16272 368
320 16256 288
320 16272 384
448 16272 64
336 16192 64
384 16176 -80
368 16176 272
464 16144 16
336 16224 -32
384 16256 48
464 16256 -32
464 16256 112
528 16240 128
512 16224 128
384 16176 -48
432 16176 -48
432 16224 144
400 16256 224
384 16176 -48
496 16144 64
448 16320 64
384 16320 160
352 16256 80
400 16256 112
448 16208 304
448 16176 320
480 16176 48
400 16240 48
576 16256 -128
592 16320 -176
608 16160 -64
480 16208 48
384 16208 176
384 16208 144
368 16208 64
464 16256 64
480 16240 -48
368 16320 16
304 16224 32
304 16192 144
368 16224 208
416 16224 112
320 16208 112
304 16144 -48
336 16272 16
288 16240 224
464 16224 128
464 16144 48
464 16224 64
480 16224 64
368 16160 0
336 16224 -128
336 16208 -176
272 16288 -192
240 16224 144
368 16224 -160
368 16224 -208
400 16224 -48
496 16336 -48
352 16272 -176
320 16256 -256
352 16208 -80
320 16256 -256
560 16288 -144
480 16336 -160
480 16336 272
336 16272 112
416 16208 112
496 16192 80
720 16240 -64
576 16272 -16
448 16224 -80
448 16192 -272
352 16192 -272
288 16192 160
336 16144 112
400 16144 208
448 16128 416
512 16144 512
400 16160 128
400 16240 64
384 16240 -80
496 16240 -80
560 16240 -128
448 16240 -96
416 16272 -64
432 16208 -256
432 16224 -112
432 16224 -112
352 16256 0
384 16320 32
464 16288 160
384 16240 368
400 16208 128
400 16208 112
400 16192 112
416 16160 160
224 16128 144
352 16176 -48
416 16208 -48
336 16176 176
336 16256 -64
416 16256 -80
464 16160 -80
416 16240 -48
432 16144 -32
320 16128 16
368 16160 -48
368 16160 144
432 16160 144
448 16160 112
448 16208 160
480 16176 160
448 16352 80
576 16304 -64
464 16224 368
592 16144 400
592 16176 224
464 16176 16
464 16240 16
496 16160 32
480 16272 80
480 16272 80
528 16256 -192
544 16208 208
544 16208 304
368 16208 112
480 16176 112
720 16256 -48
640 16192 240
592 16192 304
592 16240 320
544 16240 0
432 16288 160
400 16224 160
400 16208 128
480 16208 352
464 16240 272
352 16176 -96
384 16224 48
384 16160 160
304 16160 160
448 16192 160
336 16256 224
352 16224 240
320 16256 224
416 16160 208
368 16096 128
448 16080 256
480 16128 224
480 16128 32
320 16240 32
208 16256 272
352 16224 144
320 16224 -128
368 16240 0
208 16320 144
288 16320 64
464 16336 176
512 16272 272
496 16192 80
432 16160 192
480 16144 16
416 16160 160
416 16224 -16
400 16256 -32
368 16192 -32
368 16208 0
368 16160 16
432 16144 128
384 16208 32
336 16224 64
400 16192 112
448 16224 48
400 16208 256
448 16192 176
496 16208 368
448 16288 192
320 16224 256
304 16240 -32
384 16224 -80
352 16224 -80
368 16240 -80
512 16272 272
512 16240 144
512 16224 -128
400 16256 160
400 16256 96
528 16256 80
448 16240 112
496 16240 320
256 16224 -16
224 16192 224
336 16272 112
560 16240 320
528 16192 304
528 16160 192
528 16160 192
480 16208 -16
544 16192 -16
464 16176 64
560 16240 192
528 16160 96
496 16144 64
336 16128 112
464 16208 32
480 16160 240
480 16112 336
464 16112 256
416 16176 -80
352 16288 32
336 16256 48
368 16240 256
368 16208 32
368 16224 -80
288 16192 32
368 16192 64
400 16096 64
464 16080 -16
416 16176 96
448 16176 160
608 16208 112
576 16224 112
576 16256 32
544 16256 96
496 16272 -32
448 16224 0
368 16272 64
432 16176 -112
416 16176 48
448 16160 176
384 16192 32
304 16208 48
320 16208 48
288 16176 112
480 16208 240
496 16128 272
656 16224 64
560 16272 -96
320 16176 96
256 16288 128
240 16224 288
384 16192 64
448 16192 -16
560 16176 224
544 16176 128
288 16208 160
448 16176 144
448 16208 -32
544 16144 -48
608 16256 -160
544 16224 -112
480 16256 -304
336 16240 32
352 16256 -32
400 16240 0
352 16240 336
416 16208 320
304 16208 -112
304 16320 -112
272 16160 -80
432 16176 32
432 16144 112
416 16144 336
512 16176 192
448 16192 144
384 16192 304
352 16144 112
432 16192 144
432 16192 128
368 16176 128
448 16256 -112
496 16224 -64
432 16176 -80
432 16176 48
416 16256 -32
384 16240 -32
304 16272 48
368 16240 32
336 16144 112
416 16208 32
432 16288 80
480 16240 80
496 16272 112
528 16272 96
528 16256 192
416 16160 0
368 16208 112
368 16208 240
416 16208 336
432 16192 336
464 16256 416
384 16160 -64
384 16144 192
224 16224 256
336 16176 256
384 16208 112
320 16208 48
416 16160 48
384 16224 128
496 16192 16
416 16192 -32
480 16224 -48
320 16256 176
448 16320 96
480 16272 64
480 16192 -224
592 16224 -176
544 16160 -64
480 16176 128
416 16208 128
416 16208 240
448 16144 240
464 16160 16
544 16224 80
544 16192 176
512 16112 384
496 16112 240
448 16208 160
480 16240 288
336 16224 288
224 16240 240
