startup(x,y,z):(464,16160,112)
-1216 16000 544
240 16112 1120
240 16176 1888
368 16192 2016
368 16096 1680
1104 16176 816
496 16176 1232
1440 16080 1232
1568 16112 592
1760 16224 1696
304 16192 1056
-16 16192 1152
-176 16160 336
80 16304 -32
144 16256 -464
144 16256 -1136
240 16224 -1680
640 16224 -2048
832 16208 -1440
400 16240 -1440
288 16208 -944
416 16208 -448
464 16224 -448
528 16224 -16
544 16288 224
448 16304 544
352 16304 608
272 16176 464
480 16160 672
480 16160 992
576 16224 944
448 16272 848
368 16256 832
208 16256 832
272 16240 704
464 16240 496
496 16272 288
528 16192 80
448 16208 96
512 16304 256
464 16304 192
400 16240 144
416 16240 80
384 16256 112
384 16256 432
400 16224 432
496 16240 208
528 16176 80
592 16128 32
608 16240 80
496 16240 32
496 16208 -208
336 16208 -240
336 16224 -448
368 16224 -448
288 16144 -400
320 16160 -384
432 16176 -64
560 16192 32
560 16208 336
576 16208 560
464 16112 560
352 16112 448
288 16272 464
448 16224 704
528 16208 560
704 16192 336
704 16176 432
480 16176 368
464 16096 368
432 16080 400
368 16208 48
384 16176 -48
288 16160 -48
320 16144 112
416 16224 -96
416 16256 -336
640 16208 -240
448 16160 -192
448 16160 -16
416 16128 -16
432 16112 -304
576 16144 -16
480 16128 208
608 16208 -144
528 16224 -48
528 16224 48
480 16224 48
464 16160 288
400 16144 256
384 16160 224
352 16176 208
400 16128 240
400 16128 272
368 16192 432
352 16224 528
320 16256 528
320 16208 688
400 16224 464
464 16192 304
480 16192 288
480 16208 80
384 16224 32
336 16224 32
400 16256 -96
576 16192 -192
560 16224 0
464 16176 -48
512 16144 0
512 16208 16
512 16208 -48
304 16272 -128
416 16288 -128
288 16240 -80
368 16224 32
320 16160 -16
320 16144 320
448 16144 208
464 16208 368
384 16208 368
512 16176 304
512 16112 336
560 16096 480
432 16176 416
448 16240 288
448 16240 112
384 16240 32
272 16112 32
224 16128 208
288 16176 400
384 16176 144
448 16160 -32
448 16208 -96
432 16224 48
400 16224 160
416 16176 304
416 16176 304
464 16288 304
576 16352 272
560 16208 96
576 16144 112
640 16240 304
512 16208 208
528 16256 448
528 16224 240
528 16224 192
640 16272 128
496 16272 128
512 16288 160
560 16224 288
688 16160 128
368 16176 128
368 16224 48
416 16240 176
608 16208 384
608 16224 144
624 16240 176
480 16256 -32
480 16160 -160
400 16160 -160
496 16144 -112
576 16160 16
336 16128 -80
384 16112 16
384 16176 32
384 16192 224
384 16192 368
480 16176 176
464 16096 176
336 16128 208
416 16144 176
384 16080 240
384 16160 272
400 16144 384
400 16208 192
400 16208 144
272 16160 64
416 16160 256
416 16208 256
368 16304 288
416 16224 0
352 16176 96
400 16288 32
400 16240 80
336 16240 64
464 16192 64
368 16224 0
512 16176 0
528 16192 144
544 16096 128
480 16240 208
480 16288 80
480 16288 -48
448 16272 -48
496 16240 208
320 16256 160
368 16240 192
400 16224 256
400 16160 224
400 16208 240
496 16208 240
384 16256 160
400 16128 48
480 16192 128
496 16160 96
544 16144 -96
544 16096 224
544 16128 208
528 16224 48
432 16192 336
432 16160 256
368 16160 336
288 16256 336
336 16208 208
416 16224 -224
400 16192 -80
416 16224 -32
400 16176 176
400 16240 -48
272 16320 96
272 16288 96
336 16288 96
272 16304 208
368 16304 208
464 16256 112
496 16240 -128
704 16224 80
656 16144 64
448 16192 16
432 16128 64
464 16208 32
464 16336 -16
416 16336 -128
512 16240 0
576 16224 192
560 16256 288
512 16272 -64
512 16208 176
464 16208 176
320 16272 144
384 16240 208
464 16240 0
448 16176 -16
496 16160 64
560 16176 16
560 16256 -240
496 16288 -192
512 16288 -192
464 16272 -192
480 16304 96
464 16240 64
400 16256 48
400 16272 48
400 16272 128
416 16144 128
432 16160 176
400 16176 128
320 16192 400
432 16176 272
400 16176 48
400 16176 -208
368 16256 -208
368 16160 -256
336 16176 -160
304 16160 -32
272 16176 32
256 16128 16
256 16144 64
480 16144 -48
464 16192 -48
416 16080 208
480 16128 256
528 16208 336
528 16192 224
448 16208 192
432 16144 128
432 16208 288
240 16208 208
368 16192 208
384 16160 -32
320 16208 -80
144 16160 224
544 16192 48
544 16256 -16
512 16256 -192
544 16256 -160
416 16304 -160
416 16320 -48
400 16256 -64
448 16192 144
368 16048 -32
320 16112 256
384 16208 272
352 16096 400
416 16208 192
416 16256 -272
688 16256 -624
1648 15488 -960
1568 15808 -960
1248 15776 -112
800 16096 -176
912 16176 -32
960 16208 -80
480 16240 -192
480 16288 -160
96 16288 -160
240 16208 96
288 16208 192
304 16224 208
592 16112 -192
480 16112 -160
480 16192 144
528 16192 48
576 16240 208
384 16240 208
464 16256 64
416 16160 -48
432 16192 128
432 16320 336
464 16256 224
496 16256 160
416 16208 -96
368 16160 -32
432 16096 48
560 16080 -112
640 16176 -224
688 16160 -224
688 16128 -192
416 16128 -192
432 16160 -208
320 16192 -48
320 16208 288
480 16176 336
560 16224 192
400 16256 176
384 16176 208
464 16192 32
400 16272 160
496 16208 128
496 16208 64
560 16144 64
464 16192 48
304 16256 32
272 16256 80
384 16208 48
384 16224 96
384 16176 160
448 16192 128
448 16192 352
352 16208 352
448 16112 112
320 16192 32
336 16192 272
432 16240 160
480 16176 64
480 16240 96
448 16240 96
464 16272 -160
448 16208 16
400 16240 -16
400 16224 48
336 16256 32
336 16240 0
352 16240 0
288 16224 64
304 16272 -112
336 16256 -304
352 16256 144
352 16272 144
384 16224 64
480 16240 96
480 16208 240
448 16208 240
352 16176 192
416 16192 -32
480 16176 80
368 16272 -48
352 16272 16
400 16224 64
384 16176 192
368 16208 -16
528 16224 -64
368 16240 16
368 16240 -64
544 16192 -64
480 16224 0
560 16272 16
496 16272 16
464 16192 80
464 16208 48
480 16272 320
480 16240 128
544 16240 144
464 16208 80
464 16208 64
464 16192 64
544 16256 80
432 16304 96
592 16240 32
512 16240 112
512 16176 32
576 16160 256
448 16176 208
448 16176 192
448 16176 80
368 16224 80
528 16256 32
448 16256 208
304 16224 400
368 16176 256
384 16272 256
384 16304 160
400 16304 192
464 16144 64
544 16208 112
592 16192 112
368 16160 128
608 16176 -64
320 16208 16
368 16176 64
368 16176 96
288 16240 144
288 16240 128
288 16272 96
384 16288 112
384 16256 208
416 16272 160
512 16128 48
576 16160 -48
496 16224 80
464 16176 144
512 16192 -208
560 16224 -16
576 16064 128
496 16112 160
416 16160 160
240 16176 176
240 16176 112
336 16224 112
304 16224 192
512 16224 176
464 16224 96
496 16240 208
608 16240 128
592 16176 432
528 16256 176
512 16176 224
512 16224 224
480 16208 144
496 16112 208
528 16192 240
432 16160 576
512 16144 240
512 16192 -80
512 16192 48
400 16176 48
320 16112 160
368 16240 240
464 16176 176
448 16176 208
560 16192 16
560 16224 64
480 16256 112
336 16256 176
496 16224 128
592 16224 128
480 16096 112
272 16144 192
416 16240 96
384 16176 192
400 16224 288
416 16176 288
368 16064 240
368 16192 48
336 16192 304
416 16304 496
416 16192 496
192 16128 160
304 16272 240
368 16224 80
464 16192 144
512 16208 16
528 16176 160
544 16208 -80
544 16208 32
560 16208 32
528 16192 -16
240 16192 96
432 16208 128
368 16224 176
432 16128 -144
400 16208 -80
528 16192 -64
528 16272 -48
576 16272 -48
496 16304 208
400 16288 288
448 16224 192
288 16192 224
304 16176 336
448 16176 128
384 16128 48
432 16176 64
432 16176 368
336 16240 368
368 16208 336
384 16208 288
400 16304 384
416 16240 464
368 16208 96
368 16208 272
368 16240 272
