startup(x,y,z):(176,16144,208)
-2320 17056 4640
-2528 15680 -8592
224 15632 -8592
-192 15456 -1344
880 14608 320
1248 14576 -240
384 15392 -112
384 15392 -9968
-688 13376 -9968
-2992 13232 -8736
-1296 15520 -4768
-1376 15344 -2080
-288 15728 -1632
-288 15728 -800
48 16304 -800
704 16400 944
608 16512 848
1280 16448 992
1280 16256 1072
880 16256 960
800 16192 960
848 16224 736
784 16144 720
736 16064 496
256 16048 272
256 16128 0
416 16128 0
80 16192 -224
96 16144 160
48 16144 48
32 16240 0
32 16176 -208
-32 16176 -208
64 16080 -48
128 16144 -208
144 16224 -64
144 16176 144
144 16160 272
304 16160 272
256 16240 192
224 16208 16
144 16160 128
160 16176 304
160 16176 464
112 16176 336
208 16176 336
240 16176 304
144 16176 -16
160 16096 192
160 16080 0
80 16080 0
144 15792 544
32 15904 480
256 16288 -112
224 16192 48
224 16096 144
240 16096 224
160 16112 224
272 16096 176
320 16160 368
368 16176 496
368 16272 512
240 16272 512
80 16160 448
128 16128 416
160 16080 304
192 16112 0
192 16160 240
272 16160 288
224 16224 288
272 16128 144
160 16160 128
256 16224 208
192 16176 160
192 16176 16
80 16192 16
80 16176 128
-128 16128 336
16 16160 160
-16 16176 288
-16 16128 592
16 16128 320
192 16112 320
304 16160 400
224 16224 320
176 16144 400
176 16144 272
336 16192 272
256 16176 368
432 16160 336
320 16240 112
432 16240 80
432 16160 416
352 16160 192
288 16128 160
224 16128 128
64 16064 128
32 16080 320
80 16096 224
80 16112 176
80 16080 -48
128 16080 496
0 16080 496
96 16096 416
240 16128 352
336 16208 32
192 16128 176
128 16144 160
128 16160 160
32 16160 160
128 16176 160
128 16128 256
240 16160 288
240 16176 160
240 16176 240
240 16144 192
128 16176 192
160 16128 320
160 16144 352
96 16240 256
128 16240 320
128 16240 368
112 16208 336
144 16176 336
368 16144 176
288 16176 256
368 16160 80
320 16112 160
288 16080 464
208 16096 384
208 16128 192
352 16128 96
304 16144 96
384 16176 144
256 16176 256
256 16208 272
208 16048 192
208 16192 160
144 16192 16
176 16240 144
128 16224 240
288 16256 240
160 16368 368
240 16288 -80
112 16224 208
112 16256 208
80 16256 208
96 16128 656
48 16112 608
160 16176 416
16 16112 288
80 16192 176
128 16224 160
128 16192 208
48 16192 208
96 16128 160
192 16112 240
400 16112 272
192 16112 288
192 16208 144
208 16208 320
208 16096 320
144 16112 16
192 16128 304
128 16080 240
176 16176 224
224 16112 320
224 16112 368
64 16160 368
192 16208 176
160 16208 32
144 16176 208
112 16160 464
112 16224 336
144 16224 320
384 16160 80
208 16160 80
64 16080 336
0 16112 272
-144 16160 496
-144 16144 192
-32 16144 176
-48 16144 176
-32 16128 176
16 16160 256
192 16128 192
192 16048 208
144 16112 256
64 16176 16
64 16176 48
192 16192 48
96 16224 208
112 16160 544
96 16112 496
96 16176 352
288 16192 240
288 16192 464
160 16112 464
-96 16112 384
96 16160 384
160 16080 400
240 16144 160
240 16256 192
240 16176 304
320 16176 48
224 16128 176
-32 16112 336
32 16208 336
48 16160 160
0 16096 256
48 16144 272
96 16176 240
96 16176 96
176 16160 96
144 16112 208
224 16080 112
144 16064 384
128 16096 368
128 16064 48
128 16096 240
224 16096 160
208 16096 160
128 16160 96
96 16160 128
160 16160 224
112 16160 192
112 16160 336
64 16160 96
160 16096 96
96 16144 256
144 16144 416
64 16128 400
96 16176 240
128 16112 272
176 16112 304
64 16112 336
384 16080 336
272 16032 512
160 16096 336
336 16192 288
336 16096 144
320 16096 128
336 16144 128
320 16112 288
224 16176 96
96 16240 208
160 16208 128
64 16160 192
64 16160 416
160 16160 416
160 16112 384
32 16160 416
112 16144 272
208 16096 432
208 16096 224
224 16160 224
208 16176 304
144 16160 160
272 16144 16
160 16064 144
160 16064 160
160 16064 80
304 16128 80
208 16160 0
176 16176 176
192 16176 448
320 16096 448
112 16080 352
160 16144 256
256 16096 304
288 16048 352
208 16032 272
208 16032 480
128 16064 480
128 16144 432
192 16128 272
256 16240 80
192 16192 304
192 16128 96
144 16144 112
64 16192 176
192 16192 288
64 16224 288
32 16192 160
-16 16192 256
0 16192 336
0 16192 448
32 16192 624
80 16112 624
160 16096 512
112 16160 528
144 16160 544
144 16144 464
240 16144 464
448 16160 304
400 16096 384
304 16032 320
304 16000 192
304 16000 192
224 16096 272
96 16128 400
160 16160 496
64 16240 512
64 16272 416
80 16176 320
208 16176 336
160 16192 336
160 16192 272
208 16128 592
224 16080 480
224 16112 688
224 16144 624
144 16144 336
208 16112 336
304 16160 224
240 16080 432
208 16112 272
240 16128 128
160 16128 128
192 16048 144
128 16096 192
144 16128 320
112 16080 272
112 16144 416
96 16080 464
96 16080 464
112 16080 240
96 16048 368
-32 16080 320
80 16192 240
0 16144 352
0 16144 336
48 16160 336
-80 16096 448
-16 16112 448
-64 16160 256
112 16128 288
112 16128 256
80 16128 256
32 16240 240
48 16240 240
160 16176 208
-48 16112 208
-80 16160 96
-80 16128 -176
96 16128 -176
288 16080 -112
288 16192 -64
352 16160 16
224 16208 176
192 16160 192
336 16176 176
336 16176 352
256 16176 352
448 16160 128
176 16128 144
160 16080 176
128 16144 192
80 16160 304
112 16160 224
112 16176 192
-16 16192 224
-16 16048 256
176 16048 256
224 16064 448
-64 16064 432
16 16176 208
16 16128 96
80 16144 176
208 16080 160
48 16160 176
-16 16128 144
112 16080 144
96 16096 128
96 16096 -112
160 16112 -112
-16 16112 224
80 16096 64
112 16112 144
112 16176 208
112 16208 240
112 16208 112
384 16192 112
288 16176 368
224 16176 368
320 16208 416
272 16224 176
208 16160 112
208 16160 288
240 16176 288
208 16160 160
192 16080 64
128 16096 320
96 16160 240
96 16160 96
288 16144 -80
288 16144 0
352 16144 0
272 16160 -112
240 16096 96
304 16144 160
304 16192 128
240 16192 96
208 16192 256
256 16224 256
320 16176 240
224 16112 160
160 16144 -80
64 16128 64
64 16112 352
128 16112 384
112 16064 384
144 16112 416
16 16160 272
16 16144 112
96 16160 128
144 16160 -80
272 16144 -80
288 16128 -96
208 16176 -32
208 16064 64
112 16176 -48
112 16208 160
112 16208 112
240 16128 112
192 16128 448
272 16096 384
176 16112 400
80 16144 416
80 16144 160
176 16128 160
192 16192 432
224 16160 432
144 16048 416
320 16080 320
320 16048 256
192 16048 256
96 16128 352
144 16048 224
272 16048 32
272 16080 160
272 16112 208
128 16112 416
144 15904 160
208 16112 160
176 16112 544
160 16080 592
272 16160 528
272 16144 256
128 16144 256
160 16112 96
64 16160 464
96 16224 352
224 16096 400
224 16080 352
112 16096 272
112 16112 288
160 16112 288
112 16144 496
160 16096 528
192 16128 576
192 16032 464
176 16032 448
192 16032 448
-80 16144 288
64 16096 336
192 16080 304
160 16080 304
176 16128 352
240 16128 224
288 16096 224
208 16064 -32
224 16144 176
128 16144 304
128 16080 352
80 16080 352
-160 16048 400
-64 16032 304
112 16064 288
80 16128 208
-48 16144 352
-48 16144 160
0 16192 160
-160 16128 304
-48 16256 144
0 16192 96
0 16160 160
16 16160 160
192 16144 64
192 16080 176
192 16128 224
144 16096 -80
240 16208 -192
240 16144 80
240 16144 32
144 16144 32
-48 16176 240
64 16128 304
32 16192 448
0 16128 368
0 16160 480
-80 16160 384
48 16128 256
192 16032 256
96 16080 432
160 16160 240
192 16112 224
192 16112 128
16 16144 128
112 16160 64
96 16160 224
16 16128 368
