startup(x,y,z):(464,16224,144)
352 16288 -96
720 16256 272
1264 16320 -224
3952 16192 -6592
3552 16304 -5808
-880 16640 -160
-4544 16432 3264
-2080 15920 2224
-800 16560 4048
-2128 15856 4432
-2400 15776 3744
-2400 15776 2784
256 15968 912
1216 16032 912
3168 16048 80
3248 16064 800
1408 15952 1744
144 16080 2608
736 16080 1456
2528 16416 -496
784 16272 -496
-704 16256 -400
-832 16432 -2112
64 16320 -2112
384 16288 -2432
240 16368 -2624
448 16368 -1744
288 16384 -1376
576 16272 -1088
704 16224 -1104
528 16176 -672
528 16224 192
272 16208 1152
272 16208 1488
128 16144 1488
288 16144 1760
688 16192 1552
960 16288 1520
752 16176 1168
576 16224 1184
224 16384 688
256 15056 464
32 16496 96
32 15824 -80
288 16368 -720
336 16368 -576
400 16336 -576
176 16304 -928
144 16400 -928
384 16240 -992
1072 16208 -304
672 16240 -352
672 16256 -176
768 16288 240
960 16400 224
-4384 16336 4448
-4432 18976 3792
-1424 15632 32
-1424 14576 -800
-160 14576 -128
272 16176 -256
224 16480 -256
496 16480 176
464 16576 176
336 16384 800
48 16224 976
432 16176 352
720 16064 128
800 16224 -320
800 16224 -256
736 16400 -368
688 16400 -688
368 16320 -640
160 16288 -512
160 16288 -288
192 16224 -288
192 16272 -624
416 16288 -784
432 16240 -672
384 16208 -288
512 16240 -304
512 16240 176
512 16272 224
560 16272 288
608 16352 288
704 16272 432
592 16224 96
464 16224 144
576 16288 32
512 16352 48
512 16256 -144
528 16256 -112
448 16288 -176
528 16288 -368
384 16288 -368
208 16368 -352
160 16288 320
128 16208 320
96 16176 448
128 16240 544
272 16192 608
400 16112 1024
448 16192 880
624 16128 704
624 16112 560
592 16112 656
336 16176 512
368 16224 512
352 16160 464
432 16240 176
448 16304 80
464 16240 -160
464 16240 -240
480 16224 -432
320 16224 -432
224 16240 -176
368 16208 -192
416 16208 -256
208 16240 -224
400 16176 48
400 16144 96
368 16144 96
368 16208 288
320 16144 480
320 16160 688
480 16112 608
560 16176 400
432 16192 272
432 16224 64
432 16176 464
560 16176 464
576 16208 48
416 16208 128
352 16176 336
512 16224 -16
672 16240 -144
544 16240 -96
544 16208 -96
560 16208 -144
640 16192 -208
576 16192 -64
592 16208 -64
512 16160 304
512 16192 416
608 16208 160
544 16192 176
528 16176 256
528 16144 320
560 16160 480
544 16160 272
544 16176 272
512 16208 464
496 16224 560
352 16208 512
416 16256 368
416 16352 720
80 16352 720
-512 16368 1216
400 16192 464
928 16208 176
640 16208 -320
1056 16208 -544
784 16256 -672
784 16256 -528
496 16256 -624
384 16256 -624
128 16272 224
96 16320 208
16 16224 176
288 16144 288
384 16160 -16
400 16208 0
400 16208 32
592 16192 288
624 16144 288
624 16176 320
624 16208 480
464 16240 496
464 16256 112
336 16208 80
480 16240 -192
512 16240 -320
512 16208 -320
192 16192 -128
448 16224 -128
480 16256 224
496 16272 -48
496 16288 -176
544 16288 -192
736 16256 -192
640 16224 -16
496 16208 176
464 16240 -16
480 16256 -16
352 16256 272
400 16240 240
400 16240 80
400 16176 80
432 16208 48
448 16288 352
688 16192 336
672 16080 0
672 16112 144
576 16208 160
400 16208 48
464 16096 96
448 16208 96
640 16160 -32
592 16160 -224
416 16208 -192
480 16176 -144
480 16176 -144
672 16240 -304
592 16160 -48
576 16144 224
576 16192 224
560 16208 32
608 16208 176
512 16192 112
512 16192 352
528 16208 352
448 16208 304
384 16176 144
304 16240 80
448 16208 0
448 16176 32
496 16208 128
528 16208 128
592 16144 144
528 16192 144
448 16304 144
592 16288 -16
464 16320 0
464 16336 240
448 16336 240
336 16256 432
352 16160 240
288 16176 416
400 16176 432
400 16208 224
432 16208 192
432 16208 128
448 16144 128
448 16144 176
384 16160 144
384 16256 -48
400 16160 112
272 16192 48
272 16208 -160
320 16208 -128
400 16256 -128
448 16176 96
464 16144 -96
368 16208 -48
400 16192 32
400 16144 240
512 16144 320
416 16144 320
384 16176 240
448 16240 80
496 16272 80
512 16208 112
512 16208 192
496 16208 240
512 16208 240
528 16224 176
608 16224 240
592 16160 208
352 16176 128
352 16128 112
496 16128 112
480 16192 112
288 16224 208
368 16272 160
416 16256 224
416 16256 176
336 16224 80
336 16224 256
256 16208 112
272 16208 112
288 16240 144
400 16272 96
416 16192 64
400 16176 64
400 16176 224
288 16208 64
272 16272 64
320 16288 -32
400 16256 16
512 16176 96
544 16096 256
560 16080 320
560 16080 560
512 16144 560
496 16224 -16
464 16240 96
352 16240 64
448 16288 48
416 16224 -80
416 16320 -192
448 16304 -224
448 16304 -384
432 16256 -384
416 16304 -288
160 16160 48
128 16176 32
304 16160 80
400 16192 208
400 16192 192
448 16272 304
416 16224 304
576 16192 224
544 16240 192
368 16192 224
496 16160 576
496 16208 272
448 16208 112
448 16208 0
448 16288 64
400 16288 48
400 16176 48
416 16192 16
400 16240 400
256 16272 128
496 16256 48
496 16288 64
416 16272 80
416 16272 -48
368 16272 -48
400 16320 -48
640 16208 48
448 16304 176
416 16272 240
432 16288 -32
448 16208 64
448 16224 -32
304 16224 224
496 16256 48
496 16208 -192
496 16240 -48
336 16192 64
384 16208 128
384 16288 32
320 16288 256
384 16240 256
352 16224 160
304 16208 48
480 16192 -48
560 16224 -80
560 16208 -160
496 16208 -160
496 16144 -64
608 16208 -112
496 16144 -64
352 16240 80
448 16128 176
448 16224 80
448 16224 224
416 16208 64
400 16288 64
480 16256 16
720 16240 -96
720 16224 -96
720 16256 0
400 16256 0
416 16240 -80
288 16256 96
400 16160 128
448 16144 96
368 16224 64
464 16144 -16
480 16128 16
480 16208 -96
336 16208 -96
464 16288 -96
608 16256 -16
400 16240 224
576 16272 0
560 16272 48
512 16240 208
512 16240 48
448 16208 192
512 16208 192
320 16176 272
464 16096 192
448 16176 96
448 16256 -32
448 16256 32
576 16176 160
448 16176 272
448 16176 272
544 16208 128
304 16192 128
336 16160 48
416 16192 16
288 16176 176
288 16192 288
352 16192 208
448 16192 208
480 16208 -64
448 16160 128
272 16208 224
352 16240 160
352 16192 16
544 16256 0
400 16256 224
448 16352 224
432 16272 32
464 16256 192
480 16160 48
416 16160 160
512 16208 176
512 16208 352
528 16208 352
512 16288 160
416 16224 256
416 16256 256
400 16208 -80
480 16256 32
480 16256 96
432 16272 64
432 16272 -256
464 16320 -80
448 16304 -80
400 16272 352
400 16272 272
400 16256 480
352 16256 448
480 16320 256
480 16208 544
528 16208 544
416 16208 320
400 16192 -16
480 16256 0
432 16176 112
464 16208 128
480 16224 160
496 16192 192
608 16160 16
576 16176 -208
576 16176 0
592 16096 -48
528 16096 240
464 16048 240
592 16112 96
608 16160 16
464 16224 48
496 16224 112
464 16224 0
416 16160 80
416 16160 416
448 16176 496
448 16176 80
384 16224 80
496 16208 112
464 16256 160
656 16128 64
560 16192 96
384 16224 32
368 16272 48
576 16256 128
480 16240 96
512 16272 112
512 16240 96
464 16240 96
448 16176 96
384 16208 272
400 16192 224
352 16240 304
368 16192 144
400 16144 304
432 16240 320
368 16208 208
368 16144 64
400 16144 -96
352 16144 -96
400 16160 -32
320 16272 320
496 16256 272
400 16320 256
400 16320 160
400 16320 144
448 16272 144
528 16320 112
496 16288 -96
320 16224 80
320 16208 352
416 16208 144
416 16208 288
448 16272 176
400 16304 112
288 16336 112
352 16336 -160
400 16224 288
480 16192 480
432 16144 512
432 16176 256
384 16176 208
272 16208 208
320 16240 176
480 16224 -16
368 16240 112
336 16208 192
336 16256 112
400 16256 224
416 16192 224
432 16240 480
256 16224 240
272 16208 224
384 16224 160
432 16288 112
464 16272 144
