startup(x,y,z):(464,16160,112)
-512 16352 1808
1072 15936 1232
-400 16400 1136
1616 15856 144
1520 16160 -688
784 16208 -720
656 16336 -1584
656 16144 -432
720 16144 -432
-80 16224 304
-272 16224 512
32 16240 176
256 16224 -256
224 16192 -128
416 16256 -64
784 16256 16
848 16352 576
480 16288 816
480 16288 1024
416 16208 1024
464 16112 992
160 16208 1184
128 16224 1024
352 16192 544
480 16272 -176
720 16272 -528
656 16272 -672
640 16240 -784
640 16240 -688
384 16240 -624
240 16224 -624
208 16176 -368
96 16192 -336
112 16272 128
112 16256 416
560 16208 416
832 16208 512
832 16224 464
608 16224 912
416 16208 912
160 16144 896
-16 16144 928
96 16176 800
320 16144 432
320 16192 -144
352 16192 -144
416 16240 -176
400 16320 -400
704 16336 -688
512 16352 -576
368 16304 -384
192 16272 112
192 16256 16
256 16256 16
336 16224 288
512 16192 288
544 16224 -240
416 16272 32
464 16224 288
528 16096 544
400 16112 656
368 16208 384
368 16176 128
464 16176 -192
576 16160 -192
592 16256 -176
560 16192 -304
672 16160 -512
464 16192 -320
320 16144 16
432 16144 48
432 16224 64
480 16272 80
496 16272 176
480 16256 176
448 16224 208
512 16096 160
448 16032 320
448 16096 464
512 16128 240
576 16128 128
592 16176 128
512 16224 64
528 16208 -48
480 16240 32
416 16224 -128
416 16256 -416
384 16256 -416
336 16176 -96
368 16224 160
352 16176 160
384 16192 208
544 16224 16
592 16240 -32
592 16176 128
560 16192 96
432 16192 160
400 16208 160
496 16256 192
480 16208 272
448 16192 304
496 16208 240
592 16208 80
496 16208 -64
496 16128 -112
448 16128 -112
336 16128 48
368 16160 -176
272 16144 -80
416 16176 80
464 16208 -80
464 16208 -16
640 16208 96
736 16192 96
528 16240 -16
432 16208 -16
496 16160 288
320 16208 192
480 16272 320
528 16256 240
432 16224 240
448 16272 64
352 16224 128
352 16224 -320
400 16240 -304
496 16320 -192
352 16160 -192
416 16080 64
448 16176 96
496 16272 48
384 16256 256
336 16208 288
336 16240 176
416 16240 336
384 16352 336
272 16352 224
432 16336 400
528 16272 256
528 16208 160
528 16256 256
528 16304 96
480 16224 32
480 16160 304
496 16160 176
336 16144 16
256 16208 16
208 16176 -112
288 16176 160
240 16208 160
288 16256 144
304 16176 128
368 16224 144
416 16272 272
576 16224 272
576 16192 192
480 16192 -32
448 16208 -32
336 16240 144
432 16208 560
480 16192 368
624 16208 208
560 16288 -32
576 16256 0
576 16256 -240
544 16256 16
448 16256 16
512 16128 160
496 16128 112
512 16160 96
512 16224 144
336 16224 -80
336 16176 -304
368 16176 -304
336 16256 -32
656 16240 -64
624 16256 -48
592 16176 32
432 16176 48
432 16160 32
384 16160 32
400 16208 0
352 16208 160
368 16192 368
336 16240 272
432 16256 240
288 16192 112
464 16192 96
464 16080 80
512 16080 80
592 16048 160
496 16064 144
448 16192 288
480 16192 208
400 16176 -224
480 16272 -96
528 16320 -32
448 16304 -48
448 16256 -80
368 16256 -80
480 16240 -192
416 16304 0
496 16240 112
496 16192 112
512 16192 64
432 16176 240
384 16272 176
384 16240 112
448 16240 0
400 16240 0
336 16224 16
464 16176 208
432 16192 96
368 16160 288
384 16192 96
368 16224 32
368 16064 32
512 16064 320
416 16096 320
544 16176 144
512 16208 96
592 16160 80
320 16192 -192
304 16288 -112
320 16256 48
320 16272 208
352 16208 208
432 16224 -48
400 16224 16
352 16224 256
464 16272 144
320 16224 144
432 16272 144
448 16240 256
464 16240 -64
320 16256 176
432 16208 112
432 16208 16
400 16208 -32
432 16208 -32
448 16192 288
368 16256 272
384 16240 160
432 16224 176
464 16176 528
496 16224 80
320 16272 96
400 16272 -128
432 16272 224
608 16240 96
528 16224 -64
560 16160 -64
544 16192 16
528 16192 -64
608 16176 -384
416 16224 -96
416 16128 -16
496 16128 96
480 16176 304
368 16128 112
416 16144 112
464 16176 192
576 16128 112
480 16176 -16
480 16160 32
480 16176 192
256 16192 32
288 16192 160
368 16192 160
384 16272 176
384 16256 64
384 16256 32
432 16272 320
416 16288 128
400 16320 224
400 16240 96
496 16240 96
432 16288 64
416 16256 336
304 16224 240
384 16176 288
496 16128 208
400 16128 208
400 16096 224
352 16144 256
432 16240 128
384 16240 240
384 16224 16
416 16224 144
288 16224 144
256 16256 64
336 16176 192
400 16176 128
448 16176 192
448 16128 352
400 16128 160
496 16144 160
512 16208 144
496 16208 176
480 16112 144
496 16128 -64
496 16128 144
432 16160 144
352 16160 48
464 16240 32
384 16336 0
384 16256 128
416 16256 0
400 16208 0
496 16160 48
480 16144 80
480 16176 128
512 16208 16
464 16192 0
464 16192 -512
560 16224 -272
464 16176 48
480 16224 64
464 16240 224
448 16144 160
448 16144 32
544 16144 -224
608 16144 -80
624 16112 96
480 16224 48
464 16208 -224
464 16192 -176
448 16240 0
400 16240 96
400 16192 96
560 16208 -96
496 16208 -64
512 16160 -16
400 16208 160
304 16256 144
464 16224 16
464 16256 128
416 16256 128
496 16224 96
480 16192 16
512 16224 16
544 16176 336
464 16224 80
304 16208 128
336 16224 -16
336 16288 -112
320 16240 -64
336 16240 -48
512 16256 -48
448 16320 -128
288 16256 -32
384 16160 80
384 16144 -48
304 16240 32
368 16240 0
384 16208 -80
352 16240 -80
544 16224 192
512 16192 144
512 16192 272
416 16208 336
432 16208 176
480 16224 16
480 16224 -64
608 16176 -64
400 16256 96
368 16208 160
352 16176 160
384 16224 -32
336 16272 -96
304 16208 352
336 16176 192
256 16208 48
416 16304 48
448 16256 -80
432 16208 0
432 16160 80
320 16224 80
400 16208 304
464 16192 288
496 16192 240
496 16192 288
352 16288 288
576 16224 224
576 16176 448
560 16176 448
496 16256 352
432 16288 224
416 16272 160
464 16224 80
624 16208 64
608 16304 48
608 16272 208
544 16272 288
240 16112 64
304 16224 80
256 16224 112
384 16240 176
464 16160 112
496 16224 144
512 16192 -16
512 16256 -96
608 16240 -48
496 16192 128
480 16208 -32
480 16208 336
528 16208 64
400 16176 64
480 16192 -32
416 16224 208
384 16256 256
448 16208 176
448 16160 176
560 16160 176
560 16080 224
496 16224 16
448 16336 16
368 16256 -16
384 16208 -80
432 16144 16
368 16192 -48
464 16208 -80
464 16208 240
352 16192 240
416 16096 32
544 16128 64
480 16208 160
512 16240 -32
304 16240 -80
368 16192 0
400 16224 16
352 16288 128
464 16288 208
464 16240 224
512 16240 -32
416 16288 -32
288 16240 -48
464 16160 0
432 16160 64
480 16144 32
480 16160 80
512 16176 32
400 16176 208
400 16176 320
432 16176 320
336 16192 320
448 16128 336
448 16160 192
304 16160 416
208 16112 304
384 16144 304
384 16208 272
448 16176 352
384 16160 96
384 16224 208
304 16224 48
400 16272 48
384 16256 16
400 16208 16
400 16192 112
464 16112 160
464 16112 224
336 16208 64
336 16208 160
480 16240 -112
496 16192 -128
400 16256 -128
464 16256 -64
464 16256 -128
512 16208 32
512 16160 -112
448 16160 -112
576 16144 64
464 16240 64
480 16240 32
432 16240 480
368 16240 176
224 16224 144
368 16208 -16
368 16272 128
368 16224 80
480 16224 192
592 16224 192
592 16224 -32
592 16224 -192
496 16224 -192
432 16160 32
416 16224 144
400 16208 96
448 16272 96
448 16176 64
400 16176 176
304 16240 176
480 16256 240
464 16240 304
368 16160 272
336 16192 256
336 16240 192
384 16256 48
384 16304 16
368 16368 160
400 16368 0
384 16336 0
480 16352 16
448 16272 -64
448 16176 64
496 16128 112
336 16096 16
336 16160 -16
352 16160 16
224 16192 16
368 16192 64
480 16224 32
