startup(x,y,z):(-320,16160,160)
-4656 16736 896
-2688 17088 2512
-1920 16960 16
-1872 16960 -1520
-1312 16032 -176
-912 16032 -176
-576 16208 928
-784 16032 -64
-288 16352 1696
-128 16272 528
-128 16464 -560
2128 16400 -1664
3504 15360 -1664
2512 15776 800
1392 16048 560
-64 16560 1360
-864 16288 432
-528 16272 -48
-528 16048 -624
80 16048 -624
-176 16208 -960
-384 16192 272
-304 16352 1888
688 16528 368
688 16272 -128
1104 16272 -1008
1072 16144 -1168
512 16048 -1168
-352 15936 -64
-864 16288 784
-720 16112 1088
-720 16112 144
-176 16112 32
-144 16016 32
-304 16160 -128
-576 16176 128
-368 16032 272
-368 16112 336
-336 16176 176
-352 16176 80
-448 16256 80
-672 16192 240
-304 16144 304
-352 16224 -160
-352 16288 -336
-336 16288 -336
-304 16240 -224
-464 16224 272
-592 16208 592
-448 16240 480
-272 16224 320
-144 16192 -224
-144 16192 176
-208 16160 208
16 16144 208
-112 16240 352
-80 16176 544
-96 16240 368
-96 16320 224
-64 16320 224
-112 16272 -320
-208 16272 -128
-256 16160 240
-256 16160 176
-336 16208 528
-320 16128 640
-320 16128 496
-288 16128 496
-368 16128 304
-304 16112 192
-144 16112 96
-352 16160 -80
-272 16144 -160
-272 16144 176
-368 16128 208
-320 16128 208
-240 16176 96
-304 16176 192
-176 16144 336
-128 16128 288
-128 16128 480
-352 16160 480
-368 16240 384
-208 16256 320
-336 16304 80
-416 16304 -160
-128 16288 288
-128 16192 320
80 16256 544
16 16256 544
112 16224 896
80 16304 32
-80 16256 0
-128 16176 192
-368 16224 496
-368 16224 32
-368 16272 32
-368 16176 80
-288 16208 64
-96 16192 64
-144 16192 240
-256 16224 512
-256 16240 368
-288 16240 368
-224 16192 112
-128 16144 16
-176 16128 240
-128 16224 256
-272 16208 336
-272 16160 384
-224 16160 176
-176 16224 176
-176 16176 128
-240 16192 32
-192 16208 320
-192 16288 256
-288 16288 304
-320 16256 304
-368 16240 80
-640 16288 128
-464 16240 208
-352 16224 336
-320 16208 320
-320 16208 112
-368 16208 112
-64 16240 -16
-144 16208 144
-176 16176 64
-176 16176 448
-256 16224 400
-384 16192 336
-400 16272 96
-368 16240 176
-160 16240 192
-160 16304 0
-176 16304 0
-224 16208 352
-192 16256 256
-48 16208 336
-128 16160 320
-128 16192 240
-320 16192 240
-320 16176 80
-224 16144 0
-304 16176 192
-272 16192 224
-272 16176 -128
-240 16144 -96
-240 16144 -96
-352 16208 128
-320 16256 -64
-528 16240 176
-528 16208 352
-480 16208 544
-448 16240 544
-272 16256 336
-160 16160 320
-272 16208 384
-112 16144 48
-112 16208 32
-128 16208 32
-224 16208 -32
-96 16176 -32
-128 16144 112
-320 16160 144
-320 16128 32
-144 16128 288
-160 16176 272
-192 16352 256
-272 16304 256
-192 16224 144
-256 16160 128
-256 16160 160
-320 16192 160
-336 16224 192
-368 16160 336
-336 16144 352
-336 16224 272
-384 16224 272
-320 16240 16
-352 16256 -144
-304 16272 -48
-240 16160 256
-304 16176 144
-304 16176 96
-224 16112 96
-336 16144 -32
-464 16208 272
-320 16224 128
-320 16128 448
-256 16128 320
-224 16096 320
-224 16128 336
-256 16144 400
-128 16192 16
-96 16160 48
-176 16160 -32
-176 16160 160
-240 16160 160
-352 16096 128
-288 16128 176
-416 16128 160
-160 16144 208
-160 16048 256
-128 16048 256
-112 16016 304
-256 16144 304
-272 16224 32
-256 16304 96
-256 16176 112
-192 16176 16
-176 16240 16
-304 16256 64
-256 16176 128
-160 16128 240
-256 16128 -96
-256 16128 -224
-320 16192 160
-256 16192 160
-320 16256 128
-336 16208 384
-320 16192 192
-320 16176 176
-224 16176 176
-144 16208 432
-320 16240 448
-464 16208 112
-416 16256 -48
-416 16256 -80
-336 16288 -176
-288 16288 -176
-384 16208 16
-400 16272 16
-352 16160 224
-352 16112 304
-304 16112 336
-496 16208 336
-368 16256 64
-368 16224 80
-304 16160 288
-304 16144 -96
-128 16176 80
-208 16176 64
-224 16144 64
-288 16112 208
-336 16160 320
-288 16192 240
-288 16208 336
-400 16208 336
-288 16176 192
-288 16160 304
-384 16192 208
-208 16224 224
-288 16192 16
-288 16224 -80
-272 16224 0
-96 16192 0
-208 16208 144
-128 16288 -48
-80 16240 48
-80 16192 -32
-112 16192 -32
-96 16272 -416
-192 16240 -64
-256 16176 112
-160 16144 48
-224 16144 96
-224 16192 32
-144 16192 32
-96 16240 80
-256 16160 416
-272 16208 352
-208 16208 304
-208 16208 560
-272 16160 560
-144 16208 272
-128 16208 112
-48 16192 112
-48 16192 64
-160 16208 -16
-160 16208 320
-192 16112 320
-368 16192 256
-96 16128 -32
16 16128 -16
16 16224 16
-160 16224 224
-304 16208 224
-288 16288 112
-400 16208 240
-448 16128 288
-336 16192 160
-336 16112 96
-176 16112 96
-256 16144 128
-240 16160 240
-240 16208 176
-240 16192 208
-240 16208 160
-352 16208 160
-336 16240 -96
-368 16240 -96
-304 16288 -112
-352 16272 -64
-352 16288 -208
-288 16288 192
-240 16304 192
-336 16304 272
-240 16272 224
-208 16224 48
-112 16192 -112
-112 16192 -48
-272 16160 96
-240 16176 96
-288 16160 0
-304 16144 144
-368 16144 144
-368 16144 368
-400 16192 368
-304 16240 576
-256 16192 448
-208 16160 432
-208 16080 208
-208 16080 -48
-96 16176 64
-224 16144 64
-288 16128 112
-224 16112 64
-304 16160 432
-256 16208 368
-256 16144 416
-144 16144 416
-224 16192 400
-176 16208 224
-496 16208 368
-432 16176 416
-336 16176 304
-288 16192 176
-288 16192 96
-256 16240 288
-240 16176 288
-256 16224 112
-320 16256 416
-336 16240 320
-336 16208 -64
-224 16208 -64
-240 16160 240
-256 16112 0
-256 16144 112
-368 16160 224
-368 16192 -32
-208 16192 64
-288 16208 64
-416 16224 496
-384 16272 448
-272 16144 304
-256 16144 320
-256 16144 304
-192 16192 304
-96 16160 176
-128 16144 208
-256 16128 464
-336 16128 576
-256 16096 496
-256 16096 496
-352 16160 496
-336 16224 368
-176 16224 80
-320 16160 208
-288 16032 240
-368 16160 240
-416 16192 240
-336 16144 208
-256 16112 320
-288 16128 80
-288 16160 96
-272 16160 96
-288 16176 192
-208 16160 144
-240 16128 288
-304 16160 80
-304 16160 -16
-256 16160 16
-192 16128 -80
-144 16080 -80
-192 16192 -64
-144 16112 112
-288 16192 320
-176 16144 320
-176 16144 208
-96 16160 208
-128 16160 288
-272 16160 48
-384 16128 144
-464 16144 240
-464 16128 352
-416 16128 224
-224 16128 224
-384 16160 240
-352 16064 320
-304 16128 336
-304 16144 112
-224 16144 112
-256 16240 128
-208 16208 16
-256 16208 384
-224 16176 544
-224 16224 384
-272 16208 368
-240 16208 368
-352 16192 384
-432 16192 192
-496 16240 304
-496 16272 320
-400 16272 320
-400 16192 416
-256 16176 272
-32 16160 128
-128 16192 96
-128 16160 368
-208 16144 592
-256 16144 592
-272 16096 480
-272 16128 128
-288 16128 176
-288 16112 208
-304 16112 208
-224 16256 16
-336 16240 144
-224 16208 -16
-416 16128 208
-416 16048 256
-288 15984 192
-304 15984 192
-288 16128 304
-320 16144 288
-192 16160 -96
-256 16256 -144
-256 16304 160
-304 16304 -48
-240 16256 -48
-272 16240 144
-352 16192 416
-320 16144 320
-352 16224 336
-352 16240 400
-416 16240 400
-272 16192 288
-288 16128 416
-256 16080 224
-256 16144 304
-272 16144 384
-368 16224 384
-304 16240 352
-224 16176 16
-160 16176 -112
-80 16240 48
-208 16224 144
-208 16224 176
-352 16176 176
-416 16176 320
-320 16192 400
-288 16224 400
-288 16224 192
-288 16176 -64
-208 16208 -192
-192 16224 -48
-160 16224 96
-368 16144 208
-240 16160 288
-240 16160 -96
-352 16224 -96
-336 16192 -64
-272 16176 112
-256 16160 368
-256 16112 304
-304 16112 496
-288 16080 496
-272 16160 192
-80 16224 112
-96 16144 224
-208 16192 80
-208 16192 -16
-96 16272 176
-240 16256 176
-96 16256 256
-160 16192 496
-160 16208 272
-160 16208 320
-368 16176 -32
-240 16176 160
-256 16224 224
-384 16112 384
-368 16176 176
-368 16176 160
-464 16176 160
-384 16208 240
-288 16160 224
-128 16128 -48
-272 16192 0
-272 16224 -160
-176 16224 -160
-208 16192 368
-128 16192 48
-272 16208 112
-192 16224 192
-192 16240 112
-80 16240 112
-320 16240 64
-240 16304 -96
-224 16304 0
-224 16240 160
