startup(x,y,z):(96,16144,368)
16032 14528 5536
8576 15232 18528
2720 15232 7104
7392 18336 7104
7984 13936 1664
6016 14928 -7808
-224 15392 -2368
3312 15504 1872
1040 14864 -3232
1040 15616 -1760
-1552 15616 -592
-384 15856 -592
-2208 16000 -880
-96 16288 -448
-176 16512 -400
-176 16192 -736
32 16192 -736
-96 15984 -336
-48 16000 -64
-32 16160 32
160 16144 128
368 16096 176
16 16048 64
16 16144 256
448 16144 256
512 16208 464
288 16080 176
368 16176 0
32 16240 48
32 16144 208
160 16144 80
176 16192 320
176 16192 288
144 16144 -32
64 16160 -32
48 16144 -48
208 16176 144
96 16144 208
96 16192 240
96 16192 160
128 16128 160
96 16096 144
0 16048 192
48 16096 496
80 16112 240
288 16096 304
288 16112 272
304 16112 112
192 16176 112
176 16096 304
160 16144 272
272 16192 288
272 16112 240
176 16112 256
160 16112 240
160 16176 304
224 16176 304
144 16192 304
-16 16208 448
-16 16224 512
-16 16240 320
-16 16160 352
32 16160 352
-16 16176 272
64 16208 224
64 16192 192
160 16144 240
176 16176 160
128 16128 224
128 16128 192
144 16128 192
112 16160 112
176 16112 64
80 16272 0
112 16160 -48
112 16160 -64
-64 16128 -64
-80 16128 256
48 16096 256
0 16080 336
80 16112 272
16 16144 32
160 16112 -32
128 16192 240
128 16128 160
112 16128 192
64 16112 144
112 16128 464
112 16160 336
-48 16176 400
128 16096 624
96 16144 560
176 16080 448
176 16144 416
32 16144 416
64 16112 288
64 16128 -32
80 16112 240
80 16128 256
64 16144 304
64 16176 368
64 16176 448
144 16176 576
304 16176 576
240 16240 336
256 16208 144
256 16208 224
272 16144 352
288 16144 352
256 16128 -64
144 16144 32
96 16128 -16
160 16160 288
80 16128 288
80 16112 224
160 16112 224
32 16096 224
-80 16112 0
-176 16160 272
-64 16112 464
-64 16112 224
-128 16192 224
-16 16160 352
48 16144 416
128 16160 320
16 16112 560
-48 16096 384
80 16112 288
80 16112 320
160 16112 320
176 16032 320
176 16016 224
224 16112 224
128 16160 224
128 16208 256
-64 16128 208
0 16112 112
64 16112 32
64 16128 32
176 16176 0
176 16192 256
160 16128 304
160 16128 320
32 16160 320
176 16016 512
48 16128 336
112 16144 48
96 16112 208
144 16224 192
144 16160 176
48 16160 176
-80 16176 432
0 16224 304
16 16096 272
16 16080 368
80 16144 176
112 16144 176
0 16256 240
96 16128 256
32 16112 128
16 16192 128
144 16144 192
144 16144 -80
64 16128 -80
32 16160 304
-128 16128 432
48 16176 288
96 16240 256
96 16240 304
-112 16224 304
80 16256 272
16 16208 32
176 16192 0
224 16144 176
64 16144 32
48 16192 64
48 16192 -144
224 16160 -144
32 16112 160
96 16176 -112
0 16144 160
0 16080 160
96 16080 160
112 16176 528
0 16208 528
64 16192 240
128 16192 304
-64 16192 256
-64 16112 320
48 16112 288
48 16144 112
176 16144 112
80 16160 112
-32 16144 336
48 16176 288
80 16128 320
80 16160 192
16 16160 464
192 16128 464
-96 16128 496
96 16192 176
224 16128 176
224 16096 272
144 16096 272
176 16112 -48
208 16112 80
256 16080 160
144 16144 32
144 16144 208
160 16192 208
80 16112 256
96 16144 64
208 16128 176
208 16096 288
224 16096 336
256 16144 336
256 16128 160
80 16016 224
32 16048 224
192 16096 64
192 16064 480
160 16080 256
352 16080 256
192 16128 448
-64 16064 400
-16 16160 176
96 16096 288
16 16064 208
16 16096 432
32 16128 400
208 16128 336
160 16176 336
64 16160 320
48 16128 272
96 16160 384
96 16208 272
48 16208 272
64 16160 288
80 16096 496
48 16128 272
48 16144 112
144 16144 208
128 16128 176
128 16128 208
112 16112 208
224 16224 80
160 16096 80
160 16096 272
160 16064 32
192 16064 128
144 16080 128
128 16048 80
240 16064 256
160 16080 176
128 16160 80
64 16192 176
64 16144 176
192 16144 176
224 16096 480
176 16080 352
48 16112 304
48 16176 272
48 16176 368
112 16128 368
144 16064 352
192 16064 320
192 16080 320
112 16144 240
192 16096 256
192 16032 80
192 16032 208
80 16112 208
192 16144 256
192 16160 160
96 16240 240
96 16240 304
96 16240 160
-16 16240 304
96 16240 32
112 16224 32
80 16144 80
96 16144 -32
96 16208 80
96 16208 96
176 16208 96
208 16208 192
192 16112 192
160 16080 464
160 16112 336
96 16112 96
96 16176 224
240 16176 224
288 16208 112
272 16224 80
128 16240 176
128 16112 192
80 16112 384
64 16176 384
64 16240 288
32 16160 384
80 16144 512
64 16160 336
32 16160 336
32 16160 176
32 16112 176
-32 16112 336
0 16112 416
-160 16128 272
-160 16128 144
-128 16208 144
0 16208 112
-144 16176 224
32 16208 -176
64 16224 96
64 16224 240
64 16224 432
-80 16192 608
48 16128 608
16 16080 352
32 16160 464
-32 16208 304
32 16128 304
32 16128 240
176 16144 128
112 16048 208
128 16128 -48
64 16112 192
240 16112 256
336 16112 176
336 16192 416
224 16192 416
208 16128 320
128 16144 496
80 16208 464
176 16128 384
176 16160 560
112 16112 288
48 16112 224
48 16160 224
96 16160 176
-32 16224 304
-32 16128 224
128 16144 96
256 16144 496
144 16224 496
176 16208 512
160 16208 112
-32 16160 272
128 16112 336
208 16128 400
208 16128 80
208 16160 80
144 16176 32
208 16112 224
112 16160 128
112 16176 192
96 16176 96
112 16160 96
48 16080 112
192 16160 192
272 16112 288
80 16144 624
80 16128 560
144 16096 256
192 16096 256
176 16096 208
240 16128 240
304 16080 160
96 16128 304
96 16128 128
144 16144 128
176 16080 320
272 16128 144
112 16064 336
64 16064 352
48 16128 208
48 16192 144
176 16192 144
112 16192 160
112 16080 288
-80 16128 320
-16 16112 176
-16 16112 192
240 16032 192
224 16176 -64
208 16176 -64
192 16160 128
240 16256 -192
240 16176 400
128 16176 384
128 16128 384
144 16096 512
64 16128 176
160 16240 176
160 16192 48
48 16192 176
-48 16128 400
32 16144 400
48 16160 320
96 16112 48
32 16080 128
32 16112 16
80 16112 16
112 16144 336
48 16144 176
208 16112 240
160 16032 304
160 16032 272
112 16176 0
0 16176 0
64 16224 -96
144 16112 -176
112 16112 480
192 16176 240
160 16176 -16
160 16176 48
240 16080 48
224 16192 144
112 16224 288
176 16224 256
144 16192 208
160 16224 0
160 16208 80
144 16208 80
80 16272 -160
128 16224 160
32 16176 432
32 16160 272
32 16128 128
16 16128 128
144 16176 64
96 16144 208
144 16128 208
192 16176 304
160 16128 176
160 16128 128
224 16176 128
128 16208 240
160 16160 160
144 16144 -16
176 16176 64
176 16176 448
288 16112 288
224 16144 240
176 16208 64
224 16272 96
144 16176 304
144 16176 336
96 16208 336
80 16208 320
240 16160 336
208 16112 352
208 16128 320
80 16128 176
128 16192 176
48 16144 288
80 16096 288
80 16096 272
80 16096 432
144 16112 144
144 16080 160
144 16080 -96
320 16112 -32
176 16160 448
80 16128 448
176 16128 320
128 16112 224
160 16144 432
160 16176 304
128 16192 272
96 16192 160
-96 16192 160
0 16160 336
16 16160 176
128 16128 176
128 16144 304
176 16144 304
224 16064 160
304 16064 192
160 16112 192
208 16160 64
304 16080 128
304 16096 160
336 16096 160
208 16112 64
224 16096 128
80 16064 224
64 16080 -112
64 16112 48
16 16112 48
208 16112 192
176 16080 192
224 16080 96
160 16192 192
80 16192 336
80 16160 272
-128 16160 256
-160 16208 256
-48 16176 304
160 16112 544
128 16144 288
128 16112 176
128 16160 224
208 16176 224
224 16176 224
224 16224 256
128 16096 224
368 16080 208
240 16208 112
208 16176 208
176 16224 240
112 16144 480
