startup(x,y,z):(80,16144,272)
544 9872 -80
-192 15456 -928
-352 13072 1408
1152 14384 528
624 15120 -192
624 12656 -10896
-2416 12656 -7264
-2800 13632 -7264
-288 16512 -3264
-1440 15904 -96
576 16048 -480
1056 16544 240
-80 16512 688
336 16064 -432
80 16016 -864
192 16016 -192
320 16048 -192
-32 16016 400
448 15968 336
496 15968 272
416 16128 352
416 16128 144
208 16048 48
208 16176 -96
96 16208 208
48 16208 432
144 16224 432
0 16112 112
-80 16128 192
-32 16192 192
16 16208 160
16 16112 112
128 16112 112
208 16160 240
96 16160 240
208 16128 320
224 16144 160
192 16128 48
112 16128 80
112 16128 176
96 16176 176
-32 16176 160
-240 16256 224
80 16160 144
144 16160 192
32 16048 176
32 16112 432
16 16048 240
240 16160 432
240 16128 240
16 16128 240
-128 16080 288
-48 16144 80
-192 16128 192
-144 16128 112
-16 16064 192
128 16080 192
32 16128 144
32 16128 128
-16 16128 128
-96 16192 112
-16 16144 176
96 16176 80
80 16208 272
80 16080 112
224 16080 224
256 16016 496
160 16112 336
128 16144 80
80 16144 0
192 16064 0
112 15984 320
32 16112 176
112 16224 128
128 16192 112
128 16144 176
96 16128 80
80 16128 80
32 16176 0
-16 16176 -32
128 16096 48
224 16096 0
336 16080 160
304 16096 240
304 16096 352
192 16160 352
256 16112 384
208 16096 176
192 16048 336
208 16112 336
208 16144 560
128 16160 336
128 16208 240
160 16208 288
-32 16160 288
64 16112 256
144 16160 240
224 16224 256
240 16144 256
240 16128 -32
128 16128 -144
80 16160 -144
112 16160 0
16 16112 224
112 16176 176
192 16160 256
192 16192 128
128 16192 128
112 16144 352
96 16144 320
112 16208 320
80 16128 480
80 16080 48
32 16144 128
-16 16144 176
-16 16144 464
0 16144 352
80 16176 352
32 16176 224
80 16192 320
112 16176 160
48 16192 272
48 16208 320
144 16208 320
0 16144 320
48 16176 240
-16 16176 -32
-16 16208 32
32 16176 224
80 16128 224
80 16128 224
144 16128 224
176 16176 256
192 16208 -128
240 16224 -48
144 16256 32
224 16224 192
192 16208 160
192 16208 96
0 16208 96
16 16112 160
192 16176 288
128 16016 320
128 16096 272
96 16112 288
48 16112 224
48 16256 224
16 16160 224
96 16080 96
288 16048 256
208 16080 240
304 16112 176
304 16112 176
48 16176 176
144 16112 176
144 16064 304
48 16064 256
80 16160 240
80 16160 240
160 16208 240
48 16160 272
-32 16128 272
112 16224 96
128 16224 256
208 16160 336
32 16096 208
32 16048 192
0 16048 432
-32 16112 432
0 16160 176
48 16208 208
64 16176 96
64 16208 80
48 16256 320
48 16176 256
64 16176 288
224 16176 288
240 16144 608
128 16176 544
112 16176 352
112 16176 240
16 16176 96
-144 16176 96
16 16176 176
96 16112 112
96 16160 176
-48 16208 80
144 16176 160
144 16176 304
176 16160 304
176 16144 336
48 16256 528
64 16208 528
64 16160 560
64 16224 464
-16 16176 432
16 16176 304
176 16176 304
80 16112 192
144 16144 160
48 16128 304
48 16064 80
64 16064 80
-32 16144 128
192 16144 192
112 16144 160
128 16144 288
176 16176 208
160 16160 96
160 16096 176
112 16096 48
160 16128 48
32 16176 224
64 16016 528
32 16096 464
64 16192 128
64 16192 272
32 16240 272
32 16272 256
0 16240 288
16 16224 304
176 16144 384
160 16128 240
224 16160 96
176 16128 240
112 16176 48
160 16176 96
176 16176 160
176 16176 240
-64 16128 240
-32 16192 64
-32 16176 256
80 16112 272
144 16144 256
144 16144 96
128 16144 96
64 16080 208
96 16128 272
176 16064 176
224 16048 544
224 16064 384
32 16128 336
32 16128 272
224 16192 272
288 16160 208
240 16192 192
208 16176 80
208 16208 144
-16 16208 -64
112 16112 -64
16 16128 96
-32 16080 128
80 16112 256
144 16144 160
192 16112 288
192 16128 432
192 16160 272
96 16160 272
144 16144 272
32 16080 272
16 16112 192
160 16160 368
160 16208 320
80 16208 320
-32 16144 336
32 16208 272
-80 16176 272
112 16160 208
224 16128 368
112 16128 288
112 16128 544
320 16144 544
288 16176 560
112 16176 384
32 16096 256
0 16096 272
96 16112 224
272 16128 240
192 16144 256
192 16208 336
192 16208 400
112 16144 400
144 16176 464
0 16112 400
-16 16272 176
-16 16272 64
-16 16272 368
64 16176 368
112 16096 336
80 16096 336
96 16128 288
48 16240 368
80 16128 304
80 16128 144
80 16160 144
128 16128 64
64 16208 240
288 16144 320
240 16112 272
240 16112 576
112 16160 256
224 16160 304
176 16096 304
176 16096 320
128 16096 208
176 16064 400
224 16080 336
224 16064 592
256 16064 592
208 16032 448
256 16192 240
144 16176 128
128 16224 304
80 16160 64
80 16144 160
128 16144 480
16 16096 480
224 16176 256
160 16176 176
224 16208 320
224 16240 16
192 16240 16
192 16160 -32
224 16080 -64
80 16112 96
96 15968 192
112 15968 224
112 16000 144
64 16000 400
176 16000 400
32 16112 384
-32 16096 528
32 16096 368
32 16096 352
-128 16096 432
0 16016 432
48 16064 192
112 16160 112
32 16192 32
-48 16192 -176
0 16128 -16
0 16096 -16
0 16192 48
-80 16208 -144
-96 16208 304
-96 16208 384
-16 16144 400
96 16112 448
48 16144 448
144 16176 384
128 16224 128
160 16128 32
64 16176 176
64 16176 144
16 16080 144
80 16080 448
144 16048 480
80 16192 240
96 16144 288
144 16144 304
80 16176 224
80 16176 432
144 16208 432
160 16144 320
112 16144 128
128 16128 128
208 16176 208
208 16176 80
48 16128 80
144 16144 80
144 16160 128
64 16160 32
160 16128 416
192 16128 240
192 16176 240
160 16176 80
224 16128 80
32 16112 112
96 16192 304
-32 16192 384
-32 16224 208
0 16224 256
32 16176 288
80 16144 288
80 16160 288
-32 16144 272
112 16176 256
112 16176 400
112 16176 112
80 16192 112
64 16128 272
-32 16112 416
144 16096 416
144 16048 352
192 16128 272
48 16080 224
112 16080 224
48 16064 496
0 16000 240
-80 16096 384
-32 16192 288
-32 16208 160
-16 16208 224
160 16160 224
0 16176 448
-64 16192 304
16 16160 336
240 16064 160
128 16064 144
128 16144 144
160 16144 96
208 16144 96
192 16112 160
64 16176 288
96 16208 480
144 16304 304
352 16208 192
256 16224 160
144 16160 80
144 16176 416
64 16176 80
208 16160 80
128 16128 240
128 16144 64
128 16224 112
128 16192 128
128 16192 128
96 16128 432
160 16144 96
80 16144 144
80 16096 192
192 16208 160
192 16144 336
176 16144 336
176 16160 128
192 16112 128
112 16128 240
144 16128 -48
144 16128 -16
64 16112 -16
80 16096 256
-96 16080 304
-16 16112 -32
0 16080 32
32 16064 96
16 16080 288
16 16176 -224
96 16176 -224
16 16096 32
128 16112 144
96 16192 80
96 16144 192
-16 16144 256
112 16112 320
144 16112 384
-48 16128 384
80 16160 144
-32 16192 80
-128 16112 256
-208 16240 256
-96 16176 272
128 16256 112
128 16144 304
128 16176 240
96 16096 192
-16 16080 608
-96 16080 416
0 16048 416
-16 16144 320
-64 16160 224
-64 16144 400
80 16144 240
64 16240 240
32 16208 704
160 16176 480
0 16224 352
-16 16224 192
-112 16192 80
-112 16208 80
64 16208 80
208 16160 32
-16 16128 256
128 16112 64
128 16144 160
96 16144 128
96 16096 128
80 16144 -192
-176 16176 208
32 16176 192
96 16176 160
96 16176 272
96 16176 256
128 16128 224
96 16096 224
96 16112 224
96 16064 192
16 16096 432
16 16160 464
16 16160 432
-80 16032 432
64 16128 320
64 16112 256
-16 16160 208
288 16144 64
288 16160 176
336 16160 256
336 16144 256
208 16160 560
144 16192 608
112 16272 464
112 16240 352
96 16240 400
