startup(x,y,z):(496,16224,192)
-5344 16048 -6416
-544 17440 2512
-2144 17152 3632
176 15536 -1744
1936 15680 80
-2656 16480 304
-2656 15936 -2032
-768 15936 -704
864 16656 -704
352 16672 -1296
-1280 16464 -576
-1488 16848 1664
608 16272 2144
2496 16096 3024
2496 16480 928
784 16480 1664
768 16096 1664
-512 16336 1488
544 16432 656
880 16384 832
672 16272 -480
896 16224 480
576 16400 256
576 16256 208
368 16256 208
-496 16048 304
-624 16160 -512
0 16048 -1280
560 16080 -1360
640 16112 -960
1216 16032 -1296
1216 16064 -592
1280 16400 -48
416 16400 -48
544 16336 112
656 16432 352
432 16320 576
16 16208 752
0 16192 1008
0 16272 1136
16 16272 624
432 16224 624
512 16208 448
592 16208 -16
576 16224 192
544 16224 16
624 16208 112
496 16208 80
416 16160 -80
416 16208 -224
352 16208 -224
160 16240 -176
256 16240 -368
304 16256 -512
528 16272 -528
576 16192 -336
576 16192 -64
576 16192 112
400 16192 112
480 16208 384
432 16192 336
624 16176 464
432 16240 528
416 16240 800
416 16240 752
336 16224 608
448 16176 160
448 16272 -208
512 16272 -208
416 16192 -288
432 16192 -368
480 16144 -432
560 16144 -464
560 16208 -448
480 16208 -192
384 16208 -192
272 16240 96
272 16256 256
336 16240 208
368 16192 16
368 16176 192
320 16176 320
432 16240 320
560 16240 416
576 16160 144
464 16208 288
544 16208 240
464 16224 192
464 16208 352
432 16208 128
384 16208 128
544 16144 -176
448 16192 -64
416 16288 -288
480 16224 -624
480 16192 -512
384 16192 -512
400 16208 -320
272 16256 -48
368 16272 -16
400 16240 64
512 16240 112
512 16208 144
448 16208 160
448 16160 160
464 16096 368
448 16176 80
384 16240 336
416 16208 272
352 16144 352
352 16176 432
256 16176 432
480 16144 144
400 16240 -16
384 16256 -112
416 16128 -112
416 16224 -144
448 16224 -144
336 16160 -96
336 16224 -304
336 16160 -48
528 16064 48
528 16112 48
576 16112 256
592 16176 256
448 16240 464
464 16192 224
480 16112 208
432 16192 320
432 16224 336
448 16224 352
352 16272 352
432 16192 784
480 16176 240
496 16192 288
496 16176 176
496 16224 192
464 16272 -32
640 16272 -16
544 16224 -16
432 16160 16
368 16160 -208
384 16192 48
384 16272 48
400 16272 96
192 16320 96
240 16288 80
288 16288 -64
368 16208 112
240 16176 304
320 16160 208
320 16160 192
480 16176 192
464 16208 352
336 16208 400
496 16224 320
464 16240 128
432 16272 112
432 16272 176
352 16192 176
432 16128 -48
320 16192 -48
256 16272 -32
576 16176 -144
576 16160 -240
608 16160 -112
512 16128 -112
528 16192 -48
480 16208 -96
416 16224 -176
368 16192 192
448 16256 320
448 16256 192
480 16272 192
464 16272 -192
480 16224 32
416 16160 176
336 16192 192
336 16160 400
464 16160 400
496 16176 256
432 16176 32
368 16160 96
320 16224 -96
320 16224 -64
320 16304 -384
384 16304 -224
448 16272 -224
496 16208 -432
448 16224 -368
288 16256 -64
304 16352 16
336 16320 144
336 16320 224
304 16336 224
576 16288 192
480 16304 0
416 16336 48
400 16256 -32
400 16208 -208
512 16208 -208
336 16144 128
384 16208 192
480 16272 128
512 16272 64
544 16272 176
544 16256 352
464 16256 352
368 16304 208
400 16256 160
432 16240 144
496 16240 80
496 16256 240
448 16256 224
448 16256 240
336 16288 192
432 16208 192
432 16176 224
416 16224 288
336 16208 400
432 16112 272
432 16192 112
512 16192 112
528 16288 112
576 16304 192
336 16240 224
416 16336 0
432 16208 96
432 16208 -80
384 16208 -112
528 16240 -112
672 16224 -272
528 16272 -144
496 16256 -176
496 16256 -80
496 16288 64
432 16288 0
464 16240 0
592 16256 208
640 16256 288
544 16192 176
496 16144 -112
576 16176 -64
416 16240 80
416 16224 208
416 16224 208
448 16224 144
416 16240 80
448 16304 0
448 16240 128
448 16208 -80
480 16256 -80
416 16256 176
432 16192 64
512 16208 0
528 16240 -80
400 16256 -128
432 16224 96
432 16224 -224
560 16304 -224
608 16176 160
464 16288 336
528 16208 48
624 16256 48
624 16240 96
624 16240 96
464 16240 -96
512 16240 -96
496 16192 -32
496 16176 208
512 16240 112
512 16240 176
320 16240 16
512 16208 16
480 16272 -96
464 16288 -16
640 16256 -16
480 16192 -32
480 16144 0
400 16144 304
432 16144 304
352 16192 240
544 16224 128
384 16304 192
448 16128 208
336 16176 192
256 16192 272
256 16160 240
448 16160 240
560 16144 96
336 16176 0
400 16304 32
384 16272 64
320 16256 144
320 16256 128
400 16224 32
480 16208 80
416 16240 32
400 16256 -272
400 16192 -160
256 16192 -64
320 16176 176
320 16272 80
352 16272 -64
368 16192 -64
528 16192 -96
432 16240 -64
496 16272 -256
432 16256 -96
432 16256 64
528 16224 64
384 16192 112
416 16192 -32
416 16272 -240
384 16208 -16
368 16256 176
368 16224 256
336 16224 256
416 16144 176
368 16240 240
416 16272 112
448 16208 208
416 16208 224
400 16240 112
400 16240 96
288 16208 96
432 16272 -176
272 16256 0
192 16208 0
192 16176 64
208 16176 96
336 16128 16
560 16176 64
528 16176 -112
384 16176 64
416 16176 64
304 16272 160
336 16208 384
464 16192 416
480 16288 64
352 16256 16
320 16288 96
320 16304 80
432 16304 -160
496 16256 -160
288 16240 -48
336 16208 -32
432 16192 -224
512 16224 208
432 16240 160
432 16240 176
384 16192 224
352 16208 160
352 16208 16
304 16208 16
224 16272 368
272 16256 480
304 16272 192
432 16240 208
480 16208 -16
480 16256 -160
384 16256 -160
368 16192 -128
416 16192 -160
368 16144 112
416 16192 144
464 16176 192
464 16192 16
432 16192 224
608 16176 224
480 16272 192
240 16208 128
368 16240 432
400 16176 112
384 16224 -80
384 16224 48
496 16176 -112
464 16208 -112
640 16160 -176
624 16176 -16
496 16224 64
336 16352 -32
448 16304 -368
512 16240 -240
512 16240 -240
544 16224 -240
608 16224 -176
528 16240 32
512 16224 16
368 16224 16
416 16272 -16
432 16240 64
448 16144 128
400 16176 176
336 16240 112
336 16240 288
416 16240 288
384 16272 320
400 16192 272
400 16224 192
656 16192 128
544 16224 208
544 16224 -144
368 16256 -144
384 16304 112
384 16256 112
464 16256 16
480 16208 144
448 16208 224
352 16176 240
384 16128 240
368 16240 464
464 16240 368
336 16240 368
384 16160 80
416 16176 -16
368 16224 64
352 16240 -144
320 16272 -160
320 16272 32
416 16224 0
512 16224 -224
512 16224 -272
400 16112 -272
464 16176 -240
464 16080 -128
592 16208 -224
592 16160 -192
528 16256 -304
528 16224 -48
512 16224 208
544 16240 128
480 16304 160
592 16304 288
320 16256 336
368 16192 192
368 16160 112
384 16160 96
288 16192 96
288 16160 32
192 16160 96
336 16144 -48
336 16160 160
320 16160 48
288 16160 0
288 16208 0
368 16160 -128
320 16160 160
384 16160 192
416 16144 288
528 16144 48
528 16160 48
384 16160 64
320 16208 64
336 16272 80
368 16320 64
432 16256 0
336 16272 32
336 16224 -224
448 16224 0
320 16272 96
368 16240 96
400 16240 32
432 16272 -48
368 16304 0
368 16320 16
384 16256 -96
416 16256 -240
544 16240 -240
512 16208 -96
464 16240 -96
512 16272 80
416 16288 192
416 16272 176
384 16272 128
464 16304 128
448 16288 64
464 16192 96
432 16208 0
432 16224 48
352 16224 272
496 16240 304
496 16240 192
528 16256 192
576 16208 144
400 16272 -128
576 16224 112
560 16224 128
496 16192 -48
448 16320 176
368 16256 208
384 16208 96
384 16224 224
384 16224 128
320 16224 128
272 16224 240
352 16208 176
176 16272 32
288 16256 80
288 16176 144
368 16176 144
336 16192 128
384 16128 160
320 16128 112
336 16160 192
496 16224 176
560 16208 32
560 16192 208
432 16192 192
496 16208 192
496 16176 352
608 16176 112
