startup(x,y,z):(-48,15952,464)
-3648 12480 5440
2368 15136 3424
1344 17616 1264
1920 17600 -3840
576 16704 -1392
176 17680 -4368
-112 16336 -3424
-112 16336 16
416 16048 16
0 15968 1184
160 15776 1552
-208 15920 1120
-208 15920 -176
-144 16112 -1248
32 16048 -1248
192 15984 -240
48 16048 976
128 15968 896
-16 16144 736
-144 16192 752
-144 16032 352
-80 16032 352
-80 16000 336
-80 16048 560
-16 16080 560
-64 16016 176
-64 16016 272
-176 16016 272
-32 16144 672
-64 16096 640
96 16064 640
-32 16032 592
-224 16096 512
0 16080 208
0 16080 -48
0 16144 -48
-80 16128 192
-96 16064 544
-32 16032 416
-96 16016 496
0 16016 688
-256 16064 512
-16 16016 512
-32 16080 512
-32 16080 640
-16 16048 640
-128 16064 752
-96 16048 480
-288 16064 672
-96 15968 448
-368 16016 448
0 16048 256
0 16032 256
16 16080 48
-128 16080 112
-96 16016 448
-96 15904 480
0 15904 480
0 15952 304
-96 15984 432
-16 16112 352
-64 16096 528
-64 16096 592
-48 16064 464
-64 15968 336
-64 15968 192
-96 15968 192
0 15952 576
-64 16048 528
-64 16080 384
-64 16112 368
-256 16112 144
-112 16192 144
-64 16048 288
-96 16112 192
80 16160 416
80 16112 432
-48 16064 384
-48 16000 384
160 16000 384
-16 16048 560
-144 16112 496
32 16048 496
-160 16144 544
-160 16096 160
-96 16096 608
-144 16048 576
80 16096 448
80 16112 656
0 16112 656
-208 16160 720
-176 16176 496
-176 16096 480
-176 16112 528
-192 16128 656
-176 16128 816
-272 16144 816
-240 16080 784
-144 16048 672
-160 16096 608
-256 16080 432
0 16112 208
0 16000 288
-48 16000 112
-96 16048 112
-96 16064 64
0 16016 608
-80 16000 512
64 16016 528
64 16032 704
-112 16096 704
-112 16112 528
-48 16112 352
-16 16160 352
80 16000 640
48 16064 528
32 15968 416
32 15936 448
-96 15936 400
-240 15968 400
-272 15984 624
-320 15968 400
-176 16000 368
-96 16016 384
-176 16064 400
-176 16096 224
-240 16096 224
-240 16112 416
-128 16096 368
-128 16080 656
-32 16112 624
-32 16064 384
-96 16016 464
-80 16064 512
-48 16064 560
-48 16064 384
32 16096 384
16 16128 528
144 16048 432
-96 16080 448
-96 16080 688
-192 16080 704
-272 16032 704
0 16016 560
-112 16080 496
-80 16064 480
-96 16064 576
-160 16096 496
-160 16144 704
-336 16144 496
-96 16064 496
-112 16096 496
144 16080 480
-144 16112 576
-176 16080 496
-176 16080 576
-304 16096 544
-192 16144 592
-224 16144 352
-144 16048 352
-112 16096 496
48 16032 688
-80 16064 576
-80 16064 304
32 16080 304
16 16096 80
-192 16048 624
-48 16128 656
-240 16080 496
-80 16176 336
-80 16064 528
-48 16064 432
-16 16048 432
-96 16064 352
-336 16096 480
-304 16144 368
-112 16096 432
-112 16096 496
-96 16144 432
-80 16096 640
128 16016 464
128 16016 560
48 16064 560
208 16112 464
80 16080 624
16 16048 512
16 16128 544
-48 16128 432
192 16128 432
128 16048 576
192 16032 528
64 16016 704
0 16144 656
-64 16112 864
-64 16080 624
-80 16080 624
-128 16048 704
-128 16080 624
-32 16064 640
64 16096 656
64 16080 576
96 16080 528
-16 16080 688
16 16000 576
64 16000 576
64 16000 592
-96 16080 608
-224 16112 480
-224 16032 336
-160 16032 464
64 16032 464
48 16000 672
96 16016 752
-80 16096 544
-160 16048 592
-32 16192 416
-80 16032 384
-80 16000 320
-32 16000 320
-48 16096 400
-128 16080 336
-224 16048 704
-128 16048 224
-128 16080 352
-208 16080 240
-224 16208 320
-176 16112 496
-176 16128 480
-80 16128 480
16 16032 496
176 16048 672
-32 16048 192
-32 16016 16
0 16016 80
-208 16112 80
-224 16112 400
-240 16112 480
-128 16064 192
-240 16112 224
-64 16112 128
-112 16144 352
-112 16112 432
0 16112 432
0 16064 224
-160 15936 544
-192 15984 320
-192 16128 576
-192 16096 496
-208 16096 496
-192 16080 368
-112 16128 112
-80 16096 112
-112 16112 320
-192 16112 496
-144 16064 464
-144 16064 464
-16 16016 448
-48 16080 448
-32 16096 464
64 16112 480
-64 16144 144
-192 16080 192
-128 16112 448
-64 16096 528
-64 16080 352
-96 16080 352
-80 16064 496
-112 16064 496
-176 16032 784
-80 15904 608
-80 16048 160
-128 16048 160
-144 16112 512
-208 16048 640
-32 16048 608
-48 15936 608
-48 16048 416
-224 16000 608
-160 16032 816
-160 16032 768
0 15968 816
48 15904 816
-32 15968 528
112 16032 448
192 15984 448
80 15936 640
128 16016 432
128 16016 288
128 16064 288
48 16064 528
48 16032 432
-64 16080 304
-96 16048 432
-96 16048 352
-240 16064 256
-256 16080 368
-192 16080 368
-192 16000 544
-144 15984 512
-112 16032 464
-112 16064 368
-144 16064 480
-336 16112 480
-272 16064 368
-176 16080 432
-144 16048 528
-16 15984 368
-256 16096 256
-48 16080 432
-48 16016 496
-32 16016 496
-96 16080 512
16 15968 512
96 16080 464
32 16112 416
32 16048 352
0 16048 352
80 16048 336
128 16000 400
-16 15936 352
-16 16016 352
-64 16016 400
-48 16064 448
144 16032 352
144 16080 528
0 16080 528
-112 16064 432
-32 16000 448
-240 16080 768
-304 16160 656
-96 16096 512
-16 16080 544
-16 16176 560
-144 16176 480
-96 16144 480
32 16144 608
-208 16032 592
32 15984 544
112 16032 496
32 16048 592
32 16048 656
-16 15936 560
-192 15968 832
-32 15968 832
128 15952 608
-112 15968 544
64 16000 352
64 16048 640
-48 16048 464
-16 16048 656
160 16032 656
48 16032 640
-160 16000 448
-208 16096 464
-192 16032 624
-144 16016 880
-144 16000 816
-80 16000 784
-32 16032 784
-32 16064 384
-160 16080 800
-160 16112 496
-224 16112 368
-224 16112 752
-192 16128 656
-192 16080 592
-192 16048 640
-224 16048 640
-256 16112 592
-144 16112 624
-192 16112 928
-192 16096 656
-144 16048 720
-160 16048 608
-48 16064 608
-144 16064 480
-240 16144 448
-176 16096 384
112 16048 352
-192 16016 560
-192 16112 368
-192 16112 784
-160 16048 784
-112 16048 768
32 15984 544
32 15968 384
0 16032 480
0 15984 528
-32 16000 512
-32 15968 656
-80 15968 656
-192 15968 704
-16 15968 576
-144 15968 400
-176 16048 480
-176 16048 400
-96 16016 528
-112 16112 528
-128 16160 464
-32 16112 496
48 16128 416
-16 16112 272
-16 16048 512
80 16048 512
-64 16016 560
-48 16000 704
-16 16096 624
-16 16112 512
-16 16160 368
-144 16160 368
-32 16080 432
0 16032 528
80 16048 480
-32 16048 656
-32 16096 640
-224 16096 640
-336 16048 624
-160 16064 256
-48 16080 208
-32 16032 128
-96 16000 400
16 16000 320
-208 16064 560
-288 16048 448
-192 16112 352
-192 16064 496
0 16064 496
48 15984 496
-80 15984 336
-64 15984 304
-112 16000 96
-112 15984 240
64 15984 496
64 16016 544
48 16016 560
-64 16096 560
-128 16016 848
0 16032 656
-32 16032 704
-32 16032 656
-112 15984 656
16 16032 512
64 16000 48
-32 16080 16
48 16064 176
-64 16032 384
-176 16032 464
-176 16032 784
-272 16048 784
-224 16032 608
-160 16016 640
-96 16016 688
-96 16016 608
-96 16016 720
-240 16128 720
-192 16064 896
-224 16080 640
-96 16032 752
-48 16064 624
64 16048 320
16 16080 448
16 16000 400
32 16000 400
-128 16096 384
16 16016 320
96 15936 304
32 15952 384
32 15952 480
-32 16000 560
-128 15984 656
-176 16032 656
-16 15968 528
-240 16080 592
-256 16080 528
-256 16048 640
-288 16048 640
-256 16080 640
-176 16096 416
-128 16016 416
-96 16112 384
-64 16064 400
-32 16112 608
-112 16064 592
-112 16064 256
-128 16096 256
-240 16048 256
-304 16032 400
-240 16064 512
-240 15968 304
-80 15968 512
-144 15952 512
-48 15968 736
-128 15968 784
-128 16016 816
64 15952 768
176 16000 624
176 16000 384
-96 16064 384
-144 16080 160
48 16128 160
0 16080 288
-64 16112 384
-64 16112 400
0 16128 400
-128 16096 576
-80 16048 240
-48 16080 240
-176 16112 368
-240 16144 336
-48 16144 320
-48 16144 256
16 16160 256
