startup(x,y,z):(464,16160,112)
-368 16128 768
432 16160 752
-256 16128 1232
160 16112 1712
160 16064 1632
496 16064 1632
704 16208 1392
848 16208 480
1008 16208 1408
1280 16240 1408
176 16208 1424
272 16224 912
464 16272 256
320 16288 -128
320 16304 -1056
288 16256 -1680
832 16256 -2192
944 16240 -2272
528 16240 -2160
432 16320 -1552
400 16352 -1008
160 16256 -848
144 16304 -320
240 16192 368
432 16192 400
432 16208 640
608 16208 608
784 16192 608
784 16160 544
720 16080 656
368 16176 1104
448 16128 1056
560 16160 752
352 16112 -16
368 16176 -752
368 16320 -832
400 16320 -832
416 16368 -960
448 16176 -576
352 16256 -432
368 16224 -192
112 16176 -192
96 16240 96
624 16192 224
1344 15840 -192
240 16480 1008
240 16480 1136
-96 16432 832
320 16288 1104
-16 16224 1008
672 16240 304
432 16592 640
176 15984 640
96 16336 192
224 16176 288
592 16128 -304
624 16144 -304
512 16320 -576
480 16208 -400
560 16256 -816
480 16208 -416
352 16256 -352
496 16160 -256
432 16240 80
400 16288 272
768 16256 32
560 16416 272
560 16256 272
384 16256 112
624 16208 112
528 16192 304
400 16288 304
384 16176 432
176 16224 -48
256 16192 128
368 16288 32
400 16224 160
384 16176 -224
384 16208 -224
256 16208 -304
272 16176 -304
496 16144 -128
304 16160 -48
320 16128 -16
496 16176 224
448 16096 272
336 16144 496
1040 16224 -368
1168 16016 -656
608 16256 -48
672 16240 -192
672 16384 -16
416 16384 -160
384 16256 -256
624 16176 -288
688 16304 -768
656 16304 -800
784 16368 -800
624 16160 -848
752 16272 -784
640 16176 -368
352 16192 256
192 16176 496
16 16336 672
16 16208 1216
144 16224 896
336 16192 816
368 16160 800
368 16128 688
672 16192 784
672 16288 864
512 16288 976
576 16176 976
496 16176 976
448 16176 832
432 16240 624
544 16240 240
384 16256 -48
480 16224 -448
480 16224 -448
496 16224 -448
448 16208 -400
432 16192 -592
528 16176 -512
416 16272 -384
416 16192 -336
320 16192 -304
304 16256 -176
256 16224 32
432 16224 96
496 16176 96
448 16176 240
464 16080 192
576 16080 544
592 16144 704
592 16240 672
400 16240 560
416 16240 560
480 16208 352
496 16256 48
464 16160 -32
496 16144 -80
368 16192 176
384 16176 -144
384 16192 -192
384 16192 -224
320 16320 -224
416 16256 -256
416 16288 -192
560 16256 64
512 16176 208
528 16096 352
160 16240 336
160 16000 1120
-592 16000 272
368 16048 272
1136 16048 336
848 16080 -208
1200 16144 -928
1104 16192 -944
784 16224 -1072
432 16272 -784
192 16160 -224
240 16192 -176
80 16208 -48
80 16224 -64
512 16224 -64
656 16192 -192
544 16240 -80
640 16240 -176
784 16192 160
672 16224 448
400 16192 704
368 16176 640
352 16240 640
352 16240 688
256 16176 688
320 16128 448
352 16160 464
416 16112 144
320 16160 16
240 16208 -64
240 16208 16
128 16208 64
464 16256 -320
464 16240 -160
448 16240 -288
640 16208 -288
384 16288 -32
208 16288 48
384 16208 -80
400 16304 -112
576 16224 160
496 16144 304
480 16160 256
384 16176 272
480 16176 304
480 16224 224
464 16224 368
368 16160 368
144 16128 352
336 16128 -96
336 16160 -112
400 16096 -64
336 16192 -192
496 16192 -176
448 16224 -96
368 16320 -160
496 16256 16
528 16192 0
336 16208 32
336 16144 224
352 16144 96
464 16224 96
464 16288 -240
480 16240 -96
432 16192 112
512 16144 112
448 16192 -64
528 16192 -64
464 16160 176
464 16176 352
336 16240 368
384 16176 288
400 16192 176
560 16224 144
560 16144 64
528 16160 -80
352 16192 -96
352 16192 -16
368 16176 -16
688 16224 -48
624 16160 64
592 16240 -80
512 16320 16
512 16352 32
416 16368 -176
432 16368 16
512 16288 64
544 16272 16
496 16288 16
416 16272 112
512 16208 288
464 16240 304
208 16288 192
208 16256 0
352 16256 32
384 16288 -96
336 16192 -96
416 16208 64
576 16176 64
368 16192 0
448 16176 192
544 16224 96
544 16144 112
560 16112 240
560 16160 240
576 16144 160
576 16144 208
496 16208 144
320 16256 448
496 16256 368
496 16224 240
512 16112 48
320 16160 80
320 16112 128
368 16112 128
416 16208 -32
432 16208 16
352 16256 16
528 16208 -32
528 16240 -208
528 16224 -336
512 16192 -32
640 16192 -112
480 16176 -64
480 16176 -32
480 16176 -32
528 16176 144
512 16192 240
544 16208 128
384 16208 160
576 16208 128
624 16192 240
608 16128 208
528 16096 192
496 16176 208
400 16256 112
368 16192 32
368 16224 16
384 16256 112
448 16240 48
448 16272 0
592 16176 -80
400 16192 160
400 16192 192
272 16208 192
336 16192 160
400 16224 288
432 16224 0
528 16192 -224
528 16176 -48
528 16240 96
416 16240 176
384 16160 304
320 16160 64
320 16272 80
320 16224 16
368 16288 208
400 16288 272
496 16240 272
400 16192 16
352 16176 80
384 16224 384
384 16288 320
416 16240 304
464 16224 112
576 16240 224
576 16256 96
464 16192 -16
336 16192 -16
368 16336 48
352 16352 176
304 16272 96
432 16240 160
432 16224 112
384 16240 -32
496 16256 -48
688 16224 -80
480 16224 80
336 16208 32
336 16224 112
400 16224 48
432 16208 160
448 16160 160
480 16160 16
496 16160 -384
432 16144 -288
352 16160 -16
448 16224 -80
464 16240 80
464 16224 144
432 16256 -160
400 16160 80
400 16208 192
480 16208 16
400 16256 16
464 16160 32
512 16096 208
400 16144 368
432 16096 160
432 16128 -64
400 16112 48
480 16064 256
480 16064 176
432 16192 144
368 16240 144
256 16192 112
368 16176 128
384 16224 -48
384 16208 -48
368 16240 -48
384 16176 -240
304 16256 80
272 16256 112
272 16256 288
240 16160 288
384 16192 160
496 16192 192
592 16208 320
576 16192 176
416 16288 -176
416 16272 48
336 16208 192
256 16176 192
352 16192 -16
352 16208 -176
432 16208 64
432 16224 64
528 16176 -32
512 16208 48
464 16208 16
464 16208 16
496 16240 144
560 16176 144
512 16256 80
528 16208 96
608 16240 224
304 16240 288
304 16240 384
352 16240 304
416 16288 128
400 16288 208
384 16272 208
368 16256 -256
352 16208 144
352 16192 128
400 16128 96
400 16144 544
448 16144 176
368 16192 176
272 16128 144
336 16080 336
384 16192 288
432 16080 208
336 16048 208
336 16112 112
352 16112 -32
240 16224 -32
416 16256 32
416 16192 -224
368 16224 -48
368 16208 160
368 16208 -240
368 16192 -32
336 16176 48
384 16240 96
384 16240 128
432 16224 128
480 16208 0
432 16224 112
432 16176 64
352 16176 336
512 16256 352
512 16240 192
512 16240 96
432 16160 240
528 16160 64
576 16288 64
528 16336 112
544 16256 -16
480 16192 368
432 16288 336
432 16128 176
464 16128 304
400 16192 304
512 16160 400
512 16160 160
432 16176 96
496 16192 160
576 16176 16
496 16240 256
496 16240 176
640 16176 176
464 16224 176
464 16224 192
384 16240 464
352 16272 240
352 16192 176
384 16224 64
384 16144 144
256 16144 144
272 16112 176
368 16192 144
560 16192 -16
528 16208 -176
528 16240 -80
400 16208 -64
368 16256 256
448 16208 16
432 16192 128
480 16160 -48
432 16160 272
432 16240 96
464 16224 96
512 16224 48
544 16160 96
384 16160 224
544 16160 224
544 16192 560
496 16208 336
368 16192 304
448 16288 256
448 16240 144
384 16272 -112
384 16192 96
480 16192 80
464 16128 80
368 16128 -80
416 16160 -176
304 16192 -64
320 16144 144
448 16112 144
448 16176 144
592 16144 224
528 16144 144
640 16144 144
640 16224 96
336 16240 224
336 16240 160
464 16208 176
464 16208 128
416 16256 128
304 16208 176
432 16288 176
400 16208 144
416 16224 80
416 16224 208
336 16224 208
240 16160 144
208 16144 32
448 16144 -160
304 16144 128
272 16176 176
272 16176 176
512 16176 256
448 16192 256
432 16192 80
368 16304 144
336 16224 208
368 16240 288
368 16256 256
