startup(x,y,z):(416,16240,176)
976 16192 -960
240 16208 336
144 16192 1104
240 16192 1456
160 16224 1152
192 16272 832
560 16192 160
880 16208 -112
672 16288 96
544 16224 0
544 16256 -32
288 16208 288
288 16224 176
-48 16224 144
368 16256 144
448 16128 64
240 16176 -32
432 16256 96
672 16224 112
720 16192 -64
720 16112 -64
544 16192 368
208 16192 736
48 16208 752
48 16208 480
480 16224 128
720 16224 -192
672 16240 -192
352 16240 -464
288 16256 -208
256 16320 -80
496 16224 -96
352 16208 -32
192 16224 -112
320 16240 -208
192 16256 -64
464 16192 -320
640 16176 -336
640 16176 -96
288 16144 496
192 16144 496
128 16160 704
416 16144 400
528 16160 256
416 16176 48
432 16256 48
480 16288 -224
448 16240 176
512 16208 -112
512 16192 -304
384 16208 -176
384 16208 -496
400 16208 -384
464 16256 -384
512 16192 -96
560 16192 -96
416 16144 256
400 16160 320
304 16208 496
608 16208 400
608 16224 384
784 16272 464
656 16272 464
528 16304 416
528 16208 16
528 16176 96
528 16176 -160
656 16192 -96
576 16272 -16
464 16304 -96
400 16288 -96
656 16224 -192
480 16240 -112
448 16224 80
400 16272 48
368 16240 128
304 16224 96
400 16208 160
512 16224 96
512 16208 160
448 16160 128
432 16160 176
368 16208 -176
416 16128 -256
544 16096 -256
400 16160 -96
512 16144 -240
512 16160 -208
368 16144 48
384 16224 -208
384 16192 32
432 16192 64
432 16224 32
384 16224 80
352 16192 48
448 16176 48
384 16256 80
416 16304 240
464 16224 288
416 16256 288
496 16224 528
496 16144 128
464 16144 288
464 16208 96
656 16208 112
624 16240 144
560 16240 144
368 16208 176
352 16208 256
464 16176 96
464 16208 208
512 16176 384
512 16112 144
496 16112 144
448 16224 48
416 16208 304
416 16256 464
464 16304 368
320 16256 112
416 16208 160
336 16256 176
432 16208 -32
464 16320 -224
592 16288 -64
528 16320 160
464 16320 176
464 16272 -16
464 16272 -64
368 16256 -112
432 16256 -80
592 16224 -160
592 16208 -112
432 16224 32
432 16288 192
432 16288 208
608 16256 208
528 16176 208
432 16192 208
464 16240 352
528 16160 416
368 16176 144
336 16256 224
448 16256 256
240 16288 256
352 16240 288
400 16240 192
448 16256 176
480 16224 0
480 16096 48
464 16096 208
352 16080 208
400 16288 208
432 16288 -48
528 16336 -48
336 16336 80
448 16304 128
560 16288 -32
448 16304 160
432 16224 224
432 16256 -64
432 16208 -48
432 16256 16
560 16288 32
528 16224 96
448 16240 -96
448 16240 -80
512 16208 -80
336 16272 32
336 16368 304
304 16256 320
304 16176 48
288 16176 96
352 16224 32
352 16224 128
352 16224 64
352 16224 -128
640 16240 -128
608 16192 -64
512 16240 -64
576 16272 48
464 16240 48
544 16208 -48
496 16256 -16
512 16240 96
480 16208 144
384 16160 144
384 16240 256
384 16240 256
384 16224 96
368 16176 128
416 16176 192
368 16160 192
528 16160 80
480 16256 -48
576 16224 0
416 16256 -16
320 16288 208
384 16224 416
368 16256 352
368 16176 112
448 16144 32
512 16112 144
400 16160 144
400 16176 160
480 16176 144
448 16240 192
432 16224 16
416 16256 288
416 16160 144
400 16160 144
464 16208 -16
608 16240 0
496 16192 -64
432 16192 -176
464 16304 0
528 16320 96
528 16096 112
496 16128 96
496 16256 128
368 16192 208
576 16192 208
544 16128 96
464 16208 112
400 16224 64
384 16208 -48
528 16192 16
544 16160 192
288 16160 256
448 16144 192
496 16240 64
416 16256 160
416 16144 160
448 16144 160
464 16288 96
384 16256 112
352 16240 64
560 16240 -48
544 16224 -64
480 16240 -32
432 16256 64
288 16224 176
240 16192 208
288 16192 160
288 16208 208
480 16208 288
480 16192 240
512 16192 48
608 16160 48
480 16224 336
432 16144 336
560 16128 320
576 16208 304
528 16224 192
544 16192 96
624 16160 144
432 16176 192
432 16192 272
400 16192 272
368 16208 0
496 16224 0
544 16272 240
512 16272 576
464 16192 576
464 16224 144
400 16192 48
464 16208 144
432 16160 144
416 16176 128
416 16208 -288
496 16224 96
480 16240 128
400 16240 -16
432 16272 96
496 16160 96
416 16192 128
432 16112 256
512 16208 208
496 16192 288
448 16192 208
384 16240 192
544 16288 176
512 16272 272
512 16272 112
448 16336 -224
544 16320 -224
448 16272 -80
304 16224 80
400 16240 144
464 16272 176
464 16272 96
320 16224 80
384 16208 112
352 16192 160
352 16192 160
400 16192 32
464 16192 -96
464 16208 -96
352 16208 -48
528 16320 -80
400 16224 -16
560 16256 160
464 16192 176
384 16192 112
384 16240 400
352 16240 400
448 16272 256
432 16224 224
464 16160 48
464 16144 0
544 16144 -16
352 16192 16
288 16160 176
368 16192 144
496 16144 80
464 16240 96
496 16256 352
336 16288 160
240 16240 192
384 16240 128
384 16192 304
464 16240 320
560 16240 64
432 16304 64
448 16208 112
400 16208 224
448 16128 256
400 16224 288
304 16192 400
320 16160 368
416 16256 416
480 16288 336
336 16240 32
448 16208 160
400 16240 320
528 16192 352
336 16320 272
368 16256 240
320 16240 336
336 16256 192
384 16240 64
400 16304 -48
320 16304 160
368 16272 160
512 16336 96
464 16336 208
560 16256 288
432 16224 160
544 16160 -176
416 16160 16
400 16208 16
400 16208 144
336 16192 144
528 16208 96
480 16240 -64
320 16288 -80
368 16160 240
448 16192 320
448 16208 320
528 16208 64
400 16224 128
336 16256 128
288 16256 176
336 16256 -80
416 16256 -16
512 16256 176
320 16256 192
512 16272 176
512 16272 240
480 16272 240
496 16224 64
416 16192 128
464 16224 224
480 16272 -112
480 16208 -112
400 16288 -32
336 16288 80
416 16240 80
384 16208 48
352 16176 256
464 16224 64
512 16240 192
464 16304 224
464 16288 288
448 16288 48
496 16256 48
560 16208 48
416 16224 144
544 16208 288
544 16256 208
496 16256 112
608 16320 112
384 16240 192
480 16256 128
608 16256 64
560 16256 -256
560 16256 -176
448 16192 -176
336 16208 80
496 16144 16
512 16272 80
448 16272 80
592 16208 80
464 16192 96
544 16096 32
528 16160 48
416 16224 176
448 16240 144
288 16224 112
288 16192 288
448 16192 256
336 16144 256
480 16192 80
448 16192 96
688 16176 -32
608 16112 112
512 16080 208
432 16144 224
432 16208 176
384 16272 -48
400 16272 -128
432 16208 -128
288 16240 32
272 16240 176
432 16192 336
592 16160 96
560 16192 112
560 16192 288
400 16224 288
576 16224 80
544 16160 16
400 16256 96
384 16128 48
480 16128 208
512 16144 208
608 16160 128
688 16112 0
528 16240 -112
448 16240 176
448 16208 0
608 16208 -80
704 16160 -80
512 16176 80
400 16208 80
416 16224 0
384 16208 176
368 16320 176
432 16288 128
352 16240 160
400 16176 -96
448 16176 -48
368 16224 -80
384 16240 -16
432 16208 128
576 16176 16
416 16176 320
496 16208 224
384 16208 288
384 16304 240
416 16256 208
384 16256 160
544 16336 160
416 16352 240
320 16256 48
432 16304 -80
368 16208 64
368 16240 80
400 16240 384
368 16272 384
576 16304 16
528 16352 -32
480 16304 144
368 16240 144
464 16240 128
448 16224 128
496 16304 112
512 16224 112
448 16256 96
400 16208 112
240 16176 144
352 16208 64
384 16224 -208
384 16176 0
384 16176 -96
592 16176 -112
512 16176 64
432 16176 128
432 16208 208
384 16208 208
384 16192 144
272 16256 128
240 16320 128
432 16272 192
480 16256 496
336 16272 160
368 16192 96
368 16208 48
400 16208 32
608 16224 32
512 16144 0
432 16240 96
448 16256 240
528 16240 80
432 16272 112
432 16240 64
464 16240 64
448 16336 -48
496 16304 128
448 16288 -32
560 16304 -48
464 16272 -64
464 16208 32
512 16176 176
