startup(x,y,z):(-320,16160,160)
-112 15904 -304
-4432 13792 1104
-6128 13536 -704
-6128 13536 -5760
-9312 14640 -5760
-9216 16432 -880
-6784 16544 -2320
-4816 15840 368
-3600 16512 1456
-2000 16112 -176
-2000 16112 -1312
-784 16080 -1312
-880 16176 -416
-576 16624 1008
-784 16320 -608
-784 16240 1296
-816 16240 336
-1184 15952 -640
-1520 16064 -640
-832 16176 -1680
-1456 16448 1408
-2848 16496 -384
-2848 16080 416
-3248 16080 416
-2576 16320 384
-1680 16192 -1536
0 15792 -192
496 16064 -208
496 16064 224
-96 16256 624
-800 15920 624
-2416 15952 960
-3136 16448 -496
-2528 16416 176
-2528 16688 -1248
-1360 16688 -1248
-352 16240 -800
-112 16480 -16
-688 16416 -80
-768 16384 1424
-768 16320 256
-432 16320 320
-320 16352 320
-80 16208 -48
-208 16384 48
-144 16224 -208
-144 16272 0
-144 16272 0
-352 16224 368
-432 16272 784
-272 16224 176
-112 16288 -128
-16 16288 -32
-288 16240 -208
-176 16160 -208
-272 16224 144
-224 16272 288
-320 16304 320
-288 16320 304
-288 16320 0
-320 16288 0
-144 16224 80
-32 16176 128
-256 16224 96
-304 16272 336
-192 16240 288
-192 16240 80
-80 16208 80
-48 16128 256
-224 16160 416
-256 16144 224
-256 16144 496
-256 16128 496
-256 16160 272
-256 16176 224
-272 16192 224
-272 16112 112
-368 16240 0
-336 16240 -32
-336 16304 -32
-240 16192 160
-80 16144 96
-80 16208 80
-224 16208 512
-144 16240 512
-128 16192 288
-192 16224 0
-176 16192 80
-176 16192 112
-192 16112 256
-144 16112 256
-352 16064 288
-176 16080 352
-80 16016 240
-80 16160 -96
-192 16160 -96
-128 16176 16
-176 16144 160
-272 16224 64
-320 16176 160
-320 16096 240
-256 16160 192
-272 16160 192
-112 16160 176
-192 16112 160
-256 16192 336
-112 16192 448
-96 16224 240
-96 16224 112
-16 16016 528
-576 16128 528
-960 16192 304
-896 16208 -96
-480 16240 240
-528 16288 -176
-288 16288 320
-288 16144 368
-304 16144 368
-240 16256 32
-160 16096 -144
-64 16112 0
-112 16128 16
-112 16128 144
-96 16160 144
-352 16096 464
-352 16112 -64
-160 16048 80
-368 16080 160
-368 16128 288
-320 16128 288
-224 16112 112
-208 16144 416
-384 16240 640
-400 16336 176
-240 16224 304
-240 16192 496
-304 16192 512
-176 16224 256
-208 16176 256
-240 16192 208
-224 16080 480
-288 16160 336
-288 16208 256
-320 16208 256
-288 16128 208
-304 16128 112
-368 16144 384
-288 16128 352
-288 16160 288
-416 16208 224
-400 16208 192
-320 16096 192
-368 16160 240
-528 16240 240
-400 16160 368
-336 16144 400
-336 16128 336
-224 16128 336
-208 16160 176
-240 16144 176
-224 16208 16
-128 16208 112
-304 16208 176
-304 16224 -208
-144 16224 -208
-208 16272 -128
-368 16256 160
-272 16224 160
-224 16160 128
-224 16208 272
-336 16256 -80
-240 16192 -112
-288 16304 -96
-352 16304 -48
-176 16176 32
-176 16176 -96
-208 16160 -96
-176 16144 -128
-80 16176 -16
-64 16176 -192
-176 16240 -128
-176 16240 208
-160 16272 208
-192 16240 272
-176 16176 128
-240 16128 240
-352 16144 176
-352 16144 0
-320 16240 0
-240 16208 -16
-288 16224 224
-160 16192 16
-160 16224 -64
-112 16224 -64
-288 16208 480
-272 16256 192
-240 16192 64
-256 16112 224
-240 16144 32
-240 16224 -128
-320 16224 384
-352 16160 384
-192 16176 368
-128 16160 128
-336 16224 240
-288 16208 0
-288 16208 224
-288 16336 224
-192 16224 320
-224 16208 -32
-112 16160 144
-224 16176 224
-224 16160 0
-96 16160 0
-224 16192 256
-192 16096 192
-352 16160 144
-256 16112 576
-256 16192 576
-240 16192 576
-288 16208 416
-336 16224 272
-176 16144 96
-192 16192 160
-192 16240 32
-272 16240 32
-288 16176 528
-304 16176 336
-336 16208 16
-448 16192 160
-448 16160 288
-448 16160 288
-352 16128 64
-464 16160 192
-416 16256 112
-368 16208 96
-304 16224 208
-304 16224 224
-240 16208 224
-256 16256 64
-400 16224 64
-256 16336 48
-256 16256 0
-288 16256 0
-336 16176 48
-272 16240 48
-320 16272 64
-176 16224 80
-192 16208 208
-176 16208 160
-176 16208 128
-208 16256 128
-144 16256 128
-48 16224 128
-288 16256 192
-320 16304 96
-336 16304 80
-336 16288 192
-272 16288 192
-304 16208 112
-288 16352 -48
-208 16160 112
-208 16208 -80
-256 16208 -80
-256 16192 160
-336 16192 336
-304 16208 208
-272 16240 -144
-240 16224 -16
-240 16320 0
-272 16320 0
-208 16192 112
-192 16112 112
-272 16112 128
-272 16208 208
-496 16208 208
-224 16112 192
-336 16240 352
-240 16192 -64
-128 16176 32
-192 16224 -32
-192 16272 64
-240 16272 -208
-112 16208 -208
-224 16224 -16
-176 16208 0
-176 16240 32
-224 16240 0
-208 16320 0
-224 16272 224
-160 16256 240
-128 16272 -80
-192 16272 32
-192 16272 -48
-256 16240 -48
-208 16224 64
-160 16256 -96
-224 16192 176
-112 16192 240
-112 16272 16
-288 16272 240
-256 16176 240
-272 16176 112
-352 16208 288
-288 16208 256
-368 16144 256
-368 16144 144
-192 16176 144
-144 16176 96
-16 16144 -96
-400 16192 32
-400 16176 352
-288 16176 256
-208 16192 256
-80 16128 64
0 16176 16
-176 16224 -64
-336 16224 0
-336 16224 -48
-320 16240 -48
-224 16240 -192
-352 16272 48
-304 16256 -32
-304 16256 -112
-176 16176 80
-272 16208 80
-400 16128 352
-384 16160 288
-240 16176 80
-256 16176 -272
-256 16080 -64
-176 16080 -64
-400 16160 96
-304 16224 -80
-304 16160 240
-304 16144 192
-288 16144 48
-192 16176 48
-192 16160 112
-128 16112 192
-192 16128 208
-336 16192 208
-336 16160 224
-208 16160 336
-224 16144 336
-192 16112 608
-304 16176 528
-352 16256 480
-224 16240 688
-224 16304 496
-240 16304 496
-80 16160 192
-160 16128 128
-320 16192 416
-256 16224 272
-256 16176 400
-464 16176 432
-384 16224 432
-368 16160 176
-304 16112 416
-368 16272 272
-368 16240 352
-400 16240 352
-272 16208 448
-192 16224 176
-176 16224 64
-416 16176 128
-400 16192 128
-400 16192 96
-384 16160 96
-352 16176 -16
-336 16096 80
-352 16112 176
-240 16128 208
-240 16128 304
-208 16144 304
-240 16192 128
-128 16224 64
-208 16240 400
-256 16208 -80
-288 16336 -112
-288 16336 128
-272 16256 128
-272 16208 0
-272 16272 208
-336 16192 144
-336 16224 32
-256 16224 32
-192 16256 -160
-288 16304 -128
-256 16176 144
-144 16208 48
-240 16176 128
-144 16192 -32
-144 16192 160
-64 16128 160
-272 16128 160
-384 16144 304
-336 16160 368
-336 16256 48
-272 16208 0
-176 16208 112
-64 16192 112
-96 16096 320
-64 16176 320
-176 16256 144
-176 16256 144
-256 16256 144
-384 16240 96
-224 16272 -80
-304 16192 -160
-208 16224 0
-176 16224 -16
-272 16256 -16
-304 16256 80
-288 16176 320
-288 16224 160
-288 16192 160
-336 16192 160
-256 16176 176
-192 16112 128
-176 16144 16
-320 16160 0
-320 16224 48
-368 16224 48
-336 16160 48
-224 16192 -16
-256 16128 -16
-544 16144 -32
-544 16144 288
-432 16160 288
-208 16272 144
-256 16224 272
-160 16192 128
-240 16160 80
-240 16160 16
-304 16176 112
-336 16176 112
-240 16160 128
-224 16160 176
-224 16096 176
-160 16176 288
-160 16304 160
-192 16304 64
-128 16224 64
-192 16208 0
-256 16160 256
-240 16112 336
-144 16176 224
-144 15920 -96
-160 16112 -96
-128 16144 48
-240 16144 272
-304 16192 224
-304 16336 128
-400 16336 144
-352 16352 144
-240 16256 64
-144 16208 192
48 16224 80
16 16256 80
16 16176 384
-160 16176 384
-176 16224 -80
-208 16224 352
-416 16320 272
-416 16240 176
-384 16240 224
-352 16224 224
-256 16176 96
-160 16192 160
-288 16144 96
-80 16096 96
-80 16112 80
-16 16112 80
-64 16128 -32
-192 16224 -96
-144 16160 64
-144 16096 272
-336 16096 272
-320 16000 384
-352 16048 288
-336 16192 240
-368 16208 256
-304 16272 112
-48 16208 320
-208 16208 192
-176 16160 192
-192 16208 240
-368 16240 240
-336 16288 16
-368 16208 176
-368 16224 80
-256 16224 80
-272 16192 80
-256 16176 288
-192 16256 240
-128 16176 16
-128 16288 -112
-272 16288 144
-224 16208 144
-176 16128 256
-224 16224 144
-224 16288 -16
-224 16208 48
-288 16208 48
-208 16192 160
-176 16208 160
-272 16192 144
-112 16176 192
-112 16288 112
-272 16288 112
