startup(x,y,z):(416,16240,176)
416 16272 -480
464 16208 -480
416 16208 -736
320 16224 -688
512 16224 -608
480 16224 -672
448 16256 -640
576 16224 -96
576 16224 288
464 16128 336
464 16112 448
288 16368 416
352 16160 416
320 16288 688
320 16208 848
240 16144 608
240 16176 448
352 16176 272
368 16144 160
368 16256 -288
480 16240 -144
448 16240 -144
400 16240 -240
432 16224 -224
256 16224 -192
384 16208 -128
384 16208 -240
432 16208 -208
352 16192 -208
528 16192 -144
464 16160 0
448 16176 240
512 16240 448
496 16160 416
544 16160 352
432 16160 288
432 16128 480
448 16128 480
368 16256 192
320 16256 32
416 16192 32
304 16192 64
512 16224 128
448 16224 240
496 16128 -96
448 16160 -16
416 16192 320
448 16192 272
448 16192 336
368 16320 -48
368 16176 176
464 16176 96
624 16176 -16
528 16240 0
528 16240 0
432 16240 -64
304 16208 64
368 16288 -240
464 16240 -192
640 16240 -96
592 16256 -112
592 16256 48
512 16240 48
400 16272 -256
448 16320 16
464 16208 32
464 16208 192
352 16160 192
400 16176 272
352 16256 192
336 16288 160
272 16240 416
560 16272 240
560 16288 192
512 16256 256
432 16272 384
432 16256 192
416 16256 160
320 16304 80
320 16272 48
272 16272 -160
304 16304 -160
384 16272 -176
400 16208 -192
400 16240 -16
464 16208 -224
528 16224 -112
240 16224 -48
304 16224 272
304 16160 176
416 16160 96
400 16256 96
368 16240 80
336 16208 64
400 16272 48
416 16240 192
416 16208 176
416 16208 160
384 16272 160
432 16240 16
464 16192 64
624 16208 80
512 16224 64
512 16224 32
592 16240 32
496 16272 -48
448 16240 -112
448 16256 48
432 16208 48
400 16240 144
400 16240 128
400 16240 16
528 16208 16
544 16208 16
448 16208 208
448 16176 48
512 16272 128
512 16224 144
480 16224 96
480 16208 224
480 16208 224
544 16320 160
432 16272 128
480 16224 16
480 16240 -64
368 16240 -112
368 16224 -112
368 16128 -96
368 16224 -16
240 16256 -48
384 16192 128
480 16224 112
304 16208 -16
304 16240 160
384 16240 400
400 16208 400
416 16160 384
400 16128 304
400 16160 368
400 16160 400
400 16176 352
448 16176 272
528 16192 272
416 16160 240
336 16208 160
400 16176 32
448 16176 -80
448 16208 16
336 16208 -32
368 16320 -32
544 16288 -48
480 16240 160
352 16304 -112
368 16256 48
304 16128 64
320 16176 80
416 16208 0
288 16208 160
288 16160 128
400 16160 128
336 16176 368
480 16128 320
528 16208 208
416 16288 112
400 16240 0
400 16208 240
448 16208 64
416 16208 64
416 16272 -64
368 16304 64
384 16320 80
336 16192 208
336 16144 -32
336 16144 -16
368 16240 336
272 16240 336
336 16256 272
480 16288 144
336 16192 -16
432 16096 192
480 16144 240
480 16192 80
640 16176 304
432 16080 224
464 16176 32
480 16144 80
432 16160 128
352 16240 128
480 16272 80
480 16272 128
416 16272 128
448 16352 32
576 16288 80
480 16208 96
400 16256 176
416 16256 192
272 16304 304
384 16256 64
288 16320 288
304 16240 240
304 16240 -32
416 16256 -32
528 16192 16
464 16288 -32
416 16320 48
416 16256 -48
480 16240 -208
416 16288 48
400 16288 224
400 16288 224
416 16288 192
400 16320 192
432 16272 160
320 16288 192
352 16176 128
496 16208 -64
496 16208 240
272 16176 240
256 16160 144
272 16192 320
368 16256 48
368 16208 -112
304 16192 -288
304 16160 -176
384 16160 -16
368 16176 -16
480 16208 48
400 16160 176
384 16176 -144
384 16208 80
416 16192 224
352 16192 48
304 16224 48
288 16192 32
368 16208 112
480 16240 -16
384 16336 -112
384 16224 240
448 16240 320
368 16240 320
464 16288 384
432 16256 384
400 16256 480
400 16208 352
432 16128 208
432 16176 208
528 16176 208
432 16176 144
480 16192 80
496 16128 -48
448 16144 96
400 16240 48
400 16224 96
448 16176 80
448 16192 80
480 16160 208
464 16160 240
512 16176 240
512 16240 208
400 16240 256
368 16176 240
192 16176 160
320 16192 128
320 16144 240
368 16144 240
416 16208 240
496 16128 208
384 16176 224
512 16192 160
448 16208 0
448 16208 64
368 16208 64
576 16208 176
528 16192 176
496 16144 96
496 16208 224
352 16256 80
288 16192 208
400 16208 80
576 16320 48
576 16288 208
352 16288 80
432 16224 80
480 16160 112
400 16240 224
256 16224 160
288 16224 -32
496 16240 -176
496 16240 -32
480 16256 -224
416 16272 -336
512 16192 16
512 16192 128
368 16192 -96
368 16224 -112
416 16288 -192
304 16208 -160
256 16192 -144
336 16144 128
336 16144 176
352 16304 144
400 16224 368
400 16224 368
400 16160 304
560 16160 144
528 16128 112
384 16224 -32
400 16192 0
480 16192 -48
416 16240 32
368 16240 128
368 16224 144
368 16240 256
416 16240 64
528 16288 64
528 16208 144
416 16192 0
560 16160 96
496 16192 64
320 16144 288
272 16192 176
336 16320 128
336 16240 336
416 16240 240
320 16240 0
352 16240 144
464 16176 144
448 16224 96
304 16192 0
288 16192 96
400 16176 16
464 16144 112
416 16160 128
416 16128 288
272 16176 192
272 16144 128
400 16144 160
480 16128 0
496 16160 48
336 16128 96
272 16208 80
384 16192 432
480 16256 288
480 16256 320
448 16192 320
448 16176 16
448 16176 -80
480 16192 192
576 16176 160
576 16144 112
528 16144 192
608 16080 192
592 16160 160
608 16192 -16
528 16176 -80
464 16128 -112
496 16128 48
496 16128 96
432 16144 96
480 16176 304
512 16176 128
576 16224 0
352 16192 144
352 16224 16
384 16192 128
320 16192 64
432 16176 64
480 16144 16
512 16144 96
400 16240 -16
400 16256 144
384 16256 112
384 16256 32
368 16208 0
464 16224 64
432 16224 -64
560 16288 -64
464 16272 0
528 16272 208
496 16208 208
496 16176 320
528 16256 176
464 16256 32
384 16112 32
368 16224 112
320 16240 80
368 16240 128
416 16192 240
496 16176 176
384 16192 160
544 16160 128
544 16160 240
592 16160 272
352 16160 272
432 16176 32
400 16256 192
448 16272 224
288 16240 192
304 16240 -64
352 16208 -16
496 16224 -352
464 16272 -32
512 16192 64
512 16192 112
384 16192 -192
464 16176 -192
496 16240 96
560 16256 96
560 16256 176
496 16208 288
432 16256 176
624 16240 80
464 16160 144
720 16176 144
528 16176 208
528 16192 240
464 16208 240
400 16192 192
432 16224 320
448 16240 256
448 16208 96
544 16208 -80
624 16160 -64
608 16208 16
576 16176 240
496 16176 224
496 16176 128
592 16208 128
496 16176 -96
448 16192 -96
384 16144 -208
400 16144 32
400 16208 176
464 16224 144
464 16240 144
464 16176 144
400 16176 432
352 16160 432
352 16192 336
528 16176 160
544 16144 32
480 16128 176
528 16176 32
480 16192 160
384 16224 192
384 16288 80
400 16272 32
304 16288 240
432 16288 240
352 16288 224
320 16192 176
384 16144 208
304 16224 -48
448 16272 112
512 16272 112
512 16272 128
544 16224 80
480 16224 80
448 16160 224
384 16208 176
400 16128 272
464 16192 352
416 16144 448
528 16128 128
480 16096 48
480 16208 -16
384 16224 16
400 16224 144
416 16192 144
400 16144 112
544 16224 80
448 16144 288
496 16192 64
544 16160 176
400 16192 128
400 16240 96
336 16240 208
432 16240 208
384 16160 128
576 16144 48
544 16160 144
400 16144 64
368 16336 176
368 16304 112
416 16240 112
432 16240 64
368 16176 64
400 16224 64
448 16224 192
368 16192 288
432 16192 352
272 16176 208
416 16128 144
416 16128 144
464 16096 144
528 16144 224
560 16208 144
496 16272 16
416 16256 -16
400 16176 48
400 16208 208
368 16208 144
352 16176 144
384 16176 192
496 16240 48
640 16192 -48
608 16192 80
608 16192 80
640 16240 96
688 16240 96
544 16208 112
480 16208 160
