startup(x,y,z):(176,16192,160)
3920 16000 -2704
6144 16080 -2144
6144 15888 -688
2096 15888 -688
640 15968 -544
1200 16016 -704
16 16096 -880
-608 16384 -144
-608 16384 -208
208 16192 -384
48 16176 -384
-32 16320 464
160 16208 752
-288 16016 240
-288 16400 416
-528 16400 672
-272 16320 672
-128 16432 -144
240 16384 464
320 16272 224
320 16224 -560
240 16224 -32
368 16128 -32
112 16064 1072
-64 16192 480
240 16192 192
400 16240 -240
400 16240 128
464 16192 128
-48 16160 176
352 16048 -224
320 16128 -528
272 16192 -192
272 16192 16
304 16320 16
192 16272 224
304 16208 256
304 16224 64
160 16224 288
160 16224 528
16 16256 528
208 16176 176
304 16096 48
208 16080 160
208 16144 192
336 16144 192
320 16256 240
208 16240 352
16 16256 -48
128 16240 144
128 16144 272
176 16144 272
176 16256 -16
176 16208 160
160 16208 96
160 16144 96
160 16240 368
176 16240 576
160 16192 576
160 16176 304
224 16304 -176
272 16256 176
32 16240 288
32 16240 368
128 16256 368
-32 16272 192
288 16288 -32
320 16176 80
320 16272 336
176 16272 288
128 16224 288
208 16096 592
224 16208 336
48 16128 288
176 16032 -32
176 16032 -144
192 16144 -144
32 16176 240
-112 16064 496
80 16160 432
80 16112 224
112 16112 64
64 16080 64
288 16208 400
80 16080 224
592 16000 -272
592 16000 -512
304 16000 -160
384 16096 -160
80 16288 400
144 16096 592
160 16208 288
160 16208 -128
496 16144 -128
480 16192 -464
48 16192 -16
0 16160 80
-64 16128 416
-64 16192 656
-64 16192 656
-112 16208 528
32 16176 448
176 16160 64
128 16160 144
128 16160 400
32 16224 400
256 16224 368
272 16144 432
384 16208 416
208 16144 -64
208 16096 -240
352 16096 -240
448 16000 -336
512 16064 -240
320 16160 80
304 16128 400
304 16128 304
256 16160 304
224 16224 240
272 16208 -208
336 16192 -256
272 16192 -144
272 16080 112
240 16080 112
208 16192 384
224 16160 512
240 16208 224
16 16096 96
16 16096 208
-192 16208 208
272 16272 368
352 16272 320
192 16224 384
0 16192 96
0 16224 0
128 16224 0
192 16192 16
160 16112 -272
272 16176 32
16 16160 176
176 16160 416
192 16224 416
-16 16160 416
144 16144 528
240 16208 208
272 16176 -160
320 16176 -160
320 16144 -208
112 16112 256
96 16160 464
96 16176 512
96 16176 512
160 16112 432
208 16176 224
256 16192 176
208 16160 400
208 16224 384
256 16224 384
-112 16256 288
-96 16144 304
-16 16208 304
160 16240 400
160 16240 352
144 16144 352
192 16176 416
64 16176 272
176 16176 240
176 16240 400
96 16240 608
48 16288 608
112 16224 320
224 16272 112
368 16224 32
368 16192 -32
144 16192 -128
240 16144 -128
160 16064 224
208 16096 16
256 16240 288
256 16192 224
160 16192 224
48 16096 224
128 16176 256
208 16128 272
208 16176 304
208 16176 32
288 16192 32
304 16096 176
112 16128 336
48 16208 128
96 16160 32
96 16160 288
240 16064 288
240 16080 336
384 16160 160
448 16112 32
432 16144 256
432 16144 -32
272 16272 -32
256 16336 -176
128 16304 96
304 16320 288
272 16352 336
272 16352 544
64 16320 544
64 16288 288
80 16256 80
144 16272 0
224 16256 208
224 16256 384
144 16240 384
80 16144 336
240 16144 528
144 16160 336
144 16160 432
208 16160 320
240 16112 320
208 16192 272
128 16128 416
176 16144 528
176 16144 256
112 16144 240
16 16128 240
208 16160 192
144 16144 240
240 16160 32
240 16160 80
160 16160 80
-16 16192 176
96 16176 160
128 16208 256
112 16240 144
112 16240 224
128 16224 224
336 16176 288
176 16192 96
112 16160 240
112 16224 128
48 16224 128
144 16080 256
144 16080 192
240 16064 80
224 16032 16
224 16144 -16
160 16144 48
192 16144 48
224 16128 224
320 16208 272
336 16192 256
336 16192 336
192 16176 336
208 16160 464
224 16160 368
160 16192 336
160 16192 224
176 16192 208
176 16144 208
80 16144 272
144 16192 288
0 16192 272
0 16192 544
32 16192 608
16 16192 608
112 16208 480
176 16144 240
352 16176 336
352 16208 304
240 16144 48
256 16160 48
320 16176 48
320 16192 432
176 16224 496
176 16240 80
208 16240 80
176 16160 464
336 16160 624
304 16160 592
240 16208 48
240 16288 224
256 16288 224
304 16208 208
256 16176 384
240 16112 112
160 16176 320
160 16176 240
160 16176 240
96 16256 304
48 16288 144
16 16256 80
16 16224 224
-96 16224 64
-144 16224 64
0 16128 400
208 16128 208
224 16192 208
224 16224 48
272 16224 48
208 16160 128
288 16208 208
272 16208 224
208 16176 272
208 16224 320
160 16224 320
272 16224 48
128 16256 -48
160 16160 80
112 16160 240
112 16176 208
272 16176 208
176 16208 240
128 16240 192
0 16224 160
144 16208 320
144 16160 96
208 16160 96
240 16128 128
272 16096 240
240 16112 608
256 16160 240
256 16160 128
128 16240 128
48 16224 464
0 16224 256
160 16192 208
160 16192 -32
96 16192 160
80 16192 160
112 16224 112
144 16288 128
112 16176 160
112 16176 176
128 16176 0
80 16192 0
192 16224 96
192 16176 208
144 16176 256
144 16176 176
240 16176 448
144 16160 448
224 16176 448
48 16096 288
-32 16160 352
-32 16192 304
-80 16192 224
16 16112 224
144 16176 208
288 16144 160
288 16064 400
288 16096 304
128 16096 288
304 16096 288
272 16128 240
304 16064 112
320 16208 -48
320 16208 144
320 16208 256
208 16144 256
304 16160 288
16 16256 336
112 16224 256
112 16224 448
80 16224 448
192 16208 224
256 16224 80
192 16224 -48
160 16176 48
160 16128 0
32 16128 0
96 16160 96
256 16176 96
176 16192 80
176 16160 80
224 16160 80
128 16176 112
16 16208 288
0 16176 272
96 16192 272
96 16208 256
128 16208 256
96 16240 256
208 16224 240
128 16272 208
176 16208 288
176 16208 224
224 16112 224
256 16112 288
256 16144 320
288 16224 48
256 16256 112
208 16240 240
0 16288 384
48 16272 272
240 16112 176
176 16176 144
176 16176 -16
160 16192 -16
144 16208 384
64 16272 496
64 16224 288
64 16192 496
16 16192 464
0 16224 464
112 16160 368
208 16176 352
160 16192 304
160 16144 64
176 16144 64
160 16176 -112
160 16240 -64
208 16128 320
128 16112 224
128 16112 464
-32 16128 464
-128 16192 320
-112 16240 288
128 16240 208
128 16192 208
192 16192 48
176 16144 48
128 16160 224
144 16160 384
160 16240 272
112 16192 208
112 16192 -112
208 16208 -112
192 16192 -128
272 16272 -320
64 16192 16
64 16176 160
80 16176 -32
80 16208 -32
80 16272 160
224 16240 -144
208 16256 80
208 16304 128
176 16304 128
192 16272 0
176 16256 -224
288 16192 32
208 16192 208
208 16192 144
176 16192 144
80 16256 224
192 16224 96
272 16208 224
272 16256 -80
192 16256 48
336 16208 48
112 16176 144
160 16176 160
208 16128 -112
272 16112 96
272 16240 160
192 16240 160
240 16144 176
192 16176 208
144 16240 304
144 16208 -32
208 16208 160
240 16256 160
240 16208 176
272 16144 128
208 16144 288
224 16192 288
224 16192 -64
96 16192 -64
80 16192 -80
64 16144 128
160 16112 144
160 16096 144
144 16096 352
128 16160 352
160 16208 208
80 16224 128
48 16272 0
48 16256 144
128 16256 32
128 16160 32
224 16176 96
240 16128 272
80 16176 160
80 16176 32
112 16208 32
32 16176 208
64 16128 80
144 16176 144
16 16112 176
16 16128 224
0 16128 224
128 16208 -32
80 16160 112
288 16144 384
288 16160 160
240 16160 0
224 16096 0
144 16096 80
176 16128 256
192 16192 160
208 16240 256
208 16240 416
160 16192 160
160 16272 48
16 16320 368
192 16320 416
80 16256 288
80 16256 224
128 16240 224
272 16192 240
336 16176 224
176 16176 288
256 16224 48
272 16160 112
