startup(x,y,z):(64,16112,144)
6832 13648 -3712
1024 15024 -3632
-1024 14448 -1760
-1856 14016 -5536
-6544 16656 48
-1264 17280 2368
-2784 17088 -288
-2784 17008 16
-544 17008 16
-912 17120 2384
320 16592 -240
224 16608 -256
224 16704 1056
-512 16704 352
352 16320 352
-336 16256 -720
-672 16112 1456
-416 16096 -64
208 15904 -64
224 16272 480
112 16304 560
448 16208 -1040
336 16208 -1040
-16 16304 -160
288 16192 -896
-64 16272 -32
-208 16224 1472
-208 16128 560
112 16080 0
112 16080 448
96 16096 448
-32 16048 288
272 15968 -224
144 16016 192
144 16016 48
80 16064 -384
352 16128 -384
400 16176 -544
288 16208 -336
144 16176 -272
32 16192 160
-80 16064 672
-80 16064 384
192 16032 384
80 16000 464
112 16048 896
96 16048 496
96 16128 208
304 16128 592
192 16192 592
128 16128 -48
304 16128 368
368 16144 -48
560 16176 -320
2992 17120 -224
2992 17120 -512
2912 16224 -512
512 16128 -1136
416 16032 -1648
-896 16160 -1552
-1552 16320 -176
-1552 15920 -304
112 16288 -128
368 16144 192
336 16160 304
336 16128 144
32 16128 208
-336 16000 208
-224 16064 1008
-16 15920 352
-16 16048 768
-80 16240 1104
-32 16240 1104
416 16160 96
176 16208 592
208 16160 144
112 16160 144
384 16144 16
224 16176 448
384 16160 96
384 16176 112
272 16176 112
96 16192 320
128 16160 416
128 16160 112
-96 16160 240
112 16208 384
192 16192 272
192 16192 1808
16 16192 1808
528 15984 480
1936 15616 -544
512 15856 -816
1024 15904 -592
1024 16176 624
352 16176 624
704 16080 976
64 16288 1008
656 16224 1040
512 16208 -320
432 16256 -464
240 16272 -272
240 16272 -128
240 16208 -128
208 16272 512
-224 16128 720
64 16032 0
320 15888 -432
272 15952 -368
240 16096 -192
256 16096 -144
256 16032 128
112 16032 128
224 16048 352
256 15904 160
288 16080 32
288 16096 -224
160 16080 -272
192 16080 -272
224 16064 -32
144 16112 256
192 16176 512
160 16160 368
0 16128 96
192 16224 0
192 16224 -352
352 16176 -352
16 16128 0
96 16160 336
80 16128 464
80 16208 720
464 16208 432
384 16352 432
304 16256 176
304 16240 48
320 16208 -272
144 16192 224
144 16224 384
144 16176 416
112 16112 240
64 16176 -48
0 16176 -128
96 16144 -64
96 16144 96
32 16112 112
112 16144 208
144 16176 208
80 16224 368
112 16112 176
144 16240 32
144 16240 -112
160 16240 -112
128 16224 32
112 16208 -224
32 16192 192
0 16224 336
144 16208 384
160 16208 400
192 16192 240
192 16128 96
192 16208 -16
240 16208 192
256 16192 192
272 16128 368
208 16224 720
224 16208 368
256 16112 256
272 16144 224
192 16176 -128
192 16112 16
144 16112 272
32 16144 272
80 16144 352
32 16144 384
112 16160 112
112 16112 160
224 16112 160
192 16160 352
224 16160 240
144 16128 288
144 16096 352
240 16064 -80
240 16112 48
256 16112 16
80 16112 16
176 16176 -80
96 16256 -144
-144 16208 112
48 16208 192
48 16208 352
-80 16224 352
-96 16144 384
16 16176 272
112 16240 384
32 16224 576
80 16112 336
80 16368 608
32 16192 608
32 16224 432
0 16176 416
80 16256 464
32 16208 320
48 16176 208
80 16192 256
176 16272 240
176 16096 304
288 16096 0
352 16128 0
224 16048 -160
160 16048 -272
160 16144 -144
112 16112 -80
240 16112 -80
80 16128 0
-64 16144 272
64 16128 0
224 16128 -176
160 16176 -224
176 16144 -256
176 16144 0
80 16096 0
160 16128 112
208 16080 256
176 16160 -16
176 16208 96
128 16208 -128
176 16160 -128
208 16096 -80
208 16096 -80
-48 16160 80
32 16032 144
64 15920 400
64 16032 368
80 16032 544
32 16096 544
128 16112 384
-64 16144 272
-32 16176 16
80 16128 176
160 16128 288
176 16176 224
176 16176 32
144 16192 32
0 16128 80
144 16128 112
160 16128 128
160 16192 64
16 16192 -16
64 16176 -16
176 16144 256
32 16128 176
80 16128 -48
80 16096 -48
160 16000 -16
80 16080 112
112 16128 128
192 16128 192
224 16144 192
240 16064 144
80 16016 336
128 16096 224
112 16128 352
176 16176 240
176 16176 288
160 16160 288
128 16096 288
160 16112 144
128 16192 64
96 16176 160
96 16224 192
112 16224 192
160 16192 112
112 16192 144
128 16208 256
160 16256 224
176 16272 128
80 16208 160
80 16208 240
32 16096 240
96 16080 112
128 16160 496
240 16112 512
240 16112 352
240 16112 80
288 16192 224
176 16128 272
32 16144 272
80 16096 240
80 16112 240
128 16048 304
128 16048 368
64 16112 368
160 16064 240
112 16112 352
304 16144 160
144 16112 64
64 16160 128
256 16144 80
224 16128 96
224 16112 592
176 16112 624
160 16160 624
112 16128 304
160 16048 480
48 16000 480
48 16128 224
48 16128 240
96 16128 240
224 16176 128
304 16176 128
272 16192 -112
144 16096 -16
160 16096 -288
160 16128 64
192 16128 64
272 16096 368
192 16128 320
112 16112 624
96 16096 304
96 16128 272
144 16096 240
144 16128 288
208 16128 320
80 16128 320
160 16160 144
224 16080 320
48 16128 208
48 16128 256
80 16208 -256
80 16160 -112
16 16128 32
16 16192 48
16 16144 208
256 16176 416
256 16144 240
144 16144 48
96 16208 48
192 16128 256
240 16080 432
192 16112 384
192 16064 320
48 16064 48
128 16032 208
208 16112 400
208 16160 304
176 16160 304
96 16240 352
32 16128 272
80 16128 336
80 16064 272
16 16064 272
96 16080 320
112 16112 -32
112 16112 272
80 16064 304
160 16112 160
144 16080 160
128 16080 240
96 16080 352
96 16160 272
112 16160 256
160 16192 256
192 16160 304
-48 16096 320
112 16096 304
32 16144 432
48 16176 304
208 16208 304
208 16208 384
240 16208 384
160 16160 608
96 16112 416
64 16048 352
112 16080 544
144 16080 544
176 16064 480
96 16112 544
160 16176 496
32 16176 288
-32 16176 144
32 16208 176
32 16208 -128
160 16192 -128
128 16144 64
176 16160 0
256 16144 -128
224 16224 0
224 16224 144
96 16208 320
16 16144 544
144 16192 304
144 16192 464
160 16096 464
192 16048 416
-48 16128 192
128 16144 144
112 16128 112
80 16176 208
80 16176 240
176 16192 240
128 16096 496
128 16160 496
192 16128 -64
320 16160 80
240 16112 80
240 16144 160
176 16144 320
32 16096 320
64 16064 208
64 16128 288
-96 16144 208
-96 16112 112
48 16144 160
48 16192 80
176 16192 80
112 16224 80
32 16096 64
-16 16096 64
-16 16096 160
-16 16096 560
16 16096 512
48 16064 512
208 16048 304
80 16128 448
0 16112 128
48 16128 64
48 16144 32
48 16144 0
224 16160 0
208 16208 352
16 16208 208
0 16240 352
48 16224 320
48 16224 336
32 16192 336
144 16176 288
64 16128 160
176 16128 160
192 16096 128
192 16032 144
240 16064 256
240 16128 208
224 16128 208
128 16160 432
176 16192 416
256 16096 224
128 16080 448
160 16112 384
80 16096 288
80 16128 -80
112 16128 160
-32 16112 160
48 16080 80
128 16128 48
160 16128 128
144 16176 48
144 16176 272
144 16048 272
32 16080 208
96 16032 288
176 16096 96
240 16208 112
144 16224 224
144 16160 208
192 16160 208
-112 16160 256
-64 16144 240
-48 16160 288
128 16128 240
128 16128 224
208 16128 224
112 16112 -176
176 16144 -16
160 16176 240
272 16176 128
144 16144 224
144 16112 64
112 16112 64
256 16048 160
192 16112 144
160 16096 368
80 16240 336
208 16224 336
128 16192 224
224 16160 144
176 16224 192
176 16224 208
80 16224 208
112 16192 288
16 16176 192
-160 16176 256
-160 16080 304
32 16080 304
112 16160 496
208 16080 512
48 16176 496
96 16144 448
144 16144 368
144 16192 256
320 16192 256
320 16144 272
208 16176 160
224 16192 0
224 16224 208
224 16224 80
256 16128 80
176 16096 16
160 16192 16
192 16080 -80
288 16096 128
384 16128 16
384 16128 80
