startup(x,y,z):(224,16128,272)
-1584 16736 2576
-480 15920 -592
208 16096 1184
448 16128 1632
448 16192 128
272 16160 -448
192 16160 -560
384 15632 -560
-1072 15728 384
-928 16384 384
-176 15936 880
208 17408 -1872
1808 17120 240
1808 17120 2896
1248 17040 2896
-1408 16736 -2496
-1632 16576 -2432
-704 16496 112
288 16592 832
288 16336 544
368 17168 -1072
432 17168 352
2192 16672 352
2848 16848 3488
352 16848 -1152
-80 16592 -1280
-80 16592 832
432 16384 832
752 16256 1264
736 16288 832
512 16112 -288
320 16192 240
496 16288 560
160 16240 80
160 16240 352
160 16240 352
272 16256 928
224 16096 496
400 16224 544
496 16064 -16
496 16064 528
368 16128 528
352 16112 208
336 16160 464
256 16240 288
224 16176 176
272 16112 608
304 16080 256
304 16080 -96
144 16080 -96
16 16208 16
240 16208 496
256 16192 48
224 16176 80
192 16160 416
192 16224 416
224 16160 176
224 16064 160
272 16064 160
368 16160 32
384 16080 32
320 16144 320
320 16096 -192
256 16144 -80
144 16144 -80
192 16032 320
192 16128 48
224 16128 -112
368 16240 192
224 16256 288
224 16256 304
192 16256 256
256 16288 256
320 16160 352
304 16288 528
256 16240 704
256 16144 528
288 16144 496
368 16192 384
336 16096 240
256 16096 240
240 16176 176
352 16176 144
336 16080 224
336 16160 32
496 16160 32
384 16128 -112
272 15936 160
336 15904 336
352 16096 32
336 16272 -224
336 16320 -128
336 16320 -128
304 16160 80
240 16256 160
256 16336 192
256 16128 32
448 16272 432
480 16272 304
416 16080 304
416 16288 304
320 16208 272
352 16224 272
272 16160 144
208 16240 368
320 16224 336
320 16224 336
304 16176 336
224 15984 -16
176 16080 -144
336 16080 -144
336 16448 384
368 16448 -160
384 16336 352
208 16336 512
352 16272 512
512 16224 304
480 16224 144
512 16336 496
512 16336 624
480 16208 624
352 16224 480
368 16240 544
288 16240 784
480 16160 656
320 16160 496
256 16160 368
256 16144 192
448 16144 320
320 16192 320
272 16128 80
64 16160 -112
144 16160 -16
176 16160 16
176 16160 192
144 16160 192
288 16192 -16
400 16160 336
208 16176 400
304 16208 448
288 16208 400
288 16208 16
352 16208 16
352 16192 176
208 16112 16
320 16160 128
304 16096 192
368 16096 208
368 16160 304
256 16352 640
256 16256 608
272 16256 608
336 16176 560
320 16208 368
320 16288 320
320 16320 368
304 16384 368
224 16384 368
176 16352 288
304 16256 160
256 16272 288
320 16288 416
448 16288 224
448 16304 288
432 16304 448
320 16272 448
288 16304 288
352 16304 64
256 16256 96
272 16160 16
272 16160 0
416 16128 0
384 16144 336
368 16208 336
352 16192 496
336 16160 672
240 16144 480
240 16144 272
352 16192 272
304 16208 288
400 16224 32
384 16240 192
368 16224 160
368 16144 448
336 16192 320
336 16176 256
304 16176 256
448 16144 144
416 16128 16
432 16144 128
432 16144 128
432 16144 48
384 16160 48
368 16128 208
320 16160 288
320 16192 256
272 16144 304
288 16224 80
384 16224 144
320 16240 240
240 16176 304
432 16224 160
432 16240 96
320 16240 -112
160 16288 -112
208 16240 208
224 16192 208
240 16144 272
176 16224 400
176 16208 400
96 16208 400
208 16160 480
240 16176 160
256 16192 0
224 16192 0
224 16192 112
416 16176 208
448 16160 208
432 16144 192
368 16192 192
304 16224 48
464 16208 224
368 16224 160
368 16224 96
352 16192 96
384 16208 128
416 16208 256
368 16160 448
288 16160 512
288 16224 368
288 16240 352
288 16240 176
368 16256 176
288 16192 272
304 16160 416
304 16160 336
304 16160 208
352 16160 208
272 16128 432
256 16144 368
320 16176 208
448 16176 176
288 16240 176
256 16304 240
256 16272 -128
256 16176 112
112 16176 112
144 16144 96
192 16144 -64
256 16080 240
304 16160 -144
304 16144 160
272 16144 240
320 16128 96
192 16112 96
144 16256 224
144 16192 480
144 16240 528
256 16224 368
256 16224 208
304 16160 208
352 16208 176
352 16144 160
352 16208 128
352 16208 128
416 16224 144
432 16192 208
432 16176 304
448 16176 64
464 16224 64
304 16224 80
320 16208 -48
208 16176 96
272 16128 288
272 16128 208
176 16192 112
256 16176 272
176 16224 128
80 16208 128
144 16176 160
224 16144 384
304 16096 240
304 16096 320
240 16128 320
320 16112 64
336 16096 48
288 16128 160
272 16112 144
144 16192 288
320 16192 496
304 16160 144
304 16160 272
192 16160 272
304 16128 464
224 16128 448
288 16160 240
144 16208 240
144 16176 256
128 16176 272
32 16112 272
192 16192 144
224 16192 256
224 16128 432
304 16192 368
304 16128 160
304 16128 96
160 16208 96
336 16176 144
336 16144 272
304 16160 160
304 16224 176
400 16224 160
288 16208 160
480 16208 208
400 16128 208
320 16192 272
272 16144 352
208 16160 496
208 16144 432
352 16144 432
272 16224 192
368 16176 336
272 16176 368
352 16128 272
256 16160 80
256 16160 352
224 16224 352
112 16176 368
176 16288 544
80 16320 384
144 16288 464
144 16256 544
160 16192 416
304 16192 448
208 16176 144
240 16144 80
176 16128 80
208 16144 -144
256 16208 128
352 16288 224
352 16288 416
224 16304 416
336 16224 160
384 16256 288
432 16176 272
352 16128 304
352 16112 192
224 16144 272
208 16144 256
352 16160 256
336 16176 32
240 16160 304
352 16224 304
352 16224 240
336 16192 240
288 16208 176
272 16176 64
304 16192 80
240 16160 -48
304 16144 288
192 16160 112
192 16192 224
224 16192 240
160 16096 240
208 16080 256
192 16080 576
240 16112 752
240 16208 448
288 16208 528
240 16144 528
256 16176 464
368 16192 432
288 16256 336
272 16208 608
272 16224 528
304 16224 320
368 16192 320
128 16192 288
144 16192 240
208 16160 272
352 16176 256
352 16208 160
336 16224 304
336 16160 208
304 16160 208
304 16240 304
416 16208 208
416 16224 240
416 16176 208
384 16176 336
320 16240 336
192 16192 176
288 16064 256
304 16128 64
320 16144 80
544 16224 64
544 16192 112
416 16192 112
352 16096 448
416 16144 320
240 16144 368
224 16160 304
224 16160 128
256 16192 128
240 16144 112
320 16160 176
304 16160 448
256 16128 240
256 16160 160
256 16176 384
256 16176 304
224 16176 304
192 16160 384
256 16176 624
272 16224 336
256 16208 80
256 16176 96
192 16240 112
320 16192 -160
256 16192 -160
192 16208 80
240 16128 240
288 16208 432
288 16208 432
160 16208 368
240 16160 368
256 16128 464
256 16176 256
336 16128 304
160 16144 256
208 16160 96
224 16192 -32
160 16144 288
160 16144 224
368 16144 288
384 16144 288
368 16176 288
352 16208 384
176 16208 416
176 16192 320
192 16192 80
256 16256 80
336 16256 432
128 16160 400
224 16112 320
224 16208 384
144 16208 560
272 16192 560
240 16192 528
224 16128 480
192 16128 368
304 16144 176
272 16176 272
208 16224 208
208 16224 208
48 16256 208
224 16240 480
384 16176 272
304 16224 368
304 16176 432
272 16176 320
416 16160 320
288 16208 144
208 16224 48
96 16192 -64
64 16240 16
64 16208 224
32 16208 48
128 16176 48
176 16128 128
272 16176 144
336 16224 192
400 16224 176
400 16176 448
336 16272 304
304 16256 64
240 16256 208
288 16256 208
208 16320 192
288 16240 -80
224 16272 -48
224 16240 -240
192 16240 -240
208 16240 240
160 16208 144
96 16192 48
160 16208 32
240 16144 208
272 16144 288
272 16176 288
240 16176 288
288 16128 304
240 16240 304
80 16288 272
80 16256 0
304 16256 160
352 16256 160
528 16240 96
304 16192 160
288 16256 240
224 16208 288
352 16160 240
256 16160 208
256 16176 192
224 16176 64
288 16144 64
320 16176 160
368 16128 -16
480 16112 160
384 16128 304
384 16160 96
272 16224 192
