startup(x,y,z):(592,16016,224)
-960 15728 8256
6032 16112 2608
1680 15392 -6016
1600 15392 -7296
1920 16016 -4528
1680 16288 -912
2016 16560 -912
464 16320 2624
192 16480 3568
576 16064 1584
576 15776 80
1200 15776 80
1088 16128 192
1552 16224 896
1488 16320 1584
1040 16576 2064
544 16416 1296
464 16064 -160
368 15888 -1392
160 15984 -1616
160 16272 -1280
224 16272 -1280
400 16240 128
640 16416 1872
720 16432 2608
720 16208 2512
944 16176 800
720 16080 -352
304 15968 -1088
304 15888 -1296
304 15888 -816
112 16176 -336
336 16272 -512
608 16192 -336
608 16128 336
560 16128 1680
688 16112 1680
816 16272 2976
720 16320 2624
688 16224 1520
1120 16192 240
1088 16128 -1184
1088 15936 -2064
736 15936 -2064
432 16000 -2192
208 16064 -1488
368 16000 -592
448 16080 496
448 16208 1008
512 16208 1008
624 16176 656
800 16240 704
800 16320 1152
784 16320 1280
656 16176 960
656 16096 416
544 16096 -448
464 16048 -448
656 16032 -576
672 16064 -240
800 16272 528
784 16240 912
800 16224 1040
688 16288 1056
688 16224 848
496 16224 -32
560 16112 -32
512 16128 -384
464 16144 -624
464 16128 -928
464 16112 -864
528 16176 -576
528 16176 -80
608 16224 384
656 16176 928
528 16176 928
464 16144 1168
496 16144 944
592 16080 448
592 16112 144
432 16112 -112
544 16080 -112
448 16128 -64
240 16208 -160
384 16208 80
528 16048 304
704 16208 320
624 16176 368
624 16176 384
688 16176 384
800 16048 256
816 16112 80
624 16128 208
624 16144 336
608 16144 80
544 16144 80
384 16160 464
368 16144 720
592 16192 608
608 16192 800
624 16192 816
624 16144 608
752 16144 608
624 16112 288
592 16080 112
544 16096 16
544 16080 -208
544 16112 -336
448 16112 -464
528 16176 -208
608 16176 32
528 16160 32
576 16128 352
496 16112 736
560 16064 768
560 16048 736
640 16048 512
512 16032 512
512 16176 144
528 16096 208
432 16112 128
416 16112 96
464 16144 208
416 16208 240
416 16224 288
480 16224 448
608 16208 448
576 16176 464
576 16128 512
512 16144 144
512 16080 80
624 16080 80
608 16048 336
624 16096 512
512 16144 384
608 16144 208
576 16112 624
656 16176 576
656 16176 272
688 16224 272
672 16176 368
640 16144 96
720 16128 -80
720 16160 -144
640 16128 -48
512 16128 16
544 16128 -48
656 16192 -48
720 16192 368
672 16160 544
672 16176 304
624 16176 176
672 16144 176
400 16128 128
432 16112 112
528 16112 160
496 16112 64
528 16192 240
608 16144 496
608 16144 160
464 16160 160
624 16224 400
464 16192 320
576 16128 80
688 16080 96
592 16096 144
592 16096 224
576 16080 256
544 16128 192
544 16128 480
512 16112 480
752 16112 400
736 16128 544
624 16144 320
624 16160 256
592 16160 144
656 16144 144
592 16176 64
592 16240 0
528 16176 -32
512 16208 -240
624 16176 -96
624 16176 -48
624 16096 -48
608 16112 352
720 16080 112
656 16096 336
656 16240 256
560 16240 240
592 16192 240
384 16160 368
448 16208 224
400 16192 416
288 16096 448
448 16080 272
448 16208 176
464 16208 176
432 16128 272
416 16128 432
608 16048 480
688 16128 448
688 16192 496
672 16144 448
704 16112 512
704 16112 464
496 16064 464
592 16208 368
576 16160 -176
480 16272 -64
480 16240 224
576 16240 288
656 16208 256
640 16208 256
608 16192 352
496 16192 128
576 16240 128
352 16176 176
384 16240 80
336 16144 208
336 16192 176
480 16192 144
448 16112 144
352 16176 576
512 16176 512
480 16176 592
544 16128 272
528 16096 288
576 16096 80
576 16096 272
528 16048 272
656 16032 80
704 16048 -48
800 16048 272
704 16144 160
704 16160 -144
720 16160 64
656 16144 64
640 16176 304
720 16208 272
704 16176 224
576 16160 208
624 16144 160
624 16144 512
640 16112 512
528 16192 448
512 16160 192
448 16096 320
624 16192 368
624 16144 544
544 16176 496
544 16192 320
464 16192 192
464 16208 192
464 16256 304
496 16176 448
528 16192 304
528 16112 240
576 16112 224
640 16160 144
704 16160 144
704 16096 304
432 16096 304
544 16208 112
640 16144 48
720 16224 208
720 16224 224
736 16128 224
704 16160 160
672 16144 -96
592 16128 0
720 16080 -48
624 16128 176
672 16080 224
672 16080 240
368 16208 240
624 16192 400
656 16128 336
640 16144 176
640 16144 256
528 16144 320
672 16128 320
816 16160 400
720 16192 256
720 16208 48
672 16208 112
544 16144 160
544 16144 112
624 16192 288
656 16128 288
672 16112 256
528 16112 176
544 16208 272
544 16144 176
576 16144 176
624 16144 80
576 16064 288
656 16128 288
720 16160 336
640 16128 240
736 16112 288
736 16064 208
752 16064 -112
720 16112 -112
544 16112 448
656 16160 448
608 16128 464
688 16224 480
576 16160 352
544 16144 432
496 16144 352
496 16144 128
576 16112 128
592 16176 320
576 16192 320
576 16144 128
576 16176 400
624 16176 352
800 16144 352
432 16176 384
608 16096 304
864 16064 160
752 16064 176
672 16080 176
672 16064 224
784 16064 224
704 16048 192
688 16064 528
576 16032 368
368 16096 352
368 16176 208
656 16096 48
704 16080 80
624 16080 80
528 16096 128
624 16128 80
624 16112 256
624 16032 336
608 16032 432
496 16096 432
608 16112 656
656 16096 336
656 16096 272
672 16112 192
768 16144 176
704 16224 288
704 16144 336
704 16144 416
528 16112 416
576 16032 256
640 16080 112
624 16096 160
576 16128 256
576 16048 176
656 16112 224
624 16096 48
656 16096 224
656 16032 224
592 16064 272
512 16144 352
576 16160 368
576 16160 112
624 16144 112
608 16112 96
672 16112 112
640 16064 208
528 16112 96
640 16160 320
656 16160 368
656 16160 400
576 16160 400
496 16128 224
592 16096 272
608 16160 304
608 16176 112
688 16176 320
576 16112 320
752 16080 192
752 16080 272
624 16160 272
592 16176 112
864 16208 128
816 16112 592
656 16096 592
592 16096 512
640 16080 416
544 16096 432
544 16208 352
544 16240 320
576 16160 320
576 16176 288
560 16176 272
480 16080 272
608 16144 400
608 16208 192
544 16160 32
544 16160 336
560 16208 336
736 16224 432
640 16176 384
736 16112 272
736 16160 304
656 16144 304
592 16144 288
576 16112 192
432 16160 256
432 16160 -112
496 16160 -112
624 16112 256
608 16112 384
656 16224 320
816 16208 208
688 16224 256
688 16048 256
688 16128 256
464 16128 256
496 16064 192
576 16048 384
672 16048 192
608 16096 16
608 16192 144
672 16192 128
624 16112 128
624 16192 256
576 16224 112
496 16176 416
464 16176 608
384 16256 528
384 16288 288
464 16288 416
624 16256 416
560 16192 320
496 16160 80
624 16048 192
528 16144 224
528 16160 432
592 16160 320
592 16176 240
576 16176 384
608 16128 384
560 16128 448
432 16192 480
576 16160 336
576 16048 384
640 16144 304
624 16160 336
656 16160 336
640 16048 560
592 16112 560
496 16112 480
528 16144 528
560 16112 368
592 16176 336
592 16176 320
480 16208 256
512 16160 256
544 16096 384
528 16128 240
672 16144 288
608 16144 448
544 16160 368
544 16144 304
560 16144 432
496 16240 432
544 16112 432
608 16112 272
640 16112 336
640 16096 576
608 16096 800
528 16128 800
560 16144 576
640 16112 400
592 16128 144
672 16128 16
720 16128 112
720 16144 112
448 16144 112
432 16128 288
624 16096 208
784 16128 192
560 16064 240
560 16064 64
512 16048 -32
592 16112 208
672 16112 208
608 16240 0
576 16224 384
400 16224 272
400 16224 304
352 16224 400
592 16128 400
560 16128 208
592 16176 416
528 16128 400
528 16160 336
656 16080 320
656 16112 -48
608 16080 208
448 16096 400
624 16144 176
592 16128 128
528 16160 224
688 16224 288
688 16224 208
672 16160 208
592 16176 320
656 16176 320
656 16112 48
656 16096 368
656 16112 208
656 16112 336
736 16112 224
752 16064 224
