startup(x,y,z):(-320,16160,160)
-5600 18736 64
-608 17824 -1280
-848 17344 1712
-2112 17568 2240
-272 16736 1056
1040 16656 16
768 16096 -1680
768 16096 1424
816 15728 1424
704 16048 -128
144 16288 1872
-960 16704 2240
-960 17088 -1536
336 17088 -1376
768 16560 -1376
624 16160 -2480
224 15712 -704
-304 15616 704
-1200 16272 1712
-1200 16272 176
-1472 16304 176
-304 16448 -704
112 16144 -624
-640 16352 -176
-896 16128 384
-896 16128 416
-464 16192 416
-288 16192 400
-320 16176 -432
-64 16224 -544
-16 16240 64
-16 16064 512
-416 16064 512
-400 16176 656
-288 16144 528
-208 16160 144
-240 16064 -176
-240 16064 192
-256 16064 -160
-304 16144 -160
-272 16160 -192
-352 16128 -416
-528 16192 304
-432 16240 368
-432 16256 560
-448 16256 48
-288 16240 128
-160 16192 -112
-240 16336 -272
-288 16208 32
-432 16176 192
-320 16176 368
-304 16176 176
-304 16176 -64
16 16160 -64
-32 16128 352
-400 16176 304
-400 16176 160
-336 16112 288
-320 16112 624
-368 16064 624
-432 16112 224
-240 16080 224
-240 16000 192
-288 16080 256
-288 16016 160
-112 16016 160
-128 16080 80
-272 16096 -112
-176 16032 128
-352 16000 304
-352 16048 32
-240 16048 192
-240 16144 192
-256 16208 144
-288 16192 144
-416 16176 112
-208 16128 144
-208 16240 -16
-144 16240 32
-288 16240 32
-272 16208 96
-224 16176 224
-320 16128 512
-224 16144 400
-224 16080 352
-160 16080 192
-352 16144 192
-240 16224 -176
-96 16160 -128
0 16176 192
0 16208 384
-240 16208 384
-320 16192 -304
-832 16016 768
-784 16208 -112
-800 16192 512
-416 16112 288
-80 16208 -336
-80 16224 128
-96 16224 128
-272 16304 -144
-240 16256 624
-240 16160 352
-240 16176 240
-480 16176 176
-320 16192 176
-112 16224 160
-272 16224 336
-192 16160 192
-192 16224 112
-432 16256 -144
-288 16256 -144
-224 16192 -64
-160 16128 240
-288 16160 304
-224 16176 496
-224 16224 368
-304 16224 208
-304 16176 208
-272 16144 288
-192 16112 208
-256 16208 128
-240 16224 128
-240 16208 432
-224 16208 432
-160 16176 288
-32 16144 272
-304 16144 144
-304 16224 160
-304 16224 240
-224 16208 240
-144 16224 48
-336 16304 64
-224 16304 112
-176 16224 176
-176 16176 416
-288 16176 416
-224 16176 320
-240 16160 320
-400 16224 144
-400 16176 208
-320 16144 384
-288 16144 272
-320 16192 272
-192 16112 240
-240 16208 64
-336 16240 160
-256 16304 128
-256 16304 112
-320 16256 112
-416 16192 16
-304 16192 160
-304 16224 208
-304 16176 48
-192 16176 16
-416 16288 16
-368 16272 -16
-224 16224 176
-240 16160 48
-176 16192 128
-176 16176 272
-272 16176 272
-304 16192 352
-288 16256 400
-368 16240 256
-272 16288 176
-272 16256 -16
-160 16256 0
-224 16256 0
-336 16256 -32
-384 16208 64
-400 16256 144
-272 16288 160
-272 16288 0
-416 16304 0
-368 16256 144
-192 16240 80
-192 16176 176
-192 16176 64
-208 16240 64
-128 16240 112
-192 16144 272
-352 16192 32
-288 16240 240
-288 16272 208
-464 16272 208
-336 16320 -208
-288 16208 0
-320 16176 112
-320 16224 -240
-304 16208 -192
-304 16208 -144
-352 16224 -144
-224 16208 32
-240 16208 -128
-240 16176 320
-128 16208 224
-128 16208 128
-192 16208 128
-256 16208 288
-224 16192 224
-288 16224 176
-224 16176 336
-224 16064 512
-192 16064 512
-272 16160 352
-208 16144 352
-144 16112 256
-128 16240 352
-128 16256 320
-176 16256 208
-80 16240 208
-208 16240 160
-368 16272 144
-144 16160 96
-256 16160 32
-256 16160 112
-160 16112 160
-208 16160 160
-400 16176 208
-208 16192 -32
-256 16224 160
-256 16208 352
-256 16208 352
-256 16240 368
-368 16240 240
-272 16208 208
-224 16128 272
-224 16160 16
-192 16160 144
-272 16128 144
-336 16144 48
-400 16144 208
-288 16224 288
-288 16176 288
-304 16176 288
-208 16224 -80
48 16176 -128
-160 16144 272
-256 16160 112
-304 16144 0
-304 16112 160
-240 16144 320
-192 16144 320
-272 16128 304
-304 16080 416
-208 16144 80
-208 16096 64
-128 16096 64
-176 16208 112
-144 16256 240
-176 16160 112
-208 16128 64
-208 16128 -32
-192 16160 -240
-192 16160 -240
-208 16192 64
-384 16192 96
-384 16224 256
-384 16144 240
-272 16144 416
-352 16176 416
-304 16256 288
-128 16208 192
-176 16256 96
-176 16144 160
-224 16176 160
-304 16176 160
-304 16192 160
-144 16176 -48
-144 16224 -48
-192 16144 96
-192 16144 -96
-160 16144 -96
-160 16208 32
-368 16224 192
-384 16176 176
-384 16176 -64
-304 16160 16
-304 16160 64
-256 16112 64
-256 16112 112
-192 16128 208
-80 16112 160
-80 16112 208
-176 16096 256
-80 16096 256
-144 16128 176
-288 16144 16
-224 16144 96
-240 16176 80
-320 16192 176
-320 16192 320
-304 16256 320
-160 16224 96
-304 16224 16
-192 16080 144
-208 16096 256
-192 16096 272
-192 16112 272
-240 16208 48
-240 16208 80
-112 16192 272
-144 16128 112
-144 16128 0
-160 16192 0
-160 16176 208
-224 16192 288
-208 16080 160
-128 16160 144
-128 16192 96
-176 16192 96
-320 16304 144
-272 16240 192
-160 16192 -304
-176 16096 80
-176 16224 240
-224 16224 240
-272 16336 80
-336 16320 432
-288 16224 336
-368 16192 192
-368 16128 320
-320 16128 320
-464 16208 352
-368 16208 224
-448 16208 368
-256 16192 16
-176 16192 0
-176 16192 160
-288 16224 160
-288 16192 64
-272 16128 288
-192 16080 240
-352 16128 240
-352 16176 64
-208 16176 64
-208 16160 80
-224 16128 112
-256 16208 48
-240 16160 -32
-240 16128 -16
-112 16128 -16
-304 16192 352
-256 16176 640
-320 16240 256
-368 16304 240
-368 16224 0
-224 16224 0
-320 16176 96
-240 16128 0
-208 16160 -112
-352 16256 -112
-352 16192 256
-384 16192 256
-304 16112 -80
-384 16160 288
-400 16192 16
-368 16128 240
-304 16128 256
-304 16128 352
-224 16080 192
-224 16080 192
-304 16080 80
-352 16240 96
-320 16144 144
-320 16144 208
-320 16176 208
-336 16240 208
-352 16224 224
-256 16208 368
-256 16208 400
-256 16208 128
-224 16272 48
-208 16192 48
-256 16128 32
-224 16128 208
-160 16080 176
-160 16128 0
-160 16128 0
-48 16160 0
-208 16144 192
-272 16192 80
-208 16208 176
-208 16224 288
-352 16208 96
-304 16208 160
-288 16288 160
-320 16320 192
-320 16208 96
-368 16176 128
-368 16176 144
-240 16144 144
-336 16176 288
-224 16096 128
-96 16048 144
-96 16096 64
-128 16096 16
-208 16080 320
-224 16080 320
-208 16080 80
-80 16176 -48
-272 16192 80
-272 16080 128
-256 16080 128
-336 16160 432
-288 16272 208
-240 16272 48
-256 16192 128
-256 16176 -80
-176 16192 -96
-208 16192 -96
-224 16192 -16
-112 16176 -32
-192 16208 -64
-192 16208 96
-368 16208 96
-304 16240 -96
-288 16256 -32
-288 16304 -64
-288 16272 -64
-336 16256 64
-336 16256 64
-304 16240 64
-272 16176 128
-272 16192 -160
-272 16176 -304
-272 16176 -320
-208 16272 -80
-240 16272 -80
-368 16192 304
-416 16288 176
-336 16320 -32
-304 16272 224
-304 16320 160
-352 16320 272
-272 16208 272
-224 16160 96
-336 16160 176
-224 16144 176
-224 16144 272
-320 16192 272
-352 16192 0
-320 16144 0
-224 16144 112
-272 16176 160
-208 16160 240
-208 16160 384
-272 16160 384
-224 16160 176
-80 16144 192
-176 16208 160
-176 16176 192
-256 16176 240
-384 16160 240
-304 16192 368
-256 16176 256
-320 16192 176
-352 16160 208
-352 16160 96
-320 16160 96
-288 16160 64
-288 16144 128
-256 16192 240
-256 16192 416
-336 16192 224
-352 16224 224
-176 16256 96
-400 16240 144
-304 16208 48
-144 16240 144
-144 16224 96
-160 16224 240
-272 16208 240
-304 16176 352
-240 16176 288
-240 16160 16
-272 16144 16
-272 16144 48
-48 16208 48
-112 16224 -192
80 16160 -176
80 16176 -128
64 16160 -48
64 16240 112
-288 16240 112
-240 16192 320
-176 16176 288
-192 16112 0
-240 16144 192
-240 16144 176
-352 16208 176
-304 16144 144
-272 16144 256
-320 16192 64
-240 16144 112
-240 16160 336
-160 16160 336
-128 16144 160
-272 16208 32
-304 16176 144
-304 16208 256
-304 16144 368
-304 16144 256
-240 16224 256
-320 16176 288
-272 16192 16
-368 16192 176
-336 16208 96
-336 16208 160
-432 16224 160
