startup(x,y,z):(384,16208,112)
5920 15712 -4784
4320 16768 -1984
3136 16128 -1472
2512 16656 -112
-1808 16064 1456
288 17008 -1376
1680 16576 -1184
5040 14736 -5120
18832 13888 -18880
-1776 16496 -736
-9696 17488 6944
592 16064 3168
-1840 17008 4928
-2752 15664 -1888
5664 16624 -608
9856 16832 1264
3824 16384 1056
960 17088 6336
1392 16672 1616
-1920 16592 -3024
-32 16624 -3280
592 16336 -3600
320 16496 -2576
320 16496 -1904
560 16336 -1264
304 16272 -1264
656 15984 -1456
-16 16352 -1200
768 16272 -512
1280 16128 544
1184 16160 1248
1104 16112 1600
1104 16112 1584
944 16016 1744
640 16016 1776
160 16144 1584
320 16208 1536
256 16160 1104
592 16176 1088
640 16176 576
640 16224 320
480 16224 -128
576 16128 -128
544 16096 -384
352 16192 -576
176 16192 -880
176 16208 -944
368 16208 -880
272 16192 -880
560 16192 -752
624 16176 -656
576 16256 -832
672 16176 -432
576 16144 -432
576 16080 -352
592 16080 -352
448 16096 16
464 16224 0
320 16288 208
288 16272 528
288 16288 560
208 16288 560
336 16304 512
496 16176 512
576 16176 656
672 16192 640
512 16192 496
512 16192 448
592 16192 16
320 16144 16
336 16272 -80
352 16304 -304
176 16272 -352
432 16288 -432
320 16240 -112
320 16224 -256
400 16224 16
432 16224 32
480 16288 32
432 16256 32
464 16272 96
416 16240 -112
416 16208 -16
400 16208 0
528 16192 0
480 16192 96
448 16160 -16
624 16160 -48
480 16224 -64
480 16256 32
368 16256 -192
384 16224 -192
304 16176 0
400 16224 48
448 16256 352
448 16256 -64
352 16256 128
464 16160 128
496 16160 288
432 16304 368
464 16224 352
480 16128 128
432 16128 288
432 16144 224
400 16144 224
336 16192 32
208 16144 32
304 16160 32
368 16176 96
240 16208 192
288 16256 16
288 16144 16
288 16112 -32
288 16112 112
416 16128 112
336 16144 320
256 16144 192
240 16144 96
384 16256 64
512 16224 144
512 16288 -96
480 16256 -96
336 16208 -16
448 16208 160
368 16112 160
400 16224 288
368 16192 320
368 16160 304
384 16224 64
384 16224 -64
416 16272 -64
304 16304 224
304 16272 160
272 16208 144
288 16272 32
400 16208 160
432 16192 96
320 16144 176
320 16192 192
544 16144 -32
544 16144 -32
640 16192 0
528 16240 176
448 16208 176
400 16176 80
368 16208 -16
448 16224 96
432 16192 176
544 16192 256
544 16208 336
656 16208 416
640 16160 416
432 16128 160
512 16096 80
720 16080 160
752 16128 48
640 16176 160
496 16128 -32
496 16192 16
528 16192 -16
496 16192 0
528 16224 0
416 16224 208
416 16288 80
464 16160 192
464 16192 48
560 16144 32
544 16256 -144
496 16272 -240
480 16256 128
480 16256 256
432 16320 176
368 16256 176
256 16192 384
400 16208 96
400 16288 112
416 16176 16
416 16176 0
464 16192 0
560 16224 -64
464 16192 16
400 16272 96
560 16208 112
560 16208 160
512 16208 0
480 16272 -256
640 16304 -144
560 16272 -64
672 16240 80
624 16192 96
528 16224 -256
464 16240 -16
496 16192 32
496 16208 144
496 16208 80
400 16192 160
528 16144 160
416 16112 80
384 16128 96
336 16160 -80
432 16176 -64
432 16224 0
560 16224 0
512 16256 -48
528 16208 32
528 16176 128
544 16128 32
544 16144 -16
496 16144 64
416 16176 96
352 16208 96
336 16192 128
304 16208 208
304 16352 0
384 16272 32
432 16272 192
400 16240 208
496 16192 32
496 16240 64
432 16224 -176
336 16256 -128
400 16256 -48
432 16272 -48
528 16224 128
512 16272 -64
448 16208 -160
384 16272 112
496 16256 368
416 16160 288
432 16176 16
400 16160 144
480 16208 240
496 16272 272
544 16240 336
432 16224 160
432 16160 32
368 16160 -32
464 16224 -16
448 16256 96
416 16144 96
448 16176 320
464 16208 256
432 16224 240
432 16208 -32
384 16192 448
400 16208 176
400 16160 144
400 16192 192
368 16192 64
480 16176 112
352 16224 32
320 16224 32
544 16208 16
560 16192 16
528 16208 64
496 16272 64
272 16224 80
272 16144 336
384 16144 352
416 16144 352
368 16192 256
160 16208 256
304 16240 464
304 16224 512
336 16144 240
352 16160 144
416 16192 -64
400 16160 160
400 16256 240
352 16240 272
544 16192 80
464 16224 288
544 16192 272
384 16224 240
496 16224 96
432 16224 80
448 16192 96
448 16176 80
448 16176 256
448 16096 256
256 16112 256
256 16176 464
384 16160 512
352 16192 288
416 16176 144
384 16208 112
384 16224 -64
528 16224 -32
496 16240 -32
480 16160 0
496 16144 -32
624 16112 96
624 16144 80
416 16160 -128
496 16160 96
464 16224 96
416 16160 96
352 16224 336
352 16240 352
272 16256 144
384 16256 112
384 16256 -16
320 16192 -16
464 16144 -112
528 16128 -32
512 16128 -80
416 16240 -176
320 16256 -176
320 16192 160
464 16192 160
496 16240 160
416 16208 16
384 16256 160
384 16256 64
448 16256 112
448 16256 0
464 16288 32
416 16336 160
416 16320 64
432 16336 208
432 16320 368
400 16320 368
496 16288 192
464 16240 16
336 16192 16
416 16208 32
432 16176 96
432 16112 192
416 16160 128
416 16208 -128
400 16192 112
592 16240 80
544 16256 288
576 16256 176
560 16272 48
512 16240 48
368 16224 0
464 16192 112
464 16272 176
528 16224 144
560 16224 -64
592 16192 96
352 16224 80
336 16208 192
480 16144 128
368 16144 128
512 16240 -64
608 16240 48
512 16304 80
496 16240 0
448 16208 96
560 16256 16
480 16176 272
464 16128 336
448 16128 352
416 16144 176
400 16144 128
400 16176 -32
464 16160 48
576 16208 -16
512 16208 -16
352 16256 256
480 16256 144
464 16192 16
352 16224 80
320 16240 96
448 16320 80
512 16256 96
512 16272 -128
400 16272 -64
432 16256 -64
416 16304 -48
352 16288 -240
368 16240 -320
416 16224 -224
416 16240 64
304 16192 96
304 16160 16
400 16160 -112
464 16176 -112
560 16160 112
576 16144 352
576 16160 304
624 16144 128
608 16176 16
608 16176 -16
640 16176 -80
448 16272 -80
416 16304 -112
432 16272 -48
448 16224 16
368 16192 80
368 16176 80
352 16176 208
240 16208 16
304 16256 16
416 16208 0
480 16288 112
304 16304 256
368 16240 176
400 16240 144
336 16288 144
336 16544 144
384 16384 144
400 16288 240
480 16192 112
496 16192 80
464 16192 160
464 16160 192
496 16160 64
432 16192 -128
528 16224 -128
464 16208 80
400 16272 192
576 16192 0
544 16192 -48
544 16192 -176
384 16256 -176
448 16256 -128
432 16256 -224
464 16304 -16
320 16256 -144
384 16208 64
464 16208 240
320 16224 272
320 16176 192
320 16224 240
336 16224 352
400 16128 352
320 16144 352
368 16080 288
512 16224 48
544 16208 -96
544 16208 -96
496 16240 -192
528 16160 -64
480 16240 -80
528 16192 0
528 16208 128
288 16192 384
464 16128 192
464 16208 416
432 16208 352
400 16256 352
416 16240 96
448 16240 256
512 16320 224
416 16288 224
384 16352 288
320 16304 -96
368 16272 16
352 16240 48
416 16144 144
480 16112 176
512 16192 208
464 16176 112
416 16144 272
544 16128 160
544 16128 176
448 16128 176
368 16144 176
400 16224 160
496 16224 112
432 16192 224
576 16224 144
400 16256 192
400 16224 96
416 16224 288
384 16192 288
400 16144 112
288 16192 48
384 16208 0
464 16176 48
464 16176 -80
480 16160 -80
416 16224 -144
304 16208 80
336 16240 -32
336 16256 -32
384 16208 -160
384 16208 -160
336 16192 -160
384 16192 144
400 16160 144
432 16128 192
544 16176 288
512 16160 80
464 16144 -144
480 16144 80
416 16160 96
416 16176 80
416 16192 368
400 16192 320
480 16160 384
384 16224 384
400 16192 400
624 16272 96
512 16256 192
464 16176 208
512 16176 96
448 16304 -64
336 16240 160
304 16160 288
496 16080 224
384 16224 112
416 16240 80
368 16320 160
384 16256 224
384 16160 160
528 16208 112
416 16288 80
400 16224 288
