startup(x,y,z):(176,16192,160)
1200 16656 8272
2608 17600 -704
3904 17152 1936
1424 16480 3856
736 15840 864
736 16192 -880
704 16192 4192
7232 13952 4192
3008 13568 5200
1984 14864 2928
-288 15184 -400
-496 15408 -512
-704 15440 -1200
-704 15440 -1616
-1664 15120 -1616
-368 15152 -720
-224 15232 -272
400 15728 160
160 15936 240
160 16000 656
672 16000 528
640 16208 400
304 16208 400
464 16144 240
288 16112 320
288 16128 112
224 16144 -80
224 16112 -48
192 16368 160
192 16160 160
96 16144 112
32 16112 512
192 16128 496
80 16128 480
96 16160 320
96 16160 464
144 16160 400
224 16112 400
208 16128 208
112 16192 0
144 16112 192
144 16112 288
320 16112 64
336 16128 64
304 16096 320
160 16160 288
224 16160 256
336 16176 224
336 16160 400
224 16160 400
320 16144 400
384 16160 368
352 16096 272
288 16144 320
288 16160 304
192 16160 64
80 16160 208
80 16112 208
32 16256 256
16 16192 288
176 16096 -64
144 16160 176
144 16080 432
160 16080 224
48 16064 224
-16 16112 288
288 16128 80
160 16160 144
160 16112 352
176 16096 400
176 16112 544
160 16112 544
208 16080 -144
208 16096 -16
320 16096 128
192 16096 80
48 16128 352
48 16128 240
-16 16240 288
192 16208 208
144 16256 208
160 16208 -160
272 16144 -144
192 16144 320
192 16144 560
240 16128 320
224 16144 320
160 16224 320
80 16192 144
-144 16192 176
16 16192 192
144 16224 176
144 16224 128
128 16224 128
160 16144 16
64 16240 144
80 16176 112
80 16096 256
128 16096 288
256 16096 288
256 16144 192
112 16144 304
112 16192 256
224 16160 544
160 16176 400
160 16192 176
192 16192 176
272 16192 336
288 16176 208
176 16240 224
32 16320 208
-16 16192 224
-16 16144 192
112 16144 192
112 16208 368
272 16176 368
96 16160 192
64 16160 272
64 16112 272
64 16208 208
144 16192 176
96 16192 272
128 16144 272
144 16176 -80
32 16144 0
128 16160 64
48 16144 224
112 16144 256
112 16144 272
208 16128 272
304 16160 336
128 16128 336
128 16224 400
128 16240 384
208 16240 384
80 16272 896
32 16160 368
-144 16224 64
48 16256 -64
32 16272 240
80 16256 320
80 16256 32
96 16240 32
112 16160 -32
144 16176 -160
272 16160 16
272 16176 368
224 16176 368
320 16192 368
128 16160 288
144 16064 336
112 16064 240
240 16112 416
240 16144 192
240 16176 224
192 16176 224
128 16080 48
160 16160 224
352 16176 0
304 16144 0
304 16144 144
176 16208 288
208 16176 400
192 16128 400
192 16128 336
16 16112 288
32 16080 208
32 16080 256
-112 16080 576
-192 16144 64
-16 16144 160
64 16208 96
160 16272 272
304 16224 240
224 16192 80
208 16192 192
208 16192 640
208 16096 640
160 16096 400
144 16160 400
112 16144 0
80 16272 304
80 16272 32
48 16256 32
144 16208 48
160 16144 144
160 16176 208
160 16160 288
208 16160 144
208 16064 336
144 16128 352
48 16144 400
176 16080 512
208 16096 624
240 16144 464
240 16144 416
320 16112 352
208 16112 352
160 16256 0
192 16256 192
400 16144 272
368 16112 160
368 16112 -160
272 16160 -160
224 16144 -128
288 16144 64
144 16224 224
288 16160 176
96 16160 16
176 16144 144
176 16144 208
128 16208 208
16 16144 256
-80 16080 432
0 16144 368
128 16128 336
128 16080 528
176 16128 272
176 16128 64
144 16144 64
208 16112 176
304 16144 288
256 16176 400
128 16192 448
128 16176 336
112 16176 336
32 16080 544
96 16144 272
160 16176 480
128 16192 448
128 16176 560
128 16176 320
128 16112 448
208 16192 448
160 16176 288
144 16240 -96
224 16224 96
224 16208 -128
192 16208 -128
64 16224 -48
96 16208 -112
160 16112 -16
128 16096 320
128 16096 208
96 16144 432
208 16144 432
-16 16112 480
128 15984 320
176 16112 224
160 16128 144
160 16112 224
224 16112 224
16 16144 224
192 16176 336
128 16224 160
304 16192 256
336 16192 144
336 16208 224
304 16208 160
224 16224 160
96 16256 208
96 16192 16
144 16176 0
160 16064 144
160 16000 128
224 16000 384
224 16032 384
112 16112 432
80 16160 400
-16 16192 304
-64 16192 480
-64 16144 272
-112 16144 512
96 16112 512
352 16160 304
256 16096 256
160 16112 464
160 16160 352
176 16160 352
240 16176 272
240 16128 272
304 16096 288
192 16128 256
32 16176 224
32 16112 -48
96 16112 -48
192 16112 144
160 16112 64
80 16176 288
64 16192 240
64 16128 384
80 16128 304
96 16128 256
256 16128 256
160 16192 224
224 16176 576
160 16160 432
160 16080 160
144 16080 384
128 16144 320
128 16208 144
48 16208 -16
144 16192 -16
176 16160 96
80 16112 160
160 16112 144
144 16192 160
144 16176 32
192 16128 -32
240 16176 -16
352 16160 -16
240 16128 240
192 16000 288
128 16096 352
304 16064 176
192 16096 208
192 16096 80
272 16144 80
464 16176 96
288 16160 192
160 16192 176
176 16208 -80
176 16192 176
384 16192 224
304 16032 224
384 16160 176
240 16128 160
48 16112 112
144 16080 80
80 16144 -112
80 16144 0
144 16144 0
112 16144 -240
160 16096 272
224 16192 272
208 16176 224
208 16176 176
272 16160 256
192 16160 208
304 16144 208
32 16144 304
80 16160 288
64 16128 336
64 16096 464
144 16048 256
144 16112 416
128 16112 272
224 16256 272
64 16176 352
144 16192 352
176 16160 384
112 16128 400
80 16096 320
80 16128 336
112 16128 336
80 16080 304
240 16192 112
112 16240 80
208 16224 128
192 16144 256
176 16144 304
144 16224 240
144 16192 -64
160 16192 -64
96 16224 -80
224 16192 80
160 16128 560
160 16128 432
192 16144 352
304 16144 368
192 16176 368
448 16144 288
400 16112 256
240 16048 256
160 16080 432
128 16096 320
128 16096 432
128 16096 432
192 16176 512
48 16128 320
112 16144 336
112 16128 256
176 16128 416
112 16096 416
160 16128 384
208 16144 384
128 16096 496
192 16080 448
240 16144 512
240 16128 352
192 16128 176
224 16048 -80
224 16144 -48
-16 16128 192
-16 16192 416
112 16256 432
304 16224 368
112 16112 304
112 16112 464
144 16112 464
128 16160 128
96 16256 -16
96 16224 240
224 16224 352
112 16208 336
112 16160 416
144 16160 416
64 16144 304
96 16096 304
128 16080 224
160 16128 352
160 16160 208
160 16080 288
144 16080 320
176 16096 320
192 16096 272
64 16080 352
144 16144 128
112 16160 416
256 16224 496
320 16224 368
320 16224 480
432 16192 480
272 16288 400
272 16160 592
288 16176 -32
128 16176 -192
144 16176 -192
128 16160 112
128 16128 192
176 16176 176
272 16208 256
400 16112 304
400 16160 304
240 16160 192
224 16176 192
176 16096 240
208 16096 208
-16 16112 336
48 16176 352
48 16176 272
64 16192 352
128 16128 272
144 16128 272
224 16176 208
16 16208 224
112 16208 336
112 16192 528
144 16192 384
144 16176 288
48 16176 320
96 16160 320
272 16160 144
320 16176 192
288 16160 240
160 16144 48
208 16208 0
208 16208 -48
112 16160 -48
0 16224 80
96 16112 336
16 16176 448
16 16192 224
256 16192 320
224 16112 320
208 16128 192
192 16128 160
176 16096 368
224 16080 240
144 16176 256
144 16176 32
96 16160 32
160 16160 208
128 16256 224
112 16160 208
160 16176 144
160 16144 160
128 16176 240
128 16144 336
160 16144 368
208 16144 368
80 16224 304
144 16128 384
64 16096 416
64 16128 160
192 16128 464
272 16048 464
144 16144 96
144 16192 304
16 16208 256
64 16192 176
112 16096 320
112 16192 304
80 16192 432
64 16128 432
176 16064 400
192 16080 240
208 16128 272
208 16048 240
208 16096 352
176 16144 592
160 16192 432
112 16192 208
-16 16160 208
80 16160 -160
160 16080 192
240 16064 64
240 16064 320
240 16112 320
160 16144 160
144 16176 96
48 16240 96
