startup(x,y,z):(176,16144,208)
832 16464 -592
-1568 20976 3328
4464 20976 1792
128 16784 -1328
3104 17376 -1328
-528 17312 -368
-48 16816 1136
-128 16336 432
-128 16208 64
-176 16304 112
368 16656 1840
368 16656 128
2976 17024 128
112 17104 -2096
1184 16848 1120
1056 16560 1776
752 16128 576
752 15920 48
640 15920 -96
400 15968 -96
176 15904 192
368 16032 368
272 16000 192
-64 16096 176
208 16192 416
208 16224 432
176 16224 432
64 16160 320
32 16144 416
160 16112 272
160 16096 192
128 16128 176
176 16192 224
64 16192 224
272 16128 96
192 16160 384
128 16192 256
128 16192 288
-16 16192 288
112 16176 288
272 16176 192
224 16192 352
272 16176 256
272 16176 224
336 16160 224
0 16192 272
0 16144 560
64 16128 592
64 16128 432
112 16144 432
112 16176 400
160 16128 496
32 16128 160
0 16144 256
0 16128 112
48 16128 112
128 16176 224
96 16224 224
160 16048 416
160 16128 352
160 16128 256
192 16112 256
208 16064 288
208 16096 272
208 16144 480
224 16128 224
224 16128 336
256 16064 336
160 16032 272
128 16064 160
32 16112 288
32 16112 416
32 16112 320
256 16096 320
240 16064 240
224 16144 496
224 16144 368
224 16208 224
272 16208 224
256 16192 176
208 16128 352
176 16192 208
208 16240 256
208 16240 208
160 16208 208
176 16176 576
144 16160 368
176 16176 592
176 16176 336
240 16160 192
224 16160 192
208 16208 64
144 16112 208
160 16176 304
-32 16144 176
80 16080 224
80 16064 160
224 16064 160
192 16112 176
160 16192 336
240 16176 224
288 16208 176
288 16128 192
240 16128 432
192 16128 432
32 16144 192
96 16224 240
240 16176 448
240 16240 256
144 16240 576
64 16160 576
64 16128 544
160 16160 544
144 16144 400
144 16192 208
176 16192 -80
224 16160 -80
192 16160 -48
224 16176 96
320 16160 112
320 16112 -32
272 16112 -32
496 16048 112
512 16112 96
128 16176 192
96 16176 576
96 16176 496
144 16176 496
64 16096 496
192 16144 432
-16 16160 320
0 16080 320
0 16080 160
80 16080 160
0 16048 176
16 16112 432
16 16144 32
128 16112 96
128 16112 192
336 16128 192
336 16160 224
320 16128 176
304 16176 288
224 16208 176
224 16208 160
256 16144 160
224 16080 208
144 16000 304
240 16032 544
160 16128 464
112 16128 384
112 16080 288
16 16128 320
16 16144 480
80 16144 512
112 16240 160
112 16192 432
144 16192 432
256 16096 192
256 16128 0
176 16080 256
192 16032 160
192 16288 160
336 16144 160
272 16144 32
320 16208 304
96 16176 256
224 16144 224
224 16032 256
240 16032 256
144 16112 400
240 16032 368
208 16160 336
112 16128 272
112 16112 464
112 16112 464
176 16128 176
256 16240 240
256 16208 368
272 16224 272
272 16208 272
336 16208 272
272 16176 304
240 16160 192
144 16176 96
176 16096 272
176 16048 48
144 16048 48
224 16096 48
336 16112 32
240 16160 64
208 16144 304
208 16144 384
48 16144 384
-80 16192 160
160 16128 320
96 16128 176
16 16128 144
16 16128 128
80 16128 96
144 16112 96
32 16176 80
176 16256 48
192 16240 176
192 16176 416
192 16176 416
144 16208 336
96 16128 336
64 16176 320
96 16160 272
96 16160 448
80 16096 448
128 16128 304
240 16080 224
288 16144 112
224 16240 192
224 16352 176
160 16352 176
304 16208 320
176 16176 384
96 16128 432
128 16176 416
128 16112 448
176 16112 448
208 16160 -80
48 16144 128
48 16064 288
80 16112 112
80 16080 80
48 16080 80
16 16128 144
-32 16128 320
-64 16064 464
-64 16048 480
112 16064 464
160 16064 464
240 16192 256
160 16240 240
128 16240 16
32 16240 112
32 16240 192
144 16144 192
160 16096 432
16 16112 240
80 16160 320
80 16128 144
144 16128 256
336 16144 256
368 16096 336
368 16144 288
240 16160 240
240 16112 288
240 16112 336
336 16112 336
208 16160 256
32 16144 240
112 16112 320
112 16112 192
128 16176 336
192 16128 336
176 16144 336
240 16224 288
176 16208 368
176 16128 320
160 16128 320
96 16128 512
96 16112 320
240 16160 224
240 16048 352
256 16048 352
160 16112 288
208 16096 176
192 16160 96
128 16208 48
-32 16208 272
48 16192 272
96 16112 352
48 16224 272
128 16208 336
128 16208 192
96 16224 192
-80 16144 240
160 16112 -32
64 16192 400
144 16224 112
256 16176 304
192 16208 208
192 16176 400
-16 16176 400
80 16160 288
144 16080 0
176 16032 272
176 16144 400
256 16176 320
96 16176 320
112 16160 336
128 16176 560
160 16224 208
16 16176 128
16 16144 192
32 16144 192
-96 16144 272
144 16096 240
16 16112 384
16 16144 272
128 16144 272
160 16176 160
160 16128 352
208 16080 416
160 16080 320
160 16112 272
128 16112 432
0 16128 432
160 16112 192
64 16224 240
80 16192 -48
80 16192 0
64 16160 0
128 16176 112
144 16160 112
112 16176 432
208 16208 448
208 16192 416
240 16192 416
-16 16208 480
96 16192 144
32 16160 432
32 16128 400
-80 16128 560
0 16112 560
64 16064 528
96 16192 384
32 16144 336
32 16208 208
80 16208 208
96 16160 384
224 16144 448
304 15888 336
128 16080 336
176 16128 432
96 16224 432
144 16160 480
224 16144 464
224 16128 448
160 16128 448
192 16128 448
96 16160 480
48 16176 464
128 16128 384
128 16112 272
0 16112 272
64 16080 336
16 16096 240
16 16176 208
48 16096 256
48 16096 304
0 16096 304
0 16128 144
128 16208 96
48 16128 416
112 16160 688
112 16160 384
192 16192 384
112 16144 400
336 16144 160
48 16128 208
48 16064 272
160 16064 320
-16 16080 320
80 16160 112
-112 16128 400
64 16112 768
208 16144 320
208 16144 320
272 16192 320
96 16272 352
80 16208 432
0 16160 368
0 16160 112
112 16176 112
128 16208 96
176 16176 128
224 16144 208
240 16224 -16
240 16224 192
288 16144 192
224 16128 624
208 16080 528
208 16048 400
208 16016 320
224 16016 320
288 16096 304
272 16160 432
192 16160 272
192 16192 192
208 16128 160
112 16128 112
96 16160 112
144 16192 128
320 16112 272
176 16144 224
176 16144 112
112 16224 -144
240 16160 -192
192 16208 -224
128 16160 48
32 16112 336
32 16160 336
176 16160 336
272 16176 320
208 16176 368
192 16144 384
128 16144 480
128 16144 336
208 16048 336
128 16128 128
240 16144 304
368 16096 176
368 16208 336
304 16176 368
240 16176 368
192 16192 304
256 16224 208
144 16208 208
144 16176 336
240 16176 336
192 16208 368
144 16208 288
80 16192 48
176 16192 240
176 16256 240
80 16256 496
80 16304 272
112 16224 288
208 16128 256
128 16080 304
128 16080 256
240 16112 256
176 16176 352
128 16112 464
160 16176 240
240 16112 320
240 16112 240
304 16112 240
208 16144 80
192 16032 240
160 16080 144
272 16144 240
272 16144 256
64 16144 256
80 16096 240
160 16000 320
160 16096 320
160 16048 400
192 16048 400
160 16112 416
224 16112 240
304 16048 320
224 16112 432
224 16112 512
112 16144 512
272 16160 320
256 16160 224
176 16192 -144
176 16272 -16
144 16272 416
112 16144 416
112 16160 368
160 16208 256
112 16272 416
112 16176 240
80 16176 240
288 16160 48
192 16192 192
176 16144 192
176 16176 272
48 16176 272
32 16224 336
-96 16192 400
-64 16192 496
-16 16080 320
112 16128 416
112 16128 304
80 16096 304
48 16064 112
80 16016 144
80 16096 112
80 16096 32
240 16240 32
288 16176 -32
208 16128 0
224 16112 -80
192 16208 80
192 16208 256
96 16192 256
112 16128 432
144 16128 288
160 16064 224
160 16176 208
80 16176 208
48 16192 304
48 16224 256
112 16240 304
112 16192 256
112 16192 160
-16 16224 160
144 16192 96
64 16112 160
112 16176 224
112 16208 304
160 16208 304
64 16160 304
