startup(x,y,z):(96,16144,368)
3360 17392 -1648
3104 15968 1264
512 15968 2752
-5232 16704 2752
112 16944 2624
304 16272 1744
-640 16768 1232
-640 16768 -320
-1168 16544 -320
-480 15984 -208
576 16128 576
64 16160 560
192 16144 864
-16 16192 192
624 16144 384
624 16048 304
224 16048 304
128 16048 64
160 16112 -48
144 16128 256
144 16240 112
272 16272 0
208 16272 112
448 16176 112
208 16192 176
64 16192 400
224 16128 480
288 16144 64
64 16128 272
96 16240 352
96 16160 224
256 16160 224
256 16096 560
224 16144 720
144 16160 304
48 16160 256
64 16128 112
96 16128 144
96 16144 256
96 16096 432
160 16096 192
320 16048 192
224 16064 160
-48 16160 336
32 16176 320
32 16176 48
32 16176 176
128 16192 176
144 16128 96
176 16160 96
64 16208 192
128 16224 192
80 16256 144
80 16224 512
32 16224 272
32 16208 272
96 16224 272
128 16112 240
0 16160 352
0 16112 288
64 16112 96
160 16080 80
160 16080 352
-96 16192 352
-48 16240 336
48 16144 416
288 16144 32
256 16144 160
256 16144 240
224 16144 240
208 16016 160
272 16064 -96
128 16096 224
80 16128 336
112 16128 112
-96 16144 160
-32 16160 16
-32 16176 -48
176 16176 -48
208 16128 96
96 16240 112
112 16192 0
16 16144 208
144 16128 160
176 16096 240
112 16176 80
112 16240 256
64 16240 256
144 16224 320
160 16224 320
144 16224 240
-32 16160 272
-32 16096 192
-64 16096 192
64 16112 224
64 16208 208
32 16192 256
-32 16128 160
112 16112 32
112 16160 -16
112 16160 32
112 16176 32
176 16144 -48
208 16128 32
160 16128 16
112 16112 176
112 16096 304
128 16112 368
128 16112 160
48 16160 160
160 16144 192
368 16192 208
208 16144 112
160 16080 576
144 16080 576
32 16128 496
64 16080 288
80 16096 160
128 16128 320
-16 16224 208
32 16192 160
32 16272 -256
32 16160 -304
48 16160 -304
64 16240 16
-96 16160 48
16 16128 416
16 16128 496
144 16128 528
304 16096 384
224 16144 240
224 16192 112
128 16192 64
64 16080 64
160 16144 176
48 16176 208
176 16208 288
128 16192 288
128 16192 480
80 16096 480
112 16096 96
112 16112 96
224 16192 -32
176 16128 0
48 16112 144
48 16144 224
0 16144 384
288 16112 384
144 16144 336
-16 16160 256
160 16208 208
192 16224 208
144 16128 416
160 16240 208
160 16240 224
96 16208 224
96 16112 224
-32 16160 240
80 16160 384
80 16064 304
80 16096 224
32 16096 224
128 16128 -32
48 16144 176
64 16096 224
32 16080 176
208 16080 144
64 16176 224
0 16128 336
0 16128 192
48 16144 192
48 16160 0
64 16064 240
112 16144 336
64 16096 192
48 16144 208
64 16160 224
64 16160 448
224 16224 448
64 16176 416
32 16176 272
96 16128 256
96 16160 272
128 16160 384
48 16240 384
224 16240 304
64 16304 352
112 16240 256
224 16176 80
240 16208 48
240 16256 256
240 16256 32
128 16208 32
160 16176 -288
-160 16192 -48
48 16224 -96
48 16160 128
96 16160 144
176 16032 144
256 16000 560
240 16016 560
208 16128 560
160 16144 592
80 16128 464
80 16160 288
304 16160 288
144 16032 240
160 16064 336
-32 16064 384
-64 16096 368
-64 16064 304
64 16080 352
192 16080 320
192 16064 272
112 16096 288
48 16096 288
-192 16128 368
-80 16080 192
96 16032 352
352 16128 192
352 16128 224
224 16128 240
176 16064 128
160 16080 112
32 16176 112
160 16128 304
80 16112 448
176 16144 480
176 16224 384
176 16112 288
336 16096 128
80 16288 272
128 16160 192
112 16144 176
48 16144 96
48 16192 240
-64 16192 240
-112 16144 224
-64 16192 -32
0 16128 -160
0 16096 -288
144 16096 224
-112 16048 224
-48 16128 -128
128 16128 -16
192 16064 48
96 16128 64
112 16112 128
112 16080 -32
176 16080 288
64 16080 288
96 16096 288
208 16160 80
16 16112 192
16 16160 192
112 16160 192
16 16112 384
0 16096 272
-112 16160 304
0 16128 304
80 16096 144
272 16000 288
272 16096 272
80 16096 112
96 16096 112
176 16096 320
224 15984 320
176 16016 320
32 16144 272
96 16144 336
160 16080 224
160 16064 -112
240 16064 -112
416 16144 -32
64 16112 224
48 16080 192
48 16096 112
96 16096 64
64 16176 288
80 16064 288
240 16064 320
160 16016 448
112 16080 160
64 16160 64
80 16160 32
80 16160 416
144 16128 416
192 16144 320
224 16048 208
160 16128 -192
-48 16096 16
-48 16160 48
-64 16160 128
80 16208 224
80 16208 224
-32 16176 400
32 16272 96
176 16192 288
176 16208 352
208 16208 192
80 16176 192
288 16080 208
112 16112 96
336 16080 240
288 16064 96
160 16096 240
288 16032 208
288 16080 192
112 16080 240
16 16176 240
240 16160 304
368 16208 208
208 16096 240
192 16208 272
112 16208 304
112 16192 464
112 16096 432
240 16096 272
96 16128 272
144 16112 256
256 16112 -128
288 16128 -112
288 16128 -224
176 16112 -224
240 16064 -32
144 16128 -208
272 16192 -160
160 16144 -160
128 16128 -16
128 16208 80
16 16208 288
0 16208 288
0 16176 288
128 16208 0
32 16144 144
80 16080 208
48 16144 192
48 16144 464
80 16176 464
64 16176 128
32 16176 240
-32 16176 336
112 16096 624
256 16128 -32
336 16080 176
336 16096 144
144 16224 144
80 16176 144
48 16176 112
224 16192 256
48 16080 224
80 16176 208
64 16144 560
64 16128 368
64 16192 352
64 16224 32
96 16224 32
144 16144 0
176 16080 240
128 16064 288
240 16112 288
32 16112 256
-48 16112 176
64 16144 64
64 16112 16
112 16112 16
128 16144 -192
272 16112 -48
192 16144 16
304 16112 80
304 16144 192
144 16144 208
176 16128 208
160 16096 240
224 16112 240
160 16256 112
304 16240 256
176 16160 336
176 16160 480
80 16160 480
240 16160 288
208 16096 224
96 15968 352
128 16016 288
208 16112 320
176 16176 240
80 16160 320
80 16160 160
128 16096 160
16 16192 224
144 16144 368
-64 16160 160
-64 16064 176
176 16064 144
160 16064 144
-32 16112 176
-64 16096 240
32 16080 208
64 16096 448
240 16112 352
32 16176 336
32 16224 160
-32 16224 160
-32 16176 160
16 16224 16
-64 16160 128
144 16192 384
64 16160 80
128 16144 -128
192 16288 -144
192 16240 112
192 16240 432
240 16224 432
256 16176 512
224 16112 368
144 16128 240
96 16144 208
96 16144 336
144 16128 336
192 16176 464
160 16128 496
128 16112 416
160 16096 400
192 16144 272
192 16240 256
160 16240 256
32 16176 336
144 16160 32
16 16112 192
208 16144 192
192 16096 272
96 16128 256
144 16048 192
144 16048 48
112 16064 48
224 16048 128
208 16112 -64
208 16064 112
208 16064 64
64 16128 256
-48 16128 256
-144 16128 176
-128 16160 288
0 16176 96
96 16192 64
32 16176 -112
16 16192 224
-32 16176 48
-32 16192 224
64 16192 400
0 16160 400
144 16096 416
176 16176 368
32 16144 416
64 16128 272
112 16192 304
96 16160 352
96 16208 416
80 16208 416
80 16176 336
0 16112 528
176 16112 240
208 16240 -448
224 16240 80
160 16112 80
240 16112 288
0 16160 288
112 16128 48
176 16144 112
128 16112 240
128 16112 96
144 16064 96
48 16096 272
16 16096 352
144 16016 512
-32 16000 528
-32 16048 496
128 16096 352
128 16112 176
96 16112 176
96 16096 464
32 16096 224
0 16096 400
16 16192 304
16 16128 144
112 16128 -112
16 16144 -112
80 16144 16
48 16144 272
48 16080 304
64 16144 144
112 16128 48
112 16096 48
144 16096 48
176 16064 48
160 16080 -80
144 16112 64
16 16144 96
64 16128 176
0 16064 176
-48 16096 160
64 16096 176
64 16096 208
160 16096 208
32 16176 176
96 16160 80
192 16144 48
192 16144 -32
48 16144 -144
48 16144 144
80 16144 144
208 16080 240
