startup(x,y,z):(448,16224,-112)
2816 17248 -1824
1840 16672 3536
-2832 16752 3536
-6272 16544 5872
-496 16224 4160
-2320 15824 5104
-1440 16000 2800
848 15952 880
3360 16080 880
3136 16192 1440
-1408 17344 5584
432 15648 2768
3232 16144 -592
2384 16128 -576
304 16080 -2800
-384 16256 -4128
688 16192 -3600
320 16192 -2848
768 16224 -1376
144 16400 -2272
-112 16192 -1504
128 16160 -1472
176 16208 -1312
448 16256 -896
672 16208 480
720 16208 880
1040 16176 1456
1200 16144 2080
1040 16160 2016
-64 16080 1840
-96 16144 1408
368 16112 1024
544 16192 304
624 16208 -48
560 16240 -384
416 16208 -608
336 16112 -608
432 16240 -528
480 16240 -320
320 16320 -32
432 16192 112
496 16160 -80
496 16160 176
416 16224 128
544 16176 80
432 16192 160
432 16208 16
528 16192 -336
576 16192 -368
432 16224 -256
480 16176 -144
544 16096 0
496 16112 80
432 16208 208
416 16144 576
192 16160 480
336 16112 512
336 16144 800
320 16080 688
320 16128 560
352 16176 736
416 16176 752
400 16192 416
384 16240 128
512 16240 -96
576 16272 -352
480 16352 -304
368 16256 -416
320 16240 -448
384 16144 -224
304 16160 -48
304 16208 80
400 16224 128
480 16192 352
480 16192 304
512 16208 96
736 16128 144
704 16192 -176
608 16224 64
496 16288 -192
656 16224 -144
528 16256 -128
416 16272 -128
288 16224 16
432 16208 -16
496 16224 384
512 16112 304
448 16160 176
432 16112 160
512 16160 352
496 16160 -32
448 16160 144
480 16224 96
448 16272 -16
416 16288 -32
432 16288 -144
528 16224 -400
576 16256 -256
480 16224 -160
464 16240 -128
432 16304 -128
512 16320 -128
560 16240 128
592 16192 64
528 16208 -64
416 16240 96
368 16224 32
384 16208 112
432 16224 288
464 16240 112
560 16256 224
624 16256 -16
544 16208 112
464 16176 48
432 16176 192
480 16272 -80
464 16304 -224
432 16304 -128
496 16160 -64
384 16208 -112
416 16256 0
432 16208 128
496 16128 112
432 16128 80
320 16144 -176
384 16160 -112
384 16160 -96
400 16208 -272
464 16192 -272
512 16240 -96
448 16256 144
512 16240 -48
448 16240 64
336 16208 208
608 16304 -96
544 16272 -64
560 16208 112
400 16240 -112
448 16240 48
448 16224 80
432 16240 -48
416 16256 32
336 16304 208
352 16352 -96
320 16192 32
432 16144 48
432 16192 144
464 16208 80
304 16176 -112
416 16240 128
352 16240 208
448 16240 80
368 16224 64
400 16208 64
416 16240 48
448 16320 176
416 16256 144
304 16240 128
336 16224 96
528 16208 176
512 16256 16
432 16160 -32
384 16192 -80
400 16224 -208
416 16192 -112
384 16256 -144
368 16208 -16
416 16208 32
368 16256 -16
400 16192 16
400 16192 64
336 16208 128
416 16160 384
320 16160 320
400 16144 -112
464 16208 0
368 16192 16
368 16160 -32
416 16240 -48
384 16240 384
400 16240 288
400 16224 160
256 16256 96
352 16256 80
384 16240 80
400 16240 48
416 16192 272
528 16208 144
432 16160 -80
528 16192 -160
560 16160 32
480 16128 112
448 16128 272
416 16128 160
400 16128 144
496 16160 192
384 16240 48
400 16240 -192
480 16272 -192
480 16224 32
464 16256 240
576 16224 160
464 16112 -96
544 16144 144
512 16128 80
480 16208 112
384 16192 160
384 16192 160
464 16208 -16
560 16208 32
416 16192 32
384 16080 32
448 16144 176
624 16256 80
544 16208 48
432 16208 224
256 16240 32
336 16256 64
416 16224 304
320 16272 144
416 16192 112
448 16176 80
448 16192 -160
464 16144 80
432 16240 112
496 16208 288
480 16240 208
416 16176 32
416 16208 16
416 16224 32
432 16144 -48
480 16224 128
368 16176 64
384 16240 64
432 16256 32
352 16272 64
352 16208 -64
384 16240 64
320 16240 128
368 16192 128
400 16192 96
320 16160 -176
336 16240 32
448 16192 416
592 16208 528
544 16112 448
432 16224 176
432 16224 -32
736 16224 -80
496 16160 208
512 16128 -48
464 16144 0
496 16160 0
544 16224 64
480 16176 320
544 16208 240
