startup(x,y,z):(592,16016,224)
400 16064 -832
448 16080 -704
592 16112 -192
592 16160 832
752 16128 1328
688 16128 1424
688 16112 736
640 16112 736
848 16064 64
672 15952 -464
656 15968 -512
512 16064 -608
352 16096 -320
352 16176 -464
480 16176 -256
720 16288 -256
704 16208 240
784 16176 1264
688 16160 1792
688 16160 1760
864 16160 656
832 16160 656
736 16160 -48
656 16144 -784
688 16160 -288
560 16112 160
560 16112 112
368 16096 112
480 16096 112
560 16112 160
784 16112 480
656 16144 576
656 16096 720
608 16080 560
576 16080 240
656 16032 240
704 16128 96
656 16048 192
624 16144 96
624 16128 320
672 16128 640
560 16112 640
512 16080 816
640 16080 1312
-160 16224 2592
1728 16352 2304
1728 16112 -384
1536 16112 -3216
800 15936 -3216
608 16032 -3264
752 16272 -2144
368 16192 -752
384 16208 592
384 16208 944
528 16160 944
592 16096 832
784 16080 816
768 16096 1056
800 16192 896
800 16096 848
784 16096 416
592 16208 416
384 16080 -80
320 16064 -592
288 16048 -640
320 16112 -432
320 16112 144
528 16112 144
640 16080 880
800 16144 1120
752 16064 544
592 15952 -288
576 16016 -416
576 16016 -192
416 15936 -192
256 15984 -160
272 16064 -160
336 16080 -112
336 16160 64
400 16160 384
544 16128 384
704 16160 784
832 16176 1184
832 16176 1312
896 16128 576
672 16096 -32
672 16176 -336
512 16176 -336
560 16192 -352
512 16176 -144
496 16144 -96
496 16128 0
448 16128 32
480 16064 -224
544 16128 -224
560 16096 224
576 16080 80
496 16144 304
624 16064 448
624 16128 432
576 16128 432
624 16128 512
560 16160 400
656 16112 640
624 16112 496
624 16112 656
576 16112 560
656 16112 560
656 16176 368
592 16256 224
704 16160 16
608 16080 0
608 16080 -176
384 16032 -176
288 16112 -592
416 16080 -784
416 16064 -352
496 16128 -48
496 16240 288
608 16240 416
624 16320 416
640 16256 624
624 16176 752
672 16128 384
672 16160 160
896 16160 -128
720 16144 -128
448 16176 -32
592 16064 32
704 16144 -112
416 16144 80
416 16160 256
448 16160 256
384 16144 256
560 16112 528
672 16176 272
608 16144 16
608 16128 -240
512 16128 -240
496 16048 208
544 16032 256
592 16128 320
608 16208 400
640 16096 512
640 16128 192
512 16128 192
608 15888 304
512 16048 16
944 16128 176
944 16176 224
688 16176 224
384 16112 64
336 16112 80
720 16128 -96
608 16176 432
480 16208 464
480 16208 512
368 16208 336
512 16256 336
624 16240 304
464 16208 288
448 16112 224
448 16064 48
496 16064 48
448 16080 96
576 16048 96
656 16112 80
544 16096 80
544 16064 224
672 16096 416
640 16096 416
624 16096 416
576 16144 112
464 16080 304
464 16128 288
464 16128 400
624 16112 384
704 16112 384
688 16144 320
656 16112 448
512 16096 336
400 16096 352
400 16080 176
400 16080 176
448 16144 144
496 16128 -48
544 16000 160
560 16048 128
560 16080 176
608 16080 32
448 16112 32
432 16128 32
544 16080 80
544 16128 480
512 16080 448
512 16080 592
736 16048 592
640 16128 320
608 16096 336
592 16128 384
592 16144 400
656 16096 224
624 16096 224
416 16112 -32
416 16112 -32
544 16160 80
656 16128 224
656 16112 -16
640 16192 -16
640 16192 48
688 16192 48
672 16160 240
448 16160 -16
480 16192 208
560 16176 448
560 16192 112
592 16192 112
576 16160 144
576 16016 272
608 16000 208
592 16112 240
592 16112 -112
560 16192 -112
512 16096 208
416 16096 272
480 16128 512
512 16112 464
512 16128 224
704 16128 320
448 16176 320
560 16144 368
496 16096 288
592 16112 352
592 16096 192
496 16096 192
416 16144 176
512 16096 112
560 16096 288
640 16112 480
800 16240 448
800 16240 -224
976 16000 416
544 15840 416
464 16080 304
464 16160 112
416 16128 -16
416 16128 144
384 16128 144
368 16128 224
432 16112 144
544 16128 224
752 16096 192
640 16064 304
640 16016 448
560 16016 448
464 16112 384
448 16144 640
448 16064 192
400 16064 320
400 16064 368
528 16032 368
496 16080 384
400 16112 224
688 16096 192
608 16096 544
608 16080 -64
608 16080 -64
528 16144 368
720 16176 48
464 16096 192
528 16128 112
592 16032 128
512 16032 320
512 16032 464
544 15968 464
352 16016 496
544 16032 592
608 16080 544
608 16048 496
560 16064 608
560 16064 608
624 16080 320
752 16112 352
672 16272 320
720 16192 240
720 16144 384
704 16144 384
688 16240 112
528 16096 208
480 16128 128
528 16144 64
528 16112 288
592 16112 288
560 16144 256
512 16192 352
448 16192 400
528 16176 672
528 16160 512
528 16160 576
528 16144 576
592 16192 416
640 16176 48
496 16128 144
416 16080 288
416 16080 464
304 16096 464
432 16080 416
544 16064 256
512 16080 160
528 16144 48
528 16160 0
640 16160 0
592 16128 352
608 16080 352
512 16128 352
544 16112 304
544 16176 96
656 16176 96
704 16192 176
592 16224 224
528 16192 272
576 16160 416
576 16208 80
576 16208 80
640 16160 256
512 16176 288
656 16096 224
528 16096 80
528 16080 224
528 16080 224
608 16112 256
608 16112 576
544 16176 544
608 16128 288
608 16096 368
496 16160 464
608 16160 384
608 16176 384
416 16160 416
496 16128 224
336 16096 256
336 16128 96
448 16128 96
448 16208 448
496 16128 304
656 16144 288
560 16128 352
560 16128 320
560 16128 560
576 16048 560
400 16000 368
576 16128 288
624 16048 464
624 16128 288
608 16128 192
528 16192 192
592 16160 32
528 16176 0
736 16256 112
544 16112 128
544 16112 240
544 16144 240
608 16192 160
592 16192 112
592 16144 -112
592 16128 256
608 16128 256
560 16160 192
512 16160 512
464 16192 352
352 16096 464
352 16112 368
368 16112 352
480 16112 352
656 16128 320
624 16112 352
704 16112 256
704 16144 544
672 16144 224
752 16176 224
640 16144 256
624 16208 448
608 16208 240
608 16160 400
448 16160 192
576 16080 192
640 16144 400
768 16160 176
592 16112 512
592 16112 208
608 16144 208
560 16128 288
576 16080 336
528 16224 256
560 16160 496
560 16192 288
512 16192 304
416 16160 304
512 16176 320
496 16176 192
576 16176 64
576 16176 -96
608 16208 -96
576 16144 16
624 16144 208
688 16144 320
688 16128 432
688 16176 384
704 16176 384
672 16160 304
512 16128 320
592 16128 368
624 16096 320
624 16096 -48
624 16160 -48
576 16176 112
656 16160 160
720 16080 176
640 16128 160
640 16128 224
416 16160 224
640 16160 208
448 16160 224
416 16144 336
528 16144 320
528 16144 640
528 16144 640
480 16176 528
352 16192 480
624 16112 416
624 16048 512
624 16192 432
512 16192 384
576 16112 384
624 16128 368
608 16160 256
496 16080 288
496 16160 432
496 16160 128
512 16176 128
560 16272 224
688 16192 240
624 16192 240
512 16144 64
512 16144 0
576 16144 288
592 16160 288
496 16144 304
656 16192 96
672 16160 304
672 16112 96
672 16064 208
688 16064 256
544 16144 256
576 16096 128
672 16128 64
528 16112 176
624 16128 288
480 16112 464
512 16080 336
512 16080 464
448 16144 464
432 16128 320
432 16096 176
416 16128 384
416 16176 304
464 16176 -32
576 16208 -32
688 16080 288
656 16032 160
672 16016 256
672 16064 160
736 16064 32
736 16128 80
816 16128 240
672 16144 240
624 16128 -64
480 16128 96
400 16128 208
464 16128 128
496 16096 176
496 16096 48
496 16064 176
640 16064 -64
656 16160 -64
624 16128 288
608 16080 336
512 16048 512
480 16016 480
608 16112 192
608 16112 304
464 16128 304
512 16048 256
576 16048 256
608 16128 144
656 16112 288
560 16128 304
544 16064 352
544 16064 336
544 16096 336
432 16192 320
512 16096 256
672 16160 464
624 16144 432
608 16160 288
624 16128 288
544 16128 208
528 16032 208
592 16032 464
528 16160 464
544 16096 480
640 16096 336
