startup(x,y,z):(592,16016,224)
1408 15968 -1792
336 15904 -3904
160 16128 -3008
240 16288 -1344
272 16208 336
272 16208 1472
16 16240 1472
496 16208 1168
800 16112 528
752 16176 1072
864 16176 1072
912 16240 1216
1152 16272 1136
768 16112 720
768 15952 0
528 15952 -672
544 16032 -672
752 16064 -448
448 16160 -80
592 16096 528
720 16224 1360
752 16256 1824
752 16256 1152
944 16176 1152
944 16160 80
592 16016 -896
448 16000 -1232
448 16048 -672
448 16048 -288
480 16128 -288
384 16144 -304
480 16224 160
672 16192 352
624 16064 800
672 16080 1520
544 16096 1632
544 16112 1056
496 16112 1056
480 16080 208
592 16000 -384
608 16048 -528
496 16176 -416
496 16128 -368
560 16080 -272
448 16128 -16
448 16192 160
480 16192 160
624 16112 384
592 16112 368
768 16096 352
688 16064 480
688 16080 704
608 16080 448
656 16112 400
416 16112 -96
448 16096 32
688 16064 80
656 16112 496
640 16160 624
704 16192 640
704 16192 640
672 16160 640
592 16112 208
512 16176 -160
304 16192 -416
464 16160 -464
384 16128 -512
560 16048 -480
560 16048 -256
528 16096 352
704 16096 352
800 15984 608
672 16064 784
720 16048 896
544 16032 832
544 16064 608
544 16080 224
560 16080 0
544 16144 80
608 16144 256
768 16128 256
736 16112 176
464 16128 208
608 16160 336
608 16144 224
624 16144 368
672 16160 368
576 16112 464
416 16016 208
464 16096 176
400 16128 112
544 16128 240
608 16192 272
608 16192 368
752 16208 368
512 16208 400
448 16128 512
608 16048 432
576 16048 96
576 16112 32
576 16112 32
560 16160 -336
480 16176 -16
368 16128 -16
448 16176 80
672 16096 208
592 16128 416
592 16128 576
608 16160 400
704 16176 400
592 16272 -64
512 16160 192
480 16096 304
768 16160 224
624 16208 560
624 16144 576
576 16144 352
464 16176 352
464 16176 432
480 16144 512
464 16208 528
464 16160 288
544 16160 48
624 16080 96
464 16144 128
608 16112 128
640 16080 464
608 16144 464
624 16144 368
624 16160 528
592 16160 528
560 16096 512
624 16112 352
320 16272 400
112 16192 496
208 16176 336
432 16128 144
560 16080 240
560 16080 208
432 16128 208
304 16096 272
464 16128 -48
496 16144 -64
512 16128 112
512 16128 576
560 16160 576
592 16080 656
512 16096 544
912 16256 144
1312 16160 32
912 16144 128
576 16128 208
576 16144 224
768 16144 224
912 16080 160
640 16096 336
544 16096 400
528 16128 240
528 16112 144
576 16128 112
576 16144 64
528 16144 16
512 16080 16
592 16096 -96
480 16064 128
528 16112 160
528 16144 256
496 16144 448
528 16112 448
624 16096 512
688 16128 272
640 16096 192
336 16112 160
416 16112 272
416 16160 256
624 16160 256
704 16240 32
624 16112 -16
736 16064 -448
608 16208 -176
608 16288 16
576 16288 16
624 16240 48
512 16240 272
480 16176 272
688 16176 96
688 16192 80
688 16208 176
688 16208 320
608 16144 320
512 16160 336
512 16144 304
528 16096 192
592 16128 224
592 16144 160
624 16160 16
560 16208 80
560 16144 192
592 16144 192
768 16144 64
688 16096 176
720 16064 144
656 16096 304
656 16144 272
592 16144 288
704 16128 288
528 16144 464
400 16192 464
416 16176 336
496 16160 368
528 16176 352
528 16208 496
432 16208 496
448 16272 288
528 16176 336
560 16144 432
576 16176 304
576 16080 560
512 16112 400
528 16096 496
560 16064 496
480 16112 256
496 16112 352
512 16112 384
480 16128 416
480 16096 224
656 16096 -160
832 16160 -160
672 16176 -224
576 16160 -144
496 16160 128
512 16256 176
560 16208 432
560 16160 192
560 16160 192
480 16112 256
464 16112 80
576 15984 224
640 16032 224
640 16112 128
640 16208 32
496 16224 -128
496 16224 192
672 16176 192
576 16080 272
464 16048 400
608 16016 144
576 16080 80
576 16336 352
624 16128 352
480 16128 448
576 16128 480
464 16096 608
560 16160 96
480 16160 128
480 16144 208
304 16144 208
448 16096 400
640 16080 384
576 16128 336
544 16096 352
544 16208 288
496 16208 288
608 16080 272
592 16064 320
576 16128 320
480 16192 192
464 16208 240
576 16208 304
576 16080 304
592 16080 304
560 16080 -16
560 16000 256
544 16000 496
528 16000 368
528 16000 288
528 16048 208
528 16112 192
512 16112 192
608 16064 192
624 16112 144
400 16176 208
528 16160 176
528 16160 112
560 16160 112
688 16064 176
688 16128 -48
688 16128 -80
688 16096 208
592 16096 528
880 16032 240
880 16064 272
720 16064 528
608 16016 528
544 16016 480
512 16064 336
432 16064 320
544 16096 336
544 16096 432
528 16064 624
544 16144 368
544 16144 368
768 16096 288
720 16064 544
608 16144 304
752 16128 160
752 16096 176
640 16096 176
672 16160 176
544 16128 336
656 16112 208
544 16064 256
528 16128 160
560 16112 0
560 16048 160
624 16048 160
576 16128 -64
576 16064 128
624 15984 96
736 16048 128
736 16032 144
640 16032 144
608 16096 96
608 16112 272
624 16128 144
688 16064 144
512 16080 240
512 16064 304
656 16064 304
592 16032 240
480 16080 432
464 16064 448
464 16032 368
464 16288 448
640 16176 240
592 16128 352
624 16192 384
576 16224 112
528 16064 192
432 16192 240
432 16224 192
640 16224 208
480 16192 208
480 16128 288
528 16128 592
464 16112 496
480 16144 368
512 16128 288
512 16080 272
576 16080 272
576 16128 208
784 16144 192
576 16208 256
640 16112 208
640 16048 176
640 16048 -16
640 16144 -16
576 16144 112
576 16160 304
560 16208 368
528 16272 192
528 16144 240
576 16144 208
688 16096 208
512 16080 176
448 16096 320
400 16160 272
496 16112 464
496 16112 224
560 16032 224
480 16032 -16
512 16160 -16
400 16208 -48
400 16208 176
416 16320 272
416 16192 240
432 16192 288
480 16080 288
432 16064 96
608 16112 -48
560 16096 96
624 16160 240
656 16112 96
384 16128 -176
384 16176 -176
656 16176 -176
624 16160 -224
608 16032 -32
560 16032 -352
576 16032 128
576 16080 480
624 16080 480
480 16096 416
448 16096 496
400 16144 464
432 16160 256
464 16096 176
464 16160 160
528 16160 160
576 16128 -160
448 16192 -128
464 16192 48
560 16112 0
560 16112 384
592 16096 528
624 16064 416
640 16080 416
608 16128 368
720 16192 384
624 16128 240
624 16128 112
624 16128 112
576 16128 144
624 16096 256
320 16160 368
496 16112 512
496 16128 480
464 16128 496
464 16112 176
592 16112 176
544 16064 288
544 16080 240
416 16112 432
416 16048 320
592 16080 448
608 16080 448
592 16128 576
544 16144 240
464 16112 368
624 16128 256
640 16112 320
640 16160 496
640 16144 336
672 16144 240
656 16160 240
560 16096 80
624 16160 320
640 16128 576
384 16096 336
496 16096 288
544 16032 352
352 16080 288
352 16192 288
560 16208 320
576 16208 224
544 16208 160
544 16224 -16
720 16224 64
704 16208 64
608 16096 464
384 16224 224
544 16032 272
624 16080 256
576 16112 80
656 16096 -96
672 16160 -96
624 16144 144
464 16160 80
512 16112 304
512 16128 304
544 16128 560
512 16080 560
512 16080 336
496 16080 304
512 16016 336
480 16096 384
560 16080 208
560 16080 256
496 16224 256
512 16224 336
624 16240 320
672 16096 464
672 16080 496
592 16080 496
496 16032 496
416 16048 208
448 16032 528
400 16080 528
576 16112 480
656 16112 368
544 16064 432
544 16064 -272
672 16032 -272
544 16032 240
448 16192 192
320 16096 64
256 15984 304
304 16064 416
480 16096 96
480 16000 192
704 16000 192
704 16048 592
688 16064 304
432 16064 384
592 16032 352
592 16032 288
784 16048 288
704 16048 560
416 16080 704
528 16048 528
544 16112 496
608 16128 320
752 16128 320
752 16128 288
752 16064 288
688 16016 80
656 16096 272
560 16128 48
656 16064 16
656 16064 320
432 16048 160
528 16048 96
