startup(x,y,z):(608,16112,256)
-720 16160 -5360
-640 16128 -2496
-560 16208 416
-400 16256 2640
-32 16208 2208
576 15888 304
576 15936 192
576 15936 816
560 16160 816
960 16208 1184
1184 16272 1440
560 16288 1280
416 16112 304
400 15904 -944
160 15888 -1296
160 16048 -1440
272 16048 -1440
464 16080 -288
1072 16240 896
976 16352 1856
736 16224 2096
736 16160 1104
896 16128 -240
528 16112 -1040
528 16112 -1072
400 16032 -1072
320 16128 -368
224 16128 -32
176 16160 -48
176 16144 576
272 16160 1648
752 16160 1648
880 16256 1808
1680 16176 912
736 16032 -224
480 16080 -640
720 16128 -576
416 16080 -192
416 16080 -160
624 16304 -160
448 16256 -80
496 16160 -224
352 16032 16
560 16128 272
768 16160 720
768 16240 896
688 16256 960
688 16080 656
448 16080 480
464 16032 480
720 16080 112
816 16160 192
752 16192 144
656 16240 368
656 16160 624
496 16160 624
544 16208 624
1088 16256 544
816 16208 304
592 16208 96
400 16176 96
400 16224 -160
416 16224 -160
272 16208 -272
352 16192 -528
432 16208 -368
592 16144 -128
768 16128 672
768 16128 1072
688 16160 992
816 16160 992
912 16144 688
800 16128 448
656 16176 240
528 16160 80
528 16224 -80
400 16224 -80
464 16128 -192
544 16160 -608
528 16128 -144
608 16128 -32
624 16256 320
704 16272 528
704 16272 560
496 16176 560
608 16224 656
544 16128 432
560 16080 192
560 16128 -80
528 16128 320
624 16192 320
688 16256 448
624 16160 544
448 16272 656
576 16256 464
576 16272 32
544 16272 176
528 16224 176
528 16144 -16
480 16112 -80
480 16224 -448
528 16176 -512
528 16176 -112
736 16128 -112
608 16128 336
656 16176 656
656 16128 688
560 16144 688
560 16144 704
672 16192 704
592 16128 512
560 16144 240
592 16128 16
688 16144 368
640 16144 368
544 16192 672
624 16208 656
752 16192 544
672 16192 352
672 16144 304
640 16144 304
624 16160 368
528 16160 96
496 16128 224
528 16192 320
528 16144 304
560 16144 320
688 16096 320
768 16112 336
656 16144 208
592 16160 336
592 16112 416
640 16112 416
736 16144 304
736 16128 96
672 16144 -32
480 16176 240
480 16192 -16
464 16192 32
576 16224 32
560 16176 128
560 16224 256
624 16112 240
624 16128 448
720 16128 416
864 16160 416
752 16176 480
640 16176 448
624 16112 352
624 16176 80
624 16176 -16
672 16160 -16
528 16160 208
560 16224 336
688 16192 -48
640 16176 240
640 16176 288
656 16176 288
624 16192 160
544 16160 176
576 16160 272
688 16144 304
688 16176 144
624 16176 256
464 16240 256
512 16272 224
464 16192 400
560 16144 368
560 16144 272
592 16144 272
528 16208 320
624 16224 208
624 16160 432
512 16112 48
640 16160 -32
544 16112 128
544 16112 16
576 16176 16
512 16176 368
672 16128 384
704 16112 384
704 16208 432
544 16208 512
512 16128 512
400 16112 288
464 16176 192
544 16160 80
528 16112 -64
528 16128 -96
672 16128 -112
656 16112 -112
656 16160 -224
624 16208 -144
592 16208 64
592 16224 80
592 16224 80
576 16192 80
592 16192 192
528 16160 144
512 16144 128
512 16176 128
704 16176 480
592 16176 480
576 16160 448
512 16048 608
640 16096 192
640 16064 320
704 16064 256
688 16032 256
688 16096 448
560 16096 384
576 16032 48
496 16112 192
496 16112 176
464 16080 176
432 16096 128
480 16176 64
544 16128 -80
544 16112 320
544 16112 192
640 16128 192
592 16128 288
672 16048 256
656 16240 160
864 16160 0
864 16160 -32
800 16160 -32
640 16192 -48
576 16128 -16
720 16016 224
512 16000 240
512 16000 336
464 16048 336
496 16096 368
656 16192 208
624 16112 288
624 16208 288
560 16208 208
512 16160 208
512 16208 80
560 16304 112
544 16240 240
544 16208 192
528 16208 368
528 16160 368
480 16208 416
480 16288 240
608 16112 304
608 16064 192
608 16128 320
560 16128 320
688 16112 352
720 16160 384
736 16176 688
736 16192 576
704 16192 304
544 16176 304
640 16160 320
560 16128 320
480 16144 320
464 16128 256
464 16048 240
656 16048 240
672 16064 608
672 16144 272
576 16192 496
576 16144 416
528 16144 160
608 16176 144
608 16144 160
560 16224 96
576 16192 112
576 16128 112
672 16128 144
576 16064 144
560 16144 48
608 16144 112
656 16128 192
656 16160 240
656 16160 352
656 16144 352
544 16096 288
640 16064 320
640 16096 160
688 16112 400
688 16112 128
832 16160 128
720 16176 384
704 16080 288
656 16112 304
608 16224 224
608 16224 -176
608 16176 -176
720 16176 -64
704 16080 96
688 16112 208
688 16064 272
688 16080 128
720 16080 400
672 16144 400
560 16112 224
592 16096 256
560 16064 112
560 16064 448
496 16112 448
544 16096 400
512 16096 320
560 16144 240
624 16144 416
624 16192 352
624 16176 144
656 16176 144
528 16224 160
448 16240 288
656 16128 400
624 16112 384
624 16112 320
560 16144 320
512 16128 448
528 16112 208
480 16144 -48
560 16144 -16
624 16160 128
624 16160 160
672 16064 160
640 16080 80
576 16128 352
656 16064 384
656 16320 176
592 16160 -96
656 16160 -96
640 16112 128
640 16176 288
608 16160 432
608 16080 368
768 16080 64
800 16160 64
672 16128 240
720 16112 288
464 16128 352
464 16112 432
576 16208 496
448 16208 352
672 16160 352
624 16144 368
608 16144 160
848 16128 160
848 16112 288
784 16112 288
720 16112 288
816 16144 144
640 16128 208
608 16176 176
608 16096 -48
624 16096 80
784 16128 0
672 16144 176
576 16176 432
576 16144 480
608 16144 480
608 16160 480
608 16064 352
608 16144 352
576 16128 288
576 16160 288
576 16160 528
480 16160 528
544 16192 416
544 16192 496
608 16128 384
560 16096 96
560 16096 176
640 16096 176
624 16112 0
608 16112 192
608 16208 320
608 16160 304
576 16160 128
512 16160 128
560 16192 240
496 16224 304
512 16112 592
544 16096 608
544 16096 464
448 16096 352
544 16096 352
576 16096 384
560 16096 288
672 16144 224
640 16176 80
640 16176 160
416 16176 160
528 16128 112
544 16144 96
528 16176 64
480 16128 96
480 16128 -48
672 16192 -48
592 16144 -16
576 16208 128
576 16176 272
528 16144 384
528 16144 320
544 16176 320
560 16208 192
416 16240 256
544 16208 0
544 16256 144
544 16256 96
736 16176 96
656 16160 0
624 16176 224
592 16176 224
592 16128 224
544 16128 432
528 16096 432
608 16128 448
528 16080 384
528 16064 320
528 16080 480
608 16080 368
656 16096 368
624 16112 432
416 16144 448
496 16160 352
496 16176 336
608 16176 -176
720 16208 -176
640 16128 160
688 16208 224
688 16192 336
688 16112 240
688 16112 240
720 16112 112
736 16176 64
784 16240 416
560 16192 304
560 16144 224
608 16144 368
608 16128 368
592 16096 384
608 16144 544
480 16112 592
528 16128 432
528 16128 368
432 16096 368
496 16192 128
384 16128 96
496 16192 192
496 16144 112
496 16144 64
576 16176 64
384 16176 336
448 16240 464
320 16160 224
336 16144 416
336 16192 272
448 16192 272
480 16240 272
480 16160 240
592 16208 192
528 16160 160
640 16160 272
640 16080 256
656 16080 256
528 16128 288
512 16176 432
448 16160 528
416 16176 368
416 16176 480
640 16176 480
560 16208 208
560 16192 208
688 16192 -32
768 16112 128
768 16048 32
688 16048 -16
672 16112 64
624 16144 32
480 16144 208
480 16128 288
624 16128 352
592 16176 352
528 16144 288
560 16096 384
480 16192 400
512 16192 368
512 16192 448
528 16144 448
640 16112 272
560 16176 320
464 16192 144
544 16192 352
544 16192 256
480 16144 256
528 16128 160
640 16112 160
784 16192 -80
736 16224 64
736 16224 -80
784 16240 -80
624 16208 352
624 16240 416
400 16240 320
448 16208 400
448 16208 448
464 16272 448
624 16240 480
688 16272 432
640 16256 384
496 16160 368
496 16208 256
