startup(x,y,z):(592,16016,224)
-2176 16368 3968
1520 16112 -880
176 15856 -4816
432 16208 -4512
288 16208 -2320
752 16320 -2320
288 16288 48
48 16320 1648
160 16240 1792
160 16080 880
608 16080 336
560 16048 336
1056 16144 560
1168 16272 976
1184 16256 1120
816 16256 848
672 16192 144
512 16016 -848
512 16016 -1168
304 16032 -1168
480 15968 -640
560 16112 -320
768 16160 672
768 16336 1440
880 16288 1584
928 16192 912
528 16112 112
528 16096 -304
384 16096 -304
304 15984 -368
320 16032 -320
64 16128 -224
496 16176 -336
512 16224 -304
624 16096 304
624 16048 1040
640 16080 1760
880 16112 1712
880 16080 688
800 16080 688
592 16144 -64
400 16160 -48
560 16160 672
560 16160 608
768 16160 -336
704 16016 -1360
544 15936 -1360
496 16016 -1248
400 16112 -384
592 16224 128
624 16160 640
608 16176 816
608 16144 736
624 16144 736
576 16176 800
496 16160 880
576 16128 400
544 16080 336
544 16096 192
528 16096 512
560 16032 560
480 16032 736
560 16112 736
448 16208 800
560 16176 592
560 16192 304
560 16192 256
576 16144 -128
464 16096 -128
416 16064 -336
384 16096 -80
480 16144 112
528 16192 368
720 16240 624
720 16096 736
688 16096 640
576 16096 640
672 16096 512
688 16064 672
800 16096 512
800 16064 272
656 16128 -32
592 16128 -256
496 16176 -64
576 16240 64
640 16240 64
512 16224 320
288 16064 336
176 16128 208
176 16128 160
528 16128 0
560 16128 0
688 16064 48
400 16128 160
544 16160 368
480 16112 512
704 16176 240
688 16208 576
576 16208 576
544 16208 576
624 16144 544
672 16160 192
496 16080 0
592 16144 -64
592 16144 -144
624 16176 -48
496 16208 128
368 16192 128
288 16192 208
368 16176 304
496 16192 96
496 16192 352
416 16128 352
720 16176 432
704 16096 464
624 16080 368
608 16064 272
592 16064 64
688 16048 64
624 16096 112
624 16096 128
672 16112 128
528 16240 128
560 16240 16
576 16208 -48
576 16240 256
480 16240 288
560 16160 96
496 16192 96
608 16176 176
608 16160 176
560 16080 224
480 16160 304
480 16128 464
480 16112 432
544 16112 496
544 16144 496
624 16128 528
592 16160 128
576 16160 -80
624 16192 -112
464 16128 -64
480 16112 96
480 16368 112
528 16208 112
416 16208 256
256 16112 400
432 16128 384
576 16144 608
576 16144 624
496 16096 624
560 16032 448
544 16064 144
432 16528 -144
848 16288 400
832 15984 272
832 16032 208
944 16032 368
768 16064 368
1008 16080 432
832 16112 384
848 16096 464
736 16176 432
736 16128 304
720 16080 304
592 16096 240
592 16096 352
384 16016 352
448 16128 368
448 16208 464
544 16208 352
544 16256 656
576 16256 336
720 16208 336
672 16144 -32
752 16224 -64
720 16192 208
576 16112 208
624 16064 176
448 16096 112
512 16016 128
512 16016 352
400 16096 352
560 16112 272
688 16128 288
720 16144 224
688 16224 272
688 16176 384
720 16160 368
720 16176 144
656 16176 144
656 16176 -48
624 16208 160
432 16176 208
496 16192 128
496 16192 272
416 16128 272
496 16160 416
544 16240 80
560 16224 16
560 16208 128
624 16192 -48
608 16208 -224
608 16208 64
592 16208 64
480 16128 112
768 16080 128
576 16128 336
432 16160 288
432 16112 240
672 16112 256
704 16064 256
560 16064 192
688 16048 192
640 16128 384
640 16048 528
640 16176 464
464 16176 544
640 16176 544
624 16208 512
608 16096 416
544 16144 368
576 16112 432
624 16128 496
544 16112 128
560 16176 320
560 16096 304
624 16096 304
592 16112 304
688 16048 272
656 16032 -16
640 16080 48
640 16144 320
592 16112 192
672 16144 240
656 16144 384
544 16144 384
624 16160 528
640 16208 400
608 16096 256
608 16096 384
736 16112 384
864 16096 304
752 16128 512
608 16112 464
544 16096 320
400 16160 464
480 16160 400
480 16208 112
496 16208 192
576 16192 192
608 16192 208
608 16176 352
528 16128 352
544 16096 272
544 16048 224
624 16144 64
528 16112 224
512 16080 160
432 16080 160
400 16160 96
496 16176 256
512 16112 560
512 16128 272
464 16144 96
512 16144 -16
640 16112 -16
576 16112 96
640 16128 144
576 16176 288
608 16176 288
592 16208 32
624 16240 208
624 16176 320
624 16176 512
592 16192 512
608 16080 656
656 16144 512
656 16240 400
688 16208 576
688 16144 496
576 16128 480
624 16144 336
624 16144 336
656 16208 336
752 16160 272
656 16144 -96
608 16128 64
608 16144 304
608 16144 288
656 16112 288
544 16096 208
560 16064 64
416 16064 288
496 16128 320
592 16144 352
592 16144 448
592 16144 448
576 16208 464
592 16096 432
464 16128 320
576 16016 352
560 16080 288
656 16016 208
688 16016 256
704 16192 128
704 16192 272
512 16192 48
704 16208 48
608 16192 112
672 16176 16
816 16160 32
720 16144 128
688 16096 304
592 16128 288
640 16112 240
640 16144 64
608 16144 64
592 16080 80
592 16128 -16
640 16080 560
592 16112 400
592 16160 352
688 16160 368
656 16144 368
512 16176 512
592 16192 496
704 16128 240
800 16064 16
592 16128 192
592 16144 256
608 16144 208
592 16144 240
560 16128 272
784 16112 144
784 16128 288
624 16128 288
688 16144 208
512 16176 208
512 16128 176
528 16144 80
496 16176 128
496 16176 32
592 16176 32
560 16144 32
624 16176 48
624 16208 192
496 16160 288
464 16176 320
544 16144 240
576 16000 128
576 16048 208
640 16048 208
400 16128 176
512 16144 336
624 16144 416
656 16112 480
656 16160 400
640 16160 240
576 16192 272
384 16080 400
464 16144 432
512 16192 432
512 16144 304
448 16128 256
464 16128 304
464 16128 384
576 16112 384
416 16080 384
496 16080 288
464 16144 128
464 16144 224
608 16144 272
672 16160 256
672 16160 192
656 16160 192
608 16096 432
608 16048 320
432 16064 208
752 16144 288
752 16224 224
512 16224 240
496 16160 240
416 16112 336
400 16160 240
528 16192 208
512 16128 368
544 16128 464
544 16224 192
528 16224 192
816 16176 -48
656 16208 208
832 16208 112
672 16176 176
592 16048 272
592 16144 304
576 16224 304
672 16128 192
672 16112 464
624 16112 464
688 16192 336
608 16208 256
624 16176 288
640 16064 160
640 16160 192
608 16160 144
480 16128 288
528 16176 256
528 16112 224
672 16112 224
560 16192 208
640 16224 192
560 16288 272
608 16336 272
608 16304 176
640 16304 592
656 16256 592
752 16240 528
656 16208 512
544 16208 160
560 16160 256
704 16160 112
704 16176 208
720 16176 224
560 16128 224
592 16096 -176
592 16112 96
560 16128 112
672 16144 320
672 15888 144
592 16096 208
608 16144 336
624 16144 400
544 16240 400
512 16208 448
624 16144 320
528 16160 208
528 16224 320
528 16224 432
752 16224 544
544 16160 544
544 16144 208
544 16080 64
512 16144 144
576 16144 32
416 16128 288
416 16128 272
560 16096 272
592 16144 400
480 16144 368
592 16176 96
656 16128 176
640 16160 224
672 16144 48
720 16144 304
720 16112 336
656 16112 384
608 16112 384
752 16192 112
672 16128 80
640 16128 144
640 16160 352
640 16160 592
512 16128 592
544 16112 320
592 16160 112
576 16096 208
400 16144 416
464 16144 528
464 16144 608
528 16176 608
560 16128 528
528 16192 512
544 16096 528
512 16128 496
512 16224 384
576 16128 304
512 16208 16
512 16208 64
640 16224 64
544 16192 96
608 16240 -48
608 16144 272
528 16064 304
528 16048 240
592 16048 288
576 16048 288
624 16128 432
576 16176 432
416 16144 368
576 16112 336
608 16112 320
496 16240 416
496 16240 688
608 16080 496
608 16080 272
560 16160 272
640 16192 304
592 16192 -48
592 16208 224
480 16240 144
432 16352 272
624 16112 336
592 16144 320
592 16144 288
528 16160 288
640 16144 176
624 16128 336
608 16144 0
608 16144 96
544 16192 224
720 16176 320
