startup(x,y,z):(592,16016,224)
-2048 16352 -4272
-976 16288 688
-432 16560 4176
-432 16304 3168
704 15712 384
1360 15760 176
1184 15760 1104
640 16288 1552
1760 16128 2336
1872 16128 2336
1120 16400 2384
1008 16208 432
576 15680 -1968
368 15760 -2544
432 15952 -2240
368 16192 -1360
992 16064 960
1168 16240 3008
1168 16240 3456
960 16368 3456
1040 16112 2336
896 16064 768
752 16016 -784
224 16016 -1888
224 15888 -1600
208 15888 -1600
-192 16080 -768
384 16256 -592
352 16288 -592
880 16096 -96
784 16144 528
1024 16176 1904
1024 16176 2544
1200 16352 2544
1088 16352 1696
864 16288 128
448 16240 -768
256 16176 176
816 16352 2464
816 16272 1872
1536 16272 1872
1456 15600 -2544
832 15776 -4528
608 16048 -3440
464 16304 -1072
464 16304 1072
176 16160 1072
192 16288 2240
288 16240 1888
672 15856 688
704 16048 464
704 16080 688
832 16080 512
864 16112 512
720 16128 800
544 16208 608
576 16048 480
576 15984 256
704 15984 256
480 16064 144
480 16176 128
448 16176 320
576 16272 736
608 16112 640
704 16112 640
592 16096 272
384 16032 -176
576 16048 -128
576 16048 -208
656 16048 -208
672 16096 -256
496 16128 -272
608 16160 -272
592 16208 -192
624 16160 464
544 16160 1232
624 16128 1040
624 16128 656
576 16080 656
608 16112 -128
320 16080 -368
320 16160 -224
496 16208 64
496 16176 432
544 16176 432
512 16016 -16
512 16000 -288
544 16048 -288
576 16128 -192
608 16176 400
672 16160 688
672 16160 960
464 16144 960
576 16224 768
640 16176 624
560 16128 192
528 16176 16
576 16064 -320
592 16064 -304
544 16080 16
544 16144 -96
544 16192 128
640 16192 128
592 16208 480
832 16240 480
864 16208 528
688 16208 48
688 16144 144
672 16144 -32
576 16144 -32
512 16144 400
528 16112 400
624 16160 768
688 16096 384
688 16144 336
704 16096 320
704 16096 320
656 16048 272
688 16080 16
368 16160 128
496 16144 -96
544 16128 -80
624 16112 112
624 16112 288
704 16048 288
672 16080 368
688 16144 336
720 16048 448
656 16080 368
656 16080 304
544 16032 304
528 16048 192
528 16128 192
464 16160 -16
432 16080 112
448 16064 64
480 16144 224
480 16144 208
496 16176 208
544 16064 400
576 16048 320
592 16080 224
352 16048 176
432 16128 160
480 16160 240
544 16192 400
544 16192 496
672 16224 640
576 16128 640
416 16128 256
512 16208 224
496 16192 160
544 16144 96
544 16144 -112
624 16160 80
512 16320 416
576 16192 416
592 16208 240
608 16176 96
464 16176 160
544 16128 112
544 16128 224
624 16096 -32
592 16144 -128
512 16144 64
432 16112 320
656 16096 208
608 16032 368
608 16096 240
608 16096 240
416 16160 256
400 16192 288
576 16192 192
432 16160 96
432 16112 176
464 16112 176
272 16176 304
304 16176 112
432 16112 112
512 16144 144
496 16128 96
480 16176 224
480 16176 112
544 16144 112
512 16064 336
560 16112 368
656 16080 176
544 16048 240
496 16064 240
528 16096 192
576 16192 176
576 16192 320
544 16144 432
528 16208 432
576 16160 336
592 16096 352
576 16080 304
624 16160 400
624 16144 608
624 16144 608
592 16128 208
576 16112 48
480 16160 48
576 16176 96
608 16176 256
576 16144 128
576 16144 64
512 16288 64
544 16160 64
560 16160 -64
544 16160 -176
592 16176 176
448 16128 288
384 16160 208
432 16144 224
432 16144 480
544 16144 480
448 16144 416
528 16160 608
480 16144 400
672 16144 528
672 16112 640
688 16112 640
704 16160 752
784 16112 560
736 16208 320
464 16160 272
576 16160 272
496 16112 208
528 16112 208
688 16080 224
880 16080 256
688 16144 432
592 16208 320
544 16176 208
672 16160 384
720 16112 384
720 16112 336
624 16128 352
576 16128 352
560 16112 176
656 16080 400
528 16080 352
528 16112 112
560 16112 112
560 16208 112
576 16240 192
480 16192 192
544 16224 192
704 16240 -160
576 16240 -48
576 16176 112
592 16176 112
576 16240 192
656 16240 64
656 16176 192
640 16176 80
640 16128 368
608 16048 192
480 16048 224
528 16048 224
464 16016 384
400 16112 336
512 16064 192
464 16096 112
464 16080 144
464 16080 144
400 16016 0
448 16080 160
528 16128 80
560 16128 256
592 16112 80
592 16112 208
496 16160 208
608 16208 -16
720 16160 128
640 16304 160
512 16192 368
512 16192 368
688 16224 16
640 16096 144
672 16192 224
720 16128 224
880 16144 208
624 16160 272
560 16208 208
688 16176 192
688 16176 208
736 16176 96
752 16208 96
752 16176 144
656 16160 400
752 16144 352
624 16144 192
656 16128 208
656 16176 208
624 16176 272
608 16144 272
560 16128 -48
512 16128 -96
672 16080 240
672 16032 112
560 16032 240
528 16128 240
528 16112 176
656 16112 176
784 16112 80
672 16144 416
592 16240 384
592 16240 272
592 16224 272
448 16176 336
528 16128 352
640 16064 288
432 16032 288
432 16032 320
512 16064 304
512 16096 256
528 16096 208
704 16112 208
656 16112 224
704 16144 16
656 16176 -32
656 16176 32
512 16208 32
528 16176 448
544 16176 272
672 16160 192
496 16176 272
688 16176 144
608 16192 272
528 16224 352
528 16192 368
416 16192 368
480 16176 368
496 16208 128
448 16224 288
448 16208 320
448 16224 416
448 16160 256
416 16096 432
448 16096 416
480 16032 416
512 16080 -48
512 16192 400
512 16192 16
448 16224 16
592 16144 208
496 16144 496
480 16176 416
592 16176 304
608 16176 464
576 16160 208
576 16160 368
608 16208 368
624 16176 -32
688 16128 112
560 16144 320
560 16160 448
512 16160 368
448 16128 368
464 16128 16
544 16224 96
544 16160 80
416 16144 192
512 16160 272
512 16160 320
512 16160 320
608 16112 -48
560 16128 144
576 16048 368
448 16096 192
448 16064 240
480 16080 448
608 16048 240
608 16048 176
480 16096 176
496 16208 192
624 16224 32
672 16128 48
656 16096 288
656 16096 368
704 16096 368
608 16096 368
704 16128 304
544 16192 -48
560 16128 128
448 16160 48
448 16112 16
448 16128 192
464 16128 192
352 16080 208
464 16112 592
464 16160 528
496 16176 272
496 16256 192
528 16256 192
704 16160 352
640 16144 288
640 16176 288
576 16176 304
656 16096 96
640 16096 320
640 16096 224
672 16160 224
848 16176 192
608 16144 480
608 16176 272
560 16160 240
624 16160 368
560 16128 272
560 16128 112
560 16128 112
608 16000 192
640 16064 304
624 16112 0
624 16160 128
608 16160 176
496 16128 176
560 16240 192
704 16192 176
656 16208 208
672 16192 160
480 16176 288
480 16096 96
432 16176 224
432 16176 224
656 16128 224
720 16112 192
656 16176 112
720 16128 240
720 16192 160
640 16192 304
688 16144 528
704 16144 224
640 16176 224
784 16192 176
784 16176 400
608 16176 432
608 16160 352
560 16160 384
688 16048 384
608 16080 336
656 16176 240
560 16112 272
528 16144 384
576 16144 624
576 16176 368
576 16176 208
512 16112 208
512 16064 80
576 16096 160
448 16208 32
528 16064 80
528 16080 80
592 16080 288
592 16144 400
576 16144 368
656 16096 368
544 16192 400
528 16160 128
608 16144 448
688 16144 304
688 16144 304
592 16192 240
576 16144 192
704 16080 240
688 16128 432
608 16112 448
624 16176 496
624 16208 416
656 16208 288
592 16208 288
624 16144 400
640 16144 96
624 16096 400
640 16096 272
640 16048 128
656 16080 -64
624 16096 368
592 16096 368
432 16160 256
480 16192 304
320 16208 256
320 16128 64
480 16128 176
576 16144 176
544 16224 240
560 16208 144
640 16224 0
608 16128 256
624 16144 272
752 16208 224
752 16208 144
688 16208 144
544 16144 176
688 16112 128
704 16176 0
704 16112 176
640 16112 384
608 16096 384
576 16032 224
576 16112 384
592 16224 240
608 16128 272
576 16128 192
576 16112 416
528 16112 416
640 16096 32
496 16176 288
608 16176 368
560 16176 352
