startup(x,y,z):(592,16016,224)
608 16192 -2768
304 16256 -240
288 16240 1456
304 16224 1904
832 16032 1104
624 16032 0
624 16032 432
1072 16032 1248
1296 16160 1248
1312 16304 1472
1088 16224 1424
720 16160 480
688 15936 -784
560 15904 -1088
752 16000 -896
784 16064 -112
720 16144 560
720 16144 1440
880 16224 1440
880 16176 1632
864 16160 1088
864 16080 272
864 16032 -560
672 16032 -672
496 15968 -672
320 16064 16
272 16128 432
432 16224 384
832 16176 112
1024 16160 -256
1024 16096 -288
1088 16096 -288
608 16176 384
528 16224 752
576 16096 896
592 16064 320
592 16080 -128
560 16080 -352
512 16192 -144
560 16160 208
544 16112 208
800 16144 128
592 16080 240
640 16096 32
608 16128 96
608 16128 176
704 16112 368
800 16160 368
656 16144 688
448 16208 768
464 16176 624
512 16096 352
544 16112 192
544 16128 -192
528 16128 -192
560 16176 -224
640 16208 80
544 16240 128
544 16192 320
400 16144 416
496 16144 144
512 16128 288
512 16064 384
544 16064 128
624 16144 112
688 16112 144
592 15952 336
800 15936 560
800 15920 656
656 15920 464
672 15920 464
448 15936 192
592 16064 32
592 16048 -208
864 16048 -464
672 16160 -320
672 16224 -144
592 16224 -144
624 16096 128
576 16176 416
512 16240 464
512 16192 656
512 16224 576
576 16224 480
720 16128 224
592 16176 256
640 16144 256
608 16080 240
736 16112 240
768 16176 304
768 16192 272
560 16192 32
592 16208 32
592 16240 16
736 16176 160
560 16096 80
448 16112 -16
336 16096 240
416 16128 272
416 16176 304
464 16176 304
736 16192 192
640 16080 464
608 16112 560
448 16160 544
368 16080 432
688 16096 224
736 16064 160
624 16096 464
624 16144 368
448 16144 272
448 16192 272
400 16144 288
624 16128 272
704 16144 448
608 16128 320
688 16128 16
672 16128 80
512 16176 384
448 16048 432
448 16016 480
560 16016 416
624 16080 416
608 16096 384
672 16144 272
800 16128 368
800 16160 416
608 16160 176
624 16144 176
608 16160 -32
640 16224 224
592 16176 160
480 16240 -48
528 16208 128
528 16160 48
544 16160 48
560 16128 160
528 16064 16
576 15984 160
800 16048 128
800 16080 192
704 16160 272
704 16144 320
704 16096 256
656 16096 256
592 16080 256
608 16032 64
544 16112 -16
544 16080 208
608 16208 144
480 16176 288
480 16144 320
512 16144 320
640 16208 304
576 16160 304
624 16160 240
560 16192 304
560 16096 128
544 16128 144
544 16128 16
624 16144 16
624 16128 144
608 16144 544
528 16144 320
768 16160 208
624 16160 48
576 16160 96
576 16160 256
704 16080 256
624 16128 144
608 16160 -128
656 16208 -64
672 16144 112
672 16176 320
592 16176 320
624 16176 400
544 16144 400
560 16176 544
640 16192 384
624 16192 400
624 16192 272
672 16144 272
640 16208 160
608 16176 256
448 16096 32
400 16144 112
656 16080 144
576 16144 272
512 16144 304
512 16144 496
480 16176 496
576 16080 400
464 16128 464
624 16144 352
624 16048 464
608 16144 224
736 16128 240
736 16128 240
448 16192 224
672 16224 224
672 16176 352
640 16176 496
464 16128 432
304 16128 368
304 16128 416
304 16128 416
416 16096 352
464 16192 272
624 16160 160
624 16144 240
512 16080 432
576 16112 512
544 16112 448
608 16112 448
544 16160 320
496 16192 352
384 16128 448
384 16128 480
336 16128 336
544 16192 336
672 16144 256
576 16144 272
512 16192 160
528 16160 144
464 16176 64
496 16192 288
496 16192 80
592 16208 80
560 16128 64
496 16080 416
592 16000 384
608 16016 416
608 16016 416
640 15984 416
656 16016 336
656 16064 240
688 15968 192
704 16096 432
768 16080 144
768 16016 256
576 16016 160
640 16160 160
656 16176 16
640 16128 336
384 16160 304
368 16192 352
480 16096 224
416 16064 64
464 15968 144
464 16032 16
544 16032 80
400 16032 80
496 16096 368
464 16080 480
368 16096 480
432 16112 416
432 16112 240
400 16208 96
464 16192 -64
576 16192 -64
576 16144 -16
592 16096 96
624 16064 432
624 16128 224
576 16128 256
512 16048 256
432 16112 64
576 16128 -48
752 16144 320
720 16128 304
768 16096 304
736 16128 240
736 16192 192
832 16192 192
656 16208 192
960 16608 -48
1024 16432 -80
784 16144 352
784 16096 512
960 16096 544
848 16000 544
832 16096 512
832 16128 224
736 16192 192
656 16240 240
608 16240 -48
608 16176 144
416 16176 144
688 16128 224
448 16128 240
480 16096 560
448 15968 272
512 16096 432
480 16144 144
528 16160 256
528 16192 448
528 16192 304
608 16160 304
560 16112 240
448 16096 320
416 16144 272
416 16144 352
480 16144 368
560 16096 560
576 16176 384
608 16128 384
528 16128 416
640 16112 368
640 16192 448
640 16144 320
480 16144 192
400 16160 192
544 16112 480
432 16160 544
464 16048 368
544 16064 304
672 16080 448
672 16176 128
608 16176 128
688 16112 384
752 16160 256
672 16064 80
672 16144 128
672 16112 320
656 16112 320
688 16080 192
544 16064 144
512 16032 304
688 16096 112
576 16208 256
576 16224 432
576 16224 160
688 16272 160
656 16112 256
512 16176 -64
560 16240 288
432 16176 240
272 16176 16
320 16096 112
448 16080 320
480 16048 336
480 16064 272
720 16064 128
608 16160 128
512 16144 240
576 16176 320
560 16128 80
544 16144 160
608 16176 0
608 16128 -32
656 16144 112
576 16176 256
544 16176 256
576 16176 272
544 16160 352
496 16160 512
480 16160 576
480 16176 528
448 16176 528
656 16096 352
544 16112 160
400 16160 288
416 16144 208
400 16096 368
656 16096 112
656 16080 224
688 16080 224
528 16160 -32
416 16128 80
544 16128 192
624 16176 384
624 16128 112
560 16128 176
512 16128 256
528 16176 352
496 16096 352
592 16144 624
624 16144 432
544 16192 368
544 16160 240
544 16160 320
576 16144 256
544 16112 176
480 16080 176
416 16064 96
560 16064 160
560 16048 480
512 16128 464
704 16144 352
704 16176 368
544 16176 384
592 16176 384
800 16144 160
720 16160 96
704 16128 48
608 16176 32
608 16160 16
544 16144 192
544 16128 208
512 16128 208
496 16144 -16
704 16160 48
816 16128 128
816 16112 368
640 16112 368
608 16160 368
800 16144 416
624 16192 352
544 16144 416
496 16192 336
416 16144 448
416 16144 592
496 16144 640
672 16160 640
624 16064 320
672 16112 416
560 16272 144
576 16192 16
576 16176 112
608 16128 256
528 16176 112
608 16176 112
560 16080 144
640 16096 -64
560 16048 192
416 16048 240
416 16096 320
624 16032 336
624 16032 208
624 16080 128
576 16176 288
576 16176 368
512 16160 368
480 16192 192
560 16128 576
480 16192 368
480 16192 288
672 16192 304
560 16128 304
608 16080 208
608 16064 288
592 15984 192
688 16144 224
688 16160 96
688 16128 224
512 16128 144
464 16224 144
480 16176 32
720 16160 32
640 16176 -64
640 16176 -16
560 16176 224
464 16192 224
512 16160 176
496 16176 176
592 16240 16
560 16304 288
512 16272 240
512 16224 432
496 16224 432
608 16192 160
608 16176 -48
480 16192 272
464 16128 368
464 16112 384
592 16064 464
592 16080 384
528 16080 448
624 16096 448
704 16096 368
464 16144 400
592 16128 400
592 16080 192
736 16080 240
640 16096 352
560 16096 304
368 16112 304
544 16080 176
576 16112 176
496 16128 320
608 16032 176
528 16064 224
528 16080 112
560 16080 112
576 16096 416
576 16144 352
560 16128 512
576 16144 320
576 16112 384
544 16160 448
544 16176 96
528 16176 0
640 16192 0
704 16112 208
576 16224 224
592 16192 272
416 16208 336
416 16192 -32
448 16192 -32
608 16176 208
480 16256 304
512 16208 256
560 16176 272
608 16112 256
496 16080 304
496 16080 368
704 16032 368
704 16128 320
448 16096 336
608 16064 96
528 16112 128
528 16112 320
