startup(x,y,z):(592,16016,224)
464 16080 1232
272 16656 3888
272 16240 -1792
1232 16240 -1792
-320 15616 -5600
-112 16064 -4496
752 16336 -2304
432 16224 -32
112 16272 2016
112 16272 1824
192 16288 1824
704 16016 512
864 16080 0
1088 16240 144
1232 16320 992
1168 16240 1296
752 16256 1040
752 16096 0
608 16096 -912
496 15968 -912
176 16000 -1184
128 16064 -960
128 16240 -416
592 16272 656
864 16304 1808
672 16192 1744
752 16144 720
752 16144 -320
576 16096 -320
576 16080 -864
336 16000 -576
480 16016 -176
144 16144 64
144 16128 176
448 16128 176
592 16192 288
416 16128 1856
1408 16224 1920
1312 16240 1520
1008 16096 16
688 16080 -1312
688 16160 -1184
432 16160 -1184
368 16288 -976
320 16320 -256
272 16208 272
384 16128 80
304 15920 -48
576 15984 176
672 16192 400
672 16192 992
704 16224 992
672 16176 992
672 16096 672
624 16032 384
624 16032 112
672 16032 -176
720 16192 -176
544 16224 -112
384 16176 256
432 16112 528
640 16144 1088
720 16080 816
720 16080 464
480 16080 480
496 16096 480
496 16176 272
464 16096 336
352 16096 208
336 16112 -208
432 16096 -144
528 16096 112
752 16032 576
752 16208 1024
752 16208 1008
864 16176 1008
896 16192 848
848 16160 576
592 16256 336
336 16224 -48
432 16224 -368
528 16176 -368
432 16144 -352
480 16192 -352
688 16112 -160
752 16160 128
704 16096 368
704 16096 416
592 16096 592
656 16064 672
672 16000 464
560 16080 160
576 16064 336
592 16048 464
592 16112 416
592 16176 512
640 16176 0
576 16208 240
592 16096 336
608 15984 288
368 16064 288
320 16048 64
320 16048 -128
288 16176 -128
512 16176 -432
560 16176 -432
608 16128 -432
432 16144 -176
672 16160 160
768 16128 448
768 16096 496
704 16096 704
544 16192 704
624 16112 592
656 16160 736
608 16096 496
560 16096 80
400 16112 112
480 16032 96
688 16032 -48
640 16112 304
640 16112 528
656 16112 528
576 16160 416
464 16192 256
576 16096 96
624 16064 432
608 16048 368
624 16080 240
624 16128 320
592 16128 352
624 16160 352
640 16160 432
512 16192 512
432 16176 432
432 16160 336
432 16160 144
544 16080 144
464 16080 160
592 16096 -48
752 16064 -64
720 16112 -96
752 16064 -96
784 16080 32
784 16080 288
720 16144 288
688 16080 336
560 16144 592
592 16096 496
848 16144 464
848 16144 272
752 16128 96
672 16160 144
672 16160 32
432 16128 32
624 16128 80
592 16128 432
592 16128 432
496 16160 272
496 16128 160
496 16128 320
640 16208 320
496 16128 320
608 16160 -64
528 16160 32
368 16192 32
560 16144 240
608 16160 480
640 16096 352
640 16096 336
656 16192 304
592 16160 304
704 16176 512
752 16128 320
640 16128 176
496 16176 128
544 16160 304
544 16128 0
496 16144 48
496 16144 160
400 16176 160
496 16224 336
400 16128 400
768 16192 464
608 16160 688
560 16160 416
544 16112 560
608 16192 352
608 16176 224
448 16176 160
560 16176 160
624 16144 96
656 16208 176
608 16192 16
592 16176 320
736 16208 368
720 16160 304
672 16176 128
672 16096 144
672 16064 96
544 16064 96
640 16128 176
752 16160 -48
512 16096 48
432 16128 368
432 16048 368
512 16080 320
480 16112 256
352 16160 48
576 16112 48
576 16128 16
560 16128 16
608 16048 96
576 16096 160
608 16160 288
576 16096 192
576 16192 240
560 16192 320
608 16128 512
640 16128 512
656 16128 512
592 16160 304
688 16096 272
400 16064 240
400 16080 336
464 16144 288
592 16144 400
544 16160 400
576 16096 448
768 16096 400
720 16112 240
576 16048 48
512 16208 128
512 16224 240
528 16224 48
672 16144 48
512 16160 -16
464 16160 336
496 16080 416
512 16080 496
512 16080 176
384 16160 272
368 16032 224
560 16032 352
624 16064 352
432 16096 336
368 16080 304
528 16128 272
528 16144 144
544 16176 336
480 16176 352
560 16128 352
512 16096 432
560 16160 352
704 16160 432
704 16128 432
624 16144 368
624 16176 528
576 16192 512
576 16224 176
416 16224 208
704 16176 208
560 16192 288
528 16128 64
608 16128 -16
576 16128 32
576 16096 48
560 16112 112
560 16112 368
480 16096 368
560 16144 688
544 16160 608
576 16144 512
592 16112 496
592 16160 400
592 16160 192
688 16112 208
720 16112 48
656 16048 48
624 16160 128
688 16128 64
672 16064 144
672 16064 96
768 16096 96
576 16096 192
592 16128 208
512 16160 176
608 16080 224
672 16128 176
576 16096 224
576 16112 176
448 16112 176
464 16096 256
608 16048 80
736 16128 192
608 16176 176
608 16096 160
736 16096 160
736 16096 128
672 16064 288
544 16080 400
656 16000 352
784 16064 352
592 16080 304
528 16080 432
528 16080 352
544 16080 352
560 16096 288
496 16128 368
560 16160 400
576 16112 544
560 16224 512
544 16176 320
544 16176 240
544 16176 240
512 16160 544
512 16176 112
784 16176 192
528 16112 192
592 16128 272
736 16080 272
704 16128 272
608 16080 384
784 16096 528
784 16160 144
688 16160 176
752 16192 176
832 16176 224
512 16192 144
560 16128 304
560 16096 144
544 16096 144
656 16096 48
816 16160 48
736 16144 352
688 16208 224
688 16240 256
592 16240 256
448 16240 160
544 16208 304
544 16144 368
576 16112 240
576 16112 64
400 16192 -64
512 16176 -64
384 16208 240
640 16128 368
688 16160 336
608 16144 432
608 16144 208
720 16112 208
512 16096 368
624 16096 336
576 16192 400
576 16208 448
688 16208 448
592 16160 480
512 16144 464
480 16128 256
656 16112 336
656 16112 112
592 16208 112
560 16224 224
560 16192 368
320 16208 304
320 16160 288
512 16160 32
592 16144 32
576 16208 336
496 16192 336
480 16176 336
480 16144 304
624 16144 304
560 16224 192
576 16160 240
624 16160 64
528 16192 160
528 16192 224
736 16112 224
640 16096 304
528 16128 16
512 16128 288
512 16128 224
512 16128 304
496 16112 304
512 16176 240
400 16176 272
528 16144 288
528 16032 144
512 16032 240
624 16160 240
592 16192 224
544 16192 128
512 16144 208
512 16144 48
608 16160 256
592 16160 256
576 16176 32
640 16192 0
688 16128 160
576 16144 240
576 16144 176
656 16176 176
560 16080 240
464 16112 160
592 16128 224
656 16112 208
656 16112 368
704 16064 368
704 16096 368
800 16128 304
608 16144 128
688 16128 96
688 16128 256
720 16064 256
624 16112 0
656 16096 96
480 16160 -16
544 16240 -96
544 16224 96
592 16208 128
592 16144 272
352 16144 272
432 16240 32
624 16192 64
752 16192 288
688 16160 464
688 16224 368
512 16224 128
496 16176 128
544 16128 -192
560 16160 32
640 16144 0
592 16080 336
608 16096 320
608 16096 352
496 16128 352
560 16032 176
576 16192 224
576 16112 96
752 16176 -144
752 16208 32
656 16192 32
640 16208 112
640 16192 -80
640 16192 -80
544 16272 64
608 16112 192
544 16128 272
544 16176 -48
592 16176 288
592 16256 288
656 16240 240
720 16208 112
704 16160 240
656 16256 160
704 16224 352
704 16192 224
624 16192 384
528 16144 384
544 16192 400
640 16128 160
736 16160 192
704 16112 224
704 16112 32
560 16096 224
528 16128 352
528 16112 352
464 16128 192
624 16096 256
624 16048 192
624 16048 256
592 16160 256
720 16160 256
496 16240 224
624 16192 192
688 16176 272
688 16192 16
592 16144 -32
592 16144 96
544 16160 96
528 16192 128
528 16144 240
592 16080 336
544 16112 320
544 16096 160
576 16096 160
576 16176 256
592 16128 288
608 16112 336
496 16112 208
400 16192 208
496 16192 96
496 16096 288
512 16096 288
560 16080 448
544 16128 592
672 16096 384
576 16080 288
576 16080 416
544 16080 352
352 16112 368
592 16112 432
656 16064 432
544 16192 400
640 16176 496
640 16048 176
640 16048 336
624 16080 304
688 16176 304
640 16192 528
688 16160 256
