startup(x,y,z):(608,16112,256)
1040 15744 -2640
-1808 15504 -7440
-544 16256 -5712
-208 16096 -2816
-368 16048 16
-368 16048 2784
-368 16256 2368
-176 16272 2368
320 16016 448
432 16000 64
432 16144 624
800 16160 1136
800 16176 1472
1024 16176 1472
416 16240 1504
528 16080 480
544 15872 -1312
0 15984 -1648
0 16016 -1264
128 16016 -608
352 16192 -608
736 16240 656
768 16352 2016
736 16256 2496
960 16176 1344
960 16176 224
608 16240 224
560 16176 -928
416 16032 -1008
496 16080 -816
320 16208 -256
320 16272 -240
480 16272 -96
416 16208 -96
848 16112 640
832 16192 2016
928 16272 3648
928 16352 2976
1696 16352 -64
1408 16192 -64
800 15968 -2256
576 16064 -2464
384 16256 -1792
224 16208 -768
224 16032 368
240 16032 416
256 16016 416
480 16064 240
576 16016 464
912 16112 640
1216 16240 1072
1216 16240 1360
928 16336 1360
848 16160 1232
704 16096 608
624 16016 -96
368 16112 -352
464 16080 -544
464 16176 48
656 16176 48
624 16160 576
736 16192 1232
912 16208 1456
1008 16192 896
1008 16144 352
624 16144 -64
480 16128 -64
400 16176 -592
432 16208 -960
304 16160 -704
432 16128 -208
432 16128 128
528 16128 128
688 16192 928
592 16192 1552
640 16096 1568
640 16016 960
768 16096 368
576 16096 -64
384 16176 -64
320 16208 -208
464 16192 -288
480 16208 -320
480 16208 -16
352 16208 320
544 16192 320
656 16208 464
768 16192 240
768 16128 224
704 16016 400
704 16096 400
832 16096 400
672 16016 48
720 16096 96
608 16144 -16
576 16176 192
576 16096 432
672 16096 432
704 16144 864
816 16160 752
864 16144 656
656 16224 448
656 16128 256
768 16064 -80
528 16048 -160
528 16128 -416
544 16128 -416
512 16176 -400
432 16112 -160
416 16368 80
352 16336 304
352 16208 560
544 16208 880
672 16208 880
656 16176 736
720 16112 544
944 16080 48
816 16144 -176
816 16176 -208
752 16176 -96
480 16160 -96
560 16192 -80
560 16144 64
624 16192 288
368 16176 368
432 16176 432
528 16176 432
720 16160 464
640 16064 448
528 16048 256
592 16128 240
592 16144 144
592 16144 336
672 16128 336
544 16160 464
608 16144 384
560 16144 352
672 16208 272
672 16208 272
832 16144 272
720 16096 240
512 16064 80
496 16080 64
528 16160 -304
528 16160 -448
656 16160 -448
672 16112 -176
704 16128 160
608 16176 528
560 16224 656
560 16160 704
624 16176 448
624 16144 352
416 16144 352
544 16224 272
512 16112 256
464 16112 256
544 16128 144
544 16128 224
480 16128 112
464 16128 272
608 16160 272
608 16128 288
560 16256 224
608 16192 128
576 16144 112
576 16160 128
544 16160 -64
688 16160 -64
768 16128 160
640 16096 256
624 16160 240
624 16128 384
624 16128 496
656 16144 480
704 16112 480
544 16192 64
544 16208 384
608 16208 288
592 16208 336
592 16208 336
480 16192 112
432 16064 64
704 16032 176
784 16000 240
784 16048 368
672 16112 480
912 16144 480
752 16256 480
656 16192 560
720 16160 400
704 16064 96
704 16080 128
688 16080 128
592 16144 192
560 16080 288
560 16048 80
608 16096 -96
640 16064 48
640 16080 240
592 16080 240
448 16096 512
544 16080 688
592 16080 512
608 16032 256
608 16160 176
752 16160 176
720 16480 48
912 16256 208
912 16256 208
768 16064 480
784 16064 352
784 16112 304
752 16112 464
736 16160 464
768 16224 512
848 16192 480
832 16176 336
832 16176 336
704 16208 288
768 16144 288
688 16112 336
816 16112 208
688 16208 176
656 16176 96
656 16176 192
688 16176 224
608 16192 224
640 16208 208
608 16176 144
672 16176 240
448 16144 240
448 16224 224
464 16224 224
512 16288 336
448 16208 192
496 16128 256
480 16128 304
480 16160 336
512 16160 256
448 16160 256
480 16160 304
592 16192 176
592 16208 160
592 16208 304
592 16112 176
528 16112 320
544 16096 320
384 16128 256
400 16128 288
560 16096 352
624 16160 224
624 16208 288
576 16208 288
480 16208 208
496 16208 -80
544 16192 -144
432 16256 -32
320 16256 128
320 16128 256
384 16128 256
576 16080 176
720 16032 176
752 16064 208
720 16080 320
720 16080 -32
656 16080 80
512 16048 80
608 16032 192
480 16048 160
480 16144 96
560 16160 48
560 16176 80
592 16176 80
544 16224 80
608 16208 304
784 16144 192
704 16192 544
704 16192 480
688 16192 416
832 16256 416
784 16208 416
560 16176 464
608 16080 432
624 16160 528
624 16176 80
640 16176 336
640 16176 336
608 16128 256
528 16192 48
624 16128 64
544 16144 128
544 16144 0
416 16144 0
528 16176 96
480 16128 16
592 16144 272
496 16112 336
496 16144 192
528 16144 0
592 16192 0
624 16208 64
624 16208 -64
576 16192 16
560 16128 0
576 16192 240
528 16160 240
544 16176 592
608 16240 512
640 16192 176
640 16144 80
720 16144 -64
576 16144 -64
640 16160 80
576 16176 176
592 16144 592
672 16160 416
672 16160 288
672 16160 288
624 16112 448
624 16128 544
608 16144 384
560 16144 432
560 16144 272
608 16144 272
768 16176 176
752 16112 112
752 16144 -96
800 16144 16
800 16144 80
592 16112 384
544 16224 384
752 16192 336
704 16128 256
672 16176 320
672 16176 272
688 16160 272
608 16192 304
688 16128 304
656 16192 320
736 16128 208
736 16160 48
704 16160 240
496 16176 240
592 16160 528
592 16192 384
640 16144 112
640 16160 384
480 16160 144
624 16112 144
576 16112 64
640 16176 96
560 16080 352
592 16096 272
592 16112 224
640 16112 224
560 16048 416
592 16112 64
656 16096 160
704 16096 272
704 16160 288
608 16160 256
608 16176 256
608 16160 240
704 16192 240
576 16144 160
672 16032 288
672 16080 48
608 16080 -112
560 16048 -112
656 16064 112
672 16080 0
576 16096 48
576 16096 224
464 16160 304
512 16160 304
624 16144 320
624 16128 352
640 16128 304
640 16128 336
512 16128 496
672 16032 496
624 16000 384
608 16032 352
592 16080 352
592 16096 160
576 16096 352
640 16160 352
608 16128 272
640 16160 96
624 16096 -240
608 16160 128
608 16160 400
384 16128 400
448 16144 256
592 16160 -16
544 16128 144
544 16176 112
608 16192 208
608 16144 192
784 16144 368
592 16128 368
592 16064 176
656 16064 64
576 16096 32
528 16112 -48
528 16112 16
544 16208 16
592 16224 16
672 16176 112
720 16128 64
656 16112 160
656 16048 336
704 16048 336
640 16112 -48
528 16176 96
512 16192 -64
592 16048 240
592 16048 576
704 16064 576
592 16128 480
672 16160 416
816 16144 288
656 16128 240
656 16112 80
496 16256 352
560 16160 320
576 16112 384
576 16192 304
576 16192 128
544 16192 256
464 16208 256
576 16192 320
736 16160 160
752 16128 0
752 16160 144
688 16160 96
640 16112 96
672 16144 -128
720 16160 160
704 16080 128
704 16176 128
672 16176 112
592 16176 112
608 16144 48
672 16144 240
480 16128 448
528 16112 352
528 16112 336
624 16192 336
672 16192 256
640 16160 656
608 16160 336
544 16160 384
544 16160 336
592 16160 336
624 16144 336
592 16144 368
528 16176 512
432 16256 496
432 16224 640
464 16224 640
544 16192 400
704 16176 288
656 16208 336
592 16208 64
592 16208 32
528 16224 16
624 16240 16
560 16160 64
448 16192 224
320 16192 160
464 16224 176
464 16224 320
480 16112 320
656 16128 64
576 16192 208
608 16192 528
608 16144 480
592 16144 304
656 16160 304
592 16144 240
608 16176 224
720 16240 48
752 16256 48
752 16256 160
704 16224 160
480 16240 224
672 16224 240
672 16224 320
656 16160 32
656 16160 -64
592 16160 -64
640 16032 48
672 16096 192
704 16064 192
608 16160 320
608 16176 304
528 16176 384
608 16144 384
560 16112 320
608 16128 480
624 16064 416
624 16096 336
544 16096 480
512 16112 480
464 16144 416
448 16112 432
576 16096 336
576 16160 288
576 16160 176
576 16160 176
