startup(x,y,z):(592,16016,224)
-352 15600 -5824
-16 16176 -2048
336 16176 496
-32 16288 496
48 16352 2288
368 16176 2016
704 15920 592
704 16160 -48
512 16160 736
816 16208 736
1056 16240 1280
1184 16272 1664
672 16304 1056
544 16128 224
368 16016 -496
368 16048 -1376
256 16048 -1376
240 16112 -1008
352 16208 -272
672 16368 720
544 16384 1856
544 16304 1728
704 16176 976
512 16144 32
512 16080 -544
432 16080 -544
288 16096 -1040
384 16160 -912
240 16208 -624
336 16192 -496
336 16208 -544
592 16208 192
688 16128 192
832 16112 1056
848 16144 1936
912 16016 2016
640 16016 1040
576 16080 32
384 16144 -144
384 16144 448
384 16256 448
976 16224 -992
768 16176 -992
496 16016 -1760
720 16080 -1248
560 16128 -368
544 16144 288
576 16144 992
608 16128 1216
608 16096 752
688 16096 752
656 16144 704
608 16144 640
720 16080 512
672 16080 128
672 16112 352
672 16112 336
656 16048 544
672 16048 640
816 16112 640
768 16128 448
656 16128 416
912 16160 464
912 16160 288
528 16128 -144
624 16128 -144
560 16192 -304
496 16256 -384
432 16160 -128
528 16160 240
608 16224 784
704 16208 672
704 16208 624
704 16208 624
1232 16096 624
1024 16144 672
960 16112 288
784 16112 -48
512 16256 -224
512 16208 -208
480 16192 -176
448 16096 32
448 16112 640
512 16112 640
560 16112 512
496 16192 432
368 16240 448
544 16224 400
528 16176 352
528 16176 416
496 16144 592
528 16112 672
736 16112 672
640 16208 672
624 16176 720
768 16096 160
768 16080 256
768 16080 64
576 16112 -80
704 16080 -80
640 16064 -192
592 16144 -176
528 16208 0
576 16208 96
432 16128 192
432 16128 480
576 16128 368
592 16144 368
768 16176 416
672 16192 480
608 16176 496
656 16176 432
656 16208 352
592 16208 464
592 16096 336
496 16096 528
464 16208 528
736 16128 176
560 16144 144
528 16128 -48
464 16112 -16
560 16064 160
608 16112 208
608 16112 240
800 16096 240
688 16032 256
640 16080 256
608 16128 336
608 16096 416
448 16064 448
448 16112 528
528 16112 768
464 16080 544
496 16080 544
720 16112 384
592 16160 336
624 16176 128
464 16080 16
480 16192 -32
480 16192 160
704 16112 336
704 16192 320
752 16192 320
704 16096 752
608 16112 656
544 16128 352
672 16112 112
672 16112 128
352 16080 -16
496 16032 464
560 16032 432
640 16064 432
704 16032 368
560 16064 496
672 16144 784
672 16208 560
608 16208 560
704 16224 368
736 16128 272
672 16032 272
688 16080 320
592 16112 512
656 16128 400
528 16208 480
528 16128 272
512 16128 608
560 16016 608
640 16144 592
688 16176 512
608 16240 144
672 16176 336
672 16096 336
592 16064 192
592 16112 144
608 16112 144
512 16208 176
624 16176 192
528 16160 544
624 16128 368
512 16096 96
512 16112 160
592 16112 464
576 16112 464
640 16128 528
496 16240 320
544 16288 304
656 16176 480
576 16160 368
576 16080 496
512 16080 464
592 16144 464
544 16208 464
656 16160 432
496 16160 288
512 16128 208
576 16080 384
448 16096 352
448 16096 528
544 16048 528
592 16064 384
544 16128 112
512 16144 128
576 16048 112
672 16048 256
672 16080 256
688 16128 272
592 16080 192
368 16064 64
496 16128 160
512 16128 256
592 16160 192
592 16160 352
560 16208 352
480 16176 352
512 16128 176
544 16128 368
464 16160 352
656 16128 272
544 16192 112
512 16224 -32
512 16224 224
544 16144 224
560 16176 320
608 16128 608
592 16080 368
672 16144 48
704 16160 64
704 16160 144
592 16128 -16
624 16176 80
624 16176 496
624 16128 496
640 16096 288
544 16080 128
544 16016 272
544 16048 160
528 16048 416
640 16048 368
672 16112 368
720 16128 416
688 16128 384
672 16160 128
512 16176 64
704 16112 272
704 16128 400
544 16128 176
448 16064 176
592 16144 208
688 16192 208
672 16208 192
464 16160 176
544 16192 208
672 16144 240
672 16144 240
576 16128 464
384 16128 464
544 16224 -128
624 16128 464
688 16064 512
608 16256 336
608 16256 -16
576 16256 -96
720 16192 -96
640 16160 -16
512 16080 -32
432 16128 160
496 16160 64
496 16128 144
496 16160 448
544 16160 448
528 16192 320
592 16080 400
560 16112 384
496 16288 496
528 16192 336
592 16144 256
640 16144 240
624 16160 192
624 16160 384
416 16128 384
560 16160 320
624 16192 80
720 16192 224
592 16192 224
592 16160 176
704 16160 176
624 16096 256
672 16128 288
688 16128 -32
592 16112 352
720 16144 -64
672 16096 -208
672 16096 -16
816 16032 -16
848 16080 176
704 16080 304
752 16112 96
784 16144 128
688 16192 224
496 16224 208
496 16224 160
592 16224 -16
592 16240 -16
704 16224 -160
464 16176 144
512 16128 224
608 16096 160
608 16176 256
608 16176 256
592 16160 400
768 16144 320
704 16112 320
752 16128 288
608 16080 336
672 16048 352
672 16064 208
528 16064 208
512 16080 64
528 16096 -32
480 16112 160
592 16080 352
608 16144 464
672 16192 320
656 16160 432
656 16160 368
640 16160 368
640 16144 288
640 16192 288
592 16112 160
544 16144 192
608 16144 176
608 16144 48
656 16160 272
656 16160 304
688 16160 304
720 16176 240
720 16160 336
704 16128 384
704 16192 -112
672 16128 176
624 16128 176
816 16192 -16
736 16112 48
608 16080 224
560 16080 352
560 16176 272
512 16224 192
352 16144 256
352 16048 336
464 16048 432
576 16128 432
624 16176 336
640 16192 64
688 16192 16
528 16112 320
608 16112 336
624 16064 32
640 16096 -48
640 16128 256
528 16128 128
544 16064 128
544 16080 192
576 16096 -208
608 16064 -144
672 16096 -112
672 16016 320
624 16128 288
704 16080 64
720 16096 192
720 16080 384
432 16080 384
592 16112 368
480 16080 272
656 16128 304
704 16080 592
704 16064 448
688 16064 448
608 16144 448
496 16160 160
672 16128 160
608 16112 224
624 16112 96
560 16224 160
560 16224 112
672 16224 128
480 16208 128
464 16240 192
352 16240 336
336 16208 224
432 16256 224
608 16208 272
592 16192 80
592 16144 224
576 16144 352
480 16128 352
608 16176 304
576 16208 336
592 16128 368
592 16048 320
624 16048 208
560 16160 208
736 16160 224
592 16208 288
544 16128 176
480 16112 224
528 16160 96
512 16160 224
512 16160 256
480 16208 -96
640 16192 16
416 16176 16
480 16208 112
768 16224 112
640 16112 48
624 16096 272
592 15984 400
576 16016 272
576 16048 208
544 16048 208
528 16080 560
736 16224 464
768 16192 272
672 16176 528
672 16288 336
624 16160 496
624 16128 752
672 16128 432
624 16096 432
608 16176 448
656 16144 240
656 16032 192
656 16096 208
608 16096 288
656 16096 256
576 16064 256
656 16016 80
640 16128 288
496 16176 32
576 16304 32
560 16272 160
560 16256 128
480 16256 -192
560 16208 -192
560 16192 32
560 16144 176
480 16144 240
448 16064 368
560 16128 32
528 16080 176
528 16128 512
576 16128 368
736 16064 368
688 16064 320
672 16176 208
480 16240 352
464 16192 416
672 16128 352
672 16064 272
624 16080 256
624 16144 224
624 16144 224
496 16064 352
592 16080 240
512 16128 416
528 16128 304
528 16112 448
624 16112 400
656 16096 400
480 16080 496
544 16128 144
480 16128 240
496 16144 272
560 16160 256
560 16208 208
784 16208 32
752 16144 32
640 16160 -176
560 16224 48
560 16192 -64
560 16128 288
640 16128 384
544 16064 240
416 16064 240
704 16064 240
608 16096 144
512 16224 384
368 16192 448
368 16192 400
368 16192 288
480 16240 288
544 16176 448
656 16160 688
800 16128 544
720 16112 400
720 16112 384
656 16144 336
656 16144 512
512 16096 512
512 16160 320
416 16144 320
480 16128 272
464 16224 240
672 16176 272
608 16160 288
560 16144 288
608 16128 384
608 16144 352
624 16144 352
656 16176 432
640 16128 224
656 16112 480
640 16128 256
