startup(x,y,z):(592,16016,224)
-16 15776 -10544
-544 16256 -2288
480 16256 -2288
80 15904 1904
-224 16336 3952
464 16208 2208
1488 15616 -320
1488 15824 288
944 16288 848
1200 16160 1664
1680 16160 1664
1088 16448 2624
608 16592 2160
512 16128 -288
512 15776 -1936
352 16032 -2112
-32 15904 -2112
464 16016 -1792
624 16160 1152
752 16320 2960
1104 16320 3168
1024 16208 2128
1024 16192 368
336 16192 368
352 16048 -1248
176 15904 -2000
464 15824 -1392
112 16032 -208
112 16176 -208
464 16176 -672
640 16160 0
592 16112 0
544 16048 1600
1024 16128 3296
992 16144 4128
1344 16192 3152
1344 16080 752
944 16016 -1888
944 16016 -3056
656 16080 -3056
272 16144 -2624
-32 16176 -1696
368 16352 -656
512 16384 208
480 16144 864
480 16192 352
704 16192 352
576 16240 672
880 16368 816
976 16176 1408
848 16096 1072
848 16032 256
704 16032 256
528 16064 -144
512 16048 -592
544 16064 -704
640 16224 144
768 16096 1104
928 16144 1664
928 16144 1584
912 16240 1584
720 16256 1216
640 16224 -240
512 16096 -496
512 16064 -960
400 16192 -1104
432 16240 -1088
256 16240 -448
480 16240 -448
656 16128 0
704 16048 416
768 16160 1072
768 16128 1360
752 16128 1360
752 16064 1760
976 16032 1360
832 16064 448
672 16016 -384
528 16080 -672
384 16112 -688
384 16064 -320
304 16064 -144
464 16048 -144
672 16064 192
624 16048 416
752 16144 352
624 16144 256
656 16192 336
656 16192 480
640 16144 112
480 16112 -144
848 16112 -144
480 16256 208
448 16208 544
496 16128 704
576 16192 704
576 16160 464
608 16160 640
768 16096 640
560 16160 192
656 16160 -16
592 16128 -80
560 16080 -192
432 16144 -464
304 16160 -464
304 16160 -320
448 16096 -320
432 16128 192
624 16112 320
864 16096 400
720 16080 464
720 16080 784
576 16144 624
688 16176 368
608 16160 368
656 16128 48
400 16144 -64
480 16192 -416
480 16112 -32
448 16112 -32
480 16128 32
528 16208 256
464 16160 80
544 16112 176
608 16096 208
528 16128 64
608 16144 32
608 16144 48
688 16048 48
688 16160 48
624 16128 -32
560 16128 336
576 16080 608
576 16112 576
576 16112 544
576 16128 192
608 16176 192
608 16144 64
576 16080 -64
640 16144 -512
640 16128 -304
656 16128 -304
832 16128 -80
720 16096 96
592 16208 288
688 16144 432
688 16192 672
624 16160 432
624 16160 240
544 16160 240
272 16240 240
432 16192 304
528 16208 112
528 16192 160
688 16192 176
512 16192 176
656 16112 224
704 16128 288
512 16160 496
608 16064 432
544 16096 464
480 16160 256
480 16160 224
480 16224 224
448 16144 176
480 16144 -32
512 16144 -48
528 16224 256
592 16256 208
592 16256 512
544 16208 512
496 16176 -176
528 16224 -16
416 16192 0
528 16224 288
544 16144 224
544 16144 208
464 16128 288
528 16160 288
496 16192 208
448 16192 176
560 16176 320
640 16144 336
544 16160 320
560 16160 240
560 16160 288
448 16064 288
464 16064 240
432 16096 352
704 16096 144
704 16176 64
608 16112 48
608 16112 48
624 16224 144
464 16224 96
576 16160 336
592 16112 240
592 16128 240
592 16112 272
480 16112 272
560 16128 48
544 16112 96
560 16176 176
640 16160 176
640 16144 208
640 16144 160
608 16080 320
592 16080 544
496 16048 544
592 16080 528
576 16144 448
608 16192 480
608 16176 336
432 16176 48
496 16192 48
640 16176 -80
800 16096 -48
736 16096 160
704 16064 128
464 16160 288
464 16176 192
560 16176 336
560 16128 336
480 16112 192
464 16128 576
496 16160 560
416 16160 272
416 16112 48
592 16112 336
608 16176 480
832 16256 320
768 16256 -192
656 16256 -48
320 16192 80
432 16160 400
384 16176 320
384 16176 368
352 16128 448
384 16144 448
480 16112 384
512 16176 496
544 16112 320
464 16128 464
592 16112 384
592 16096 528
704 16096 528
592 16128 496
624 16048 320
672 16048 288
688 16112 320
688 16080 352
800 16080 352
624 16128 320
656 16144 144
704 16160 304
544 16160 176
544 16128 176
576 16128 0
624 16064 0
464 16032 320
576 16144 32
496 16096 64
576 16096 192
544 16144 256
736 16144 80
736 16224 144
560 16224 144
688 16096 176
672 16096 128
624 16032 448
624 16016 352
592 16128 80
592 16080 208
512 16080 208
688 16160 48
656 16176 80
560 16144 128
512 16128 288
608 16240 272
592 16224 224
592 16224 80
720 16256 80
672 16160 240
720 16144 80
880 16176 64
880 16192 32
672 16192 400
560 16112 256
608 16112 -80
656 16144 -80
736 16112 0
656 16064 144
624 16048 224
624 16096 -32
624 16096 80
752 16208 80
688 16240 224
624 16160 448
608 16208 336
560 16096 240
400 16096 352
400 16128 256
480 16128 256
528 16080 304
560 16160 352
480 16048 192
480 16096 272
496 16096 320
544 16208 464
704 16176 464
640 16128 288
448 16160 96
464 16112 112
384 16128 448
560 16176 320
560 16240 208
640 16240 208
592 16256 208
560 16208 208
576 16176 192
624 16112 496
528 16240 368
544 16176 176
480 16080 224
480 16112 192
688 16112 192
704 16080 144
480 16144 144
496 16112 336
592 16192 272
608 16128 160
608 16128 160
512 16176 160
576 16224 -112
624 16272 144
576 16176 192
560 16208 304
512 16128 -16
512 16160 144
512 16160 336
496 16176 336
528 16176 208
576 16192 -48
624 16144 -16
576 16112 64
576 16112 224
560 16208 0
560 16208 64
656 16176 64
608 16128 64
576 16160 -16
576 16128 192
576 16144 256
752 16144 176
624 16144 176
464 16128 176
464 16112 128
448 16144 784
592 16112 448
368 16080 432
368 16096 320
432 16096 176
560 16112 176
656 16144 288
800 16112 176
672 16096 112
400 16160 288
400 16176 400
464 16176 400
624 16096 224
528 16176 144
704 16176 128
544 16160 336
624 16144 336
624 16144 448
576 16096 448
608 16016 288
448 16160 288
512 16224 192
544 16224 240
528 16176 256
560 16160 256
560 16160 272
576 16144 272
528 16144 288
512 16112 240
592 16272 160
592 16160 192
608 16160 304
560 16144 304
576 16192 352
528 16272 336
560 16240 256
576 16192 144
688 16128 160
688 16080 208
560 16096 304
576 16096 304
608 16192 224
736 16112 240
688 16080 512
560 16224 176
608 16144 128
608 16160 208
688 16112 224
688 16192 176
816 16192 176
656 16144 336
576 16064 400
656 16176 304
656 16160 128
752 16176 -80
704 16176 48
608 16128 48
656 16128 80
704 16160 128
768 16112 112
608 16144 336
624 16080 304
624 16096 224
560 16096 224
528 16160 -128
624 16192 112
752 16192 -96
688 16176 -48
688 16176 176
704 16160 176
704 16128 352
560 16192 352
624 16080 576
544 16048 432
464 16080 464
464 16096 288
496 16096 288
464 16048 352
608 16128 352
400 16128 480
624 16080 480
624 16096 352
560 16112 400
576 16080 256
544 16080 368
464 16160 368
496 16144 192
512 16160 112
512 16096 160
528 16096 352
512 16048 352
592 16048 240
560 16128 144
560 16192 224
528 16192 320
608 16096 416
544 16240 368
544 16240 176
480 16208 176
528 16160 304
496 16160 240
592 16160 368
624 16128 496
656 16112 368
656 16112 736
576 16160 736
656 16192 400
624 16144 400
768 16192 320
592 16096 400
752 16128 256
752 16128 208
656 16144 208
576 16112 176
512 16128 416
576 16112 272
640 16112 208
640 16192 112
544 16176 128
544 16176 160
560 16176 160
464 16144 240
672 16192 272
688 16112 528
688 16128 544
720 16128 416
576 16144 416
448 16128 336
448 16160 528
576 16160 400
464 16144 224
464 15888 304
528 16112 304
512 16128 128
448 16016 272
560 16096 336
560 16096 496
528 16096 544
576 16064 672
496 16032 672
624 16016 416
544 16016 320
640 16064 432
544 16080 432
544 16080 224
544 16080 304
496 16144 304
464 16192 192
320 16176 256
528 16224 208
656 16240 448
624 16160 384
608 16112 384
464 16144 320
464 16144 256
