startup(x,y,z):(560,16112,304)
1632 15584 -3664
1440 15952 -2160
1568 16208 -2160
1104 16288 496
528 16160 2032
176 16080 1680
784 15984 672
784 16016 0
912 16016 0
1104 16128 512
1264 16208 1424
976 16288 1232
976 16064 112
816 15952 -768
528 15952 -768
304 16048 -1168
368 16096 -864
512 16240 144
704 16240 976
576 16224 1344
576 16080 1200
592 16096 704
592 16096 16
800 16096 16
608 16048 -416
400 15952 -464
432 15984 -352
208 16000 240
208 16320 2128
464 16320 1936
976 16224 1936
2176 16016 -848
1440 16016 -1376
768 16144 -528
880 16288 608
368 16128 608
192 16128 976
96 16144 464
400 16128 208
400 16048 432
480 16048 592
768 16080 592
704 16096 1216
784 16080 1440
816 16048 1136
896 15920 -352
832 15904 -1776
832 15936 -1456
560 16128 -464
544 16272 416
544 16272 976
512 16256 1232
528 16128 1232
816 15952 1008
864 16064 752
880 16112 704
736 15984 512
752 16016 496
448 16112 224
336 16128 -368
336 16128 -736
416 16096 -736
512 16080 -656
432 16096 144
576 16064 752
512 16096 1056
688 16096 784
608 16096 544
608 16064 608
592 16064 608
368 16048 496
368 16080 416
480 16032 -48
416 16048 -352
416 16048 -752
384 16112 -432
368 16112 -432
576 16144 -128
624 16144 368
576 16192 608
512 16208 656
464 16272 608
544 16080 352
544 16080 384
640 16048 384
672 16096 112
624 16096 16
544 16064 144
640 16096 224
608 16192 352
544 16176 640
544 16176 528
544 16176 400
656 16192 400
720 16112 48
528 16096 -32
560 16112 -48
592 16064 0
592 16320 80
528 16160 208
544 16144 288
608 16064 416
544 16080 576
592 16064 656
512 16080 336
528 16096 80
528 16080 48
544 16080 64
448 16064 64
624 16016 -80
560 16048 320
416 16112 288
464 16144 448
608 16096 544
480 16032 576
480 16016 560
608 16016 80
528 15984 80
544 15936 144
688 16016 448
512 16048 368
448 16016 336
448 16112 48
480 16128 272
544 16128 160
432 16128 336
416 16032 336
672 15936 224
448 16016 272
416 16128 272
496 16032 -80
784 16048 -32
784 16096 -16
624 16096 -32
432 16064 -32
608 16064 416
576 16128 416
560 16144 432
720 16112 400
576 16128 192
448 16080 256
448 16160 0
464 16160 80
592 16144 80
528 16128 256
656 16080 96
592 16128 48
672 16032 416
560 16080 576
528 16192 448
576 16128 352
576 16016 400
608 16016 176
560 16064 176
512 16048 464
528 16016 352
528 16048 -16
592 16128 208
544 16112 128
624 16080 240
624 16064 256
736 16064 160
608 16080 160
544 16160 384
512 16048 384
560 16032 368
496 16096 304
496 16096 224
592 16080 224
608 16144 192
496 16160 192
576 16240 352
784 16224 304
832 16208 224
688 16176 480
688 16144 48
672 16144 272
656 16064 272
512 16032 288
512 16064 16
528 16064 0
592 16064 256
592 16032 208
624 16032 256
624 16032 272
736 16016 272
640 16064 288
608 16016 480
624 16064 352
752 16032 176
752 16032 -80
496 16032 -80
576 16080 224
560 16144 448
592 16080 400
560 16144 304
576 16144 80
448 16176 128
448 16192 144
480 16144 400
256 16144 480
384 16128 480
480 16208 352
384 16256 400
432 16208 336
512 16144 144
576 16144 112
752 16080 128
752 16080 288
448 16080 288
496 16192 336
576 16112 192
464 16176 256
544 16176 240
544 16192 240
480 16112 368
640 16112 336
608 16112 336
528 16160 432
544 16208 528
448 16144 464
448 16192 480
416 16080 176
592 16080 208
640 16064 208
576 16128 384
608 16128 160
704 16128 -32
528 16192 -80
400 16192 352
400 16192 240
528 16192 608
496 16128 608
368 16144 608
384 16096 496
336 16080 384
416 16080 336
416 16080 512
528 16080 400
720 16080 176
656 16144 176
608 16112 512
496 16144 208
416 16160 160
352 16144 448
384 16080 336
384 16144 240
496 16144 272
592 16064 272
432 15952 256
512 15984 304
624 16000 304
640 16080 368
592 16032 352
464 16064 144
464 16032 288
512 16032 32
592 16064 48
336 16064 112
464 16096 352
656 16192 160
624 16048 96
592 15952 160
528 16064 80
656 16096 224
656 16096 144
704 16064 144
640 15968 176
656 16064 256
688 16096 32
608 16080 112
608 16112 224
544 16112 368
640 16096 320
656 16096 160
592 16176 160
592 16224 240
624 16112 80
608 16096 208
608 16032 224
768 16032 112
768 16080 112
448 16128 176
560 16096 272
528 16096 112
608 16112 224
448 16080 0
576 16064 144
576 16032 304
448 16128 368
528 16128 272
576 16144 272
576 16096 144
576 16192 208
560 16112 448
528 16144 192
528 16112 16
448 16080 144
448 16240 208
528 16240 208
656 16144 240
416 16160 336
416 16112 80
304 16064 208
304 16128 336
448 16128 240
496 16080 240
448 16080 336
432 16144 336
496 16208 320
496 16128 272
592 16096 608
592 16096 176
592 16096 144
592 16048 144
656 16144 -128
640 16048 240
672 16048 384
496 16048 240
528 16080 368
496 16032 336
512 16000 320
592 16144 48
592 15952 64
592 16064 16
496 16064 16
688 16368 272
736 16288 -64
480 16080 -96
480 16144 96
416 16032 96
416 16096 336
576 16208 224
672 16160 320
640 16112 160
640 16064 304
400 16064 304
304 16032 304
432 16112 224
448 16112 432
672 16096 208
560 16176 16
624 16160 16
560 16192 16
560 16160 -64
544 16080 288
544 16048 352
736 16048 -48
688 16064 -48
656 16064 -96
752 16096 -96
592 16160 32
672 16144 0
496 16160 176
512 16144 416
512 16096 336
544 16096 192
672 16080 192
768 16048 192
832 16064 80
784 16032 448
768 16048 80
768 16112 144
560 16096 80
576 16128 -48
576 16128 208
496 16128 208
496 16032 256
464 16032 160
496 16064 368
480 16096 224
448 16048 112
448 16112 224
496 16112 224
576 16112 16
560 16096 144
736 16192 336
736 16144 288
624 16176 96
528 16176 368
544 16096 400
544 16096 320
560 16112 320
560 16160 320
544 16144 240
592 16112 96
624 16192 112
624 16096 -48
736 16080 -192
736 16080 64
480 16080 192
560 15984 192
512 16048 304
544 16016 368
400 16096 368
432 16112 320
432 16112 272
544 16144 192
576 16032 176
544 16064 288
528 16080 256
528 16080 368
320 16096 368
400 16080 352
448 16144 240
352 16128 288
384 16096 304
384 16032 208
560 16032 208
512 16112 144
624 16128 208
624 16128 432
544 16144 432
528 16112 240
640 16096 208
672 16112 336
672 16032 400
672 16032 288
640 16080 288
672 16048 496
800 16128 288
624 16112 96
528 16128 288
640 16080 400
640 16048 448
624 16080 384
624 16080 160
704 16016 80
640 16064 80
672 16032 336
688 16016 240
592 16096 256
512 16128 320
560 16016 368
512 16112 336
512 16112 400
448 16112 400
592 16144 464
416 16176 176
496 16096 208
384 16112 288
384 16112 400
560 16048 400
560 16144 -112
720 16208 -16
720 16080 208
576 16112 32
752 16112 144
752 16112 368
528 16112 368
416 16144 368
448 16192 320
480 16096 240
528 16128 336
592 16128 352
464 16176 368
512 16176 208
528 16064 160
528 16096 240
608 16096 240
576 16096 -112
640 16000 192
688 15952 208
656 16048 176
656 16112 176
608 16112 256
624 16160 128
624 16144 192
640 16144 192
624 16048 32
608 15968 208
480 16000 224
512 16096 352
496 16144 128
592 16144 240
592 16144 240
688 16176 288
592 16176 240
592 16208 256
512 16208 256
608 16080 240
736 16080 272
544 16048 288
544 16064 528
512 16064 240
464 16032 240
432 16032 320
448 16096 112
368 16064 240
560 16064 368
512 16112 720
384 16096 384
528 16032 240
528 16032 240
528 16112 240
544 16112 256
464 16112 352
592 16128 192
704 16096 -32
704 16000 144
672 16048 0
576 16048 -112
592 16048 -112
368 16080 32
416 16128 96
304 16016 128
304 16096 64
448 16096 32
336 16080 32
400 16064 304
416 16048 592
512 16112 320
