startup(x,y,z):(592,16016,224)
-1072 16160 -5168
-464 16176 -2032
-544 16224 1024
-288 16512 2976
288 16224 1872
800 15792 96
816 15840 144
816 15840 960
1104 16048 1488
1232 16144 1488
1104 16304 1680
656 16288 1456
336 16096 -48
160 15952 -1440
112 15968 -1632
288 16080 -1264
464 16176 -80
464 16320 1216
864 16320 1216
608 16432 2256
224 16256 1888
304 16112 560
80 16128 -320
304 16096 -1088
304 16096 -1376
496 15952 -1376
416 16064 -704
528 16128 -128
688 16208 -240
704 16224 -272
768 16224 256
768 16048 1408
768 16048 2192
896 16112 2192
1072 16208 1648
528 16112 512
128 16096 -432
144 16144 -1008
144 16240 -1024
224 16176 -448
224 16160 -304
576 16160 -352
336 16192 -352
512 16080 160
1008 15968 352
1120 16064 448
1056 16192 752
1056 16192 752
1040 16144 752
800 16160 736
576 16048 752
432 16064 1008
80 16288 1392
928 16192 1600
352 16160 -208
48 16016 -1712
48 16016 -1728
368 16160 -1728
1152 16272 -784
320 16240 240
144 16192 976
256 16176 1200
848 16112 -192
464 16096 -352
464 16480 -176
720 16080 256
576 16112 1424
96 16496 2000
368 16176 640
368 16080 -416
608 16080 -144
624 16144 -144
496 16080 480
-144 16112 16
144 16192 48
352 16192 496
816 16256 16
816 16096 -400
704 16096 -400
560 16064 -688
320 16176 -208
384 16240 -144
624 16272 224
688 16224 -48
688 15984 -320
688 15984 -320
656 16000 -256
592 16112 256
624 16144 736
560 16112 944
560 16112 784
704 16160 784
720 16064 544
672 16064 256
640 16144 -64
656 16144 96
656 16144 208
496 16096 208
384 16032 -96
528 16096 -368
384 16112 -320
576 16160 -512
576 16160 -32
640 16224 -32
640 16224 368
592 16256 800
688 16240 768
656 16208 624
656 16192 640
656 16192 432
576 16160 432
592 16192 352
560 16128 432
624 16176 400
624 16096 352
592 16096 352
624 16064 80
528 16016 224
656 16064 240
576 16144 144
576 16144 256
560 16208 -192
496 16192 -192
400 16112 -352
624 16096 -128
464 16128 80
464 16128 304
528 16176 304
688 16128 480
624 16144 336
608 16208 336
640 16176 560
640 16176 544
624 16176 208
576 16144 160
608 16208 160
480 16176 48
576 16064 -192
496 16240 -176
496 16208 -128
528 16208 -176
448 16208 -176
384 16240 -16
416 16144 112
464 16240 288
512 16224 384
368 16192 432
480 16112 240
480 16128 176
752 16128 272
688 16080 272
640 16112 320
624 16176 192
544 16160 32
528 16080 304
528 16096 272
496 16080 352
560 16080 256
624 16080 496
576 16096 496
576 16144 208
512 16112 96
736 16096 0
736 16096 336
752 16096 336
736 16048 256
624 16096 368
528 16176 304
480 16128 176
512 16112 224
464 16192 240
464 16176 496
576 16176 496
576 16128 304
608 16224 272
576 16128 192
496 16128 240
496 16128 256
464 16048 256
480 16128 64
624 16160 160
640 16176 432
496 16192 448
720 16224 544
672 16144 288
608 16144 288
544 16048 208
544 16096 400
528 16096 432
608 16128 368
608 16224 16
608 16256 272
544 16160 16
544 16160 16
608 16128 48
448 16144 32
480 16208 80
512 16176 400
512 16144 416
592 16144 544
656 16144 544
752 16080 384
672 16176 448
512 16144 304
592 16176 112
560 16144 -64
592 16080 0
592 16080 32
512 16176 32
528 16192 144
608 16112 240
560 16176 192
544 16176 224
544 16176 64
496 16096 64
608 16160 112
576 16192 112
592 16144 224
592 16128 432
512 16144 352
512 16144 528
576 16128 528
608 16080 640
720 16032 464
784 16064 400
672 16080 400
640 16112 320
656 16112 368
656 16112 544
640 16112 800
592 16064 800
672 16096 768
592 16048 576
576 16048 560
576 16160 544
560 16160 336
592 16144 336
336 16160 400
560 16144 400
496 16192 448
640 16192 144
528 16224 272
560 16160 192
576 16144 96
576 16144 336
576 16224 160
512 16176 160
464 16160 112
528 16080 560
496 16096 592
544 16048 448
528 16080 464
528 16176 336
512 16176 336
528 16144 144
640 16144 336
576 16160 400
560 16176 400
624 16224 448
624 16224 208
656 16128 208
592 16208 -32
720 16160 80
656 16208 32
672 16224 112
704 16224 32
704 16240 272
640 16240 272
464 16208 416
528 16128 288
560 16080 240
464 16048 352
720 16144 272
560 16176 448
608 16144 240
576 16144 432
528 16128 432
608 16208 96
656 16224 448
560 16160 448
560 16128 352
560 16128 256
512 16144 256
560 16112 80
336 16144 -16
592 16048 0
704 16112 128
608 16144 208
608 16112 288
512 16112 320
464 16160 320
528 16112 16
608 16080 112
304 16112 336
368 16176 496
368 16176 224
384 16192 368
416 16144 528
528 16144 528
640 16176 496
688 16112 400
576 16160 192
704 16160 96
640 16144 96
640 16192 96
608 16160 352
656 16096 288
592 16112 240
688 16080 96
688 16048 256
592 16048 352
640 16064 352
496 16064 416
528 16096 336
512 16112 448
512 16144 400
528 16144 400
624 16128 560
592 16192 416
656 16192 432
656 16112 240
416 16112 384
544 16144 240
544 16144 176
608 16144 336
608 16160 336
624 16176 64
640 16176 96
592 16160 160
592 16192 288
528 16192 16
592 16208 144
528 16192 208
624 16160 208
640 16176 272
560 16160 368
544 16160 160
544 16160 240
592 16160 352
448 16144 352
496 16192 336
496 16208 304
512 16176 384
528 16144 464
688 16112 336
576 16144 352
576 16144 400
592 16240 400
592 16224 320
800 16144 144
624 16208 304
624 16192 224
560 16192 384
576 16224 384
592 16160 240
720 16176 416
736 16208 384
592 16224 272
624 16208 320
624 16208 176
656 16256 176
528 16224 128
560 16208 144
576 16224 240
624 16224 240
624 16224 144
704 16208 144
576 16224 208
656 16208 208
592 16256 256
640 16176 208
624 16176 128
624 16144 288
576 16144 288
592 16128 160
544 16128 144
560 16112 288
688 16064 192
688 16144 208
656 16128 128
656 16192 256
528 16192 -80
608 16144 -80
592 16144 144
720 16160 224
688 16160 208
656 16192 224
656 16112 400
464 16112 400
544 16064 240
448 16176 224
512 16192 240
480 16128 320
464 16128 544
464 16096 256
608 16096 656
624 16080 656
544 16160 240
512 16096 128
528 16096 160
528 16096 272
560 16096 272
528 16128 240
592 16096 512
512 16112 512
464 16096 432
560 16096 320
592 16144 272
592 16144 432
624 16192 432
592 16144 336
640 16128 112
592 16080 144
736 16096 144
608 16144 432
688 16224 352
688 16176 272
704 16176 272
592 16144 432
544 16144 448
512 16096 304
512 16112 288
560 16112 432
624 16000 432
544 16032 528
560 16048 240
528 16080 368
480 16048 288
544 16080 512
544 16064 368
624 16128 528
560 16128 528
544 16128 64
560 16048 32
608 16112 368
496 16128 288
496 16144 208
592 16160 320
592 16176 352
640 16176 352
640 16176 432
640 16144 496
400 16128 400
400 16128 432
576 16128 272
608 16176 272
464 16144 112
624 16128 176
448 16192 224
400 16128 256
512 16096 144
512 16080 240
640 16080 240
720 16176 64
688 16192 96
672 16112 192
576 16096 240
576 16096 224
768 16064 224
784 16096 320
688 16160 256
784 16144 304
608 16224 304
704 16192 0
704 16192 192
576 16192 208
400 16080 208
480 16096 160
592 16032 176
656 16048 96
544 16064 176
544 16064 32
672 16192 192
544 16192 336
640 16192 336
736 16128 144
592 16160 416
512 16144 288
624 16128 144
592 16144 288
592 16192 256
512 16192 336
496 16128 336
624 16112 240
576 16128 368
544 16144 240
512 16064 240
592 16048 208
592 16048 384
656 16112 384
672 16112 336
640 16096 -96
480 16096 16
464 16096 144
464 16096 -208
480 16128 32
624 16128 240
576 16144 240
608 16128 640
560 16160 400
576 16128 416
576 16128 80
576 16128 48
544 16128 352
528 16064 352
560 16112 48
544 16160 48
544 16144 368
560 16144 304
544 16160 112
544 16160 160
608 16160 160
