startup(x,y,z):(592,16016,224)
-336 15792 -5552
48 16080 -5088
576 16176 -2384
416 16160 -128
-64 16160 1616
-64 16192 1440
112 16192 656
640 15920 656
592 15984 352
1376 16240 1136
1136 16256 1392
1136 16256 1408
800 16176 1408
688 16048 448
544 15920 -928
432 15968 -1264
432 16080 -704
368 16080 -704
400 16160 48
256 16272 1664
1440 16400 2656
1456 16192 1536
1456 16048 -672
832 16048 -2080
880 16048 -2080
592 16096 -1824
448 16048 -1008
368 16048 -96
368 16048 128
224 16128 128
608 16192 -272
528 16176 -176
752 16160 288
928 16096 1232
928 16096 2368
1024 16192 2368
1088 16128 1792
896 16016 400
544 16080 -512
544 16112 -368
416 16112 -1104
768 16176 -1104
432 16176 -768
544 16080 384
624 16128 -304
624 16272 -528
512 16272 -528
368 16208 144
464 16240 336
480 16208 368
544 16192 400
544 16192 256
544 16224 256
480 16288 112
528 16080 -192
688 16080 -288
688 16064 256
656 16064 864
576 16032 864
464 16144 1184
592 16256 896
688 16208 736
688 16176 288
560 16176 288
416 16208 96
528 16224 -208
560 16176 -352
400 16176 -576
400 16016 -768
464 16016 -768
512 16112 -720
368 16144 -160
432 16144 496
544 16224 816
544 16224 1248
608 16144 1248
720 16064 1472
784 15904 1072
752 16064 432
640 16048 80
640 16064 -512
512 16064 -512
512 16080 -96
528 16208 32
672 16144 320
656 16208 544
656 16208 608
528 16208 608
576 16160 384
496 16096 400
480 16080 128
560 16032 80
560 16112 96
576 16112 384
448 16128 384
448 16112 672
560 16080 928
688 16064 816
688 16128 816
640 16128 560
624 16128 576
544 16064 512
512 16048 368
512 16144 304
448 16144 48
448 16144 48
416 16112 -80
544 16144 -224
496 16144 -144
496 16128 176
528 16128 496
576 16144 496
576 16160 624
608 16112 592
592 16096 624
592 16096 336
560 16032 336
448 16080 160
480 16160 176
512 16096 224
512 16128 192
528 16128 416
576 16048 416
512 16096 352
512 16144 128
560 16064 80
560 16144 16
432 16144 16
464 16192 -80
384 16128 -32
416 16144 -32
416 16144 208
208 16144 176
592 16128 176
528 16080 304
432 16112 272
464 16112 288
464 16080 416
592 16080 416
656 16096 304
576 16096 -80
592 16096 -224
592 16016 -48
592 16016 -128
640 16096 -128
688 16016 -64
608 16128 256
576 16144 256
576 16112 672
688 16112 512
592 16080 512
592 16096 576
640 16112 352
736 16048 640
736 16096 320
720 16096 320
624 16128 144
560 16128 144
496 16080 -32
576 16064 160
576 16064 224
656 16080 224
608 16080 304
544 16144 288
512 16160 416
512 16224 288
560 16224 96
544 16192 96
480 16144 -144
448 16112 128
592 15984 144
560 16096 112
560 16096 448
544 16112 448
544 16144 464
688 16192 272
656 16176 336
576 16272 304
656 16224 352
464 16144 192
464 16208 64
512 16192 128
512 16160 128
704 16160 480
592 16096 480
368 16000 288
320 16096 432
320 16128 384
368 16112 480
432 16112 464
480 16192 464
352 16144 448
496 16064 256
464 16048 176
656 16096 272
592 16112 16
592 16112 304
592 16112 176
576 16112 176
560 16160 368
576 16112 320
640 16112 160
784 16176 256
784 16176 256
592 16096 272
592 16128 384
576 16128 512
576 16096 512
640 16224 448
736 16192 448
544 16160 352
624 16144 224
624 16144 320
576 16144 320
592 16080 272
576 16032 352
576 16096 288
608 16160 464
576 16176 208
576 16160 48
576 16160 304
592 16160 304
592 16080 416
672 16000 272
528 16000 192
656 16064 96
544 16160 240
416 16096 272
400 16096 400
384 16112 368
384 16112 608
400 16112 608
480 16032 336
592 16048 416
512 16048 112
480 16032 256
480 16032 256
448 16048 256
512 16096 80
528 16096 208
688 16128 288
640 16048 128
720 16096 48
720 16096 272
560 16096 112
656 16016 112
640 16048 272
560 16128 448
560 16096 448
528 16112 416
512 16112 144
512 16176 160
704 16176 192
704 16112 192
544 16064 272
464 16144 208
528 16128 32
512 16096 224
512 16096 208
656 16128 208
528 16208 176
512 16176 16
560 16144 272
736 16128 208
624 16144 208
624 16176 -80
656 16176 128
592 16144 128
624 16160 256
496 16112 256
496 16128 368
480 16064 304
576 16096 304
544 16080 128
496 16080 144
496 16144 320
464 16144 320
480 16192 464
448 16176 256
560 16080 288
560 16096 272
560 16080 176
528 16080 496
416 16080 496
496 16160 464
560 16096 320
752 16160 464
688 16192 240
688 16064 320
688 16080 224
672 16080 224
480 16080 224
528 16080 224
544 16064 256
592 16080 416
544 16096 320
624 16080 256
576 16032 304
576 16032 112
704 16080 112
496 16160 -96
576 16112 80
752 16160 272
752 16096 320
688 16000 224
592 16000 240
624 16000 240
576 16032 112
496 16112 64
528 16096 64
480 16112 256
512 16176 176
512 16192 544
560 16192 320
512 16192 320
688 16112 208
640 16048 320
576 16080 416
544 16096 320
560 16080 160
496 16144 336
528 16080 176
528 16080 256
672 16080 256
560 16096 272
656 16144 208
656 16176 272
768 16128 192
704 16096 288
704 16208 288
576 16208 304
528 16208 320
624 16208 128
528 16064 128
448 16048 784
-16 16080 208
80 16000 32
80 16048 144
48 16048 -32
16 16176 -32
48 16128 208
144 16112 416
240 16128 496
288 16016 224
448 16144 112
432 16096 192
432 16096 64
688 16096 64
384 16064 256
576 16016 160
608 16032 208
528 16080 -48
528 16128 160
496 16128 160
560 16176 320
592 16112 368
624 16096 368
576 16144 240
544 16160 112
512 16096 128
256 16160 288
496 16144 544
608 16080 384
592 16080 384
528 16112 416
560 16096 368
512 16096 256
544 16176 160
560 16208 288
560 16112 224
528 16112 224
832 16096 336
592 16112 224
768 16128 96
672 16160 304
672 16160 160
496 16128 256
544 16128 240
544 16128 448
560 16144 448
560 16112 144
400 16192 192
512 16192 160
512 16224 256
544 16144 368
608 16144 368
672 16000 256
544 16016 304
640 16064 320
576 16080 224
608 16096 272
624 16144 320
624 16144 304
464 16144 304
576 16128 256
736 16112 144
752 16112 256
768 16112 96
768 16112 320
624 16112 272
512 16192 224
512 16192 64
624 16144 64
592 16112 336
432 16160 464
608 16128 432
608 16080 352
592 16080 384
592 16080 336
480 16080 272
560 16096 272
608 16048 256
624 16048 272
720 16112 224
640 16112 304
592 16160 256
592 16112 192
576 16112 192
624 16096 112
608 16112 320
640 16192 464
576 16240 544
576 16224 304
544 16144 304
544 16160 288
528 16160 288
640 16112 48
672 16048 144
688 16192 224
688 16176 256
688 16176 -80
640 16112 -80
688 16080 112
672 16096 160
592 16144 80
608 16080 64
480 16224 144
496 16176 224
496 16176 560
704 16144 560
592 16128 464
656 16048 752
544 16064 464
576 16144 336
576 16128 80
640 16128 80
704 16096 192
784 16112 448
560 16112 448
368 16176 304
512 16176 144
560 16192 240
560 16096 192
480 16096 432
592 16080 480
416 16128 480
432 16192 464
528 16128 432
592 16096 320
608 16096 0
592 16096 112
592 16112 144
768 16112 144
640 16000 208
496 16112 128
576 16048 320
576 16112 96
576 16176 16
560 16176 224
464 16224 224
416 16208 112
464 16208 112
480 16128 144
528 16128 336
624 16176 448
624 16176 384
768 16176 384
640 16160 480
464 16160 176
512 16160 224
496 16160 336
592 16176 112
560 16080 544
528 16112 464
528 16112 592
560 16144 592
480 16112 544
464 16208 736
576 16192 624
544 16192 432
544 16144 384
544 16144 384
608 16192 320
512 16224 432
336 16144 416
368 16208 304
432 16256 368
432 16208 320
656 16208 400
640 16176 352
496 16144 96
544 16176 192
528 16144 112
576 16144 208
544 16144 304
528 16144 432
592 16144 384
592 16144 368
672 16160 368
768 16080 368
528 16096 368
848 16080 224
