startup(x,y,z):(592,16016,224)
3504 17008 8400
6240 16768 4208
2336 15664 -6256
1552 15872 -8784
752 16192 -5776
1600 16272 -1568
384 16176 2080
272 16512 3520
928 16240 1968
928 15888 -112
1568 15888 464
928 16064 464
1264 16176 896
1408 16288 1552
1136 16416 1968
1136 16528 1552
752 16528 -96
384 16240 -96
432 15888 -1712
528 16176 -1328
528 16096 -80
512 16096 -80
960 16112 1696
1056 16480 2928
880 16320 2656
1008 16240 1024
1008 16160 -432
736 16160 -1648
624 16128 -1648
528 15952 -1392
320 15984 -624
272 16208 -576
656 16272 -624
800 16192 -384
800 16112 432
688 16112 432
688 16144 1648
864 16336 2528
912 16352 2432
704 16256 1232
480 16176 176
448 16064 -352
384 16224 1152
-432 16400 1152
320 16336 672
752 16064 -1424
288 16000 -2544
288 16112 -1776
240 16112 -416
624 16256 944
496 16224 1472
576 16096 1408
608 16000 800
400 16016 352
432 16128 160
752 16192 336
752 16192 672
304 16240 672
1072 16304 1104
800 16240 1008
1136 16272 544
864 16128 576
624 16128 448
400 16208 192
608 16160 224
608 16240 -48
768 16240 -48
736 16208 -400
464 16144 -272
0 16160 -64
384 16112 32
384 16144 64
784 16144 544
752 16080 544
768 16144 112
704 16112 112
496 16112 112
800 16176 112
752 16064 304
752 16128 272
608 16128 -128
512 16176 -128
432 16064 -192
560 16128 -160
592 16144 64
608 16144 336
544 16192 416
496 16112 176
544 16160 32
544 16176 224
480 16176 208
544 16160 208
560 16176 240
704 16192 560
672 16160 496
688 16256 624
688 16256 656
640 16144 544
672 16080 272
672 16048 0
416 16048 -144
432 16096 -144
384 16112 48
416 16160 128
384 16112 192
416 16160 272
416 16176 320
608 16176 320
544 16224 224
512 16208 272
592 16144 272
624 16224 208
624 16144 320
640 16160 560
640 16144 432
672 16144 576
656 16144 576
640 16128 672
640 16240 288
416 16176 48
592 16224 224
480 16144 160
528 16176 256
528 16192 128
432 16192 128
592 16144 144
608 16096 544
528 16096 448
560 16160 656
640 16192 480
704 16160 512
592 16208 688
592 16160 800
592 16112 656
592 16112 544
688 16064 544
704 16160 512
704 16096 416
512 16128 144
464 16112 48
464 16128 144
592 16128 144
576 16128 192
592 16112 176
640 16064 352
560 16048 352
752 16128 496
720 16192 368
784 16176 496
784 16176 320
672 16176 64
672 16176 64
688 16128 -48
752 16080 -80
624 16144 64
624 16208 160
560 16128 208
576 16144 128
576 16144 304
592 16176 304
672 16192 224
704 16144 272
736 16176 32
736 16176 112
656 16128 288
640 16128 576
592 16128 448
720 16144 448
576 16160 352
544 16096 416
880 15856 272
880 15904 80
672 15904 192
192 16064 192
112 16256 -272
336 16192 16
336 16144 112
240 16128 224
384 16112 224
400 16144 -48
400 16096 288
528 16096 288
480 16176 416
640 16144 384
640 16144 400
640 16128 240
640 16128 368
496 16128 368
608 16160 80
704 16192 272
624 16144 272
608 16176 240
544 16192 -16
656 16096 240
656 16128 320
704 16128 448
560 16096 448
592 16112 352
640 16144 208
640 16144 304
592 16176 272
608 16144 208
656 16128 224
656 16112 256
496 16112 272
416 16160 272
528 16112 448
448 16128 416
592 16160 416
688 16128 320
688 16128 288
592 16160 288
704 16144 -48
592 16144 -48
592 16032 80
608 16080 160
528 16208 96
528 16176 320
576 16176 528
528 16080 528
736 16144 384
704 16208 64
800 16176 448
752 16064 224
752 16144 288
704 16128 384
704 16160 256
512 16160 256
592 16112 96
544 16128 64
608 16112 272
624 16112 96
624 16368 144
640 16144 144
464 16128 144
640 16192 -16
608 16128 256
608 16080 336
608 16128 528
432 16080 464
512 16096 400
512 16096 512
608 16176 512
672 16176 480
624 16144 400
592 16128 496
592 16144 192
608 16176 336
560 16096 304
624 16096 128
544 16240 128
576 16208 80
656 16192 80
576 16240 128
576 16112 112
544 16112 400
592 16032 352
768 16064 352
480 16048 336
560 16112 352
640 16032 304
624 16096 384
624 16160 160
624 16144 272
512 16144 272
528 16128 368
672 16176 224
576 16112 256
688 16192 400
656 16256 352
640 16128 336
528 16192 352
656 16176 288
656 16176 416
576 16128 416
576 16192 384
512 16208 432
400 16128 368
400 16144 608
432 16144 352
544 16016 192
496 16144 224
576 16144 224
352 16128 240
448 16080 400
496 16176 336
496 16128 176
480 16128 432
608 16176 416
576 16160 496
592 16240 336
688 16272 368
624 16176 464
608 16192 384
624 16160 368
624 16160 416
560 16064 416
544 16128 432
560 16128 384
560 16128 304
544 16112 432
544 16112 448
496 16208 448
544 16160 336
672 16192 256
624 16208 224
656 16112 144
608 16192 320
736 16192 384
736 16176 304
528 16176 304
496 16192 304
560 16128 384
640 16048 256
624 16128 224
528 16112 368
640 16176 320
688 16144 208
672 16176 240
672 16176 288
592 16240 288
544 16176 336
576 16160 48
608 16144 48
624 16112 192
624 16144 224
592 16144 0
560 16176 0
592 16208 272
576 16240 352
624 16240 352
624 16208 256
656 16240 528
672 16144 384
672 16160 336
544 16160 544
528 16176 544
656 16112 544
624 16128 336
576 16144 352
592 16192 320
592 16128 304
576 16112 368
576 16112 400
720 16176 400
720 16080 160
736 16112 368
768 16128 48
656 16128 160
656 16128 224
704 16096 208
592 16176 176
640 16176 192
656 16160 192
720 16096 256
656 16112 240
704 16224 192
704 16224 640
672 16160 640
576 16192 592
560 16128 368
544 16112 496
560 16208 192
544 16128 272
688 16128 288
672 16080 128
672 16080 256
672 16176 256
576 16160 528
512 16144 560
464 16080 672
432 16128 432
432 16128 512
624 16128 512
624 16112 336
592 16096 240
544 16160 288
688 16096 288
528 16128 352
544 16176 368
592 16128 288
592 16096 368
560 16096 368
560 16208 352
560 16032 320
704 16064 432
592 16128 400
656 16128 336
608 16144 416
608 16128 160
768 16128 96
688 16144 96
656 16176 64
608 16128 176
672 16208 144
560 16224 256
416 16176 320
400 16192 112
448 16192 480
480 16208 480
496 16128 400
480 16112 576
544 16128 368
544 16128 160
720 16160 384
640 16160 384
688 16112 384
592 16080 368
656 16144 256
608 16144 272
592 16096 416
704 16112 528
704 16128 368
624 16128 368
480 16176 368
368 16176 480
480 16176 432
640 16208 240
448 16208 224
448 16208 16
464 16128 192
608 16144 160
608 16240 240
560 16240 240
672 16160 288
624 16080 560
432 16080 368
576 16080 464
576 16000 560
560 16000 560
608 16048 416
624 16096 416
544 16112 192
480 16032 0
432 16144 336
512 16096 160
512 16096 144
496 16224 144
512 16160 -192
688 16144 96
704 16128 80
672 16080 176
672 16192 176
544 16128 64
464 16160 432
576 16160 432
512 16128 384
512 16160 336
640 16144 480
640 16144 416
608 16144 368
576 16176 368
672 16224 288
512 16192 320
368 16224 496
592 16240 400
560 16160 288
368 16144 336
528 16160 176
528 16160 0
592 16112 0
704 16144 -96
432 16256 144
608 16160 272
672 16112 256
672 16176 384
544 16160 368
576 16192 416
544 16192 352
608 16192 352
720 16096 240
656 16160 192
656 16128 224
688 16128 208
688 16160 304
624 16160 576
624 16080 576
592 16080 400
576 16128 480
480 16192 384
448 16256 496
752 16176 256
752 16112 80
800 16112 80
848 16128 -48
720 16176 -48
560 16160 112
640 16112 144
640 16128 176
816 16128 128
592 16144 -48
592 16144 112
624 16112 112
752 16144 272
512 16176 256
608 16176 112
608 16064 176
640 16064 176
560 16208 64
608 16208 256
576 16112 560
576 16096 592
624 16096 528
592 16128 240
608 16176 176
608 16176 208
608 16144 208
704 16160 96
656 16144 144
576 16160 80
512 16128 96
512 16192 144
