startup(x,y,z):(576,16208,-48)
-704 16080 832
128 15936 1664
-320 15648 1760
816 16080 -1264
1952 16128 -576
272 16048 912
-144 16192 1392
912 16032 528
480 16208 -1152
320 16128 -1040
816 16176 -336
624 16304 -336
800 16240 -592
-48 16192 480
16 16144 1024
560 16192 256
896 16176 128
464 16208 160
368 16240 432
400 16256 320
544 16176 368
176 16240 224
448 16272 48
528 16352 -400
704 16288 -736
736 16288 -736
272 16208 -256
208 16176 256
640 16112 464
688 16112 512
736 16128 432
464 16160 560
304 16240 688
800 16256 -144
1632 16192 -64
160 16192 160
-32 16128 192
-48 16160 432
336 16224 128
784 16240 -560
384 16272 -496
240 16224 -256
400 16192 16
624 16144 160
560 16240 496
464 16272 688
336 16256 688
480 16208 256
512 16144 0
336 16192 64
176 16240 384
192 16224 272
368 16176 80
320 16224 32
512 16256 -208
592 16240 -368
576 16336 -416
464 16256 -224
400 16256 128
352 16176 240
496 16192 176
512 16176 160
464 16224 192
416 16240 160
352 16240 336
368 16240 320
432 16256 208
336 16240 32
464 16192 -48
464 16160 -112
560 16160 -64
384 16224 -96
336 16256 32
432 16176 112
528 16192 304
496 16208 320
560 16208 352
576 16096 480
336 16160 304
448 16224 384
432 16272 304
384 16240 320
336 16336 272
320 16352 16
368 16288 -192
416 16112 -32
464 16128 -144
464 16176 64
320 16208 272
368 16208 432
592 16304 144
544 16288 192
480 16256 224
464 16192 160
528 16176 16
512 16192 16
528 16208 160
336 16256 -16
352 16240 32
464 16224 -416
496 16160 -224
400 16176 -64
400 16224 32
464 16224 32
512 16288 144
400 16224 160
576 16240 -112
512 16208 80
512 16176 208
464 16192 144
544 16176 192
496 16112 64
480 16224 96
464 16240 16
496 16224 -192
496 16256 -128
384 16256 112
496 16256 128
512 16224 160
528 16112 80
384 16176 96
400 16208 64
464 16176 112
448 16160 144
416 16192 -64
496 16192 96
528 16144 96
384 16208 112
432 16256 96
448 16208 96
368 16208 48
368 16224 208
512 16240 208
608 16288 176
656 16192 96
480 16128 224
432 16256 112
304 16256 32
288 16224 176
416 16160 144
432 16112 208
384 16160 256
416 16112 176
464 16160 160
464 16096 -96
432 16160 -32
608 16192 112
576 16144 288
496 16192 192
512 16224 144
368 16160 272
400 16240 272
640 16224 400
576 16304 160
464 16240 144
448 16240 160
464 16240 160
544 16224 -32
480 16288 80
416 16256 -48
352 16288 -64
336 16256 -32
400 16240 160
512 16240 320
496 16160 304
384 16128 176
640 16192 224
656 16208 -48
544 16256 -112
464 16272 -192
496 16256 224
448 16176 80
416 16176 112
560 16208 -64
480 16224 -80
432 16240 -176
1568 14288 -9264
-176 16240 -400
-4064 15184 3312
-2528 15040 -1232
-960 15856 -1232
4608 12016 -14640
1808 12272 4256
-12432 17168 14416
-368 13296 -2688
-14624 14880 1984
-3344 14720 4000
6704 15056 -1968
13856 16000 -2096
6672 15616 2080
-1888 16640 7984
5680 16976 240
1600 16320 1824
128 15616 208
-704 16240 -2096
-1360 16384 -5056
-2608 15888 -5952
-3968 16224 -2976
-1504 16096 -2688
-976 16528 -2048
880 16272 -3392
256 16304 -1984
688 16064 -2080
1648 16000 -3040
1936 16016 -1936
2224 16400 368
992 16304 2224
768 16016 3152
320 16208 3008
-416 16208 3200
-864 16096 3712
-240 16064 3008
-64 16144 2032
416 16112 2272
832 16144 1248
1104 16304 160
688 16256 -512
448 16192 -1136
352 16176 -1280
320 16128 -1232
96 16096 -784
0 16272 -320
336 16288 -592
656 16272 -1280
656 16256 -1056
688 16224 -992
1072 16176 -704
736 16144 272
752 16128 496
384 16224 912
160 16256 704
-32 16272 800
-112 16288 928
112 16240 576
608 16176 752
608 16224 656
944 16192 336
848 16192 112
752 16112 -32
608 16192 -384
416 16208 -272
304 16160 -256
464 16176 -256
544 16208 -352
528 16176 -48
688 16176 208
560 16144 384
784 16304 432
608 16288 464
448 16272 272
480 16256 384
304 16272 192
416 16208 -128
352 16112 -144
480 16160 -128
528 16304 -192
