startup(x,y,z):(688,16160,176)
-2176 18080 -3600
-1904 16896 -4816
144 16880 -2896
0 16880 -432
1488 17056 -432
2224 16176 1024
2176 17152 1088
1632 16400 -192
1296 15680 -592
1488 15744 -1440
1488 16032 -1184
912 16032 -1184
928 16096 -416
576 16368 -400
176 16320 -96
-96 16064 256
-96 15984 0
32 15984 -1280
368 16064 -1232
448 16176 -1296
-16 16032 -2032
-16 15968 -544
-16 16112 -176
-16 16112 928
512 16064 1104
864 16192 1104
992 16416 1424
800 16352 1120
688 15856 640
688 15792 752
864 15792 1664
1040 16208 1664
768 16032 272
1104 15920 -1424
624 15968 -2944
624 16288 -2560
480 16288 -2560
464 16176 -1872
64 16048 -784
352 16144 624
256 16032 1024
256 16016 800
512 16016 656
1040 15888 656
1136 16064 528
1152 16272 1296
960 16256 656
960 16192 160
880 16192 -576
864 16192 -576
960 16144 -192
976 16240 704
976 16256 544
944 16256 496
720 16176 496
768 16144 416
736 16096 -64
480 16160 288
736 16128 320
512 16128 112
576 16048 112
672 16144 0
736 16240 -416
864 16208 -256
688 16176 -96
688 16224 320
640 16224 400
672 16128 368
736 16128 272
848 16128 272
560 16096 240
752 16096 48
656 16176 -80
656 16144 -272
528 16160 -304
704 16160 -304
288 16224 -80
288 16272 -16
96 16192 160
208 16128 64
480 16128 64
544 16144 16
512 16144 16
544 16096 96
544 16096 80
480 16128 80
592 16080 -48
560 16048 64
720 16096 240
768 16096 192
768 16112 224
640 16112 224
640 16112 352
688 16128 144
624 16192 -48
688 16176 -128
688 16176 -176
752 16144 -176
736 16160 -192
720 16160 -224
720 16160 96
672 16112 304
672 16112 768
720 16112 768
640 16048 768
608 16096 768
784 16048 528
704 16112 336
704 16176 48
720 16176 48
720 16240 -368
832 16144 -176
768 16128 -256
832 16176 -48
832 16112 496
800 16112 432
912 16144 432
880 16208 688
928 16176 432
784 16160 272
784 16096 144
688 16096 144
688 16112 -160
656 16144 -288
704 16096 -64
608 16224 -80
608 16224 -80
704 16192 -80
816 16192 -224
736 16176 96
800 16240 304
800 16144 432
688 16144 160
672 16128 160
688 16128 80
656 16160 -240
768 16208 -256
704 16176 -16
704 16176 -32
720 16192 -32
704 16176 416
576 16176 384
608 16272 160
688 16176 -80
688 16176 64
704 16272 64
736 16272 128
752 16240 -160
768 16256 -192
608 16192 144
608 16240 208
864 16240 144
784 16256 144
832 16240 240
592 16224 320
832 16256 208
832 16192 32
672 16192 -32
560 16240 -32
720 16160 224
768 16208 288
800 16096 288
800 16192 256
736 16192 192
752 16144 192
768 16224 352
752 16176 288
864 16192 448
864 16192 432
864 16112 480
800 16064 544
912 16032 272
864 16144 128
864 16176 496
864 16176 512
800 16176 512
800 16240 256
656 16208 224
768 16224 256
768 16224 112
752 16176 112
528 16096 64
704 16160 -64
688 16192 48
688 16224 -16
848 16224 -288
944 16192 -288
928 16144 -64
816 16144 0
736 16176 176
736 16160 176
608 16160 176
672 16240 128
704 16192 -32
800 16176 -48
768 16192 240
768 16192 400
752 16256 400
720 16224 320
720 16128 160
544 16176 -16
672 16224 80
672 16224 -288
688 16224 -288
448 16224 -64
512 16144 48
640 16144 -224
512 16128 -32
512 16128 96
576 16144 96
560 16224 288
576 16256 384
768 16160 320
752 16192 272
752 16256 144
720 16256 80
816 16128 80
736 16128 80
624 16144 -64
688 16192 192
688 16160 112
688 16160 176
608 16192 176
608 16208 144
560 16208 128
672 16208 176
672 16192 272
560 16192 384
704 16160 384
752 16080 432
640 16224 304
704 16208 144
704 16192 112
704 16192 160
672 16160 160
672 16096 112
688 16176 144
896 16144 176
896 16144 176
752 16144 432
672 16080 432
576 16224 432
528 16224 352
576 16176 288
576 16176 336
672 16192 336
688 16160 256
752 16096 48
672 16128 96
672 16080 96
480 16096 256
640 16064 288
688 16144 320
608 16128 192
608 16160 144
528 16144 288
656 16144 288
656 16128 160
560 16080 160
512 16160 272
592 16128 304
624 16144 -64
672 16192 -80
672 16192 80
704 16144 80
688 16096 208
928 16192 64
768 16160 224
800 16160 160
800 16160 96
752 16208 96
880 16160 176
928 16208 176
944 16240 240
800 16256 304
688 16224 224
784 16160 192
784 16160 272
784 16080 272
736 16096 144
752 16112 -32
736 16144 -80
800 16176 0
736 16192 112
768 16192 112
768 16160 -16
816 16160 -16
864 16176 128
688 16208 64
736 16192 -16
736 16176 48
592 16176 96
752 16176 96
784 16256 240
832 16224 240
816 16192 -128
912 16160 -48
928 16192 224
800 16192 128
800 16192 400
704 16192 304
688 16192 304
704 16112 304
656 16128 400
736 16192 368
672 16240 224
576 16192 64
656 16176 144
656 16144 160
736 16144 160
720 16112 192
656 16160 208
720 16192 336
656 16160 288
656 16128 256
688 16128 304
656 16112 352
704 16160 368
704 16160 -144
704 16160 -96
640 16160 -160
720 16144 128
736 16160 0
736 16160 304
816 16160 304
752 16144 304
880 16224 96
800 16128 144
720 16128 256
592 16128 224
656 16192 416
736 16224 0
736 16224 192
592 16176 192
656 16176 480
800 16144 320
736 16080 416
736 16144 304
624 16144 480
608 16112 96
704 16208 128
800 16208 128
832 16128 240
560 16080 384
544 16160 160
688 16224 240
816 16272 192
816 16160 96
848 16160 64
736 16192 64
624 16128 96
544 16144 144
608 16176 192
880 16224 112
736 16224 112
736 16208 208
784 16208 208
688 16160 272
672 16160 256
704 16080 96
800 16192 -128
544 16224 -96
672 16224 -224
560 16208 0
704 16208 320
688 16096 320
752 16176 160
640 16128 288
672 16144 336
672 16192 288
800 16192 320
720 16192 320
624 16128 128
672 16192 48
624 16160 176
656 16144 304
640 16144 176
624 16176 176
624 16176 320
656 16224 320
608 16144 80
624 16160 96
672 16208 48
752 16160 304
752 16160 336
752 16144 400
672 16128 160
720 16192 112
720 16192 112
752 16176 160
816 16288 320
736 16208 96
736 16288 192
704 16288 -32
800 16336 -32
896 16192 80
768 16208 368
640 16160 304
720 16160 192
720 16224 32
704 16224 32
592 16272 -80
640 16208 -208
496 16176 64
496 16112 208
768 16096 144
576 16144 224
544 16176 112
512 16256 64
640 16224 96
640 16224 80
640 16240 80
672 16208 48
720 16160 304
736 16144 336
736 16096 192
672 16096 192
560 16208 240
624 16224 256
752 16192 240
576 16240 224
576 16224 144
656 16224 64
736 16256 64
736 16176 0
720 16176 -32
768 16128 -160
768 16128 176
688 16224 176
704 16176 208
656 16112 256
656 16112 288
464 16128 192
464 16080 160
736 16080 -64
736 16128 -64
640 16128 -48
656 16096 -16
672 16016 336
672 16016 192
640 16016 192
736 16112 208
752 16144 176
864 16160 32
672 16208 208
672 16256 192
704 16256 224
640 16240 224
832 16160 240
752 16112 192
800 16176 224
800 16176 304
800 16176 304
672 16256 -64
736 16192 -96
752 16096 144
576 16096 256
576 16064 272
624 16064 272
656 16144 272
688 16144 96
784 16176 -64
768 16144 -96
768 16144 -192
880 16192 -192
800 16112 0
688 16160 48
752 16176 -32
752 16208 -64
720 16208 128
720 16256 128
704 16224 112
656 16272 224
544 16240 288
624 16224 240
624 16224 448
608 16256 448
624 16192 528
640 16176 464
752 16224 144
736 16144 64
736 16144 416
800 16144 416
848 16192 176
912 16240 128
768 16224 240
784 16208 256
784 16208 368
768 16192 368
736 16224 80
640 16224 224
608 16224 0
672 16256 48
672 16256 176
624 16176 176
608 16176 160
864 16160 16
928 16192 64
736 16192 112
736 16192 224
672 16080 224
416 16144 288
640 16112 128
640 16080 80
640 16144 304
672 16144 320
688 16112 320
752 16240 208
752 16208 160
832 16192 192
832 16144 240
704 16144 240
