startup(x,y,z):(704,16128,176)
-448 16256 -4048
-1104 17088 2400
144 16432 2400
736 16288 4752
640 15808 3312
928 16240 1472
928 16320 -448
624 16320 -1952
864 16208 -1952
928 16256 -1888
1120 16112 -592
1008 16080 -48
720 16192 608
720 16176 720
720 16176 720
944 16128 64
768 16224 288
768 16336 608
720 16304 496
720 16304 448
736 16240 448
880 16144 208
672 16080 -48
832 16064 224
816 16048 480
816 16048 720
752 15984 720
720 16064 384
640 16032 368
688 16112 608
688 16080 640
688 16080 352
512 15952 352
848 16000 1040
656 16240 1424
1216 16128 432
1616 16192 -608
1184 16272 -1408
1184 16208 -1344
1040 16208 -496
1136 16224 -496
976 16096 112
928 16064 576
816 16080 944
816 16032 1184
800 16032 1184
720 15936 416
768 16000 -176
800 16080 -208
704 16176 -144
704 16176 -304
560 16112 -304
640 16096 -576
768 16128 -368
848 16096 288
800 16144 464
800 16144 496
784 16144 496
704 16272 208
720 16208 32
624 16160 16
544 16144 240
768 16160 400
768 16160 -32
592 16208 -192
672 16144 -192
720 16176 -432
688 16192 -304
720 16160 -64
720 16160 -32
736 16160 -32
720 16192 -16
656 16256 -240
720 16144 -176
672 16176 -64
672 16224 -128
832 16224 -112
608 16160 -112
560 16224 176
496 16112 368
560 16144 544
560 16112 512
624 16112 512
800 16144 480
800 16176 224
720 16224 176
688 16208 -48
688 16176 16
816 16160 144
816 16160 144
784 16176 144
592 16192 96
752 16208 -16
752 16224 240
640 16224 256
800 16192 256
800 16176 336
800 16208 176
624 16160 80
528 16144 0
528 16144 -144
640 16144 -144
688 16160 48
528 16160 48
528 16112 336
688 16176 224
688 16176 192
688 16176 192
464 16240 256
608 16224 256
736 16208 240
720 16208 400
768 16240 272
768 16144 256
624 16144 128
576 16128 128
688 16112 240
608 16192 144
608 16192 224
768 16176 304
544 16208 304
672 16192 352
576 16240 96
752 16240 -64
816 16240 -224
816 16240 -64
736 16208 -64
576 16192 272
720 16160 32
720 16160 -64
720 16160 -176
704 16160 -96
624 16208 -96
480 16192 64
704 16160 112
608 16160 160
592 16176 0
592 16128 48
720 16128 48
720 16176 -160
592 16208 -224
688 16160 -256
688 16144 -176
624 16144 48
576 16192 48
656 16080 144
640 16160 -48
608 16112 336
576 16192 352
576 16144 192
688 16144 192
672 16112 224
688 16096 128
624 16016 208
672 16096 384
672 16096 528
704 16096 256
640 16112 256
672 16160 224
720 16160 304
816 16128 128
704 16144 80
704 16176 -16
912 16176 -16
768 16160 -32
752 16240 -112
848 16224 16
848 16096 80
864 16128 464
800 16128 464
688 16160 224
800 16176 368
800 16160 320
560 16128 272
560 16192 192
672 16192 192
656 16176 -128
912 16176 -48
800 16096 272
736 16112 240
736 16096 96
704 16096 144
864 16128 144
768 16144 224
656 16192 128
576 16208 208
656 16160 160
656 16160 224
720 16144 224
736 16240 272
832 16272 400
832 16256 272
720 16176 304
720 16240 160
816 16240 192
880 16240 192
816 16256 288
768 16224 256
832 16224 416
704 16192 -32
704 16192 80
704 16112 80
640 16192 128
656 16112 256
704 16192 272
544 16144 432
688 16080 384
688 16080 96
592 16144 288
672 16144 240
672 16144 208
688 16192 208
672 16224 352
608 16080 256
592 16096 208
592 16176 160
672 16176 -48
816 16160 -48
736 16192 -320
688 16160 -96
704 16208 304
592 16192 272
592 16192 288
720 16112 288
688 16208 224
848 16176 128
784 16160 -64
784 16160 112
736 16160 192
720 16256 192
608 16208 112
496 16208 240
496 16208 96
608 16224 192
608 16224 336
560 16256 336
672 16240 192
656 16288 272
656 16224 176
672 16224 432
768 16128 432
752 16176 304
720 16144 64
688 16192 176
768 16288 48
768 16160 32
736 16160 32
576 16208 32
624 16176 336
736 16240 112
688 16352 80
688 16192 -64
672 16192 352
624 16176 352
720 16080 256
688 16112 368
672 16192 160
672 16144 128
768 16144 128
736 16208 64
720 16160 352
656 16160 240
688 16128 256
688 16192 48
704 16192 240
752 16144 240
704 16192 144
720 16160 64
848 16128 -112
848 16176 64
832 16176 64
640 16224 96
688 16192 16
768 16160 -48
704 16176 176
704 16224 32
704 16224 32
672 16144 192
608 16240 320
704 16256 272
672 16192 32
672 16208 48
624 16208 160
688 16240 160
784 16192 192
800 16208 -32
688 16272 32
688 16176 -64
704 16176 176
528 16176 176
624 16272 288
640 16224 416
640 16192 384
640 16224 240
768 16224 128
704 16160 128
704 16144 224
656 16192 384
656 16144 432
656 16176 144
624 16176 144
672 16176 144
752 16208 224
736 16272 -16
720 16192 112
720 16176 96
720 16176 -48
656 16208 -48
752 16176 -96
832 16112 256
704 16112 336
704 16128 208
592 16128 128
656 16192 128
640 16192 48
688 16272 144
864 16240 80
752 16192 96
752 16192 240
768 16240 240
720 16272 240
800 16256 384
928 16224 176
816 16176 160
816 16112 368
736 16112 640
720 16160 640
752 16160 416
688 16128 320
704 16144 256
688 16160 192
688 16160 336
784 16192 336
704 16208 288
528 16240 320
800 16256 256
800 16256 160
752 16256 112
576 16192 112
624 16208 0
592 16224 160
736 16144 -160
672 16112 -32
672 16112 -32
640 16176 -32
464 16208 96
608 16128 160
720 16144 -80
720 16160 32
720 16160 -16
624 16160 80
672 16128 80
768 16112 48
704 16128 -48
688 16224 32
688 16224 48
848 16224 48
896 16272 96
880 16224 208
816 16192 240
752 16096 240
752 16096 192
784 16128 192
768 16064 160
784 16064 64
592 16080 208
624 16176 -48
624 15920 -16
656 16112 -16
512 16160 144
640 16192 64
720 16176 96
672 16304 256
672 16288 -96
656 16288 -96
736 16304 368
784 16224 464
736 16144 304
688 16224 192
688 16272 144
640 16272 -128
784 16256 -128
752 16240 176
896 16224 112
784 16256 128
816 16224 256
816 16224 240
672 16176 240
768 16144 160
736 16208 192
656 16208 48
656 16256 128
656 16256 -304
688 16224 -304
640 16144 16
704 16128 48
736 16112 16
752 16208 0
752 16208 128
752 16176 128
704 16192 352
672 16080 272
688 16192 368
720 16176 240
720 16176 416
720 16176 416
736 16256 272
752 16272 224
688 16288 304
688 16272 304
640 16272 304
608 16208 304
656 16192 192
640 16192 368
576 16224 256
720 16224 192
720 16224 64
608 16176 64
608 16128 256
800 16208 160
688 16208 80
720 16192 368
720 16160 384
736 16160 384
512 16160 352
528 16144 256
720 16176 112
544 16208 224
544 16208 128
720 16192 128
432 16160 96
608 16176 -32
352 16160 304
736 16176 240
736 16224 16
720 16224 16
736 16240 48
640 16256 112
736 16192 128
768 16160 176
768 16192 208
752 16192 192
768 16160 192
816 16128 144
736 16160 0
672 16128 64
672 16176 96
624 16176 96
592 16272 96
528 16176 96
704 16176 0
848 16224 144
848 16192 64
848 16192 192
672 16160 192
688 16112 160
640 16144 112
592 16176 192
608 16256 240
608 16256 352
688 16192 352
624 16080 304
752 16128 208
560 16144 256
560 16192 192
720 16192 304
672 16160 304
784 16176 416
848 16208 160
1040 16112 32
1024 16192 64
1024 16192 176
736 16240 176
736 16320 192
768 16176 32
640 16112 208
640 16096 112
736 16096 160
752 16144 160
496 16224 -48
544 16208 -144
608 16224 48
608 16224 -240
704 16256 -240
656 16176 48
688 16208 256
624 16176 192
624 16192 400
560 16192 496
592 16112 496
752 16144 224
896 16096 -112
832 16160 -160
672 16096 304
672 16128 -48
704 16128 -48
608 16272 -112
672 16240 -48
784 16224 -192
704 16192 144
704 16192 -272
784 16240 -272
896 16192 176
704 16208 448
656 16192 224
656 16240 128
704 16240 32
576 16240 32
656 16192 32
704 16224 352
720 16144 368
720 16112 320
