startup(x,y,z):(688,16160,176)
-3152 17104 -4608
-3120 15936 -4096
-3520 15952 -3200
-2208 15904 -544
-2208 15904 -32
-96 15376 -32
2016 15856 -160
2464 15856 -736
816 16000 -1120
-496 15968 -1760
-496 16000 -720
-160 16000 -720
448 15760 -528
496 16000 -160
288 16000 240
272 15952 64
272 15856 -192
560 15856 -192
768 15920 -336
832 15872 -240
672 16032 -96
752 16144 -192
896 16192 -1440
896 16224 -1184
816 16224 -1600
176 16080 -1600
528 16096 -416
80 16096 464
544 16288 1200
688 15968 1040
688 15968 960
960 15824 960
1120 15952 928
1264 16400 560
1072 16224 -48
944 15920 -496
784 16064 -544
784 16064 -784
992 16240 -784
880 16064 -400
1024 16048 272
624 16080 512
624 16160 -192
320 16016 -832
272 16016 -832
624 16240 -752
832 16144 -224
720 16144 32
720 16128 448
816 16128 576
656 16112 576
656 16096 736
672 16112 784
784 16112 336
784 16096 160
832 16096 160
800 16240 -432
640 16176 -480
688 16128 -560
800 16128 -16
800 16128 272
800 16128 272
656 16160 448
624 16128 96
512 16176 -16
688 16256 -176
688 16256 -64
736 16144 -32
848 16144 -32
672 16144 240
768 16208 320
592 16256 304
624 16224 416
624 16224 416
656 16240 416
672 16256 112
816 16304 -16
832 16144 96
832 16192 112
896 16240 224
704 16240 224
624 16320 336
784 16192 368
736 16240 128
752 16176 256
752 16208 192
752 16208 128
768 16224 128
896 16176 80
848 16208 64
768 16192 128
768 16144 288
768 16144 608
640 16112 608
672 16032 512
560 16096 -48
784 16096 -528
576 16208 -304
576 16192 64
480 16192 64
656 16144 192
640 16160 480
608 16160 192
624 16224 560
624 16256 352
656 16256 240
720 16224 240
720 16144 112
720 16144 400
816 16144 320
816 16224 512
736 16224 512
448 16176 464
656 16240 336
720 16288 48
672 16208 -32
672 16240 16
704 16240 16
736 16240 240
720 16208 272
816 16192 208
720 16160 192
720 16160 240
736 16128 240
768 16192 320
768 16192 384
880 16128 -48
816 16192 -16
816 16176 144
752 16176 144
752 16272 80
720 16144 112
752 16080 160
688 16192 160
688 16192 304
752 16144 304
832 16128 320
704 16240 304
640 16272 352
640 16208 192
672 16288 208
624 16288 208
720 16240 240
736 16240 368
544 16112 416
592 16176 384
592 16144 528
688 16144 480
784 16160 480
848 16048 176
688 16128 288
752 16128 336
816 16112 352
816 16112 272
688 16208 272
592 16160 208
736 16160 144
576 16224 80
528 16256 0
528 16256 224
560 16144 224
496 16128 208
656 16112 336
560 16080 160
576 16128 128
576 16128 32
704 16176 16
720 16272 64
704 16256 80
640 16176 192
656 16144 32
656 16144 -48
592 16224 -48
848 16144 112
784 16192 144
640 16128 192
864 16096 144
720 16096 192
720 16096 48
704 16160 48
640 16112 80
656 16160 32
704 16064 160
704 16064 0
800 16064 224
752 16112 224
656 16080 -128
544 16080 -128
544 16048 112
576 16128 128
576 16128 224
672 16064 320
720 16128 320
800 16064 48
816 16096 192
672 16064 224
672 16064 320
752 16144 320
800 16128 208
816 16160 208
768 16144 352
736 16176 320
736 16208 352
656 16208 96
672 16128 112
720 16112 256
800 16160 -160
624 16144 -128
624 16080 48
672 16080 48
656 16128 400
656 16160 272
720 16096 176
624 16144 448
624 16144 272
592 16144 -48
592 16224 -48
624 16208 128
688 16128 128
720 16112 160
720 16112 48
688 16128 48
704 16128 128
816 16080 112
896 16128 144
848 16128 128
848 16080 -16
752 16080 -16
768 16096 272
736 16144 -48
640 16192 -48
720 16128 176
720 16128 48
752 16144 48
720 16176 48
832 16096 176
736 16096 192
736 16096 256
464 16096 304
608 16048 304
576 16096 320
752 16160 160
736 16160 480
736 16144 304
720 16144 304
752 16128 384
752 16064 176
752 16064 320
688 16160 272
688 16160 64
896 16128 64
784 16112 368
864 16160 80
784 16160 32
720 16080 240
720 16080 16
720 16096 16
720 16064 240
688 16064 96
704 16096 80
688 16128 224
688 16128 -16
608 16048 -16
704 16096 32
768 16080 64
880 16064 -32
816 16176 -320
816 16176 -416
624 16176 -416
560 16208 -224
640 16192 -32
704 16208 144
672 16192 160
672 16128 208
784 16128 208
720 16128 144
608 16144 416
768 16240 256
528 16240 272
528 16240 336
576 16192 336
656 16160 144
832 16160 112
944 16160 96
944 16112 64
880 16112 224
768 16112 224
816 16128 96
672 16208 272
560 16208 320
560 16192 192
704 16192 192
688 16192 192
800 16128 208
624 16192 96
720 16224 96
720 16224 32
848 16224 32
784 16080 288
768 16112 208
752 16144 320
784 16080 80
784 16224 112
688 16224 -80
944 16176 -80
928 16192 48
736 16256 96
736 16224 176
688 16224 160
656 16208 160
640 16160 288
912 16080 112
800 16160 128
816 16160 176
816 16160 224
624 16144 224
624 16160 128
784 16240 80
864 16128 272
864 16080 448
720 16128 544
784 16128 544
736 16176 304
672 16208 304
592 16128 240
672 16144 368
672 16144 64
624 16192 64
640 16160 112
560 16176 288
656 16224 80
656 16160 144
704 16160 112
608 16208 112
672 16176 160
704 16256 224
720 16288 80
512 16224 80
512 16192 192
592 16192 192
624 16144 176
640 16160 96
640 16144 64
480 16192 32
480 16144 128
640 16144 144
656 16160 144
672 16128 16
656 16240 80
688 16112 144
688 16160 32
624 16160 128
656 16240 128
512 16240 192
736 16288 32
752 16256 256
752 16256 480
736 16224 320
832 16160 320
720 16144 352
736 16144 352
704 16256 208
704 16224 -192
672 16224 -192
752 16272 -224
784 16272 48
832 16176 192
800 16160 176
800 16160 160
688 16208 160
624 16208 -80
816 16224 -64
704 16160 240
768 16176 272
768 16144 144
704 16144 144
784 16128 32
736 16144 32
896 16208 -32
896 16192 16
720 16192 16
544 16208 96
592 16160 160
784 16144 304
784 16224 272
784 16240 336
832 16240 176
848 16208 176
992 16160 128
768 16192 352
704 16208 208
704 16208 336
496 16176 336
704 16208 384
704 16192 256
784 16192 128
736 16160 48
736 16160 112
528 16160 112
704 16080 160
752 16112 272
672 16176 272
800 16144 176
672 16160 160
624 16272 288
624 16208 304
784 16208 224
880 16208 224
784 16160 128
768 16144 16
768 16128 144
656 16128 304
768 16112 304
720 16160 432
736 16128 256
720 16112 64
720 16112 64
704 16096 384
816 16096 384
688 16128 256
624 16128 64
608 16208 48
576 16272 160
576 16272 320
672 16176 320
688 16192 416
640 16176 256
768 16192 224
768 16128 128
816 16096 112
784 16096 112
688 16192 192
640 16208 80
640 16288 -64
672 16272 32
672 16240 160
688 16240 160
720 16128 528
672 16272 448
704 16224 368
704 16160 240
656 16160 208
608 16096 208
592 16064 288
656 16144 160
752 16176 64
704 16240 0
704 16240 -80
768 16256 -80
608 16240 144
528 16256 0
480 16144 272
480 16144 528
688 16064 16
880 16112 240
624 16160 320
640 16144 -16
672 16160 64
672 16160 128
688 16160 128
656 16224 160
672 16128 208
640 16144 368
672 16208 336
672 16208 304
816 16176 304
720 16160 256
656 16320 160
704 16176 192
736 16112 176
736 16176 192
672 16176 192
832 16160 48
736 16160 128
720 16224 96
720 16224 256
592 16224 32
720 16288 32
736 16176 64
688 16192 480
720 16160 48
720 16144 128
752 16144 -32
704 16192 -32
800 16224 -160
768 16160 -96
688 16064 208
688 16112 144
800 16112 144
752 16224 -144
752 16112 112
640 16080 272
720 16160 352
720 16096 240
624 16096 240
400 16224 368
576 16192 464
592 16128 496
576 16240 320
576 16256 -96
592 16256 112
656 16144 112
592 16176 288
736 16112 304
608 16144 48
608 16128 176
720 16128 368
736 16160 368
784 16112 416
832 16128 336
656 16080 272
656 16112 144
