startup(x,y,z):(-320,16160,160)
3888 17184 7072
-1008 15936 2016
-7664 16048 832
-4064 16928 7392
-4400 16816 -9472
-9904 16928 -9472
-7536 15840 1632
-3392 16256 48
-4672 15856 -3136
-3296 15264 144
-128 17056 -560
-128 17056 672
208 17024 672
-352 16720 -640
2000 16320 3296
1920 15936 -320
1920 16208 -1200
512 16208 -768
544 16496 -768
560 16336 192
48 16128 -96
-688 15984 640
-368 16480 720
-368 16240 -240
-48 16240 -1024
0 16256 -1024
-16 16208 -96
-128 16416 768
-128 16288 -256
-672 16288 560
-480 16144 304
-368 16272 384
-320 16240 608
-240 16224 256
-288 16304 432
-48 16272 48
-192 16240 -816
-192 16256 -64
-304 16256 -64
-112 16112 448
-352 16144 672
-384 16176 672
-256 16208 528
-256 16176 0
-64 16176 112
-192 16160 304
-192 16240 304
-224 16320 48
-160 16208 64
-288 16176 432
-288 16240 208
-112 16240 144
-224 16272 144
-272 16288 64
-176 16128 176
-320 16224 -144
-432 16240 208
-384 16224 304
-384 16176 512
-320 16176 512
-128 16208 320
-64 16224 64
-96 16256 0
-96 16240 288
-240 16240 288
-240 16272 192
-208 16208 48
-144 16224 0
-144 16144 112
-192 16176 224
-176 16160 224
-176 16160 512
-288 16192 512
-288 16240 400
-400 16192 208
-64 16000 -368
-64 16000 512
-96 15824 -224
-384 15904 -224
-560 15968 400
-448 16144 80
-240 16176 -256
-208 16224 -128
-368 16288 256
-368 16272 416
-112 16272 416
-272 16176 -48
-448 16272 448
-336 16256 336
-352 16176 192
-352 16176 240
-336 16176 320
-320 16224 320
-240 16240 48
-144 16208 0
-112 16160 64
-160 16224 288
-160 16224 144
-144 16272 144
-144 16256 368
-176 16288 -80
-176 16192 -144
-240 16256 -48
-240 16256 16
-288 16288 16
-288 16320 80
-432 16320 80
-448 16224 144
-368 16160 176
-368 16192 -80
-432 16192 -80
-400 16112 224
-208 16144 -16
-128 16144 64
-240 16112 -16
-240 16080 128
-208 16080 128
-304 16192 144
-144 16128 16
-128 16096 144
-80 16208 288
-240 16224 304
-240 16224 176
-208 16208 272
-304 16080 192
-224 16208 0
-208 16176 -96
-208 16160 208
-256 16128 288
-208 16128 -224
-304 16192 -32
-336 16128 16
-368 16096 144
-224 16128 0
-144 16128 160
-144 16128 64
-288 16208 64
-400 16208 480
-320 16176 288
-304 16176 64
-256 16128 48
-288 16208 160
-288 16208 112
-352 16240 112
-272 16192 432
-224 16176 208
-256 16208 -240
-256 16208 -32
-320 16256 -176
-352 16176 -176
-192 16192 16
-224 16176 -160
-160 16160 80
-256 16192 -48
-256 16128 32
-96 16128 32
-128 16208 80
-176 16256 32
-208 16208 -64
-208 16240 256
-384 16208 384
-288 16208 384
-96 16160 48
-112 16128 -64
-192 16208 48
-304 16256 0
-304 16208 464
-416 16208 496
-272 16144 496
-208 16096 320
-256 16144 208
-320 16128 96
-320 16096 64
-112 16096 64
-96 16048 384
-272 16128 352
-176 16112 160
-256 16160 192
-240 16144 112
-320 16160 -32
-320 16128 16
-144 16128 16
-80 16160 96
-256 16144 176
-240 16208 176
-112 16176 160
-112 16176 288
-288 16224 288
-320 16224 0
-272 16176 128
-448 16256 144
-400 16208 576
-400 16288 208
-448 16288 208
-544 16256 208
-576 16320 144
-368 16256 208
-384 16288 288
-384 16256 288
-400 16256 512
-512 16160 368
-528 16144 368
-496 16192 288
-592 16240 272
-448 16160 112
-448 16160 32
-464 16240 32
-256 16256 32
-320 16192 -32
-368 16224 -112
-400 16256 128
-336 16176 192
-320 16176 144
-320 16224 208
-256 16224 304
-336 16160 304
-336 16176 464
-208 16128 80
-288 16208 160
-288 16208 0
-384 16288 96
-224 16208 96
-192 16256 -80
-320 16208 -288
-464 16192 -112
-368 16256 16
-304 16240 80
-304 16176 -160
-272 16176 -160
-448 16160 -144
-304 16208 -288
-64 16176 -224
-192 16256 0
-192 16256 416
-272 16272 416
-288 16240 288
-176 16144 256
-272 16192 464
-176 16176 256
-208 16192 176
-208 16192 240
-256 16112 240
-384 16192 -176
-512 16144 32
-416 16112 128
-416 16144 32
-320 16144 96
-320 16192 96
-256 16160 144
-208 16144 48
-240 16176 -176
-240 16192 -16
-176 16192 -48
-64 16176 -48
-208 16112 288
-112 16208 176
-208 16192 304
-208 16176 416
-208 16176 400
-288 16224 416
-336 16192 416
-432 16176 352
-384 16144 256
-320 16160 144
-320 16160 16
-240 16160 16
-144 16128 0
-160 16160 64
-144 16176 192
-144 16160 64
-272 16160 144
-336 16096 560
-160 16144 560
0 16224 336
-64 16176 512
-304 16288 512
-208 16288 192
-208 16288 32
-240 16320 32
-256 16240 48
-208 16128 -16
-240 16128 32
-288 16256 160
-176 16240 320
-176 16192 560
-208 16192 560
-288 16256 464
-352 16272 176
-336 16208 144
-336 16160 192
-336 16160 48
-288 16080 48
-352 16192 32
-96 16128 -16
-144 16128 0
-208 16192 -32
-240 16208 336
-240 16208 400
-432 16160 400
-368 16208 192
-320 16160 192
-160 16112 96
-160 16112 -48
-48 16128 256
-160 16144 256
-176 16192 144
-256 16144 288
-208 16208 192
-352 16208 64
-352 16224 208
-480 16224 208
-608 16192 0
-432 16224 64
-352 16096 144
-352 16128 112
-352 16224 192
-368 16224 192
-304 16224 -208
-384 16368 -176
-256 16224 96
-240 16240 352
-160 16208 288
-160 16224 224
-160 16224 144
-272 16256 144
-368 16240 144
-256 16208 32
-240 16224 48
-304 16160 48
-304 16160 80
-64 16128 80
-144 16112 176
-96 16208 128
-336 16224 208
-304 16192 96
-304 16160 192
-352 16160 192
-192 16144 288
-144 16176 448
-64 16176 240
-112 16160 32
-112 16192 -48
-224 16192 -192
-176 16208 160
-192 16224 160
-80 16224 -16
-128 16256 -80
-32 16272 -160
-32 16272 16
-448 16208 16
-416 16192 64
-288 16208 64
-208 16208 -80
-208 16192 112
-208 16224 64
-240 16224 64
-320 16240 16
-320 16208 64
-320 16176 64
-320 16240 -288
-256 16240 -288
-288 16208 -288
-240 16192 -288
-240 16128 -112
-256 16144 -64
-256 16144 208
-272 16192 208
-384 16224 240
-320 16160 320
-352 16224 64
-384 16192 -80
-384 16192 240
-336 16192 240
-304 16192 224
-112 16080 48
-192 16096 32
-192 16112 48
-128 16112 -32
-144 16272 -32
-176 16240 112
-208 16224 -160
-208 16208 -32
-208 16272 16
-320 16272 16
-256 16192 -32
-416 16176 80
-272 16192 176
-256 16176 160
-256 16176 32
-256 16176 32
-384 16192 272
-496 16240 256
-368 16256 176
-368 16192 240
-304 16192 352
-256 16128 352
-336 16192 240
-352 16160 352
-272 16176 320
-272 16176 224
-336 16176 224
-288 16192 208
-416 16288 192
-384 16336 32
-336 16320 0
-336 16320 64
-400 16288 64
-288 16208 0
-384 16160 96
-384 16256 160
-384 16256 32
-416 16208 32
-416 16240 64
-432 16208 144
-560 16160 144
-304 16176 288
-304 16224 96
-352 16224 96
-272 16176 128
-368 16208 384
-368 16208 480
-368 16192 176
-400 16192 448
-432 16128 448
-400 16160 256
-352 16224 240
-288 16128 240
-288 16192 48
-256 16192 -48
-208 16240 -48
-240 16176 80
-352 16240 256
-272 16224 272
-272 16224 64
-272 16272 64
-400 16256 48
-352 16176 240
-432 16192 304
-288 16192 224
-288 16208 432
-320 16208 208
-320 16208 448
-256 16176 448
-144 16096 160
-240 16160 176
-272 16208 160
-272 16176 320
-288 16176 320
-320 16224 208
-272 16176 176
-192 16208 96
-144 16224 208
-224 16208 400
-240 16208 256
-240 16144 240
-208 16144 352
-112 16192 352
-80 16208 240
0 16192 64
-256 16144 208
-224 16128 144
-80 16128 -208
-128 16160 -208
-144 16144 -176
-352 16128 -32
-304 16176 -64
-304 16224 304
-560 16288 336
-560 16192 176
-368 16192 176
-160 16224 128
-224 16208 400
-240 16144 416
-256 16128 208
-256 16176 64
-272 16176 -96
-256 16112 -192
-128 16128 -192
-240 16176 -80
-144 16160 -96
-128 16288 32
-128 16288 144
-240 16224 144
-288 16160 96
-400 16064 144
-352 16128 208
-256 16144 208
-304 16112 64
-304 16112 256
-368 16048 256
-464 16048 128
-416 16192 160
-336 16128 96
-336 16176 80
-448 16176 176
-400 16176 176
-160 16160 176
-128 16192 -160
-256 16144 64
-272 16192 304
-272 16160 96
-224 16160 96
-352 16176 352
-432 16160 208
-432 16096 336
-432 16080 240
-368 16080 112
-352 16112 112
-272 16080 464
-304 16096 448
-400 16112 320
-256 16208 320
