startup(x,y,z):(-176,16144,160)
0 16144 1584
-16 16048 -464
32 15840 -896
-496 16112 -48
-1120 16368 1200
-1120 16192 1296
1040 16192 1296
2544 15616 -128
2080 15872 336
1120 15920 -1920
336 16336 -432
-432 16224 848
-432 16224 1664
-672 16064 1664
-288 15904 1328
-144 16160 -144
-32 16096 -288
224 16080 -576
144 16080 -272
160 16144 -272
64 16096 592
-96 16080 320
-64 16080 -464
96 16128 -416
96 16144 -112
-272 16144 -112
-144 16160 -128
-368 16192 256
-112 16176 304
-144 16176 0
-144 16176 512
-304 16208 512
-368 16272 448
-400 16288 144
-128 16176 -32
-144 16224 -416
-144 16144 -224
-48 16144 240
-336 16176 240
-416 16224 448
-352 16240 240
-176 16176 -16
-208 16192 -96
-208 16320 -32
-208 16272 -16
-192 16240 96
-240 16240 96
-96 16192 224
-240 16192 16
-272 16144 80
-272 16160 160
-288 16160 -112
-96 16128 -112
-48 16144 -112
-336 16128 128
-336 16256 208
-352 16192 288
-352 16192 192
-480 16192 192
-448 16224 64
-320 16192 192
-256 16192 144
-256 16128 304
-272 16128 192
-272 16224 192
-320 16176 112
-160 16240 0
-224 16224 208
-224 16224 32
-224 16224 208
-384 16176 208
-496 16192 192
-240 16160 160
-304 16224 80
-304 16208 64
-192 16208 -16
-272 16192 -16
-176 16096 0
-288 16128 112
-272 16144 128
-352 16144 304
-352 16096 112
-256 16096 208
-400 16176 208
-400 16240 352
-368 16256 192
-272 16192 320
-272 16240 336
-416 16240 0
-256 16272 0
-320 16224 32
-256 16128 128
-352 16176 272
-464 16240 272
-544 16352 432
-544 16256 144
-720 16256 144
-544 16080 384
-432 16064 304
-320 16160 -32
-336 16176 160
-336 16208 32
-224 16208 -64
-368 16192 -64
-288 16176 256
-176 16160 96
-192 16176 96
-288 16192 368
-288 16192 544
-416 16192 544
-400 16176 432
-368 16192 448
-272 16176 448
-288 16256 256
-288 16176 112
-192 16192 112
-320 16192 176
-368 16192 176
-368 16240 32
-368 16256 256
-336 16192 288
-336 16176 64
-272 16176 64
-320 16240 112
-352 16224 208
-384 16208 -16
-368 16272 160
-304 16224 112
-224 16192 208
-224 16192 144
-352 16240 144
-368 16208 512
-208 16224 336
-176 16192 336
-208 16176 128
-208 16272 256
-224 16272 -64
-144 16208 128
-144 16208 128
-144 16128 48
-160 16144 384
-224 16112 448
-416 16160 176
-416 16192 64
-224 16192 64
-208 16192 -96
-176 16192 320
-224 16208 368
-208 16176 624
-208 16192 608
-208 16192 608
-224 16176 208
-256 16208 208
-64 16192 288
-96 16160 288
16 16192 256
16 16192 240
-192 16080 240
-128 16112 288
-192 16224 240
-304 16176 608
-304 16160 240
-336 16160 288
-368 16176 208
-352 16128 208
-208 16224 32
-176 16256 0
-272 16192 208
-272 16160 208
-304 16160 144
-128 16224 144
-288 16304 128
-304 16272 -16
-160 16304 -160
-176 16272 -32
-176 16256 -160
-80 16256 144
-256 16256 144
-320 16256 176
-288 16288 48
-272 16288 32
-272 16240 -192
-208 16240 192
-176 16144 192
-320 16144 272
-224 16240 160
-208 16256 176
-416 16192 176
-288 16112 176
-352 16144 240
-352 16144 304
-432 16192 304
-416 16176 288
-432 16160 272
-256 16176 384
-288 16208 288
-288 16224 32
-304 16224 32
-336 16224 32
-336 16240 240
-160 16208 224
-144 16192 208
-144 16192 384
-256 16192 400
-256 16160 400
-352 16176 544
-288 16176 512
-336 16240 144
-336 16240 224
-352 16240 224
-240 16224 208
-352 16208 208
-352 16208 288
-272 16192 128
-272 16256 192
-384 16256 192
-304 16320 192
-144 16320 128
-208 16224 0
-176 16224 -128
-96 16144 -48
-96 16176 112
-272 16176 240
-352 16176 128
-448 16160 128
-400 16160 208
-432 16240 144
-368 16240 160
-368 16240 368
-432 16240 368
-352 16272 176
-416 16272 160
-320 16208 192
-320 16160 112
-304 16192 128
-336 16224 -32
-336 16160 96
-336 16128 368
-368 16128 368
-112 16176 384
-128 16176 352
-288 16224 304
-336 16192 304
-336 16192 208
-384 16224 208
-288 16128 240
-240 16176 64
-384 16240 304
-160 16256 320
-208 16208 240
-208 16208 336
-224 16160 336
-240 16096 224
-176 16144 208
-320 16208 432
-192 16192 144
-192 16192 32
-176 16160 -80
-288 16160 96
-448 16240 96
-448 16256 128
-352 16160 368
-432 16208 224
-432 16208 192
-240 16144 192
-240 16208 16
-272 16288 112
-160 16288 -32
-240 16272 144
-240 16176 64
-208 16128 -112
-128 16128 -112
-288 16256 16
-160 16208 -64
-160 16224 -16
-368 16224 96
-368 16224 224
-272 16128 256
-288 16160 256
-256 16128 288
-240 16192 352
-368 16224 208
-400 16256 304
-272 16208 192
-272 16160 368
-320 16160 368
-368 16160 320
-432 16192 -48
-336 16160 0
-416 16160 80
-416 16160 -48
-304 16112 -48
-496 16272 -32
-304 16272 -128
-240 16112 96
-400 16192 -112
-400 16240 -112
-464 16240 -112
-336 16208 208
-304 16144 304
-384 16240 240
-336 16160 224
-336 16160 544
-352 16160 176
-224 16192 128
-144 16192 128
-144 16144 -128
-128 16192 -16
-192 16240 176
-192 16240 224
-320 16208 224
-448 16208 128
-384 16256 224
-544 16208 256
-384 16176 416
-384 16240 336
-320 16160 240
-304 16160 48
-64 16160 48
-128 16144 64
32 16192 -144
-192 16288 -80
-352 16272 -32
-352 16272 -112
-384 16256 -80
-224 16256 -80
-288 16256 -176
-272 16224 176
-416 16160 256
-368 16240 224
-416 16192 352
-320 16208 48
-320 16208 240
-80 16272 240
-144 16384 -64
-432 16240 272
-608 16256 128
-128 16432 336
-128 16432 -720
368 16400 -720
144 16336 320
-272 16240 -1040
-688 15952 256
-352 15936 224
-352 15952 -48
208 15952 -48
336 16144 240
336 16592 -336
464 16368 736
-64 16128 176
-512 16064 320
-512 16064 0
-688 16176 160
-640 16112 160
-656 16144 -32
-352 16416 208
-160 16400 784
-160 16400 272
-96 16560 272
80 16208 160
-96 16288 96
-208 16176 112
-240 16192 320
-240 16208 320
-96 16256 480
-240 16256 0
-304 16224 0
-336 16224 160
-560 16208 96
-400 16208 -64
-400 16208 -240
-256 16208 -240
-240 16240 176
-160 16304 160
-144 16272 16
-192 16320 176
-176 16304 112
-288 16288 0
-288 16304 256
-544 16304 256
-368 16240 528
-272 16208 176
-272 16256 -240
-272 16160 64
-320 16160 -64
-320 16192 -64
-416 16256 176
-400 16208 112
-352 16240 176
-256 16240 160
-256 16240 112
-336 16240 528
-320 16256 528
-128 16192 464
-160 16096 608
-160 16256 272
-304 16176 336
-256 16176 336
-256 16160 208
-384 16240 272
-384 16240 144
-288 16256 48
-288 16160 128
-320 16192 -80
-240 16192 -80
-176 16192 16
-240 16208 160
32 16144 208
-112 16176 160
-112 16192 304
-256 16160 320
-144 16224 160
-96 16208 288
-128 16144 192
-160 16144 -96
-160 16192 352
-320 16192 352
-368 16128 272
-336 16176 96
-240 16160 -80
-256 16208 -96
-128 16208 16
-208 16208 32
-224 16256 96
-224 16160 16
-160 16160 16
-144 16160 -16
-240 16144 192
-240 16176 64
-240 16176 -16
-112 16176 96
-144 16208 96
-144 16160 336
-176 16224 336
-256 16208 272
-368 16224 288
-368 16160 256
-272 16160 256
-304 16192 240
-304 16208 208
-224 16240 224
-224 16160 352
-208 16160 256
-208 16144 256
-224 16192 144
-272 16176 160
-256 16144 80
-240 16256 96
-240 16224 288
-256 16224 288
-144 16192 176
-256 16160 176
-272 16112 384
-224 16176 288
-224 16176 160
-160 16176 160
-384 16208 416
-400 16320 48
-400 16352 32
-256 16336 -16
-304 16288 96
-304 16288 48
-288 16288 48
-208 16160 96
-272 16272 160
-304 16416 96
-304 16336 -64
-224 16240 80
-336 16240 80
-288 16176 208
-256 16112 240
-384 16096 224
-352 16192 -144
-176 16176 -16
-336 16208 32
-336 16208 176
-288 16240 176
-256 16240 16
-320 16208 144
-320 16240 112
-320 16272 368
-432 16272 464
-432 16256 464
-160 16208 320
-272 16240 272
-320 16160 368
-240 16160 384
-240 16160 224
-208 16192 224
-288 16128 592
-256 16176 336
-176 16112 80
-240 16192 80
-240 16192 32
-128 16176 32
-240 16288 272
-368 16176 256
-368 16256 -272
-464 16240 80
-464 16176 192
-288 16176 96
-304 16320 96
-272 16240 304
-208 16224 448
-224 16160 304
-224 16208 -48
-144 16208 -48
-208 16160 64
-368 16176 -32
-384 16176 32
-304 16224 -144
-272 16224 0
