startup(x,y,z):(-176,16144,160)
-2112 16624 -6000
5168 14912 -352
6352 15280 -944
3872 16032 528
-32 15872 1424
-32 16400 1600
560 16400 1600
1568 15904 -288
816 15328 -2400
928 15296 1504
928 16128 -32
320 16128 -32
-688 16064 1840
-896 16064 560
-288 16224 -512
-1072 16256 -672
-2320 16320 -1104
-2464 16144 -1360
-2464 16160 80
-1888 16160 80
-1584 15968 880
-928 15952 256
-160 16032 752
-160 16144 -160
-720 16368 -400
-720 16160 96
-576 16160 1728
-1168 16320 -64
-1792 16560 -192
-1456 16640 672
-752 16704 -1008
-400 16352 -848
-400 16240 -32
-144 16240 384
-272 16272 384
-512 16352 1280
-528 16320 240
-160 16192 192
-160 16192 48
80 16192 -192
0 16224 32
-240 16160 32
-96 16160 -80
-336 16096 96
-304 16144 560
-304 16160 464
-464 16160 464
-496 16192 512
-144 16240 32
-192 16304 -16
-144 16272 -384
-144 16176 304
-368 16256 544
-368 16256 544
-320 16208 544
-352 16160 272
-384 16128 144
-192 16352 -208
-160 16272 -176
-160 16240 -80
-224 16240 -80
-224 16272 256
-272 16320 416
-256 16208 464
-112 16144 240
-144 16224 272
-144 16224 256
-384 16224 256
-480 16240 64
-464 16192 80
-256 16208 432
-176 16176 352
-400 16192 16
-400 16128 224
-272 16128 80
-192 16224 0
-128 16224 0
-64 16144 -96
-144 16128 208
-112 16128 160
-112 16160 -432
-80 16160 -432
-464 15856 528
-672 16048 -432
-768 16000 416
-432 16080 -160
-432 16080 -352
-272 16128 112
-320 16128 112
-496 16224 112
-352 16256 1024
-224 16256 16
-240 16256 352
-240 16224 -144
-192 16224 -144
-208 16160 -48
-304 16208 144
-288 16224 208
-256 16208 0
-240 16160 -160
-240 16112 -128
-240 16112 32
-224 16208 32
-256 16208 -64
-272 16176 256
-224 16192 400
-224 16192 96
-112 16176 -32
-176 16176 -32
-304 16176 240
-320 16208 112
-224 16240 288
-256 16224 224
-256 16288 48
-256 16288 48
-368 16256 384
-368 16272 144
-368 16192 80
-304 16176 16
-144 16192 -224
48 16192 0
-240 16240 0
-368 16256 288
-384 16192 512
-320 16176 304
-176 16160 16
-176 16176 48
-208 16176 -256
-176 16176 -256
-256 16160 -48
-336 16176 240
-288 16304 48
-288 16272 -160
-176 16272 320
-208 16192 288
-224 16192 288
-288 16224 272
-288 16288 336
-240 16256 48
-176 16176 80
-176 16176 144
-240 16240 144
-288 16272 448
-240 16272 224
-192 16240 288
-160 16256 32
-128 16240 96
-128 16240 -96
-160 16224 -96
-256 16176 320
-240 16128 464
-192 16096 336
-192 16224 272
-256 16224 272
-304 16224 336
-288 16224 112
-176 16240 -64
-128 16240 -208
-192 16272 -16
-192 16176 0
-176 16176 -48
-288 16240 -48
-176 16256 -224
-304 16256 -48
-112 16144 48
-112 16144 176
-64 16176 144
-128 16176 432
-256 16176 432
-240 16208 704
-320 16176 320
-464 16288 176
-416 16224 128
-416 16128 224
-496 16128 224
-336 16176 480
-256 16176 176
-448 16176 176
-496 16208 80
-496 16192 96
-528 16192 96
-368 16144 0
-288 16192 -96
-208 16192 64
-272 16144 160
-416 16224 176
-416 16208 144
-256 16208 144
-480 16256 240
-288 16224 320
-240 16192 368
-256 16272 336
-256 16224 192
-176 16224 192
-144 16208 176
-384 16208 144
-464 16240 144
-496 16288 80
-496 16272 272
-432 16272 432
-304 16272 432
-336 16240 112
-512 16320 208
-432 16288 16
-400 16240 160
-400 16240 240
-192 16208 352
-208 16208 352
-240 16176 96
-144 16272 -160
-224 16224 96
-224 16192 128
-288 16192 128
-368 16272 288
-320 16288 128
-320 16208 64
-320 16256 -32
-448 16272 -112
-400 16208 32
-400 16240 -48
-272 16240 -80
-208 16208 -80
-384 16240 224
-320 16080 288
-208 16128 256
-208 16128 432
-80 16192 96
-192 16176 96
-144 16144 16
-288 16128 464
-240 16192 240
-224 16208 176
-224 16176 384
-176 16176 384
-224 16192 160
-256 16192 208
-240 16240 240
-352 16240 256
-192 16192 304
-192 16192 304
-384 16240 304
-352 16256 160
-336 16240 256
-176 16192 432
0 16192 240
0 16208 288
-144 16208 288
-256 16272 160
-128 16320 48
-240 16240 64
-240 16224 16
-240 16208 96
-336 16208 160
-448 16240 96
-432 16240 96
-320 16272 144
-352 16256 336
-304 16240 288
-304 16240 224
-288 16240 224
-256 16240 320
-128 16208 16
-208 16240 128
-400 16272 256
-272 16160 240
-112 16128 128
-288 16096 128
-288 16096 272
-336 16176 272
-320 16208 352
-64 16192 176
-80 16192 176
-224 16160 240
-224 16160 160
-144 16160 160
-160 16128 368
-112 16192 112
-160 16208 256
-176 16208 160
-176 16176 208
-224 16176 208
-240 16192 -64
-112 16096 64
-160 16160 256
-208 16224 32
-208 16224 16
-272 16224 368
-176 16192 368
-128 16160 256
-176 16192 160
-144 16160 96
-208 16240 80
-208 16240 64
-112 16256 64
-112 16208 128
-224 16240 352
-384 16272 384
-384 16240 240
-240 16240 144
-256 16256 144
-336 16240 112
-304 16192 112
-112 16160 32
-272 16160 -16
-272 16240 64
-432 16240 176
-240 16320 176
-176 16208 0
-304 16208 176
-128 16192 160
-368 16208 256
-368 16176 112
-288 16176 80
-272 16272 80
-272 16240 -192
-432 16320 64
-224 16160 48
-176 16208 -48
-176 16208 160
-336 16240 160
-288 16192 176
-352 16192 224
-160 16208 272
-160 16240 320
-176 16208 256
-320 16208 384
-272 16176 384
-208 16160 272
-112 16176 176
-224 16192 240
-224 16176 416
-304 16176 480
-272 16096 480
-272 16176 720
-384 16256 576
-320 16256 352
-320 16224 208
-208 16224 224
-208 16224 208
-320 16192 208
-256 16176 336
-272 16224 320
-320 16272 160
-320 16272 272
-432 16320 272
-256 16288 352
-256 16256 480
-272 16240 320
-272 16240 320
-256 16160 320
-256 16160 -32
-128 16208 -32
-224 16128 176
-448 16096 96
-448 16208 32
-304 16208 160
-144 16144 160
-64 16192 176
-160 16192 112
-160 16176 32
-80 16112 16
-192 16208 -32
-256 16224 64
-256 16224 -48
-192 16256 -48
-240 16096 144
-272 16128 176
-288 16160 112
-288 16192 -16
-240 16192 -96
-240 16160 -96
-128 16032 64
-192 16112 -32
-352 16128 -192
-320 16064 96
-320 16064 240
-432 16176 384
-400 16192 384
-256 16176 304
-256 16256 208
-272 16192 288
-272 16160 96
-80 16160 96
-304 16144 256
-288 16192 80
-224 16176 -208
-256 16256 -80
-240 16208 80
-240 16208 112
-128 16192 112
-224 16160 64
-224 16128 96
-384 16128 64
-416 16208 112
-416 16208 272
-400 16224 272
-400 16192 464
-288 16176 448
-240 16160 432
-160 16192 368
-160 16176 320
-64 16176 224
16 16144 224
-144 16160 192
-208 16160 384
-224 16176 480
-256 16240 576
-256 16288 336
-256 16336 160
-272 16336 160
-432 16256 240
-400 16240 160
-336 16240 240
-304 16240 112
-304 16240 -144
-256 16192 -144
-224 16160 -208
-384 16176 288
-304 16112 96
-304 16112 128
-352 16128 304
-304 16128 304
-240 16144 192
-272 16208 16
-288 16112 16
-288 16128 80
-288 16128 80
-304 16240 80
-368 16208 80
-432 16160 288
-352 16112 320
-192 16160 256
-336 16176 192
-336 16176 192
-192 16176 0
-144 16160 0
-128 16224 96
-320 16208 16
-352 16256 80
-352 16256 64
-432 16272 64
-272 16352 144
-240 16256 48
-224 16240 272
-208 16192 176
-256 16192 224
-256 16192 80
-144 16176 80
-192 16144 80
-368 16208 80
-368 16192 16
-368 16224 -16
-320 16224 48
-224 16176 -112
-304 16256 -112
-176 16272 -112
-240 16304 112
-128 16192 -112
-208 16208 64
-208 16240 -48
-240 16240 -48
-320 16208 272
-208 16144 -64
-192 16192 -144
-240 16176 160
-240 16176 16
-96 16176 16
-128 16208 48
-256 16288 -48
-288 16176 -32
-368 16192 -80
-304 16272 80
-304 16240 192
-368 16224 80
-448 16176 208
-304 16144 352
-304 16208 112
-400 16192 48
-400 16176 144
-320 16320 16
-240 16320 16
-144 16272 32
32 16192 16
-144 16176 240
-144 16208 240
-432 16208 240
-448 16256 -128
-192 16272 -48
-144 16288 176
-128 16288 -48
-128 16256 -208
-96 16176 -16
-96 16176 256
-96 16192 256
-144 16208 224
-64 16240 48
-176 16288 176
-176 16288 272
-336 16256 112
-496 16320 160
-496 16240 160
-144 16176 64
-144 16224 -16
0 16224 144
-208 16272 144
-272 16224 16
-272 16224 -16
-176 16224 -16
0 16128 400
-48 16176 160
-128 16176 272
-128 16160 368
