startup(x,y,z):(-176,16144,160)
3792 13968 -5680
3200 14288 -592
1776 15712 160
1088 16160 160
-1664 15808 1408
-1360 16048 448
-720 15472 -2000
-848 15856 -1120
-160 16000 1040
-624 16272 -704
-624 15952 1456
-928 15952 592
-1120 16272 592
-1280 16272 -144
-496 16320 -1568
-16 16288 -240
-240 16032 208
-240 15680 800
-480 16032 480
-1056 16032 144
-640 16192 144
144 16240 48
-64 16272 -464
-304 16384 960
-304 16384 -80
-272 16288 -80
-352 16144 704
-688 16048 416
-560 16256 272
-416 16176 -320
1056 16032 288
1696 15536 -1168
1696 15536 512
1744 15808 512
1296 16032 -464
16 16320 608
-528 16320 576
-528 16240 480
-224 16128 560
-16 16128 560
224 16176 -688
96 16208 464
256 16112 128
128 16160 496
-48 16192 240
16 16160 400
16 16160 96
-128 16208 96
-96 16176 368
-144 16080 496
-208 16112 336
-272 16272 576
-176 16272 288
-176 16272 288
-128 16240 96
-96 16240 96
-208 16320 -304
-336 16272 -112
-432 16272 -160
-432 16240 -48
-368 16240 32
-256 16256 144
-208 16224 144
-48 16224 208
80 16224 160
-240 16288 128
-160 16400 -48
-160 16320 176
-240 16320 192
-304 16336 192
-320 16304 112
-384 16320 112
-336 16272 0
-336 16208 -80
-272 16208 256
-448 16208 256
-192 16256 160
-192 16240 160
-400 16288 208
-368 16256 80
-304 16176 -16
-304 16176 -16
-224 16224 -16
-192 16144 96
-144 16192 240
-48 16224 224
-192 16224 144
-192 16224 -112
-48 16192 336
-256 16224 192
-256 16208 -64
-208 16208 -64
-64 16192 208
-304 16256 208
-144 16240 160
0 16288 -112
0 15952 720
-304 16000 -112
-352 16000 256
-288 15984 256
-272 15984 48
-208 15984 -352
-304 16064 336
-432 16192 256
-400 16160 432
-400 16160 80
-272 16176 80
-432 16208 -48
-384 16336 16
-448 16288 224
-384 16208 224
-384 16256 336
-368 16256 64
-304 16256 112
-224 16272 112
-240 16320 224
-368 16256 96
-320 16288 128
-336 16288 128
-128 16192 96
-112 16192 176
-80 16176 224
-240 16160 336
-288 16112 112
-368 16176 112
-368 16176 112
-240 16176 176
-112 16144 144
-368 16240 352
-256 16208 272
-256 16192 32
-304 16272 -16
-336 16272 -16
-368 16304 16
-400 16192 224
-288 16112 400
-192 16192 -16
-208 16192 -32
-192 16208 80
-192 16208 288
-304 16160 288
-320 16256 256
-384 16320 336
-416 16304 256
-288 16288 192
-176 16272 288
-256 16256 288
-160 16304 192
-160 16304 192
-480 16192 192
-416 16224 256
-416 16240 288
-480 16208 256
-480 16272 96
-352 16272 80
-448 16288 80
-384 16112 208
-320 16176 48
-272 16176 -16
-240 16144 224
-320 16192 -32
-288 16192 96
-288 16192 224
-208 16112 224
-32 16176 208
-32 16160 192
-96 16160 64
-176 16224 368
-240 16144 336
-240 16160 288
-192 16192 352
-160 16192 400
-240 16144 400
-256 16224 80
-160 16192 -112
-224 16160 272
-224 16160 192
-288 16208 192
-352 16240 240
-416 16208 32
-352 16256 368
-256 16224 208
-384 16224 208
-400 16272 304
-400 16272 528
-384 16256 528
-432 16240 320
-304 16128 336
-288 16208 384
-288 16160 192
-432 16208 176
-432 16208 64
-512 16288 64
-416 16256 176
-352 16240 208
-192 16256 160
-272 16208 128
-256 16224 192
-256 16192 304
-336 16192 304
-240 16192 192
-320 16256 144
-288 16256 176
-304 16240 160
-304 16160 240
-368 16160 224
-240 16160 352
-320 16160 352
-288 16160 -16
-240 16160 160
-112 16160 192
-144 16176 208
-144 16256 -48
-192 16256 -128
-112 16272 -128
-304 16256 -112
-400 16192 144
-384 16176 464
-320 16256 304
-256 16240 32
-256 16240 368
-336 16192 368
-240 16208 384
-176 16224 336
-176 16224 16
-192 16208 144
-192 16256 80
-224 16256 80
-416 16224 208
-352 16240 128
-192 16192 64
-288 16192 224
-240 16160 -32
-240 16128 16
-192 16160 320
-192 16096 272
-192 16112 288
-208 16112 320
-224 16160 352
-288 16160 192
-320 16224 176
-320 16240 80
-176 16240 80
-208 16240 0
-64 16176 0
-144 16160 32
-144 16144 80
-32 16144 80
-176 16064 224
-224 16032 144
-128 16096 32
-224 16208 112
-160 16208 256
-224 16176 288
-224 16176 96
-384 16192 96
-336 16144 80
-192 16240 32
-208 16160 -32
-208 16240 96
-400 16240 416
-304 16176 416
-80 16192 288
-240 16176 144
-240 16176 336
-272 16144 352
-304 16224 224
-304 16128 352
-352 16128 352
-528 16112 432
-368 16096 448
-80 16112 320
-144 16176 336
-144 16176 512
-336 16176 416
-240 16128 416
-240 16224 192
-304 16224 192
-224 16224 192
-272 16208 192
-368 16288 192
-368 16288 352
-208 16176 352
-240 16240 288
-256 16256 16
-160 16144 176
-256 16224 -48
-336 16240 -80
-384 16256 368
-384 16240 32
-400 16240 32
-368 16256 80
-80 16224 64
-112 16256 -192
-112 16128 48
-176 16128 192
-192 16144 192
-176 16176 368
-64 16144 128
-112 16240 160
-48 16272 48
64 16208 -48
-48 16176 96
-48 16240 -32
-192 16240 -32
-336 16272 32
-416 16240 64
-336 16256 112
-320 16176 160
-320 16144 160
-288 16144 160
-304 16160 272
-256 16160 320
-368 16192 288
-208 16240 192
-144 16208 240
-144 16208 176
-208 16176 176
-240 16240 240
-272 16240 -144
-64 16208 32
-256 16288 224
-256 16256 128
-224 16080 224
-336 16080 -64
-192 16176 -64
-224 16144 160
-224 16240 -48
-256 16192 112
-256 16256 -160
-176 16256 -160
-128 16272 96
-272 16176 96
-304 16176 -128
-224 16160 -64
-304 16208 -16
-368 16240 160
-368 16160 304
-288 16160 96
-256 16144 96
-256 16144 64
-240 16128 288
-320 16160 256
-320 16112 192
-176 16112 144
-240 16160 144
-240 16224 176
-320 16192 208
-240 16192 208
-224 16160 288
-224 16112 448
-224 16112 448
-144 16208 64
-80 16192 -176
-80 16160 64
-80 16128 64
-80 16128 0
-128 16160 0
-176 16192 -16
-240 16144 -112
-112 16128 0
-144 16240 32
-144 16224 480
-224 16224 480
-416 16192 112
-336 16224 112
-304 16128 176
-432 16160 384
-432 16176 304
-448 16208 224
-416 16144 224
-320 16144 224
-384 16176 320
-240 16208 -80
-288 16144 48
-240 16160 0
-240 16160 -80
-272 16128 -80
-288 16128 -32
-288 16128 -112
-288 16080 -48
-256 16096 -304
-192 16224 -128
-176 16256 -80
-176 16256 64
-272 16272 64
-240 16256 192
-352 16192 -112
-240 16176 -96
-240 16224 32
-352 16224 -32
-224 16272 -32
-480 16272 16
-464 16320 0
-320 16240 -16
-224 16208 -32
-208 16224 112
-208 16224 32
-304 16256 32
-304 16192 -16
-144 16160 -160
-64 16208 -272
-160 16176 -112
-192 16144 96
-192 16144 48
-160 16112 48
-256 16176 240
-304 16128 192
-288 16144 208
-240 16224 224
-240 16304 112
-336 16304 -64
-240 16288 -64
-256 16320 -80
-272 16368 -96
-336 16288 -64
-240 16192 -128
-240 16112 144
-272 16192 208
-272 16192 128
-288 16064 128
-288 16096 144
-304 16128 320
-320 16096 304
-320 16096 560
-416 16208 336
-432 16208 336
-416 16320 256
-320 16176 368
-144 16112 224
-160 16224 320
-192 16192 288
-192 16192 192
-80 16208 192
-112 16144 160
-112 16112 176
-224 16112 96
-224 16128 -224
-224 16128 -80
-288 16256 -80
-352 16224 -64
-224 16256 -208
-288 16240 16
-416 16256 240
-416 16240 -48
-336 16240 272
-384 16224 272
-288 16096 144
-352 16224 48
-224 16208 64
-416 16256 272
-416 16176 208
-240 16176 208
-128 16176 112
-176 16224 0
-64 16272 32
-32 16240 -112
-160 16272 96
-160 16272 160
-160 16240 160
-208 16176 80
-80 16176 0
-192 16160 96
-192 16160 16
-208 16160 144
-144 16224 336
-128 16240 336
-288 16240 256
-352 16224 224
-336 16224 112
-336 16224 192
-240 16240 336
-256 16272 352
-96 16176 256
-320 16192 304
-80 16176 144
-256 16256 0
-320 16192 224
-320 16224 128
-432 16224 128
-128 16096 128
-208 16080 176
-128 16208 144
-128 16208 16
-112 16192 0
-16 16192 0
-32 16112 -32
-80 16208 208
-176 16176 176
-160 16160 32
-208 16192 144
-272 16160 80
-272 16160 80
-288 16160 80
-240 16176 352
-256 16256 256
-256 16192 224
-256 16192 64
-256 16192 -144
-48 16144 -144
-176 16128 -208
-208 16240 -48
-368 16160 288
-176 16144 240
-176 16144 80
-96 16144 -176
-16 16160 -80
-112 16176 80
-160 16144 320
-160 16080 480
-160 16128 400
-144 16128 96
