startup(x,y,z):(4528,15728,-224)
-384 16848 -1360
-192 15344 -1136
192 15648 -304
128 16624 752
256 16944 1648
320 16256 1200
208 14192 1328
48 15472 240
-80 15712 736
-48 15680 864
1280 12832 144
576 14624 240
576 17088 832
416 15936 960
784 16384 944
528 16848 1008
400 16320 1072
672 15968 1360
528 16176 752
528 17952 832
128 18512 1392
-176 18208 1664
944 17344 1824
1344 17584 1264
240 17488 1328
-128 17328 1392
-112 17472 1616
480 15392 1488
16 14320 1408
-800 15280 -1024
0 14816 -112
-1104 14544 544
-592 15968 1360
224 15760 1424
480 15984 1424
688 16512 2208
832 16512 2064
800 16400 1904
672 16288 1632
416 16224 1776
304 16256 1744
368 16368 2208
480 16256 2224
272 16224 2304
192 16112 2224
64 15952 2208
400 15936 2096
384 15840 2000
-96 15440 1840
336 15664 2176
336 15824 2528
32 15936 2752
-368 15856 2560
-128 16144 1904
64 16160 1840
160 16064 1840
80 15920 2336
464 15808 2080
272 15792 2096
176 15936 2144
704 16144 2144
576 16336 1936
48 15776 2272
-128 14976 2224
1504 15792 1936
1952 16752 2016
-1440 18336 -2816
1600 17296 1312
368 17600 1712
1184 17888 1184
880 17248 848
1040 16256 912
1168 16384 1744
1104 17072 2304
1696 15552 2656
1664 15632 1648
1840 18480 2416
2560 18912 1344
2208 20080 1744
880 18528 1184
944 18512 912
784 17856 1536
160 17696 448
1024 17616 1536
1024 15440 944
736 16880 -3616
592 15456 -1040
5024 16336 752
5264 16496 2096
7040 15248 1344
6672 14688 560
4032 14992 848
3072 15280 1392
2560 15184 1264
2608 15552 1328
2688 15632 1488
3008 15616 1600
3184 15616 1376
2896 15760 1472
2816 15984 1328
2608 16112 1440
2704 16048 1376
2832 16048 1504
3056 16048 1808
2752 16080 1728
2656 16128 1760
2448 16080 1632
2448 15888 1424
2608 16064 1184
3536 15440 720
4064 15312 480
3616 15600 576
2336 16576 48
2720 16432 192
3440 15488 2176
4272 16368 736
4240 16336 1280
3184 16400 1728
2912 16592 944
3136 16272 1712
2736 16528 928
2304 16384 752
2912 15728 864
3168 15680 1248
3152 15744 912
3456 16016 1168
3936 16336 1040
3376 16064 1072
3152 16000 688
3136 15728 960
3568 15920 896
3504 15872 592
3200 15872 176
3168 15728 320
3440 15840 832
3616 15824 768
3696 16064 912
2992 16272 -544
1888 15808 -224
1120 15152 256
2016 15760 1120
3104 16208 1072
2720 16176 1376
2464 15504 -480
1856 15184 352
3360 15744 512
3552 15536 -400
3056 14800 -544
5008 16208 -624
6352 15376 -1296
6752 14368 -1776
6304 15056 -1600
3888 15360 -464
4304 15568 -208
4736 15696 0
4048 15568 -384
4080 15568 -352
4336 15616 -464
4352 15840 -272
4576 15728 -512
4848 15808 -192
5856 16192 112
4800 15600 -560
4960 15792 -528
4640 15664 -304
4592 15680 -272
4560 15680 -144
4416 15680 -176
4464 15680 -192
4480 15632 -240
4496 15568 -208
4464 15728 -80
4384 15728 -80
3824 15680 -1088
3360 15328 -992
4112 15472 -384
4336 15744 -224
4192 15744 -304
4304 15664 -368
4448 15696 -432
4352 15776 -352
4384 15712 -240
4496 15664 -624
4544 15648 -352
4464 15664 -352
4304 15696 -16
4208 15712 -176
4320 15680 -144
4336 15712 -416
4544 15648 -496
4544 15664 -208
4496 15648 -208
4512 15712 -416
4608 15776 -496
4496 15792 -480
4448 15792 -560
4496 15776 -240
4656 15760 -272
4512 15760 -240
4320 15648 -400
4336 15680 -240
4320 15616 -320
4576 15856 -320
4576 15920 -144
3952 15376 -256
4128 15952 -32
4400 15984 -288
5136 15760 -928
4400 15920 -640
4256 15712 -400
4320 15664 -528
4320 15664 -496
4496 15744 -512
4384 15712 -336
4448 15616 -224
4384 15632 -336
4464 15664 -240
4592 15648 -288
4480 15664 -448
4432 15696 -448
4448 15696 -368
4448 15696 -512
4368 15760 -352
4352 15696 -416
4224 15760 -496
4192 15744 -384
4224 15744 -480
4288 15680 -336
4240 15664 -352
4480 15648 -400
4512 15568 -464
4528 15680 -320
4448 15632 -400
4448 15584 -288
4416 15664 -352
4528 15712 -496
4528 15664 -432
4528 15568 -256
4592 15664 -544
4528 15744 -528
4528 15664 -432
4416 15680 -304
4368 15712 -288
4384 15696 -80
4368 15696 -160
4304 15680 -208
4352 15664 -128
4352 15632 -176
4304 15664 -48
4384 15712 -176
4448 15680 -352
4560 15616 -448
4688 15536 -400
4656 15648 -512
4400 15696 -544
4384 15664 -464
