startup(x,y,z):(672,15824,2416)
432 16096 1040
640 16288 992
544 16272 1232
592 16352 1168
688 16320 1184
624 16208 1168
560 16128 1008
560 16304 1008
368 16128 1360
160 15968 1568
432 15936 1168
528 16032 1120
416 16208 1216
432 15808 1024
96 16144 1040
32 15744 832
224 15872 448
336 15840 1152
720 16112 928
608 16128 1136
592 16448 1056
416 16480 896
384 16384 624
432 16304 512
656 16288 736
560 16032 1024
576 16080 1088
608 16112 976
432 16208 1328
848 16128 1248
736 16064 624
496 15888 880
512 16032 944
368 16032 1008
400 16016 864
544 16128 1360
368 16048 1648
480 16064 1632
320 16032 1296
224 16192 2048
160 16128 1968
256 16080 1280
528 15952 768
432 16080 1792
320 16000 1248
112 16128 1456
352 16224 2816
560 16208 2736
240 16192 1984
336 16192 1728
400 16384 1872
464 16304 1760
560 16288 1408
608 16416 1520
560 16320 1552
448 16336 1648
352 16304 1296
400 16176 1328
448 16144 1392
464 16128 1232
352 16192 1056
320 16208 1120
432 16768 1024
384 15952 1152
352 16016 1296
432 16064 1296
368 16048 1264
352 16048 1312
352 16048 944
192 16032 1024
192 16048 1104
224 16016 1376
288 16176 1664
672 16160 1584
816 16208 1536
656 16176 1584
544 16288 1696
432 16320 1616
496 16160 1536
352 16160 1504
272 16192 1488
224 16176 1312
224 16208 1440
176 16080 1456
240 16112 1296
320 16112 1392
496 16128 1296
496 16256 1280
656 16144 848
624 16080 1248
512 16048 1392
512 16256 1520
448 16192 1600
384 16208 1552
352 16224 1648
400 16208 1872
528 16208 1872
400 16176 1824
320 16208 1776
480 16192 1536
720 16688 2192
656 16208 1696
448 16192 1520
304 16192 1456
496 16144 1696
352 16160 1504
432 16192 1616
432 16176 1728
384 16208 1728
416 16160 1728
320 16208 1936
528 16256 2000
464 16208 1792
464 16256 1536
400 16144 1536
368 16176 1376
288 16192 1648
144 16208 1744
224 16176 1840
192 16160 1808
192 16208 1760
96 16672 1232
144 16256 1440
192 16064 1216
560 16176 1424
576 16208 1424
656 16112 1568
608 16080 1536
448 16032 1664
336 16112 1712
304 16112 1728
272 16208 1888
384 16144 1744
400 16160 1744
368 16080 1648
400 16096 1552
432 16176 1584
400 16176 1872
384 16112 2128
400 16224 2048
448 16224 1840
480 16128 1824
512 16032 1824
320 16064 2144
288 16192 2528
352 16288 2528
368 16432 2528
464 16080 1872
320 16592 2064
2576 14400 -624
1408 14976 -992
1056 15552 -320
2192 14880 -640
1136 14064 -2848
272 15808 2704
448 16800 816
912 15776 -928
-256 16560 1920
272 16496 -400
-64 17184 3696
592 16224 2288
800 16048 1536
896 15488 1440
928 15616 1216
784 15808 1872
528 16016 1952
464 15792 2976
256 15920 3008
576 15360 2832
736 15456 1536
560 15712 2032
1104 16528 2592
704 16368 2592
464 16352 2256
496 15920 1616
416 15968 2336
352 15888 2384
288 15920 2016
208 15904 1936
256 16016 2048
400 16032 2144
368 16032 2000
368 16096 1984
352 16128 2112
352 16224 1872
368 16160 2016
240 16096 1968
432 15824 2912
144 16608 2560
1440 16544 4928
1264 15808 3280
576 16960 2640
912 15568 1472
224 16320 2432
240 14608 2736
416 15744 5072
-64 18112 4464
784 15072 3632
976 15584 2272
1136 15296 2512
144 15776 3632
1232 15328 3024
1520 13648 3152
1632 14304 2304
3488 13792 3584
1856 14048 4048
624 14464 5008
2528 12336 2416
1664 16816 2992
1232 15728 3600
608 14624 2960
800 15424 2832
464 15744 2160
400 15984 1968
128 16112 2128
208 16144 2128
256 16000 2032
128 16112 2656
544 16480 3056
480 16208 2816
256 16080 2128
224 16416 2672
960 16064 2688
-288 16160 1712
-288 16384 1856
352 15984 2032
0 15824 2528
688 16912 2416
-144 16000 2416
336 15744 2320
-16 16256 -1152
1264 14896 1072
816 15568 2208
1072 15888 1984
1024 15920 2816
560 15552 2784
336 15952 2000
128 15952 2736
256 16144 2832
160 15872 2256
32 16224 3248
176 15888 3200
112 16272 2768
-80 16336 2592
224 16320 2048
144 16384 2512
80 16224 2048
-80 16352 2000
-16 16096 2112
464 16048 2240
384 16096 2288
352 16096 2336
384 16000 2416
320 16032 2288
288 16032 2368
240 16032 2544
