startup(x,y,z):(144,16272,256)
20528 14432 -3360
-15888 4016 -6208
-8064 12912 1184
-6960 11904 -4192
-2848 15936 -512
-1952 14960 -528
2208 19360 -2960
928 15680 -688
-384 15760 -2224
896 16528 -2336
80 16048 -2048
480 16016 -1600
480 16192 -880
288 16192 -880
192 16528 544
224 16272 624
512 16320 336
256 16192 320
0 16320 640
0 16224 544
-64 16224 -144
-32 16112 -96
-112 16112 -16
-144 16144 -16
-112 16112 288
-96 16160 592
64 16256 480
64 16256 432
48 16240 32
160 16224 -80
144 16240 0
192 16192 176
112 16240 400
128 16224 560
16 16256 544
48 16176 176
48 16176 176
48 16128 176
272 16160 112
256 16176 240
96 16176 416
32 16240 480
32 16224 320
176 16192 -16
208 16192 288
208 16192 288
0 16192 224
-64 16224 224
32 16208 736
32 16176 752
-48 16176 464
0 16160 464
240 16208 128
128 16272 176
176 16224 80
224 16144 224
208 16192 464
160 16160 400
160 16160 208
144 16240 208
304 16144 208
272 16144 96
320 16240 -64
192 16192 240
192 16192 320
128 16192 320
80 16176 368
112 16224 432
128 16192 400
160 16208 80
32 16256 144
32 16272 256
16 16272 448
64 16320 448
128 16288 384
96 16224 336
-64 16256 288
112 16304 304
48 16304 288
80 16272 80
112 16304 144
112 16208 400
160 16208 240
256 16240 240
192 16176 144
144 16336 0
192 16224 -64
192 16192 160
256 16192 160
128 16160 192
368 16176 160
384 16176 320
256 16176 320
160 16208 160
128 16208 80
128 16208 240
160 16192 240
192 16192 144
80 16176 384
160 16176 448
-48 16240 256
-48 16320 32
144 16320 -192
208 16304 192
128 16304 192
112 16240 352
384 16192 336
224 16304 528
224 16256 368
240 16256 240
224 16112 240
272 16240 -128
176 16240 -64
-80 16304 32
-80 16288 320
-16 16304 352
-16 16288 544
-16 16288 544
208 16256 480
176 16288 96
304 16240 288
320 16288 192
320 16224 320
160 16224 528
128 16240 592
80 16256 448
176 16240 384
368 16176 384
304 16192 256
160 16240 336
176 16208 400
176 16208 272
272 16256 272
176 16304 432
304 16176 432
208 16272 288
240 16304 240
240 16240 160
208 16192 288
64 16192 192
96 16256 192
160 16256 128
64 16304 192
176 16304 176
176 16304 224
352 16240 528
208 16160 496
240 16224 672
176 16288 416
48 16224 368
112 16192 272
112 16192 208
256 16128 208
128 16128 128
64 16192 256
112 16224 160
64 16176 256
128 16272 272
48 16320 320
48 16400 288
272 16240 368
272 16256 448
256 16256 608
192 16224 608
256 16256 304
416 16352 320
896 16848 -128
-5344 13312 512
-5344 15104 160
-2048 15680 -16
-1408 15936 224
-704 16144 -80
-48 16096 -64
512 16096 -64
480 16160 -32
128 16144 176
-64 16144 240
-64 17648 -1456
1264 17648 -512
848 16576 -512
464 16224 80
320 16176 112
304 16240 192
336 16192 32
240 16304 -48
224 16336 -16
224 16272 -128
128 16272 -128
208 16352 -224
224 16256 160
192 16288 176
160 16256 400
240 16352 304
240 16352 352
432 16400 128
352 16432 256
160 16224 256
32 16160 256
176 16304 272
368 16640 256
368 16912 -128
304 16912 -128
48 16768 384
128 16592 256
352 16416 336
128 16432 352
112 16416 320
224 16608 640
224 16496 720
48 16496 720
112 16624 640
32 16640 928
304 16496 1248
304 15936 192
496 15936 656
512 16192 656
16 16752 656
656 16784 640
-1952 16224 448
-2064 16224 320
-640 15248 320
-2128 16160 1648
-672 16816 2400
32 17312 2640
32 17312 2496
-96 16848 2496
272 17136 2144
32 17568 1664
416 17200 864
464 17136 976
1520 17504 1248
1600 18752 2560
1600 18752 1856
1856 20752 1856
3504 29680 -1216
2240 28624 -2544
864 31648 -8304
2224 26448 -7552
2288 23040 -560
-8384 18784 9600
-3824 16912 6272
304 16608 5360
304 17552 6400
960 17552 6400
784 17888 5136
128 17568 4208
-432 17168 3216
-784 16832 2192
-800 16240 1424
-336 15824 1472
-144 15456 960
192 14960 960
192 13680 1248
560 13680 1248
352 16752 4864
-1328 24704 3744
-2464 25744 1680
-2464 24272 2352
-720 18640 4832
-704 15824 4736
-384 13728 4448
-176 12528 4160
672 11824 3552
848 11440 2912
848 11152 2752
1312 11152 1968
1616 10864 1968
1456 10656 1264
1472 10352 1184
1312 10560 1408
976 10896 1616
656 11232 1392
352 11248 688
-32 11424 256
-32 11424 368
-688 11648 368
-1136 11888 240
-1616 11968 320
-1952 12016 80
-1936 11904 -304
-1936 11920 -480
-1600 11920 -480
-1648 12320 -784
-1152 12768 -864
-1104 12896 -832
-1152 13152 -784
-1088 13456 -800
-912 13936 -992
-912 13936 -1184
-816 14640 -1184
-880 15360 -800
-544 16096 -912
-192 16768 -992
-208 17280 -816
-208 17712 -912
112 18000 -944
112 18208 -1136
592 18208 -1136
816 18160 -1392
864 17952 -1584
720 17600 -1840
976 17168 -2144
832 17168 -2272
1056 16880 -2272
1264 16608 -2784
1296 16432 -2912
1264 16320 -2928
1488 16304 -3440
1488 16496 -3648
1344 16656 -4192
896 16928 -4992
896 17184 -4768
496 17184 -4768
592 17328 -4528
624 17376 -4080
608 17520 -3664
416 17840 -2848
416 18128 -2992
128 18144 -3248
-16 18224 -3792
-224 18224 -3792
-224 18288 -3600
16 18528 -2992
352 18848 -1824
352 18960 -848
208 18960 -416
-48 18672 -416
-480 18160 -656
-944 17696 -752
-1008 17360 -1168
-1136 16960 -1216
-1232 16672 -1296
-1232 16384 -1440
-1376 16384 -1456
-1520 16048 -1456
-1648 15792 -1104
-1808 15616 -928
-1824 15568 -768
-1920 15728 -656
-1920 16016 -512
-2000 16016 -416
-1936 16400 -416
-1936 16688 -624
-1728 16768 -624
-1760 16832 -960
-1680 16816 -1328
-1440 16832 -1696
-1440 16832 -1808
-1264 16784 -1808
-1024 16752 -1456
-704 16768 -1344
-512 16704 -1104
-384 16512 -992
-288 16480 -944
-224 16480 -816
-240 16256 -896
-256 16048 -1056
-256 16048 -1152
-112 15840 -1152
-64 15744 -1312
-144 15632 -1264
-112 15472 -1504
-112 15440 -1456
-288 15440 -1968
-256 15488 -1824
-256 15536 -1776
-304 15504 -1632
-192 15392 -1536
-304 15312 -1328
-304 15280 -1200
-304 15280 -1168
-64 15216 -1168
-224 15200 -1056
-224 15312 -1424
96 15456 -848
96 15504 -992
128 15568 -1056
128 15600 -1184
160 15600 -1184
288 15760 -1264
160 15824 -1072
144 15904 -1328
144 16032 -1088
0 16032 -1216
-368 16064 -1216
-240 16208 -992
-144 16416 -976
-128 16544 -912
-144 16528 -944
-128 16624 -1216
-208 16656 -1408
-208 16656 -1392
-368 16448 -1392
-448 16480 -1376
-464 16496 -1264
-576 16576 -1296
-576 16592 -1552
-544 16592 -1520
-304 16528 -1728
-304 16368 -1664
-128 16368 -1648
-144 16368 -1648
-208 16272 -1408
-144 16176 -1264
-48 16208 -1440
-48 16176 -1344
-96 16176 -1376
-32 16256 -1376
-32 16256 -1264
48 16304 -1296
112 16240 -1232
144 16240 -1200
96 16256 -848
96 16336 -880
160 16336 -1136
320 16352 -1056
336 16432 -1120
368 16384 -1040
320 16416 -1120
144 16496 -1088
144 16496 -1136
32 16432 -1136
-112 16464 -1568
-256 16464 -1520
-384 16464 -1456
-480 16432 -1408
-304 16272 -1392
-304 16272 -1632
-352 16272 -1632
-528 16176 -1376
-464 16144 -1232
-368 16064 -1296
-320 15984 -1104
-320 16000 -1040
-432 16000 -800
-432 16128 -736
-368 16128 -736
-256 16112 -768
-224 16160 -1072
-144 16064 -912
-144 16064 -992
-208 16064 -832
-480 16064 -832
-320 16096 -1216
-400 16064 -1088
-448 16000 -848
-592 15904 -912
-464 15872 -928
-448 15936 -864
-640 16016 -560
-640 15984 -736
-496 15984 -736
-672 16112 -752
-688 16256 -528
-544 16288 -704
-272 16320 -832
-272 16320 -1136
-192 16288 -1136
-176 16336 -912
-240 16336 -848
-272 16336 -752
-336 16368 -1152
-240 16272 -1136
-240 16224 -960
-272 16224 -1104
-320 16256 -1104
-336 16112 -832
-384 16208 -960
-336 16112 -816
-288 16032 -800
-320 16000 -768
-320 15952 -912
-224 15952 -976
-352 16032 -976
-240 16016 -800
-128 16032 -960
-224 16160 -944
-224 16160 -768
-320 16160 -1104
-240 16160 -1104
-208 16160 -1136
-80 16208 -1040
-192 16144 -960
-336 16112 -688
-400 16000 -688
-400 15952 -864
-256 15952 -976
-272 15936 -976
-272 16000 -1008
-384 16016 -1040
-192 15968 -960
-352 16032 -896
-368 16016 -624
-464 16128 -544
-400 16176 -720
-400 16176 -768
-336 16240 -768
-416 16192 -608
-512 16176 -400
-528 16256 -400
-528 16320 -688
-544 16320 -768
-528 16256 -768
-512 16240 -928
-464 16256 -880
-400 16208 -880
-208 16256 -928
-240 16160 -704
-240 16160 -640
-272 16272 -640
0 16240 -768
32 16208 -784
