startup(x,y,z):(160,16176,336)
192 16224 1008
16 16208 1024
192 16208 1024
32 16208 1024
96 16176 1184
192 16128 1088
176 16112 928
96 16144 800
96 16208 864
96 16208 784
240 16208 784
224 16224 624
272 16176 784
112 16192 1056
112 16144 1072
176 16224 816
224 16224 816
32 16160 656
96 16224 576
16 16096 752
0 16160 896
-16 16144 1136
48 16160 1232
16 16208 1136
16 16208 848
-48 16272 848
64 16208 944
80 16176 848
224 16208 720
224 16192 672
224 16272 832
240 16208 800
224 16208 800
320 16320 688
352 16160 768
256 16224 720
304 16160 688
304 16128 768
336 16128 688
320 16176 688
336 16192 1056
176 16080 1168
80 16064 1152
96 16256 960
192 16208 992
192 16208 736
64 16240 736
192 16208 992
384 16192 1008
352 16176 1168
352 16080 1216
176 16080 1056
176 16128 1056
144 16240 1184
128 16240 1168
160 16224 784
256 16160 848
208 16192 608
208 16176 912
48 16176 912
0 16416 1120
272 16320 1184
336 16208 880
336 16128 848
176 16128 544
0 16224 544
128 16096 688
176 16112 672
32 16112 896
-64 16080 1104
-160 16176 1056
-160 16160 1024
-16 16176 1024
-16 16176 880
-16 16368 832
64 16336 832
112 16272 928
96 16240 1008
80 16288 1168
272 16192 1136
240 16240 1296
240 16240 1280
336 16256 1280
240 16272 1024
128 16272 1104
32 16256 928
48 16208 848
48 16208 976
128 16208 1088
112 16192 1232
-48 16192 1232
128 16064 1152
32 16160 992
128 16144 928
128 16144 864
288 16160 864
272 16144 1008
288 16144 1056
304 16192 896
176 16240 1008
176 16144 1024
176 16224 1152
176 16160 1216
32 16160 1216
48 16144 1104
160 16224 1152
192 16288 1072
192 16192 960
192 16192 1024
272 16160 1024
320 16160 976
144 16272 1008
192 16272 1184
96 16288 1024
48 16224 1008
48 16256 960
112 16144 1120
48 16144 1120
-32 16224 960
160 16160 1008
96 16160 976
112 16144 880
112 16192 992
96 16192 1024
176 16336 976
192 16336 976
144 16368 1008
80 16240 1040
48 16224 1120
48 16256 1056
224 16256 976
208 16192 976
176 16208 1296
256 16272 1184
-16 16240 1312
-16 16176 1040
256 16208 1024
256 16160 944
176 16160 944
112 16176 768
80 16160 912
208 16128 1056
192 16128 1072
224 16176 1024
224 16176 1104
144 16208 1104
256 16208 1104
368 16176 1072
272 16160 1040
304 16128 1056
368 16160 1152
368 16160 1024
304 16192 1024
304 16176 1088
320 16208 1136
176 16160 1040
208 16224 784
208 16208 672
144 16208 672
112 16176 672
128 16128 672
160 16144 864
176 16208 992
240 16224 976
336 16176 720
336 16208 816
192 16208 832
160 16256 832
144 16288 896
208 16256 1280
96 16272 1152
160 16192 1136
256 16224 912
208 16144 944
208 16144 816
224 16144 816
16 16144 912
192 16144 1008
256 16160 800
224 16112 1008
208 16048 816
208 16048 1056
448 16064 1056
368 16144 1104
208 16224 1040
320 16256 848
144 16192 816
144 16176 976
224 16176 976
128 16160 912
128 16160 1072
96 16144 1104
176 16144 912
160 16160 864
176 16192 960
176 16112 928
272 16112 928
176 16192 976
128 16224 1056
96 16160 1152
96 16144 1168
16 16256 1248
128 16256 992
160 16240 976
96 16256 960
128 16224 1072
48 16208 1024
288 16160 880
288 16176 928
304 16144 880
352 16144 1120
208 16192 1120
432 16192 1024
160 16144 992
160 16208 1024
144 16144 1072
144 16144 1136
208 16176 1120
160 16176 1024
80 16192 1024
64 16192 1104
224 16256 992
240 16144 1088
176 16496 864
176 16320 976
208 16320 976
0 16144 1200
240 16144 1008
208 16240 944
320 16304 1120
368 16240 1104
368 16256 992
368 16256 1056
368 16256 1056
336 16304 992
272 16208 1040
272 16176 960
272 16144 992
256 16144 896
336 16128 896
240 16112 720
304 16160 848
192 16080 832
64 15936 384
64 15936 640
-16 15936 784
240 16128 784
192 16224 688
208 16224 1184
272 16208 1168
288 16144 928
288 16144 768
368 16112 992
320 16368 1232
176 16368 1200
320 16256 1200
288 16288 1152
96 16240 1072
-16 16224 1216
96 16160 1120
96 16032 784
192 16032 736
32 15968 736
-48 16080 896
-16 16208 1040
144 16208 928
144 16192 848
272 16192 896
272 16256 1040
288 16256 1040
208 16096 896
160 16144 608
160 16128 976
224 16208 976
224 16192 848
176 16192 1040
64 16240 976
64 16240 864
64 16176 864
80 16144 1248
128 16208 800
176 16208 880
176 16208 848
112 16208 848
208 16208 1168
208 16160 1104
-16 16144 1168
144 16208 1056
32 16208 1120
16 16176 848
16 16160 720
-128 16160 720
16 16064 784
-96 16112 944
112 16176 976
288 16240 928
288 16240 928
400 16272 928
304 16240 960
112 16208 1104
224 16144 1056
224 16128 1376
304 16144 1248
336 16112 976
176 16144 1152
176 16080 1024
128 16192 1040
208 16144 912
208 16224 896
64 16208 896
64 16256 928
64 16256 1024
112 16256 1024
-16 16336 1088
0 16176 1056
64 16192 1056
64 16176 1120
80 16176 816
224 16128 816
128 16112 704
192 16208 736
192 16160 736
960 16144 1248
848 16192 1040
336 16192 1040
336 16288 912
160 16288 912
160 16240 784
304 16240 800
320 16224 704
448 16176 768
448 16144 816
368 16144 736
160 16192 848
240 16192 848
176 16144 864
224 16192 880
-80 16160 960
-80 16192 1040
0 16192 1040
-64 16144 1056
80 16160 944
80 16160 944
96 16288 928
48 16224 800
48 16272 784
48 16272 864
160 16272 992
272 16240 992
112 16368 992
192 16320 1072
80 16336 976
16 16320 912
64 16256 960
64 16256 1104
32 16176 1104
32 16208 1104
0 16160 1104
112 16192 912
224 16080 624
96 16176 480
96 16176 480
160 16176 800
128 16208 944
160 16240 800
288 16160 736
256 16208 944
256 16160 1040
240 16192 976
240 16240 1072
208 16240 1072
112 16192 1008
128 16176 592
16 16224 800
16 16128 928
112 16128 832
176 16192 832
96 16128 752
160 16160 976
144 16240 928
240 16192 912
320 16192 1056
256 16160 992
256 16160 1056
272 16176 1056
176 16208 1120
144 16144 1216
96 16128 960
96 16192 1152
64 16192 1104
48 16192 1104
32 16224 864
64 16224 768
-112 16192 928
144 16224 864
224 16176 800
176 16176 944
176 16176 736
256 16256 736
48 16192 848
144 16240 1072
176 16256 784
176 16176 848
112 16176 960
-16 16176 928
-16 16176 880
192 16240 880
224 16176 896
304 16224 864
256 16208 496
256 16208 656
144 16160 608
80 16176 608
16 16224 672
64 16224 896
80 16224 864
192 16176 640
160 16144 960
64 16288 960
224 16128 864
144 16144 816
240 16160 1184
112 16144 1200
112 16144 1120
208 16176 1120
240 16144 656
272 16272 1072
304 16192 1200
176 16144 1088
176 16272 960
176 16272 976
16 16272 976
64 16304 1120
192 16224 1344
144 16128 1184
576 16176 1040
576 16160 864
304 16160 832
208 16064 800
176 16080 800
192 16064 816
64 16176 848
96 16144 912
0 16192 928
0 16176 1072
48 16176 1088
160 16144 1088
128 16192 1024
64 16208 960
304 16192 832
208 16160 912
224 16240 832
224 16256 880
16 16256 880
-176 16768 2656
208 16064 1376
400 15920 1344
192 16128 1408
192 16192 1152
304 16192 1040
144 16368 1040
176 16192 976
144 16064 832
176 16160 1056
176 16288 976
256 16160 768
256 16160 864
256 16128 864
160 16224 992
-32 16224 1040
32 16304 1200
32 16192 1216
176 16192 1216
256 16224 1040
240 16096 928
96 16032 720
64 15856 768
160 15888 672
160 16032 816
0 16032 816
240 16112 1072
448 16144 1056
384 16192 976
320 16144 1376
320 16112 1328
288 16112 1184
288 16176 1104
192 16176 1264
192 16160 1264
96 16192 1168
112 16224 1088
352 16128 1168
352 16224 1328
304 16176 1120
208 16176 1120
320 16144 1472
240 16240 1360
256 16288 1136
48 16272 1168
64 16288 992
64 16256 944
208 16256 944
144 16240 1296
176 16240 1264
144 16240 1136
128 16160 1104
128 16160 1040
128 16160 1040
160 16240 1056
304 16208 1232
256 16224 1152
336 16240 1088
