startup(x,y,z):(464,16224,144)
1568 16368 -2288
80 16896 1152
-864 16528 1152
80 16336 1456
-160 16304 928
32 16064 864
256 16096 960
608 16160 960
608 16208 464
1024 16208 -32
736 16304 -32
1120 16256 352
224 16256 560
-160 16256 1088
48 16288 832
224 16224 352
704 16176 -1120
704 16368 -1424
688 16368 -1424
432 16496 -1424
400 16288 -848
224 16288 -688
352 16352 -400
352 16368 -80
432 16368 336
160 16240 336
96 16176 544
416 16192 640
736 16208 640
720 16160 224
560 16160 592
304 16192 704
304 16144 704
256 16144 912
192 16144 912
320 16224 -208
496 16208 -624
544 16256 -624
480 16240 -608
512 16288 -720
496 16176 -528
592 16256 -592
592 16240 -176
544 16240 -176
336 16208 128
400 16208 128
496 16288 144
544 16256 -256
432 16240 80
432 16224 224
384 16224 512
368 16224 512
304 16208 480
512 16224 480
432 16192 16
528 16128 32
512 16240 -144
528 16192 -336
624 16192 -624
512 16224 -784
432 16256 -272
544 16160 128
592 16192 128
304 16272 144
320 16128 0
448 16112 128
480 16208 336
320 16224 48
272 16224 64
448 16208 -80
416 16272 -176
448 16256 -256
304 16288 -224
304 16240 288
432 16224 128
448 16224 272
384 16224 -48
400 16224 160
288 16192 -16
496 16128 128
336 16128 240
448 16160 272
448 16160 -112
544 16224 -96
624 16176 -96
368 16192 16
368 16192 16
448 16160 -16
480 16112 -80
512 16208 16
368 16208 176
416 16176 288
320 16224 368
352 16224 192
704 16208 112
704 16272 272
432 16272 288
560 16320 288
400 16320 144
464 16272 160
544 16320 0
448 16368 64
448 16368 -64
480 16256 80
496 16320 48
496 16304 -48
400 16224 -144
336 16224 -160
288 16224 -16
464 16208 32
464 16208 -80
464 16160 176
544 16160 176
432 16208 256
352 16240 64
416 16256 240
416 16208 112
480 16208 -192
496 16272 -272
432 16208 64
400 16256 64
416 16256 -48
400 16176 32
448 16144 -48
432 16208 32
480 16192 112
352 16224 128
464 16224 0
480 16240 160
288 16160 80
352 16240 176
320 16144 32
368 16208 48
384 16240 -48
544 16240 -48
464 16224 144
464 16208 -48
496 16096 32
480 16144 48
464 16192 48
576 16288 112
576 16240 32
432 16240 -48
656 16240 0
544 16240 -32
544 16240 -96
528 16240 -96
544 16240 48
448 16240 48
656 16176 96
656 16256 -16
496 16256 240
592 16176 240
512 16192 400
480 16208 304
496 16240 0
480 16144 64
432 16128 64
400 16256 96
448 16224 80
432 16192 0
352 16256 32
480 16192 16
448 16176 0
448 16176 -192
384 16128 96
352 16208 192
384 16176 176
272 16160 272
384 16256 128
416 16192 -64
448 16176 -112
448 16160 -96
448 16160 96
528 16128 96
512 16208 -16
592 16208 80
528 16144 -32
432 16176 128
432 16192 -112
416 16192 -112
496 16224 192
416 16240 -64
400 16240 -16
432 16272 192
544 16272 128
416 16272 96
416 16256 -16
624 16256 -16
512 16208 96
448 16224 48
432 16144 16
480 16096 80
384 16176 32
384 16176 160
480 16160 160
464 16224 96
624 16192 -32
496 16240 16
336 16208 288
336 16256 0
400 16256 224
240 16256 192
416 16208 192
480 16224 208
448 16176 368
512 16080 112
512 16336 112
528 16144 240
416 16144 240
416 16192 16
400 16176 0
368 16192 160
480 16160 176
480 16160 0
448 16128 64
400 16128 64
496 16096 112
512 16048 -48
304 16128 80
352 16192 -32
272 16288 -176
272 16192 -48
304 16192 -48
496 16176 256
448 16240 176
592 16208 160
464 16176 240
368 16208 128
368 16320 336
336 16320 336
352 16288 272
432 16240 208
416 16224 288
416 16304 16
592 16240 80
592 16208 32
496 16288 -304
400 16288 -304
320 16176 336
272 16208 256
320 16240 64
432 16224 -32
432 16192 128
384 16192 192
432 16128 192
464 16160 112
400 16208 48
304 16272 32
256 16304 48
336 16224 -48
336 16224 192
352 16224 -96
480 16224 -96
448 16208 -96
336 16176 272
448 16224 256
432 16160 192
432 16192 48
432 16256 176
448 16256 176
416 16128 208
400 16144 288
432 16192 208
368 16192 224
384 16192 48
384 16192 -80
416 16160 -80
432 16176 -240
496 16240 -240
400 16160 144
592 16176 144
416 16192 80
432 16192 32
464 16112 160
464 16176 192
544 16160 320
544 16192 128
448 16192 -192
448 16208 -192
400 16176 0
448 16160 128
288 16128 256
416 16160 336
400 16240 416
336 16288 352
336 16256 272
304 16256 -16
256 16288 -80
288 16256 -80
272 16272 144
336 16272 160
416 16240 0
352 16192 96
352 16192 16
288 16128 16
304 16128 48
272 16128 128
352 16160 160
400 16128 240
400 16176 256
272 16176 256
352 16304 -160
384 16192 32
368 16176 -240
336 16208 80
288 16256 80
320 16240 32
320 16240 64
320 16256 64
320 16240 80
416 16256 224
416 16176 224
480 16240 128
480 16192 80
464 16192 224
336 16160 224
368 16128 224
208 16160 400
240 16192 320
352 16192 304
352 16272 336
384 16272 256
320 16304 256
304 16352 112
416 16176 32
352 16240 -144
432 16208 -80
480 16160 -48
480 16272 16
432 16272 -80
496 16288 -80
560 16224 -96
432 16224 0
480 16208 336
480 16256 160
608 16256 288
464 16192 16
512 16272 16
400 16224 0
384 16352 32
368 16288 384
464 16272 160
464 16224 400
464 16288 400
464 16288 400
528 16256 304
480 16208 240
400 16240 208
464 16128 192
416 16160 160
416 16128 -144
480 16128 -96
384 16208 -96
528 16192 0
432 16304 128
464 16240 208
432 16320 112
480 16288 128
608 16240 224
560 16224 176
512 16160 128
512 16208 192
432 16208 192
384 16192 96
416 16160 96
464 16128 0
432 16112 -32
528 16144 224
416 16176 304
336 16192 224
336 16192 192
304 16208 352
336 16192 160
448 16256 256
576 16256 0
432 16288 0
384 16208 -48
224 16176 0
320 16224 48
336 16176 112
336 16272 48
368 16272 240
432 16192 432
512 16192 432
464 16256 256
336 16256 208
272 16272 208
336 16288 -112
320 16272 -80
352 16352 -16
400 16208 16
448 16272 16
448 16272 80
384 16192 160
384 16240 160
320 16256 48
272 16176 112
272 16240 272
464 16240 80
336 16288 80
320 16272 32
464 16224 112
320 16192 304
432 16208 80
416 16160 176
400 16112 224
480 16208 112
512 16224 176
512 16128 48
544 16128 48
416 16192 128
368 16304 96
320 16192 96
416 16192 224
400 16240 96
448 16240 32
448 16256 -96
416 16256 80
368 16240 80
368 16256 -32
384 16208 160
288 16192 112
352 16240 32
512 16272 -48
512 16192 0
432 16144 48
432 16256 192
480 16256 32
528 16304 32
464 16208 0
416 16208 -80
400 16240 64
400 16192 48
464 16224 -176
496 16224 0
496 16208 0
528 16208 0
592 16240 384
464 16288 384
528 16240 224
496 16208 112
544 16240 -32
592 16272 64
480 16272 -64
448 16240 -48
448 16240 -128
384 16240 -128
384 16272 64
352 16320 -32
448 16336 48
464 16320 -32
368 16304 -32
496 16256 -16
272 16208 112
480 16240 -48
496 16208 112
448 16256 224
448 16160 208
384 16160 208
384 16096 208
384 16144 512
416 16224 224
416 16288 192
384 16256 272
384 16256 192
496 16288 224
544 16240 192
544 16224 224
464 16224 16
464 16160 16
512 16160 256
544 16128 128
416 16112 48
448 16208 128
512 16208 48
480 16240 208
480 16160 112
384 16160 112
480 16144 112
416 16208 -256
528 16304 -320
384 16384 -240
512 16352 -48
432 16256 160
432 16288 -64
384 16288 0
480 16128 0
496 16240 -336
400 16240 -112
1312 16944 -768
2304 14192 -1328
2240 13072 -704
2240 15328 -2000
3344 15328 -2192
4128 14272 -560
1680 16800 464
96 16496 304
528 16672 -144
5888 16960 -7136
14016 15568 -19888
-6368 16624 4576
-4240 16000 3696
-1504 16432 4048
-1216 15360 -1680
-640 15168 -1680
4240 15648 624
4320 15872 880
3088 16256 3056
496 15728 1904
2336 16112 3248
2416 16256 2480
