startup(x,y,z):(464,16224,144)
1808 16176 -1648
3392 16192 -2560
1440 16448 688
-2032 16240 1856
-2032 15968 1040
400 15968 1040
144 16000 1024
-624 16176 2064
-32 16192 1904
496 16112 1472
432 16112 768
432 16080 1056
1184 16080 624
1248 16128 1616
1232 16128 1520
176 16176 1520
320 16160 848
256 16160 512
-192 16240 160
16 16336 -672
16 16320 -1552
544 16192 -2208
912 16192 -2208
704 16304 -1744
368 16336 -1184
304 16352 -912
608 16176 -800
560 16208 -784
816 16320 -736
816 16320 -112
624 16320 16
560 16288 16
384 16256 272
592 16224 416
560 16304 464
704 16272 800
768 16256 864
624 16176 528
464 16176 576
464 16176 608
320 16208 608
336 16144 672
288 16224 480
464 16208 704
416 16176 320
464 16256 144
480 16240 96
528 16176 -80
352 16336 144
352 16272 336
224 16272 432
320 16208 432
608 16176 448
496 16224 352
496 16144 336
656 16240 -80
512 16208 -128
512 16320 -224
432 16224 -448
432 16288 -448
352 16288 -272
352 16272 -272
384 16272 -448
432 16272 -624
432 16224 -224
400 16176 160
464 16192 272
464 16192 704
544 16192 576
480 16128 592
416 16160 800
480 16160 592
384 16192 592
384 16192 656
448 16352 576
480 16256 512
512 16192 256
528 16208 192
528 16208 -32
592 16208 -192
464 16288 -288
480 16256 -528
368 16352 -560
352 16304 -176
352 16320 96
240 16320 -160
256 16256 -48
272 16160 64
368 16144 -112
496 16176 -128
464 16208 16
464 16240 272
480 16272 16
464 16256 16
448 16256 32
496 16144 0
496 16176 112
448 16208 112
416 16192 96
400 16240 0
464 16176 96
464 16160 96
448 16160 96
640 16208 32
640 16272 352
416 16240 816
-272 16240 1696
-624 16240 704
-224 16464 704
112 16064 256
640 16384 -176
320 16336 -240
96 16352 -176
208 16304 -64
352 16256 144
336 16256 -64
240 16160 -64
208 16208 -80
240 16272 -160
336 16256 -96
352 16240 -160
448 16192 32
544 16160 272
384 16112 512
448 16192 272
400 16128 480
416 16112 192
416 16112 320
448 16176 256
528 16240 96
272 16320 304
496 16288 16
432 16288 16
432 16352 48
608 16336 -32
592 16320 -64
560 16224 176
496 16256 176
496 16208 -128
528 16224 -144
464 16240 -336
368 16176 -112
384 16208 -192
608 16240 -64
736 16160 0
736 16160 -48
736 16256 -48
560 16240 -32
528 16256 -112
448 16288 128
464 16304 0
400 16240 -224
352 16160 -256
432 16160 -32
416 16192 192
400 16272 192
448 16240 272
384 16224 -208
448 16176 304
512 16208 240
464 16224 128
496 16208 80
496 16160 176
416 16160 224
448 16176 192
352 16224 96
464 16224 -128
432 16208 0
320 16208 0
320 16208 16
416 16192 -16
352 16208 -96
320 16256 176
352 16208 80
352 16208 256
368 16288 256
384 16288 256
480 16256 96
576 16256 112
576 16256 -32
608 16240 -32
512 16176 16
512 16128 176
464 16160 -16
480 16160 -16
624 16160 -16
480 16192 -48
448 16272 -48
448 16208 368
480 16176 416
480 16192 272
448 16176 128
448 16256 48
512 16240 64
496 16208 192
576 16240 160
576 16240 -64
448 16272 -64
448 16288 48
352 16320 32
368 16336 112
304 16288 48
400 16224 96
464 16240 176
448 16240 160
416 16272 128
416 16288 304
416 16208 336
464 16208 336
448 16144 -80
432 16144 176
464 16208 208
432 16208 80
416 16208 -192
352 16272 -80
496 16272 128
432 16272 176
448 16208 96
368 16208 144
368 16176 80
368 16144 0
416 16144 0
384 16176 48
432 16176 -32
544 16176 288
544 16224 288
448 16176 208
448 16208 304
448 16240 32
368 16176 32
464 16256 160
528 16208 320
528 16224 0
480 16224 -32
464 16240 -96
400 16240 -96
368 16192 144
480 16176 112
368 16192 176
400 16224 224
512 16128 192
368 16080 112
368 16080 -256
480 16192 -256
528 16176 -176
464 16240 32
528 16304 -64
416 16240 112
400 16288 112
352 16208 80
400 16208 -16
400 16224 48
368 16224 16
400 16208 16
416 16176 -96
400 16256 -208
432 16176 128
432 16224 96
432 16304 48
320 16256 32
480 16256 -16
480 16208 16
448 16208 -16
496 16288 -16
544 16352 -128
480 16160 32
400 16128 48
432 16192 240
448 16176 80
432 16144 -32
448 16224 240
448 16320 208
496 16320 208
448 16224 128
384 16224 48
480 16304 -32
512 16256 48
512 16224 112
432 16224 64
352 16208 64
464 16272 224
544 16288 208
432 16288 192
432 16336 96
432 16272 0
368 16272 -48
464 16336 -48
336 16288 144
464 16224 -112
528 16208 -80
576 16208 -48
480 16240 32
480 16240 176
448 16160 224
480 16112 224
464 16128 64
416 16192 64
400 16224 112
432 16272 192
432 16272 144
512 16288 144
368 16272 144
384 16224 -16
624 16192 -64
480 16224 -80
512 16256 -128
384 16304 64
272 16272 80
400 16256 256
432 16272 288
272 16240 272
272 16208 448
432 16208 352
464 16224 80
528 16160 80
496 16208 112
448 16224 112
560 16240 64
512 16224 288
512 16208 80
400 16208 80
384 16288 176
352 16176 240
528 16096 256
496 16144 -112
368 16192 -96
368 16144 192
448 16144 -48
512 16112 -48
512 16192 -48
512 16192 320
528 16240 416
464 16160 176
464 16160 64
512 16256 96
560 16256 96
464 16128 144
352 16224 192
432 16144 -32
368 16208 -32
464 16176 -128
496 16192 32
496 16224 -32
352 16224 272
336 16160 -64
384 16224 -64
480 16192 -96
448 16176 64
480 16192 128
544 16144 112
432 16192 160
496 16144 112
528 16176 160
576 16208 112
576 16176 16
560 16208 64
480 16256 192
480 16256 64
256 16208 64
368 16224 240
352 16160 0
368 16240 128
448 16272 128
448 16240 224
400 16208 -128
400 16176 -16
448 16160 112
432 16224 144
448 16192 304
368 16160 80
464 16176 320
384 16192 208
384 16160 224
368 16160 48
432 16208 48
416 16144 256
320 16128 160
448 16208 64
384 16256 96
384 16256 208
304 16256 192
384 16208 192
448 16240 -288
400 16176 -64
400 16240 -80
368 16224 256
368 16288 -240
384 16288 -96
368 16272 48
304 16288 -96
384 16288 -96
320 16288 -48
224 16176 128
384 16176 -48
336 16160 128
288 16096 176
288 16192 320
256 16192 208
352 16144 208
384 16144 256
416 16128 160
512 16240 144
480 16224 384
608 16144 384
544 16240 96
448 16224 144
448 16208 176
576 16176 208
512 16192 80
512 16192 320
448 16192 320
624 16272 48
560 16256 128
384 16224 48
400 16176 80
304 16160 192
304 16240 32
384 16208 -96
512 16208 -160
400 16240 -160
336 16208 128
496 16304 224
640 16272 224
640 16240 160
512 16240 96
496 16208 96
432 16256 -96
384 16240 80
480 16320 64
384 16272 208
304 16288 240
304 16176 256
256 16176 256
336 16192 48
400 16160 112
544 16160 96
496 16192 432
496 16224 304
544 16224 144
496 16208 96
416 16288 96
400 16240 112
240 16240 64
400 16288 -224
480 16240 -320
464 16240 -128
352 16224 -48
432 16240 -64
432 16224 -32
432 16208 -176
384 16256 192
336 16240 64
336 16240 16
480 16256 16
336 16224 224
384 16176 192
336 16176 64
448 16192 160
496 16176 112
496 16224 0
448 16224 144
496 16144 128
400 16160 128
608 16192 48
528 16208 80
512 16272 352
256 16240 240
448 16240 144
448 16176 -112
608 16176 -112
528 16176 160
496 16096 192
512 16208 416
576 16240 240
528 16288 352
640 16224 336
640 16288 272
560 16288 272
624 16240 144
528 16240 144
416 16240 16
256 16304 128
224 16288 144
384 16192 256
384 16224 80
464 16224 160
416 16192 368
448 16160 128
384 16176 128
400 16176 112
368 16176 -80
368 16176 272
320 16192 176
464 16208 -32
480 16272 -32
464 16304 112
560 16272 240
448 16320 80
464 16256 -32
400 16176 288
400 16160 240
400 16160 192
464 16240 144
400 16272 144
384 16320 80
368 16288 112
544 16272 160
400 16240 224
464 16256 192
496 16272 112
560 16272 64
560 16304 32
