startup(x,y,z):(384,16208,112)
848 16160 -272
-32 16400 464
320 16272 752
336 16272 784
384 16144 1008
448 16016 816
224 16064 976
432 16112 640
432 16112 -112
896 16240 -112
1088 16192 -384
368 16208 -160
272 16272 336
496 16256 80
544 16160 -144
416 16224 -448
432 16192 -336
352 16176 -416
352 16240 -96
416 16320 16
864 16224 -128
928 16144 -144
288 16128 48
0 16192 256
288 16240 480
304 16176 608
352 16208 592
352 16208 592
432 16144 336
800 16144 336
704 16224 256
688 16208 -96
384 16256 -160
304 16240 16
176 16224 -48
176 16144 48
384 16192 64
608 16192 -80
480 16192 96
256 16160 96
416 16128 160
352 16176 224
416 16208 384
352 16176 496
368 16176 224
544 16256 -96
688 16224 -288
368 16288 -176
352 16288 144
256 16272 256
352 16240 80
352 16240 80
480 16240 -192
464 16208 -64
256 16224 -64
368 16176 -224
416 16192 32
592 16288 32
544 16192 272
496 16176 464
288 16160 336
288 16160 304
256 16208 464
320 16192 464
448 16272 288
384 16240 256
368 16208 -48
384 16208 48
272 16224 0
352 16160 0
352 16160 16
336 16240 -240
448 16224 -160
480 16192 144
464 16192 80
384 16160 128
432 16112 176
640 16160 272
464 16160 304
464 16160 224
592 16160 -32
560 16160 -32
640 16224 -16
432 16176 144
384 16240 176
560 16240 384
464 16224 96
464 16224 -112
448 16224 112
368 16192 112
400 16240 112
256 16256 16
400 16192 208
576 16192 208
576 16112 384
560 16112 240
512 16192 112
464 16208 112
464 16176 336
320 16224 256
320 16160 160
464 16176 0
464 16192 -16
512 16192 -48
336 16144 -48
304 16144 288
432 16176 80
560 16256 -64
592 16224 80
528 16208 192
512 16256 128
512 16224 160
512 16176 112
496 16176 112
400 16208 160
432 16144 -16
448 16144 48
528 16192 16
432 16192 16
400 16272 192
208 16240 144
128 16256 96
416 16192 -48
400 16176 -144
400 16192 0
464 16192 320
480 16176 384
432 16112 272
416 16112 304
368 16240 304
432 16304 528
432 16272 608
544 16256 384
528 16240 48
480 16224 -16
480 16224 80
464 16080 176
368 16176 48
464 16176 48
624 16208 112
720 16272 -96
608 16208 192
576 16208 80
432 16192 304
480 16240 256
480 16272 256
480 16272 256
480 16272 224
528 16256 240
544 16128 176
432 16192 144
416 16176 240
368 16176 96
480 16144 176
464 16176 176
576 16160 -112
496 16224 128
496 16224 0
352 16336 0
384 16272 80
368 16368 80
544 16304 240
464 16288 160
624 16256 16
512 16272 144
448 16272 240
544 16176 112
544 16176 96
480 16176 224
608 16208 176
512 16176 320
416 16144 320
368 16272 80
400 16240 240
464 16208 0
512 16144 48
512 16176 336
416 16176 336
464 16128 32
448 16160 64
448 16192 288
496 16128 304
448 16240 208
448 16240 16
384 16240 -32
352 16240 -32
480 16352 16
640 16256 16
544 16272 -176
448 16224 48
448 16208 128
336 16208 0
432 16208 0
480 16176 -64
400 16176 0
544 16208 224
560 16176 224
480 16256 32
288 16192 -16
368 16208 -64
432 16192 256
480 16192 112
464 16192 240
464 16192 320
432 16160 256
368 16160 128
512 16144 128
592 16096 256
544 16080 -48
576 16304 -32
480 16272 -128
512 16160 64
480 16208 160
480 16304 -336
352 16304 -96
400 16192 -96
384 16320 -32
432 16304 48
432 16288 256
512 16304 192
320 16352 192
176 16272 128
208 16224 224
592 16208 64
496 16176 112
480 16192 480
480 16192 336
480 16192 304
544 16176 304
416 16240 96
512 16224 272
384 16176 272
400 16224 192
384 16256 48
336 16176 64
352 16144 160
352 16144 -32
368 16192 -128
368 16192 -320
496 16304 -320
592 16304 -320
464 16240 80
416 16208 176
400 16176 -64
400 16176 -112
496 16176 -112
464 16144 -80
464 16176 0
320 16240 -16
480 16240 128
480 16192 288
480 16144 96
480 16144 -32
464 16176 -32
544 16192 240
480 16176 208
560 16192 144
496 16176 160
496 16144 64
384 16144 256
336 16208 256
352 16320 256
352 16320 16
352 16304 0
368 16256 -64
512 16256 16
512 16256 224
384 16208 224
352 16208 384
432 16160 192
272 16144 160
272 16128 48
336 16224 96
400 16224 96
384 16208 224
496 16304 176
336 16160 128
464 16144 -80
640 16160 -64
640 16144 -80
544 16144 0
512 16208 96
368 16240 96
592 16144 192
576 16192 128
528 16192 224
368 16160 176
480 16160 16
432 16112 -48
432 16112 -48
624 16096 -48
512 16128 -16
624 16160 64
448 16224 -160
496 16144 -96
496 16160 -112
512 16192 80
512 16192 400
384 16160 400
400 16224 112
576 16192 96
416 16208 288
416 16208 208
416 16224 256
432 16224 128
320 16240 -16
432 16240 -16
496 16224 192
608 16160 16
592 16144 256
432 16176 208
512 16240 112
496 16224 224
496 16192 272
512 16192 96
624 16160 144
544 16160 144
512 16160 160
416 16176 208
400 16208 320
416 16208 320
432 16224 288
416 16272 192
416 16272 224
432 16320 224
352 16208 160
448 16208 96
368 16192 240
368 16240 272
256 16208 128
256 16208 288
144 16256 -16
352 16256 -32
560 16176 -112
416 16160 -112
528 16128 16
624 16160 80
576 16272 96
512 16256 48
432 16176 48
256 16144 128
256 16240 304
336 16240 -192
400 16192 -192
352 16160 -80
368 16144 16
432 16144 16
352 16192 -64
352 16176 -128
384 16176 -128
352 16176 176
384 16160 -16
480 16160 128
496 16080 64
496 16192 176
576 16176 144
544 16192 -80
544 16128 288
480 16128 32
448 16240 16
448 16224 -208
432 16224 -160
272 16160 -64
368 16160 -176
272 16272 288
336 16272 96
464 16288 128
464 16160 128
608 16160 160
432 16176 160
352 16288 144
384 16256 416
320 16288 288
288 16272 -96
288 16192 -480
448 16192 176
448 16208 176
432 16224 560
448 16208 336
384 16128 512
320 16160 320
1168 16240 -880
1168 16368 -4368
1056 16272 -2368
1056 16272 560
-816 16288 560
-1152 16288 2192
-160 16192 720
176 16144 992
-768 16064 1568
0 16112 1920
0 16128 1792
752 16128 1312
640 16208 1312
912 16016 912
1120 16064 832
1280 16096 848
1024 16048 1680
1024 16304 1680
384 16176 976
336 16176 128
-64 16144 128
-112 16304 -336
64 16304 -848
16 15824 -992
800 16176 -1152
800 16304 -2544
1632 16304 -1792
1328 16288 -1792
1152 16240 -1728
1088 16208 -1856
1136 16352 -1792
224 16208 -560
224 16400 2128
-2496 16400 -752
1392 16016 -752
352 15264 272
1584 16256 -816
960 16320 384
752 16576 672
448 16224 400
448 16128 480
720 15952 512
832 16112 864
688 16112 768
432 16144 768
416 16256 880
288 16208 640
384 16288 336
384 16240 -64
400 16240 -176
560 16240 -176
816 16208 -224
560 16272 -448
880 16320 -528
880 16304 -720
768 16352 -736
720 16208 -416
720 16192 -368
400 16208 -272
176 16176 16
32 16256 240
0 16208 800
80 16192 832
80 16144 960
224 16144 480
480 16192 480
528 16192 512
528 16272 512
496 16176 544
336 16208 624
176 16192 896
320 16144 720
320 16208 528
304 16224 416
304 16208 352
304 16208 400
448 16192 400
320 16160 160
320 16224 -160
496 16208 -384
512 16176 -336
560 16256 -480
400 16240 -560
400 16256 -416
304 16272 -352
224 16240 -272
288 16144 -80
496 16240 208
384 16272 400
496 16240 672
496 16208 720
576 16208 864
496 16176 864
432 16192 768
336 16160 768
288 16144 608
240 16208 432
400 16256 -32
432 16160 48
432 16240 -80
464 16320 -272
480 16320 -384
496 16272 -384
352 16240 -112
272 16224 -144
288 16240 -304
304 16224 -464
336 16240 -144
336 16256 0
288 16240 224
352 16240 224
336 16384 144
384 16288 368
352 16256 496
240 16192 544
240 16176 544
336 16176 576
320 16128 576
320 16144 432
336 16112 304
368 16112 64
528 16160 64
528 16112 48
512 16368 48
576 16160 -192
496 16192 -288
384 16224 -128
336 16224 -96
400 16128 96
400 16160 48
416 16160 -192
