startup(x,y,z):(464,16224,144)
2192 17776 -416
-304 17504 1424
1168 17664 -4352
1168 13056 -3840
13712 14864 -17888
3584 16304 4512
-16608 19312 17888
256 16176 5616
1264 16592 2656
912 15952 2656
2544 15728 784
4800 17760 -1056
12528 16096 -1040
1616 16688 6528
1616 16480 5808
864 16480 -688
6608 16848 -688
6912 16464 -384
4352 15600 -416
1536 15200 -2240
976 16064 -2944
-544 16240 -5008
-544 16240 -4288
-1408 16672 -4288
-3744 16720 -2176
-672 16464 -2944
48 16432 -2816
-64 16160 -1840
-256 16384 -2880
-256 16384 -1776
32 16016 -1904
896 16176 -2464
1200 16176 -1488
912 16144 -1488
1168 16368 -688
992 16496 336
928 16320 1856
1104 16288 2080
400 16272 2496
400 16256 2688
-208 16256 2080
-32 16192 1904
-96 16128 1664
176 16128 1664
608 16112 1568
752 16176 752
752 16272 224
752 16256 -144
416 16256 -608
544 16176 -608
880 16160 -576
448 16096 -624
272 16304 -624
96 16320 -480
464 16160 -640
464 16160 -560
640 16192 -560
688 16208 -1600
944 16160 -1168
560 16208 -880
592 16176 -848
624 16288 -176
448 16256 176
256 16208 432
432 16272 736
544 16272 864
544 16272 976
640 16272 976
496 16320 976
400 16144 1168
480 16160 848
592 16256 784
736 16256 672
656 16272 400
608 16208 16
496 16224 -64
560 16256 -272
512 16256 -384
512 16176 -432
432 16176 -176
320 16192 -176
256 16224 -256
416 16176 -240
592 16160 -128
656 16192 -224
624 16224 -272
512 16240 32
480 16208 -16
368 16224 80
256 16160 112
256 16176 224
176 16176 208
320 16208 208
432 16240 384
592 16320 304
672 16192 208
576 16160 336
512 16144 224
560 16160 -80
480 16224 48
400 16240 128
400 16176 160
400 16176 160
528 16160 64
352 16160 -128
368 16240 48
272 16240 -112
384 16224 -64
448 16224 -32
560 16240 64
528 16176 128
464 16176 256
448 16160 176
448 16112 128
416 16112 304
288 16176 496
368 16176 496
512 16144 320
512 16064 160
400 16112 -112
448 16128 -112
320 16240 0
512 16160 -16
464 16208 -16
416 16272 48
416 16256 272
432 16224 144
432 16192 16
576 16192 64
496 16192 160
560 16192 176
464 16192 176
656 16192 112
656 16192 0
352 16272 16
208 16288 32
304 16272 96
400 16224 112
432 16224 224
432 16256 336
448 16256 144
416 16256 64
464 16224 -144
336 16224 112
320 16160 112
384 16176 0
544 16208 176
464 16176 144
704 16192 176
464 16208 256
560 16256 448
576 16256 400
496 16176 448
464 16208 480
352 16208 128
480 16240 64
352 16224 144
496 16208 112
480 16240 144
288 16240 48
320 16176 -32
416 16224 240
448 16192 240
480 16224 432
592 16256 304
480 16256 272
416 16256 -128
544 16288 -128
416 16288 112
384 16128 0
592 16112 272
512 16112 272
480 16272 240
528 16288 -144
384 16288 128
528 16192 32
496 16192 80
464 16192 32
448 16272 32
416 16144 96
416 16096 128
448 16144 176
416 16208 144
496 16256 80
480 16256 208
320 16240 400
416 16208 400
480 16208 272
416 16176 480
400 16208 480
464 16176 128
416 16208 400
448 16256 176
464 16176 -80
400 16176 -80
368 16288 -80
384 16272 48
528 16224 32
464 16176 -96
464 16208 -32
320 16240 -96
368 16240 -64
640 16192 -128
640 16256 -32
432 16256 112
384 16240 128
448 16192 128
416 16256 96
496 16272 256
560 16192 112
496 16192 224
608 16176 256
544 16176 176
544 16176 64
304 16224 64
240 16256 160
416 16224 192
352 16240 80
512 16192 32
512 16176 112
480 16144 144
416 16176 -64
256 16144 80
256 16160 0
256 16160 16
304 16240 288
336 16288 -128
336 16288 144
352 16288 144
288 16224 48
304 16240 176
480 16240 224
480 16272 240
480 16272 192
512 16288 192
400 16176 128
464 16224 -48
480 16176 16
560 16192 -48
416 16240 112
416 16240 -64
512 16192 -192
464 16192 -16
464 16224 96
496 16224 96
464 16176 32
416 16192 -16
464 16272 208
368 16288 240
368 16256 240
512 16256 192
464 16288 192
304 16192 176
384 16272 112
560 16256 192
528 16256 240
544 16208 176
640 16256 272
560 16256 0
528 16192 0
576 16256 224
432 16192 0
528 16240 64
528 16256 16
384 16256 -48
368 16224 -48
384 16272 -208
368 16288 -128
448 16144 64
384 16160 64
448 16128 -128
528 16144 -48
272 16208 192
496 16208 256
432 16128 80
304 16176 80
432 16240 -16
576 16288 112
512 16208 192
480 16224 192
624 16224 144
544 16256 176
592 16192 160
560 16192 144
448 16208 288
432 16304 192
432 16288 128
496 16288 64
352 16192 64
336 16176 80
416 16256 48
480 16224 64
448 16224 64
512 16160 256
400 16144 160
208 16144 224
224 16208 464
304 16240 240
320 16272 -176
432 16256 -368
432 16224 80
400 16208 -64
496 16208 -96
480 16144 144
496 16160 128
432 16144 240
288 16192 336
368 16224 176
320 16224 32
416 16176 256
416 16224 208
336 16176 320
336 16176 320
624 16192 -16
496 16208 -16
480 16240 48
368 16192 48
448 16128 -64
464 16176 96
480 16144 224
416 16288 144
416 16240 -48
448 16240 256
384 16256 256
384 16224 208
512 16192 256
432 16208 64
464 16256 -32
496 16160 208
496 16208 288
496 16224 144
496 16192 0
496 16192 0
448 16256 160
432 16240 304
432 16256 336
512 16256 208
544 16208 48
368 16192 208
464 16176 48
528 16208 -16
528 16160 0
528 16160 144
464 16144 144
464 16160 192
496 16192 32
560 16160 -32
528 16144 -224
528 16256 0
496 16256 48
496 16256 -48
512 16256 272
432 16128 272
496 16256 336
528 16272 304
448 16256 240
448 16160 336
528 16208 256
464 16224 240
464 16224 96
528 16256 96
528 16224 -48
448 16192 -32
288 16192 64
256 16192 112
352 16192 112
368 16240 32
352 16256 0
368 16192 32
432 16224 176
480 16224 80
384 16304 112
384 16240 160
432 16240 -16
448 16320 -16
352 16320 224
304 16304 272
448 16240 272
448 16208 368
432 16272 256
400 16304 160
448 16288 224
448 16288 160
448 16256 0
512 16256 48
320 16224 16
352 16176 16
352 16208 144
432 16176 160
384 16240 64
416 16208 160
336 16240 288
304 16208 112
304 16224 -16
336 16224 -64
480 16288 224
352 16224 224
304 16320 32
336 16256 144
256 16224 128
304 16240 48
240 16176 112
288 16208 48
368 16256 48
496 16240 96
496 16272 64
608 16288 96
544 16208 -64
512 16208 -144
560 16224 -144
320 16208 -64
304 16224 -144
160 16160 160
416 16192 128
336 16224 128
528 16224 112
592 16192 160
592 16192 -64
608 16304 -64
336 16304 160
416 16256 192
448 16192 112
320 16176 128
240 16208 256
240 16160 48
352 16160 64
576 16144 64
416 16160 80
304 16176 384
304 16160 320
336 16160 304
336 16224 112
432 16224 112
704 16176 64
512 16144 224
416 16144 272
240 16192 48
416 16160 -96
512 16144 64
480 16192 96
368 16192 0
368 16208 128
656 16208 128
624 16192 176
528 16192 368
352 16160 128
320 16176 176
336 16128 336
496 16128 240
368 16128 192
368 16208 96
416 16208 80
464 16192 80
432 16176 32
432 16288 -224
368 16272 48
240 16208 288
336 16288 0
432 16128 96
464 16192 112
480 16208 64
432 16208 176
496 16240 160
496 16240 128
496 16240 -16
480 16304 -16
592 16288 32
400 16304 80
208 16288 -64
432 16224 112
576 16256 144
560 16256 112
560 16240 256
560 16176 112
464 16176 240
432 16128 240
400 16176 80
496 16128 144
432 16176 160
432 16144 96
448 16224 80
432 16240 -32
432 16320 -144
432 16320 -144
448 16288 208
512 16192 224
400 16224 352
384 16288 384
384 16240 160
480 16240 128
400 16288 128
480 16192 112
624 16160 -64
432 16160 0
560 16144 80
528 16240 48
528 16208 -48
544 16208 -176
560 16256 -176
544 16304 176
400 16208 208
368 16208 208
384 16208 208
352 16176 112
352 16272 16
352 16256 -16
368 16256 0
528 16192 0
432 16192 240
256 16176 400
464 16128 176
320 16192 128
