startup(x,y,z):(432,16224,368)
576 16048 1024
-240 16496 1648
-240 18928 -144
1472 18928 272
432 17600 272
528 17856 608
416 17936 1504
1936 11712 -992
1872 12576 -1472
912 14352 -1104
736 15008 -208
736 15712 768
848 16528 1456
800 16384 1424
912 16384 1424
1168 17104 704
608 15600 272
848 15520 336
624 17616 1280
944 24064 5296
1808 22368 5680
-864 18976 9232
-864 18976 7424
736 16480 7424
-4352 24560 -3968
-4368 24160 -3936
4608 28272 -3936
5456 23616 896
3648 23648 2176
2064 21808 1792
1728 18128 1328
1504 15776 240
1504 14160 -320
1504 14160 -672
1408 13104 -672
1184 12624 -1376
896 12336 -1552
560 11984 -1552
240 11776 -1040
-16 11808 -1152
-160 11728 -1488
-416 11776 -1616
-416 11616 -1712
-480 11616 -1712
-576 11712 -1616
-704 11760 -1776
-1056 11792 -1760
-928 11648 -1760
-688 11840 -1232
-48 12080 -432
-48 12544 448
1088 12544 448
2224 14400 2048
3520 15536 1616
4672 15536 448
5792 16816 448
6528 18416 -576
5392 22992 -3232
6736 26192 -3440
8608 24544 -1216
9024 22608 -288
6624 22768 2272
9312 21312 -3776
6176 20752 -5568
3472 19424 -6912
896 17056 -7456
-1584 14880 -8560
-1584 13168 -9472
-4896 10784 -10320
-7072 10464 -11856
-9952 10464 -12640
-12096 10560 -12640
-14240 9872 -12704
-16000 9664 -12384
-16432 10272 -11536
-13552 12352 -9136
-10272 13520 -6544
-5312 15952 -1840
-5312 20016 2160
3776 16656 4176
3600 14208 2336
6656 14208 -1760
7424 15776 -1760
7360 16784 -4048
7504 16656 -1376
7312 15984 1216
6688 15984 2656
6336 15376 2656
7296 14432 6720
7808 13872 5216
7328 14416 1424
7472 15264 -912
8736 15296 -1392
8736 14800 -80
10384 14800 -80
12352 13456 2848
12352 13824 3808
12432 13824 3808
11936 14592 4368
11856 15200 4768
11792 15344 5296
12048 15360 6160
12656 15552 6144
12656 15520 4912
13232 15520 3088
13248 15216 1328
12896 14272 -16
12320 13040 -16
11712 11792 -1792
10528 10736 -4496
8336 10512 -7152
8336 11760 -9744
832 14672 -13504
832 19376 -16672
-2832 22192 -17600
-3168 22192 -17600
-2848 23168 -17328
-3632 22576 -14576
-4992 20864 -10048
-6496 18720 -10048
-7984 16864 -9008
-9072 15712 -8592
-10144 15472 -8064
-11440 15984 -7168
-11440 16192 -6352
-12640 16144 -4864
-13856 16144 -3280
-15040 16000 -1968
-15968 16064 -656
-16304 15712 64
-15760 15408 64
-14880 15248 -1024
-13264 14960 -2480
-11008 14912 -4096
-8912 15680 -2064
-5696 16224 -32
-1904 16832 128
-1904 16832 1008
2448 17872 1008
7376 18384 2016
12624 17872 3424
16848 15392 3584
18912 13440 1888
19152 13488 -688
19152 13488 -2976
19024 15056 -2976
19584 16400 -3840
20032 17408 -2336
19728 17888 32
18560 17360 3312
17600 16448 7056
15520 15200 8992
14336 14400 8128
14336 14400 4736
13712 14016 4736
13040 13728 912
12144 13712 -2896
10576 14208 -5616
8880 14608 -7632
8880 14880 -8784
6880 14880 -9296
3024 15152 -11312
-2528 16208 -11312
-7136 17776 -14160
-10160 18240 -16752
-12416 19296 -17504
-14160 20128 -15936
-14160 20112 -14256
-15456 17808 -13584
-16576 17808 -13584
-17984 14816 -11456
-19600 12496 -7984
-21408 11920 -4960
-21696 13120 -3504
-20960 14544 -3456
-18976 14672 -6400
-18976 14672 -9872
-17008 14480 -9872
-14752 14128 -11648
-11904 13200 -11360
-7552 15072 -4032
-2416 16144 2944
-2416 18048 6160
5104 22032 13472
18880 22032 13472
25760 21600 4560
29200 20912 4560
28112 20352 -3504
23408 18672 -6544
25808 17088 464
28016 16368 15680
28016 16432 13664
26080 16432 8576
25056 15408 8576
22944 13632 3744
19760 12800 3744
16256 13168 -784
12304 14496 -4704
7408 14112 -7488
2464 12304 -10336
-2112 11760 -13504
-2112 13184 -16416
-5712 13184 -16416
-7760 15136 -18384
-10880 17472 -18448
-13104 19072 -18384
-14720 19616 -17328
-16048 18352 -14016
-16784 15776 -12192
-16784 13344 -10240
-17552 11824 -8352
-18416 11824 -8352
-18928 11600 -6784
-19152 12736 -5392
-18416 14448 -4624
-15952 15680 -4512
-12496 16144 -4864
-6608 19040 1856
-6560 19040 14272
2736 18560 14272
13984 15952 16144
20704 20368 4832
23392 20368 4832
21456 24080 -6336
18544 23760 -12688
18416 20592 -12464
20624 18032 -7920
25856 18688 4384
29216 17392 18224
27856 14800 11056
24224 14160 6240
19104 14080 6128
14304 14192 4016
14304 14672 512
10832 14672 512
8176 14400 -2896
5376 14048 -5840
2320 13472 -8352
-144 13360 -10848
-2944 13120 -13328
-2944 13968 -14768
-5696 13968 -15840
-8736 15488 -15840
-11344 17040 -16608
-13120 17952 -16608
-14432 17632 -14848
-15328 16032 -12368
-15328 14320 -9680
-15920 14320 -7632
-16960 13104 -7520
-18208 12720 -4560
-19344 12880 -864
-19312 12912 2000
-16960 12000 2608
-13376 11552 992
-13328 11552 -304
-8752 12000 -304
-3008 15248 4736
4688 17840 10416
12720 19984 11376
17792 22080 7072
17792 23936 -464
19072 23936 -7280
17104 23776 -7280
16736 21280 -8032
19776 19920 -4848
23632 19824 576
28144 19056 10832
29632 16560 14800
29632 14848 12208
27312 14848 10816
23744 14176 10816
19936 13776 8784
16464 13440 4000
13408 13424 -1344
10368 13184 -5600
8144 12480 -8704
6672 11728 -11824
6672 11728 -15456
4976 11760 -15456
3008 13088 -17936
128 13952 -18704
-3296 14560 -17696
-6864 16544 -15408
-6864 18480 -13760
-10016 20400 -12768
-14288 19456 -11088
-14288 16640 -8560
-15632 16800 -8560
-16176 13824 -7376
-17136 11456 -6752
-18784 10320 -6848
-20112 10208 -7232
-20112 10496 -6736
-21344 10496 -6736
-21888 11168 -4928
-20976 11392 -1264
-17952 10800 2608
-13936 10560 4848
-9424 12656 7728
-9424 12656 13104
-3664 16320 13056
1008 18816 7776
6800 23648 752
8944 25088 -3488
11824 23696 -4800
11824 19616 -2160
17504 15184 5888
25072 15184 12688
28864 13792 12688
30752 13408 8208
31696 11472 8592
32176 10272 10272
32256 10208 8752
32256 10912 5808
28576 10912 5808
22880 12064 1024
17024 12576 -4960
10640 13360 -13456
3312 14992 -20960
-4880 16112 -25568
-4880 16560 -26384
-11184 16560 -25248
-12752 17136 -25248
-11520 17568 -20800
-10576 17408 -17088
-11184 17040 -14176
-11664 16928 -12032
-12064 15456 -10144
-12064 15456 -8432
-12784 12160 -7376
-14016 12160 -6320
-15728 11328 -6320
-17264 10960 -5728
-18688 11248 -5152
-19328 12176 -4304
-19184 13312 -2576
-17696 16192 4400
-14160 18672 10816
-14160 20720 13376
-10352 20576 13376
-7328 22528 11824
-4784 24672 7136
-2256 24528 1856
1200 21824 -1632
6176 18976 -2368
11440 18480 128
18096 17184 4416
18112 17184 10816
25376 14128 10816
29008 12368 11632
30832 11184 8928
31744 9728 8272
32192 8672 7680
32240 8528 5392
28144 8800 2304
28144 9680 -2576
21728 9680 -9712
4096 15456 -16384
4096 15456 -22048
-6048 18960 -22048
-16048 21056 -24464
-21968 21424 -22208
-23200 21104 -20800
-21104 20288 -18432
-16960 18688 -15632
-14400 16288 -13088
-14352 16288 -10704
-12624 11968 -8560
-12176 11968 -7264
-12544 11792 -7264
-13088 12736 -6944
-13136 14000 -6720
-12400 17408 -1296
-10912 19744 3648
-8048 20528 6368
-3776 20480 8800
2352 20592 10464
9568 20352 12336
15392 18640 9008
19968 16112 4928
22880 13840 2432
25632 13200 3312
28256 14240 6944
28256 14240 9936
29872 16128 9936
29280 17504 8832
27232 16880 5456
24592 15600 4992
20848 14992 4096
16320 15184 2656
16320 15312 1184
11984 14848 -1648
8496 13872 -4896
5408 13184 -8528
2592 13184 -12352
-720 13536 -12352
-5952 15056 -14464
-13088 16768 -13600
-18912 18448 -14304
-22656 19648 -16144
-22656 20112 -16208
-24640 20112 -16016
-25600 19616 -16016
-24448 18800 -14016
-21840 18080 -12224
-18336 17808 -10448
-14400 17600 -9168
-14400 17376 -8624
-10736 17376 -8624
-5904 17392 -6928
-976 17488 -6928
3808 16912 -5280
8032 14512 -4896
12864 10096 -176
18128 6960 6272
21920 7264 9392
27904 15648 12752
29040 19056 10736
29040 21808 9312
29648 23296 9728
29040 23296 10080
27152 20368 10096
24400 20368 9440
21808 17744 9440
18848 16096 8048
16096 15760 5488
13328 16384 2288
10320 17152 -1392
6416 17216 -5072
6416 17040 -9744
3328 17040 -11120
-2864 16048 -11120
-10576 15280 -10256
-14944 15104 -11664
-15984 15728 -14880
-16080 16192 -16320
-17104 16400 -15488
-17936 16128 -13488
-17936 15712 -11648
-17712 15712 -11648
-16112 15216 -10048
-13552 14992 -8832
-10736 14896 -6816
-8112 14512 -4816
-5584 14384 -3072
-5584 14704 -1056
-3488 15600 1152
-1360 15600 1152
800 17040 2368
2960 18672 1088
4368 18896 -1904
5488 17936 -3072
5488 17936 -304
7616 15584 3808
10592 13248 3808
14000 11744 7200
18288 12896 10480
21392 14976 11296
23392 17776 10848
24688 20592 10416
24688 21920 10560
24960 21920 10560
24128 21072 10528
22992 18992 9984
21568 17168 9248
19648 16272 7504
17664 15808 5344
15120 15456 3248
12208 14672 1136
9360 13488 -1024
9360 12064 -4064
7136 12064 -4064
5200 11312 -8320
1968 12432 -12336
-2864 15392 -15184
-9136 19424 -16752
-15376 21984 -17296
-19792 22640 -17328
-19792 22640 -16976
-22016 22720 -16976
-22176 22880 -16192
-20400 22480 -15472
-17968 20800 -13968
-15008 18576 -12048
-11936 16384 -9872
-9120 14944 -8032
-6768 14656 -6912
-4752 15536 -6096
-2960 16448 -5296
656 17088 -4160
2416 17104 -2416
2416 17104 -704
3888 15952 -704
5456 14064 144
7632 12096 1440
10704 10416 4912
15136 9872 9328
20016 10816 11248
24208 12976 10928
26112 14640 9520
27472 17984 9824
27616 21200 11504
26304 21568 11568
24288 20144 9488
21696 18544 7328
18496 17536 4928
14448 17200 2448
14448 17264 -432
5616 16832 -2784
5616 16832 -5168
1920 16000 -6288
