startup(x,y,z):(528,16176,112)
-368 15984 1168
832 16128 608
832 15584 368
560 15584 560
512 15952 560
320 16672 2336
448 16560 2336
304 17008 3232
1504 13792 3504
768 14768 4128
720 14880 3312
-592 17712 2336
2832 15584 816
3312 17664 1840
3312 17664 1168
2032 19248 1168
144 19264 1584
336 18688 2000
192 18304 3008
400 19072 3008
1104 18496 2368
2000 25568 1984
-1312 21984 5632
-832 13904 5712
1024 -8272 -3392
-128 4816 -2496
-544 11568 -848
2016 14880 -528
1792 21184 -4176
2640 21184 -3680
3392 20160 -3680
1728 17952 656
880 16000 2736
368 14864 192
-416 13056 -1136
-896 11488 -688
-896 11488 0
-1072 10816 0
-848 10928 448
-240 11696 -64
368 12544 -832
528 13280 -1376
336 13968 -1424
-208 14592 -1024
-240 15040 -928
-240 15040 -608
0 15376 -608
192 15808 48
560 16368 592
992 17008 704
1264 17264 832
1264 17296 880
1312 17296 912
1008 17184 912
672 16960 816
416 16672 688
48 16528 528
-160 16544 784
-160 16560 560
-272 16544 768
-352 16544 816
-384 16736 816
-320 16736 1008
-64 16592 800
208 16624 768
224 16576 752
224 16592 912
128 16560 944
336 16560 944
272 16544 880
368 16432 656
368 16432 544
272 16240 576
272 16240 528
304 16192 352
224 16192 608
96 16160 608
80 16192 656
64 16240 880
-16 16336 800
-64 16336 864
-64 16272 784
176 16256 736
224 16208 672
272 16160 720
176 16256 768
224 16592 800
464 16448 576
512 16368 576
512 16272 688
416 16272 592
336 16272 592
352 16240 416
288 16256 720
272 16160 624
272 16144 432
192 16160 192
144 16160 288
32 16208 288
96 16256 352
-112 16240 496
16 16208 320
96 16176 352
96 16176 400
128 16224 400
144 16192 544
112 16208 336
272 16240 496
240 16304 368
304 16192 592
368 16192 640
400 16160 704
400 16160 704
176 16240 720
288 16272 640
288 16256 560
192 16256 752
160 16160 752
128 16240 496
112 16208 448
16 16224 432
48 16256 336
128 16224 176
160 16144 592
112 16176 720
192 16240 608
176 16224 496
208 16256 560
208 16256 592
224 16240 704
64 16192 704
240 16208 320
208 16176 320
272 16304 240
272 16272 560
240 16208 624
352 16176 640
384 16304 528
384 16304 512
384 16304 592
336 16256 592
352 16256 368
272 16208 544
192 16176 352
128 16176 656
272 16192 656
304 16144 576
416 16064 528
464 16128 560
496 16112 432
400 16112 528
320 16224 496
320 16224 432
416 16256 432
352 16160 352
304 16128 352
64 16240 384
192 16128 336
304 16192 352
304 16144 448
304 16144 352
256 16208 416
192 16288 496
192 16256 224
160 16256 224
256 16192 608
144 16160 608
144 16144 944
272 16112 656
400 16240 192
576 16224 368
576 16208 336
528 16208 560
384 16144 560
96 16192 544
256 16208 656
240 16160 688
352 16192 848
320 16144 448
464 16256 448
464 16288 480
368 16288 288
304 16224 288
272 16224 144
128 16208 384
128 16240 592
128 16288 512
128 16192 560
240 16224 624
192 16272 544
208 16288 544
208 16288 240
288 16272 240
272 16240 320
64 16272 352
224 16224 464
368 16160 592
576 16128 560
208 16304 464
208 16304 336
208 16512 480
272 16448 480
496 16192 448
448 16128 480
528 16160 720
336 16224 496
336 16224 560
288 16176 288
256 16128 288
96 16096 400
48 16112 368
192 16128 384
272 16208 272
336 16112 272
336 16224 560
336 16240 512
304 16240 512
336 16272 368
544 16256 288
352 16256 496
384 16256 336
368 16192 512
224 16208 288
416 16288 256
304 16288 288
240 16192 448
240 16144 288
240 16144 512
256 16192 496
320 16192 320
320 16192 240
352 16176 240
304 16176 368
256 16192 560
240 16272 480
48 16288 416
48 16288 704
128 16240 704
240 16224 688
240 16064 480
448 16064 608
480 16160 384
416 16144 416
416 16176 448
384 16176 480
288 16176 464
304 16192 464
352 16208 528
272 16192 512
336 16144 496
256 16224 592
128 16128 736
192 16144 464
304 16144 368
288 16080 240
272 16208 464
240 16192 432
224 16160 288
224 16160 -48
208 16160 -48
144 16256 112
336 16256 256
336 16144 272
272 16208 608
224 16240 544
272 16144 512
288 16096 544
224 16160 592
224 16160 448
160 16192 448
224 16144 544
336 16096 720
304 16192 640
304 16176 672
272 16208 736
272 16224 864
224 16224 864
176 16224 528
160 16224 528
128 16224 352
224 16240 272
224 16240 400
224 16240 208
336 16224 208
320 16224 448
288 16176 624
272 16176 688
288 16192 736
176 16096 448
176 16080 528
256 16080 464
320 16208 464
320 16096 496
336 16208 624
352 16160 608
288 16176 496
240 16192 544
224 16224 704
224 16256 448
240 16256 368
256 16208 368
368 16176 592
464 16288 528
416 16304 704
432 16272 528
336 16224 432
224 16224 512
224 16224 432
192 16192 496
192 16144 592
256 16176 688
144 16208 624
272 16208 608
240 16208 720
320 16288 480
496 16272 544
496 16240 624
240 16240 624
240 16336 608
48 16224 496
144 16176 736
80 16176 416
304 16256 352
256 16208 528
160 16208 576
160 16208 528
320 16224 528
352 16240 432
368 16240 368
320 16176 640
240 16144 592
256 16240 640
256 16240 832
208 16208 832
288 16112 688
240 16144 784
192 16176 784
208 16080 720
192 16048 832
240 16112 816
240 16368 1024
352 16224 912
112 16272 976
112 16224 768
224 16224 768
240 16272 704
272 16224 496
320 16272 688
368 16352 720
304 16256 640
144 16176 560
304 16112 576
272 16128 528
320 16144 624
320 16192 432
304 16160 288
304 16176 432
352 16176 352
368 16208 352
416 16112 352
432 16128 448
304 16176 464
384 16176 560
384 16176 544
352 16208 576
320 16208 384
384 16192 384
320 16192 608
304 16176 848
368 16176 768
368 16240 944
480 16288 1008
384 16288 864
384 16240 864
416 16288 592
384 16240 672
304 16288 736
208 16288 640
208 16288 640
256 16320 528
256 16304 576
224 16304 624
144 16240 624
176 16208 864
320 16224 560
384 16240 800
288 16192 704
288 16192 848
400 16160 400
496 16128 480
400 16176 544
400 16176 528
560 16112 528
512 16160 544
400 16160 448
384 16128 272
432 16096 368
464 16160 304
464 16240 512
432 16320 592
384 16256 560
384 16272 544
384 16224 672
480 16224 672
304 16192 560
288 16176 656
192 16176 288
272 16224 176
288 16176 320
288 16176 304
304 16160 352
304 16160 432
336 16192 432
336 16192 544
208 16192 480
32 16128 528
128 16096 656
288 16160 656
288 16160 512
320 16160 480
400 16096 480
432 16160 544
208 16160 608
192 16128 464
464 16160 528
368 16160 624
368 16160 960
416 16160 960
368 16240 976
240 16208 704
272 16160 1008
368 16240 768
304 16256 512
384 16240 512
400 16256 608
320 16320 736
304 16288 576
304 16192 592
352 16192 592
304 16160 400
288 16224 624
384 16128 528
400 16192 560
400 16192 672
592 16208 624
592 16208 768
448 16160 560
368 16160 576
336 16176 368
432 16176 368
416 16176 400
416 16192 544
384 16224 576
368 16288 480
368 16224 304
448 16224 304
384 16256 208
384 16256 432
368 16224 608
400 16208 848
336 16144 528
352 16224 592
352 16192 672
112 16144 576
192 16144 576
320 16192 432
352 16208 672
368 16256 416
288 16256 128
336 16240 256
272 16272 336
256 16256 496
160 16208 352
224 16256 464
240 16224 560
288 16208 640
384 16144 720
464 16128 544
368 16224 464
352 16208 480
416 16272 416
416 16240 336
320 16240 400
288 16224 400
224 16176 544
160 16192 560
240 16192 544
288 16192 736
432 16176 560
416 16208 432
384 16208 560
384 16224 640
336 16224 816
416 16272 784
400 16272 848
272 16288 848
496 16192 496
416 16208 624
432 16208 416
384 16224 576
384 16240 336
384 16224 528
384 16192 512
304 16144 560
288 16176 624
288 16144 400
352 16144 400
336 16224 432
288 16192 464
368 16144 608
320 16192 608
448 16128 640
