startup(x,y,z):(176,16192,160)
896 16352 -448
-3712 13280 -9984
-4688 14656 -9984
656 17296 -8752
-1584 16096 -4400
240 15376 -1024
144 15808 -1824
-256 16032 -896
-32 16224 -48
-32 16224 -480
-32 16240 -480
16 16272 -352
-288 16192 608
64 16096 464
80 16160 16
80 16176 64
400 16176 64
336 16352 48
-2960 17872 640
640 18032 1952
-272 16880 1280
-128 16608 848
-336 16448 288
80 15968 -480
80 15920 -496
-160 15920 -3328
496 15904 -3328
-1184 15392 -2480
-464 15728 -1216
-16 15856 -784
48 15920 -464
256 16048 16
144 16064 -16
144 16096 144
176 16096 144
240 16192 320
192 16208 672
128 16160 400
96 16128 352
96 16224 240
112 16224 240
144 16144 240
288 16160 272
224 16144 272
176 16112 304
192 16096 336
208 16224 160
208 16192 -112
64 16192 64
128 16176 64
64 16096 288
96 16192 304
112 16256 304
192 16256 256
208 16224 304
288 16192 384
288 16176 176
288 16128 176
224 16192 288
32 16112 448
128 16096 240
112 16160 416
112 16160 256
96 16112 288
240 16128 48
208 16128 48
176 16144 208
272 16160 176
256 16160 400
256 16192 208
176 16176 368
176 16160 128
208 16160 160
80 16096 160
96 16176 144
48 16112 224
0 16080 288
16 16160 144
16 16176 16
16 16240 224
32 16240 224
-80 16208 160
80 16144 -16
32 16144 96
96 16128 80
96 16096 16
48 16096 16
-96 16176 176
-80 16176 448
-128 16192 448
-16 16144 368
128 16192 288
96 16272 320
96 16272 144
320 16240 192
160 16128 192
128 16160 304
32 16176 240
192 16208 336
272 16160 512
176 16144 416
176 16192 -48
96 16192 -48
32 16160 352
176 16144 208
240 16192 480
240 16144 368
176 16160 32
256 16160 32
64 16192 64
144 16208 176
160 16176 -32
144 16176 0
0 16192 -112
96 16208 128
48 16256 144
48 16144 112
192 16144 64
128 16144 64
320 16144 32
336 16128 176
224 16096 224
224 16080 400
192 16080 0
240 16128 0
128 16144 0
96 16160 352
112 16128 176
112 16128 256
80 16080 256
0 16080 304
96 16176 176
96 16128 192
96 16112 528
192 16112 416
-96 16096 416
-16 16128 464
176 16128 240
16 16176 208
16 16208 368
112 16208 368
96 16272 512
96 16224 368
128 16192 48
144 16192 208
144 16256 160
144 16256 240
96 16288 240
64 16208 432
64 16160 224
112 16128 464
112 16176 336
128 16176 336
112 16128 336
160 16176 256
96 16176 208
208 16144 416
208 16176 144
240 16176 32
112 16256 240
112 16256 240
80 16160 256
208 16048 0
256 16064 96
192 16128 416
96 16096 80
96 16144 128
112 16144 128
128 16128 128
208 16144 304
80 16176 416
208 16208 112
192 16224 176
192 16192 96
160 16192 64
48 16224 208
64 16272 288
80 16240 272
64 16176 128
64 16176 240
96 16176 240
256 16160 288
336 16160 288
96 16144 256
96 16144 192
64 16208 176
176 16192 240
176 16192 512
128 16192 512
112 16096 240
80 16144 304
32 16176 96
96 16144 -240
32 16208 -224
144 16208 -112
144 16208 16
192 16176 16
336 16128 272
320 16192 112
224 16128 288
224 16128 32
224 16144 64
224 16112 64
128 16112 64
192 16144 -160
144 16192 96
64 16208 160
96 16192 144
96 16192 352
16 16144 176
96 16144 176
176 16224 288
96 16112 304
144 16240 192
128 16192 336
128 16256 288
192 16272 128
192 16176 96
192 16176 96
160 16192 48
64 16128 16
80 16064 112
80 16160 304
112 16160 400
128 16144 384
64 16096 384
-16 16112 128
16 16176 -80
192 16208 -256
160 16224 96
96 16160 224
96 16208 304
112 16208 304
128 16176 96
208 16160 112
288 16144 -16
240 16192 96
240 16064 144
176 16064 240
368 16080 240
304 16192 128
320 16192 112
272 16160 464
368 16272 384
368 16176 256
224 16176 256
208 16192 -64
256 16176 -256
192 16128 112
176 16240 208
176 16048 304
256 16048 304
304 16112 384
224 16080 176
208 16096 128
144 16144 192
160 16176 272
144 16144 336
160 16080 448
160 16080 240
208 16128 240
112 16176 256
96 16160 112
128 16208 144
208 16144 272
176 16176 64
128 16192 176
128 16208 320
160 16208 320
224 16192 320
224 16160 288
176 16176 -32
208 16192 96
208 16192 192
192 16192 192
304 16240 128
240 16144 224
256 16144 80
240 16160 -32
128 16208 96
128 16208 208
128 16224 208
208 16240 320
256 16096 352
176 16224 96
224 16176 176
224 16176 16
16 16192 16
112 16176 32
16 16208 32
208 16176 176
240 16192 224
224 16096 128
224 16096 128
256 16128 272
192 16144 320
160 16032 336
80 16096 352
80 16080 272
0 16128 208
64 16128 288
-96 16128 288
80 16144 288
128 16176 320
160 16112 112
128 16080 288
192 16096 416
192 16176 400
192 16176 400
48 16160 432
80 16240 352
144 16256 288
208 16176 368
272 16080 416
16 16208 432
112 16208 368
176 16192 368
192 16192 336
256 16192 368
144 16192 352
144 16112 320
32 16112 320
32 16128 272
32 16064 272
224 16112 224
304 16096 256
336 16160 320
336 16176 272
208 16176 -240
304 16144 -48
224 16160 176
160 16112 80
112 16144 128
112 16176 288
64 16160 352
112 16176 144
128 16176 224
80 16128 224
112 16128 464
160 16208 224
160 16192 224
176 16192 304
256 16208 304
176 16160 144
176 16144 -48
176 16128 16
160 16160 256
176 16176 416
176 16208 400
144 16208 -112
208 16224 -128
304 16224 -128
208 16240 48
256 16208 -176
352 16192 144
352 16160 256
256 16160 48
96 16128 48
96 16176 272
240 16144 272
176 16272 240
256 16304 80
112 16256 144
112 16256 256
64 16240 256
64 16224 272
144 16192 272
176 16176 368
176 16208 416
128 16208 384
112 16128 208
64 16128 224
16 16112 224
48 16048 240
80 16160 96
64 16160 144
64 16160 112
128 16144 112
176 16192 208
128 16160 208
288 16080 128
288 16112 80
208 16096 192
208 16080 256
352 16080 256
176 16160 112
240 16160 -128
336 16064 288
288 16096 192
288 16096 160
144 16096 160
176 16128 320
224 16224 64
176 16208 384
224 16128 336
160 16112 560
160 16144 304
144 16144 304
224 16144 224
240 16192 224
160 16112 176
112 16128 416
128 16128 336
128 16080 304
288 16080 304
192 16176 192
272 16208 320
272 16176 192
224 16112 480
240 16096 448
160 16080 416
192 16080 416
256 16032 416
224 16112 496
48 16080 336
-16 16112 336
64 16160 240
0 16176 128
0 16272 128
48 16272 128
176 16304 -160
176 16176 432
224 16208 320
256 16160 432
256 16160 256
416 16160 256
400 16080 496
288 16144 768
144 16160 416
240 16112 256
256 16096 -48
256 16144 128
192 16144 112
128 16176 112
64 16176 176
208 16240 48
240 16160 112
208 16208 0
208 16208 272
288 16160 272
160 16272 400
32 16224 432
80 16192 320
144 16160 80
240 16160 272
224 16160 256
224 16144 304
144 16144 48
208 16160 48
176 16080 208
320 16080 240
144 16192 288
144 16144 416
96 16192 208
112 16208 192
112 16208 128
0 16160 128
96 16144 368
160 16144 400
32 16192 288
0 16160 288
0 16256 176
64 16256 176
64 16192 144
160 16144 144
144 16096 336
160 16048 304
16 16128 288
16 16128 256
64 16128 16
80 16128 16
160 16096 240
224 16080 432
80 16160 448
80 16208 32
144 16208 128
208 16128 80
208 16128 352
160 16160 352
176 16160 336
16 16144 384
80 16048 320
80 16080 224
240 16080 224
224 16096 -256
192 16144 -16
208 16112 192
208 16160 160
208 16144 352
192 16144 432
192 16144 256
112 16176 208
48 16128 208
144 16176 208
96 16128 128
208 16128 176
160 16128 48
160 16128 80
176 16064 80
240 16064 272
256 16128 272
304 16064 528
384 16112 448
208 16128 320
208 16096 304
176 16096 304
96 16144 448
112 16128 160
272 16128 272
80 16080 240
80 16144 176
208 16160 176
