startup(x,y,z):(96,16144,368)
9056 11328 -5248
-2608 1984 9248
-5008 7664 3872
-5008 15984 -7088
-3248 17760 -4032
-3248 15392 2784
-48 15392 2784
-768 14496 3104
-832 15808 736
1424 16368 -768
1424 15936 -1296
-320 15760 -1664
64 15760 -1664
-416 15872 -336
336 16048 -528
-624 16176 -624
112 16384 128
336 16512 176
368 16400 432
368 16368 848
704 16288 1040
704 16336 560
400 16240 544
544 16208 544
544 16208 336
336 16208 336
208 16112 192
208 16192 64
144 16192 448
128 16208 448
96 16240 272
-32 16176 144
-16 16208 128
-16 16256 48
128 16256 304
112 16192 304
112 16256 320
48 16208 192
96 16144 368
48 16192 208
48 16192 320
32 16112 320
0 16112 416
112 16160 320
352 16144 0
352 16144 144
352 16144 272
128 16160 272
176 16208 336
96 16160 368
64 16224 128
176 16176 32
112 16144 176
80 16112 80
80 16128 64
48 16128 160
64 16176 160
80 16160 272
144 16192 272
112 16144 288
64 16176 -32
16 16176 48
144 16240 224
144 16160 96
96 16160 -16
48 16128 -16
16 16144 192
160 16096 240
128 16128 64
128 16160 256
288 16160 256
368 16208 224
272 16240 160
208 16320 368
224 16256 432
176 16240 -16
48 16128 240
48 16128 160
160 16128 160
48 16160 256
48 16112 208
48 16128 -16
64 16048 208
64 16080 176
16 16080 192
144 16112 112
176 16112 208
144 16096 208
160 16128 48
112 16096 256
-16 16176 528
32 16160 320
32 16128 336
80 16128 192
160 16080 192
128 16144 96
16 16208 -16
-16 16160 -64
64 16112 16
64 16160 192
144 16160 176
144 16160 176
128 16144 128
96 16080 -64
-80 16144 96
-80 16128 32
-112 16128 272
-32 16064 272
80 16096 336
-64 16080 384
64 16096 624
48 16000 624
-80 16112 464
-80 16112 160
48 16160 160
112 16176 208
96 16176 464
96 16160 464
32 16144 336
32 16144 352
32 16256 304
-96 16192 256
16 16192 256
-96 16240 176
32 16176 272
64 16112 320
64 16208 272
96 16208 272
112 16128 352
128 16160 272
192 16144 -32
16 16080 240
-48 16112 272
32 16128 400
32 16112 464
-48 16112 464
144 16192 240
32 16176 320
48 16192 400
16 16192 160
16 16192 16
192 16176 16
208 16192 240
48 16096 368
80 16144 256
112 16128 48
192 16176 80
192 16144 192
208 16144 192
80 16224 320
-32 16160 128
48 16128 288
-16 16144 176
-16 16144 -16
80 16208 -16
144 16192 144
128 16096 144
112 16176 160
16 16128 208
48 16176 304
48 16176 256
32 16208 256
16 16176 192
224 16160 224
192 16160 336
192 16160 544
112 16160 240
176 16208 112
176 16144 160
208 16144 160
144 16144 16
160 16128 256
144 16112 176
144 16128 128
144 16128 256
128 16080 256
144 16128 96
80 16128 96
176 16096 160
272 16112 160
144 16128 144
144 16176 160
32 16176 160
80 16144 -96
128 16160 -176
224 16128 0
224 16064 144
176 16064 -48
192 16192 -48
-32 16096 48
-176 16128 112
-32 16144 -48
144 16176 272
96 16112 96
96 16112 -32
160 16176 -32
144 16064 112
32 16128 64
0 16112 64
0 16128 112
0 16128 208
144 16128 208
224 16128 320
96 16080 240
272 16112 224
224 16160 64
224 16112 -112
112 16112 -112
240 16080 -240
128 16224 80
144 16128 224
-16 16144 272
-16 16112 368
80 16112 368
176 16080 352
144 16192 336
112 16128 112
368 16144 192
272 16192 320
16 16128 384
16 16128 400
192 16160 400
160 16112 304
128 16128 128
32 16192 48
64 16176 112
64 16096 192
64 16160 272
-16 16160 272
192 16080 240
144 16096 48
320 16176 240
352 16192 288
352 16192 64
96 16240 64
128 16192 224
16 16208 288
32 16176 208
32 16112 256
16 16176 288
80 16176 160
240 16176 160
96 16256 288
160 16256 240
288 16160 144
288 16160 48
160 16208 48
80 16240 -160
0 16192 176
-80 16080 336
-80 16144 160
16 16112 240
16 16112 336
176 16128 336
176 16128 512
192 16016 368
64 16128 -80
-96 16112 272
32 16064 208
128 16064 304
336 16064 112
272 16144 240
240 16160 240
112 16144 304
112 16192 80
80 16192 80
48 16240 32
80 16192 384
64 16144 400
64 16096 448
96 16128 160
112 16128 160
208 16144 96
240 16112 368
144 16176 224
96 16064 368
96 16112 224
144 16112 304
64 16176 304
112 16176 400
128 16112 384
320 16096 144
208 16064 240
208 16160 224
304 16160 224
256 16144 224
176 16128 304
112 16160 128
128 16144 32
128 16192 64
208 16192 368
208 16128 256
80 16128 256
80 16096 64
32 16016 -16
96 16192 -80
-16 16208 192
-16 16144 160
0 16144 192
0 16144 32
32 16160 32
128 16080 160
112 16160 48
96 16144 240
96 16144 160
128 16064 160
16 16160 256
80 16080 512
96 16128 416
96 16144 48
96 16112 144
48 16096 320
48 16096 416
-48 16128 416
64 16064 336
48 16128 448
64 16208 480
64 16240 304
64 16240 208
160 16176 208
272 16128 272
288 16128 352
176 16176 336
144 16128 16
144 16144 208
80 16144 208
160 16160 208
-64 16096 256
-192 16112 352
-32 16128 304
64 16192 224
64 16192 384
-64 16192 384
-64 16192 368
-16 16160 272
-80 16160 384
48 16160 304
48 16160 160
64 16160 160
176 16080 112
112 16080 208
176 16128 176
176 16112 240
176 16112 176
80 16240 176
48 16208 352
80 16224 336
208 16208 432
64 16176 448
80 16176 272
80 16176 176
80 16208 176
176 16160 176
112 16128 208
96 16208 224
96 16144 320
64 16144 192
256 16160 192
128 16112 256
80 16176 160
-16 16160 96
208 16160 -96
112 16064 176
112 16128 96
0 16128 96
64 16128 96
192 16128 112
208 16096 176
144 16048 240
144 16048 256
128 16112 224
128 16112 192
160 16016 192
64 16080 240
48 16160 240
272 16144 144
64 16128 64
80 16128 64
64 16160 128
80 16176 336
-16 16208 464
-16 16192 320
-16 16272 208
-16 16272 352
32 16176 352
-48 16128 112
-80 16112 32
96 16080 -128
96 16112 16
96 16064 384
112 16064 384
96 16112 592
128 16176 128
80 16096 160
112 16080 208
32 16128 208
32 16128 448
96 16160 448
96 16160 224
-144 16112 144
-32 16112 240
-64 16080 304
-64 16080 0
112 16128 0
64 16160 144
96 16160 192
-16 16128 160
-192 16208 304
-32 16144 192
-32 16176 160
112 16176 160
0 16144 112
64 16112 256
144 16096 192
112 16128 -112
112 16128 64
-64 16128 256
-96 16144 304
0 16144 304
48 16176 96
-64 16096 400
-64 16064 320
-64 16064 432
64 16048 432
32 16160 336
64 16208 96
208 16160 336
208 16144 464
96 16144 400
192 16112 352
256 16112 352
160 16176 528
0 16128 400
-96 16160 368
-96 16112 432
-256 16112 432
-128 16192 400
80 16192 336
-112 16176 208
0 16192 128
0 16192 64
80 16112 256
128 16112 96
-80 16208 96
-64 16160 352
-144 16144 464
-144 16128 224
-48 16128 320
176 16016 320
112 16016 480
160 16064 576
112 16080 384
112 16128 80
112 16160 32
48 16080 176
160 16080 256
48 16112 256
0 16160 288
-112 16144 160
-48 16176 288
-48 16176 208
48 16176 208
-48 16160 112
64 16224 -80
256 16256 32
176 16240 144
96 16176 240
96 16128 272
-16 16128 272
-96 16192 160
-48 16112 48
-96 16112 80
-128 16160 128
80 16160 160
80 16160 96
48 16128 96
16 16112 496
48 16128 528
32 16096 496
-48 16096 496
-48 16128 352
-16 16128 144
144 16064 144
128 16096 384
368 16000 304
160 16064 272
160 16064 256
64 16000 256
96 16128 224
64 16192 256
32 16144 240
208 16128 384
240 16176 256
240 16176 240
256 16128 240
240 16128 288
80 16176 224
32 16192 160
32 16192 80
128 16160 80
96 16112 96
32 16160 144
160 16112 144
160 16048 176
48 16144 432
-16 16176 160
-16 16176 144
240 16208 144
224 16240 144
160 16160 112
48 16080 80
48 16096 208
