startup(x,y,z):(464,16224,144)
144 16144 -1440
224 16048 -624
6592 16496 -8112
19616 8448 -14496
-4176 10432 -688
-3296 15888 2784
11024 16272 304
7520 17104 -448
4112 16256 -416
832 16128 4944
2752 16336 3584
-80 16224 3440
-2768 16736 -1840
560 16064 -5648
1520 15840 -4400
240 16480 -4048
864 16608 -4320
1888 16112 -3296
1920 16352 -2368
-256 16352 -976
-912 15712 -976
688 16192 -1424
1248 16032 -1424
288 16320 -1392
-208 16320 -256
-192 16288 1008
-192 16336 1088
-192 16336 1088
448 16192 1792
2832 16272 688
1424 16064 1856
656 16272 2000
816 16368 1520
528 16176 1856
1248 16032 1392
480 15920 1392
480 16288 832
592 16176 720
48 16176 720
592 16304 288
240 16336 -64
176 16336 -240
288 16304 -656
576 16176 -512
800 16176 -480
624 16240 -896
800 16240 -1184
800 16144 -1120
800 16176 -944
656 16208 -848
512 16208 -352
384 16240 -96
272 16272 256
384 16192 208
288 16240 208
240 16272 720
560 16224 608
512 16384 752
512 16448 1952
-208 16144 1456
-144 16144 1456
-32 16144 1520
0 16128 1312
-80 16128 736
256 16144 624
400 16080 112
304 16192 112
400 16176 -256
624 16288 -480
608 16208 -368
656 16272 -512
560 16208 -224
432 16224 -272
432 16256 128
336 16256 336
160 16240 336
176 16224 352
416 16224 416
512 16128 512
432 16160 384
432 16256 176
448 16256 176
352 16240 224
384 16128 96
448 16128 16
384 16144 144
432 16176 176
464 16208 64
448 16272 32
448 16272 -32
512 16224 -32
288 16208 0
480 16192 -224
496 16208 -256
512 16240 48
432 16224 96
480 16208 368
480 16224 464
288 16272 448
336 16272 176
480 16256 176
464 16192 304
416 16208 176
320 16240 160
288 16272 272
448 16320 144
528 16224 96
528 16288 -96
400 16256 -96
352 16208 -64
400 16272 -336
544 16224 -336
304 16240 -176
560 16240 -80
512 16208 32
528 16192 -96
560 16208 64
576 16224 16
448 16176 192
496 16160 288
448 16192 320
320 16208 224
352 16208 240
368 16240 176
528 16304 176
448 16272 288
368 16304 256
416 16240 160
432 16144 16
432 16208 80
320 16192 -16
368 16128 -32
432 16112 -160
464 16144 272
592 16224 224
608 16272 384
608 16256 304
544 16224 336
352 16144 336
496 16144 384
416 16256 368
432 16240 240
432 16288 160
432 16288 32
288 16256 144
576 16304 128
480 16288 80
272 15824 224
656 15760 272
1024 15968 -400
976 16000 -160
1008 16192 -288
960 16320 -176
544 16384 -400
592 16256 -544
416 16160 -224
288 16192 288
224 16144 192
528 16192 16
480 16256 192
480 16208 32
512 16192 16
368 16224 224
400 16160 208
400 16160 208
368 16176 416
400 16176 240
320 16208 224
384 16208 224
432 16208 288
464 16224 192
384 16272 112
480 16256 112
576 16224 192
544 16224 -80
544 16224 -128
416 16272 -224
480 16240 48
512 16256 32
512 16224 192
432 16256 192
384 16240 -160
416 16272 -48
608 16256 0
560 16224 48
432 16176 128
416 16128 80
368 16128 96
272 16144 160
272 16128 80
416 16128 -112
480 16224 -112
448 16272 64
384 16208 16
288 16192 -16
336 16272 32
384 16176 -64
464 16208 -16
656 16160 0
400 16192 144
480 16192 16
432 16192 16
400 16192 48
320 16192 64
336 16256 -32
512 16336 224
496 16304 320
400 16304 336
400 16272 192
432 16272 272
400 16176 224
400 16240 304
416 16224 192
464 16224 256
592 16176 256
432 16256 144
432 16208 128
496 16208 176
496 16240 80
496 16240 160
496 16240 -32
384 16240 -16
464 16320 -16
416 16224 224
400 16224 96
512 16176 64
512 16176 224
528 16224 32
512 16224 128
544 16176 176
544 16256 112
576 16256 112
640 16304 128
560 16224 -48
432 16288 128
480 16224 240
640 16208 96
624 16208 272
592 16192 128
576 16208 128
576 16224 144
512 16224 64
592 16144 64
608 16192 272
448 16272 160
448 16320 -160
384 16304 -80
368 16240 208
416 16224 480
464 16208 288
496 16208 288
464 16288 304
384 16304 304
384 16256 112
400 16176 112
480 16176 48
544 16208 144
432 16192 144
432 16224 80
448 16208 160
464 16208 352
528 16176 352
448 16176 208
464 16240 -96
352 16320 -160
352 16336 -16
240 16304 208
240 16336 240
352 16304 448
496 16304 448
464 16336 304
512 16304 224
528 16192 144
512 16208 208
384 16240 -112
512 16224 -48
512 16224 -320
480 16240 -320
416 16336 -192
432 16224 -112
512 16160 -64
448 16192 16
400 16176 48
400 16176 256
336 16192 256
416 16160 224
272 16176 192
416 16192 80
352 16144 192
352 16144 224
256 16240 224
256 16240 400
320 16240 336
448 16208 288
400 16144 80
416 16144 16
416 16160 224
400 16160 224
496 16144 192
480 16112 112
416 16176 80
432 16208 96
432 16176 272
416 16240 160
496 16192 -48
432 16288 112
432 16288 288
368 16256 288
416 16192 160
464 16256 224
416 16288 304
384 16288 -128
304 16256 0
432 16288 -144
432 16288 112
432 16224 128
464 16224 32
368 16224 32
512 16208 -16
448 16224 240
368 16208 304
448 16288 256
432 16288 160
432 16272 272
384 16272 272
464 16176 464
464 16192 304
512 16160 240
368 16160 48
352 16208 144
384 16224 16
384 16224 224
224 16320 144
384 16224 128
384 16224 160
272 16304 160
464 16256 32
512 16208 80
448 16256 144
448 16240 -16
512 16112 -48
528 16144 -64
528 16224 -48
544 16224 -336
448 16192 -288
512 16224 -288
576 16144 -240
608 16160 32
768 16112 80
496 16176 304
480 16224 256
512 16144 144
448 16224 80
448 16192 48
416 16192 48
240 16160 192
400 16224 160
368 16224 80
448 16128 80
448 16080 32
368 16192 192
432 16224 144
352 16272 192
448 16208 176
448 16240 112
448 16208 -48
432 16208 48
368 16240 256
512 16192 256
432 16192 240
384 16256 176
448 16176 112
448 16208 64
544 16240 32
512 16240 -64
640 16176 32
640 16224 48
496 16288 208
464 16208 144
464 16176 64
432 16176 -64
512 16176 48
384 16176 48
336 16176 0
304 16160 -48
416 16224 96
400 16272 48
496 16192 48
496 16208 176
592 16208 288
448 16224 288
400 16224 0
480 16208 80
448 16128 80
496 16208 144
464 16224 144
464 16208 176
480 16208 208
448 16192 208
656 16192 96
464 16208 -112
560 16144 0
592 16240 -32
480 16240 80
432 16160 16
672 16128 -32
656 16160 80
576 16128 144
576 16128 48
544 16128 256
512 16208 96
576 16272 368
384 16240 240
352 16240 176
352 16208 144
400 16208 112
400 16240 400
464 16240 400
448 16272 208
336 16272 176
384 16224 272
464 16224 0
464 16256 80
464 16256 144
496 16208 144
400 16208 16
272 16240 128
464 16336 112
480 16320 -112
400 16272 -320
368 16272 -208
384 16272 -112
640 16240 0
528 16240 96
464 16128 96
464 16176 240
416 16192 224
448 16272 256
640 16320 384
512 16320 176
512 16272 288
400 16256 304
416 16256 304
336 16224 240
336 16288 176
576 16208 128
448 16256 -48
432 16288 192
432 16288 144
336 16224 208
304 16224 208
400 16160 96
416 16192 288
432 16128 336
288 16144 192
432 16192 -32
432 16160 0
432 16160 48
208 16192 48
384 16192 144
352 16240 176
272 16208 432
416 16240 432
432 16256 256
480 16256 192
464 16272 192
464 16272 272
400 16272 272
288 16256 48
448 16224 112
384 16224 320
512 16112 128
448 16176 -80
448 16272 144
496 16272 -32
432 16240 -16
448 16304 48
416 16288 320
576 16304 -144
496 16272 -16
496 16272 240
576 16288 240
480 16288 16
480 16224 -112
496 16192 -112
480 16304 -320
560 16256 -48
544 16272 -240
448 16368 -64
464 16320 96
464 16320 -96
720 16272 48
544 16288 48
464 16240 32
480 16224 352
400 16192 320
432 16160 160
432 16224 352
528 16208 224
560 16208 240
400 16208 240
560 16240 272
528 16288 304
544 16160 -32
544 16192 128
576 16160 96
528 16160 96
272 16144 224
512 16224 192
448 16224 80
464 16208 176
464 16240 128
