startup(x,y,z):(96,16144,368)
32 14064 9936
6352 19392 -6944
6304 22272 -3568
-448 19296 3600
64 18928 2080
1952 17200 1648
368 16752 2032
368 16752 -1360
-48 16240 -1360
-2128 15632 -1920
-784 16384 -2144
0 16336 -1248
-432 16064 -80
-432 16272 -544
-576 16240 -208
-576 16496 -208
-224 16400 -128
560 16480 368
544 16368 560
336 16304 672
192 16256 240
192 16192 496
304 16192 496
112 16192 -48
80 16176 112
-48 16160 272
16 16144 528
80 16128 48
80 16256 0
176 16256 0
208 16144 224
304 16160 64
208 16144 112
208 16112 224
208 16112 288
256 16112 272
96 16176 432
224 16080 80
16 16128 80
-32 16176 336
-80 16192 496
-128 16144 256
-128 16144 192
-32 16096 192
64 16144 0
-48 16144 144
-160 16128 384
80 16096 288
64 16128 304
112 16096 352
112 16096 416
80 16096 416
0 16064 704
-32 16096 544
176 16096 240
192 16016 96
304 16048 32
304 16048 400
336 15968 400
176 16080 256
176 16096 192
128 16160 112
160 16208 128
176 16160 176
208 16064 320
208 16064 400
192 16128 400
96 16176 160
32 16224 144
0 16160 352
-96 16144 224
-96 16128 96
-32 16128 144
80 16128 128
-32 16240 128
0 16256 -128
48 16192 -128
-32 16176 64
-32 16176 160
0 16192 160
80 16208 176
16 16144 128
0 16192 176
-32 16160 192
96 16208 320
96 16224 368
32 16224 576
0 16144 576
112 16160 672
176 16128 256
96 16096 192
96 16096 128
64 16224 128
80 16128 -80
160 16128 192
128 16128 416
32 16176 336
48 16112 592
48 16144 624
112 16096 368
16 16032 160
64 16080 64
16 16112 240
80 16176 160
80 16224 80
96 16224 368
80 16112 320
160 16160 496
240 16112 496
208 16064 352
208 16064 176
288 16080 320
288 16064 336
224 16064 192
96 16080 192
48 16080 608
0 16112 464
96 16016 496
48 16048 352
0 16064 288
-32 16240 112
-16 16336 224
-16 16336 224
160 16192 224
224 16176 352
144 16128 288
96 16128 208
64 16176 112
64 16176 -32
144 16224 16
160 16112 0
144 16160 0
112 16176 112
128 16160 176
128 16128 400
128 16128 160
-16 16208 160
144 16208 112
64 16160 240
272 16144 336
176 16144 256
176 16112 16
112 16160 -128
112 16160 160
112 16192 160
176 16176 320
80 16144 256
304 16144 224
192 16160 176
192 16144 240
80 16144 288
16 16224 288
64 16208 256
112 16176 384
128 16096 272
80 16160 464
80 16208 320
80 16144 176
192 16144 176
80 16176 144
256 16160 192
208 16128 160
112 16256 400
112 16224 320
128 16224 288
-16 16144 144
80 16160 -112
16 16144 -48
0 16128 64
176 16128 80
176 16160 -16
128 16160 336
48 16128 336
96 16128 224
160 16128 560
144 16192 480
144 16208 320
336 16272 192
272 16272 288
16 16192 288
16 16160 272
-32 16192 528
48 16160 464
48 16128 160
176 16128 160
192 16128 448
192 16096 304
16 16064 336
272 16112 320
192 16096 336
192 16000 672
32 16000 672
0 16144 480
32 16128 320
0 16128 96
16 16144 144
16 16160 192
128 16144 176
144 16144 176
-16 16176 272
64 16144 -48
160 16176 -96
128 16112 128
160 16128 -64
160 16128 192
32 16128 192
64 16080 176
48 16112 -48
272 16112 48
256 16032 32
256 16064 192
160 16064 192
240 16080 224
176 16176 240
160 16176 160
160 16128 272
304 16160 176
208 16144 -48
128 16240 -48
32 16080 144
96 16176 160
80 16160 256
80 16160 160
64 16160 80
16 16224 96
16 16224 96
192 16224 32
240 16208 384
16 16176 432
16 16160 448
-64 16160 448
0 16144 256
80 16160 256
96 16144 368
64 16224 256
64 16144 288
16 16144 208
80 16144 96
112 16208 96
48 16160 160
-16 16160 240
-16 16176 48
32 16160 -64
80 16160 0
48 16176 0
96 16176 48
144 16240 48
64 16256 176
128 16192 96
-32 16160 48
-32 16112 176
-32 16112 176
0 16208 208
48 16128 256
80 16144 272
80 16096 432
192 16160 352
144 16160 352
80 16080 224
48 16032 64
160 16208 352
256 16096 240
-48 16112 128
-48 16112 272
64 16048 272
112 16032 304
128 16144 48
96 16176 -64
96 16144 80
144 16144 96
48 16128 96
96 16080 160
80 16048 176
16 16080 240
-32 16080 256
112 16128 288
112 16128 400
240 16096 400
176 16096 624
192 16240 320
160 16256 160
160 16144 336
96 16144 336
64 16208 320
144 16128 464
208 16176 368
160 16208 288
288 16128 64
288 16144 -96
128 16144 112
64 16096 112
96 16112 112
208 16128 304
144 16112 352
128 16096 256
128 16160 -144
208 16224 64
208 16224 -80
144 16112 -80
256 16160 -80
288 16160 192
144 16128 208
144 16128 192
192 16048 192
176 16096 112
288 16144 96
368 16176 32
224 16144 -160
304 16144 -64
208 16208 64
208 16208 -16
208 16192 -16
128 16192 144
160 16208 480
192 16240 448
192 16128 320
112 16128 320
-48 16240 352
-32 16128 656
-80 16080 528
48 16096 272
112 16096 304
112 16128 336
64 16128 336
80 16160 352
144 16112 336
192 16160 16
192 16080 0
144 16336 48
96 16160 48
-32 16064 240
112 16224 144
208 16240 176
32 16224 128
32 16256 208
32 16256 368
48 16064 288
80 16096 272
48 16160 352
160 16176 48
160 16080 192
272 16080 384
176 16080 384
192 16144 400
32 16128 416
96 16144 16
80 16208 48
16 16208 208
16 16208 64
112 16192 64
160 16112 -32
48 16128 336
32 16176 256
128 16112 176
128 16080 48
112 16128 144
80 16192 -128
112 16192 -128
96 16144 -64
80 16128 -240
240 16096 -176
240 16160 -64
176 16160 -48
224 16080 -48
-32 16128 0
80 16176 48
224 16128 176
192 16112 192
64 16112 96
64 16112 336
176 16112 336
176 16160 144
128 16112 176
192 16160 192
192 16112 464
192 16112 208
96 16160 240
16 16160 192
80 16144 240
80 16192 32
-48 16144 80
80 16128 32
80 16128 288
112 16160 288
208 16144 48
32 16160 64
96 16144 272
160 16112 208
160 16080 224
112 16080 112
192 16144 0
112 16096 0
112 16256 32
96 16272 144
-48 16224 320
-48 16192 16
112 16192 64
80 16176 64
32 16240 96
80 16256 80
112 16192 176
176 16160 320
160 16160 224
64 16208 304
64 16208 320
176 16192 320
160 16256 208
0 16208 320
48 16144 304
48 16144 480
-64 16128 224
32 16208 224
176 16144 176
64 16096 432
128 16112 352
240 16096 -32
240 16144 -32
240 16144 160
96 16192 160
48 16160 528
-32 16224 256
48 16208 272
48 16128 288
48 16128 336
128 16096 336
112 16208 304
0 16192 144
96 16176 16
16 16160 304
-144 16112 288
-144 16112 384
16 16064 384
-64 16128 384
16 16064 384
80 16112 464
128 16112 208
160 16096 416
160 16096 352
144 16096 64
192 16096 352
272 16064 352
176 16096 176
144 16080 160
96 16112 144
96 16112 128
176 16112 192
112 16176 192
32 16080 80
64 16112 48
112 16096 208
160 16128 320
64 16144 240
64 16144 192
64 16160 192
64 16128 192
128 16144 320
128 16160 128
64 16160 176
176 16112 176
208 16016 192
224 16080 336
256 16096 288
64 16080 64
96 16112 32
96 16112 256
64 16080 256
144 16128 304
128 16096 192
144 16112 448
144 16128 336
160 16128 416
-16 16144 416
96 16096 576
32 16080 208
48 16080 288
192 16128 304
112 16144 32
112 16144 -160
128 16176 -160
128 16128 176
96 16128 272
96 16192 32
48 16224 -16
48 16192 96
112 16192 48
80 16208 192
96 16208 192
112 16176 224
112 16112 304
176 16096 48
176 16096 32
288 16096 32
208 16128 288
240 16144 288
224 16160 288
192 16096 224
160 16080 368
32 16160 144
16 16160 0
16 16160 16
16 16096 16
16 16096 16
96 16080 256
176 16080 272
80 16096 224
80 16096 304
144 16016 304
192 16112 400
208 16128 304
192 16128 336
240 16032 48
368 16144 48
