startup(x,y,z):(176,16144,208)
192 18176 -17824
2160 16240 1040
2112 16240 -3648
880 18064 -3648
2192 16768 -2800
272 15856 -1136
384 15392 -256
384 15792 160
6160 16304 -1008
6160 16496 -528
1424 16496 2976
2096 16784 2976
-160 16736 1328
704 16336 880
1392 16304 1040
1392 16016 448
688 16016 448
-272 15728 -416
-240 15888 -64
32 16048 -512
-416 16096 -272
-240 16256 144
32 16144 224
64 16192 -208
64 16192 -16
64 16272 -16
272 16224 192
336 16192 240
288 16160 64
288 16128 160
368 16128 144
400 16048 304
224 16160 240
208 16160 240
336 16128 160
336 16144 176
256 16144 560
256 16176 304
128 16176 304
144 16224 80
208 16208 16
240 16144 -48
464 16080 112
256 16128 176
240 16160 112
240 16176 -48
272 16176 208
160 16256 208
128 16240 -16
144 16192 144
368 16128 -64
240 16144 64
48 16176 64
128 16176 -48
16 16208 -48
64 16160 -64
64 16080 0
112 16144 16
112 16144 16
64 16240 96
160 16144 224
-112 16144 432
32 16256 304
0 16272 224
0 16160 288
128 16144 208
160 16176 256
160 16080 320
256 16080 112
224 16176 112
0 16144 192
32 16128 80
0 16176 256
0 16160 304
64 16160 304
32 16080 480
96 16080 384
128 16096 336
160 16096 272
176 16112 320
208 16096 256
208 16064 448
192 16064 256
320 16048 256
256 16064 288
176 16160 160
480 16144 192
368 16080 224
368 16064 288
272 16064 160
96 16208 320
80 16208 320
64 16208 288
256 16192 16
160 16112 48
160 16176 256
-80 16176 224
16 16192 224
80 16240 256
112 16160 112
176 16112 352
272 16096 384
384 16160 224
384 16096 464
256 16096 560
144 16080 560
112 16128 496
176 16144 480
176 16096 368
256 16176 16
208 16176 16
272 16096 304
272 16160 272
224 16160 80
224 16128 112
128 16160 128
224 16176 144
224 16176 -176
192 16176 -80
-32 16160 -80
80 16096 192
64 16144 -128
80 16096 80
80 16160 368
80 16160 416
128 16176 208
176 16176 208
64 16128 240
64 16160 224
-32 16144 128
96 16128 -64
96 16128 -96
208 16112 -96
192 16144 -48
144 16160 464
-16 16192 496
16 16160 432
176 16176 512
176 16192 384
48 16192 384
176 16144 336
32 16128 464
32 16208 336
32 16208 304
80 16208 144
288 16176 144
208 16176 464
128 16048 352
32 16048 304
32 16064 336
32 16016 304
96 16016 112
80 16128 112
112 16128 224
96 16128 176
160 16112 192
160 16096 240
272 16096 240
224 16048 864
128 16160 464
32 16080 544
96 16064 400
256 16096 224
112 16064 176
112 16128 240
0 16128 240
96 16032 592
80 16080 368
-48 16096 400
0 16096 400
-128 16176 352
-32 16160 64
144 16208 208
160 16304 288
176 16176 112
176 16160 176
128 16160 176
208 16096 272
160 16096 416
160 16080 624
192 16176 416
192 16176 256
64 16080 256
112 16160 480
208 16176 480
368 16144 384
224 16144 192
112 16176 112
112 16176 192
32 16176 192
-64 16192 128
0 16176 32
80 16160 224
80 16144 320
272 16144 448
160 16112 448
240 16160 240
176 16080 96
240 16112 304
176 16080 256
176 16080 176
144 16096 176
96 16160 160
144 16128 224
224 16144 272
224 16144 128
368 16144 48
144 16128 64
96 16144 288
192 16144 288
240 16192 144
208 16240 208
224 16224 352
224 16208 448
256 16208 256
320 16192 256
336 16160 288
144 16160 352
144 16128 224
144 16128 416
48 16112 176
128 16112 176
-16 16192 352
80 16080 416
128 16080 544
-16 16096 608
-16 16096 384
96 16032 176
176 16080 176
192 16112 112
128 16240 80
128 16240 272
80 16224 176
80 16208 272
128 16208 272
192 16144 288
96 16176 288
144 16192 320
144 16144 -16
208 16144 48
208 16176 48
48 16192 0
-64 16192 80
64 16080 112
112 16112 32
112 16128 -96
96 16128 -96
320 16112 176
160 16080 112
96 16128 208
96 16112 432
64 16112 432
208 16048 64
192 16096 96
400 16064 16
368 16144 112
160 16128 368
112 16064 288
128 16080 208
128 16032 304
64 16032 304
144 16112 144
176 16144 -208
288 16112 -304
256 16064 -48
256 16064 -128
320 16064 -128
112 16128 16
208 16192 80
160 16096 32
48 16176 384
96 16112 144
96 16176 224
128 16176 224
64 16272 0
48 16240 192
-16 16192 256
-64 16128 288
-64 16128 560
-48 16096 560
48 16096 272
48 16160 272
128 16176 400
80 16128 448
80 16160 336
144 16160 336
64 16176 336
112 16192 192
192 16176 112
144 16160 -112
144 16160 -32
96 16128 0
80 16128 -80
80 16128 -80
144 16112 176
80 16144 336
176 16176 448
176 16176 480
96 16144 480
-80 16096 304
96 16032 320
208 16064 240
112 16064 272
208 16096 224
224 16064 400
160 16080 304
160 16080 256
192 16176 256
128 16112 432
192 16112 416
144 16144 144
144 16144 272
208 16144 272
224 16176 448
288 16112 304
208 16112 416
240 16096 368
112 16096 656
112 16096 672
128 16096 320
224 16128 320
48 16096 272
160 16080 480
112 16224 224
32 16144 144
32 16176 272
16 16224 528
128 16112 432
128 16112 624
48 16128 624
80 16144 400
240 16160 384
256 16176 304
256 16176 256
272 16112 -80
320 16064 -80
192 16112 320
160 16160 288
112 16144 384
288 16144 192
272 16176 160
272 16144 176
176 16144 176
176 16240 240
240 16128 320
208 16208 352
192 16176 208
192 16176 160
256 16192 160
96 16144 176
48 16160 416
16 16160 416
80 16112 304
96 16096 256
144 16096 416
144 16192 304
144 16192 256
96 16256 256
128 16128 320
96 16160 272
256 16160 272
256 16128 416
272 16080 496
272 16176 640
176 16176 640
256 16096 480
224 16112 416
32 16128 240
144 16144 256
176 16096 272
176 16096 176
352 16096 176
128 16112 304
176 16160 160
176 16160 208
176 16080 320
-32 16128 304
32 16144 224
32 16144 144
128 16144 144
64 16128 224
144 16080 368
96 16144 528
96 16128 688
112 16128 368
112 16192 112
208 16112 144
256 16096 96
96 16160 96
224 16128 80
224 16144 160
240 16144 160
240 16208 -80
176 16160 128
384 16144 160
320 16224 272
320 16144 224
176 16176 320
192 16112 368
192 16112 176
176 16064 176
144 16064 192
208 16144 -176
224 16096 96
224 16176 -240
208 16176 -240
304 16096 368
176 16240 192
192 16224 192
160 16176 496
160 16224 432
160 16224 336
16 16208 336
80 16176 288
176 16160 352
96 16128 384
96 16128 256
64 16128 320
160 16064 320
128 16064 448
112 16064 320
144 16160 416
128 16176 304
96 16144 224
96 16144 112
32 16224 112
272 16192 192
272 16144 144
112 16208 208
112 16128 288
128 16128 384
192 16128 384
272 16064 560
288 16048 512
192 16032 512
192 16064 288
192 16096 512
192 16096 224
144 16208 224
160 16208 224
272 16160 112
240 16064 240
240 16128 224
80 16128 336
112 16112 288
16 16368 336
16 16208 336
80 16112 304
160 16128 432
224 16096 400
224 16080 352
352 16080 352
224 16112 352
432 16112 352
432 16096 80
352 16176 208
192 16192 64
224 16176 -80
352 16144 128
352 16144 240
288 16144 224
368 16112 224
320 16112 416
112 16256 208
-16 16208 256
-16 16144 -32
144 16144 -32
176 16192 -128
224 16160 -48
144 16208 112
240 16192 112
80 16224 208
80 16208 224
48 16208 224
96 16240 -288
96 16192 -224
96 16224 -112
128 16144 160
128 16144 144
208 16224 144
160 16224 480
64 16144 480
192 16096 240
144 16112 80
-48 16160 336
-48 16096 336
112 16096 336
112 16048 304
208 16144 400
112 16208 336
160 16160 256
128 16128 240
208 16096 352
208 16080 304
384 16080 192
288 16176 192
224 16192 368
-16 16192 368
112 16192 256
112 16192 80
96 16192 80
112 16224 16
192 16160 96
144 16224 176
144 16192 256
208 16240 336
208 16240 352
288 16176 352
208 16144 144
256 16128 224
208 16112 448
144 16128 304
