startup(x,y,z):(416,16240,176)
784 16336 -3856
-1248 16464 -2416
-1248 16256 -2688
896 16208 -1984
896 16320 -1728
-224 16320 -1728
400 16224 -1360
384 16224 -1120
384 16240 -1344
368 16144 -1376
416 16272 -256
928 16224 528
560 16240 880
832 16192 1664
688 16240 1856
304 16208 1872
96 16160 1792
96 16176 1232
208 16176 1376
144 16288 1376
496 16272 1104
624 16224 896
608 16192 512
544 16240 -112
528 16240 -480
528 16240 -672
416 16240 -672
288 16224 -672
272 16144 -848
256 16160 -784
400 16144 -784
560 16176 -576
480 16224 -720
496 16208 -544
352 16160 -448
448 16208 -336
416 16208 -80
384 16192 416
368 16160 704
544 16208 960
272 16272 960
336 16176 784
400 16256 768
496 16256 736
528 16176 592
608 16112 592
416 16080 368
592 16176 64
464 16176 80
464 16208 -96
272 16208 -320
304 16208 32
336 16192 -224
416 16208 -176
496 16224 -416
320 16160 -192
400 16208 -176
576 16208 -176
576 16208 -224
480 16272 -224
400 16192 176
512 16224 272
400 16336 112
496 16336 192
688 16288 208
608 16256 208
512 16272 112
304 16224 128
400 16192 96
528 16176 272
448 16240 96
576 16320 0
480 16208 128
448 16272 -144
496 16192 48
336 16256 64
336 16208 -176
400 16208 -96
432 16192 -96
416 16096 -128
544 16096 -176
512 16160 32
304 16224 128
304 16224 240
304 16224 400
496 16224 208
608 16176 208
496 16272 208
400 16144 224
272 16176 208
400 16208 208
400 16224 -64
432 16240 -112
464 16240 -112
528 16256 48
496 16240 -32
368 16288 160
320 16272 112
272 16256 48
560 16208 0
512 16272 112
512 16272 -48
384 16272 -48
400 16240 -144
448 16320 48
384 16272 16
400 16288 -176
560 16256 -16
544 16208 32
544 16208 64
480 16240 64
400 16256 96
512 16240 -192
464 16272 -480
224 16176 -96
224 16208 112
368 16224 16
480 16224 16
432 16256 48
384 16288 80
256 16240 224
352 16240 64
512 16192 240
592 16208 144
592 16256 256
512 16256 384
544 16144 384
560 16144 544
608 16160 528
576 16144 80
560 16192 112
368 16192 96
288 16288 96
448 16272 -64
304 16304 -176
304 16176 -272
464 16176 -96
400 16224 -96
384 16208 64
384 16208 96
368 16272 32
336 16352 16
336 16256 64
416 16320 192
352 16320 -128
336 16272 -128
496 16240 64
416 16176 176
416 16240 144
400 16272 256
352 16208 176
464 16224 32
480 16128 208
400 16080 160
480 16192 0
304 16192 112
304 16192 -48
464 16208 0
464 16208 -160
496 16208 -160
528 16208 16
448 16256 64
512 16288 64
496 16224 16
400 16208 368
496 16256 160
432 16224 80
432 16240 -32
400 16240 -32
464 16192 -16
448 16160 320
368 16240 -16
352 16240 192
368 16224 240
336 16208 176
336 16192 208
288 16192 0
352 16160 -32
352 16160 0
320 16160 0
384 16208 -16
432 16176 96
368 16304 32
448 16224 80
464 16176 80
496 16128 -16
496 16176 128
528 16176 112
480 16208 112
384 16208 48
368 16192 -96
368 16144 112
480 16240 160
512 16208 32
384 16256 112
384 16192 192
400 16192 400
368 16128 400
336 16128 96
384 16144 -64
480 16192 0
512 16208 32
432 16256 160
432 16272 64
560 16224 192
560 16256 128
432 16256 128
336 16192 208
480 16192 288
336 16208 288
336 16192 112
352 16144 160
352 16224 48
400 16160 368
432 16240 176
480 16256 176
480 16224 112
400 16224 112
432 16256 192
368 16208 208
480 16208 144
416 16208 0
480 16208 96
416 16208 -64
528 16240 128
528 16272 96
400 16272 160
368 16288 160
336 16256 240
352 16256 112
432 16208 112
320 16208 16
320 16208 144
352 16208 144
464 16192 176
560 16240 64
544 16272 -32
544 16272 -64
416 16256 -48
416 16256 160
304 16256 160
368 16256 16
496 16224 16
464 16192 32
336 16128 48
336 16096 256
448 16096 304
368 16208 304
256 16368 144
384 16208 176
352 16176 96
272 16144 240
272 16144 48
496 16160 48
416 16192 240
384 16288 80
416 16192 256
560 16144 256
464 16176 -96
400 16192 -16
400 16192 80
528 16144 80
512 16144 352
704 16160 288
576 16192 96
320 16208 64
480 16208 224
304 16256 224
304 16256 -224
352 16288 -16
400 16176 -48
320 16224 240
320 16272 256
336 16272 176
384 16272 176
352 16320 96
576 16304 96
688 16320 112
608 16320 144
608 16224 32
608 16224 128
512 16208 128
512 16256 -336
528 16256 -144
432 16224 -320
496 16224 96
496 16224 96
544 16224 128
560 16176 128
544 16160 64
496 16208 -80
464 16272 80
432 16240 0
320 16288 48
320 16224 96
400 16224 96
400 16128 112
448 16224 48
512 16192 -64
320 16256 96
368 16288 192
304 16272 144
304 16208 176
352 16208 240
384 16240 160
416 16240 144
288 16240 144
352 16256 16
352 16240 -144
416 16176 -208
432 16176 -80
336 16208 -16
336 16256 256
336 16256 144
336 16272 144
304 16272 48
304 16288 48
352 16224 -48
464 16192 32
496 16144 160
368 16208 128
480 16288 64
432 16208 16
464 16256 64
480 16144 64
576 16128 80
576 16176 160
576 16256 240
560 16224 176
576 16224 16
576 16288 64
544 16288 64
464 16256 -128
464 16224 -48
336 16304 304
416 16128 320
400 16128 144
432 16192 32
448 16208 208
544 16224 -48
512 16272 -64
496 16192 32
384 16208 -32
384 16288 -192
400 16208 -384
416 16208 -48
336 16256 -64
-32 16336 432
736 16096 192
704 16032 464
704 16224 544
384 16224 544
368 16320 0
288 16256 32
256 16208 128
560 16176 48
720 16176 -144
640 16224 -144
464 16240 16
352 16272 48
368 16224 -48
336 16256 80
288 16224 -32
416 16160 0
416 16160 64
464 16224 144
448 16192 144
368 16208 0
368 16240 320
384 16208 112
400 16192 224
560 16176 224
560 16256 64
432 16256 64
480 16208 32
464 16144 48
512 16176 208
368 16192 208
384 16176 0
464 16224 -32
416 16224 -160
400 16288 -160
352 16192 0
352 16192 128
256 16192 128
416 16144 -16
448 16192 112
528 16128 -144
512 16160 48
432 16176 -48
464 16208 128
544 16176 240
416 16240 80
416 16272 144
416 16240 192
416 16240 112
432 16288 112
496 16160 112
416 16224 192
416 16224 -80
368 16224 272
432 16080 192
528 16176 208
496 16192 176
528 16240 128
528 16240 0
736 16192 0
512 16192 -32
496 16192 112
432 16128 80
384 16144 0
400 16128 16
400 16160 192
496 16160 112
384 16256 256
416 16256 224
416 16272 224
320 16208 304
336 16192 160
304 16208 224
144 16208 208
240 16304 176
304 16256 96
464 16128 176
448 16160 -96
416 16160 16
656 16240 128
656 16304 96
512 16304 -192
608 16272 -192
464 16272 -128
368 16208 32
448 16240 96
560 16224 256
496 16208 160
496 16208 432
624 16160 432
464 16208 112
448 16240 80
464 16176 80
464 16208 112
464 16208 80
528 16240 0
416 16224 160
304 16208 160
400 16192 432
400 16224 432
448 16224 432
528 16192 256
496 16160 176
528 16224 16
336 16128 272
240 16096 368
336 16112 288
336 16048 368
448 16048 368
368 16128 32
512 16112 48
368 16112 -80
336 16160 -80
288 16208 256
384 16256 208
416 16272 -64
368 16352 -192
496 16416 -400
320 16208 144
416 16176 -48
1136 16464 16
1984 16288 -2320
2496 16256 -2368
688 16272 96
160 16320 1088
640 16096 560
992 16272 752
256 16256 768
160 16256 1264
720 16336 912
848 16240 112
1104 16144 -272
256 16240 32
256 16240 480
0 16336 496
272 16288 -384
0 16224 -384
816 16112 -1520
1248 16032 -1520
336 16096 -896
80 16256 -752
416 16272 -800
208 16224 -112
-160 16304 496
112 16240 736
112 16224 928
528 16160 784
832 16208 352
768 16208 352
672 16224 160
512 16224 240
192 16192 624
-80 16224 704
224 16192 704
224 16176 688
352 16176 688
352 16208 16
448 16224 -608
608 16224 -1024
576 16304 -1168
320 16256 -496
320 16272 32
128 16272 512
208 16256 672
368 16144 720
