startup(x,y,z):(448,16128,48)
688 17328 3232
1008 18000 5040
1744 17616 4864
1376 17936 3696
1568 18528 3536
192 17344 2064
32 14368 2320
-2240 13552 2768
-1104 15408 2592
-752 15360 2592
-1408 16640 2368
1024 16640 2768
-576 17296 3744
112 16944 2624
928 16240 1504
544 16080 -160
672 15184 -2208
-16 15184 -2112
-768 14944 -2080
192 14688 -1456
480 14816 -400
912 15024 336
832 15200 896
752 15280 1232
912 14928 960
1088 15024 992
1088 15120 1232
496 15392 1712
544 15472 2352
624 15504 2400
672 15552 2672
912 15600 2736
672 15616 2608
560 15664 2512
384 15680 2560
160 15776 1872
192 15456 1280
640 15280 848
-128 15376 672
112 15232 -464
-688 15056 -880
224 15264 -672
624 14992 -832
560 15104 -848
1200 15856 -1696
1200 15664 -1824
896 15760 -1568
528 15104 -1008
720 15568 -896
784 15936 -1056
624 17440 -2784
2752 17440 -2784
2096 16224 6272
-1840 20272 7344
15408 26400 20000
8528 16224 4416
3888 16928 -992
2224 19232 4608
1952 20400 1808
1952 17744 2128
720 16720 1632
560 16192 1024
576 16160 736
560 16080 832
336 16016 336
432 16016 320
432 16288 16
480 16304 64
272 16320 176
416 16240 160
464 16240 0
448 16176 240
496 16192 80
496 16272 96
480 16272 -272
560 16352 -208
464 16352 -48
448 16288 -16
448 16240 80
448 16272 224
544 16256 224
464 16256 288
496 16240 368
480 16240 288
432 16272 288
624 16240 352
656 16256 304
544 16272 240
592 16208 -240
464 16320 -368
512 16256 -208
416 16272 16
592 16272 -32
512 16272 -48
432 16384 16
432 16336 80
496 16304 96
464 16288 160
528 16352 304
496 16304 112
464 16240 128
480 16192 176
480 16160 288
464 16272 16
320 16272 48
416 16240 48
496 16128 64
464 16144 48
432 16144 96
480 16208 80
480 16192 256
528 16160 64
464 16176 288
608 16192 256
496 16208 112
400 16208 -16
448 16240 176
480 16240 96
496 16224 224
640 16272 128
624 16224 64
576 16192 192
480 16288 224
400 16240 192
240 16160 -528
176 16288 -144
400 16224 288
720 16256 416
656 16288 48
560 16160 176
672 16224 64
656 16448 128
560 16144 112
480 16208 -32
480 16128 48
464 16224 208
256 16272 416
384 16128 176
512 16352 128
656 16256 320
528 16176 0
608 16256 -96
496 16176 0
464 16144 -48
400 16224 64
336 16240 16
352 16208 80
528 16176 96
160 16320 -16
1024 16336 240
928 16320 400
704 16320 320
624 16048 256
640 16176 448
464 16192 464
400 16128 176
432 16208 784
608 16144 512
448 16304 464
-416 16768 -592
64 17088 0
512 16432 64
576 16656 224
352 16672 -48
224 16800 384
480 15872 336
624 16624 512
496 16592 832
464 16384 624
496 16384 320
384 16368 192
336 16096 -288
480 16112 -368
448 16224 128
464 16144 0
464 16176 -144
384 16240 288
304 16384 192
384 16304 176
400 16240 144
448 16272 64
512 16288 64
400 16304 224
448 16320 336
544 16288 352
576 16304 240
608 16192 96
512 16304 416
432 16320 256
480 16224 144
464 16240 96
336 16176 432
432 16192 288
320 16208 272
400 16192 176
480 16288 176
496 16288 112
544 16208 144
432 16160 192
544 16096 -128
480 16144 0
320 16144 48
320 16080 -144
608 16224 224
608 16256 288
496 16160 -32
544 16208 128
592 16256 736
576 16160 112
496 16272 336
496 16208 224
480 16224 592
544 16304 368
448 16304 464
352 16288 400
368 16288 336
384 16224 224
416 16208 160
368 16208 272
336 16160 192
576 16240 96
496 16224 0
416 16304 64
560 16336 160
416 16240 240
448 16224 64
416 16176 16
496 16176 64
480 16304 80
464 16256 48
480 16256 -128
368 16224 -336
336 16224 -64
448 16240 304
464 16240 224
592 16160 336
416 16256 368
432 16272 272
528 16272 160
544 16272 336
336 16288 208
384 16224 352
432 16240 272
448 16240 208
416 16224 176
480 16144 32
432 16144 208
496 16224 -64
448 16160 208
384 16192 32
336 16208 96
416 16208 128
400 16176 96
448 16176 96
496 16160 112
480 16224 32
