startup(x,y,z):(1248,15872,5648)
1696 12496 1968
688 17520 1792
848 16608 1568
400 17168 1712
576 16944 1184
560 16672 560
496 16464 480
432 16336 240
528 16160 96
512 16192 240
512 16144 272
272 16160 64
448 16192 -48
400 16256 96
432 16288 0
416 16240 112
432 16224 256
352 16240 192
528 16192 336
592 16224 256
592 16208 208
688 16288 384
944 16576 448
752 16272 256
848 16336 416
688 16288 496
544 16288 368
496 16288 256
384 16240 208
352 16192 16
352 16256 144
384 16240 304
432 16192 208
416 16192 240
448 16192 272
480 16208 256
544 16144 48
576 16192 96
384 16240 240
336 16208 144
416 16240 320
432 16192 288
496 16192 192
512 16224 144
480 16304 224
432 16256 464
464 16256 352
416 16176 448
480 16208 288
384 16272 288
448 16304 288
448 16224 400
400 16272 352
416 16304 224
448 16208 176
528 16272 480
432 16304 368
512 16272 320
368 16272 -64
432 16256 128
432 16240 240
400 16160 304
432 16208 272
464 16288 288
368 16176 224
448 16192 544
512 16160 416
400 16208 480
528 16240 320
512 16240 224
448 16224 256
384 16240 304
320 16272 352
400 16272 336
160 16304 304
304 16240 304
352 16224 288
448 16144 304
432 16160 336
528 16128 240
336 16176 496
416 16208 400
384 16256 160
608 16208 208
512 16160 320
464 16176 544
400 16176 224
464 16176 432
496 16160 304
528 16176 224
560 16272 16
528 16272 160
432 16192 144
416 16240 64
320 16192 240
384 16144 320
480 16144 80
480 16256 -240
464 16208 -64
544 16208 80
432 16320 272
464 16304 112
432 16400 0
400 16304 112
448 16208 224
464 16208 368
448 16256 352
336 16224 128
336 16224 208
448 16160 448
400 16208 416
400 16208 272
416 16272 208
432 16288 192
512 16224 288
528 16192 288
464 16224 160
528 16224 240
448 16192 112
512 16192 96
480 16160 320
480 16160 240
432 16208 -16
352 16208 272
256 16192 368
240 16176 272
464 16176 288
480 16208 352
480 16240 384
432 16304 432
384 16272 256
384 16240 128
544 16304 192
592 16272 0
480 16192 192
512 16240 64
512 16288 80
416 16224 -64
576 16176 48
576 16240 224
320 16224 192
320 16208 96
208 16176 320
272 16160 16
256 16240 160
448 16160 304
448 16192 320
400 16224 464
480 16224 288
384 16192 448
400 16224 336
400 16240 144
400 16224 176
400 16256 272
320 16176 320
416 16256 320
432 16224 256
528 16240 -48
480 16208 368
400 16160 368
384 16208 240
416 16240 96
384 16192 64
256 16192 240
384 16256 352
384 16240 256
448 16288 192
448 16224 48
448 16240 272
448 16160 384
464 16160 416
480 16128 576
512 16160 464
304 16176 320
304 16160 368
336 16192 544
448 16240 576
464 16240 544
480 16256 544
416 16320 576
560 16512 800
1296 16848 1584
1072 17408 2784
-672 17200 3744
-592 18048 5648
1024 18240 8208
1424 18304 8864
1472 19056 6064
1472 19056 6768
11424 20896 10880
4176 26768 7488
528 20224 4336
992 18752 3376
2352 18400 1216
5424 16272 -416
5472 13232 -4896
3632 13664 -7600
-3408 8784 -4176
-4656 10928 -4480
-2752 11328 -4832
-1248 11536 -5424
-528 11712 -5056
272 11680 -3296
416 13072 -1264
400 13840 640
432 14496 2448
640 14944 3824
960 15440 5008
1168 15872 6624
992 18224 8592
384 17760 8176
1616 16976 6688
1184 16448 6048
496 16112 5552
464 15616 4560
416 15440 4736
-320 15520 5168
-416 15712 5600
112 15712 5392
176 15536 4880
192 15408 4288
640 15232 3792
608 15216 3808
928 15584 3696
1552 15952 3856
1584 15920 4640
1520 15760 4608
1408 15760 4256
1392 15696 4368
1280 15648 4736
1216 15680 4784
1120 15696 4704
576 15648 4816
448 15536 4448
496 15584 4160
352 15488 4240
272 15648 4416
336 15680 4720
400 15904 4512
496 15888 4672
704 15744 4976
752 15760 4768
656 15728 4672
720 15776 4400
640 15648 4400
464 15696 4464
608 15600 4656
368 15600 4576
336 15632 4832
400 15632 4576
544 15664 4480
544 15616 4560
544 15632 4528
816 15616 4336
752 15680 4688
608 15648 4640
