startup(x,y,z):(560,16208,-144)
1760 15840 1216
1280 18384 1536
496 18256 2176
720 16736 1120
1632 16480 -1104
1296 16096 656
1376 16496 1488
2880 17760 528
7424 14160 2032
1824 15792 1952
688 16048 1008
640 15888 368
752 15664 304
704 15568 784
336 15712 1200
912 15712 1424
784 15696 1216
32 15664 1536
-128 15808 1552
-128 15792 1728
16 15856 1936
96 15968 2064
256 15872 2480
1328 15840 2000
768 15888 2144
224 16064 2368
272 16240 2736
-32 15872 2688
1376 15632 2464
1200 15616 2336
208 15696 2320
128 15760 2416
80 15696 2464
160 15792 2432
528 15872 2656
848 15920 2192
1056 15552 2256
1136 15264 2368
1136 16272 2752
608 16256 2992
320 17280 3072
352 16816 3216
848 16304 3584
-48 16432 3600
192 16272 3424
288 16304 3120
384 16096 2768
144 16000 2816
-656 16048 2544
224 16128 2784
160 16096 2784
80 15952 2672
48 15856 2352
128 15872 2416
256 15888 2416
128 15904 2448
240 15984 2656
1024 16000 3072
368 15968 2992
128 16000 2608
32 16000 2912
288 15984 2960
688 16000 3088
800 16032 2992
352 16064 2912
304 15984 2864
336 15952 2848
384 16032 2960
944 15808 2832
832 15856 2560
512 15968 2688
480 15968 2752
416 16064 2768
416 16048 2736
368 15968 2624
400 15904 2656
352 15904 2688
400 15920 2960
240 15936 2704
256 15776 2672
512 16480 2976
608 16096 2912
544 15984 2704
528 16080 2768
496 16000 2768
432 15952 2544
432 16000 2512
352 16032 2272
432 15984 2352
400 16016 2352
400 15968 2640
464 16016 2800
432 15968 2720
448 16032 2720
400 16016 2656
560 16048 2720
480 16000 2704
448 16000 2448
336 15936 2288
416 15920 2144
512 15920 2176
544 15808 1920
544 15968 2224
480 15984 1872
368 15840 1776
464 15696 1680
512 15648 1344
272 15824 1584
480 16272 2416
576 16272 2560
480 16176 2368
624 16096 2336
336 16080 1744
672 15936 1424
1216 15424 1056
1296 15712 1104
288 15840 1040
752 16000 992
432 16096 1056
448 16080 1728
496 16064 1568
320 16224 1264
448 15568 -1008
864 15296 -1008
304 15104 -1264
128 15664 -1632
1296 15600 -1696
688 15760 -1536
272 18928 640
-688 18720 3888
-496 16400 -2496
272 16096 -2592
272 16288 -832
576 16176 512
432 16224 304
528 16176 112
416 16256 -112
608 16256 96
496 16288 160
384 16176 176
624 16224 480
448 16304 480
496 16224 608
512 16240 528
576 16272 464
464 16240 288
544 16272 288
416 16192 272
320 16160 144
496 16144 128
432 16160 -160
512 16208 -224
512 16336 256
464 16288 112
416 16240 144
384 16064 -192
320 16240 272
336 16448 944
384 16432 864
400 16288 224
480 16288 80
560 16128 -336
560 16160 -304
544 16272 240
752 16192 1408
608 16368 704
368 16128 384
432 16160 224
400 16176 128
496 16208 0
480 16208 304
512 16224 240
480 16176 -192
448 16272 336
320 16320 336
384 16288 -240
464 16192 -144
528 16256 -32
496 16288 368
704 16208 128
496 16336 32
464 16224 96
432 16304 128
672 16304 176
528 16336 272
464 16272 416
576 16176 528
560 16144 400
512 16176 128
416 16256 80
400 16256 192
304 16256 304
320 16240 96
400 16256 96
480 16176 -16
432 16240 -32
352 16256 -64
432 16272 -224
560 16304 48
352 16336 -16
400 16256 208
400 16240 304
336 16256 256
480 16240 128
496 16256 288
496 16320 80
512 16208 32
400 16192 16
400 16192 112
416 16144 272
304 16208 -64
368 16160 -48
416 16224 -112
464 16256 -16
512 16192 48
512 16192 160
432 16208 48
400 16192 80
464 16336 48
224 16336 80
512 16256 112
608 16288 128
576 16256 -96
640 16544 32
480 16208 -80
480 16368 -80
368 16272 -48
416 16256 -112
416 16240 -32
496 16208 288
576 16800 992
528 16800 704
768 17312 480
752 16704 -176
688 16304 48
96 16096 -400
496 16096 128
272 16160 192
448 16192 176
464 16240 128
400 16240 240
400 16288 336
432 16192 144
432 16192 48
480 16160 80
480 16208 224
528 16240 -112
528 16144 -352
464 16192 -304
496 16208 -32
368 16240 496
544 16272 608
432 16336 624
400 16272 368
528 16208 -272
640 16128 -16
