startup(x,y,z):(560,16272,-224)
128 16368 1776
800 16032 2544
-144 18352 4096
-80 16944 5264
544 16688 2080
160 15936 880
368 16208 -352
1888 16080 -288
880 17312 -160
-304 18608 -1024
5424 14528 3376
1920 15248 3312
480 15936 3616
432 16016 2688
240 16432 2192
-272 16160 2304
-480 16640 2592
912 16416 2144
288 15904 1600
656 15344 464
16 15776 176
608 15760 -32
80 16272 288
512 16288 688
-512 16112 1584
-832 15680 2128
64 15568 3504
-1168 17200 5008
-2000 17168 5648
-3936 17488 6848
-2032 17632 5136
816 17376 5104
880 16624 6160
-768 16944 5088
-1952 16944 3792
-1536 16160 3200
-624 14848 2848
1504 14256 2176
2048 14848 1376
2336 14864 2384
1744 15456 3120
1600 13872 4416
1200 14928 3344
1056 15264 3040
1376 14656 1296
1808 13616 1840
1568 13232 1760
752 13328 2224
528 13552 2000
-32 13232 2048
-288 12944 2000
-1328 11968 4048
-512 12720 2272
-400 11360 848
-2144 16112 5488
-3264 15712 4528
-3344 15408 3584
-2960 15440 3552
-3056 15200 3168
-1712 14800 3632
-1776 14592 4336
-2000 14432 4624
-1760 14432 4640
-2656 13920 4128
-3104 14000 3168
-3136 13232 2000
-2688 13232 1376
-1456 13744 720
800 11664 1840
-240 8032 7408
32 13088 96
-784 19680 1536
-160 18000 4992
1520 17664 5360
288 17920 5360
2576 14928 1744
3072 16896 4192
1104 15872 2560
432 14992 2464
432 15568 2480
608 16800 880
32 15648 1488
240 15392 560
512 15072 464
944 14528 592
1680 14624 624
2272 15248 1552
2208 15168 2352
2736 16336 2304
2240 16464 3040
1424 16736 2640
1872 16928 3040
2272 17248 4960
2544 17952 3760
3152 18400 3392
3488 18240 3824
4096 18224 3248
5152 17984 2896
5728 17904 2832
6016 18768 2560
6448 18400 2560
6080 18192 2736
6320 18160 2336
6176 17904 2400
5360 17200 2640
5456 17264 2176
4848 17552 2000
4064 16864 2128
3856 16864 2320
3920 15520 2176
4288 15040 1872
4256 14592 1872
3184 13888 2016
3520 14096 1904
4032 14672 1488
3696 14720 1760
3648 14992 1792
3536 15280 1792
3520 15296 1904
3968 15792 1216
4048 13808 1536
3952 14256 1824
3792 14672 3088
3552 15152 2256
4000 15616 1840
4144 15712 1920
2448 15616 3408
2944 15936 2816
3152 16000 1888
1776 15072 -1088
1792 19328 8208
4544 18448 3136
3568 17104 7648
1664 17488 6144
1392 17376 3072
720 16304 -2224
4288 16656 -4224
1824 16544 -4272
2016 15504 448
1632 15136 1920
1120 16176 2144
1056 16704 224
2240 16272 -1296
3248 15088 -2640
-640 13696 -3344
1936 14688 -2304
112 17712 2944
1872 6272 2992
1376 13712 2128
1008 15392 2048
2256 15312 1808
880 16016 1888
-2688 15552 1088
-832 15952 2496
112 15936 2032
-352 15856 2064
144 15712 2080
240 15456 1712
384 15264 1440
384 15520 1376
192 15408 1216
336 15936 1360
-272 15792 1296
-352 15776 1056
16 16000 496
1120 16080 -656
1072 15680 -848
2496 14640 304
-1776 16192 2752
-1264 16640 480
-736 16448 1056
-96 15312 1600
352 15840 1936
256 16272 1392
1456 17568 4224
80 19232 4000
512 19264 1456
640 18160 1712
560 16800 1136
512 16576 1248
528 16448 1152
608 16256 1040
544 16128 1184
560 16080 1280
528 15936 1216
912 15168 1008
1472 14544 928
2160 13408 992
2352 13856 1040
1104 16832 -2496
368 14432 -1728
-544 12800 -3504
592 13616 -7248
2512 22304 -5840
896 18272 2048
1008 17104 576
672 16096 -80
-896 17888 3120
-304 18624 5312
2304 19616 6624
848 18080 3632
992 17312 304
336 16320 320
496 16176 512
400 16160 416
400 16128 432
608 16144 656
576 16176 512
336 16064 272
368 16064 256
208 16144 256
304 16208 256
336 16320 416
512 16368 208
384 16288 -80
416 16192 96
544 16192 400
592 16112 320
656 16176 480
512 16192 576
400 16208 608
592 16192 752
576 16272 688
528 16224 544
432 16224 224
416 16144 96
432 16256 288
432 16224 384
352 16080 48
512 16144 -224
384 16080 -592
368 16160 -32
400 16208 384
512 16144 400
400 16224 736
480 16208 480
512 16608 480
576 16432 480
608 16336 320
432 16208 480
384 16224 112
480 16272 304
464 16320 528
352 16304 96
352 16288 192
368 16224 272
448 16208 176
352 16176 336
464 16272 448
512 16240 432
672 16224 304
640 16224 256
416 16144 208
368 16256 96
352 16240 176
272 16320 160
