startup(x,y,z):(464,16224,144)
272 16384 -704
560 16752 -11056
8448 14544 -20000
3248 16448 3376
-14688 18064 14064
-8160 15040 11968
-192 17184 5072
-1760 15664 6480
-5872 15856 -48
-4352 16224 1984
8592 16384 816
5408 17152 384
3072 15920 80
832 16400 3264
576 16368 5312
752 16368 1504
3520 15840 1504
2064 16576 1264
-2096 16544 -992
32 16128 -3296
1056 16240 -4240
688 16688 -3776
192 16784 -3104
-1008 16656 -2336
-496 16768 -2704
-496 16768 -1824
0 16416 -1824
-400 16512 -1280
256 16352 -1584
416 16240 -1632
672 16000 -176
976 16048 784
896 16192 1200
1008 16112 1472
912 16128 1680
416 16176 1536
240 16128 1392
128 16144 1280
64 16208 1184
368 16208 880
368 16144 80
608 16176 -208
624 16224 -272
512 16224 -400
416 16208 -224
336 16192 -96
640 16240 -144
528 16192 -416
576 16208 -256
368 16208 -192
368 16256 -208
240 16256 16
368 16192 16
336 16224 -176
432 16272 32
480 16272 256
624 16208 320
544 16224 720
560 16256 832
448 16240 432
448 16288 576
384 16288 560
624 16256 560
656 16256 640
560 16192 304
464 16224 192
416 16112 -48
416 16208 -128
352 16240 16
448 16144 -112
416 16128 80
480 16192 32
400 16128 128
400 16096 -80
560 16096 0
464 16112 0
496 16144 32
432 16192 112
464 16192 192
480 16256 32
576 16208 48
544 16256 176
544 16224 -208
480 16224 0
272 16288 0
432 16272 192
512 16240 448
384 16288 400
352 16320 480
416 16288 672
400 16256 528
256 16240 416
256 16240 480
288 16240 320
400 16256 320
528 16256 128
528 16288 256
608 16288 64
512 16240 160
512 16240 240
528 16240 192
496 16240 192
464 16256 -32
432 16224 -32
480 16224 -112
496 16224 -64
432 16240 16
448 16288 -160
448 16288 -176
384 16336 -160
496 16304 -160
576 16256 16
480 16224 80
368 16208 16
416 16176 160
496 16192 144
528 16128 -16
560 16144 64
544 16208 64
400 16192 80
448 16256 -96
448 15776 -112
816 15776 320
432 15968 -240
896 15968 -304
1184 16016 -304
1024 16240 -464
896 16320 -368
592 16336 -432
576 16352 -624
416 16304 -560
208 16240 48
160 16224 128
160 16224 -208
160 16192 -96
496 16192 144
288 16288 144
352 16304 208
496 16176 96
544 16240 272
560 16192 336
480 16192 496
368 16160 848
432 16208 784
272 16240 608
304 16320 336
416 16272 608
352 16224 256
384 16272 128
384 16288 -176
384 16288 -96
544 16304 -96
432 16272 96
432 16272 -224
400 16256 -176
576 16224 -80
560 16160 -160
528 16176 -112
480 16240 -48
480 16272 224
384 16272 176
384 16272 176
336 16256 96
368 16208 64
304 16224 48
416 16208 80
416 16176 176
384 16176 80
528 16208 -16
528 16208 -16
480 16208 -16
528 16224 -16
496 16288 96
496 16336 -288
240 16320 -208
352 16272 -288
384 16176 -48
384 16160 -48
240 16160 16
304 16176 16
480 16160 224
416 16240 112
384 16176 352
448 16240 336
448 16208 256
304 16208 192
256 16240 192
336 16224 224
400 16240 224
480 16208 -16
464 16224 176
464 16208 288
384 16208 144
384 16240 144
352 16224 208
368 16288 0
352 16336 16
448 16240 64
448 16208 -144
576 16208 -64
480 16160 -64
528 16288 -48
432 16272 -144
496 16240 128
624 16192 160
624 16240 96
448 16240 -128
496 16304 -128
560 16256 -320
576 16176 32
480 16192 256
304 16192 432
304 16256 304
416 16176 288
480 16160 320
400 16160 240
464 16160 240
464 16128 176
400 16144 176
288 16208 112
304 16208 96
352 16208 192
656 16192 144
640 16224 80
640 16208 576
528 16208 432
560 16192 432
416 16224 432
560 16240 240
352 16224 272
464 16176 96
464 16176 128
448 16288 64
304 16256 64
368 16272 96
576 16224 0
464 16176 -64
400 16224 160
400 16224 80
512 16224 192
464 16192 192
464 16160 64
448 16176 48
528 16208 208
480 16224 160
480 16272 48
480 16272 32
432 16272 208
320 16272 208
368 16240 144
448 16160 400
448 16208 208
400 16208 160
400 16192 128
432 16192 128
448 16176 -112
448 16208 96
592 16240 -16
528 16208 192
512 16208 144
512 16192 208
480 16192 208
512 16224 368
496 16256 64
480 16256 -16
624 16240 -320
624 16336 -272
640 16336 -272
688 16336 -160
400 16320 160
464 16176 96
432 16224 -48
512 16240 64
544 16304 272
400 16288 272
352 16240 256
256 16256 48
256 16176 64
368 16176 128
368 16224 128
400 16224 64
464 16224 -32
480 16208 -32
512 16176 112
480 16208 224
496 16224 176
480 16272 208
528 16304 176
528 16272 192
480 16272 192
432 16176 160
416 16176 272
320 16176 320
400 16224 32
480 16208 -96
416 16272 -96
480 16240 96
464 16208 128
464 16272 112
512 16288 -64
528 16272 32
528 16224 32
528 16224 32
320 16160 32
416 16240 80
464 16256 160
464 16272 224
432 16208 240
512 16176 -32
496 16160 -112
432 16192 -208
368 16208 -176
480 16304 48
480 16272 224
368 16288 80
512 16224 144
448 16256 144
528 16240 192
496 16208 368
448 16256 -32
400 16160 64
352 16128 112
368 16160 160
400 16160 -32
352 16176 -32
464 16224 0
336 16192 208
416 16192 288
464 16192 128
464 16176 96
400 16208 -32
480 16272 -16
416 16240 48
416 16208 -176
480 16192 -32
528 16176 176
496 16256 64
512 16256 32
592 16224 -16
512 16320 -32
416 16352 16
416 16240 112
368 16240 400
336 16224 240
336 16224 304
448 16192 304
416 16224 272
384 16224 144
368 16288 208
400 16256 304
368 16320 336
432 16256 304
432 16256 192
496 16208 192
480 16176 128
480 16160 128
400 16160 0
208 16144 144
384 16160 0
432 16192 32
432 16192 128
480 16144 128
544 16160 112
416 16272 192
224 16272 128
432 16272 -320
240 16240 -48
240 16256 -16
320 16256 -96
416 16256 -96
448 16208 -128
400 16240 -176
352 16368 0
320 16352 64
320 16256 -16
480 16256 64
704 16208 64
576 16160 320
368 16192 96
528 16192 96
688 16288 336
688 16304 192
720 16304 -16
640 16320 -16
560 16256 0
560 16272 64
528 16256 224
416 16288 144
416 16208 208
416 16208 176
400 16224 176
288 16112 208
336 16144 64
448 16240 48
384 16256 64
384 16272 -192
304 16272 -48
448 16208 -48
400 16240 32
512 16272 144
432 16256 144
400 16192 128
416 16144 16
416 16288 96
272 16288 208
400 16192 208
448 16160 -192
528 16240 -80
480 16240 80
560 16192 -176
416 16272 -96
256 16208 96
256 16224 176
400 16224 176
368 16128 208
384 16192 272
496 16144 336
352 16224 48
352 16192 -80
432 16192 -80
592 16144 -80
496 16144 128
496 16256 -96
480 16256 160
496 16208 368
512 16288 192
512 16288 0
384 16208 0
240 16192 176
336 16144 176
400 16192 96
400 16192 240
432 16160 48
416 16160 48
320 16176 144
432 16256 128
432 16192 80
432 16256 144
432 16272 176
416 16272 80
368 16224 80
368 16176 -176
400 16208 -144
272 16272 -112
352 16256 -128
384 16272 -32
400 16224 -16
400 16224 304
384 16224 304
432 16272 384
464 16272 272
512 16272 96
528 16256 208
528 16176 384
544 16176 384
592 16192 208
528 16176 208
576 16288 144
544 16320 0
608 16224 96
464 16208 304
336 16240 160
336 16256 192
432 16256 192
416 16224 176
496 16160 192
416 16272 256
448 16240 96
448 16192 368
448 16192 160
416 16240 160
448 16176 144
416 16144 224
528 16176 64
448 16224 160
448 16272 144
496 16272 -32
656 16192 -32
784 16128 64
736 16176 96
720 16128 192
672 16128 32
672 16176 -128
608 16176 -144
480 16256 -144
336 16176 272
512 16208 288
512 16224 0
512 16208 16
496 16208 16
576 16208 -112
592 16224 176
432 16224 144
400 16208 192
336 16176 512
416 16256 448
416 16208 144
416 16208 352
448 16272 320
448 16240 16
560 16192 224
528 16208 176
608 16176 128
608 16176 256
480 16224 128
416 16160 128
480 16240 -16
416 16256 224
560 16256 272
496 16240 144
464 16256 320
416 16256 368
