startup(x,y,z):(416,16208,384)
288 16384 1376
224 16240 1040
336 16784 1728
336 16752 1632
432 16752 1632
400 17056 1856
-16 16608 1680
80 17824 2688
384 17824 4496
1232 22880 4496
-3120 27760 16816
-5552 20800 10640
-5552 10736 1376
9136 10736 -3584
8672 5248 -3584
-1760 14336 -2896
-5088 18880 3072
-4064 25760 1952
-4032 26576 8656
-1776 20048 4304
-144 17584 -160
720 14992 -1024
992 13120 -1024
1200 13008 -1120
1200 13824 -768
1424 13824 -784
1264 14576 -784
1248 15104 -432
1136 15120 -128
1152 14640 -128
1536 13952 -544
1856 12992 -1552
2240 12304 -2560
2448 11872 -2560
2496 11824 -2464
2352 12192 -2496
2400 12704 -2224
2448 13392 -1856
2128 13760 -1520
2160 14032 -1184
2096 14320 -848
2080 14560 -768
1776 14816 -912
1776 14816 -896
1472 14784 -896
1392 14672 -896
1136 14384 -848
864 14304 -848
496 14240 -896
-80 14272 -832
-432 14368 -1184
-960 14320 -992
-1312 14560 -640
-1648 14736 -416
-1920 15040 -304
-2192 15264 -512
-2192 15504 -832
-2384 15584 -1056
-2288 15584 -1552
-2160 15536 -1552
-1904 15376 -1968
-1824 15328 -2048
-1664 15248 -2144
-1312 15568 -2112
-1008 15568 -2288
-640 15856 -2288
-496 16112 -2240
-240 16272 -1648
-128 16672 -1392
-128 17120 -1696
672 17472 -1808
672 17472 -1728
976 17968 -1376
1456 18624 -1376
2112 19424 -608
2752 20464 -656
3408 20464 -1168
3872 20544 -1392
4016 20544 -1360
3632 20432 -1360
3232 20432 -1024
3072 21072 -976
1808 20960 -512
928 20272 -944
560 19600 -864
112 19136 -288
-512 18352 992
-1216 17456 992
-1568 17024 1680
-1712 17840 -2800
-4160 15216 10880
-4864 16704 2960
-5024 17808 -5360
-4048 14752 -7776
-2016 11808 4624
-1152 9168 4624
12480 -11728 2688
6144 3376 2688
416 8288 4528
-2512 11504 4832
-2672 11344 5728
-2672 10512 5568
-1024 10512 4112
704 9712 4112
3472 10672 -368
3680 12432 -352
3216 13424 -320
3008 14352 -256
3008 16272 80
3008 18640 80
2912 20544 192
3120 21664 -320
3248 21920 -1360
3392 21584 -1040
3552 21920 -1456
3728 22224 -2432
3728 22192 -3904
3792 22192 -4816
3344 21152 -5008
1488 19936 -5136
688 19520 -4352
-128 19296 -3408
-592 18720 -2336
-848 18368 -2208
-1536 16704 -1248
-2736 16224 16
-3648 15168 224
-4160 13920 592
-4400 13040 1904
-4592 12640 3792
-4976 12576 3792
-5344 12528 3888
-5664 12784 4368
-5392 13792 3520
-4640 14032 4368
-3216 12640 4768
-2144 12240 3728
-960 12000 2720
736 12336 912
2032 12464 208
3344 12416 -256
3344 12416 -464
4672 12000 -1296
5408 12752 -1296
5856 14320 -1488
6256 15952 -1808
6432 17472 -1456
6608 18848 -1136
6496 19888 -976
6192 20336 -864
5760 20816 -416
5344 21424 -976
4592 21824 -1856
3760 22048 -2496
2704 21824 -2944
1984 21456 -2816
1056 20960 -2160
304 20256 -1872
-384 19472 -1760
-1088 18784 -1392
-1808 17808 -1120
-2032 18784 1584
-2720 17120 2256
-4080 16656 -416
-4256 16448 -1536
-4368 15408 -576
-3856 14320 784
-3264 13392 1520
-2640 12528 1552
-2128 12000 1344
-1856 12032 1072
-1776 11920 1504
-2304 12432 576
-3424 12064 2432
-3424 11872 3792
-4064 11872 3792
-3440 11168 3760
-1696 10848 1280
-304 10400 528
624 10400 64
1792 10816 64
2688 11920 -96
3488 13408 -16
4640 14880 400
5824 15536 496
6064 16800 640
6416 18400 512
6608 19744 64
6464 20736 -368
6464 21232 -592
6160 21232 -576
5824 20976 -576
5360 20672 -192
4832 20624 -1152
4160 20656 -2256
3232 20656 -3008
2336 20576 -3184
2336 20576 -3024
1552 19792 -2560
1152 19280 -2480
352 18592 -2384
-256 17888 -2032
-912 17056 -1472
-1520 16528 0
-3392 15008 2304
-3392 15008 1776
-4848 14400 1776
-5824 14960 -1216
-6352 14272 -2384
-5632 13600 -1648
-5056 13392 32
-4400 13152 1264
-3808 12976 1616
-3296 13168 1440
-2736 14320 352
-2128 14048 640
-1904 13856 720
-1904 12896 1904
-2736 13056 1728
-2592 12928 1760
-1392 12928 2144
384 12736 2720
3984 13936 1936
5248 13936 1936
6096 15200 1632
6160 16656 1904
6112 18112 1456
6304 19040 272
5520 19520 640
4832 20048 1200
4576 20560 576
4544 20848 -608
4208 20880 -2448
3632 20592 -3712
3632 20352 -4192
2784 20160 -4368
2576 20160 -4224
2000 19936 -4224
1264 19168 -3696
576 17776 -3552
416 17392 -4032
-48 17312 -3120
-816 16528 -2032
-1632 16528 -1632
-2320 16336 -1632
-3232 16528 -1504
-4112 16128 -912
-4688 14848 528
-4784 13872 1712
-4752 13408 1872
-4752 13120 1728
-4640 12880 1552
-4128 13376 448
-4288 13456 912
-4048 13104 1664
-3776 13472 1488
-3360 13536 2032
-2608 13552 2112
-1776 13504 2112
-688 13632 2528
720 13808 2480
1984 14336 2576
4112 15936 2592
4768 16912 2672
4768 17632 2624
5088 17632 2624
5504 18176 2320
5600 18512 1968
5712 18912 784
5456 19136 -128
5072 19024 624
4880 19328 560
4224 19632 -64
3440 19568 -1312
2384 19232 -2288
1824 19024 -3168
1232 18720 -3632
448 18352 -3728
-448 17680 -3680
-448 17680 -3392
-1264 16896 -3392
-1872 16224 -3552
-2576 15760 -3776
-3088 15376 -3120
-3264 14512 -1840
-3232 13696 -544
-3232 13488 -32
-3424 13488 304
-3728 13152 688
-4240 12864 1408
-4096 12672 1840
-4096 12672 240
-3792 13392 1248
-3680 13120 1248
-2688 13024 1136
-2208 12928 1568
-1328 13072 1216
-544 13392 1280
528 13808 1552
1808 14704 1840
2960 15728 2288
2960 15728 3104
3680 17312 3104
4208 18000 3232
4384 18544 3184
4672 18800 1104
4848 18928 1104
5056 19280 784
5136 19056 -512
4912 18656 -528
4816 18832 -640
4368 19136 -1072
3952 19264 -1792
3232 19328 -2976
3232 19312 -4016
2336 19312 -4288
1456 19184 -4288
768 19056 -4400
-64 19072 -3744
-832 18864 -3744
-1584 18688 -3200
-2176 18144 -2912
-2496 17552 -2640
-3088 17008 -2208
-3520 16464 -2128
-3808 16016 -2048
-3856 15552 -1872
-3760 14544 -1136
-3760 14544 -880
-3504 13696 -256
-2992 13264 304
-2624 14016 -288
-2656 13152 576
-2512 13184 704
-2512 13248 1648
-2304 13248 1680
-1360 12912 1296
-912 12720 1152
-240 12784 1296
-240 12784 1712
320 13024 1712
1184 13472 2112
3104 14736 1696
3696 15376 2224
4048 16208 2368
6144 19888 1760
5424 20992 -144
4032 19584 -4576
3472 18592 -3552
3472 18736 -1088
4080 18736 1296
4832 19392 1296
4992 19904 1680
4640 20112 688
4240 20112 -688
3840 19856 -1968
3152 19648 -2560
2336 19424 -2784
1328 19168 -2816
320 18928 -3184
-752 18240 -3360
-1472 17296 -3488
-2256 16752 -3088
-2832 16320 -2592
-2832 16320 -2384
-2992 16000 -2112
-3264 16000 -2240
-3536 15872 -2240
-3792 14944 -1632
-4144 14128 -752
-4288 13584 176
-4528 13200 864
-4528 12864 1360
-4624 12864 1360
-4432 12784 1488
-4160 12944 1696
-3888 13520 1584
-3648 13328 816
-3104 13232 1600
-2144 13040 1440
-2144 12560 1024
-1488 12560 1088
-800 12416 1088
48 12512 832
976 13120 656
1888 13536 576
2736 14336 784
2736 14336 912
3456 15488 976
3824 16288 976
4160 17456 1280
4544 18736 1200
4992 19648 896
5072 20192 1056
5168 20720 464
5168 20592 528
4528 20592 192
4000 20656 192
3696 20624 -832
2816 20480 -1616
2400 20416 -2384
1680 20192 -2656
1168 19712 -2544
1168 19232 -2352
416 19232 -2080
32 18992 -2080
-688 18560 -2080
-1760 18416 -2816
-2800 19472 -4416
-4288 18752 -3792
-4288 17056 -1824
-5040 17056 496
-5184 15328 496
-4832 13952 1776
-4960 12992 2656
-4896 12640 2016
-5072 12416 1376
-5424 11936 960
-5424 11344 1280
-4960 11344 272
-4384 11888 272
-4144 11408 512
-3424 11200 1216
-2944 11056 1984
-2464 11184 1712
-1952 10784 1920
-1088 10992 1248
-592 11056 1536
144 11728 800
656 12160 1104
656 13200 1280
1376 14384 1504
1904 14384 1616
2176 15424 1616
2496 16976 1776
3056 18464 1664
3440 19568 1680
3792 20224 1600
4112 20400 1296
4288 20576 1120
4512 20944 592
4512 21072 176
4496 21072 -1056
4064 21088 -1056
3488 20736 -2256
2944 20608 -3376
2112 20480 -4112
1072 20496 -4560
144 20384 -4688
-816 20000 -4464
-1888 19648 -3984
-2592 18832 -3392
-3280 17760 -3168
-4096 16992 -2864
-4592 16288 -2688
-4624 15552 -2288
-4400 14800 -1552
-4400 14032 -1008
-3968 13392 -528
-3968 12896 -240
-4032 12896 -864
-3792 13408 -864
-4256 12128 -512
-4608 11424 -96
-4688 11312 1024
-4224 11264 1856
-3808 11008 2224
-3280 10784 2768
-2320 11008 3024
-1056 11392 3280
64 12352 3024
64 12352 3360
1072 13264 3360
2032 14464 3344
3104 15824 2992
3904 17296 3136
4464 18288 3088
4704 18848 3008
4976 19232 2704
5008 19408 1840
5136 19600 1344
5136 19840 992
5008 19856 176
5008 19760 -1008
4528 19760 -2192
3744 19824 -2192
3168 19920 -3264
2560 20032 -4000
1680 20080 -4400
528 20176 -4576
-432 19632 -4288
-1344 18880 -4064
-2288 18208 -3792
-3088 17392 -3456
-3088 16928 -3440
-3520 16928 -3776
-4016 17232 -3776
-4480 16688 -2928
-4560 15472 -1264
-5008 14832 2304
-5456 13792 3328
-5456 13264 2880
-5472 13232 2480
-5040 13232 1840
-5072 13408 1840
-5024 13344 1424
-4736 13056 1136
-3984 13616 16
-3552 13120 1392
-3552 12624 1792
-2976 12624 1296
-2544 12704 1088
