startup(x,y,z):(432,16272,80)
1328 17520 1328
2144 21104 1520
2976 26528 288
2272 19616 7456
3440 11792 16848
3440 11792 11856
1744 496 11856
32 24608 -2096
416 20528 3584
416 14544 8080
144 14544 8080
240 14000 4608
1200 15984 -2432
2384 16896 -6528
2624 15760 -7008
1824 13440 -6416
1824 13440 -5920
1104 11184 -5920
1136 10208 -5760
976 10160 -5232
576 10544 -4672
256 10800 -4256
176 11040 -3568
-128 11200 -3008
-128 11488 -2688
-96 11488 -8016
16 12976 -8016
-352 14544 -5072
160 13584 -3632
-64 13408 -3632
-32 14336 -944
368 14400 -944
1104 14464 -2784
1008 15744 -2784
864 17520 -160
912 17472 -1776
1072 17936 -1472
1328 17808 -2848
1472 18448 -1552
2032 18544 -2240
2224 18768 -2352
2352 18816 -2160
2400 18768 -2080
2320 18848 -2352
2288 18816 -2992
2016 18704 -3040
1600 18688 -3248
1232 18672 -2880
944 18544 -2768
944 18512 -2592
464 18432 -2288
464 18368 -2480
288 18368 -2368
464 18160 -2784
1072 18016 -2784
1952 17552 -3056
2864 16688 -3040
3520 15696 -3344
3520 14608 -3248
3200 13504 -3296
2848 12688 -3776
2192 11968 -4016
1488 11184 -3888
624 10480 -3200
80 10416 -2480
80 11296 -1616
-736 12816 -1040
-1168 14528 -352
-992 15872 -448
-992 16720 -672
-592 16720 -768
-304 16384 -176
0 15824 -48
-128 15248 -48
-544 15008 -176
-768 15440 144
-1392 16848 256
-2128 18736 288
-2384 20304 592
-1888 21696 1568
-1888 23136 2640
-528 23136 -768
976 23808 -768
2912 25024 1840
4976 26416 4240
7552 27664 5728
11456 28064 4240
14800 26640 240
14800 23248 -2128
17664 23248 -2032
17072 19952 -496
13472 17888 -496
11056 15392 1232
9264 12608 2976
7424 10000 3808
5728 8544 1504
5728 8416 -1312
4384 8416 -2848
3696 8880 -2848
1856 9936 -2992
-1504 11488 -2160
-4992 13152 -2192
-7280 14064 -2992
-7280 13824 -4976
-8912 13824 -6528
-10336 11744 -6528
-11712 6448 -5680
-12160 3184 -3520
-11808 4112 -2752
-10752 8176 -4064
-10752 13296 -5504
-8528 18112 -4432
-5440 18112 -2528
-3264 21232 -5088
752 22208 -5088
928 22832 -6496
2944 21568 32
5360 20384 4240
8112 20976 5056
12000 22832 3776
12000 22832 624
14992 23808 624
15648 24160 -1504
13696 23872 -2592
11712 21264 -2736
10688 16448 -784
9664 11520 640
9616 11520 -992
8000 9488 -992
5888 10032 -2704
3280 11072 -3776
496 12656 -4976
-1984 14208 -6144
-1984 14896 -8192
-3968 14896 -8192
-6160 12944 -15440
-9072 12880 -19696
-12016 13568 -2976
-15152 12832 -4816
-13744 13632 -3136
-13744 15856 -6464
-10032 15856 -6656
-6784 19296 -6656
-3536 22928 -5264
-5840 27792 -7328
-5984 30224 -5040
-2160 29472 -656
3808 27456 3168
8288 26560 4528
11584 27216 3008
13936 28016 -1040
15616 26432 -4832
15616 20992 -6224
17152 13184 -4224
17040 13184 -4224
15312 5904 -624
12208 2928 400
9120 5344 -1984
6096 9936 -3824
6096 9936 -3920
80 15920 -4064
-1616 16976 -4064
-3040 16384 -4368
-4672 14480 -5744
-6784 12224 -14400
-10112 9824 -17248
-10112 8064 -12416
-13344 8064 -5664
-13968 7760 -5664
-11184 9696 -1840
-6864 13920 -1248
-3952 19280 -1424
-1792 20752 -1312
-4688 26704 -5136
-6016 29680 -4480
-2624 28448 896
3840 26432 4560
3840 26432 4800
9056 26000 4800
13888 27632 1120
15520 27280 -3312
15440 24432 -6864
15392 18240 -7296
15888 10128 -4128
15888 3312 -352
15536 3312 -480
13104 1568 -2448
10032 4640 -2448
6416 8928 -4064
2640 12592 -4880
-400 15520 -5152
-400 16704 -6064
-2112 16704 -7136
-4656 15408 -7136
-8336 10352 -7536
-11888 8656 -6240
-14432 10736 -6528
-14656 15200 -7184
-12320 19968 -6432
-12320 22752 -3920
-8416 22752 -3920
-4656 23744 -2128
-2064 23696 -1696
-384 23440 -1920
1104 24400 -2416
3872 26160 -1920
7680 27456 448
10816 28208 2304
12656 28272 2096
12928 27808 1408
13792 26288 -1248
14208 22224 -3744
15840 16160 -2960
15840 16160 112
17024 9664 112
16192 5392 2192
13648 4720 864
10016 6096 -1872
6272 7824 -3936
3312 9232 -4896
544 10096 -4944
-2464 10144 -5856
-2464 9696 -7088
-5824 9696 -7888
-8864 9264 -7888
-10736 9888 -7056
-12384 12528 -4800
-12560 16144 -2720
-10528 19792 -2720
-7136 23056 -1712
-3840 25024 176
-1520 26832 1264
-112 28128 416
1856 28864 -1472
1856 28576 -1152
4800 28576 224
8144 27360 224
10384 26352 1952
12496 25536 1728
14064 24112 -480
14208 21008 -3264
14752 16336 -3120
14752 10960 -32
15712 6144 1744
15296 6144 1744
13424 3808 624
10672 3776 -2048
7424 4672 -4224
3712 5840 -5664
-176 6848 -6224
-3840 7792 -6832
-6656 9216 -7168
-6656 11392 -6992
-8944 11392 -5728
-10896 13888 -5728
-11856 16496 -3536
-11296 19264 -2048
-9168 22000 -704
-6368 24592 608
-3664 26448 1456
-3664 26448 992
-1664 27712 -800
-96 28528 -848
2544 28592 -1888
6128 28032 -704
9120 27136 1056
11024 26304 2848
11904 25680 2656
12864 24000 128
12864 24000 -2784
14032 20448 -3344
15568 15824 -3344
16336 10560 -2096
13360 3984 -928
10480 3920 -2752
10480 4544 -4416
7760 5824 -5040
5232 5696 -5040
3312 7632 -5504
1648 8640 -5776
-1616 8624 -6800
-5248 8784 -7472
-5248 9808 -6192
-8672 9808 -4032
-11584 12608 -4032
-12208 15744 -2640
-10816 19376 -2080
-8448 22912 -1200
-5808 26128 -48
-3440 28784 176
-2016 30240 -1072
144 30192 -1200
3056 29248 -1568
6240 28064 -1552
6240 26960 -640
9840 26960 576
11776 26064 576
11472 24032 -384
13328 21424 304
17552 17312 -704
19136 12624 -1776
17360 8096 -1856
14544 4912 -1312
14544 3536 -2096
11824 3536 -3392
9232 3584 -3392
6320 4624 -4224
3264 6448 -5408
736 8080 -6336
-2096 9200 -7344
-2096 9376 -7856
-4992 9728 -7056
-8992 9728 -4432
-12736 11440 -4432
-15120 14752 -3536
-14624 18944 -3072
-11360 23408 -2608
-7200 27088 -1536
-4112 29728 -384
-2816 31152 -976
-2816 31104 -3056
-2112 31104 -3888
416 30160 -2736
4256 28672 -2736
7808 27648 -800
10832 27456 80
12544 27360 -288
12544 25840 -1936
12992 25840 -1936
13696 23376 -400
16544 19200 -400
18912 13760 1424
18336 8672 1776
15680 5312 496
12912 4096 -1696
12912 4000 -3376
10640 4688 -5008
7968 4688 -5616
5136 6160 -5616
3104 7696 -5360
1232 9056 -5904
-1744 9968 -6672
-5680 10736 -7408
-10128 11584 -6848
-13440 13632 -5808
-15296 17216 -4720
-14560 20784 -4000
-14560 23568 -2528
-11232 23568 -2528
-7696 25744 -240
-5360 27520 544
-4144 28992 -1968
-1888 30032 -4272
1552 29760 -3600
4992 28992 -2336
8000 28144 -80
10800 27376 1840
12016 26144 2000
12016 26144 1696
12496 24560 1696
14560 22288 2400
17088 18176 2416
18064 12992 592
16656 7920 -1120
14320 4224 -1920
12480 1872 -2624
12480 752 -3584
10544 1392 -4784
8240 3312 -6080
5872 3312 -6080
3952 5504 -7200
1760 7312 -8480
-2224 9216 -8224
-7760 11760 -6608
-13952 15856 -5008
-13952 19664 -4624
-17648 19664 -4160
-17152 22992 -4160
-13456 25504 -2000
-9168 27776 1504
-5536 30096 -32
-4048 31376 -256
-2464 32016 -3424
544 31920 -3920
4368 30704 -2368
8000 29792 -352
14800 28656 208
18240 26384 -256
20352 21680 752
21312 15056 2512
21408 7968 2448
19872 2592 544
19872 -368 -1472
17600 -368 -1472
15136 -1312 -3056
12656 -688 -4272
10752 1296 -5424
7936 4256 -6608
4656 7536 -8320
4656 10000 -9760
-4576 11456 -9600
-4576 11456 -8176
-11040 14624 -8176
-16736 19040 -6624
-19184 22832 -5504
-17920 24848 -3952
-14160 25584 -1648
-9840 26688 320
-7536 29232 -608
-7168 30944 -3520
-5376 31792 -4256
-2320 32224 -4464
2352 31392 -4160
8512 30480 -2544
8512 29456 -768
14160 29456 -768
16352 28912 752
18160 27808 864
21296 25184 1200
24048 20464 2208
24048 14528 3216
24240 14528 3264
22560 8992 1680
19568 4128 112
18320 3456 -1808
16144 3488 -3264
12496 3440 -4640
8896 3888 -6576
5120 5120 -9008
448 6624 -10976
-6208 9232 -10576
-6256 14512 -8608
-22832 20688 -6944
-24624 25600 -6032
-21696 28896 -3968
-16400 30512 1824
-12320 31392 1824
-11456 32016 800
-10656 32336 -4672
-7344 32496 -4672
-2080 32464 -3232
4128 32560 -1760
15280 32608 -2432
20000 31520 -2320
22720 27056 -2336
24544 19392 -1440
25648 10752 512
25488 3328 2112
24368 -608 1184
22784 -1536 -1072
20432 -1008 -4192
17696 736 -7600
14432 2960 -7600
11088 5408 -8320
6960 7680 -9872
1456 8656 -10192
-5328 10400 -9984
-13488 14912 -9152
-21232 20592 -8144
-21232 26064 400
-26288 26944 -3168
-16448 28800 -2480
-14928 28640 -1312
-14400 28912 -1824
-12048 30512 -4032
-7760 31584 -4528
-2768 32112 -4704
2592 32384 -4144
8528 32512 -3872
14272 32576 -3600
17984 32608 -2800
20432 24736 336
22464 18512 3376
24400 18512 5472
25536 12224 5472
24992 6864 4672
23520 3792 2208
22176 2496 -1312
20864 2320 -4480
20864 2576 -4480
19232 2560 -6128
16720 3136 -6912
12640 3872 -9664
7088 4384 -9664
-784 6144 -10944
-9808 10288 -11120
-19952 16816 -10352
-26288 24736 3616
-21856 27776 -5888
-19088 28848 -6560
-14528 28784 -528
-12176 31680 -7056
-2096 32160 -6704
-2096 32320 -3728
10080 32256 -2064
15200 32432 -2928
18512 32112 -3984
18512 29472 -3760
21536 24544 -992
21536 24544 2464
23424 18352 2464
24096 7488 2272
23248 3824 80
22192 3824 -3248
20496 1200 -3232
19168 -784 -5536
17440 -1920 -6640
15056 -1728 -7744
15056 -416 -9008
11312 1008 -11088
5536 1008 -11040
-1968 3056 -9840
