startup(x,y,z):(352,16272,112)
384 16496 1472
448 16544 864
448 16304 1152
448 16544 1232
304 16544 1232
384 16384 1232
320 16576 608
288 16448 560
784 16544 800
272 16960 1392
224 17392 1904
448 16768 1536
16 18144 2512
-256 22368 4080
2240 30080 5440
2240 15312 15664
-15200 15312 11936
-272 23984 -7056
5904 23600 7904
2640 15392 7520
4256 -800 10880
4448 12768 -5504
6528 15488 -7264
3632 10752 -4512
1440 7408 -4512
1520 6544 -3920
1920 7648 -4880
448 20144 -9392
1504 26400 -14864
1680 21648 -12528
-3136 9744 -7712
-3744 11120 -1024
-400 14384 2608
4400 16144 1344
-2080 16112 -4448
-2480 14928 -4368
-4416 13152 -6240
-4848 13360 -6000
-5344 13120 -4992
-8016 12928 -3952
-6992 14176 48
-6992 15792 3952
-6272 17392 4192
-5408 19312 2240
-4752 19312 352
-7408 19440 3504
-3552 19440 -1024
-6224 16688 -3200
1792 16000 -1936
-2672 15072 -6032
-944 13968 -2816
864 12992 -2720
864 12880 -1808
2496 12192 -2784
2496 11792 -2080
2432 11792 976
5008 12016 976
3968 12656 -1744
2848 12480 -4048
4080 13184 -4688
3072 14384 -2672
4272 14512 -3088
4272 15744 -3072
3232 15744 -3952
2880 14800 -1728
13504 19984 8128
6112 19824 6640
6320 21680 -256
5312 20480 -560
5312 18240 1360
2592 16304 880
1632 15552 640
1488 15712 992
1680 16320 752
1920 16800 352
2000 16944 448
1760 16576 576
1648 16304 224
1776 16112 288
1776 15760 240
1504 15568 -256
800 15728 800
1504 15184 -176
1072 15184 -864
976 13488 -1712
112 13712 -1344
896 12656 -1344
1168 13120 48
1696 12080 -1424
672 15744 -5936
-7376 22080 -3856
-5760 22384 2176
8800 20608 -912
4736 18192 -4000
1872 15920 -1584
3616 16656 5568
2880 17440 416
4432 19424 -720
5232 19232 -1840
5232 19232 -3504
6304 18432 -3504
7072 17232 -2736
6528 16864 -3200
5424 16448 -1952
4000 16288 -1232
3392 16240 -1056
2976 16112 -976
2688 16032 -1056
2672 15968 -1056
2624 16064 -1008
2624 16032 -912
2528 15968 -736
2464 15968 -832
2688 16032 -672
2672 16000 -672
2592 15952 -688
2688 15952 -816
2752 15952 -688
2656 16032 -688
2832 16080 -928
2928 16048 -896
2688 16096 -784
2816 16032 -592
2928 15952 -784
2880 16144 -656
2928 16096 -384
2912 16000 -464
2864 15904 -656
2864 15936 -688
2608 16016 -832
2688 15984 -928
2704 16000 -864
2704 16000 -1168
2800 16032 -1168
2688 16048 -992
2704 16096 -672
2704 16032 -672
2640 16000 -736
2816 16096 -736
2960 16144 -736
2704 16064 -848
2800 16016 -720
2736 16064 -848
2768 16096 -752
2816 16064 -832
2816 16064 -816
2928 16032 -912
2928 16048 -992
2784 16080 -1040
2960 16000 -928
2896 16000 -896
2896 15936 -912
2752 15936 -1088
2736 15952 -1088
2752 16016 -1008
2784 16000 -1072
2784 16016 -1088
2752 16032 -1152
2832 15952 -960
2896 16080 -640
2672 16160 -848
2752 16080 -736
2720 16112 -704
2640 16144 -832
2688 16128 -1024
2528 16064 -848
2704 16144 -960
2864 16048 -704
2880 16048 -784
2800 16080 -656
2864 16144 -768
2928 16080 -912
2752 16048 -784
2912 16048 -832
2912 16032 -656
2816 16032 -832
2912 15984 -512
2864 15968 -592
2896 15968 -720
2800 16080 -592
2608 16016 -592
2720 16048 -720
2752 16128 -608
2704 16016 -624
2704 15984 -608
2656 15984 -624
2784 15968 -624
2816 15968 -704
2800 16016 -816
2848 16016 -576
2928 16048 -784
2736 16064 -880
2736 16032 -1008
2688 16016 -784
2720 16048 -528
2720 16064 -480
2752 16064 -480
2656 16096 -736
2704 16016 -784
2688 16128 -912
2624 16048 -608
2816 16096 -800
2768 16032 -736
2624 16064 -880
2672 16096 -752
2656 16064 -496
2496 16032 -480
2496 16048 -688
2624 16048 -992
2704 16048 -784
2624 16080 -784
2528 16064 -928
2736 15968 -608
2800 16032 -608
2848 16000 -720
2832 16000 -624
2800 15984 -576
2736 15984 -672
2560 16032 -768
2736 16032 -848
2736 16048 -960
2736 16064 -736
2848 16064 -896
2832 16080 -992
2816 16080 -928
2592 16064 -928
2768 15968 -672
2816 15904 -688
2816 15968 -720
2720 15984 -816
2832 16016 -1072
3024 16016 -880
3024 16016 -1008
2960 16016 -1008
2928 16016 -784
2704 15968 -736
2752 15984 -736
2704 15984 -512
2848 16048 -784
2672 16048 -608
2752 16064 -608
2816 16048 -800
2896 15984 -704
2640 15984 -720
2800 15984 -912
2736 16016 -816
2736 16032 -736
2752 16032 -576
2752 16032 -576
2624 16016 -912
2720 16016 -912
2512 15968 -832
2592 15920 -768
2560 16016 -320
2560 15888 -448
2768 15744 -592
2672 15744 -816
2688 15696 -800
2720 15696 -800
2544 15952 -640
2704 16080 -848
2704 16240 -736
2688 16176 -688
2608 16176 -688
2688 16256 -800
2688 16144 -672
2800 16144 -704
2720 16256 -848
2800 16160 -832
2880 16160 -912
2864 16144 -912
2736 16112 -656
2512 16080 -304
2560 16048 -576
2576 16048 -672
2688 16000 -784
2688 16000 -880
2656 16016 -880
2848 16000 -1104
2704 15984 -848
2640 15952 -800
2640 16000 -672
2720 16032 -960
2896 15952 -928
2896 15952 -976
2768 16016 -768
2768 16000 -768
2704 16000 -384
2544 16000 -384
2800 15920 -624
2832 15968 -432
2704 15984 -576
2704 15984 -880
2640 16032 -880
2880 15984 -912
2816 15952 -848
2736 16000 -752
2896 15968 -768
2864 15952 -784
2832 15952 -880
2832 15952 -976
2784 16000 -864
2832 16032 -720
2624 16032 -1072
2784 16064 -1072
2784 16032 -960
2832 16080 -1072
2560 16000 -1104
2496 15984 -832
2576 16048 -992
2704 16000 -1008
2768 16016 -880
2848 16016 -848
2848 16000 -608
2800 16000 -544
2816 16112 -608
2704 16112 -928
2784 16048 -736
2688 16032 -656
2736 16048 -656
2816 16080 -784
2736 16048 -752
2736 16048 -704
2704 16032 -704
2736 16064 -800
2864 16096 -896
2816 16016 -736
2688 16064 -640
2592 16080 -800
2624 16112 -832
2624 16096 -848
2576 16096 -848
2688 16176 -832
2720 16112 -832
2752 16032 -752
2752 16048 -640
2656 16048 -640
2752 16032 -848
2784 15968 -864
2736 16000 -688
2672 16048 -656
2992 16016 -880
2864 15984 -784
2864 15984 -880
2672 15984 -832
2848 15888 -784
2784 15936 -752
2784 16064 -800
2720 16064 -560
2800 16064 -624
2832 16000 -704
2800 16000 -704
2784 16048 -704
2784 15984 -688
2912 16016 -768
2864 15968 -768
2608 16032 -800
2640 16016 -864
2784 16016 -944
2784 15952 -832
2688 15952 -672
2592 16080 -688
2704 16080 -512
2688 16096 -512
2784 16112 -768
2704 16064 -640
2672 16032 -848
2656 16096 -688
2592 16064 -672
2640 16080 -656
2544 16016 -560
2544 15968 -672
2768 15984 -1104
2768 16032 -1072
2768 16080 -816
2736 16080 -816
2832 15984 -816
2784 15968 -672
2816 15920 -672
2832 15920 -672
2736 16064 -768
2800 16032 -480
2896 16000 -640
2896 16016 -704
2752 16016 -608
2800 16000 -736
2624 15984 -640
2688 15968 -640
2768 16016 -768
2784 16080 -768
2688 16016 -944
2752 16000 -816
2816 15952 -432
2864 15488 -608
2848 15088 -752
2848 14928 -608
2736 14928 -608
2784 15712 -656
2608 16096 -736
2592 16000 -720
2720 15792 -816
2976 15696 -1088
2896 15968 -880
2880 16176 -848
3136 15824 -864
3136 15872 -832
2880 15856 -976
2880 15456 -816
3088 17408 -896
3728 17088 -656
2576 16544 -400
2752 15552 -384
2880 15600 -640
2896 15600 -640
3008 16032 -640
2960 16272 -672
2864 16608 -544
2512 16736 -608
2528 16656 -704
2576 16432 -928
2672 16208 -896
2784 16048 -688
2944 16016 -768
2832 15968 -896
2896 15920 -992
2832 15984 -1008
2672 16000 -832
2672 15984 -848
2784 15984 -752
2784 15840 -560
2864 15808 -608
2768 15680 -336
2720 15680 -720
2912 15616 -720
2736 15456 -592
2816 15488 -528
2960 15824 -672
2848 16080 -704
2832 16160 -704
2832 16672 -512
2784 16544 -448
2768 16256 -544
2784 16016 -672
2896 15936 -944
2896 15936 -1136
2912 15936 -1056
2976 16112 -1056
2880 16224 -640
2848 16208 -672
2944 16256 -832
2816 16144 -592
2896 16112 -752
2736 16032 -672
2720 15968 -560
2832 15984 -816
2848 15952 -800
2848 15952 -512
2672 15968 -512
2784 16016 -640
2832 16064 -784
2768 15968 -720
2784 16016 -736
3072 15936 -896
2896 16000 -848
2896 16000 -832
2800 15920 -720
2720 15968 -1152
2704 15984 -816
2656 16000 -880
2656 16000 -784
2704 16016 -800
2688 16016 -800
2688 16112 -704
2688 16048 -736
2640 15952 -576
2704 15968 -512
2688 15952 -528
2832 15936 -592
2896 15968 -720
2816 16016 -768
2816 16016 -672
2640 15936 -656
2592 16032 -656
2720 16000 -656
2384 16032 -208
2832 16160 -784
3056 16096 -832
3040 15968 -800
2992 16032 -944
2992 16032 -784
2832 16000 -784
2720 16048 -704
2848 16112 -672
2832 16032 -720
2864 16016 -784
2848 16048 -880
2960 16000 -1056
2928 15984 -1008
2848 16000 -800
2848 16016 -816
2944 16016 -816
2768 16048 -576
2880 15920 -656
2960 15952 -512
2928 15952 -688
2912 16000 -752
2720 16032 -720
2784 15952 -752
2928 15984 -624
2976 15984 -544
3008 16016 -736
2976 15984 -848
