startup(x,y,z):(480,16304,128)
432 16432 992
368 16384 896
464 16352 896
544 16304 960
528 16592 1120
464 16464 784
464 16304 720
480 16352 544
432 16080 384
496 15984 192
544 16144 528
448 16208 816
384 16320 1088
320 16512 1344
192 16496 1152
192 16288 1056
272 16288 704
368 16240 704
384 16304 992
512 16240 816
624 16224 880
592 16112 848
336 16400 1056
416 16528 1312
304 16528 1344
304 16400 1344
400 16400 1472
304 16576 1440
416 16448 2288
416 16048 3200
480 16560 2272
848 16560 1136
608 16128 1136
816 16720 528
1168 18224 496
1216 18576 2064
2352 22256 2752
2352 22256 2448
1248 22944 2448
-3760 19536 1872
240 17968 3920
3840 18480 6032
3840 10896 11328
1984 14992 8976
1984 14992 7168
128 22976 7168
-1424 14400 4624
-1072 20144 4576
-1168 13104 7552
1088 13104 5744
2048 11248 5744
1392 13856 992
-16 15616 -2624
-1136 14960 -3664
-1584 13520 -3184
-1584 12928 -3072
-1584 12928 -3216
-1616 13328 -3488
-1840 13952 -3488
-1664 14480 -3456
-1888 14720 -2816
-1888 14752 -2432
-1568 14752 -1840
-1408 14768 -1840
-976 15040 -1536
-528 15248 -1232
-224 15504 -656
32 15808 0
416 16096 496
416 15952 1488
608 16256 1520
896 16256 1264
1232 16608 1264
1664 16640 1376
1920 16384 1376
2096 16048 1424
1152 16544 3216
1232 16368 2272
784 15952 960
-592 16080 352
-592 16160 -592
-1664 16160 -592
-2144 15840 -1168
-2928 15776 -1488
-2880 15696 -1904
-2752 15520 -2080
-2752 15520 -2192
-2896 14976 -2176
-2736 14624 -2080
-2752 14736 -2080
-2544 15024 -1664
-2288 15456 -1488
-2112 15792 -640
-5872 16832 4944
-2496 17456 2176
-2496 17712 -848
-1280 17744 -576
-1008 17376 -576
-1824 16848 736
-1152 15936 240
-1312 15744 -192
-1392 15632 -960
-1488 15728 -1504
-1232 15456 -1760
-1664 15696 -1456
-2160 16544 -1520
-2352 16928 -2112
-2368 16896 -2432
-2368 16704 -2560
-2400 16704 -2320
-2176 16576 -1952
-1696 16576 -1712
-1440 16576 -1424
-1248 16464 -1568
-1216 16464 -1568
-1328 16320 -1744
-1584 16272 -1952
-1920 16048 -2288
-2000 15776 -2560
-1728 15536 -3104
-2016 15552 -3024
-2384 15552 -3056
-2464 15680 -2656
-2640 15840 -2448
-2544 15952 -2560
-2880 16064 -2464
-3184 15776 -2400
-3536 15264 -2944
-3536 15264 -3152
-3808 13248 -4992
-432 13360 -6560
-432 14688 -7248
-2032 14688 -6208
-4352 15984 -3712
-3616 13968 -6368
-3632 14976 -6000
-7920 13712 -2080
-5808 14640 -3184
-5488 14352 -2768
-5488 14352 -2656
-5520 15008 -4000
-3552 15120 -4224
-3872 15648 -4416
-3872 15728 -4192
-4448 15728 -4736
-4256 15712 -4736
-4416 15792 -4528
-4688 15088 -4176
-5568 14944 -3280
-4976 15472 -3488
-4512 15920 -3888
-3872 15200 -4384
-4064 15488 -4144
-4096 15200 -4096
-3008 13424 -1952
-2272 14016 -2272
-3296 14688 -2992
-3296 15040 -3728
-3504 15040 -3984
-3424 14672 -3984
-3328 15232 -4192
-3232 15440 -4192
-2256 15744 -4848
-2176 15248 -4576
-2848 14944 -4560
-2368 14976 -4560
-3232 14496 -3936
-4192 14752 -3696
-4864 15008 -3728
-4864 14704 -4016
-5104 14704 -4112
-5664 14672 -4880
-4736 14752 -4880
-4544 14864 -5008
-4560 15520 -5024
-4368 15296 -4784
-4160 14976 -4896
-4160 14736 -4896
-4256 14480 -4896
-3680 14320 -4960
-3760 14320 -4208
-4496 14640 -4208
-4160 15088 -4544
-4128 15312 -4672
-4320 15392 -4608
-4256 15280 -4592
-4256 15152 -4448
-4256 15104 -4384
-4304 15104 -4480
-4144 15008 -4480
-4192 14928 -4656
-4080 15008 -4592
-4032 15024 -4368
-4032 14976 -4256
-4128 14944 -4304
-4128 14944 -4304
-4000 14880 -4192
-4080 14864 -4368
-3856 14832 -4400
-3728 14896 -4288
-3760 14848 -4416
-3760 14912 -4432
-3920 14912 -4176
-3904 14912 -4320
-3856 14880 -4288
-3712 14816 -4400
-3952 14864 -4272
-3952 14912 -4144
-3840 14880 -4272
-3856 14944 -4352
-3856 14832 -4320
-4048 14832 -4320
-3968 14880 -4416
-3888 14832 -4464
-3968 14816 -4112
-3744 14896 -4320
-3744 14896 -4448
-3904 14944 -4448
-3792 14928 -4288
-3808 14800 -4320
-3904 14880 -4064
-3872 14944 -4224
-3744 14944 -4448
-3920 14864 -4336
-3920 14848 -4304
-3952 14848 -4304
-3904 14880 -4304
-3904 14896 -4208
-3808 14784 -4368
-3952 14896 -4096
-3920 14912 -4256
-3920 14992 -4496
-4048 14992 -4496
-3936 14992 -4704
-3904 14864 -4656
-3968 14864 -4336
-4064 14944 -4272
-4064 14928 -4448
-4048 14928 -4448
-3936 14864 -4448
-3952 15008 -4560
-3824 14960 -4528
-3696 14864 -4640
-3600 14848 -4496
-3600 14816 -4400
-3648 14816 -4320
-3664 14848 -4320
-3696 14896 -4496
-3840 14928 -4368
-3872 14944 -4224
-3840 14928 -4272
-4016 14912 -4448
-4016 14928 -4336
-3840 14864 -4416
-3888 14880 -4416
-3888 14976 -4368
-3920 14992 -4400
-3920 14992 -4384
-3984 14976 -4160
-3936 14912 -4256
-3888 14944 -4432
-3856 14848 -4672
-3760 14928 -4576
-3744 14880 -4272
-3760 14848 -4176
-3856 14928 -4208
-3856 14976 -4272
-3760 14976 -4256
-3888 14880 -4256
-3840 14832 -4160
-3888 14912 -4368
-3840 14768 -4400
-3936 14768 -4368
-3936 14784 -4128
-3936 14912 -4176
-3872 14912 -4208
-3792 14944 -4592
-3808 14928 -4496
-3808 15024 -4416
-3840 14960 -4496
-3664 14848 -4496
-3840 14944 -4672
-3920 14944 -4688
-3872 14880 -4864
-3872 14832 -4912
-3856 14832 -4608
-3808 14880 -4592
-3744 14864 -4592
-3952 14912 -4544
-3936 14992 -4544
-4000 14928 -4448
-3984 14928 -4608
-3888 14864 -4352
-3888 14896 -4448
-3792 14912 -4384
-3952 14896 -4416
-3856 14880 -4496
-3984 14880 -4464
-3920 14864 -4464
-3904 14912 -4528
-3808 14832 -4240
-3920 14848 -4256
-3808 14944 -4304
-3808 14960 -4192
-3920 14992 -4160
-3872 14992 -4560
-3888 14912 -4560
-3952 14928 -4544
-3904 14992 -4464
-3792 14944 -4560
-3824 14960 -4448
-3888 14992 -4528
-3888 15008 -4320
-3856 15008 -4400
-3984 14976 -4400
-3936 14928 -4400
-3872 14992 -4384
-3712 14848 -4224
-3776 14816 -4320
-3856 14832 -4320
-3696 14848 -4496
-3696 14832 -4416
-3696 14928 -4288
-3808 14928 -4480
-3792 14864 -4448
-3840 14848 -4448
-3824 14800 -4352
-3888 14880 -4672
-3904 14944 -4656
-3904 14944 -4592
-3968 14912 -4544
-3808 14880 -4432
-3808 14928 -4544
-3920 15008 -4560
-4032 15008 -4288
-4032 14880 -4320
-3936 14864 -4320
-3776 14800 -4240
-3904 14896 -4320
-3856 14944 -4400
-3760 14896 -4496
-3728 14960 -4592
-3760 14928 -4496
-3760 14928 -4384
-3760 14960 -4736
-3728 14960 -4736
-3760 14976 -4528
-3728 14864 -4480
-3664 14848 -4464
-3840 14864 -4464
-3888 14880 -4416
-3888 15008 -4528
-3808 15024 -4320
-3808 14992 -4336
-3792 14992 -4416
-3728 14928 -4416
-3920 14912 -4272
-3904 14864 -4304
-3888 14848 -4400
-3872 14784 -4544
-3904 14896 -4880
-3904 14896 -4592
-3856 14912 -4592
-3760 14896 -4768
-3808 14816 -4448
-3904 14912 -4400
-3920 14896 -4368
-3872 14896 -4368
-3872 14960 -4464
-3888 14960 -4336
-3632 14896 -4336
-3744 15072 -4336
-3712 15008 -4368
-3776 14912 -4496
-3824 14736 -4288
-3888 14720 -4208
-4016 14864 -4304
-4016 14944 -4352
-4096 14944 -4240
-4064 14912 -4240
-4000 14896 -4288
-3936 14864 -4336
-3888 14864 -4544
-3920 14928 -4496
-3936 14944 -4544
-3936 14912 -4464
-3936 14912 -4512
-3824 14976 -4512
-3840 14992 -4560
-3824 14896 -4368
-3936 14880 -4384
-3904 14880 -4160
-3872 14912 -4416
-3872 14912 -4512
-3776 14848 -4432
-3792 14848 -4448
-3888 14880 -4512
-3952 14864 -4336
-3904 14800 -4384
-3920 14816 -4288
-3872 14928 -4128
-3872 14928 -4112
-3968 14896 -4416
-3952 14896 -4240
-3952 14896 -4240
-3888 14992 -4272
-3840 14944 -4416
-3808 14864 -4288
-3760 14896 -4448
-3808 14928 -4336
-3808 14928 -4384
-3920 14992 -4384
-4000 14992 -4144
-3936 14960 -4160
-3856 14864 -4352
-3728 14880 -4496
-3760 14864 -4288
-3760 14880 -4416
-3856 14880 -4560
-3744 14864 -4560
-3728 14880 -4304
-3776 14864 -4320
-3856 14896 -4160
-3968 14928 -4240
-3968 14880 -4336
-3728 14880 -4592
-3840 14864 -4608
-3872 14944 -4736
-3920 14992 -4624
-3984 14960 -4544
-4000 15008 -4496
-4048 14960 -4240
-3952 14912 -4400
-3952 14912 -4432
-3936 14912 -4432
-3872 14912 -4240
-3680 14832 -4288
-3776 14912 -4560
-3776 14912 -4480
-3936 14896 -4144
-3824 14896 -4208
-3648 14864 -4208
-3888 14880 -4304
-3824 14912 -4448
-3936 14912 -4144
-3920 14880 -4176
-3824 14928 -3984
-3872 14880 -4096
-3872 14848 -4288
-3888 14848 -4336
-3920 14864 -4352
-3936 14864 -4336
-3872 14896 -4336
-3984 14832 -4080
-4096 14912 -4176
-3968 14912 -4320
-3936 14880 -4256
-3936 14880 -4064
-3952 14832 -4064
-3776 14816 -4336
-3872 14864 -4224
-3760 14880 -4304
-3872 14864 -4272
-3872 14912 -4400
-3984 14880 -4432
-3808 14880 -4432
-4080 14928 -4432
-4016 14976 -4320
-3984 14928 -4400
-4048 14992 -4432
-3920 14912 -4304
-3920 14928 -4304
-3920 14976 -4208
-3920 14976 -4208
-3840 14864 -4304
-3888 14960 -4304
-3936 14960 -4320
-3920 14928 -4416
-3824 14896 -4016
-4032 14912 -4384
-4032 14896 -4240
-3936 14896 -3984
-3872 14928 -3984
-3952 14944 -3984
-3968 14864 -4176
-4000 14864 -4432
-3936 14928 -4528
-3984 14864 -4640
-3968 14848 -4544
-3968 14848 -4640
-4016 14848 -4416
-4000 14896 -4416
-4000 14960 -4432
-4000 14944 -4240
-3952 14848 -4192
-3920 14816 -4256
-3920 14816 -4032
-4000 14896 -4208
-3984 14832 -4208
-3888 14864 -4240
-3808 14896 -4112
-3904 14880 -4128
-3824 14880 -4352
-3824 14928 -4352
-3920 14928 -4480
-3936 14944 -4480
-3760 14944 -4480
-3936 14928 -4368
-4032 14912 -4224
-4032 14944 -4336
-4160 14944 -4336
-4208 14944 -4288
