startup(x,y,z):(416,16240,176)
400 16128 -160
608 16208 -400
368 16352 -656
432 16256 -784
224 16208 -464
272 16208 -80
272 16176 320
464 16176 544
416 16176 688
448 16160 688
560 16192 752
784 16208 608
624 16208 352
592 16256 352
544 16176 288
704 16112 320
432 16160 192
400 16208 -384
448 16240 -384
448 16224 -192
384 16224 -432
480 16256 -496
544 16224 -496
512 16240 -112
512 16208 80
384 16288 192
384 16256 240
416 16256 240
96 16176 800
0 16288 1008
112 16416 1008
656 16464 320
416 16192 192
144 16240 432
496 16128 -320
256 16016 96
288 16032 96
512 16128 -384
384 16176 -720
256 16256 -512
336 16224 -256
368 16192 256
368 16192 288
416 16176 528
256 16176 464
304 16192 464
432 16320 640
528 16192 640
416 16192 560
400 16240 160
224 16272 256
256 16304 0
352 16240 16
400 16240 -112
384 16336 -208
384 16336 -208
352 16336 -208
528 16272 -192
448 16240 -256
352 16272 -256
352 16240 -160
336 16224 1184
-256 16352 1184
-416 16384 1728
240 16304 704
768 16048 -96
240 16176 224
368 16272 336
368 16272 -336
912 16176 -336
192 16032 -288
368 16032 224
656 16192 -432
592 16224 -432
592 16224 -368
496 16224 0
320 16224 0
352 16288 -192
576 16224 208
400 16224 288
432 16176 432
480 16160 416
480 16192 816
624 16192 816
656 16096 368
624 16096 416
400 16080 416
496 16112 464
480 16192 496
384 16176 336
400 16160 64
496 16208 -128
496 16208 256
496 16240 -128
592 16240 -256
512 16176 -256
416 16208 -224
432 16176 -256
480 16192 -192
448 16160 -192
496 16192 192
400 16160 144
112 16288 1040
608 16016 880
1120 16224 80
1120 16352 0
816 16352 16
656 16576 16
976 16432 -208
1008 16208 -288
400 16160 -288
656 16128 -128
688 16176 -352
560 16048 -336
560 16128 -512
528 16224 -448
368 16224 -448
320 16256 -144
304 16240 304
112 16224 704
176 16176 688
192 16192 848
528 16272 608
592 16384 512
592 16240 672
480 16240 336
480 16160 336
480 16240 528
416 16256 384
320 16224 208
272 16208 64
288 16192 -96
288 16192 -272
224 16160 -272
416 16176 -448
416 16176 -304
496 16256 -128
464 16176 272
464 16256 -16
448 16256 64
432 16240 -224
528 15760 -224
1072 16192 592
864 16688 1152
1184 16784 416
640 16096 -480
464 15856 -336
464 15904 192
304 15904 -672
576 16160 -672
480 16304 -368
672 16336 -640
224 16336 -720
304 16352 -784
304 16352 -400
496 16288 80
544 16304 272
464 16320 752
464 16320 848
352 16288 848
240 16208 1104
512 16208 1024
400 16240 1056
448 16160 1008
320 16160 976
368 16208 752
336 16240 384
512 16192 -32
480 16176 -176
384 16272 -416
336 16240 -416
336 16240 -672
288 16256 -672
416 16224 -816
384 16256 -576
416 16256 48
464 16256 352
416 16240 352
464 16208 80
432 16208 224
336 16240 304
368 16304 416
288 16304 400
464 16224 368
432 16080 432
416 16144 352
416 16160 304
464 16176 112
560 16160 128
432 16240 16
480 16256 -208
480 16256 -352
528 16224 -352
432 16288 -544
384 16272 -848
432 16256 -512
464 16256 -304
496 16192 -272
528 16128 -16
320 16208 368
416 16192 368
304 16224 384
352 16224 336
432 16272 256
480 16240 272
480 16208 320
560 16208 288
464 16224 192
464 16224 240
624 16256 64
576 16224 64
464 16256 -96
416 16304 -240
496 16304 -256
432 16208 -176
432 16192 -32
464 16176 0
528 16176 -32
528 16112 224
448 16112 272
336 16224 272
432 16208 96
384 16224 192
432 16224 272
592 16240 192
528 16224 304
528 16224 448
496 16224 208
608 16240 208
608 16304 -16
496 16288 32
480 16288 0
352 16192 32
464 16224 208
464 16240 448
416 16240 448
384 16272 480
352 16240 144
320 16304 16
384 16256 160
256 16288 128
256 16192 192
288 16192 272
304 16240 208
288 16288 208
320 16272 368
320 16352 352
352 16240 128
352 16240 224
352 16256 -80
384 16256 -80
384 16240 -112
368 16288 -160
400 16288 96
464 16272 -96
512 16272 16
512 16288 32
560 16240 -160
528 16272 -16
544 16208 -16
432 16208 -176
512 16160 -32
480 16160 -32
432 16192 64
688 16160 144
688 16112 112
480 16160 288
496 16224 128
496 16224 160
368 16208 96
576 16192 32
464 16256 208
512 16272 144
480 16224 224
496 16208 192
416 16240 112
336 16208 160
512 16144 -32
224 16208 160
400 16176 224
432 16240 192
528 16256 176
432 16240 224
432 16160 192
464 16160 384
352 16192 384
288 16256 352
496 16208 240
480 16240 160
512 16304 -32
480 16240 208
560 16240 160
480 16256 96
464 16224 -80
464 16224 -112
368 16192 -112
592 16192 -176
576 16176 -144
448 16160 0
448 16192 16
432 16096 -16
480 16080 304
432 16192 -32
496 16208 176
512 16208 224
512 16240 176
512 16240 272
336 16288 336
352 16304 336
480 16240 272
512 16272 224
416 16272 112
432 16304 -48
432 16304 192
432 16304 192
464 16256 208
432 16192 32
304 16224 64
160 16192 64
304 16192 80
384 16160 128
384 16224 240
416 16256 144
368 16256 208
416 16192 208
480 16080 176
464 16192 240
512 16096 96
448 16128 272
448 16128 176
464 16128 176
448 16160 288
528 16240 160
496 16208 16
528 16256 -112
592 16272 -128
592 16272 160
384 16192 160
480 16128 96
544 16160 -16
480 16256 -80
416 16160 -48
576 16272 208
464 16224 192
496 16176 112
480 16192 128
480 16160 224
416 16160 80
496 16160 80
496 16128 96
480 16208 128
464 16240 -192
512 16240 -160
304 16288 -32
304 16256 -80
368 16256 -192
400 16336 -192
624 16256 -208
496 16288 -32
448 16288 128
448 16208 80
416 16208 16
448 16128 112
416 16144 48
416 16176 128
400 16192 176
352 16160 112
432 16192 336
432 16192 224
560 16144 208
272 16208 240
384 16192 128
384 16240 80
288 16208 64
288 16256 128
320 16288 16
416 16176 160
432 16128 224
448 16192 192
624 16208 192
592 16256 32
592 16256 -112
560 16256 -80
496 16288 -32
560 16192 160
656 16256 -48
640 16208 -16
640 16192 400
512 16192 224
496 16176 176
384 16192 64
320 16176 224
224 16208 272
336 16224 336
400 16240 384
368 16272 96
368 16224 112
368 16224 112
384 16192 -64
464 16208 -16
272 16208 176
352 16160 176
320 16224 240
368 16304 0
432 16192 32
400 16224 -16
464 16304 -16
672 16272 0
464 16208 224
464 16192 256
272 16192 80
384 16240 80
432 16224 0
480 16192 144
432 16208 208
496 16224 64
320 16176 -176
544 16192 -288
464 16176 96
464 16240 144
496 16240 144
656 16240 144
528 16288 16
448 16240 112
336 16208 320
384 16208 448
384 16192 624
448 16256 464
400 16288 368
480 16192 304
512 16160 288
448 16224 112
448 16304 80
368 16288 160
320 16240 208
448 16160 272
448 16176 304
432 16176 304
352 16176 480
432 16208 576
432 16256 160
480 16256 288
480 16176 384
432 16240 368
464 16288 416
432 16304 256
352 16240 208
336 16272 208
288 16288 288
336 16320 304
496 16256 256
480 16256 32
480 16256 176
336 16320 160
320 16288 160
432 16160 -16
384 16224 160
480 16224 224
416 16224 -32
336 16144 32
336 16256 48
352 16192 528
464 16144 272
512 16192 0
576 16160 288
480 16192 192
528 16224 80
528 16160 96
448 16160 16
464 16192 16
480 16192 64
400 16160 -96
592 16160 -96
432 16176 208
464 16160 32
416 16208 48
416 16208 288
432 16240 64
432 16192 368
416 16192 368
464 16208 192
528 16224 0
496 16288 288
320 16224 288
304 16256 160
272 16288 -64
352 16240 -48
352 16240 -32
480 16144 -32
448 16224 144
480 16192 112
304 16224 288
416 16224 128
416 16224 -96
400 16240 -80
496 16240 -80
336 16320 -64
384 16240 16
560 16208 176
288 16224 16
288 16144 288
384 16144 192
320 16176 192
496 16192 -48
400 16192 128
368 16160 368
288 16192 208
288 16192 160
336 16208 48
352 16208 80
304 16240 80
320 16304 64
