startup(x,y,z):(432,16240,96)
-22272 16784 18064
-3120 14928 10688
-5504 15568 3856
1088 15216 4096
4208 17152 -1600
11360 16672 -3456
9568 16224 -1600
3072 14864 6896
4016 16304 1424
-1760 15808 1216
-1680 15824 -864
-1680 15888 -3456
-768 16400 -5584
-1088 16160 -3296
704 16336 -4512
544 16112 -2608
256 16112 -2752
112 16032 -2096
-144 16192 -1536
336 16160 -2448
560 16112 -2416
224 16256 -1360
176 16416 -128
544 16320 1440
1312 16192 1824
672 16128 1872
256 16064 2000
160 16144 2080
512 16096 2160
320 16096 1760
816 16112 1648
720 16224 1360
736 16192 688
416 16160 192
608 16304 -464
480 16240 -896
288 16288 -1024
384 16064 -944
592 16016 -784
592 16016 -784
448 16256 -784
720 16192 -1088
624 16160 -1136
480 16192 -1072
496 16176 -976
656 16240 -560
384 16128 224
224 16160 512
224 16208 560
384 16208 656
240 16224 736
240 16176 736
496 16288 672
496 16272 1136
512 16240 1152
656 16224 928
592 16128 512
592 16176 304
528 16176 -192
576 16256 -240
448 16224 -416
400 16192 -416
448 16112 -288
256 16128 -384
288 16160 -416
272 16144 -192
384 16160 -64
448 16208 -64
448 16208 -288
496 16176 -288
560 16192 -368
448 16160 -128
448 16240 48
560 16288 304
352 16192 528
448 16272 288
288 16272 -80
288 16208 -128
304 16272 -96
400 16272 -288
528 16224 -80
432 16272 16
432 16272 144
480 16208 48
464 16208 48
384 16256 64
336 16288 288
208 16240 32
320 16240 -160
320 16224 -160
288 16224 -112
432 16176 -16
448 16272 -16
416 16224 -96
560 16256 176
400 16176 176
400 16256 192
368 16208 0
368 16208 -16
304 16208 128
464 16224 144
528 16160 144
512 16224 144
464 16192 0
496 16208 -32
528 16240 336
448 16208 176
416 16208 288
416 16208 240
304 16192 240
208 16192 448
368 16224 448
496 16304 224
480 16272 384
624 16224 144
560 16304 64
528 16240 0
528 16256 256
448 16256 256
480 16288 160
352 16288 128
464 16192 0
432 16192 -336
320 16288 -224
176 16320 -224
192 16272 -192
432 16288 -128
336 16208 -64
320 16176 -64
320 16192 -192
400 16256 -96
432 16256 0
528 16224 160
576 16208 96
480 16240 208
432 16240 128
416 16224 128
352 16240 112
432 16208 176
432 16224 304
592 16224 208
544 16144 224
496 16192 80
624 16144 -144
432 16160 -112
432 16176 -64
560 16160 -128
560 16240 -304
304 16288 -144
304 16288 -96
352 16288 -112
416 16192 -112
464 16176 224
480 16224 480
480 16208 448
528 16208 432
576 16224 432
416 16320 240
400 16224 224
480 16176 192
400 16144 176
400 16128 128
416 16176 48
448 16176 16
464 16176 -32
432 16144 -16
464 16224 -16
464 16352 -48
432 16256 -224
480 16240 -288
400 16224 128
400 16224 192
464 16144 304
416 16160 560
320 16160 384
336 16080 384
368 16096 160
416 16128 272
256 16176 352
336 16256 272
352 16288 -208
352 16240 -48
496 16224 400
496 16176 288
448 16192 64
432 16224 -128
432 16208 -160
528 16208 160
368 16240 160
416 16256 -48
416 16272 -96
320 16256 48
448 16192 160
592 16160 64
592 16176 -96
512 16160 32
480 16192 64
480 16192 256
272 16176 16
416 16128 16
432 16128 -16
496 16064 -16
416 16160 48
544 16192 -112
448 16192 176
448 16192 528
496 16192 336
384 16176 144
352 16176 144
304 16192 96
448 16272 224
480 16240 208
480 16256 0
496 16224 416
384 16160 304
432 16176 304
496 16224 256
496 16240 128
464 16256 144
464 16256 -64
416 16208 48
496 16272 -208
544 16192 32
448 16192 176
432 16224 32
432 16192 224
416 16192 256
416 16192 144
480 16256 -16
336 16144 144
416 16144 112
448 16144 32
448 16224 80
432 16336 144
400 16288 208
512 16320 -96
432 16320 -96
624 16208 -112
480 16192 208
464 16176 240
576 16192 288
496 16256 -16
432 16256 32
448 16224 16
336 16160 192
416 16192 128
464 16176 80
464 16176 -80
480 16256 -80
480 16240 96
432 16288 32
384 16256 80
480 16224 144
352 16224 272
368 16208 96
368 16272 160
368 16272 -16
304 16256 -16
416 16240 176
352 16256 112
288 16224 176
400 16272 176
368 16240 128
416 16240 96
384 16272 -80
384 16208 16
400 16208 16
496 16208 -160
400 16240 -96
432 16240 -128
400 16208 -48
400 16224 208
384 16208 -128
480 16208 -432
496 16224 -432
416 16176 -64
560 16240 -144
448 16256 112
560 16272 112
448 16288 64
432 16256 240
432 16272 352
368 16128 192
416 16192 112
576 16208 384
560 16224 208
464 16224 208
464 16224 240
368 16224 160
464 16176 160
496 16304 -16
544 16272 -208
528 16272 256
512 16192 64
416 16288 96
272 16224 96
304 16160 192
368 16240 -48
400 16176 -144
416 16192 224
496 16240 32
496 16192 144
512 16192 144
512 16144 352
544 16208 304
624 16144 192
544 16160 -64
544 16224 -16
480 16160 80
480 16160 256
432 16160 288
336 16128 288
480 16176 160
304 16192 496
304 16208 96
304 16256 160
352 16240 32
352 16208 80
560 16208 -32
544 16272 160
384 16224 160
352 16288 352
528 16272 240
528 16208 0
432 16208 144
432 16192 48
544 16192 16
432 16256 16
416 16256 64
272 16160 64
256 16144 176
336 16208 80
400 16192 -48
464 16144 128
496 16208 96
480 16224 16
480 16224 112
416 16144 240
352 16208 176
480 16192 -16
416 16272 240
496 16224 208
448 16176 48
416 16160 272
512 16160 272
448 16192 272
448 16176 224
400 16160 240
496 16112 48
528 16224 208
448 16224 224
448 16208 192
336 16288 176
432 16288 144
432 16240 -160
272 16224 -160
256 16224 64
256 16304 16
448 16272 16
512 16272 48
368 16288 144
400 16256 320
528 16208 16
272 16240 0
272 16240 -80
1056 16240 -400
208 16448 -400
352 16384 32
464 16144 -96
544 16112 -208
544 16192 -528
3072 15904 -4192
3456 16256 -3184
3456 16256 16
832 16544 16
192 16160 1024
976 16112 544
1184 16112 864
368 16144 1216
208 16192 1360
416 16192 1024
336 16096 464
336 16160 576
640 16160 224
1024 16176 224
816 16272 368
-64 16352 160
80 16288 160
272 16320 -592
352 16224 -608
304 16192 -704
304 16192 -624
464 16144 -624
576 16224 -704
576 16240 -576
688 16272 -480
528 16208 -48
272 16208 336
96 16192 704
96 16224 896
640 16224 896
592 16128 992
608 16176 992
896 16128 704
624 16192 288
624 16208 16
560 16272 -176
544 16272 -32
352 16208 -32
288 16256 -48
240 16240 160
320 16256 -80
576 16192 -432
816 16320 -656
816 16320 -800
768 16320 -800
560 16256 -416
368 16224 32
400 16256 416
224 16160 416
304 16224 416
384 16192 624
464 16256 480
480 16288 128
160 16320 160
192 16224 320
192 16224 -128
960 16208 -240
272 16256 96
-192 16256 -112
192 16192 -48
224 16320 -64
432 16304 -304
512 16208 -304
240 16208 -224
144 16208 240
448 16240 368
656 16240 672
688 16192 464
512 16272 448
560 16256 368
512 16240 64
480 16192 -160
576 16256 160
496 16272 -144
592 16224 32
528 16208 -128
512 16272 32
528 16256 416
560 16320 400
560 16320 400
576 16208 320
480 16240 304
592 16304 288
528 16208 176
464 16272 128
480 16304 256
496 16272 80
448 16288 224
448 16208 176
448 16208 176
496 16144 -208
432 16256 -400
416 16288 -256
272 16240 -16
224 16272 -48
256 16288 0
416 16320 176
400 16320 240
416 16192 416
272 16240 416
368 16192 512
336 16272 96
368 16272 80
368 16256 -48
432 16272 -48
496 16368 112
448 16368 -64
416 16288 -64
448 16192 -128
544 16096 -128
448 16224 -224
400 16224 48
512 16288 48
512 16288 288
560 16224 288
512 16176 320
480 16192 320
336 16208 288
464 16256 64
592 16160 112
368 16240 336
368 16224 272
368 16240 16
432 16240 48
416 16128 48
480 16176 64
352 16224 272
272 16272 128
240 16240 240
288 16208 288
288 16208 32
368 16208 -48
448 16240 160
576 16256 160
544 16160 176
576 16256 -48
560 16224 192
560 16272 336
576 16272 304
560 16272 240
704 16304 240
608 16320 96
496 16384 -48
576 16304 48
384 16272 208
432 16224 0
512 16224 -144
512 16224 176
320 16112 176
384 16144 96
384 16144 96
368 16128 224
384 16144 320
448 16192 384
384 16176 304
384 16160 176
400 16160 96
256 16176 96
336 16192 352
432 16240 160
688 16208 16
544 16240 96
528 16288 16
464 16240 0
512 16192 -192
464 16256 -96
464 16256 -208
432 16192 -208
288 16208 -32
416 16288 -80
400 16208 -112
496 16224 48
448 16240 176
448 16208 0
464 16224 -16
416 16320 448
416 16240 240
384 16208 32
496 16208 -16
464 16208 32
432 16208 112
544 16176 112
464 16224 0
384 16256 0
480 16224 160
368 16256 80
256 16304 304
256 16272 240
384 16272 144
240 16272 272
288 16240 272
144 16288 160
208 16208 272
400 16240 144
416 16224 240
480 16192 64
512 16192 96
496 16240 -112
352 16208 -224
320 16208 -48
416 16272 -272
416 16304 -80
320 16320 144
160 16320 112
192 16240 112
288 16288 288
368 16256 256
416 16192 160
384 16160 48
368 16176 160
592 16208 192
480 16240 144
480 16224 208
448 16208 -32
368 16176 96
336 16224 224
416 16224 160
496 16144 160
336 16160 -80
416 16160 -144
464 16304 272
496 16272 448
496 16336 272
432 16336 208
384 16352 208
544 16272 144
496 16240 144
640 16192 256
608 16208 192
432 16272 112
416 16240 48
384 16256 0
384 16272 272
464 16272 272
400 16240 160
384 16240 96
432 16224 128
448 16272 -144
400 16192 0
448 16240 272
464 16256 176
464 16288 480
400 16256 368
384 16192 272
384 16192 336
400 16128 336
400 16176 256
464 16176 304
592 16176 144
384 16192 64
480 16208 -16
432 16256 48
528 16272 208
400 16144 336
400 16160 144
400 16144 176
416 16144 144
448 16224 144
496 16144 96
480 16272 96
400 16240 80
272 16192 256
288 16160 64
352 16128 160
288 16224 64
464 16192 -192
432 16208 -160
432 16208 -48
448 16224 -48
576 16192 48
512 16224 -16
272 16224 16
352 16192 -272
544 16144 0
448 16256 64
320 16240 96
368 16288 144
352 16240 160
288 16304 16
304 16320 48
368 16336 -272
400 16272 -64
304 16240 80
432 16160 -32
368 16208 64
352 16208 208
224 16304 208
224 16224 192
320 16272 80
336 16192 112
528 16256 240
592 16240 288
560 16240 224
464 16240 96
432 16240 32
304 16144 32
432 16224 -160
368 16192 -144
384 16272 112
496 16272 224
464 16240 128
416 16176 128
352 16208 -112
384 16208 144
352 16224 112
400 16224 208
528 16240 336
512 16208 128
576 16256 -64
384 16272 272
480 16288 128
336 16320 144
336 16224 -112
304 16224 64
368 16256 272
544 16272 144
544 16288 240
464 16224 144
480 16176 64
416 16160 96
464 16208 0
448 16256 -288
496 16192 -80
496 16176 -224
448 16176 -112
304 16208 -112
480 16208 -80
304 16160 128
304 16240 -192
432 16160 192
416 16208 144
512 16288 112
448 16304 -48
432 16208 160
384 16192 112
384 16208 80
352 16224 240
464 16176 144
432 16176 160
368 16176 -112
288 16224 -96
480 16224 -32
576 16208 320
624 16224 336
624 16224 128
352 16224 160
368 16224 32
352 16240 128
320 16208 48
304 16160 96
304 16064 144
432 16064 144
496 16160 -96
496 16160 112
528 16208 112
384 16176 64
416 16176 128
416 16240 240
416 16256 32
368 16272 160
432 16208 64
624 16224 48
464 16224 -32
368 16192 -32
416 16112 -272
432 16128 -80
432 16192 0
448 16208 -48
336 16256 16
336 16272 64
448 16272 256
336 16224 192
448 16240 96
512 16208 96
512 16240 16
448 16208 160
496 16256 192
400 16224 48
400 16208 128
400 16288 192
432 16288 208
304 16256 176
336 16192 272
400 16208 -48
400 16192 16
400 16208 176
336 16176 128
336 16160 336
400 16160 400
448 16176 400
352 16080 96
432 16144 96
512 16256 176
320 16288 240
368 16224 144
432 16192 -32
240 16192 16
240 16272 48
384 16176 112
544 16176 -144
592 16256 -144
400 16240 16
432 16256 80
384 16256 -192
224 16192 64
304 16208 128
320 16224 112
352 16144 176
304 16144 176
304 16240 432
320 16240 400
336 16288 336
416 16240 112
496 16272 -176
432 16288 16
448 16224 16
416 16176 304
400 16256 176
400 16240 288
432 16240 272
464 16272 272
448 16208 -32
304 16192 32
368 16176 -112
432 16304 -48
480 16336 32
416 16224 112
560 16160 288
496 16112 176
432 16160 128
432 16160 -48
416 16240 -48
512 16208 304
528 16192 160
592 16240 -64
528 16192 -48
512 16208 0
432 16272 -16
432 16336 -272
432 16288 -48
400 16288 -96
400 16176 -96
432 16208 224
480 16256 128
464 16272 192
336 16272 224
304 16192 192
368 16160 240
352 16192 32
464 16208 48
544 16160 96
384 16192 64
448 16256 -128
416 16240 -16
416 16240 16
464 16160 64
368 16176 48
368 16176 144
464 16192 144
448 16192 -32
480 16192 16
464 16240 16
352 16240 -128
352 16224 -48
560 16224 -112
480 16144 96
480 16160 128
448 16160 224
560 16160 224
448 16224 0
368 16224 96
496 16256 16
400 16256 -48
384 16144 16
416 16112 0
448 16192 0
464 16144 64
464 16208 16
480 16208 144
256 16224 176
288 16192 208
432 16176 192
352 16208 320
352 16224 128
336 16224 288
288 16144 288
336 16144 128
432 16160 32
432 16192 128
432 16192 224
320 16224 32
320 16224 48
352 16224 288
208 16160 288
320 16240 16
240 16256 16
400 16112 192
448 16192 96
416 16144 0
448 16192 -96
336 16176 96
384 16224 160
384 16272 0
608 16256 -32
528 16192 -144
496 16272 144
336 16192 16
400 16272 208
432 16208 320
320 16208 144
464 16240 416
464 16336 256
480 16192 144
416 16224 192
448 16160 240
480 16144 192
672 16160 16
480 16208 -208
336 16256 320
400 16208 64
400 16224 -48
368 16224 -352
496 16176 -352
368 16224 -96
448 16224 224
416 16224 224
432 16192 192
416 16176 208
400 16208 -48
480 16272 -112
400 16224 16
400 16208 192
464 16224 96
432 16208 224
512 16160 272
432 16192 256
464 16208 256
448 16128 192
496 16224 -16
480 16224 -256
480 16224 -176
464 16208 -16
368 16224 80
448 16208 -16
400 16176 128
480 16192 -32
672 16160 -48
512 16208 144
448 16256 192
464 16192 144
464 16176 304
400 16208 240
464 16208 144
464 16144 144
336 16176 -144
400 16144 32
480 16144 -48
448 16176 -48
368 16192 32
464 16240 32
400 16240 -16
432 16240 -16
400 16240 0
304 16224 176
256 16240 64
384 16256 0
384 16256 32
464 16208 144
448 16160 96
432 16160 -64
576 16144 -64
496 16176 -192
448 16224 32
320 16224 -32
496 16256 64
512 16256 208
512 16224 208
576 16288 160
448 16208 192
512 16176 64
576 16144 48
576 16160 128
400 16192 256
384 16128 128
336 16144 96
384 16192 80
304 16288 208
352 16240 304
528 16256 80
496 16160 192
528 16192 160
656 16320 144
576 16208 256
448 16208 448
480 16224 128
592 16224 16
544 16224 16
480 16224 160
448 16144 64
448 16240 32
448 16208 400
400 16224 272
528 16240 96
432 16192 80
528 16176 80
448 16192 128
576 16160 32
480 16256 16
480 16272 48
480 16256 80
464 16256 304
416 16208 240
448 16320 320
400 16320 448
448 16240 144
256 16240 160
256 16240 192
256 16240 -240
400 16256 -240
496 16224 -64
624 16240 112
576 16224 192
448 16224 48
416 16256 176
480 16288 80
400 16272 112
352 16208 64
464 16160 128
400 16144 -48
528 16192 -176
560 16176 0
544 16192 64
544 16160 160
448 16176 288
448 16144 176
352 16144 128
368 16176 112
368 16208 208
336 16208 0
288 16240 0
416 16208 240
416 16272 208
352 16304 160
384 16272 128
544 16240 80
448 16224 48
448 16176 320
336 16144 160
400 16048 320
448 16048 80
368 16176 0
368 16176 0
368 16256 -144
448 16256 176
480 16192 144
528 16176 128
464 16304 32
336 16240 -80
448 16272 -224
448 16208 -224
384 16160 -64
352 16208 16
208 16192 32
256 16256 -48
304 16272 256
368 16224 176
368 16224 112
592 16240 112
544 16144 160
336 16240 48
336 16288 -208
320 16224 -192
320 16256 32
368 16208 -144
464 16208 -32
416 16176 16
416 16176 -240
480 16208 -240
400 16192 304
464 16144 208
464 16208 128
640 16208 128
592 16256 240
528 16208 176
576 16192 96
464 16176 48
464 16224 64
336 16224 112
400 16144 208
448 16144 160
432 16208 128
432 16208 -48
432 16208 48
448 16240 176
464 16240 256
448 16224 256
448 16272 192
192 16240 208
304 16272 176
368 16272 112
432 16256 -48
448 16224 -80
608 16176 -32
384 16240 112
368 16224 416
432 16288 304
496 16224 272
608 16272 128
608 16256 224
560 16224 160
400 16176 256
384 16160 256
400 16208 -96
416 16208 -48
416 16160 112
352 16176 144
352 16160 16
416 16192 32
416 16208 48
384 16288 -16
352 16240 304
352 16288 256
320 16288 112
208 16256 112
448 16224 240
448 16224 112
384 16224 -240
432 16224 -112
528 16224 128
480 16272 128
416 16304 240
464 16304 288
368 16272 288
416 16304 240
384 16224 0
480 16192 32
496 16144 112
464 16160 144
528 16160 384
480 16208 64
480 16208 144
448 16208 96
544 16176 96
528 16208 128
480 16208 32
432 16240 32
352 16224 208
512 16192 256
496 16272 192
512 16304 48
464 16288 48
256 16240 32
336 16304 0
288 16240 -64
352 16160 -16
320 16224 -32
320 16160 48
400 16192 -64
464 16176 0
464 16176 304
480 16192 336
480 16240 80
528 16240 -128
560 16272 -128
480 16336 -96
432 16320 -320
384 16288 -176
368 16336 -416
416 16320 -400
416 16208 16
384 16224 80
448 16160 16
480 16240 64
512 16224 48
512 16224 -160
560 16224 0
576 16208 0
496 16192 64
496 16208 64
528 16224 160
592 16192 304
544 16192 144
592 16288 208
528 16256 16
384 16208 16
368 16256 80
384 16176 -16
384 16176 144
336 16144 0
512 16208 -80
592 16192 48
576 16176 0
528 16192 -320
496 16192 -32
512 16160 176
608 16080 16
528 16080 128
272 16128 144
304 16176 192
336 16240 192
416 16224 0
448 16160 112
432 16128 0
288 16128 192
336 16128 64
416 16192 48
432 16224 144
448 16160 80
496 16176 -176
320 16208 -112
384 16192 -256
384 16176 -192
224 16224 -64
512 16224 320
496 16176 320
464 16304 64
448 16208 144
400 16096 64
448 16144 416
320 16192 384
464 16192 272
448 16224 176
352 16224 208
400 16192 160
416 16224 144
432 16224 80
384 16272 96
320 16272 64
352 16160 144
352 16144 176
368 16160 208
368 16240 112
368 16272 16
368 16272 -240
448 16272 -240
432 16208 -144
336 16208 -160
464 16224 -96
352 16288 -112
416 16224 -96
1840 15456 -6688
9200 17056 -464
-160 16960 3680
448 15184 496
448 16640 -1616
4000 16640 -10000
7648 16560 -10000
20240 15552 -12064
2304 11568 10144
9088 12528 5264
-736 16960 128
14432 15888 -2336
5888 16288 -2096
1680 17184 2352
-608 16240 3648
1520 16752 2464
-2992 16464 -4768
-384 15952 -5472
-464 16208 -4512
-2512 16736 -2480
-1920 16720 -1984
576 16048 -2832
-208 16480 -1744
272 16416 -2112
272 16416 -1920
768 16384 -1920
464 16368 -2304
640 16240 -208
624 16368 1168
1008 16288 1840
1104 16256 2224
816 16080 2688
32 16064 2176
368 16064 2176
416 16112 1520
512 16096 1312
736 16224 1424
672 16224 848
480 16240 352
464 16176 -144
464 16176 -496
-16 16304 -144
400 16112 -864
256 16240 -608
64 15968 -608
816 16016 -880
816 16016 -896
1088 16192 -1296
688 16192 -1248
448 16224 -1040
272 16256 -1040
352 16240 -736
512 16192 192
240 16208 448
176 16176 368
240 16192 496
240 16128 496
288 16128 544
448 16240 544
544 16240 896
512 16240 1056
736 16256 1024
544 16192 1168
448 16128 832
256 16224 560
176 16272 -352
352 16240 -368
400 16208 -448
320 16192 -656
