startup(x,y,z):(432,16240,96)
13296 16064 -25184
16048 10320 3728
-8288 6896 8560
5328 15616 7984
-11696 15824 18304
-11920 17744 2416
6224 19088 8944
9728 17760 -1712
17424 16512 -2064
12656 15776 -5024
12656 15776 3904
1504 17200 1616
11040 16368 -1856
11040 16368 -1040
6816 16240 -1040
1632 16176 -2320
-720 16320 -2320
-1392 17568 -5296
-1328 16592 -8336
-3056 16576 -5152
-1680 16800 -4720
-1008 16816 -2624
-1008 16496 -2480
-336 16368 -2000
-336 16784 -1616
-352 16784 -2368
960 16640 -2368
2432 16208 -2560
1520 16528 -1920
1408 16528 -48
1328 16528 -48
1120 16336 2256
928 16528 2464
896 16336 2752
352 16224 2976
208 16112 2288
480 16080 1664
400 16032 1216
656 16080 1264
656 16112 2320
-80 16112 2320
64 16016 1808
640 16240 384
384 16240 320
240 16272 -736
672 16224 -1168
672 16096 -1200
496 16128 -1184
512 15936 -1248
768 15952 -672
848 16160 -736
528 16192 -800
288 16176 -896
288 16096 -1120
464 16112 -912
464 16112 -640
544 16288 -640
512 16224 464
368 16208 560
352 16224 880
144 16192 1072
-48 16240 1040
224 16208 944
304 16256 816
576 16208 864
704 16192 688
720 16224 624
560 16240 304
384 16272 -48
304 16208 -448
112 16112 -592
144 16144 -496
320 16176 -608
320 16192 -400
144 16192 -144
160 16160 -160
480 16240 -224
512 16208 -144
544 16208 48
448 16240 144
560 16192 320
384 16176 480
368 16192 336
368 16224 432
368 16240 368
336 16240 368
304 16256 0
464 16224 -240
512 16224 -160
512 16288 -160
544 16272 -192
496 16240 0
400 16272 176
352 16272 176
192 16176 192
176 16144 48
240 16208 368
320 16224 192
384 16176 96
384 16224 272
336 16224 272
496 16208 240
416 16224 144
384 16272 336
384 16224 208
336 16224 96
320 16336 96
480 16288 80
464 16240 176
416 16160 96
416 16192 80
416 16224 64
368 16160 -128
368 16096 -96
400 16096 -96
368 16176 128
384 16272 352
464 16272 96
368 16224 192
368 16288 240
400 16288 208
448 16208 96
512 16160 176
512 16272 48
464 16256 368
512 16224 160
528 16256 128
512 16240 368
512 16256 224
288 16256 240
256 16240 240
336 16208 160
368 16192 -128
496 16224 64
320 16224 144
320 16176 -48
416 16176 -48
352 16144 -256
432 16160 48
464 16240 16
400 16240 320
656 16240 320
656 16240 304
624 16240 -16
400 16272 208
304 16176 32
512 16176 336
480 16288 336
400 16176 224
576 16224 16
432 16224 -272
336 16256 -272
336 16272 -128
320 16240 -240
368 16240 -176
432 16208 -192
384 16272 -288
352 16336 -64
320 16256 368
256 16272 240
256 16288 96
352 16256 128
432 16176 112
432 16160 304
432 16160 368
400 16208 208
416 16144 -32
416 16192 144
352 16272 0
304 16272 80
288 16224 160
448 16160 96
464 16160 -80
400 16208 -80
512 16224 -48
560 16208 -32
448 16240 -32
480 16160 112
496 16208 -64
448 16320 240
320 16208 80
592 16224 64
576 16240 224
576 16304 144
592 16304 -96
608 16192 0
624 16192 48
624 16192 16
448 16192 16
480 16256 96
448 16288 160
176 16272 208
416 16240 -64
512 16272 176
352 16224 -48
416 16240 -48
368 16272 -144
336 16240 -368
384 16256 -368
368 16208 48
448 16256 -128
400 16240 -144
304 16304 -16
448 16208 80
480 16208 96
544 16256 128
448 16176 176
384 16240 176
368 16288 144
464 16224 272
368 16176 352
416 16192 400
400 16160 272
432 16160 416
448 16176 64
272 16192 128
400 16224 128
288 16208 -32
368 16304 32
256 16240 144
256 16176 432
272 16176 224
288 16240 224
288 16272 352
496 16240 224
512 16176 80
336 16224 256
464 16224 32
480 16192 144
384 16224 192
384 16224 -96
288 16096 -96
448 16128 224
464 16176 -16
496 16176 80
448 16208 112
368 16192 80
368 16272 -64
368 16192 128
368 16192 80
352 16288 80
224 16224 64
288 16208 192
448 16176 80
432 16192 48
432 16176 64
464 16176 160
336 16192 272
336 16208 176
352 16272 384
320 16288 384
512 16272 128
240 16272 -48
240 16272 112
288 16304 32
288 16304 112
272 16192 112
400 16160 32
288 16144 96
368 16192 176
384 16272 -80
416 16256 64
256 16240 48
464 16208 176
464 16256 160
528 16256 128
480 16160 128
464 16208 240
416 16272 176
336 16192 32
464 16160 112
336 16160 160
336 16192 208
320 16192 240
192 16272 240
384 16176 352
400 16176 192
336 16128 272
432 16176 176
432 16112 192
448 16112 240
528 16208 128
400 16272 112
448 16272 -32
400 16240 -64
400 16240 16
512 16256 16
416 16176 96
432 16256 -272
512 16224 -16
512 16192 112
464 16160 -112
400 16144 -240
464 16208 16
512 16208 112
528 16240 368
528 16208 336
496 16240 96
560 16256 -32
512 16176 48
480 16192 96
480 16144 -240
576 16160 -176
480 16112 -112
352 16176 176
432 16240 192
352 16192 -64
432 16176 192
512 16208 48
496 16176 144
432 16208 144
400 16256 -32
480 16224 -80
496 16224 -144
480 16224 96
480 16224 96
336 16224 -80
336 16272 -80
432 16272 -208
336 16320 16
464 16288 272
320 16256 112
416 16240 176
448 16224 48
448 16208 64
528 16208 128
528 16144 128
384 16256 32
416 16272 -64
336 16304 16
368 16368 48
368 16368 128
320 16368 144
400 16272 144
512 16192 16
464 16224 96
368 16224 112
416 16240 -64
448 16256 -64
384 16224 -64
384 16224 96
480 16144 96
480 16208 48
528 16256 64
416 16160 192
464 16176 128
432 16208 48
448 16304 -176
448 16352 32
416 16352 0
544 16256 80
544 16240 208
352 16240 64
432 16240 64
432 16256 208
432 16224 160
576 16256 272
560 16224 240
448 16208 160
320 16288 160
320 16176 240
432 16192 80
464 16176 0
464 16224 208
352 16224 176
432 16240 256
384 16160 256
368 16272 208
528 16208 336
400 16240 112
304 16240 96
320 16288 48
368 16288 96
368 16288 32
544 16320 32
544 16320 224
512 16192 112
448 16256 80
400 16224 0
-112 16464 -256
1008 16320 64
240 16112 -192
240 16384 240
80 16096 336
608 16080 336
528 16240 -224
224 16480 -16
-2016 17088 1600
-2320 16784 2272
-1744 16272 1424
-96 16352 1408
-96 16176 928
-496 16112 1200
-144 16112 1200
448 16096 1280
432 16192 1280
224 16288 -400
1008 16288 -336
2112 16144 -336
304 16240 144
-608 16304 768
-112 16224 560
208 16112 -240
464 16256 -832
464 16256 -1280
640 16240 -1280
464 16208 -832
336 16336 -656
400 16320 -688
704 16272 -576
320 16240 -304
-160 16208 848
-256 16240 1280
-256 16224 1408
320 16224 960
816 16192 960
848 16272 128
720 16304 -224
592 16192 -192
480 16112 288
272 16160 320
256 16224 208
256 16208 48
608 16208 -208
496 16240 -208
192 16240 -112
336 16288 -400
704 16256 -720
1040 16208 -928
640 16256 -720
208 16304 -96
208 16272 464
208 16272 736
176 16256 720
320 16272 720
640 16256 272
656 16224 288
384 16256 144
288 16320 288
384 16272 160
384 16272 288
368 16224 288
272 16240 304
304 16176 16
208 16144 -240
304 16224 -336
432 16320 -528
592 16192 -272
416 16160 80
304 16240 336
384 16208 592
384 16208 448
288 16352 448
448 16240 240
480 16208 240
464 16256 272
496 16224 368
480 16256 192
448 16240 336
272 16256 304
496 16288 32
496 16176 64
496 16176 64
480 16176 -368
528 16192 -352
496 16208 -352
528 16160 -432
560 16128 -288
400 16176 -16
608 16224 48
448 16192 320
448 16192 416
432 16192 400
464 16176 400
416 16240 400
416 16208 336
400 16192 256
448 16224 0
432 16208 -80
528 16208 -208
528 16208 144
544 16208 -80
480 16224 -80
400 16288 -208
496 16272 -160
560 16192 -144
576 16096 -32
496 16176 -16
496 16112 -112
416 16160 368
400 16176 208
416 16176 368
400 16176 368
400 16224 432
496 16208 160
464 16224 144
352 16240 64
352 16192 -48
464 16192 96
512 16192 96
624 16208 -48
624 16240 -208
448 16208 -96
480 16160 208
496 16256 352
528 16240 64
528 16240 -96
496 16176 160
512 16176 144
400 16224 80
352 16192 144
288 16208 160
448 16288 400
416 16208 304
336 16256 304
336 16208 384
368 16208 384
368 16272 224
352 16288 -96
512 16304 -80
608 16272 -128
608 16272 80
480 16288 -96
352 16288 -96
384 16272 16
400 16384 112
368 16304 320
576 16224 192
480 16256 336
448 16224 160
448 16224 288
544 16240 32
512 16208 176
480 16272 240
304 16256 240
320 16224 224
448 16224 80
448 16272 80
272 16224 112
336 16256 -176
448 16224 -144
384 16176 160
400 16272 144
400 16272 352
352 16240 288
576 16208 80
656 16208 -16
480 16208 0
416 16208 0
448 16144 144
464 16176 208
368 16272 128
464 16240 96
384 16208 144
400 16240 160
400 16208 16
672 16208 128
512 16208 128
448 16272 112
496 16240 128
320 16224 176
320 16256 -16
592 16224 80
528 16272 16
528 16272 -192
528 16208 -192
416 16240 -64
416 16240 48
352 16160 48
464 16208 112
432 16224 64
496 16208 48
480 16208 208
480 16192 112
496 16272 0
464 16240 80
464 16208 0
528 16208 0
496 16192 160
512 16176 192
480 16224 16
384 16208 128
432 16256 304
384 16224 96
368 16224 96
400 16256 -112
528 16224 -176
384 16224 -240
432 16192 16
368 16224 16
400 16192 -160
496 16176 -160
384 16224 144
496 16224 320
512 16208 256
496 16224 368
496 16208 80
384 16208 -32
384 16176 -32
384 16224 288
368 16160 176
400 16112 224
384 16224 128
416 16224 224
416 16176 -16
480 16192 176
432 16224 32
432 16224 64
512 16144 64
464 16160 48
384 16224 144
448 16240 512
432 16240 512
384 16304 320
496 16320 176
416 16240 208
416 16240 304
400 16240 400
416 16240 400
496 16224 272
480 16256 96
656 16240 16
496 16208 208
448 16288 208
544 16256 32
576 16208 32
448 16352 -80
496 16320 0
400 16240 432
416 16224 288
464 16256 48
496 16224 16
400 16240 64
400 16288 48
272 16288 128
320 16208 208
448 16208 208
544 16192 176
528 16080 224
528 16176 192
528 16192 128
592 16240 64
592 16224 -80
656 16224 -64
480 16192 -64
608 16192 -48
464 16224 -96
416 16192 64
544 16272 128
384 16224 192
432 16272 144
528 16208 48
512 16240 240
432 16272 128
400 16192 320
464 16176 160
464 16208 64
576 16208 240
368 16240 240
336 16160 448
480 16192 352
464 16256 304
432 16240 128
448 16256 32
304 16208 224
272 16256 320
320 16192 176
464 16192 304
448 16224 128
512 16208 80
432 16256 -192
480 16224 16
432 16208 128
464 16256 -208
464 16256 32
480 16192 128
480 16240 32
512 16192 176
464 16192 80
432 16144 -176
416 16192 -176
384 16304 -48
416 16208 416
496 16304 144
496 16288 -112
496 16288 -128
496 16160 112
528 16160 144
384 16208 144
416 16176 160
400 16208 32
320 16272 112
320 16272 208
384 16272 0
400 16256 0
416 16224 -48
304 16192 -144
240 16160 32
320 16160 -16
512 16192 -16
512 16240 0
480 16240 0
624 16192 96
544 16192 304
448 16224 336
240 16176 352
240 16176 -64
384 16176 48
256 16160 128
240 16176 128
352 16256 80
336 16304 80
240 16336 48
240 16288 64
384 16256 112
336 16256 112
416 16256 144
368 16240 -16
448 16272 -176
304 16272 16
432 16320 0
400 16240 48
400 16208 -32
480 16208 -32
256 16288 128
208 16288 128
304 16240 16
432 16176 144
432 16176 240
480 16192 -64
416 16256 144
320 16192 144
384 16128 240
464 16256 160
464 16144 192
496 16144 240
496 16160 464
448 16160 464
432 16176 464
416 16176 304
320 16288 144
384 16256 64
416 16240 112
416 16208 -16
528 16208 0
448 16224 0
544 16176 -16
432 16192 -112
416 16224 -96
368 16224 48
368 16224 -192
464 16160 -192
512 16144 -16
528 16240 16
416 16192 160
416 16208 144
528 16240 -160
528 16256 -128
448 16256 -160
448 16288 -16
480 16256 48
480 16160 48
384 16160 48
320 16256 208
320 16224 96
368 16256 144
400 16208 -16
384 16192 96
416 16208 256
416 16192 208
464 16192 48
592 16224 48
640 16144 -96
640 16208 -128
512 16304 96
512 16272 144
400 16224 80
464 16176 -64
432 16176 -208
448 16304 -208
352 16224 176
400 16224 -96
448 16144 32
400 16224 -48
272 16176 0
464 16240 32
464 16096 0
480 16144 64
480 16128 48
464 16128 48
368 16112 80
336 16144 176
336 16192 160
320 16208 80
448 16224 144
448 16208 160
448 16224 128
464 16224 256
512 16128 224
448 16128 320
432 16176 320
592 16240 144
496 16208 -32
224 16224 192
208 16192 112
144 16224 -112
288 16176 -48
288 16176 176
368 16176 160
464 16192 304
448 16256 304
384 16288 272
352 16272 64
368 16208 304
432 16192 240
272 16208 128
272 16192 0
272 16192 -32
336 16304 -32
528 16240 256
560 16256 -64
592 16288 -80
464 16224 -48
432 16240 -128
384 16224 112
400 16256 96
400 16192 304
304 16192 384
448 16224 192
464 16240 144
592 16240 224
624 16304 144
416 16336 32
368 16224 160
368 16160 -48
384 16144 144
416 16144 80
320 16240 160
320 16224 160
496 16208 320
480 16224 288
560 16208 48
432 16192 112
448 16192 352
320 16160 352
368 16144 160
400 16208 224
464 16176 272
464 16176 48
544 16240 -32
512 16144 112
512 16176 384
544 16176 384
512 16208 192
464 16240 336
544 16224 224
464 16288 224
448 16288 480
416 16288 160
384 16320 192
416 16208 144
416 16224 144
544 16256 224
432 16240 144
416 16224 48
400 16144 224
416 16240 48
352 16304 160
256 16272 160
320 16272 -256
352 16272 16
464 16288 160
496 16208 48
400 16224 64
288 16224 112
128 16256 48
256 16256 160
320 16272 128
304 16256 192
304 16288 112
352 16272 96
368 16192 16
336 16208 32
384 16160 -144
336 16208 -80
400 16208 -80
416 16320 32
464 16256 352
432 16192 128
464 16224 96
432 16272 0
496 16208 144
464 16224 80
368 16208 64
352 16176 96
464 16240 48
464 16256 -112
448 16240 -80
464 16224 32
464 16160 16
416 16144 -80
432 16192 16
592 16192 0
464 16192 64
480 16176 192
480 16128 160
400 16160 240
464 16208 240
352 16256 224
368 16272 96
320 16208 368
336 16256 240
416 16288 192
368 16272 272
368 16272 16
384 16208 16
432 16192 -256
384 16208 32
416 16240 -128
304 16208 -80
464 16208 80
480 16240 320
512 16240 304
416 16208 208
352 16272 128
464 16240 -112
464 16288 -320
464 16288 -112
528 16224 144
624 16224 -32
656 16192 -32
768 16176 0
528 16256 144
528 16192 -144
432 16192 144
416 16176 416
304 16192 464
304 16176 384
480 16128 336
464 16160 160
448 16240 80
496 16176 368
496 16160 368
304 16192 192
384 16208 48
320 16240 -16
464 16208 80
448 16224 128
448 16160 -144
432 16160 -176
544 16096 240
528 16128 240
512 16208 176
400 16208 128
544 16224 -96
448 16224 -80
432 16256 -48
368 16160 272
480 16176 160
512 16144 496
768 16208 176
576 16256 288
400 16208 288
320 16208 176
400 16256 352
464 16320 160
512 16272 -160
448 16256 -80
416 16320 -80
416 16288 -224
496 16288 16
544 16224 16
464 16192 48
448 16192 224
512 16208 48
464 16208 16
304 16208 -64
432 16256 -64
288 16256 0
352 16224 80
288 16240 304
384 16144 112
416 16160 -32
384 16224 240
432 16208 -112
464 16272 0
464 16272 -224
656 16208 176
512 16256 160
464 16224 -112
336 16224 -64
416 16224 -64
432 16224 -96
496 16288 -16
592 16272 -16
608 16320 224
608 16176 240
576 16288 224
576 16256 208
480 16160 -16
512 16160 96
592 16176 112
480 16176 128
432 16192 112
432 16176 224
464 16176 400
480 16224 400
448 16208 240
400 16208 208
208 16224 192
464 16224 128
592 16240 32
768 16288 112
768 16208 192
400 16192 16
448 16176 16
416 16192 96
384 16208 16
400 16176 144
400 16288 112
576 16256 160
576 16208 32
528 16240 48
512 16240 48
464 16240 16
416 16320 176
400 16256 160
384 16224 176
336 16304 128
288 16272 224
288 16208 160
352 16208 448
448 16176 448
416 16192 272
464 16128 224
512 16144 16
544 16144 112
544 16144 -32
496 16144 -208
480 16112 -272
576 16224 -272
544 16224 -256
592 16160 -80
608 16144 16
448 16176 144
448 16224 192
432 16224 64
464 16320 64
384 16288 160
368 16256 32
432 16208 192
432 16240 160
496 16336 176
528 16304 48
576 16256 96
576 16256 80
448 16224 80
560 16224 80
464 16176 176
480 16224 336
320 16112 80
256 16144 16
256 16208 176
384 16208 128
464 16288 288
400 16288 304
368 16240 304
400 16256 288
480 16304 256
432 16256 -64
464 16224 0
672 16224 256
528 16192 288
400 16160 272
480 16176 336
544 16176 16
480 16208 80
528 16208 352
480 16192 176
480 16240 160
480 16240 240
576 16288 240
432 16320 128
528 16272 128
640 16272 96
512 16320 80
336 16256 48
352 16240 304
416 16272 64
448 16256 -16
512 16304 -144
512 16160 -48
384 16160 -48
480 16192 144
496 16272 0
432 16256 0
400 16240 192
384 16208 256
352 16192 320
496 16128 336
576 16176 400
576 16208 256
592 16208 256
512 16160 336
576 16144 272
528 16160 128
432 16256 96
448 16176 96
288 16240 176
416 16192 176
464 16192 64
464 16192 304
240 16112 304
464 16112 256
464 16224 224
448 16224 160
416 16208 -16
496 16224 96
464 16240 -112
464 16192 -96
384 16192 0
352 16288 0
400 16256 144
400 16256 144
400 16144 144
448 16144 176
448 16160 -16
400 16128 64
400 16224 160
416 16208 208
416 16144 128
448 16144 128
432 16176 64
336 16224 128
368 16272 144
432 16256 48
560 16256 96
560 16224 128
624 16176 -16
480 16176 -80
512 16224 -80
656 16192 -48
496 16288 -224
400 16176 -112
272 16208 64
272 16192 80
256 16192 80
288 16208 48
304 16192 -32
432 16256 -16
400 16240 176
448 16224 -48
352 16208 80
352 16288 272
288 16288 192
208 16288 192
592 16272 -16
432 16304 0
432 16224 -352
384 16176 -64
416 16160 -64
432 16208 32
432 16176 -192
464 16176 -192
496 16224 -192
560 16224 -64
544 16176 -288
432 16160 -32
432 16208 96
464 16208 -32
528 16320 -32
544 16256 240
336 16192 128
432 16160 336
464 16208 192
576 16208 320
480 16208 192
528 16224 224
640 16208 112
560 16272 -16
560 16240 16
608 16240 16
464 16208 336
480 16288 224
432 16256 192
416 16272 208
400 16208 352
384 16256 368
400 16240 96
400 16224 -240
400 16192 -96
528 16192 64
480 16240 64
384 16256 16
512 16272 -64
416 16320 192
496 16304 176
432 16304 304
416 16304 48
368 16256 304
384 16240 80
144 16192 96
352 16096 -48
400 16144 256
416 16208 -16
416 16240 -64
368 16240 -64
304 16304 64
384 16304 64
432 16256 -48
272 16224 -16
208 16224 112
336 16256 160
336 16144 64
416 16192 272
368 16192 -16
336 16192 -16
416 16256 -176
336 16240 16
512 16256 320
480 16240 112
576 16240 80
496 16224 224
496 16208 224
432 16208 224
480 16240 -32
352 16224 192
400 16208 176
464 16240 144
448 16256 448
320 16288 240
288 16304 192
368 16256 208
368 16256 272
368 16224 288
368 16224 352
288 16256 240
304 16176 240
448 16208 224
464 16240 80
368 16240 304
464 16256 160
448 16192 112
448 16288 80
432 16288 -16
576 16272 -16
688 16208 -80
720 16272 -48
560 16256 -240
416 16224 96
400 16192 48
400 16192 -144
352 16240 -48
272 16224 -48
496 16240 224
464 16240 160
400 16320 0
400 16288 64
464 16288 96
304 16272 96
400 16256 -208
448 16192 -112
320 16208 -112
416 16192 -160
448 16192 48
448 16272 336
304 16272 -32
464 16224 -32
480 16240 -32
544 16304 48
480 16256 32
480 16224 144
480 16288 176
304 16288 288
304 16224 304
256 16128 96
224 16128 96
368 16128 224
384 16080 224
432 16112 192
