startup(x,y,z):(432,16240,96)
-3248 16384 1008
-6608 16592 4432
-4112 17312 5232
-2944 16896 6336
-2272 15728 2256
-640 15328 3120
-640 15936 144
-96 15872 1328
3600 15872 1360
4352 16160 1360
3552 16272 1488
2128 16224 1568
976 16416 1472
-128 16272 4240
-112 15936 400
336 16240 400
-576 16384 -1232
-128 16272 -2736
848 16192 -3232
752 16384 -3472
1024 16304 -3136
256 16288 -2784
256 16288 -1808
96 16288 -1808
160 16336 -1568
192 16304 -528
336 16320 -304
256 16208 -432
336 16208 -96
464 16160 368
464 16256 832
784 16256 1120
880 16224 1120
1024 16144 1504
688 16128 1344
544 16128 1136
272 16128 1024
272 16192 1120
-16 16240 624
0 16240 624
272 16256 416
400 16272 -144
416 16256 -272
368 16208 -288
272 16256 -160
448 16192 -208
448 16192 -256
304 16192 -16
384 16208 -16
368 16208 192
256 16192 272
336 16208 288
352 16272 528
352 16176 480
464 16176 576
336 16176 576
288 16176 448
160 16224 384
368 16224 -48
400 16224 -224
400 16224 -320
400 16240 -432
384 16240 -432
480 16336 -368
368 16288 -368
304 16208 -256
352 16192 -272
384 16192 0
432 16144 192
432 16144 -144
-208 16432 816
-32 16400 848
432 16272 208
432 16448 336
336 16368 64
336 16240 -112
480 16240 -128
512 16160 -128
416 16192 352
256 16320 208
304 16288 128
336 16320 176
384 16224 0
384 16288 -336
480 16288 -480
384 16272 -480
432 16256 -416
576 16240 -384
640 16336 -208
480 16256 144
464 16208 224
464 16288 128
512 16288 128
464 16208 176
368 16272 192
176 16224 416
144 16288 368
144 16272 272
352 16240 288
352 16240 144
400 16240 144
384 16256 32
512 16224 32
448 16240 272
560 16272 -128
528 16240 -64
528 16256 -160
544 16256 -160
272 16320 -192
240 16352 -112
320 16240 -160
464 16336 -416
416 16320 -288
416 16208 -32
400 16208 208
464 16256 208
416 16224 -16
448 16240 48
304 16224 496
544 16272 320
544 16288 256
512 16192 320
528 16192 560
432 16176 560
496 16128 320
576 16176 160
576 16224 336
544 16224 96
544 16224 32
528 16208 32
480 16224 80
656 16176 -64
608 16192 0
560 16176 -80
560 16176 16
448 16224 -32
448 16208 -80
512 16208 128
256 16272 128
384 16272 80
256 16304 176
208 16192 112
208 16240 272
288 16240 464
400 16224 464
400 16208 448
352 16224 128
416 16128 16
400 16160 32
320 16176 48
320 16176 48
480 16240 -48
560 16224 -48
528 16224 -80
544 16224 32
544 16224 -96
496 16192 -64
496 16128 64
448 16208 -64
560 16208 -64
400 16352 -176
416 16336 -192
480 16320 -224
448 16288 -96
448 16256 -96
448 16256 -96
400 16224 -32
480 16272 80
432 16272 256
400 16320 304
464 16192 256
464 16176 -64
464 16208 -48
448 16208 384
288 16288 384
304 16320 208
352 16240 80
400 16192 0
368 16224 -320
368 16224 -80
368 16224 -16
240 16224 0
400 16208 0
416 16208 16
368 16224 0
432 16160 208
432 16176 144
528 16144 176
448 16144 0
480 16192 0
576 16160 -64
544 16224 192
464 16224 176
464 16224 144
400 16224 272
320 16176 352
368 16160 352
496 16176 144
384 16272 160
448 16304 176
448 16320 256
416 16320 160
496 16176 160
448 16112 176
384 16144 80
352 16192 32
272 16128 64
448 16176 160
448 16224 32
256 16224 352
240 16256 352
288 16176 352
240 16160 192
368 16144 192
336 16176 144
368 16192 -32
432 16192 80
432 16192 256
400 16160 256
416 16176 128
432 16160 256
304 16256 272
416 16256 144
256 16256 128
256 16256 -192
320 16256 -192
464 16176 -32
496 16208 -48
480 16208 -160
448 16288 176
400 16288 272
368 16320 320
368 16288 256
528 16288 256
576 16192 272
432 16208 448
400 16272 256
416 16224 208
416 16144 48
400 16096 -64
400 16128 0
400 16128 -96
256 16208 -96
384 16112 16
448 16144 192
496 16224 128
448 16352 48
368 16272 128
368 16160 48
512 16160 160
448 16224 160
560 16240 272
496 16256 256
432 16240 144
512 16240 112
512 16192 96
304 16192 48
496 16112 48
480 16144 -16
432 16240 192
368 16144 384
320 16160 288
320 16176 256
288 16176 304
480 16208 304
416 16224 208
624 16272 128
464 16320 64
416 16272 192
416 16272 48
416 16192 48
320 16144 48
352 16208 -16
480 16224 -32
416 16256 -16
496 16272 -32
448 16240 96
448 16224 144
400 16224 144
352 16176 144
336 16224 64
368 16144 160
384 16208 192
400 16272 112
400 16288 208
544 16288 80
384 16320 -224
368 16272 -224
336 16320 -176
384 16240 144
240 16224 128
272 16160 32
240 16176 48
272 16208 96
384 16240 -32
384 16240 -48
352 16256 32
464 16208 32
352 16256 -64
320 16272 -224
320 16192 -64
336 16176 -64
336 16192 64
480 16256 16
496 16272 -160
480 16224 -32
480 16192 208
576 16176 32
448 16240 48
400 16256 -112
400 16240 -128
496 16240 112
560 16240 112
544 16256 32
512 16224 112
496 16240 -112
496 16272 0
352 16272 16
432 16208 208
304 16224 208
304 16208 176
416 16240 208
464 16192 192
400 16256 112
432 16272 272
432 16240 144
384 16240 144
432 16224 -64
448 16224 -160
416 16288 -176
288 16288 64
384 16240 128
384 16176 176
400 16256 240
496 16256 48
656 16256 48
608 16208 -160
672 16192 -128
544 16256 -32
560 16288 96
560 16256 192
416 16272 16
432 16272 16
608 16240 -16
656 16240 -208
464 16240 -64
496 16192 96
432 16160 -32
432 16176 -32
432 16176 -112
576 16224 -112
432 16224 0
400 16240 -112
496 16240 -16
624 16256 160
480 16256 128
464 16256 144
352 16240 96
352 16240 80
320 16256 80
336 16272 400
512 16224 32
400 16240 -16
496 16192 96
416 16256 240
368 16288 176
368 16256 0
480 16256 -32
368 16240 -32
368 16240 144
464 16112 192
400 16208 80
384 16192 224
384 16192 176
400 16192 -112
496 16288 -112
448 16272 -48
416 16272 32
416 16272 64
320 16256 272
304 16256 80
480 16160 256
496 16144 16
496 16240 -112
416 16240 16
416 16240 352
400 16192 352
368 16240 256
320 16224 240
352 16320 144
352 16240 96
448 16160 -80
448 16208 -64
384 16208 176
352 16208 176
512 16240 96
480 16128 160
432 16160 240
432 16160 -128
416 16208 48
352 16192 -48
352 16192 -16
480 16192 16
448 16224 16
576 16240 160
528 16272 224
544 16224 432
464 16240 336
592 16240 208
464 16208 -32
512 16144 128
512 16144 80
464 16112 80
288 16144 224
352 16192 -64
560 16176 -112
400 16160 0
448 16176 240
480 16160 128
480 16112 128
400 16176 128
400 16240 272
400 16240 32
480 16240 32
528 16272 -32
384 16240 0
416 16192 0
592 16208 144
384 16208 144
480 16208 32
432 16288 -16
432 16256 -240
560 16240 0
416 16288 112
528 16256 32
432 16192 64
432 16176 128
416 16224 -16
416 16160 80
240 16176 272
400 16176 128
368 16176 96
480 16224 -32
704 16160 48
704 16240 64
512 16240 240
384 16240 240
432 16192 256
320 16128 208
320 16128 432
400 16112 400
576 16144 240
464 16224 192
432 16272 272
352 16224 224
352 16224 48
400 16224 48
480 16208 128
496 16224 112
336 16256 16
416 16208 16
464 16240 272
400 16160 304
368 16208 224
368 16192 144
304 16192 64
496 16160 -16
448 16176 16
448 16208 64
608 16208 48
560 16192 48
448 16224 -16
400 16144 96
512 16176 96
496 16256 112
288 16224 64
432 16224 80
528 16240 256
528 16288 288
448 16288 160
272 16224 160
352 16256 -80
448 16224 0
528 16208 -112
496 16256 64
512 16208 80
480 16272 -272
400 16256 -160
432 16224 -64
432 16192 -16
400 16208 80
464 16208 80
336 16192 48
304 16224 64
416 16224 64
512 16256 0
464 16208 96
464 16272 -176
416 16288 -96
416 16256 -32
352 16256 -16
240 16288 -16
256 16288 48
368 16224 0
496 16272 160
432 16256 64
464 16224 368
464 16144 272
528 16144 272
320 16224 224
240 16224 0
176 16208 48
240 16176 16
464 16112 176
512 16240 32
480 16304 112
480 16320 96
448 16272 -48
448 16272 176
592 16208 176
640 16208 112
400 16240 16
384 16192 -64
400 16224 64
448 16160 192
512 16176 64
496 16240 64
416 16224 64
416 16224 64
432 16160 112
576 16144 48
576 16256 -64
480 16288 -160
576 16176 -16
576 16176 304
304 16176 432
288 16240 144
368 16256 144
400 16224 64
336 16144 224
416 16144 272
400 16192 208
352 16160 176
352 16160 144
464 16160 240
400 16192 240
400 16288 304
496 16288 192
464 16272 112
496 16224 192
464 16176 96
432 16192 176
576 16112 80
512 16112 0
368 16208 112
368 16208 16
416 16224 16
448 16224 -64
448 16208 32
448 16208 -208
480 16096 208
464 16144 224
464 16144 160
352 16192 48
352 16112 48
384 16176 160
352 16176 160
368 16240 0
544 16240 0
480 16176 -112
352 16256 96
352 16256 192
464 16256 -48
528 16256 -64
336 16256 -192
480 16272 -192
400 16224 32
432 16224 48
528 16224 -80
432 16288 -80
560 16240 80
560 16256 96
560 16256 48
384 16160 48
464 16144 112
576 16240 32
592 16272 32
464 16320 -304
576 16208 -32
368 16208 96
384 16192 288
384 16160 16
272 16160 -208
336 16224 -208
192 16288 32
288 16192 160
400 16208 192
400 16224 160
416 16192 112
432 16224 128
432 16240 256
448 16240 256
400 16256 48
368 16336 48
384 16320 64
368 16240 304
368 16336 256
544 16336 160
496 16272 160
416 16272 96
336 16304 208
544 16304 352
592 16288 16
512 16256 240
512 16240 112
432 16240 112
624 16192 160
576 16192 16
576 16192 144
496 16208 144
512 16240 96
384 16224 80
368 16224 272
368 16192 176
352 16192 176
368 16176 176
416 16208 64
400 16272 -48
288 16256 224
288 16272 96
352 16272 224
352 16208 224
368 16208 240
416 16208 160
304 16240 272
384 16272 144
304 16208 288
224 16192 192
224 16224 80
384 16160 384
352 16176 208
336 16224 160
432 16176 64
368 16192 144
432 16192 112
432 16288 32
528 16288 32
592 16256 144
432 16240 208
448 16192 448
368 16256 400
368 16192 416
208 16192 272
256 16128 80
336 16144 96
432 16192 -96
416 16176 -96
432 16208 128
512 16256 128
624 16240 -224
512 16224 -48
608 16224 -96
608 16192 -16
592 16192 -16
624 16288 -16
496 16256 32
448 16272 48
496 16208 304
320 16192 160
448 16144 192
416 16224 -240
416 16304 -112
336 16304 240
464 16336 240
496 16272 -144
560 16256 208
560 16208 192
576 16176 48
528 16176 288
528 16176 208
496 16208 -48
448 16208 208
528 16176 0
496 16224 0
528 16208 48
496 16192 288
368 16160 192
368 16192 192
480 16176 192
480 16144 -16
352 16176 112
320 16256 -112
464 16256 -288
288 16256 -112
512 16240 32
448 16208 16
400 16192 208
368 16224 272
416 16176 64
368 16240 192
368 16240 48
416 16144 48
384 16192 208
352 16256 128
416 16224 112
336 16144 80
432 16144 192
416 16256 272
416 16224 160
496 16240 48
464 16176 -96
400 16176 144
352 16144 96
352 16192 208
480 16208 128
496 16208 -48
352 16208 352
224 16320 80
368 16320 -224
448 16272 -304
384 16240 -144
480 16240 -16
480 16304 304
352 16240 64
464 16208 240
368 16224 368
368 16176 320
448 16144 48
448 16224 144
432 16240 160
448 16256 192
416 16224 160
496 16256 -16
496 16256 -80
464 16160 -96
576 16192 48
496 16192 256
496 16208 304
464 16176 176
352 16208 144
416 16208 160
416 16192 32
400 16256 256
400 16256 160
496 16208 160
464 16176 208
480 16256 208
448 16240 432
544 16208 384
576 16256 416
528 16272 368
576 16240 208
512 16192 144
304 16208 80
448 16272 176
352 16208 272
336 16272 128
384 16288 0
368 16176 32
480 16176 112
368 16224 -16
496 16208 -224
512 16240 -64
512 16256 48
448 16256 64
448 16256 32
416 16256 64
368 16256 128
368 16256 96
336 16272 16
336 16288 96
272 16208 -48
416 16208 240
384 16320 384
336 16240 192
384 16208 -16
496 16208 -224
560 16208 -224
496 16304 -160
448 16272 80
224 16192 256
288 16208 192
416 16224 80
464 16144 80
512 16224 -64
640 16288 -80
592 16288 -112
640 16256 -112
592 16224 -224
480 16208 112
480 16240 64
496 16176 208
576 16192 208
544 16176 224
352 16176 176
320 16288 96
320 16240 160
416 16240 160
224 16256 96
400 16304 32
448 16304 16
368 16288 288
432 16256 272
432 16224 80
624 16320 -80
656 16320 -80
576 16256 -160
512 16272 -160
608 16224 -272
512 16224 -48
512 16208 128
432 16192 128
352 16192 144
288 16192 144
384 16176 144
352 16304 112
608 16304 -144
576 16240 -64
624 16240 16
512 16352 96
368 16272 -16
512 16256 -16
448 16208 -144
528 16176 64
512 16240 16
512 16240 0
272 16144 48
368 16192 -96
592 16192 -96
512 16160 112
528 16160 32
416 16192 0
368 16256 80
368 16192 240
352 16256 320
320 16256 64
432 16208 128
432 16224 272
368 16208 352
432 16208 352
384 16336 240
368 16304 96
384 16304 80
336 16224 0
368 16256 0
368 16256 0
416 16208 192
416 16272 112
544 16208 288
528 16176 288
496 16208 288
480 16256 544
464 16240 416
464 16160 656
464 16160 432
320 16208 384
304 16192 384
336 16256 160
416 16176 256
400 16240 176
336 16240 176
240 16256 240
368 16240 192
432 16224 80
432 16256 176
576 16256 176
560 16208 160
624 16160 16
512 16224 112
496 16224 64
528 16208 -336
416 16208 -320
448 16240 -144
576 16288 -144
512 16208 16
512 16192 16
512 16192 16
512 16256 224
352 16208 80
448 16272 112
448 16224 -64
512 16224 -112
496 16128 -16
448 16176 -64
384 16208 80
560 16256 -80
560 16272 32
432 16272 224
464 16240 224
256 16256 208
256 16288 160
304 16176 -32
288 16256 288
480 16240 448
400 16208 368
400 16176 336
224 16176 240
352 16224 240
496 16144 96
496 16176 -192
448 16176 0
496 16192 32
528 16160 48
528 16160 0
432 16208 208
448 16240 96
368 16240 208
304 16240 208
368 16224 144
496 16224 64
640 16224 176
640 16240 -112
528 16240 -96
608 16224 -64
624 16240 -48
624 16240 -128
512 16160 -96
592 16160 -192
560 16128 -192
448 16192 64
256 16176 176
368 16208 0
368 16224 0
496 16256 112
512 16256 112
576 16208 208
480 16224 208
528 16176 176
416 16192 176
416 16192 0
368 16224 -96
448 16208 -16
432 16224 -64
464 16160 48
464 16144 144
320 16160 80
352 16144 160
352 16192 32
512 16240 48
512 16256 -80
416 16224 0
416 16208 -96
352 16208 -96
480 16160 112
352 16224 224
400 16192 176
384 16144 112
496 16192 80
496 16192 -160
416 16208 96
336 16208 304
384 16144 336
384 16192 336
304 16208 176
416 16208 128
432 16224 64
512 16176 32
560 16224 16
560 16240 128
448 16240 192
448 16240 288
464 16272 16
464 16272 0
272 16304 0
352 16240 16
272 16256 128
352 16240 304
560 16128 368
448 16176 272
448 16224 144
304 16272 144
352 16224 16
448 16192 80
528 16192 208
416 16160 208
320 16224 208
448 16272 64
368 16256 112
400 16176 416
400 16224 352
528 16224 352
512 16240 96
416 16304 96
352 16304 96
416 16336 192
448 16208 80
480 16240 -80
432 16240 160
432 16320 336
384 16256 272
448 16256 -64
304 16240 224
224 16224 224
384 16192 48
336 16272 48
432 16288 -32
352 16304 64
304 16272 64
336 16192 128
336 16208 32
448 16240 48
432 16240 96
512 16256 224
400 16208 224
240 16288 -16
416 16288 32
416 16272 32
384 16256 160
464 16304 48
464 16272 208
496 16272 160
320 16256 224
416 16256 208
416 16240 -192
336 16240 32
384 16192 32
304 16240 48
304 16176 0
304 16192 208
336 16192 128
240 16208 128
288 16240 48
352 16256 48
368 16256 96
304 16304 32
336 16288 160
336 16304 144
416 16304 96
480 16320 128
368 16272 176
224 16256 304
320 16256 288
272 16208 192
272 16128 96
336 16128 96
432 16176 112
448 16128 288
352 16208 160
432 16144 48
432 16112 80
464 16112 80
384 16128 96
464 16208 160
448 16192 -64
384 16160 240
336 16176 336
384 16160 544
352 16176 240
256 16192 176
512 16208 48
592 16208 80
592 16208 16
512 16208 32
448 16256 32
432 16208 112
464 16272 32
400 16256 32
480 16224 48
416 16256 112
400 16256 32
320 16224 -80
528 16272 -160
544 16288 -160
576 16224 -288
576 16272 -16
528 16256 16
528 16288 -64
528 16288 -64
560 16208 112
480 16240 0
480 16240 -80
432 16224 -80
464 16160 0
448 16240 -16
416 16224 112
576 16256 80
560 16208 -112
480 16256 0
432 16192 -80
448 16208 -112
416 16176 -32
416 16176 224
416 16208 48
352 16272 -144
368 16272 -144
368 16320 -336
400 16256 -192
272 16192 16
400 16128 16
464 16192 32
432 16240 -160
448 16192 -96
448 16240 96
448 16160 0
464 16160 16
352 16128 16
256 16192 400
336 16288 48
320 16304 -224
208 16272 -64
368 16224 112
368 16224 112
400 16224 -80
448 16208 48
480 16176 48
544 16208 -192
608 16192 64
496 16208 64
496 16256 -112
496 16208 -352
512 16240 -112
320 16288 128
384 16256 208
400 16304 -80
448 16224 -144
256 16240 -112
256 16240 16
544 16176 128
544 16176 128
432 16176 224
464 16192 -80
368 16192 208
512 16144 288
480 16176 320
464 16208 304
384 16240 208
384 16208 304
272 16208 304
256 16240 208
384 16240 208
400 16208 160
416 16256 160
432 16208 144
528 16112 144
320 16256 432
448 16208 576
496 16160 240
432 16160 -80
576 16192 -16
512 16176 -80
512 16176 -80
448 16112 -240
544 16192 -240
576 16176 -96
480 16160 -96
512 16192 -272
528 16176 -112
528 16272 -336
560 16224 -192
496 16192 0
464 16256 144
464 16208 240
400 16208 544
416 16224 352
432 16208 400
400 16240 432
400 16240 528
384 16272 320
352 16304 320
416 16368 0
336 16208 0
256 16272 -16
400 16288 96
464 16320 -224
320 16368 -240
432 16320 -272
416 16288 -208
352 16240 -112
352 16240 -48
352 16304 -48
384 16256 80
400 16288 224
352 16208 368
272 16256 320
384 16224 464
384 16240 224
176 16240 256
192 16240 128
240 16256 368
512 16256 144
512 16336 176
432 16336 176
432 16304 -176
528 16288 -224
432 16288 -144
304 16208 128
384 16256 176
304 16240 -48
320 16208 -32
416 16240 96
128 16256 240
48 16224 192
48 16224 128
384 16160 224
384 16160 288
432 16160 96
352 16208 96
432 16336 128
352 16224 112
384 16208 144
448 16160 128
512 16224 -176
416 16288 -80
416 16288 256
496 16176 -16
544 16224 -16
560 16224 -160
576 16240 -160
368 16256 -80
352 16208 112
272 16192 448
304 16224 304
304 16224 240
416 16224 240
352 16224 208
512 16256 80
448 16192 352
496 16144 352
544 16240 64
624 16192 0
496 16128 -176
624 16112 -96
624 16096 -48
528 16096 -48
464 16128 96
400 16176 400
240 16192 256
320 16176 0
320 16208 32
352 16208 256
544 16208 256
608 16240 112
592 16256 80
480 16224 224
336 16256 112
336 16256 160
464 16256 160
448 16224 -64
336 16192 -32
448 16192 336
416 16240 368
416 16240 208
416 16224 288
528 16224 512
480 16288 512
448 16256 304
496 16272 304
560 16304 320
560 16272 32
528 16272 32
528 16208 144
384 16320 80
320 16256 96
352 16160 128
384 16224 96
384 16224 192
528 16176 192
512 16176 64
432 16224 -16
432 16144 128
400 16160 224
400 16112 80
448 16112 80
592 16208 0
592 16256 144
512 16240 224
576 16256 256
512 16192 112
576 16176 80
576 16176 48
544 16224 48
256 16240 160
208 16256 336
304 16256 96
304 16224 -144
304 16192 -48
304 16192 -224
288 16224 -224
432 16176 -288
512 16176 -80
