startup(x,y,z):(432,16240,96)
8464 17232 -7488
2384 14416 -3904
640 13840 1120
-400 14272 736
2704 15760 -1088
448 12672 2192
3344 14736 -7248
18000 7536 -14768
-10144 10016 6864
-6464 10224 1776
32 14768 9568
5616 17392 -800
8080 16960 -2400
-3296 16528 7968
-1440 16240 -3344
1120 15936 -4400
-1040 16576 -3392
-1104 16384 -3392
-1184 16496 -2624
-384 16608 -2784
608 16352 -2208
336 16288 -1904
336 16096 -2176
192 16224 -2560
512 16320 -1920
720 16320 -928
320 16224 304
832 16208 1232
656 16160 1680
1296 16160 1680
1104 16144 2240
192 16224 2384
-32 16112 2128
32 16112 1696
304 16096 1392
544 16096 1472
640 16144 1744
560 16192 1232
576 16240 496
288 16224 176
288 16224 -432
304 16224 -720
368 16240 -720
320 16288 -928
224 16272 -688
112 16384 -704
400 16224 -624
624 16224 -480
608 16336 -992
640 16256 -1008
256 16272 -992
480 16208 -720
480 16144 -176
512 16144 -176
432 16192 704
304 16192 880
400 16192 848
304 16096 848
576 16080 1072
512 16208 976
464 16240 976
672 16208 912
848 16160 864
736 16176 544
576 16176 192
576 16176 352
320 16176 16
352 16192 -320
256 16192 -432
304 16192 -480
432 16224 -160
432 16144 -16
432 16192 240
416 16192 16
560 16176 -160
560 16256 -208
496 16240 -208
336 16240 80
352 16256 224
352 16256 400
320 16256 272
288 16176 272
320 16160 176
352 16160 432
384 16128 176
576 16144 256
528 16176 96
432 16192 96
448 16176 160
304 16128 352
304 16176 368
464 16224 256
448 16240 256
352 16240 64
352 16240 64
352 16224 64
544 16240 160
496 16272 80
416 16304 288
416 16240 288
448 16160 112
464 16160 224
352 16224 192
384 16224 96
384 16224 -32
336 16208 96
416 16176 192
432 16192 224
464 16256 304
400 16304 -64
464 16240 -32
656 16288 -352
608 16288 -352
448 16272 -304
304 16256 112
272 16256 400
400 16240 208
336 16256 96
432 16240 0
432 16224 48
464 16256 176
416 16256 -176
432 16176 -32
432 16208 -64
416 16208 176
448 16288 64
512 16288 32
512 16256 144
416 16224 -48
448 16304 128
464 16304 208
496 16288 96
464 16272 -64
464 16256 0
464 16256 224
384 16176 192
416 16224 192
336 16208 320
496 16192 208
416 16192 208
448 16224 112
448 16224 64
576 16176 0
464 16256 -240
512 16256 -256
496 16208 -336
448 16272 -224
528 16256 -80
656 16240 144
480 16208 144
432 16192 80
560 16160 -16
592 16128 -224
576 16224 48
576 16224 160
640 16256 160
416 16240 224
400 16224 304
368 16192 -96
336 16176 -16
464 16144 -144
464 16144 -160
448 16192 -224
464 16240 80
560 16224 -128
592 16208 -208
544 16192 -48
544 16208 80
416 16256 48
352 16256 64
352 16224 -96
480 16224 112
448 16208 112
464 16176 -304
480 16176 -208
448 16256 -208
432 16240 -176
432 16176 -96
288 16160 16
416 16240 144
304 16176 192
384 16144 -144
448 16208 -208
448 16208 -32
464 16304 96
432 16304 -16
672 16352 144
560 16352 144
496 16272 48
512 16304 112
464 16304 368
560 16336 -112
560 16288 96
672 16224 -48
560 16256 32
448 16304 -64
464 16224 -80
464 16224 112
320 16144 80
384 16176 80
368 16272 -96
368 16192 80
288 16256 208
544 16240 48
464 16304 48
592 16288 176
480 16288 320
480 16256 368
480 16208 256
432 16208 256
368 16192 272
400 16176 160
464 16144 272
336 16160 192
256 16192 176
528 16176 -96
608 16272 -192
496 16192 -32
464 16208 -96
416 16192 0
432 16160 0
544 16208 176
640 16208 224
704 16208 224
560 16272 224
656 16288 448
656 16288 576
592 16256 576
512 16192 416
448 16288 288
336 16256 176
240 16288 48
384 16256 48
448 16272 -416
464 16272 -304
368 16352 -256
432 16272 -176
480 16320 -112
512 16240 112
512 16192 48
512 16192 -464
416 16240 -336
352 16128 32
464 16176 16
512 16224 0
496 16272 -176
400 16192 -160
480 16224 -128
560 16304 0
544 16272 -64
448 16256 80
432 16176 160
432 16176 144
384 16224 144
432 16224 -16
448 16272 -16
496 16224 -16
368 16304 256
272 16256 432
400 16240 112
448 16272 160
448 16320 176
384 16320 176
384 16272 256
400 16256 128
464 16288 128
464 16288 128
400 16256 80
400 16224 128
624 16224 -16
640 16240 112
352 16256 16
528 16224 176
544 16224 48
544 16208 -96
384 16240 160
368 16208 80
368 16192 48
496 16176 0
512 16208 128
496 16208 0
528 16208 -256
464 16256 -64
496 16208 64
512 16224 16
480 16160 192
448 16208 80
336 16224 192
384 16256 32
384 16272 0
384 16192 80
320 16160 -80
384 16176 -16
400 16192 16
400 16192 192
592 16144 192
528 16256 304
576 16256 144
560 16256 128
528 16224 0
480 16288 -224
416 16256 -224
336 16224 224
336 16208 128
336 16288 0
112 16240 -96
272 16304 320
288 16288 112
224 16240 80
224 16240 128
448 16304 80
496 16288 -64
400 16256 128
416 16256 128
352 16144 32
272 16144 0
528 16224 0
496 16144 304
592 16192 208
592 16176 -32
528 16176 96
384 16240 112
416 16256 96
352 16176 64
336 16176 64
336 16224 144
368 16176 32
608 16240 -192
448 16224 80
496 16176 -144
496 16176 -16
480 16240 -16
544 16224 80
576 16224 160
464 16256 -32
672 16256 192
608 16176 192
448 16096 192
416 16032 288
416 16112 352
512 16224 432
496 16304 304
528 16288 240
416 16256 240
416 16240 -112
384 16256 -32
448 16320 0
448 16368 128
352 16368 128
272 16240 112
416 16160 16
464 16240 80
416 16256 -32
448 16224 112
496 16240 64
528 16176 0
576 16176 80
448 16176 80
400 16208 64
400 16208 272
512 16256 272
592 16144 0
576 16176 160
464 16208 192
544 16256 304
480 16240 112
512 16256 -112
368 16272 96
416 16256 80
384 16240 80
384 16240 416
352 16160 416
432 16176 512
512 16176 512
528 16256 432
464 16304 336
528 16224 128
480 16256 160
528 16208 128
400 16272 80
384 16320 32
384 16320 48
368 16224 48
480 16272 0
544 16240 128
368 16256 -112
320 16208 272
304 16256 240
272 16208 208
272 16224 128
256 16160 192
336 16080 304
384 16080 304
464 16192 208
448 16192 160
432 16160 48
592 16128 80
496 16176 144
544 16192 160
576 16208 112
496 16272 144
496 16272 80
496 16208 80
272 16256 -32
272 16192 80
384 16224 16
432 16208 112
384 16240 0
320 16208 64
320 16128 0
368 16128 0
384 16192 224
304 16192 128
576 16224 48
464 16224 192
464 16208 144
496 16208 -16
400 16288 -16
448 16304 32
480 16208 80
416 16256 304
448 16192 432
304 16208 80
304 16224 48
480 16224 -16
464 16192 -16
464 16064 176
496 16128 48
496 16208 240
528 16160 -96
368 16064 80
416 16128 112
432 16112 224
528 16176 448
720 16224 304
512 16224 160
512 16176 112
496 16176 112
624 16208 128
432 16208 64
352 16336 208
448 16208 -64
432 16288 -48
544 16192 -80
480 16192 144
432 16192 96
432 16208 32
416 16192 -32
464 16160 -16
384 16144 128
304 16272 32
544 16240 176
448 16320 192
432 16352 128
432 16304 192
480 16304 144
432 16240 48
432 16240 272
448 16240 -192
336 16304 -192
400 16288 -48
384 16240 224
416 16272 32
432 16176 240
400 16288 32
464 16272 0
448 16256 -48
400 16288 208
432 16208 160
464 16224 64
448 16240 -80
464 16192 288
480 16160 368
352 16208 288
352 16112 288
400 16144 0
448 16176 -160
464 16208 -128
352 16256 128
336 16288 144
288 16224 208
336 16256 224
400 16208 320
528 16176 160
464 16192 -16
320 16192 0
320 16192 -80
352 16192 -144
432 16272 48
448 16272 128
560 16144 224
528 16176 224
560 16160 96
496 16240 -16
400 16192 176
400 16272 240
496 16224 240
528 16288 352
528 16208 272
544 16224 224
544 16096 336
560 16096 208
496 16240 208
576 16160 16
416 16208 0
352 16176 240
352 16208 368
368 16208 64
512 16144 64
416 16144 128
528 16176 208
512 16176 208
272 16176 192
416 16192 144
416 16224 240
464 16224 240
608 16208 160
448 16208 144
352 16240 176
368 16256 112
416 16272 -48
416 16208 32
416 16192 32
384 16192 -96
448 16224 -96
432 16208 80
464 16192 -48
560 16176 80
304 16304 128
448 16304 368
512 16352 368
416 16336 240
416 16240 128
576 16272 -16
336 16240 96
352 16240 432
400 16160 432
496 16208 560
400 16176 416
448 16096 208
528 16144 192
496 16160 64
448 16160 144
448 16160 144
400 16192 96
544 16128 288
480 16208 160
416 16208 64
416 16192 64
608 16192 64
592 16160 16
384 16208 -288
448 16128 0
512 16144 -16
448 16192 128
416 16208 208
272 16256 128
256 16240 240
336 16192 80
512 16208 160
448 16192 64
448 16192 -128
512 16240 -176
400 16192 80
448 16208 96
384 16192 96
448 16208 16
336 16256 320
432 16112 320
512 16192 320
384 16208 224
384 16176 0
320 16176 64
384 16144 64
336 16192 112
384 16208 -32
416 16272 32
416 16336 128
480 16336 240
352 16368 240
560 16272 0
512 16256 32
416 16208 80
384 16272 112
448 16224 112
416 16256 80
544 16256 192
448 16272 192
352 16240 448
480 16240 464
416 16208 384
416 16224 112
336 16224 128
400 16208 176
288 16224 208
336 16192 192
384 16240 176
400 16240 224
544 16256 240
528 16304 0
448 16208 160
384 16208 16
384 16288 64
576 16288 384
448 16192 384
400 16208 400
432 16256 160
320 16272 32
400 16240 32
352 16208 96
384 16224 64
352 16240 240
512 16176 256
544 16192 112
368 16208 144
368 16064 192
400 16064 464
368 16160 96
416 16064 224
304 16128 576
304 16112 512
368 16112 160
416 16256 160
384 16144 160
432 16224 144
544 16224 32
560 16240 64
656 16208 32
560 16224 48
400 16256 32
416 16176 160
272 16240 208
304 16240 96
304 16240 160
448 16272 304
432 16192 288
368 16208 288
320 16192 -16
304 16304 128
384 16224 112
400 16240 96
400 16240 -64
416 16256 -64
192 16192 144
224 16176 208
304 16304 256
352 16272 288
672 16304 96
672 16272 160
592 16288 80
560 16240 64
560 16256 32
464 16256 32
464 16256 96
432 16224 128
256 16240 64
112 16256 176
384 16224 -96
320 16256 112
320 16256 -96
384 16272 -144
416 16224 16
416 16224 -208
448 16128 -208
640 16128 -352
480 16176 -16
448 16208 160
320 16208 -16
352 16224 144
352 16224 192
432 16224 240
416 16112 160
352 16240 288
448 16176 208
512 16176 208
320 16144 144
336 16192 96
336 16176 96
416 16256 176
320 16240 176
320 16192 240
336 16192 288
480 16176 240
400 16192 32
480 16240 32
480 16224 176
544 16208 -176
560 16192 16
560 16208 80
368 16176 112
368 16256 112
368 16192 192
400 16192 -32
384 16256 -32
352 16240 192
368 16256 112
384 16272 32
288 16288 -144
320 16192 16
432 16192 -32
432 16224 16
496 16256 112
496 16256 48
352 16224 48
400 16224 160
336 16240 240
352 16192 144
400 16224 -112
400 16240 144
448 16240 48
576 16224 48
496 16208 32
416 16224 48
480 16256 272
496 16256 208
496 16192 -32
400 16192 -32
496 16128 -176
448 16192 16
512 16192 96
464 16160 96
560 16240 80
560 16224 96
608 16224 80
608 16304 80
416 16256 128
528 16208 16
464 16112 112
416 16176 128
560 16176 48
560 16208 96
432 16208 96
576 16256 64
640 16288 -176
384 16384 -32
336 16256 64
336 16176 416
208 16176 -80
480 16224 -80
656 16208 -32
464 16128 -48
480 16160 128
496 16160 64
592 16160 112
592 16240 -80
496 16240 -80
496 16208 -128
496 16240 32
480 16320 128
352 16240 112
432 16176 176
432 16160 176
512 16160 -32
432 16192 -32
320 16240 208
416 16208 -32
480 16192 128
320 16224 176
224 16192 -16
224 16192 176
128 16256 48
432 16224 -160
432 16224 -256
352 16160 96
432 16176 80
464 16224 96
464 16272 0
304 16272 80
352 16240 96
464 16208 192
464 16144 80
448 16160 336
464 16240 272
464 16304 192
848 16320 304
848 16400 192
384 16400 416
-304 16256 -160
864 16272 48
960 16304 48
-48 16544 144
1008 16448 96
-128 16096 -224
368 16160 -144
368 16192 -1904
1520 16192 -2496
2112 15856 -336
736 16096 -80
864 16048 336
768 16336 848
192 16272 736
416 16208 864
800 16304 896
816 16240 -16
960 16128 32
240 16304 336
240 16304 720
416 16256 720
976 16192 432
256 16144 -96
-432 16240 -640
112 16256 -1168
704 16160 -816
704 16240 -592
352 16288 -544
416 16288 -544
608 16288 -704
400 16256 -240
80 16304 176
80 16240 544
80 16192 736
368 16192 768
400 16224 768
560 16160 688
656 16192 496
688 16144 512
560 16224 320
368 16256 176
384 16224 240
304 16192 -32
272 16208 208
240 16224 -16
240 16352 -288
304 16352 -592
576 16400 -560
528 16304 -496
368 16272 -288
400 16160 640
464 16112 864
432 16080 800
432 16144 736
384 16192 240
720 16240 48
624 16352 304
592 16320 176
544 16256 256
400 16224 208
400 16272 16
640 16288 -368
480 16272 -544
480 16272 -496
416 16256 -496
352 16304 -736
288 16288 -416
336 16352 -272
560 16256 -192
496 16240 112
544 16256 272
576 16256 288
576 16112 224
512 16080 272
544 16080 272
608 16176 240
688 16176 480
512 16144 240
480 16208 32
336 16272 176
432 16208 -192
528 16192 -208
528 16192 -512
576 16208 -512
528 16192 -224
400 16224 -176
528 16272 -16
368 16240 64
368 16240 208
384 16192 256
592 16176 352
528 16224 288
384 16144 288
368 16192 352
416 16032 320
464 16096 240
288 16080 144
288 16080 432
320 16160 432
288 16160 128
352 16240 -112
144 16208 16
272 16160 224
448 16240 -96
448 16272 -48
416 16272 -176
608 16320 -176
480 16304 64
304 16320 144
272 16208 240
288 16224 256
288 16224 400
400 16224 352
400 16224 336
352 16272 -176
368 16272 -64
416 16272 16
512 16304 -48
512 16288 48
464 16224 -32
464 16224 -96
608 16224 -96
432 16336 -192
400 16288 -48
400 16320 32
320 16336 240
240 16304 96
368 16176 320
528 16192 256
640 16208 48
720 16208 48
576 16192 112
576 16160 48
464 16144 0
320 16256 64
432 16208 64
416 16224 128
544 16240 32
544 16240 -176
560 16192 -176
592 16224 -288
544 16224 -272
496 16224 160
400 16224 96
288 16320 208
288 16240 256
304 16240 192
272 16240 192
320 16208 16
384 16256 -16
592 16224 -112
576 16208 320
320 16192 272
448 16192 64
368 16192 64
400 16208 144
400 16240 208
320 16224 112
304 16208 128
512 16208 80
512 16240 208
448 16240 96
656 16208 96
592 16192 64
560 16160 16
592 16208 -144
528 16176 32
528 16144 208
384 16144 -112
528 16208 -112
416 16208 -208
352 16192 16
528 16208 -48
624 16224 32
624 16304 160
544 16304 112
288 16320 112
256 16304 160
256 16320 272
432 16336 224
400 16336 224
400 16336 144
384 16352 144
448 16224 128
544 16208 -96
624 16144 -80
528 16128 32
528 16192 144
448 16192 144
416 16176 112
656 16224 96
528 16256 -192
512 16160 16
592 16096 192
592 16176 80
496 16176 304
528 16096 304
400 16048 256
464 16144 -176
512 16176 -16
480 16160 144
368 16208 128
432 16224 224
432 16208 176
576 16224 288
512 16240 112
576 16256 64
384 16240 96
368 16192 288
336 16176 272
336 16176 0
512 16224 0
320 16208 64
336 16208 32
400 16160 -96
384 16160 -256
464 16128 -16
480 16192 96
480 16224 80
544 16224 208
384 16208 0
496 16192 0
624 16240 48
512 16272 112
416 16224 176
432 16256 112
432 16224 80
592 16224 32
400 16176 -32
496 16240 144
496 16224 176
368 16224 176
384 16240 80
432 16224 128
480 16128 192
320 16144 -48
416 16224 -32
432 16208 16
496 16224 112
544 16128 96
544 16224 128
480 16240 144
480 16224 464
480 16192 336
496 16112 128
400 16192 64
464 16160 80
512 16144 96
496 16112 144
416 16224 240
416 16224 208
512 16224 272
432 16176 256
448 16240 256
432 16224 208
448 16176 192
336 16256 128
384 16352 128
608 16208 240
352 16160 224
352 16256 16
352 16192 16
320 16192 80
304 16224 208
496 16208 192
480 16208 128
480 16272 48
432 16256 80
480 16176 128
384 16176 80
288 16160 80
304 16192 176
304 16144 80
448 16192 208
384 16256 160
288 16256 160
480 16240 -32
512 16256 -32
448 16192 112
560 16144 272
528 16224 48
496 16192 32
528 16256 48
528 16224 -48
496 16224 16
384 16192 -112
352 16224 176
352 16256 112
416 16272 112
544 16272 48
464 16304 112
624 16256 48
480 16288 96
464 16240 0
464 16240 80
400 16256 80
336 16192 160
480 16240 -48
432 16256 96
672 16192 80
672 16208 144
544 16192 112
288 16208 240
480 16208 224
368 16272 224
320 16208 144
416 16144 208
464 16192 176
544 16256 112
512 16208 48
608 16160 160
448 16272 -16
480 16272 64
384 16224 64
368 16176 112
320 16288 48
448 16272 96
448 16176 48
464 16272 112
416 16272 192
384 16256 192
464 16224 272
432 16208 -256
384 16256 -112
448 16208 80
448 16208 112
432 16192 112
464 16208 112
640 16256 -64
496 16224 -64
496 16192 16
432 16288 112
432 16304 256
272 16256 96
336 16256 96
352 16288 128
400 16240 -64
512 16240 64
528 16240 208
464 16288 176
464 16288 128
432 16288 96
464 16192 96
352 16240 192
336 16256 -32
272 16128 144
320 16176 208
384 16176 576
384 16240 368
432 16208 128
432 16192 304
384 16272 368
320 16240 336
384 16224 272
352 16224 32
464 16224 256
336 16208 256
400 16176 192
448 16224 128
432 16160 224
416 16192 128
288 16192 0
384 16176 112
480 16192 288
304 16192 176
304 16192 -32
432 16192 80
448 16224 80
352 16304 224
544 16272 192
544 16304 176
528 16176 96
432 16208 -112
432 16160 0
432 16160 0
416 16240 80
432 16240 144
400 16144 80
576 16144 -80
576 16208 64
576 16176 48
528 16176 48
592 16288 96
544 16288 48
480 16160 256
512 16224 -96
560 16208 -80
560 16256 112
416 16256 288
400 16208 288
432 16176 208
496 16176 112
496 16128 32
496 16176 32
496 16176 80
496 16176 80
464 16144 -144
512 16240 -288
432 16224 -288
512 16176 -208
384 16176 -320
336 16192 -176
336 16208 -160
400 16208 64
528 16160 64
576 16224 80
432 16160 160
384 16208 16
352 16256 80
352 16272 96
480 16272 -48
496 16224 -48
560 16224 16
528 16208 32
496 16256 -48
224 16256 112
224 16352 32
304 16352 144
400 16256 144
544 16176 96
560 16256 240
416 16304 272
416 16240 80
416 16288 16
304 16272 48
560 16256 80
528 16160 80
528 16144 80
352 16160 320
496 16224 0
496 16224 -16
496 16224 -48
560 16224 -48
528 16192 144
528 16224 96
448 16256 0
448 16224 0
512 16240 80
512 16272 16
496 16272 16
416 16208 144
432 16240 16
480 16192 304
496 16160 336
496 16160 192
480 16144 80
400 16144 80
384 16272 80
384 16320 176
432 16288 96
496 16240 32
464 16272 80
464 16272 16
400 16224 16
496 16256 -80
592 16288 -208
464 16224 64
528 16192 176
448 16112 0
464 16112 304
464 16128 352
448 16080 80
448 16080 32
336 16208 32
432 16224 -96
384 16272 -272
304 16272 -32
336 16256 32
336 16240 64
432 16272 144
400 16368 -16
400 16320 0
400 16272 128
432 16272 64
528 16176 64
448 16192 112
368 16208 64
432 16192 -112
352 16240 -176
464 16256 0
464 16256 64
480 16192 144
480 16208 96
400 16160 160
496 16144 224
480 16160 -16
560 16208 -112
496 16240 -16
288 16192 0
368 16208 256
320 16224 224
384 16176 192
352 16144 112
480 16224 48
400 16176 64
352 16192 240
416 16208 304
480 16160 336
480 16208 240
432 16176 -16
336 16176 16
432 16256 16
464 16224 176
