startup(x,y,z):(432,16240,96)
6928 15216 -832
8032 15888 256
-352 15680 2272
5584 16560 1360
-1680 15616 -1040
-1680 16256 -3264
-448 16576 -2576
-224 16288 -2592
448 16176 -1968
448 16368 -2016
0 16208 -1360
240 16208 -2096
656 16128 -2096
512 16224 -1440
48 16256 -512
816 16240 400
816 16224 944
1088 16160 1536
544 16256 2304
80 16208 2480
80 16208 1808
256 16128 1552
224 16128 1280
16 16096 1328
512 16128 1328
560 16192 736
656 16320 256
624 16320 -176
304 16320 -176
336 16288 -560
560 16256 -800
128 16192 -736
400 16288 -496
464 16208 -368
464 16272 -976
560 16272 -832
784 16288 -1088
448 16192 -880
528 16192 -880
592 16224 -592
720 16224 -592
496 16208 112
224 16144 416
176 16160 656
368 16224 640
368 16288 864
320 16240 816
464 16272 832
720 16224 592
912 16256 624
800 16192 640
800 16192 512
688 16240 512
512 16272 272
496 16224 -32
576 16176 -208
464 16144 -336
464 16240 -432
592 16240 -432
416 16192 -208
416 16224 -64
528 16192 -80
656 16160 -224
576 16256 -208
576 16256 -192
480 16304 -192
400 16288 0
400 16240 96
464 16272 192
288 16192 160
256 16272 96
336 16272 32
432 16320 32
448 16240 304
528 16224 128
512 16304 64
512 16224 256
544 16192 320
544 16160 288
592 16160 448
464 16144 448
432 16192 352
464 16176 352
352 16144 176
464 16112 400
480 16064 144
384 16160 -48
384 16112 -112
448 16208 160
416 16208 160
448 16192 160
592 16208 272
464 16224 144
384 16320 32
304 16224 32
416 16224 -48
336 16176 -144
352 16192 -112
304 16224 -288
384 16240 -240
352 16304 -160
352 16304 112
480 16304 112
352 16272 160
352 16288 528
416 16288 352
464 16240 352
496 16240 64
448 16320 48
480 16240 80
368 16224 -64
432 16272 -16
400 16240 48
400 16240 -128
528 16176 176
320 16112 80
368 16144 64
368 16208 64
592 16208 176
320 16208 208
368 16176 208
400 16160 16
432 16208 144
320 16176 176
336 16208 144
368 16272 -32
416 16224 32
528 16240 80
400 16256 320
320 16192 224
320 16192 432
256 16208 400
384 16224 240
448 16224 304
528 16160 304
576 16192 64
464 16144 80
352 16224 64
352 16224 128
464 16208 128
496 16208 144
464 16224 -144
352 16272 -64
464 16320 -96
464 16240 -64
512 16176 -208
528 16240 -48
464 16288 -32
512 16256 -112
400 16304 32
400 16256 400
464 16256 144
480 16224 144
320 16288 96
384 16240 32
416 16144 48
560 16176 -48
432 16112 64
384 16112 64
304 16192 -128
512 16192 -144
208 16304 -160
416 16288 48
416 16304 144
384 16304 144
352 16288 160
400 16336 112
512 16320 256
464 16256 16
480 16192 64
400 16144 176
528 16128 144
528 16160 48
448 16160 240
416 16160 -48
480 16208 0
496 16288 0
592 16256 0
544 16208 -16
448 16240 32
480 16192 64
464 16192 256
480 16160 144
320 16224 160
320 16192 240
352 16192 240
352 16192 208
336 16160 128
512 16144 240
480 16144 256
496 16144 48
432 16208 0
432 16240 0
496 16240 -176
448 16272 -176
496 16144 -16
464 16160 128
400 16112 176
640 16112 -112
528 16176 160
528 16128 96
400 16128 16
512 16112 16
480 16176 -48
400 16208 -48
304 16208 208
416 16128 160
384 16160 320
320 16240 -96
320 16272 96
256 16272 320
416 16272 256
464 16272 80
464 16272 -32
480 16304 -32
368 16240 -16
432 16240 480
448 16240 192
416 16240 144
448 16160 192
528 16176 -32
352 16192 32
384 16160 112
352 16192 48
416 16176 128
512 16240 112
432 16208 160
416 16192 176
400 16192 -64
512 16272 16
512 16176 224
448 16224 176
368 16240 192
288 16224 208
384 16256 96
464 16224 160
464 16240 -160
400 16224 -144
464 16128 -32
304 16160 80
352 16240 112
368 16176 -48
288 16208 32
400 16320 64
400 16320 64
512 16224 80
464 16192 256
512 16112 256
416 16192 224
432 16208 224
528 16208 272
416 16208 208
368 16256 208
464 16256 -16
400 16192 192
400 16192 192
416 16176 240
416 16288 256
416 16304 160
496 16304 112
464 16272 144
400 16224 96
384 16144 96
480 16160 96
416 16240 -16
448 16224 240
448 16240 128
432 16240 128
432 16096 416
448 16016 304
352 16128 32
256 16192 -16
400 16128 -144
432 16160 32
336 16176 32
304 16144 -32
352 16272 112
368 16272 208
352 16208 144
368 16192 32
560 16192 -32
496 16160 -32
512 16208 240
528 16192 336
384 16176 336
416 16144 176
368 16176 32
400 16240 -112
400 16192 64
528 16224 -64
480 16208 -16
464 16256 144
352 16208 176
368 16256 144
352 16240 144
352 16240 208
368 16240 -32
368 16240 16
416 16240 16
352 16176 64
416 16272 192
352 16288 192
368 16256 128
368 16256 192
480 16272 176
448 16224 -112
384 16176 -112
368 16240 48
448 16240 112
448 16160 176
336 16192 192
336 16192 -48
448 16256 -16
448 16256 -16
448 16288 -32
368 16320 96
304 16288 48
624 16192 192
592 16224 64
336 16192 32
624 16208 -96
624 16224 112
592 16208 144
336 16176 64
512 16128 96
512 16128 224
400 16112 224
416 16112 240
496 16112 272
688 16112 272
560 16096 112
320 16080 80
368 16144 32
496 16080 0
528 16112 -16
528 16256 -112
768 16256 -112
480 16304 -208
400 16160 -208
704 16208 -656
1072 16016 -1472
1728 15776 -1616
944 15968 -896
944 16480 -896
192 16400 1856
-1664 16160 1856
-272 15936 1760
608 16096 96
416 16016 -160
-48 16240 288
464 16160 400
688 16256 256
688 16304 -240
752 16304 208
560 16288 208
112 16272 688
256 16256 624
528 16336 -192
880 16240 -976
880 16272 -960
416 16288 -608
480 16240 -128
480 16240 464
464 16240 336
320 16304 336
512 16272 288
496 16256 192
368 16096 432
528 16048 512
528 16144 368
384 16272 -256
272 16176 240
352 16192 512
416 16160 560
416 16160 352
512 16272 352
512 16192 512
480 16224 288
672 16256 32
592 16256 -224
592 16192 -96
592 16160 176
336 16160 272
240 16240 272
272 16208 544
352 16208 240
496 16272 160
656 16208 -288
656 16208 -240
464 16288 -352
464 16272 -352
416 16224 -64
336 16176 -96
160 16128 544
128 16080 736
128 16144 768
272 16144 224
608 16176 224
768 16256 -176
784 16304 -160
736 16208 -368
448 16192 16
448 16224 160
384 16224 416
464 16176 368
496 16176 304
592 16240 224
576 16304 -256
592 16224 -96
592 16160 -224
560 16160 -224
704 16128 -160
480 16240 16
384 16256 48
320 16224 464
304 16272 400
304 16272 320
352 16208 256
416 16208 112
432 16224 -96
352 16176 144
400 16160 384
400 16144 320
416 16144 64
448 16224 208
464 16240 240
416 16208 -144
480 16096 -320
432 16176 -288
480 16176 -176
480 16176 80
464 16240 80
352 16240 144
384 16224 208
320 16208 240
432 16256 -192
544 16240 -64
496 16176 16
496 16176 112
592 16208 224
544 16208 80
736 16224 80
576 16240 112
704 16224 128
560 16272 416
448 16256 208
448 16192 -32
416 16240 16
560 16240 16
416 16176 0
368 16224 -80
368 16208 -16
384 16224 192
480 16176 272
480 16208 240
400 16208 240
288 16272 240
368 16272 144
352 16336 256
400 16400 192
336 16352 80
352 16288 -64
352 16240 -16
304 16240 80
304 16240 240
272 16224 240
336 16224 448
336 16160 336
432 16160 208
304 16160 176
320 16208 48
432 16240 288
432 16176 192
432 16176 144
400 16240 80
448 16160 80
400 16192 112
480 16288 -48
368 16192 96
544 16240 240
512 16224 -208
432 16208 -112
432 16208 -16
336 16224 80
336 16224 -112
400 16224 -96
464 16176 -96
496 16256 -192
416 16272 -16
304 16288 80
304 16384 208
256 16256 176
336 16256 112
400 16256 128
400 16288 112
416 16256 -96
288 16256 160
480 16208 160
512 16208 272
384 16224 208
368 16192 112
368 16176 160
464 16208 128
496 16176 240
496 16112 160
496 16160 80
368 16176 208
368 16208 112
352 16224 128
528 16224 128
688 16240 32
544 16304 480
544 16192 304
432 16256 240
368 16256 -32
336 16240 16
384 16256 32
416 16224 -176
416 16256 -224
560 16256 -48
592 16192 -48
480 16192 -64
480 16176 -240
496 16176 -64
432 16208 -64
528 16176 -128
464 16224 -160
528 16192 16
688 16112 240
608 16128 240
608 16128 208
544 16128 16
480 16160 16
464 16128 16
528 16192 -64
592 16192 -112
528 16176 -48
528 16192 192
528 16208 208
512 16208 208
512 16272 16
560 16256 -16
640 16128 -16
736 16208 16
496 16224 224
496 16192 48
448 16192 48
624 16176 48
560 16256 128
384 16320 96
400 16272 144
432 16288 48
432 16320 80
432 16256 0
560 16256 160
416 16160 160
512 16192 176
528 16192 144
608 16240 176
608 16176 240
528 16240 192
432 16240 96
320 16224 96
432 16208 -224
464 16192 -192
416 16176 272
352 16144 320
352 16224 112
480 16224 112
464 16256 160
464 16256 -128
448 16176 112
464 16224 -144
448 16304 -96
448 16288 112
416 16288 112
400 16272 128
464 16208 96
416 16224 32
320 16160 112
320 16128 96
288 16128 304
336 16160 304
176 16144 288
336 16272 144
432 16336 256
528 16288 80
496 16240 16
528 16240 208
528 16240 160
416 16256 224
400 16288 224
496 16176 16
416 16288 0
544 16288 -32
480 16240 -16
480 16192 176
528 16192 224
448 16176 48
336 16176 0
464 16272 0
512 16288 16
496 16192 448
400 16272 416
400 16256 192
432 16256 160
240 16256 160
128 16256 224
192 16272 192
208 16208 304
336 16240 416
336 16208 80
336 16208 160
400 16240 160
432 16208 528
400 16240 320
432 16320 224
512 16304 64
464 16256 128
464 16160 -16
352 16192 -16
352 16224 240
352 16224 64
416 16224 144
432 16224 144
496 16256 48
608 16240 32
544 16240 -144
544 16224 112
496 16224 320
496 16240 320
592 16224 80
480 16224 128
464 16144 16
336 16208 128
304 16208 176
336 16224 192
368 16240 192
320 16224 256
528 16192 96
528 16144 112
576 16144 192
560 16192 192
560 16176 352
576 16192 224
448 16304 -48
448 16288 -192
448 16208 32
512 16160 32
512 16144 32
464 16144 128
496 16144 80
432 16240 80
496 16176 240
512 16176 224
528 16224 224
448 16208 112
352 16192 144
384 16160 240
272 16160 208
240 16192 160
352 16240 80
432 16256 32
624 16224 0
496 16224 -48
496 16224 192
400 16272 160
400 16224 -32
400 16368 16
416 16368 -672
224 16272 -672
608 16320 -224
448 16320 496
496 16320 192
1024 16272 -240
3248 15904 -5488
2704 15840 -4944
-528 16672 0
-3392 16336 3312
-1072 16224 1440
176 16160 1696
-1280 15808 2992
-1344 16000 3248
352 15904 3296
-112 16192 864
1776 15952 1344
2192 16032 608
2480 16080 1392
944 16272 1648
272 16176 1760
432 16144 400
-1232 16544 1312
-1232 17312 1872
-2768 17264 576
992 16080 -960
992 16080 -1904
480 16096 -1904
1376 15952 -3328
1552 16144 -2784
1328 16288 -2464
1376 16352 -2896
560 16240 -2096
32 16288 -880
32 16368 -496
48 16368 640
-144 16240 1056
-1280 16320 1968
-1280 16320 0
960 16192 0
928 15824 624
1024 16000 960
1248 16208 832
720 16272 1296
256 16288 1280
256 16176 1280
448 16176 1232
240 16208 864
240 16224 480
224 16224 -288
512 16272 -320
320 16192 -448
432 16128 -336
544 16160 -640
528 16176 -656
368 16288 -784
304 16272 -784
304 16272 -720
448 16304 -400
544 16288 -400
464 16320 -48
352 16240 64
240 16240 144
320 16208 400
496 16176 544
480 16256 656
352 16208 704
352 16176 560
272 16176 688
352 16272 656
416 16176 656
432 16128 656
384 16208 352
320 16272 304
352 16224 48
368 16272 -96
496 16272 -128
528 16192 -464
528 16240 -272
400 16240 -272
592 16224 -352
496 16224 -256
544 16240 -272
576 16224 -176
640 16192 -144
560 16224 336
432 16240 192
496 16288 256
400 16288 112
464 16256 112
512 16256 16
400 16224 96
384 16192 304
352 16144 352
352 16224 -32
432 16240 96
432 16240 16
624 16240 16
496 16192 96
352 16176 96
496 16192 48
464 16320 160
416 16256 144
480 16288 96
480 16224 0
416 16224 208
368 16192 208
368 16240 272
464 16208 272
400 16224 160
416 16176 448
416 16176 240
384 16176 352
432 16192 352
464 16176 64
448 16256 16
496 16304 -144
288 16304 0
352 16320 208
448 16272 -96
448 16272 -352
544 16272 -352
432 16208 -16
256 16160 96
224 16224 256
368 16176 96
368 16192 160
416 16192 176
544 16144 176
448 16256 352
384 16208 560
448 16192 608
320 16208 432
320 16288 304
368 16288 208
432 16272 208
368 16208 272
496 16240 80
496 16176 208
544 16208 0
480 16208 -240
400 16256 -208
400 16224 -16
432 16224 192
496 16176 192
608 16240 80
512 16240 0
480 16224 48
480 16240 96
288 16240 48
320 16352 48
400 16272 240
368 16192 96
528 16208 96
464 16272 64
528 16160 112
528 16160 288
416 16160 176
352 16240 176
464 16240 224
480 16304 32
448 16272 -192
592 16240 -176
592 16240 -112
592 16240 0
464 16240 -80
352 16256 -80
400 16240 -288
432 16224 -160
336 16256 32
432 16192 0
432 16192 48
304 16192 48
352 16160 240
352 16160 240
400 16240 304
400 16288 144
624 16224 192
416 16240 -16
416 16192 64
368 16192 80
432 16224 240
496 16240 240
448 16192 80
384 16176 -64
368 16240 -16
384 16352 -48
416 16272 48
416 16240 336
416 16240 576
480 16240 576
432 16256 432
544 16112 128
688 16160 32
624 16160 64
624 16160 272
496 16112 48
512 16192 240
416 16192 272
384 16240 272
304 16256 208
336 16288 400
224 16288 336
336 16192 160
256 16192 160
224 16256 208
480 16208 32
448 16176 -80
448 16176 176
432 16176 80
432 16176 -208
496 16288 -464
544 16256 -272
496 16192 64
480 16208 112
560 16224 64
560 16224 32
688 16176 32
704 16144 112
576 16192 176
464 16256 288
416 16240 224
368 16256 160
368 16224 -48
416 16224 -128
384 16176 -128
464 16224 -240
368 16192 -112
304 16272 -176
368 16320 -112
368 16240 -32
496 16240 -224
432 16288 -224
416 16256 80
352 16224 -144
448 16256 -304
448 16208 -144
496 16208 -288
496 16208 -240
288 16240 -240
384 16256 0
448 16224 144
560 16288 -16
400 16144 240
432 16112 320
448 16240 368
448 16256 96
464 16192 48
432 16224 32
432 16224 96
496 16320 96
448 16320 176
384 16240 336
528 16336 96
368 16336 96
384 16288 128
336 16224 160
368 16208 240
368 16176 64
560 16256 -32
656 16256 16
656 16256 -32
560 16256 80
480 16224 80
352 16256 48
400 16176 192
400 16144 96
400 16128 -48
384 16208 32
432 16192 96
416 16176 0
480 16144 -32
496 16128 -16
496 16208 128
496 16240 -112
464 16144 32
512 16144 0
528 16176 0
544 16224 -32
368 16288 80
352 16176 272
496 16208 240
496 16144 272
448 16144 288
368 16240 272
528 16096 272
320 16080 80
368 16176 112
448 16176 -112
416 16208 224
304 16256 176
304 16272 288
320 16240 128
416 16208 144
368 16192 128
384 16240 32
384 16240 -176
576 16256 -224
560 16240 -224
432 16208 -128
432 16192 -176
544 16240 112
528 16192 336
496 16192 96
496 16240 64
336 16240 -192
368 16240 -144
368 16320 48
352 16256 96
480 16192 48
480 16224 16
512 16224 -80
384 16208 -48
384 16144 112
400 16144 112
480 16192 144
464 16256 128
464 16112 160
384 16160 32
464 16240 64
464 16224 208
560 16224 64
480 16176 80
720 16224 -48
384 16256 -48
368 16176 480
400 16160 48
368 16208 16
448 16256 144
400 16304 16
400 16304 -288
528 16208 16
320 16176 16
384 16128 96
496 16144 32
512 16176 -112
432 16208 -80
400 16272 -112
400 16176 -64
208 16256 -32
352 16256 -112
368 16272 -64
576 16176 -208
544 16176 -176
400 16224 -176
480 16208 -64
672 16272 0
544 16240 -96
592 16224 -16
400 16192 16
400 16192 176
336 16208 176
304 16128 128
464 16176 16
528 16208 16
544 16208 48
480 16176 32
416 16256 96
528 16192 32
624 16208 16
624 16208 -32
624 16192 -160
512 16192 80
496 16224 80
496 16240 16
448 16208 0
544 16224 112
448 16240 144
560 16240 -192
496 16288 0
480 16336 128
528 16256 80
528 16256 32
464 16288 32
528 16272 64
416 16256 16
240 16208 0
240 16144 -16
352 16192 -16
352 16208 112
400 16288 64
432 16176 160
464 16208 192
464 16208 304
656 16208 304
512 16256 256
448 16256 192
464 16240 144
496 16208 128
416 16176 176
560 16224 144
560 16240 112
384 16320 240
384 16272 384
432 16272 400
384 16240 400
480 16224 208
480 16176 160
384 16144 128
560 16192 128
432 16208 80
496 16240 -32
480 16256 64
528 16208 -288
272 16288 64
288 16272 352
480 16224 320
464 16192 272
480 16208 112
448 16304 32
448 16304 80
400 16288 80
464 16240 128
416 16240 432
288 16224 432
384 16192 272
400 16208 256
352 16176 112
400 16208 160
592 16256 -96
560 16192 112
560 16240 -144
544 16240 -144
576 16256 -128
464 16224 -176
464 16208 -48
544 16160 192
528 16144 176
560 16144 -16
528 16176 192
544 16176 240
480 16128 -16
432 16144 -16
448 16144 128
432 16176 48
384 16192 -16
384 16288 96
384 16272 -48
560 16272 80
528 16208 304
432 16224 304
480 16224 112
448 16160 0
400 16160 16
176 16176 96
416 16176 64
416 16176 -16
416 16240 176
464 16240 -80
352 16224 -16
480 16208 144
464 16240 496
448 16304 64
624 16240 64
624 16304 144
512 16304 192
608 16224 192
528 16192 208
416 16192 256
480 16224 144
416 16272 -128
416 16272 -304
448 16272 64
416 16256 64
448 16176 96
528 16208 0
496 16240 112
368 16304 48
336 16304 -256
368 16256 64
368 16256 192
352 16192 192
368 16192 480
640 16208 240
784 16256 32
576 16256 128
512 16256 192
512 16256 112
304 16272 256
464 16272 48
496 16256 16
608 16304 16
560 16304 112
528 16240 176
496 16288 144
448 16272 -96
528 16240 112
544 16240 112
464 16160 128
416 16176 208
368 16192 112
352 16176 208
368 16192 176
368 16192 0
464 16112 -160
464 16240 -176
480 16272 -32
496 16224 80
448 16240 112
272 16240 80
304 16256 256
336 16256 112
288 16272 80
288 16304 160
448 16304 272
544 16256 272
464 16208 96
336 16304 0
352 16288 192
352 16176 160
560 16208 48
432 16208 -64
480 16224 192
432 16320 192
448 16320 80
528 16288 112
416 16272 64
528 16256 0
544 16224 -176
512 16176 -176
272 16144 16
416 16224 64
528 16240 -16
400 16256 112
400 16288 96
320 16288 -144
256 16320 -48
288 16272 48
336 16224 64
400 16192 48
336 16288 272
448 16336 176
496 16192 176
512 16208 16
528 16240 16
384 16208 128
272 16176 64
416 16240 80
400 16288 128
368 16304 304
320 16304 384
416 16320 144
496 16224 -160
416 16272 -240
416 16288 -240
416 16288 160
480 16192 208
496 16208 128
496 16176 112
384 16224 48
512 16256 -16
512 16256 -32
576 16192 -32
512 16160 16
288 16224 144
464 16128 208
368 16208 64
368 16208 -64
416 16208 -128
352 16272 -128
448 16288 -48
416 16272 128
352 16240 128
432 16192 176
480 16160 -16
432 16160 -32
624 16112 -64
496 16160 64
496 16144 0
496 16144 -32
400 16208 -32
592 16224 -64
464 16176 176
480 16208 336
448 16192 288
320 16192 240
432 16176 432
432 16144 144
336 16144 32
368 16192 32
304 16160 96
464 16192 80
464 16240 160
352 16240 512
384 16256 176
384 16240 192
416 16160 192
416 16160 336
528 16144 336
544 16240 176
368 16240 -48
512 16304 -176
448 16288 -144
448 16224 -96
416 16224 -48
416 16208 -48
448 16240 16
432 16272 192
448 16256 240
416 16256 288
368 16224 160
368 16256 96
528 16256 96
480 16288 192
384 16192 192
464 16176 256
512 16208 48
480 16240 144
352 16272 96
352 16224 112
384 16192 80
