startup(x,y,z):(448,16144,160)
688 16688 512
912 17728 592
1152 16960 592
672 17360 1392
-256 16176 2064
-176 14544 688
-1312 20672 -768
-688 20256 1456
-688 16464 1664
-1760 16464 1664
816 16816 2928
560 19440 608
-384 16080 2768
336 15840 3744
384 15968 5024
-912 19168 2976
-912 13616 256
2880 13616 -1072
-1360 15536 -1072
1248 16288 0
-864 23840 -224
-1488 19904 2128
-192 14528 -1584
-912 13440 112
-608 14720 1072
-608 14720 48
-352 15712 48
720 15232 432
1680 14432 -64
1552 15392 -272
1104 16064 528
4496 19088 4672
2576 16736 2224
768 15952 1520
768 15920 2032
240 15920 2080
128 16080 2080
208 16160 2352
432 16080 2384
784 16176 2624
928 16240 3072
928 16240 2640
1072 16432 3536
784 16432 3472
640 16464 3472
416 17072 3648
368 16432 2816
1360 15408 2752
7504 14032 4224
5248 14688 4112
5248 14288 1312
2784 14800 1360
464 14656 1360
-688 14976 3104
-432 16032 3632
-432 16016 3216
-976 14976 3152
-1056 14400 2544
-512 15088 2560
-400 15488 2944
-400 14768 1104
-1536 14768 1072
-1696 14864 1072
-1104 15216 1728
-352 15552 2432
-80 15840 3024
112 15872 3360
240 15888 3488
64 19248 -2128
64 13776 656
2256 14928 1472
-1040 15312 2336
656 14816 2336
2048 9728 1008
3648 11040 2256
848 13120 3248
-208 15488 4384
1216 16416 4512
608 15632 3840
1040 15456 3504
1840 14720 3088
2016 13216 2096
3040 13952 3216
1232 15296 3280
1232 15632 3824
-368 15632 4112
-48 16128 4464
112 16224 4464
-48 16288 4304
-64 16176 4320
-64 16224 4224
32 16032 3808
0 16048 3952
-112 16048 3952
0 16064 4128
224 16048 3824
448 15936 3632
144 15936 3536
32 15728 3536
96 15760 3600
96 15760 3520
224 15760 3472
224 15712 3472
16 15712 3472
-144 15712 3312
-160 15552 3184
-400 15488 3296
-512 15344 3120
-512 15248 3056
-592 15248 3056
-416 15008 3120
1312 15872 3888
1680 18016 2304
1712 17520 2160
1280 16832 2784
560 16464 3168
560 16096 3408
96 16096 3504
80 15952 3504
192 15872 3616
176 15760 3728
272 15744 3712
256 15824 3760
256 15824 4048
-16 15776 4160
32 15776 4224
-96 15648 4160
0 15568 4160
-176 15664 4288
-96 15728 4208
-144 15808 4160
-144 15808 4240
-240 15696 4240
-272 15712 4032
-192 15568 3952
-256 15616 4048
-336 15680 3728
-304 15760 3856
-240 15760 3872
16 15696 3696
16 15712 4000
48 15696 3824
16 15696 4016
-64 15664 3936
-112 15648 3936
-128 15712 4128
128 15712 4016
-32 15568 4512
-16 15664 4336
0 15744 4144
-112 15936 4064
-272 15552 3952
-224 15584 4080
-224 15584 4080
-32 15696 4080
-32 15856 3968
-416 15952 3520
-240 15920 4144
16 15760 3872
-80 15664 3888
-144 15664 3888
-96 15664 3936
-272 15680 4080
-272 15680 4240
-448 15728 4240
-368 15680 4176
-224 15728 3872
-48 15792 3920
32 15872 3872
272 15856 3888
240 15856 3936
16 15840 3872
0 15792 3552
0 15824 3776
-16 15824 3856
-48 15824 3856
-64 15792 3904
-112 15824 3760
-112 15792 3904
-160 15824 3616
-256 15840 3696
-240 15840 3808
-256 15920 3776
-288 14992 4192
-288 15232 3824
-224 15232 3824
-208 15424 4208
-272 15600 4080
-384 15664 3856
-384 15744 3744
-480 15696 4016
-368 15728 3968
-224 15744 4032
-32 15776 3856
16 15776 3968
-48 15808 4016
-48 15808 4112
-48 15840 4112
160 15856 4192
112 15824 4160
64 15824 4128
112 15872 4144
128 15856 4208
160 15872 3984
64 15824 3968
-48 15824 3952
-96 15824 3968
-208 15792 3872
-208 15744 3856
-320 15696 3920
-304 15696 3920
-352 15744 3840
-368 15744 3664
-560 15680 3744
-720 15424 3744
-336 15536 4080
-48 15584 3824
-80 15664 3904
16 15664 3680
16 15600 3696
-48 15344 3536
-128 15344 3536
-208 15392 3408
-192 15520 3664
-128 15536 3472
-112 15536 3728
-112 15680 3680
-80 15648 3872
0 15648 3808
128 15936 3808
128 15968 3968
112 15936 4080
112 15936 3936
336 15952 3936
240 15936 3888
176 15824 3904
-16 17056 3456
-112 16224 4192
-256 16304 3840
-224 15984 3968
-208 15968 3824
-208 15968 3808
-256 15824 3616
-320 15728 3616
-48 15744 3872
32 15824 3680
96 15856 3824
-16 15872 3776
48 15808 3728
48 15760 3664
-48 15760 3840
16 15840 3840
0 15824 3552
-32 15840 3552
-320 16016 3360
160 15952 3792
-16 15856 3680
16 15808 3648
112 15760 3632
64 15776 3600
64 15776 3680
128 15888 3680
192 15712 3680
-16 15696 3456
-64 15760 3520
-64 15728 3680
-96 15760 3600
-32 15760 3680
-32 15856 3680
-208 15824 3760
-208 15760 3792
-208 15792 3792
-192 15792 3792
-144 15808 3904
-160 15904 3600
-96 15792 3568
-80 15776 3856
-48 15792 3792
-48 15776 3888
16 15760 3680
32 15856 3776
-16 15856 3776
48 15936 3776
-128 15872 4016
-64 15840 4064
-80 15808 4016
-32 15808 3888
48 15888 3792
48 15856 3792
16 15856 4080
0 15808 4080
64 15824 3952
-32 15808 3952
-80 15840 4000
80 15904 3616
16 15904 3568
16 15904 3856
80 15824 3744
128 15872 3712
32 15856 3712
-32 15856 3552
-32 15856 3744
-128 15744 3808
-32 15696 3968
-128 15824 3824
-16 15888 3888
-64 15840 3920
-64 15744 3968
-80 15840 3936
-64 15872 3936
-64 15792 3792
48 15792 3792
-32 15824 3632
32 15856 3696
32 15872 3856
-128 15872 3856
-112 15888 3872
-128 15888 3664
-80 15872 3664
-64 15872 3408
-96 15824 3408
64 15808 3696
112 15760 3808
112 15824 3776
272 15856 3888
256 15904 3984
96 15904 3696
192 15968 3488
208 15904 3792
224 15920 3888
448 15904 3840
432 15936 3936
416 16000 3952
336 15936 4032
240 15952 3856
112 15856 4080
128 15744 3840
0 15792 3648
128 15792 3600
128 15840 3712
272 15808 3696
176 15872 3936
112 15888 4016
32 15840 4000
-224 15808 3952
-400 15728 3968
-416 15584 3824
-272 15632 3904
-112 15664 3984
-208 15584 3920
-336 15488 3968
-432 15616 3728
-192 15680 3680
-32 15776 4000
-16 15760 3936
-80 15760 4256
96 15728 4048
160 15728 3968
160 15696 3792
32 15696 3968
64 15776 3984
64 15792 4000
-48 15792 4304
-96 15856 4304
-64 15856 3968
-48 15760 3936
0 15808 3968
0 15744 3936
32 15744 3936
-16 15776 3808
48 15824 3856
-32 15824 4128
-112 15840 4128
-48 15792 4032
-48 15824 3904
64 15808 4016
0 15776 4000
16 15744 4096
16 15696 4064
0 15824 3920
0 15744 3952
64 15712 3984
-16 15760 3936
-128 15648 3952
-96 15712 3888
-128 15744 4032
-128 15760 3856
-16 15760 3936
16 15792 4032
-64 15776 4096
-64 15760 3952
-32 15808 3872
-32 15808 3744
0 15808 3744
16 15776 3840
32 15728 3760
16 15728 3808
-64 15712 4096
96 15776 4096
-32 15808 3760
64 15792 3728
128 15776 3792
80 15712 3888
48 15696 3952
16 15744 3936
16 15712 3840
64 15712 3792
-16 15712 3744
-16 15664 3904
-16 15712 3888
80 15712 3888
160 15584 3776
48 15632 3792
0 15776 3856
64 15712 3840
-64 15808 3920
-64 15840 4064
-144 15840 3936
-176 15824 3936
-96 15792 3856
-96 15952 3856
64 15744 3936
16 15776 3792
-128 15728 3872
-48 15760 3872
-80 15696 3936
-48 15776 3904
-48 15792 3504
-16 15760 3712
64 15776 3760
64 15744 4016
80 15744 3984
-48 15616 3824
-112 15696 3824
-176 15760 3840
-272 15728 3776
-192 15776 3728
-64 15808 3840
-112 15840 3840
-144 15808 3952
-32 15824 4000
32 15840 3888
-80 15856 3936
-160 15856 4048
-160 15888 4096
-32 15888 3968
-176 15904 3968
-32 15824 3872
-48 15840 3984
-208 15840 3984
-208 15776 4000
-176 15808 3856
-224 15792 3888
-80 15728 3728
-96 15680 3824
-96 15712 3680
-128 15744 3904
-128 15744 3856
-16 15824 3888
-16 15888 4064
-144 15888 4000
-48 15840 4000
-96 15760 4384
32 15744 4256
-80 15728 4288
-48 15760 4208
-80 15808 3952
-32 15856 4080
-96 15840 4368
-64 15872 4192
0 15904 3968
0 15792 3856
-64 15792 3728
-16 15824 3936
-16 15824 3904
-16 15824 3904
-160 15776 3920
-256 15712 3920
-112 15680 3888
-240 15744 3952
-64 15776 3824
0 15776 3632
80 15760 3664
-64 15824 4048
-48 15808 4080
-48 15856 4096
-112 15776 4272
-128 15776 4288
-176 15776 4288
-128 15712 4368
-96 15760 4112
-192 15776 4016
-160 15808 4160
-112 15856 3872
-144 15856 3936
-208 15856 3888
-144 15920 4016
-144 15840 4016
-96 15792 3968
-144 15856 3888
-96 15808 3824
16 15840 3856
-160 15872 3920
64 15840 4032
16 15824 3872
16 15824 3760
48 15840 4032
48 15792 4032
0 15824 3888
-16 15808 4016
0 15776 3712
-112 15712 3696
