startup(x,y,z):(448,16192,192)
-624 16512 656
-112 16096 1344
528 16432 2096
528 16192 1376
-48 16192 1376
400 15168 1616
384 15888 1616
384 17216 1872
736 17296 2032
1040 16336 1920
-128 16336 1936
512 19296 2048
2384 20192 3408
1040 19040 2960
752 17872 1504
800 16816 -592
464 16272 16
496 16112 224
496 16512 944
592 16512 3040
528 16864 3040
224 12192 9152
-1744 9520 8608
-768 11520 4944
-320 14016 4944
-3920 16080 4752
-2960 16464 3936
-3152 15504 2080
-2416 15104 1328
-656 15024 720
1120 15296 -320
1120 15648 -800
2016 15648 -1280
2112 16560 -1600
2208 17136 -2336
2208 17744 -2768
2160 17744 -2768
3200 18160 -3168
3248 17920 -2896
3072 17488 -3152
3040 17200 -3440
3040 16720 -3520
3392 16720 -3792
3584 16080 -3696
3616 16080 -3760
3520 15760 -3760
3248 15376 -3584
3040 15104 -2976
2720 14832 -2144
2624 14544 -1504
2624 14304 -1104
2592 14016 -848
2624 13856 -480
2352 13856 -480
2080 13712 -48
1744 13664 384
1248 13712 384
864 13488 768
336 13344 1264
48 13120 2272
48 13024 3600
-464 13024 4848
-1136 12816 4848
-2128 12784 5760
-2480 12816 6128
-2752 12768 6016
-2896 12784 5472
-2688 12608 4704
-2560 12448 3984
-2272 12192 3168
-2080 11920 2304
-1728 11808 1312
-1728 11648 768
-1856 11648 240
-1664 12048 -880
-880 12912 -880
-16 14528 -1552
928 16224 -2000
1936 17584 -2336
3120 19184 -2752
3936 20816 -3616
5360 17424 -5712
5360 18112 -5504
6016 18112 -4480
7664 19536 -4480
7600 20240 -944
8592 20432 -3328
9952 20272 -6368
8864 19264 -8432
7072 17792 -7936
5744 16736 -6848
5104 16400 -5776
4832 16496 -5312
4832 17200 -4672
5152 17200 -3664
5808 18416 -3664
6256 19808 -2992
6224 21040 -2816
5536 22128 -2496
3984 21792 -2416
3056 20320 -1968
2112 18464 -1152
992 16528 -1104
160 14800 -992
-592 13424 -672
-864 12272 336
-1680 11760 1744
-2768 11376 2720
-3408 11296 2896
-4304 11344 3328
-4960 11296 4576
-5408 11328 4736
-5408 11408 4688
-5456 11440 4512
-5072 11504 4032
-4688 11504 3392
-4160 11472 2432
-4160 11472 1376
-3360 11456 1376
-2672 11376 -80
-2048 11408 -848
-1536 11616 -848
-736 11904 -1952
-224 12528 -1952
-48 13184 -1104
752 14080 -2208
2832 17712 -1488
5744 22528 -512
7104 23856 -1904
7888 24768 -3280
8032 25328 -4672
7760 24944 -5936
7760 23904 -6576
6704 23904 -6576
5856 22752 -6240
5344 22208 -4112
5184 22320 -3888
5104 22432 -3888
4816 21616 -4080
4496 20400 -4048
4128 19056 -4080
3520 17712 -3728
2416 16576 -3344
1328 15376 -3216
-976 13424 -2704
-1024 12480 -1680
-1936 12480 -560
-2704 11616 -560
-3296 10784 752
-3936 10096 2064
-4896 9504 3136
-5408 9104 4064
-6288 8736 5040
-6960 8544 5936
-7472 8480 5728
-7728 8400 5616
-7728 8560 5376
-7696 8560 4496
-7248 8880 4496
-6672 9392 3632
-5968 10112 2464
-5088 10896 1520
-4176 11792 576
-3360 12576 768
-1968 13776 624
-432 15088 64
-480 15088 -1040
928 16688 -1040
1936 18128 -1760
2352 19424 -2736
3264 21072 -3744
3360 25680 -3728
4992 22640 -4784
7312 21504 -5840
9440 21184 -6608
9440 21184 -7280
10064 21328 -7280
9072 21360 -7712
7664 21584 -7008
6800 22192 -6624
5968 22736 -5952
5472 22544 -5360
5472 21920 -4688
5328 21184 -3952
4576 20256 -3552
4576 20256 -3088
3664 19328 -3088
2480 18272 -2736
1344 17104 -1904
48 15776 -784
-1216 14224 224
-2608 12960 1472
-3904 11472 2400
-4928 10096 3312
-5008 8496 3472
-5792 7136 5168
-7200 6448 6768
-8112 6448 7216
-8208 7024 6240
-8160 7584 5088
-8160 8096 3952
-7472 8720 3392
-6576 9216 3312
-5472 9872 3040
-4496 10624 2864
-3568 11328 2512
-2816 12128 1616
-2000 14880 896
896 16704 -96
896 18448 -864
1760 20128 -1824
2448 21728 -2688
2928 21728 -3200
3392 24384 -3360
5360 26064 -3824
5744 26192 -4000
6224 26160 -3648
6576 25552 -2848
6992 24656 -2304
7328 23600 -2176
6576 22416 -2096
5264 21120 -2016
3968 19760 -2240
2592 18336 -2352
1280 15472 -2432
-1104 14080 -288
-2784 11152 3232
-4512 8384 5280
-7392 8304 -960
-5104 4656 10800
-4752 8624 768
-5152 10080 -1968
-6448 9952 -1424
-6640 9408 1328
-6160 8816 4608
-5840 8656 6960
-5376 8880 7984
-4800 10816 5456
-4288 10816 3472
-3360 12992 2080
-2432 13808 816
-144 14768 -672
2192 17216 -944
3680 19392 -1424
4688 20432 -1968
5136 21408 -2128
5680 22720 -2624
6672 23968 -3024
7136 24656 -2992
7472 24912 -2288
7472 24848 -1712
7712 24848 -1312
7680 24336 -1104
6928 23568 -1104
5696 22736 -384
4112 22416 1072
3376 22576 1232
3376 22128 288
3296 20688 -1168
2848 17088 -1696
2128 16944 -1696
848 14848 -336
-64 13024 1264
-1072 11648 2752
-2048 10624 4016
-2736 11280 1504
-2736 13136 -3952
-3616 8928 8400
-3088 10976 3328
-4560 11872 1824
-5632 11760 3520
-5984 11056 6128
-5568 10416 7808
-4960 10000 8000
-4336 9712 7376
-3664 9600 5600
-2768 9472 3952
-1728 9632 1984
-720 9856 480
192 10464 -752
960 11200 -1552
1648 11888 -1792
1648 12800 -1760
2240 12800 -1760
2400 13840 -1616
2800 14880 -2112
2848 15808 -2432
2768 16848 -3200
2720 17888 -3648
3024 18704 -4272
3296 19392 -4896
3456 19904 -5408
3456 19904 -5504
3952 20416 -5504
4224 20800 -5488
4256 20912 -5136
4576 20752 -4896
4544 20528 -4144
4720 20272 -3792
5104 20000 -3744
5104 20000 -976
4240 20080 -2368
4832 17760 -4832
5408 16672 -4752
4912 16464 -4480
3744 16352 -4096
2512 16304 -1824
1504 16112 80
384 15920 80
-1232 15328 4096
-1920 15040 6960
-2240 14912 8880
-2176 14768 9248
-1696 14480 7536
-1008 14576 5168
-816 15104 1360
-1152 15184 -224
-1808 14928 -224
-2048 14768 -848
-1920 15040 -1984
-768 15440 -2816
-16 15840 -3600
640 16224 -3808
1616 16448 -4480
2352 16528 -4928
2704 16352 -5072
2992 16176 -5120
3456 15872 -4880
3280 15360 -4896
3136 15360 -4752
3216 15648 -4752
3328 15888 -4800
5280 24272 2832
3520 16944 -3232
3536 14720 -6656
3872 13712 -6704
4528 16096 -4688
4528 13600 -4000
3952 13776 -1984
3488 16144 608
2976 13920 2768
3024 13920 5376
2464 13760 5376
1760 13664 7888
416 10864 11712
-80 10688 12416
-800 11712 11360
-1504 12816 9824
-2144 13904 8528
-2688 14816 7200
-2688 15376 5232
-3456 15728 3104
-3456 15680 1408
-3648 15680 1408
-3488 15328 96
-3056 14896 -1136
-2320 14352 -1520
240 14256 -4832
-544 15536 -5760
976 16912 -7856
1936 15520 -8992
1936 15136 -8400
2608 15520 -6704
2880 16208 -5376
3024 16208 -5376
3424 22096 -4864
3184 20048 -5536
3792 19488 -6560
4320 19248 -6736
4672 19360 -7408
4768 19488 -6976
4816 19344 -6384
4496 18928 -5760
4496 18256 -5360
4304 18256 -5360
3808 17600 -4624
3232 17136 -4320
2912 16768 -3760
2720 16832 -3056
2672 16864 -2784
2496 16768 -2304
2016 16416 -1360
1520 15920 -496
1152 15312 272
1152 14672 1184
640 14672 2288
224 14208 2288
-32 13824 2864
-208 13376 3984
-528 12960 5360
-2560 11648 2224
-4080 9712 3632
-3952 12720 5616
-3648 12048 2672
-3072 12608 -416
-3072 12640 -608
-3232 12016 1760
-3120 11328 4560
-3408 11328 6000
-3584 11056 6000
-3520 11344 5776
-3440 11488 5584
-2864 11408 4656
-2176 11728 3440
-2176 12128 2096
-1376 12128 864
-832 12464 864
-192 12864 -528
272 13424 -1392
848 14096 -2032
848 15056 -2784
1232 16000 -3408
1200 16000 -3408
1680 20272 -2144
-304 14336 -3456
1104 13936 -4944
3760 14640 -5664
5696 15760 -6240
5696 17200 -5120
6672 17200 -5120
7312 18736 -4576
7712 20096 -4880
7936 21072 -5760
7872 21424 -6544
7248 21120 -6464
6256 20464 -6064
5472 19600 -5872
4896 18576 -5632
4896 17488 -5632
4368 17488 -5344
3744 16432 -5344
3120 15536 -4816
2512 14672 -4400
1664 14128 -3856
848 13872 -3376
128 13584 -2352
128 13504 -1392
-400 13504 -1392
-512 13312 -400
-896 13152 736
-1264 12864 1600
-1744 12496 2432
-2416 12240 3152
-2416 12096 3520
-2976 12096 5616
-912 11744 5616
-4080 11552 944
-5392 11120 3072
-6272 11824 1440
-6448 12096 2176
-6208 12016 4096
-5680 12000 5760
-4912 12160 6528
-4912 12544 6352
-4080 12544 6352
-3424 13104 6224
-2944 14032 5808
-1392 15888 3920
-352 16592 2864
-352 16592 1568
832 17232 448
1744 17568 448
2768 18000 -704
3008 18416 -1664
3568 18832 -2672
4160 19328 -3600
4160 19696 -4368
4800 19696 -4768
5344 19776 -4768
5920 19760 -5312
6400 19504 -5792
6528 19328 -6512
6560 19008 -7440
6160 18688 -7936
5600 18256 -8384
5056 17760 -8592
5056 17760 -7824
4368 17168 -7824
3808 16592 -7424
3296 16064 -6848
2992 15584 -6208
2576 15264 -5984
2576 15024 -5792
2240 15024 -5744
1904 14880 -5536
1408 14880 -5328
800 14848 -5328
176 14784 -4960
-624 14640 -4560
-1408 14352 -3728
-2160 14176 -2608
-2160 14160 -1776
-2672 14160 -560
-3248 14208 -560
-3744 14192 880
-4064 14096 2656
-4240 13936 4464
-4256 11920 1408
-4256 13072 -304
-5920 13072 6720
-5664 13280 6720
-2432 22912 8160
-5440 18448 7456
-3840 17056 7072
-912 16784 7440
800 17168 8736
1744 17392 9744
2256 17184 8240
2528 16928 6736
2528 16992 5232
2352 16992 3312
2288 17392 3312
