startup(x,y,z):(432,16192,256)
-336 17200 1104
1792 15696 -1936
1408 15984 -976
608 15952 -512
480 16176 448
448 16480 832
80 16944 992
2848 11552 -1696
1936 14368 -2752
2080 15232 -2256
1792 15760 -1456
544 17024 -896
944 16448 352
432 16512 912
432 16896 1632
544 16896 2224
272 16992 2224
176 16624 1760
256 16720 2096
-16 15920 2304
240 16624 2384
1024 19392 3344
1440 26016 5344
288 18432 5728
-3280 18048 3168
-1824 15280 1136
-464 15552 1136
496 17312 3520
2384 24976 1664
960 24528 64
592 20672 64
352 16944 2720
640 13792 2064
512 11728 -400
304 10864 -2176
-96 10544 -2544
-224 10816 -2176
-144 11664 -1504
-240 13296 -400
-240 14976 32
-208 14976 224
-368 16192 496
-400 16992 496
-400 17264 352
-336 17104 448
-272 16816 288
-240 16544 464
-256 16432 192
-112 16480 272
128 16672 448
160 16816 576
416 16976 672
416 17024 640
672 17024 496
832 16944 496
928 16848 144
1088 16432 128
1120 16368 16
1056 16368 112
912 16224 160
624 16224 192
336 16000 -16
160 16064 -176
144 16096 -240
96 16096 -496
0 16016 16
-208 15984 -32
-208 16064 96
-112 16080 208
0 16112 432
80 16128 464
0 16128 464
-16 16144 464
32 16256 400
144 16400 672
272 16512 640
288 16512 704
432 16464 768
400 16288 192
352 16208 96
128 16112 128
32 16144 160
-80 16080 240
-80 16096 304
-48 16128 432
-128 16176 448
-128 16240 656
32 16240 656
176 16224 592
272 16304 512
432 16352 464
368 16288 560
448 16384 528
384 16336 448
192 16304 208
144 16336 160
-16 16224 272
0 16064 112
80 15952 224
48 15968 416
80 15952 480
0 15984 512
-48 16128 288
32 16112 368
64 16128 464
160 16224 400
160 16288 512
160 16288 720
208 16400 720
272 16480 576
368 16416 496
224 16320 384
272 16368 448
336 16288 448
320 16128 208
192 16112 208
112 16016 368
96 16016 368
64 16016 416
224 16032 384
128 16096 384
32 16096 560
0 16096 528
-80 16160 528
16 16208 528
144 16320 464
192 16320 864
160 16384 864
160 16384 720
144 16384 528
80 16320 576
144 16288 464
240 16144 320
224 16144 272
240 16064 272
192 16048 240
80 16000 224
192 16000 272
224 16048 -16
16 16064 32
-128 15968 240
-96 16016 -32
-16 16192 368
0 16336 336
0 16368 288
32 16368 528
192 16304 528
240 16384 560
288 16368 544
256 16352 240
464 16272 208
384 16256 480
352 16208 272
352 16208 256
304 16560 368
208 16720 256
208 16304 16
240 15936 128
240 15792 160
96 15712 16
128 15808 0
80 15936 -112
16 16064 -32
-48 16128 352
-48 16112 288
64 16160 256
48 16144 288
48 16096 176
-112 16096 304
-64 16192 304
48 16256 112
160 16272 -128
224 16208 144
208 16128 128
192 16080 160
176 16096 16
176 16096 -48
192 16176 256
64 16176 256
-16 16144 240
64 16208 256
256 16256 16
224 16256 256
224 16144 384
240 16144 96
288 16160 96
224 16240 272
160 16224 272
96 16288 704
112 16208 512
256 16160 432
112 16208 528
352 16192 352
336 16192 288
336 16096 144
336 16096 160
352 16128 272
288 16144 272
256 16224 400
288 16256 128
272 16272 464
224 16320 736
224 16304 528
192 16304 416
0 16304 416
96 16256 432
160 16144 416
176 16176 368
288 16176 304
352 16096 464
352 16064 480
256 16064 592
336 16112 592
496 16144 448
336 16208 288
256 16224 48
256 16272 -32
256 16160 176
272 16160 176
368 16096 128
416 16080 256
224 16160 224
240 16304 128
240 16256 208
304 16304 320
320 16272 288
320 16256 240
224 16240 240
288 16224 400
208 16224 352
448 16288 320
448 16160 208
384 16160 208
448 16192 448
272 16160 448
208 16160 352
160 16240 640
272 16224 480
464 16288 320
400 16160 336
400 16176 304
416 16176 304
400 16176 304
416 16208 288
288 16240 416
176 16192 544
144 16304 448
192 16288 416
192 16256 496
16 16240 352
16 16272 368
160 16272 208
272 16224 208
224 16192 256
208 16192 288
192 16208 336
224 16192 224
288 16160 176
288 16096 64
144 16096 64
144 16064 -16
176 16064 112
240 16064 320
288 16096 512
96 16160 560
96 16192 192
160 16192 192
160 16176 512
224 16240 432
240 16240 496
144 16224 416
144 16336 208
208 16288 384
304 16240 480
320 16272 432
320 16272 352
304 16320 352
368 16256 320
352 16288 272
336 16208 48
272 16160 224
352 16112 384
192 16208 400
272 16224 208
192 16240 -176
144 16240 16
144 16240 240
288 16240 576
208 16112 576
144 16176 144
304 16256 304
224 16256 544
320 16208 544
400 16336 400
288 16384 288
400 16288 464
336 16352 432
336 16320 128
224 16320 128
304 16288 160
224 16320 352
256 16320 256
288 16336 480
288 16384 320
304 16384 336
288 16256 224
272 16240 224
368 16192 32
432 16192 304
512 16208 336
512 16192 224
416 16192 384
448 16192 384
272 16160 304
368 16144 256
240 16032 160
240 16080 320
304 16128 416
304 16128 256
176 16128 336
256 16144 336
256 16192 112
320 16240 304
272 16320 352
272 16320 320
144 16352 288
304 16352 480
272 16144 320
336 16128 384
320 16128 384
320 16112 240
272 16176 448
240 16080 544
368 16080 480
432 16192 400
432 16288 144
416 16288 48
96 16240 48
96 16272 352
144 16288 240
304 16272 192
176 16208 496
64 16208 320
64 16224 192
96 16224 192
112 16192 48
176 16192 208
144 16192 96
224 16240 336
176 16320 528
176 16336 464
80 16336 592
240 16336 592
384 16320 192
576 16320 336
448 16288 464
544 16256 560
544 16256 400
560 16240 384
544 16160 384
400 16224 208
320 16176 0
432 16144 96
368 16032 368
304 16080 528
304 16144 256
256 16144 224
304 16128 224
304 16224 432
336 16256 272
256 16208 384
304 16288 384
272 16272 512
272 16272 368
160 16320 336
160 16304 336
16 16272 288
192 16240 48
112 16256 80
240 16224 320
240 16224 368
272 16224 208
432 16144 208
528 16016 304
336 16096 352
336 16096 432
272 16080 512
560 16144 288
496 16128 512
416 16096 320
304 16128 384
272 16208 432
272 16256 496
320 16256 496
208 16272 352
336 16352 432
288 16352 336
320 16320 576
224 16320 560
288 16240 272
272 16192 144
144 16192 336
128 16096 336
224 16064 272
96 16080 256
304 16096 240
368 16160 288
368 16128 480
336 16144 448
304 16192 432
272 16288 384
368 16288 384
240 16256 304
400 16192 480
432 16256 368
368 16288 448
112 16400 448
240 16400 368
176 16320 368
208 16272 496
384 16288 544
288 16208 640
192 16192 560
176 16112 816
160 16144 624
320 16144 368
320 16192 288
336 16192 240
480 16144 464
336 16144 512
320 16224 512
320 16208 304
336 16256 576
272 16384 576
240 16336 352
224 16304 512
272 16224 512
176 16224 304
176 16192 320
208 16160 576
320 16192 464
240 16192 544
272 16208 608
272 16208 592
256 16304 640
256 16272 640
192 16208 384
224 16160 288
336 16128 480
352 16112 448
208 16144 800
224 16128 528
288 16160 384
416 16192 496
400 16208 544
400 16208 528
288 16112 528
240 16080 320
208 16048 384
192 16224 272
160 16176 512
48 16208 432
128 16224 464
176 16240 416
176 16208 288
32 16144 320
96 16112 96
224 16144 96
288 16176 240
288 16128 368
416 16128 416
368 16192 144
464 16192 176
240 16256 176
336 16304 352
320 16240 608
320 16192 496
272 16208 560
288 16288 304
320 16352 368
320 16272 320
352 16272 288
368 16288 320
512 16208 320
288 16192 144
256 16192 80
192 16160 192
128 16064 160
176 16048 496
224 16192 432
224 16208 416
128 16208 144
320 16304 144
128 16336 400
128 16336 -16
240 16336 352
384 16240 352
528 16192 336
400 16176 256
288 16208 368
384 16112 464
304 16240 288
320 16240 208
272 16160 432
304 16240 592
304 16208 288
320 16176 240
320 16144 336
288 16240 32
304 16304 192
208 16320 240
304 16304 496
