startup(x,y,z):(368,16160,288)
3392 17328 -96
1136 17056 1040
-640 16016 400
-48 15744 224
208 15904 320
368 15968 960
432 16032 1008
976 16144 -176
560 16512 -512
368 16288 -1072
464 16144 -1024
640 16112 -144
320 16400 256
480 16448 -32
480 15312 64
1280 16688 -1280
272 16048 -48
-96 15968 240
1392 16080 -1360
1216 16144 -320
1424 15920 -496
352 17456 -416
752 17184 288
-256 16512 768
608 15840 1488
-64 15808 1744
240 16112 1216
976 16208 976
2096 15952 -176
1600 15584 544
1504 15712 -16
1120 16000 0
1344 16128 -528
912 16320 -1664
48 16304 -2016
32 16240 -1760
208 16272 -1504
96 16352 -832
352 16208 -656
352 16208 -736
544 16224 -176
624 16208 128
864 16224 384
848 16160 912
528 16192 1248
384 16144 1552
192 16192 1264
256 16192 912
240 16224 672
368 16224 288
416 16240 -240
336 16208 -688
336 16304 -752
400 16336 -768
432 16256 -336
400 16288 -192
304 16224 64
480 16240 48
416 16240 256
496 16240 192
560 16208 304
464 16256 240
464 16224 400
432 16192 432
384 16256 160
496 16304 -144
448 16288 -304
464 16144 16
432 16224 -48
432 16240 -64
464 16272 -96
416 16272 -144
416 16272 -96
336 16192 96
416 16240 144
400 16272 272
320 16240 288
384 16240 336
464 16192 240
384 16272 208
384 16224 96
432 16240 112
352 16272 96
416 16240 -128
432 16224 -304
416 16272 -256
288 16288 -48
400 16288 -80
400 16288 80
400 16192 224
576 16192 256
672 16192 432
480 16192 128
336 16144 288
416 16192 624
416 16224 320
384 16192 224
352 16256 112
576 16192 64
400 16192 176
256 16208 144
336 16240 0
288 16208 -176
384 16224 -80
672 16176 -32
560 16160 256
464 16176 64
464 16224 64
464 16064 -16
368 16128 352
496 16224 288
544 16160 112
560 16176 0
544 16160 64
528 16160 176
592 16128 -48
608 16144 -112
576 16176 -80
576 16208 -336
480 16192 -80
400 16192 -80
416 16144 96
368 16192 48
448 16208 96
432 16224 64
464 16208 16
448 16192 256
432 16160 144
384 16160 112
272 16176 272
416 16176 224
368 16192 192
352 16160 176
400 16208 96
400 16128 64
432 16176 64
336 16224 192
400 16192 208
416 16208 48
496 16208 16
480 16304 -144
512 16256 -112
544 16224 32
432 16240 -16
464 16160 128
480 16240 128
560 16208 128
592 16224 112
560 16208 48
560 16144 16
464 16208 80
544 16192 80
528 16192 48
448 16176 240
448 16176 0
352 16224 -208
400 16272 -128
240 16272 16
112 16304 -64
384 16304 -96
352 16240 80
416 16224 128
432 16240 -48
432 16240 112
400 16224 -272
432 16256 -160
464 16224 -48
432 16240 0
400 16208 96
528 16224 0
512 16272 112
528 16256 -16
496 16256 48
448 16208 208
560 16128 272
624 16144 256
384 16160 224
544 16192 96
512 16208 48
512 16192 96
400 16144 0
384 16176 -176
112 16272 -80
240 16288 -80
368 16224 128
336 16256 48
464 16208 160
448 16240 64
480 16224 256
224 16208 256
496 16240 -128
256 16304 320
240 16192 112
736 16064 -688
-976 16416 1168
-1680 16256 1600
-928 16368 1376
-48 16304 832
-16 16368 416
0 16320 816
144 16192 928
880 16176 -192
1136 16128 96
112 16208 544
144 16160 624
480 16160 336
432 16192 -832
448 16272 -832
560 16288 -864
576 16352 -912
464 16272 -688
272 16256 -224
240 16224 208
240 16240 576
448 16240 544
688 16240 144
688 16144 80
256 16144 208
256 16240 576
304 16160 576
448 16160 496
400 16176 -272
400 16176 -400
352 16192 -432
496 16256 -464
416 16288 -144
384 16256 448
304 16192 544
352 16176 384
496 16176 240
352 16208 -80
400 16224 272
368 16304 368
208 16288 64
336 16240 80
384 16208 96
400 16192 32
512 16256 -112
464 16192 -176
432 16176 -32
464 16192 32
496 16160 256
544 16224 224
448 16272 368
480 16224 336
368 16144 192
416 16128 336
400 16192 336
496 16128 48
512 16176 -64
528 16176 -304
448 16128 -160
400 16176 -128
384 16176 -16
352 16192 -16
400 16256 -48
