startup(x,y,z):(448,16224,-64)
608 18048 -896
5168 16336 -18400
6064 13648 13392
-14400 15248 10400
-1568 14336 8080
-8528 16112 1552
-3376 16688 4528
4208 15808 368
6656 16128 6592
-736 15472 6400
9376 14704 -4256
9936 15312 -3920
6000 15456 -672
3440 15472 -3664
1568 15984 -2416
400 15968 -4288
-1216 16064 -6528
-4304 15968 -2752
-2272 16288 -3408
-1216 15824 -1824
-1216 16256 -1616
-272 16336 -1376
304 16400 -1600
1184 16224 -1664
1920 16208 192
1776 16496 1040
2544 16208 3552
1664 16080 3552
544 16176 2768
-656 16112 2448
-416 16080 2160
80 16096 1344
80 16176 1136
272 16176 96
496 16208 -672
480 16224 -864
544 16240 -1296
448 16240 -1520
384 16224 -1376
512 16208 -992
384 16176 -240
400 16176 400
480 16192 384
304 16160 256
432 16160 160
416 16176 64
544 16160 352
592 16288 720
592 16224 640
368 16288 432
464 16208 352
304 16192 -304
352 16208 -464
544 16192 -496
576 16192 -576
608 16224 -608
480 16208 -640
384 16128 -352
416 16112 -208
272 16256 0
240 16240 416
304 16272 576
400 16336 720
448 16336 800
368 16288 768
416 16208 752
656 16304 496
544 16272 96
480 16224 -48
368 16208 -256
304 16240 -176
304 16192 -400
400 16256 -368
448 16304 -608
368 16304 -336
416 16368 -48
416 16304 304
368 16272 560
288 16272 688
400 16224 544
320 16256 768
368 16272 528
400 16224 400
480 16240 64
448 16160 -144
320 16288 -304
320 16176 -336
496 16224 -336
224 16240 -432
256 16208 -96
352 16176 -96
592 16208 -144
704 16192 208
320 16208 320
384 16176 384
432 16160 448
384 16240 384
464 16240 432
464 16144 128
352 16144 144
512 16176 0
464 16192 -80
480 16192 -176
400 16288 -208
336 16304 -176
464 16240 -160
544 16208 -80
480 16256 -224
352 16176 128
368 16176 208
384 16224 224
448 16224 352
448 16208 464
448 16176 432
496 16176 448
400 16144 176
448 16160 96
384 16144 96
384 16240 32
544 16288 0
528 16208 -128
432 16176 -48
416 16240 -32
448 16224 48
400 16208 -240
384 16240 112
480 16208 144
496 16160 208
464 16224 176
416 16192 304
384 16224 272
432 16208 240
448 16240 336
400 16304 80
400 16240 64
352 16288 -96
224 16240 128
464 16304 -80
400 16368 -32
416 16336 0
368 16320 64
368 16224 -80
432 16192 64
416 16240 192
448 16192 -80
544 16224 256
448 16144 256
448 16176 128
512 16272 96
528 16240 256
512 16240 224
480 16288 144
576 16336 16
528 16224 224
496 16208 144
528 16240 128
528 16240 16
432 16224 208
464 16224 496
416 16240 336
384 16160 64
544 16192 304
496 16272 304
400 16272 240
352 16336 208
384 16208 16
272 16192 224
384 16144 256
432 16224 144
416 16208 0
480 16192 0
400 16224 -160
368 16208 -32
400 16192 -16
448 16208 -320
560 16144 -192
512 16192 -32
512 16240 128
464 16224 368
416 16208 240
512 16208 96
432 16208 48
384 16192 288
368 16192 144
368 16192 -80
432 16224 -192
400 16192 144
336 16224 144
416 16224 -160
432 16272 -128
400 16304 144
320 16224 112
352 16192 224
400 16176 160
416 16160 96
368 16272 128
608 16256 208
528 16272 144
448 16240 352
480 16272 304
448 16240 208
464 16304 -160
608 16288 112
400 16112 48
352 16256 32
416 16176 0
400 16256 64
368 16256 64
416 16240 192
304 16176 112
400 16224 144
416 16240 128
352 16192 176
464 16240 240
560 16288 144
496 16256 272
512 16288 80
528 16240 32
464 16224 144
384 16256 96
352 16288 32
384 16208 -112
480 16144 -48
416 16240 48
448 16288 80
432 16208 304
416 16176 208
432 16128 80
464 16192 128
512 16160 112
528 16160 112
448 16176 96
368 16256 288
448 16224 128
432 16192 256
400 16176 -16
416 16144 80
368 16192 112
400 16160 240
320 16192 16
352 16272 144
432 16272 288
432 16176 224
464 16224 176
448 16192 16
384 16192 16
544 16176 144
560 16208 176
432 16096 80
400 16176 160
560 16192 176
464 16176 48
480 16208 48
496 16256 -32
496 16288 128
224 16256 80
