startup(x,y,z):(384,16288,176)
-2624 16144 3920
-3392 15520 4800
-2176 15776 3312
592 15712 1008
3200 16016 -192
4208 16096 688
928 16128 1728
-2912 16336 6064
1520 15088 496
2720 15904 -192
-1216 16048 -1248
1024 16160 -3232
1264 15920 -3728
192 16432 -2448
768 16272 -2192
848 16304 -2336
144 16192 -1264
544 16128 -1424
32 16208 -1312
272 16240 -480
592 16112 -480
752 16352 832
1024 16256 1344
656 16096 1488
224 16096 1712
112 16160 1568
352 16240 1440
96 16176 1296
448 16224 864
448 16224 480
656 16352 -208
656 16352 -560
528 16256 -592
528 16208 -656
432 16272 -1008
400 16192 -592
432 16160 -832
592 16224 -832
464 16208 -528
368 16224 -512
512 16272 48
416 16224 176
512 16208 464
496 16208 496
432 16240 576
368 16192 656
256 16192 656
384 16192 656
512 16224 384
480 16240 288
432 16208 112
496 16240 -192
144 16256 -256
400 16240 -320
400 16256 -336
496 16224 -192
400 16160 16
464 16160 -64
496 16192 -256
528 16208 -80
448 16224 288
608 16224 80
496 16224 64
384 16160 -96
336 16288 -16
272 16272 64
352 16240 -80
416 16256 -176
224 16224 96
400 16272 208
384 16304 272
432 16240 208
496 16336 256
560 16256 288
480 16240 272
432 16240 48
336 16224 -16
336 16272 -256
368 16176 -112
448 16192 32
464 16176 144
272 16176 32
448 16112 64
368 16240 -64
320 16176 144
256 16208 320
352 16272 256
400 16272 160
432 16192 320
512 16208 240
512 16176 336
480 16256 288
496 16288 192
656 16256 112
560 16160 -16
528 16160 208
400 16192 48
384 16160 80
320 16160 0
368 16224 80
416 16160 -144
384 16256 0
352 16208 16
432 16224 -112
256 16256 -32
288 16176 -112
560 16224 -32
464 16176 -64
512 16224 32
512 16240 208
496 16176 208
576 16240 112
368 16192 144
368 16224 272
464 16256 240
560 16272 256
432 16208 208
384 16240 0
432 16208 48
336 16224 -192
544 16160 0
464 16304 96
368 16256 256
416 16208 144
464 16208 272
544 16256 192
560 16240 112
384 16240 -16
384 16336 -160
400 16288 -16
432 16208 32
448 16240 32
400 16176 48
480 16192 -32
432 16176 112
496 16240 176
400 16240 208
288 16176 240
384 16176 160
384 16256 112
384 16160 272
432 16128 176
400 16112 128
400 16144 112
336 16160 128
352 16192 48
416 16240 48
400 16224 304
464 16240 240
336 16192 48
336 16256 96
480 16224 80
480 16224 112
464 16192 -48
416 16208 128
384 16160 160
528 16240 304
384 16208 272
272 16160 -48
512 16144 -208
368 16272 -208
448 16192 -176
352 16304 -160
-240 16384 464
976 16784 0
-1024 16560 672
-416 16432 1024
-32 16144 416
352 16080 592
352 16160 1248
240 16304 416
1056 16272 -416
784 16208 112
160 16288 368
768 16224 -128
96 16208 80
128 16304 -640
256 16208 -1088
400 16336 -688
496 16336 -512
672 16224 -640
640 16224 48
416 16192 112
96 16208 544
192 16160 736
304 16272 640
480 16256 592
608 16176 496
592 16256 288
528 16224 -256
464 16224 0
176 16192 32
448 16176 -64
496 16176 -304
432 16176 -464
400 16272 -496
416 16208 -272
512 16224 144
256 16256 464
320 16224 656
432 16240 464
416 16240 368
512 16240 384
624 16224 160
640 16272 128
288 16240 -48
448 16144 176
640 16160 -128
592 16208 -272
560 16144 -240
464 16112 -160
464 16224 0
448 16176 -64
448 16240 80
288 16192 320
240 16192 480
336 16160 432
368 16224 384
448 16160 352
448 16128 224
400 16128 32
416 16208 144
368 16256 96
448 16256 -64
400 16224 -160
432 16240 -48
464 16240 -32
368 16240 -112
352 16288 -112
448 16240 48
432 16176 208
416 16240 96
240 16288 64
384 16208 208
576 16240 48
672 16192 -48
544 16160 -112
528 16160 -16
720 16176 -192
576 16224 -144
656 16256 64
496 16112 96
352 16160 208
240 16224 112
352 16224 208
432 16240 480
576 16208 208
608 16240 224
368 16192 176
480 16240 272
480 16272 112
464 16272 64
496 16224 -112
480 16240 64
528 16144 16
480 16208 32
