startup(x,y,z):(400,16288,128)
-3520 17744 1584
-1568 16080 1088
-1232 15840 928
-400 15312 848
864 15808 1296
864 16160 2112
864 15952 848
784 16352 768
320 16160 128
544 16080 -1168
992 16176 -1360
176 16352 -1168
112 16288 -992
192 16336 -992
144 16192 -672
304 16176 -720
512 16192 -992
704 16208 -800
656 16288 16
544 16256 288
416 16208 832
320 16224 1152
288 16208 1120
272 16144 784
512 16144 592
608 16208 240
544 16240 192
592 16256 144
560 16240 -208
464 16256 -320
368 16192 -432
320 16176 -176
304 16144 -128
352 16192 -64
352 16208 224
384 16208 160
432 16176 160
592 16160 208
560 16064 208
464 16128 224
432 16128 416
496 16192 112
400 16256 112
416 16224 -32
704 16176 -448
752 16208 -416
608 16080 -432
528 16128 -480
496 16144 -304
448 16192 -240
480 16192 96
432 16144 288
480 16192 368
480 16192 480
480 16160 544
528 16176 544
560 16208 176
560 16160 96
496 16192 80
368 16320 -48
464 16224 -48
704 16272 -192
608 16192 -480
576 16208 -480
368 16224 -272
352 16272 -224
432 16224 -96
512 16224 208
336 16176 304
336 16176 416
448 16208 240
336 16272 208
448 16160 288
576 16192 80
352 16192 80
400 16192 -112
576 16160 -224
656 16192 64
576 16208 64
480 16208 -112
416 16208 16
480 16160 176
304 16224 176
448 16272 176
224 16256 192
288 16240 176
352 16208 144
368 16192 80
560 16176 224
512 16208 160
448 16256 400
400 16256 80
448 16208 160
528 16208 144
448 16176 0
432 16192 -80
464 16208 -192
464 16192 -144
400 16256 144
416 16288 0
368 16240 96
400 16240 48
288 16272 352
336 16096 192
496 16144 112
464 16208 352
432 16160 0
432 16208 64
416 16176 112
352 16160 176
416 16208 16
368 16272 336
464 16192 480
496 16192 -80
400 16176 -112
448 16256 32
416 16272 16
528 16208 192
352 16208 96
416 16256 112
368 16256 144
448 16256 112
528 16240 48
464 16224 96
400 16192 112
416 16176 144
480 16208 -16
432 16208 0
400 16208 176
368 16192 160
416 16176 64
432 16112 0
400 16160 0
448 16112 192
464 16144 112
464 16224 176
400 16224 240
368 16208 384
368 16224 272
464 16192 192
512 16240 256
432 16272 64
400 16304 32
416 16240 32
352 16240 0
400 16256 -160
560 16224 -80
496 16272 256
624 16192 112
624 16080 -48
528 16240 -32
464 16224 48
384 16208 160
512 16176 48
496 16272 0
464 16224 48
448 16208 128
480 16256 48
544 16208 144
512 16240 96
432 16240 0
432 16128 112
448 16176 16
432 16192 80
432 16160 96
528 16176 416
320 16176 320
144 16192 192
304 16192 176
368 16208 160
384 16224 208
608 16192 64
336 16160 112
384 16192 224
400 16176 320
480 16176 176
400 16192 16
496 16160 48
464 16224 16
400 16224 112
416 16192 16
448 16240 -32
464 16128 -112
496 16176 32
464 16224 48
416 16304 64
384 16256 32
416 16224 16
352 16176 96
448 16208 144
384 16208 -32
400 16192 -48
432 16208 -16
528 16192 16
480 16176 208
416 16304 16
464 16224 32
480 16288 192
560 16256 128
496 16224 32
624 16160 128
576 16128 -16
528 16192 32
496 16224 112
480 16192 32
496 16208 64
512 16176 112
544 16128 144
400 16128 112
416 16240 144
512 16224 -16
352 16192 16
432 16240 32
576 16240 96
496 16272 96
432 16224 128
448 16320 80
448 16208 144
384 16208 208
336 16192 -224
320 16192 96
384 16128 160
352 16160 320
384 16144 176
512 16144 144
480 16176 16
448 16160 208
592 16176 240
496 16224 160
528 16208 112
496 16144 -80
464 16240 -32
432 16288 96
496 16208 192
352 16208 144
496 16240 112
432 16272 144
512 16272 128
496 16240 -64
384 16272 16
400 16288 0
432 16224 -144
400 16208 48
432 16192 160
400 16256 0
320 16224 224
368 16240 144
400 16176 240
448 16256 208
336 16304 32
624 16208 48
464 16144 48
448 16352 96
400 16240 48
480 16160 -16
368 16208 -32
