startup(x,y,z):(464,16160,-16)
-5328 16400 3696
-3568 16368 5584
-1872 16480 3440
-1024 16000 3280
256 16448 496
3504 16480 -208
5056 16496 880
4464 16160 2384
1264 16048 2192
1360 16192 704
-1952 16112 816
-2656 16112 -2112
-800 16272 -3696
816 16304 -3216
384 16368 -2880
304 16272 -2272
848 16288 -1552
1056 16288 -1392
720 16272 -544
-256 16288 -48
432 15776 368
272 16448 1472
944 16064 1568
1184 16320 1024
208 16192 992
144 16144 1216
320 16192 1216
464 16208 -512
480 16304 -640
16 16288 -112
-592 16256 -16
-80 16352 -64
96 15104 -528
432 16432 -1200
864 17504 -1056
704 15952 272
256 16304 400
752 16224 272
784 16144 224
736 16064 672
384 16128 720
352 16224 608
656 16224 432
608 16192 -288
528 16176 -208
368 16224 -240
480 16112 -400
496 16256 -336
496 16240 -512
528 16192 -512
512 16240 -272
464 16256 -336
368 16352 112
304 16256 432
448 16160 720
304 16176 512
288 16160 512
336 16192 720
336 16224 192
448 16256 32
432 16256 -208
544 16288 -128
448 16256 -176
432 16192 -144
480 16208 -224
432 16240 -208
608 16192 -176
464 16160 -336
496 16224 -128
224 16240 -80
368 16288 80
480 16208 192
496 16288 528
480 16240 544
448 16272 512
336 16240 400
464 16224 272
464 16192 176
448 16176 64
464 16192 -128
416 16224 -160
448 16208 -112
480 16256 -192
448 16224 0
624 16256 -48
464 16224 224
416 16144 160
416 16272 176
384 16256 432
320 16224 336
320 16208 368
480 16224 80
336 16208 208
336 16288 144
512 16256 16
464 16192 112
400 16176 80
384 16144 -16
352 16096 -176
304 16112 -112
320 16160 -48
336 16176 0
352 16224 -128
400 16208 -64
656 16176 -16
448 16272 -128
432 16256 16
384 16208 160
448 16224 0
448 16224 144
384 16240 80
416 16240 -16
480 16208 -96
368 16224 -160
400 16240 -224
432 16272 144
448 16176 128
336 16192 -48
368 16176 -64
432 16256 112
432 16176 256
384 16192 256
416 16176 208
352 16144 112
336 16224 112
368 16208 80
432 16176 96
432 16240 160
448 16208 272
352 16192 208
480 16304 64
416 16368 -176
448 16208 -48
480 16208 64
288 16272 112
288 16256 112
432 16256 144
416 16224 112
432 16192 160
368 16192 32
448 16160 -64
416 16160 -144
336 16128 160
368 16176 32
416 16144 16
352 16192 -16
560 16144 16
560 16144 32
496 16224 -16
448 16256 16
448 16256 112
464 16208 128
528 16208 128
496 16208 176
640 16256 224
544 16240 192
480 16240 288
464 16224 192
384 16192 128
384 16208 432
256 16224 384
432 16160 160
448 16192 64
400 16160 112
144 16176 144
304 16224 224
384 16144 64
384 16208 48
400 16256 96
288 16224 16
240 16224 96
352 16192 80
304 16240 256
352 16224 192
480 16144 128
464 16176 0
592 16176 64
432 16160 -48
432 16144 0
400 16192 320
432 16208 32
480 16176 -16
368 16176 -16
496 16192 0
544 16240 128
448 16208 192
496 16160 192
384 16160 144
576 16176 160
512 16192 80
544 16256 32
464 16256 32
400 16128 -48
416 16304 208
464 16304 0
464 16240 192
464 16224 128
496 16240 256
448 16272 144
656 16512 -1408
-736 16112 1248
224 16320 320
1344 16352 480
272 16400 624
16 16304 128
880 16288 -240
608 16208 -928
448 16320 -992
96 16256 80
-160 16288 560
144 16288 560
320 16240 64
320 16256 64
576 16256 -112
672 16096 16
592 16096 16
240 16112 896
304 16112 928
352 16144 608
256 16208 192
288 16256 -256
368 16208 -256
400 16240 -176
432 16208 -240
256 16160 -240
208 16192 -80
464 16112 96
448 16224 16
496 16224 96
512 16208 160
464 16176 288
496 16256 336
432 16272 192
432 16192 368
384 16144 288
368 16144 272
544 16256 -80
656 16272 -288
608 16272 -352
544 16272 -320
448 16208 -256
384 16224 272
400 16240 256
448 16256 112
560 16224 192
720 16208 96
672 16240 -224
480 16208 128
448 16128 336
272 16208 464
432 16176 336
544 16208 96
592 16208 -80
416 16224 -192
448 16224 -144
352 16192 -48
