startup(x,y,z):(544,16224,-32)
992 16688 -352
-4448 18880 3952
-2800 16064 1280
-2032 16352 1056
-1584 15952 1792
-1696 15744 1648
-592 15936 1568
896 15920 992
1104 16112 720
1152 16352 272
1344 16336 -512
1056 16240 -1312
448 16176 -1296
160 16288 -1136
-32 16368 -528
-64 16272 -864
128 16208 -880
352 16224 -864
656 16192 -928
880 16176 -96
688 16304 -16
640 16208 592
336 16272 784
368 16240 1088
352 16192 992
272 16176 528
272 16208 192
720 16272 -48
656 16336 -400
656 16336 -512
512 16240 -656
400 16208 -720
256 16256 -720
272 16272 -336
320 16256 -80
368 16304 112
448 16272 480
544 16240 400
512 16144 416
496 16192 336
544 16224 368
384 16288 704
272 16176 448
304 16160 288
352 16192 160
384 16208 -336
528 16256 -368
464 16224 -688
432 16272 -544
576 16208 -480
560 16176 -432
480 16160 -144
368 16128 224
480 16160 240
304 16192 560
368 16192 704
464 16160 400
368 16208 224
352 16192 112
368 16224 208
368 16272 96
416 16288 16
496 16192 -160
496 16112 -240
464 16160 -176
416 16144 0
368 16160 16
384 16144 112
528 16144 368
464 16176 368
560 16160 128
416 16240 320
384 16320 256
400 16272 96
352 16256 48
496 16176 80
384 16160 -48
432 16192 -64
384 16256 -64
320 16288 96
288 16240 -144
288 16304 32
432 16272 48
464 16256 176
432 16304 128
560 16224 192
528 16064 208
464 16112 176
480 16176 192
592 16160 176
496 16144 160
176 16208 48
272 16256 32
368 16144 96
416 16144 -128
416 16144 128
288 16128 176
480 16160 32
416 16176 128
480 16240 144
432 16256 176
368 16208 0
560 16272 -112
576 16208 128
528 16224 -64
480 16224 32
384 16192 64
384 16192 240
480 16336 128
448 16384 160
512 16304 192
464 16272 -96
432 16224 -112
528 16192 32
416 16160 112
352 16208 -16
624 16256 -80
528 16224 -64
432 16272 128
304 16176 96
384 16208 192
304 16208 48
432 16192 208
432 16144 320
416 16144 320
384 16160 208
480 16128 32
608 16160 -224
544 16256 -80
416 16224 -48
400 16208 -80
352 16224 -176
320 16192 16
384 16224 112
448 16208 272
400 16176 256
384 16208 256
576 16224 320
736 16224 480
384 16192 160
528 16272 64
528 16208 -32
496 16224 -16
400 16256 -48
528 16176 0
448 16176 0
592 16176 32
448 16208 -240
352 16176 320
720 16112 -32
240 16304 160
608 16192 368
272 16224 256
144 16352 192
448 16080 64
592 16528 64
288 16304 -2304
-320 16240 1024
592 16080 272
800 16032 560
224 16112 896
624 16224 672
832 16080 -64
1008 15984 304
320 16128 752
272 16176 528
448 16160 144
304 16224 -368
400 16176 -992
496 16224 -800
464 16224 -544
464 16224 -384
496 16224 144
304 16192 528
224 16224 816
480 16288 656
640 16256 544
592 16224 288
528 16224 320
400 16176 672
400 16144 416
192 16176 80
288 16224 -176
192 16176 -368
304 16192 -464
400 16208 -768
496 16208 -400
448 16128 160
272 16128 528
272 16176 848
368 16208 720
464 16224 288
432 16224 -16
464 16192 288
480 16160 400
368 16224 288
336 16224 272
368 16240 128
432 16256 -160
496 16144 -304
528 16192 -240
432 16160 -16
416 16160 112
352 16128 240
320 16112 512
288 16192 256
512 16272 160
320 16240 272
352 16208 352
368 16208 0
400 16256 0
384 16240 -48
528 16240 -288
512 16256 -240
496 16240 -272
560 16272 -672
464 16208 -256
464 16240 -16
448 16240 0
448 16240 32
496 16224 -48
208 16240 112
336 16192 288
160 16176 304
256 16224 80
272 16256 160
336 16240 48
304 16256 0
320 16224 -80
368 16144 0
368 16208 -80
512 16176 -48
432 16208 96
432 16240 48
464 16240 256
384 16144 320
400 16224 336
416 16192 240
464 16272 176
544 16256 -96
448 16208 -80
448 16240 368
400 16176 80
480 16208 64
432 16160 64
176 16208 144
368 16176 -64
432 16192 224
432 16192 160
400 16272 112
352 16272 192
384 16208 144
384 16256 64
416 16208 64
352 16192 48
352 16192 48
