startup(x,y,z):(480,16144,48)
1488 15728 -1248
-432 16224 -432
1264 16288 -2608
-576 16096 -1152
-576 16096 -2032
-880 16640 -256
-992 16336 -640
-192 16272 448
752 16192 944
496 16096 1600
752 16224 1792
352 16144 1200
1840 16496 912
1072 16272 1152
640 16384 336
448 16272 1008
128 16224 -496
-32 16224 -496
-368 16112 -1104
224 16176 -1072
576 16256 -1136
720 16224 -1168
464 16144 -880
752 16176 96
720 16176 448
336 16256 656
368 16176 576
240 16144 912
208 16192 832
400 16208 736
304 16176 0
416 16208 -320
336 16224 -160
432 16240 -384
368 16208 -368
416 16224 -320
320 16176 -112
496 16208 -48
416 16096 -240
352 16176 112
368 16208 112
496 16160 464
560 16128 384
416 16160 672
464 16176 528
464 16176 416
496 16192 256
464 16192 -112
448 16144 -240
448 16224 -336
256 16208 -320
288 16304 -304
352 16208 -432
384 16208 -352
480 16208 -272
640 16288 32
608 16192 224
480 16224 336
400 16208 400
464 16160 336
544 16176 432
416 16208 384
384 16240 352
416 16224 160
416 16240 160
432 16256 -112
432 16176 3936
-640 15984 3392
2464 16160 -2320
5120 15584 -5344
1440 15632 -2080
272 15968 880
-432 15856 -1392
224 16048 -1728
112 16208 -704
624 16208 -1728
1328 16416 -1328
-416 16192 -208
-352 16144 -624
448 15984 944
512 16080 1376
624 16176 1424
336 16112 1504
384 16208 1040
1136 16320 480
1072 16000 240
1216 16320 352
-112 16240 400
160 16224 64
48 16176 -416
160 16208 -800
544 16256 -1008
656 16208 -944
672 16256 -800
464 16224 -128
416 16352 80
496 16320 256
496 16272 528
368 16272 608
272 16272 688
320 16128 672
384 16096 560
496 16096 656
496 16176 400
464 16192 -128
336 16192 -416
656 16224 -400
528 16192 -208
480 16256 -480
496 16224 -336
480 16224 -288
464 16176 -176
416 16128 -128
432 16144 256
416 16192 480
560 16192 544
368 16288 416
384 16240 384
448 16208 432
480 16144 112
464 16160 64
480 16160 -224
448 16128 -272
368 16144 -416
336 16208 -608
352 16144 -400
480 16192 -240
480 16272 96
384 16224 336
240 16160 352
384 16160 272
320 16176 336
352 16240 352
384 16208 464
400 16304 272
512 16240 256
288 16208 272
448 16240 -176
432 16208 -160
448 16224 -640
480 16272 -400
544 16192 -320
448 16144 -144
416 16224 -176
320 16208 -160
320 16128 -64
464 16128 176
464 16160 224
384 16208 336
384 16192 400
416 16128 352
144 16176 656
-1408 16352 3584
352 15568 528
1776 15936 48
-176 16704 -1744
1488 16576 -272
1744 16224 -1568
224 16256 -1184
208 16352 -464
-416 16320 320
672 16176 1008
256 16144 1664
688 16032 1392
320 16064 1568
256 16240 736
864 16192 32
864 16256 112
640 16304 336
208 16256 448
-16 16128 0
256 16144 -896
608 16240 -1200
576 16176 -992
544 16176 -800
528 16224 -560
432 16192 -160
416 16160 368
480 16160 608
544 16160 672
368 16176 512
368 16176 400
384 16176 496
400 16336 240
544 16272 176
544 16304 -352
368 16256 -192
320 16256 -240
400 16224 -240
272 16192 -128
432 16176 -128
512 16112 -112
368 16208 304
368 16224 400
464 16304 512
432 16240 608
240 16240 720
352 16176 608
256 16272 192
368 16224 176
432 16256 -64
432 16256 -48
352 16224 -80
352 16256 -304
320 16256 -320
400 16272 -96
432 16256 -112
448 16192 -32
432 16208 208
432 16192 192
320 16224 320
320 16256 176
416 16240 224
416 16224 512
384 16176 576
368 16208 96
320 16240 80
464 16256 128
560 16256 -48
464 16256 -128
496 16256 -144
400 16288 -160
336 16256 -176
400 16256 -64
480 16224 -96
480 16192 -240
416 16272 -192
416 16272 -16
384 16256 128
352 16256 320
400 16176 384
368 16224 368
384 16208 432
432 16160 272
400 16208 128
336 16256 0
416 16256 -288
400 16288 -208
384 16256 -208
448 16240 -352
400 16256 -256
336 16224 112
512 16288 112
416 16272 80
352 16208 16
400 16224 256
368 16240 144
528 16208 288
464 16208 384
544 16240 288
448 16336 304
336 16224 208
480 16192 128
528 16240 -32
496 16192 -64
464 16192 96
