startup(x,y,z):(368,16208,-96)
-2736 16096 1248
432 16112 2448
-512 16080 2368
400 16096 1472
144 16224 752
1056 15808 784
1072 16096 1264
80 16160 1040
384 16256 736
400 16176 352
-256 16224 -224
-16 16256 -1024
352 16176 -1648
400 16224 -1664
544 16304 -1200
528 16304 -1248
480 16272 -1040
480 16192 -592
368 16176 240
608 16160 368
448 16208 432
304 16224 800
320 16192 912
416 16144 816
336 16176 800
320 16176 704
384 16208 464
384 16272 384
368 16160 496
288 16144 288
272 16224 16
464 16208 -176
400 16112 -272
480 16256 -352
528 16256 -528
560 16256 -320
576 16224 -256
496 16224 -224
448 16176 80
256 16192 96
544 16160 -16
608 16096 0
544 16112 288
512 16144 400
336 16192 512
320 16192 544
400 16224 464
400 16176 336
400 16128 240
384 16144 304
352 16160 240
352 16240 176
400 16208 112
384 16208 -48
432 16240 0
416 16176 64
384 16224 -320
368 16176 -176
432 16192 16
480 16208 192
560 16176 -48
400 16192 0
-1040 16544 1248
2544 15808 -1200
2448 16000 -64
848 16752 -160
640 16512 304
624 16256 -32
432 16240 240
256 16208 352
384 16256 128
512 16320 0
448 16368 -64
752 16272 -160
592 16256 -64
560 16192 336
416 16224 144
416 16208 16
656 16192 -176
576 16176 -176
400 16112 -176
336 16288 160
512 16224 0
432 16208 -256
528 16240 -224
432 16144 -384
416 16320 -192
480 16240 -96
432 16192 224
448 16176 272
448 16208 224
512 16224 208
448 16240 144
432 16176 48
560 16304 -144
400 16272 80
480 16176 -16
576 16128 224
576 16224 112
592 16192 80
512 16160 160
480 16288 16
496 16208 48
448 16240 80
640 16224 -64
528 16096 0
512 16112 0
464 16160 64
464 16240 48
560 16320 224
416 16304 592
400 16272 272
432 16208 0
336 16192 -32
352 16192 -32
480 16176 224
224 16208 128
352 16192 112
400 16256 176
368 16208 128
464 16240 192
432 16272 96
528 16288 256
560 16240 240
448 16224 144
432 16128 48
480 16208 16
464 16192 80
416 16272 144
480 16272 0
352 16192 64
416 16176 112
384 16272 64
224 16256 96
304 16256 144
448 16224 -112
432 16240 -48
368 16224 -48
432 16272 -128
496 16192 32
320 16192 16
288 16160 96
400 16128 48
432 16160 -144
352 16160 64
224 16112 16
384 16224 32
464 16288 -16
464 16208 -16
336 16240 336
480 16240 48
448 16224 32
496 16208 -112
608 16176 -16
704 16112 128
576 16176 0
464 16224 -112
320 16256 64
528 16208 0
496 16176 48
464 16176 144
480 16272 128
400 16224 48
528 16240 -176
416 16272 192
448 16176 240
448 16192 144
464 16256 80
480 16272 48
320 16288 -192
272 16224 208
416 16192 304
416 16192 192
416 16224 128
352 16256 208
496 16240 48
576 16272 -16
544 16160 -272
544 16144 -80
512 16128 128
464 16208 -96
448 16192 -96
384 16176 32
384 16160 128
640 16240 64
528 16256 128
448 16336 304
416 16240 256
352 16224 256
272 16240 432
400 16240 224
528 16304 144
480 16240 160
448 16128 128
416 16192 64
480 16144 128
384 16208 48
368 16224 112
352 16288 176
432 16208 112
400 16208 304
384 16240 96
544 16256 16
464 16176 32
400 16272 96
496 16272 80
464 16208 112
352 16208 112
320 16160 64
336 16144 272
320 16144 224
448 16144 192
416 16144 -64
432 16128 -48
320 16224 144
384 16176 96
432 16208 144
384 16160 32
560 16144 64
464 16224 112
320 16256 144
352 16240 112
384 16256 80
448 16256 -80
480 16352 -32
336 16272 192
384 16256 288
240 16224 240
384 16208 96
448 16192 32
448 16192 48
480 16064 -144
432 16176 -16
400 16256 -112
400 16240 -288
320 16176 -144
464 16192 -48
336 16208 -64
416 16240 0
400 16144 -64
400 16176 0
448 16224 80
336 16144 160
416 16208 112
464 16176 32
464 16240 160
560 16256 240
560 16240 192
352 16288 48
320 16208 64
272 16240 -176
384 16224 16
384 16224 48
400 16208 400
320 16208 240
384 16224 176
