startup(x,y,z):(400,16240,352)
-1776 14832 3504
-864 16512 1680
-3584 16272 -304
-784 17312 -3424
1728 16112 -1728
160 17568 -2784
3120 14704 -15136
3904 17392 -6544
-5296 16208 3232
-9360 16560 7200
-4512 16368 6464
-2016 17200 6608
-2256 15840 4384
-2048 16416 464
3536 16704 -1280
6032 16928 -464
-1840 16464 7568
-1008 16128 3968
3520 15952 1264
3648 16832 -272
-288 16448 -624
160 16208 -3072
16 16416 -3104
-2752 16416 -1952
-1696 16304 -864
368 16480 -2160
-176 16272 -2016
48 16240 -1824
960 16224 -1744
688 16096 -1696
928 16144 -1216
1008 16192 -176
1136 16128 1888
928 16128 2128
352 16144 2256
224 16144 2064
112 16160 1664
192 16112 1024
528 16000 944
736 16016 816
816 16128 -64
544 16272 -528
432 16256 -464
448 16224 -688
304 16256 -640
432 16240 -560
512 16240 -432
416 16272 -464
672 16224 -640
560 16112 -368
576 16224 -96
432 16240 272
336 16256 592
240 16240 720
416 16256 816
400 16128 592
544 16160 448
384 16128 592
496 16192 576
640 16208 48
512 16096 -80
368 16256 -144
96 16240 -192
128 16288 -256
288 16224 -96
256 16192 -160
304 16208 16
400 16224 64
640 16176 176
528 16240 128
512 16240 32
432 16256 64
352 16256 128
320 16320 -224
320 16288 -112
368 16256 -288
656 16192 -288
560 16256 -256
464 16208 -144
512 16160 0
480 16208 368
464 16208 528
304 16144 304
320 16192 256
272 16256 224
400 16208 272
320 16192 368
448 16208 304
416 16208 240
416 16240 -16
384 16192 144
352 16192 176
368 16208 192
384 16256 -16
448 16272 -32
448 16208 -16
512 16224 -16
512 16112 0
368 16128 48
384 16192 128
416 16176 224
352 16224 144
416 16176 240
432 16224 144
416 16256 128
608 16192 0
416 16176 -32
352 16224 -16
320 16208 0
304 16192 -16
368 16224 -112
400 16160 -96
432 16160 -112
416 16240 96
464 16272 -64
384 16192 112
224 16144 176
352 16160 144
352 16160 48
432 16160 32
432 16192 32
384 16192 32
432 16224 432
288 16160 368
304 16160 176
352 16224 128
368 16256 -64
448 16208 -144
368 16224 -48
464 16272 16
464 16192 -32
368 16240 16
368 16224 272
432 16224 208
336 16224 16
368 16192 64
448 16208 48
400 16224 112
368 16224 112
432 16208 112
432 16224 0
416 16224 -128
416 16304 -48
464 16368 96
480 16288 144
544 16272 112
544 16224 0
544 16176 80
480 16208 32
464 16192 272
400 16192 240
416 16208 176
384 16192 48
400 16160 80
560 16208 -368
592 16256 -192
432 16144 80
432 16208 96
480 16224 192
480 16240 80
368 16256 288
336 16240 -192
384 16288 -128
368 16272 160
416 16240 192
416 16304 112
320 16240 32
512 16304 64
432 16256 -208
384 16112 -32
400 16128 48
448 16128 96
448 16160 -176
320 16192 -272
384 16192 -240
448 16208 -224
512 16224 48
432 16208 80
400 16192 48
368 16192 96
224 16224 192
304 16256 64
320 16224 0
432 16240 144
464 16240 208
448 16176 48
480 16176 112
480 16160 336
560 16272 256
336 16288 -96
416 16288 -160
384 16240 -32
384 16256 48
464 16224 -112
416 16304 -32
384 16256 -208
416 16208 -144
448 16240 -192
336 16208 176
400 16128 128
384 16176 80
368 16192 32
448 16128 32
464 16160 320
512 16208 272
400 16208 32
496 16224 16
528 16160 128
496 16160 256
592 16144 256
496 16160 176
416 16192 64
400 16144 128
400 16224 224
464 16256 144
368 16224 272
624 16160 256
592 16112 128
544 16144 112
464 16224 64
384 16176 32
560 16176 48
416 16144 32
512 16160 32
448 16224 -64
368 16208 416
288 16144 160
432 16208 208
352 16336 128
304 16336 96
304 16256 16
384 16192 64
400 16208 144
400 16208 -160
432 16256 -32
464 16240 48
512 16160 240
624 16144 112
528 16208 80
480 16224 64
496 16176 128
432 16160 48
336 16176 192
256 16240 96
176 16224 64
320 16176 160
400 16224 96
448 16096 112
448 16224 272
336 16224 208
352 16144 176
384 16240 192
304 16224 128
224 16272 192
336 16224 80
352 16176 -80
