startup(x,y,z):(400,16256,80)
768 16240 512
1056 16144 -144
16 16176 368
160 16288 736
464 16256 -160
336 16288 -896
496 16224 -880
480 16208 -560
544 16192 -720
512 16224 -224
368 16192 304
112 16176 400
432 16192 816
832 16160 512
384 16192 336
352 16160 368
416 16128 496
496 16176 256
480 16176 -304
576 16112 -352
288 16160 -432
320 16160 -288
432 16176 -144
448 16336 64
400 16288 432
368 16240 560
368 16224 352
592 16192 176
368 16272 272
432 16240 416
496 16320 320
512 16288 240
528 16224 368
336 16176 256
416 16256 -80
336 16272 -272
448 16192 -480
336 16224 -400
368 16256 -224
432 16224 64
432 16240 368
464 16176 400
544 16240 432
512 16208 320
496 16240 240
480 16208 128
400 16208 0
464 16192 112
464 16208 -32
416 16224 -256
352 16192 112
368 16160 -64
432 16160 -64
720 16224 -48
528 16256 176
496 16240 112
560 16208 96
512 16208 160
384 16256 64
416 16256 176
560 16304 208
608 16272 0
528 16192 -48
560 16208 -96
512 16128 -32
464 16144 -48
496 16256 0
592 16224 0
448 16240 144
400 16272 -80
464 16304 64
432 16320 80
400 16192 160
320 16192 352
416 16176 400
368 16192 240
416 16208 -32
400 16256 -16
496 16208 -64
336 16320 224
400 16320 192
464 16304 240
608 16288 192
496 16240 224
416 16288 320
448 16224 224
560 16208 208
368 16224 48
448 16208 -16
288 16176 112
384 16080 -48
400 16128 -32
448 16224 224
448 16224 -96
464 16176 -400
352 16192 -416
352 16160 -224
352 16208 -16
384 16176 32
400 16176 144
512 16176 144
480 16208 16
448 16128 128
368 16208 112
368 16208 144
416 16192 48
352 16224 -112
368 16272 -48
384 16256 -48
320 16240 112
320 16192 48
352 16160 128
416 16144 160
416 16160 208
480 16240 192
432 16208 48
512 16224 48
352 16192 144
528 16160 -96
544 16192 160
496 16224 64
448 16176 96
432 16144 32
480 16176 -176
544 16224 -144
416 16192 160
288 16192 80
336 16208 112
384 16240 -176
416 16256 -176
512 16192 -48
464 16080 112
432 16128 64
480 16144 -32
272 16208 64
464 16256 80
432 16224 128
448 16240 144
496 16240 16
544 16224 176
336 16160 112
368 16144 288
480 16192 272
448 16080 176
448 16112 176
416 16176 160
416 16224 96
512 16208 0
400 16240 -80
608 16256 -176
544 16224 -384
512 16224 -208
528 16272 -64
512 16208 80
448 16256 80
416 16240 208
352 16224 272
480 16256 256
528 16208 192
464 16224 32
384 16192 0
432 16192 80
400 16208 48
352 16240 64
544 16208 96
528 16208 -128
464 16224 0
512 16208 160
400 16208 144
480 16208 128
480 16208 96
496 16240 -64
528 16224 -112
496 16192 -112
544 16176 -48
464 16192 -64
528 16192 32
320 16208 -32
448 16192 160
384 16208 96
416 16208 208
496 16176 320
560 16176 240
512 16256 304
480 16224 224
480 16160 128
464 16208 -80
496 16240 -48
448 16224 80
512 16208 0
544 16240 128
496 16160 -112
384 16192 0
400 16208 192
480 16224 192
528 16080 144
512 16160 128
480 16160 160
544 16176 48
384 16176 0
464 16192 96
512 16192 128
400 16176 96
336 16288 32
336 16256 96
384 16192 64
416 16208 48
368 16256 304
384 16176 320
416 16176 80
496 16208 80
432 16224 240
416 16128 128
368 16208 128
400 16256 -80
560 16240 -64
512 16256 48
512 16208 -48
480 16160 144
448 16224 144
448 16192 96
496 16208 320
480 16224 272
480 16192 128
480 16176 208
576 16240 -32
528 16256 -64
480 16160 0
304 16224 16
544 16240 96
400 16192 160
400 16208 96
448 16192 384
640 16240 160
512 16176 144
416 16224 224
400 16272 144
448 16272 144
320 16208 160
448 16224 -16
432 16208 144
448 16192 16
416 16192 144
368 16224 48
400 16208 0
400 16240 208
336 16240 -16
432 16176 112
496 16224 272
528 16272 144
672 16320 48
560 16336 16
496 16224 208
496 16192 224
432 16272 192
448 16240 48
