startup(x,y,z):(352,16272,-16)
320 14768 -160
368 15136 224
-416 15136 -384
2224 17232 -2400
5792 15952 -9328
2304 16912 -5824
-2192 16368 4768
-5760 16240 3680
-1216 16304 4736
-3424 15744 4848
-2016 15760 2416
-576 15808 1200
2416 15744 16
4272 16032 2192
944 14528 4304
3152 16688 976
4240 16320 -208
2096 16368 -592
1728 16624 -2752
208 16624 -3024
416 16352 -3056
-1792 16240 -1824
-288 16304 -1088
-144 16320 -1824
-256 16128 -1696
32 16144 -2080
528 16224 -1504
720 16128 -960
736 16240 224
880 16176 496
1008 16176 1456
672 16208 1968
368 16192 1856
-32 16128 1888
80 16160 1408
256 16208 768
544 16176 512
768 16272 -96
640 16256 -384
352 16208 -880
384 16176 -736
336 16192 -720
304 16176 -656
432 16208 -576
464 16256 -704
528 16352 -176
576 16160 -176
400 16176 -80
336 16256 64
304 16224 464
256 16272 704
304 16224 704
304 16176 688
304 16240 656
464 16208 96
544 16240 128
480 16240 -32
528 16192 -160
416 16160 -128
352 16192 -192
336 16192 -80
352 16192 0
352 16192 144
400 16176 0
496 16224 96
592 16240 -224
656 16224 96
608 16128 -80
656 16096 96
752 16176 64
512 16176 32
464 16160 -48
416 16192 -96
464 16208 -208
496 16160 -224
560 16208 -240
528 16224 -112
512 16224 -32
528 16160 96
496 16224 112
464 16208 192
496 16224 160
656 16096 224
512 16128 112
464 16160 0
480 16096 -48
480 16160 176
544 16256 -48
384 16208 -112
352 16256 -16
416 16256 64
432 16320 -112
480 16240 -208
432 16112 288
112 16192 96
256 16176 64
400 16176 128
432 16240 272
480 16224 256
368 16176 288
528 16176 192
464 16208 48
400 16176 192
432 16240 48
400 16288 64
496 16192 176
480 16160 80
464 16192 -64
576 16224 -256
496 16272 -80
480 16240 128
336 16320 -192
480 16256 -192
608 16208 0
528 16208 96
720 16176 64
624 16192 208
512 16128 192
560 16176 144
480 16160 -32
464 16176 16
480 16176 16
448 16224 0
400 16208 48
336 16224 -80
320 16240 -144
432 16224 -16
560 16240 176
432 16224 160
496 16208 -16
416 16144 288
512 16176 128
480 16192 64
416 16208 -64
176 16208 48
384 16272 -48
304 16240 64
400 16224 16
464 16208 32
448 16160 -48
480 16128 0
480 16192 -96
528 16160 -64
576 16160 80
448 16224 96
352 16224 80
400 16112 80
368 16256 -80
400 16288 -176
432 16272 -96
400 16288 16
464 16192 48
560 16144 48
384 16208 144
608 16272 112
464 16208 240
432 16112 352
416 16160 256
416 16192 -80
416 16176 -16
464 16208 112
416 16224 240
432 16256 -16
320 16208 48
192 16208 16
320 16208 48
368 16224 -80
528 16192 -80
304 16224 -160
352 16240 -128
496 16128 112
416 16224 208
448 16240 112
480 16240 -16
464 16176 32
528 16240 96
528 16240 -224
368 16256 -48
256 16256 32
416 16224 48
608 16272 32
624 16208 288
624 16096 224
528 16176 224
560 16208 144
592 16176 160
480 16240 96
432 16192 160
464 16240 224
480 16208 160
336 16208 208
480 16224 80
432 16208 128
176 16224 128
304 16240 32
384 16208 64
384 16224 112
400 16224 16
464 16208 -64
528 16256 -176
384 16240 176
352 16304 16
384 16240 144
416 16192 176
416 16224 176
448 16224 -32
640 16224 -16
528 16240 64
432 16288 32
416 16256 144
416 16256 416
512 16256 0
560 16240 0
352 16256 112
448 16208 64
544 16192 96
496 16224 240
480 16240 160
464 16256 -64
432 16144 272
432 16192 112
432 16256 -32
416 16256 224
464 16176 144
480 16208 32
384 16288 -48
400 16240 0
400 16224 80
432 16320 -32
384 16288 -112
368 16224 0
416 16240 224
384 16224 112
432 16144 32
416 16240 64
368 16192 64
448 16208 32
448 16304 0
320 16304 -48
368 16272 160
432 16256 48
432 16208 96
432 16208 -32
368 16240 16
448 16224 32
480 16208 -208
464 16208 0
432 16240 64
432 16208 64
432 16176 -112
528 16224 -304
592 16224 -240
544 16224 -400
624 16160 -192
448 16192 96
480 16144 16
