startup(x,y,z):(320,16224,-16)
2944 16560 -112
32 16240 560
800 16240 704
512 16176 912
368 16336 1408
672 16400 1088
1488 16256 -528
2048 16096 -832
288 16112 656
-400 16192 576
-64 16160 -336
512 16192 -560
480 16096 -992
480 16112 -1232
208 16256 -720
432 16208 -496
656 16144 -448
624 16176 544
304 16176 928
400 16192 1200
480 16176 752
752 16208 416
416 16176 496
304 16240 608
256 16192 624
352 16208 512
400 16240 -192
464 16208 -736
464 16176 -720
368 16176 -528
448 16160 -592
384 16160 -320
448 16192 288
448 16096 320
576 16192 336
560 16288 176
624 16288 272
592 16224 304
480 16144 256
400 16176 224
336 16256 304
352 16256 16
416 16240 -16
368 16208 -48
400 16224 -256
384 16192 -368
336 16176 208
448 16144 320
368 16256 416
336 16224 464
272 16224 464
368 16224 368
480 16224 512
464 16208 112
432 16224 -48
416 16144 -48
528 16256 16
256 16224 -160
416 16176 -384
576 16176 -160
400 16176 -160
416 16208 32
368 16240 352
432 16272 336
576 16224 384
496 16192 480
544 16208 208
464 16224 256
496 16304 160
512 16272 16
464 16240 -32
336 16288 -128
400 16224 -256
432 16288 -192
448 16240 96
336 16208 80
432 16176 192
320 16128 368
416 16176 304
416 16208 176
448 16240 144
416 16160 80
416 16240 96
304 16320 -96
384 16272 -128
416 16304 -32
432 16272 -48
432 16272 -32
448 16208 -48
416 16192 144
544 16224 224
432 16224 160
448 16256 240
448 16208 -96
432 16256 -304
272 16304 -192
368 16272 -96
336 16240 -48
384 16192 0
320 16192 0
464 16192 176
384 16208 -16
240 16304 -16
336 16288 0
544 16304 144
496 16288 208
464 16256 80
368 16240 80
240 16192 224
416 16208 128
400 16304 112
576 16224 128
464 16240 80
464 16272 -144
544 16272 -96
544 16256 -304
512 16240 -128
528 16160 -32
496 16112 80
400 16176 160
384 16208 160
320 16096 80
368 16064 112
400 16112 112
448 16208 112
400 16256 144
224 16192 96
400 16176 64
512 16176 16
512 16128 64
432 16176 0
384 16208 16
512 16176 -16
384 16224 -80
512 16224 16
400 16192 16
448 16240 64
448 16224 48
432 16144 192
496 16192 -48
512 16208 -256
432 16208 -192
352 16272 -48
272 16256 128
272 16256 80
352 16160 48
400 16208 144
432 16272 144
416 16256 160
432 16240 144
448 16224 176
368 16240 32
400 16288 272
448 16192 80
480 16144 -352
448 16128 -224
448 16176 -80
384 16272 -96
304 16192 64
336 16192 224
304 16208 112
368 16176 176
384 16176 144
432 16176 288
464 16160 304
368 16208 80
432 16192 80
464 16240 240
416 16256 -16
448 16256 -16
416 16160 48
416 16208 272
384 16240 144
432 16224 112
416 16272 112
512 16240 112
400 16224 176
384 16208 192
384 16256 32
416 16224 -16
336 16128 176
320 16080 80
480 16192 48
432 16192 -32
384 16160 16
480 16176 -16
576 16208 -32
496 16208 16
432 16240 80
432 16208 0
448 16176 96
384 16240 224
384 16208 128
336 16176 80
400 16160 -192
384 16176 -64
352 16352 48
272 16144 16
416 16112 16
384 16192 -16
432 16176 80
448 16176 176
384 16224 320
416 16176 304
368 16112 176
576 16144 96
528 16160 96
544 16192 80
400 16192 48
496 16176 176
512 16240 272
496 16208 176
400 16192 80
352 16224 320
496 16128 272
480 16144 192
464 16176 144
288 16224 32
368 16224 64
400 16224 96
400 16240 176
400 16272 224
448 16256 112
368 16320 96
464 16272 48
464 16224 32
560 16208 48
384 16256 -64
416 16208 -208
384 16208 64
416 16224 64
464 16224 80
512 16256 128
480 16256 16
352 16240 144
240 16256 128
368 16304 192
416 16224 192
304 16160 96
480 16096 16
496 16128 -112
496 16176 16
240 16192 64
656 16224 -64
528 16224 16
608 16192 16
352 16192 64
432 16240 -208
368 16272 16
448 16208 112
464 16208 112
416 16192 128
448 16144 16
560 16160 -32
448 16176 -224
416 16352 -16
