2.185419
1.348135
3.016073
-0.254018
-0.225041
-0.254515
440383978.130653
31.459956
-117.279523
2.398869
-5295.879397
-4344.783920
-5921.788945
5068.723618
3762.653266
6340.884422
18.138936
21.388743
13.866182
-0.099515
-0.032170
-0.001048
12.561802
13.973824
8.590458
2.584190
2.956509
1.885335
62833.809045
50267.879397
75767.798995
494.754402
395.810074
596.596842
3.318027
1.434584
4.029412
0.187285
0.119152
0.220354
1172192699.881961
1233.465969
621.705579
1336.807158
5343.939320
6297.787344
5478.496921
5596.756843
4397.005256
5179.513201
15.581294
19.146498
12.679157
2.461625
3.103753
1.965482
6.006402
5.611858
5.039641
1.163474
0.984975
1.026737
70304.093419
66830.689492
71066.522134
553.575539
526.225902
559.578914
2.389916
0.102081
0.190199
1.505336
0.960385
-0.128254
0.724771
0.708800
-0.273072
-0.478172
0.862219
0.185290
-0.942544
0.646612
-0.781975
2.008301
-0.177439
-0.526153
0.401566
-0.378972
0.245278
0.105199
0.059049
-0.462406
-0.974796
0.797652
-0.365573
-0.098088
0.490593
-0.084308
1.353150
-0.600676
-0.084308
1.353150
-0.600676
