startup(x,y,z):(544,16160,368)
640 16256 752
544 16192 672
608 16192 784
528 16192 864
464 16176 608
336 16208 560
240 16240 864
288 16240 864
464 16272 944
464 16272 688
784 16352 800
880 16320 832
640 16208 864
656 16240 928
656 16224 1040
544 16160 1088
384 16224 1184
336 16240 1184
352 16192 1200
496 16176 1120
624 16224 1088
800 16144 1328
592 16336 1600
496 16368 1648
560 16192 1648
496 16160 1296
656 16176 1136
672 16144 1184
528 16112 1152
272 16224 1184
352 16208 1152
336 16192 1232
336 16256 1216
1488 16192 1456
992 16512 1456
976 16288 1408
816 16096 1200
656 16304 1232
496 16400 1184
768 16432 1312
880 16384 1216
864 16208 1248
816 16160 1200
576 16144 1152
608 16192 928
624 16224 1008
784 16224 1104
800 16272 1248
672 16208 1136
528 16176 1360
624 16208 1584
480 16288 1888
352 16368 1872
288 16528 1728
368 16656 1872
400 16688 1712
480 16592 1856
656 16448 2000
688 16336 2032
592 16224 1760
752 16208 1744
768 16176 1616
704 16144 1616
576 16048 1568
704 15952 1792
768 16048 1712
816 16016 1904
816 15936 1904
864 15856 1792
656 15872 1936
560 16000 1424
592 16080 1552
672 16144 1920
720 16032 1744
592 15904 1744
384 15760 1600
496 15840 1488
448 15824 1408
640 15696 1408
528 15552 1376
624 15616 1392
736 15616 1504
848 15616 1648
736 15680 1536
688 15664 1616
496 15696 1520
512 15728 1616
656 15760 1920
704 15888 1808
720 16000 1664
816 16048 1632
848 16128 1456
656 16208 1424
480 16288 1536
448 16224 1472
336 16160 1184
432 16016 1184
432 15936 1488
480 16000 1616
592 16240 1408
720 16384 1184
1504 16544 1248
1040 16480 944
992 16336 992
1056 16224 1024
864 16272 1184
768 16288 1040
912 16288 608
928 16160 576
1056 16144 464
1152 16064 944
992 16128 992
992 16256 1072
944 16304 848
848 16272 736
1040 16288 752
1056 16256 832
1152 16256 768
1104 16160 864
1072 16112 656
1024 16112 880
864 15984 736
784 16016 768
720 15856 736
640 15776 1088
640 15776 1216
592 15840 1216
752 16080 960
672 16128 800
656 15920 800
640 15872 1264
656 15952 1584
704 16016 1440
864 16176 1024
832 16272 976
912 16224 816
1072 16096 832
1120 16016 912
1120 15984 864
976 15984 928
928 16048 832
880 16208 512
928 16192 336
784 16256 384
800 16304 400
816 16464 480
688 16560 528
592 16608 496
640 16640 976
496 16576 944
704 16576 752
816 16544 704
944 16432 768
992 16304 576
1184 16048 528
1280 16048 416
1248 15968 400
1168 15888 160
1136 15888 272
1216 15904 336
1168 16096 560
1088 16288 592
1056 16480 656
1040 16544 544
896 16544 672
928 16480 576
976 16432 576
1008 16432 880
1024 16400 704
1024 16368 656
880 16320 752
1008 16304 832
864 16208 768
784 16192 560
864 16128 656
800 16160 368
976 16208 464
1104 16272 576
1232 16224 592
1216 16192 736
1248 16144 848
1232 16112 896
1024 16192 832
992 16272 512
928 16256 544
864 16224 880
832 16176 768
928 16160 688
944 16032 736
928 15952 608
944 15952 576
784 15856 592
880 15824 304
928 15872 608
976 15936 496
880 16128 672
1008 16240 656
1088 16288 768
1072 16320 1008
800 16336 1008
848 16368 800
784 16368 992
720 16320 896
752 16288 896
720 16208 928
784 16144 752
784 16112 624
784 16016 608
864 16160 656
960 16128 624
992 16272 912
1104 16464 832
1200 16496 800
1168 16496 832
1104 16448 800
1168 16416 800
1200 16304 896
1264 16240 688
1328 16128 784
1072 16096 784
1120 15952 720
1168 15904 528
1056 15952 672
736 16048 832
704 16224 832
736 16320 656
864 16336 720
800 16400 576
784 16336 560
672 16352 832
720 16272 704
816 16368 752
688 16448 768
768 16400 912
688 16384 800
720 16352 752
688 16368 720
720 16368 624
672 16336 656
864 16224 736
736 15888 576
832 15824 688
944 16160 592
1328 16320 480
1280 16304 816
1104 16336 736
832 16352 576
672 16320 848
656 16336 816
704 16256 960
736 16208 624
832 16192 512
912 16176 272
880 16192 160
896 16224 368
880 16144 368
1040 16112 320
848 16048 416
752 16112 560
848 16064 608
816 16064 496
832 16032 368
944 16048 432
1040 16016 592
1024 16016 640
1008 16048 608
960 16016 352
896 16112 384
880 16224 432
880 16448 576
800 16560 768
928 16576 736
912 16480 688
960 16464 624
880 16448 848
864 16416 640
1040 16368 752
1056 16352 672
1024 16208 592
976 16144 464
976 16080 448
1040 15952 192
1008 15984 160
1008 15968 368
800 16016 400
768 16112 400
880 16160 384
992 16160 384
832 16176 608
832 16080 656
784 16096 720
800 16032 656
624 16080 816
640 16128 752
640 16128 736
592 16176 752
432 16320 960
576 16256 896
416 16272 944
464 16320 992
560 16384 880
608 16336 960
736 16320 752
736 16288 720
672 16272 480
640 16272 720
736 16256 784
880 16320 768
832 16208 736
768 16176 560
752 16128 560
848 16064 704
992 16112 720
976 16176 704
1008 16224 752
752 16192 752
1008 16112 816
1072 16080 960
1152 16096 944
1120 16064 800
1120 16128 704
1184 16080 768
1104 16160 832
976 16128 672
992 16128 704
864 16160 640
832 16128 704
896 16096 560
768 16160 560
928 16272 624
880 16240 720
784 16160 688
560 16240 800
464 16192 896
560 16224 688
544 16176 992
608 16208 944
704 16208 928
512 16208 880
656 16240 880
688 16192 880
800 16128 688
944 16192 400
944 16208 320
1008 16112 544
1072 16144 576
1040 16240 576
1056 16336 624
1168 16352 880
1056 16384 896
960 16464 1056
1008 16432 1056
1040 16464 976
832 16384 960
768 16384 624
816 16320 640
816 16160 368
816 16128 304
704 16080 432
560 16032 592
704 15984 432
816 16064 464
880 16016 352
1008 16112 208
1040 16192 384
1056 16272 656
832 16352 544
816 16336 592
816 16304 768
1008 16304 784
1024 16304 560
976 16320 528
1072 16240 624
1184 16240 544
1072 16256 512
1008 16112 512
976 16144 800
1024 16208 640
1056 16208 608
880 16176 784
704 16224 704
608 16256 736
624 16224 640
736 16144 464
720 16064 352
720 16112 528
992 16112 528
976 16128 624
848 16288 672
864 16256 608
1024 16272 800
1008 16352 672
880 16336 704
768 16352 640
944 16224 576
896 16208 576
928 16112 512
864 16032 576
720 16064 416
832 16080 336
592 15888 512
592 15904 336
480 15872 512
400 15872 384
640 15952 480
752 15984 224
528 16016 480
432 15904 752
496 16208 496
960 16656 352
976 16768 352
1088 16640 896
1008 16368 736
864 16368 496
736 16432 512
768 16352 528
720 16352 512
1008 16272 464
1088 16208 368
1168 16112 864
1040 15984 432
1040 15984 320
960 15984 304
880 15984 368
848 16048 416
592 16000 528
656 16096 512
624 16096 544
736 16240 608
800 16320 736
880 16272 672
912 16304 592
896 16368 768
912 16416 768
896 16368 880
912 16416 768
912 16384 832
768 16480 608
704 16432 640
528 16400 528
640 16368 640
656 16368 368
880 16304 544
848 16224 528
816 16256 368
816 16192 160
736 16048 400
784 16048 400
832 16016 416
720 16064 320
800 16112 400
784 16176 384
864 16144 160
880 16144 352
1008 16176 416
848 16192 384
784 16176 464
848 16304 336
976 16304 528
1088 16336 560
1232 16336 496
1040 16288 544
1040 16304 496
1056 16288 624
1024 16256 624
1008 16160 736
1008 16112 720
720 16128 768
768 16032 656
672 16048 768
640 16160 704
704 16048 720
688 16048 368
656 16016 448
592 16048 336
576 16080 256
608 16144 432
640 16160 336
624 16240 416
528 16192 784
864 16352 800
1200 16576 688
1312 16640 768
1168 16448 528
896 16336 528
768 16256 496
560 16112 416
544 16064 544
544 15984 688
624 15968 736
624 16112 608
640 16144 464
576 16128 416
608 16192 496
608 16176 640
656 16224 656
720 16320 448
720 16304 384
640 16288 736
624 16240 432
704 16240 432
688 16208 544
816 16240 656
896 16224 688
752 16160 496
784 16192 560
816 16256 768
752 16256 720
752 16256 752
704 16352 576
608 16384 720
672 16336 720
