startup(x,y,z):(144,16192,320)
128 16512 1216
272 16320 1280
368 16400 1264
64 16416 1376
64 16432 1232
272 16432 1232
-96 16448 1296
-576 15904 1808
-688 16096 1712
-384 16224 1776
288 16384 2016
288 16592 1904
448 16592 2000
256 16544 2048
-528 16544 1760
-688 16336 1760
-464 16480 2288
112 16304 2464
400 16416 2512
304 16608 2768
304 16784 2768
-96 16784 2496
-112 17184 2496
80 17152 2912
-112 17040 2688
80 17136 3104
96 16672 2448
432 16480 1888
432 16288 1680
592 16288 1680
736 16080 2112
784 16512 2032
544 16464 2400
464 16400 2752
464 16496 2864
-592 16496 2864
-416 16192 3456
-208 16192 3456
64 16320 3296
320 16208 3216
240 16128 2768
512 15952 2688
512 15952 2464
816 16096 2256
816 16048 2256
976 15744 2304
896 15472 2384
784 15408 2560
896 15600 2624
688 15680 2624
688 15616 3184
368 15616 3472
592 15968 3472
-576 16560 3312
-144 16784 3728
-928 17072 4464
224 16096 3456
224 15808 3472
384 15808 3472
608 15488 3504
608 15280 3680
496 15216 3936
384 15072 4048
256 15024 4096
288 15088 4192
288 15152 4352
368 15152 5040
144 15088 5040
-48 15216 5152
-32 15504 4896
-224 15648 4992
-80 15728 5328
-176 15696 5392
-336 15712 5392
-336 15712 5760
-432 15616 5760
-640 15520 5776
-400 15456 5616
-272 15296 5536
-160 15072 5280
-160 15280 5264
-16 15280 5264
0 15264 5312
192 15088 5312
176 14848 5360
-64 14560 5312
-176 14448 5104
-176 14464 5040
-96 14464 5040
-16 14464 5056
80 14592 5328
224 14800 5456
448 14752 5344
448 14672 5472
624 14672 5472
400 14656 6000
384 14688 6000
336 14864 6320
272 14928 6624
320 14736 6816
128 14736 6880
128 14848 7136
16 14848 6896
-16 14880 6896
-128 14848 6976
-336 14688 7104
-448 15072 7024
-736 15312 6896
-816 15280 6800
-880 15104 9504
-1008 15600 9504
-352 17536 6928
-208 16144 6640
-64 14832 6656
80 14128 7088
256 14048 7056
256 14048 6832
448 14192 6864
416 14192 6992
272 14096 6992
352 14032 6976
576 14096 7168
480 14032 7456
480 14128 7072
368 14128 7072
352 14128 7712
160 14016 7472
64 14320 7200
240 14592 6960
272 14464 7120
16 14480 7296
-192 14352 7216
-192 14352 7232
-128 14192 7232
-224 14144 7200
-304 14128 7008
-352 14192 7008
-304 14064 7296
-304 14016 7200
-80 14016 7280
-16 13856 7328
112 13856 7280
64 13952 7280
192 14000 7088
288 13872 6896
192 13824 7168
192 13904 7264
-64 13904 7280
-352 14000 7280
-384 13984 7168
-400 14000 7232
-560 14080 7168
-512 14096 7488
-448 14144 7776
-512 14240 7904
-512 14240 8016
-624 14320 8016
-544 14304 8064
-704 14160 8128
-720 13984 8064
-496 14064 8464
-496 14224 8256
-560 14224 8288
-480 14080 8288
-416 14000 8080
-384 14016 8256
-256 13888 8048
-256 14064 7936
-208 14032 7952
-208 14032 7760
80 14256 7760
176 10944 9104
144 13200 8224
-32 13632 8080
-432 13744 8240
-432 13840 8096
-688 13840 8080
-784 13840 8064
-672 13856 8064
-416 14080 8240
-272 14336 8784
-16 14288 9104
-16 14288 9216
384 14288 9312
272 14224 9312
0 14160 9280
-256 13888 8992
-560 13920 8432
-832 13808 8432
-448 15168 8208
-448 14800 8192
-336 14800 8192
-528 14560 7984
-384 14000 7648
-192 14480 7568
-96 13680 7872
-96 13328 8128
-256 13328 8384
-368 13376 8384
-416 13440 8656
-80 13488 8848
-32 13632 9200
-112 13776 9136
128 13696 8960
128 13696 8960
208 13696 8960
192 13696 8960
112 13504 9088
48 13504 8816
272 13312 8704
160 13312 8736
192 13376 8624
0 13792 8512
0 13792 8736
112 13808 8736
-48 13600 8864
-96 13264 9088
-336 13168 8512
-256 13184 8576
-256 12944 8624
-80 12944 8624
-128 12848 8496
-64 12768 8592
160 12880 8688
224 12848 8752
256 12880 8608
160 12864 9024
112 12864 9024
128 12752 8880
160 12752 9312
272 12816 9072
272 12848 9344
272 12848 9136
240 12848 9136
192 12880 8912
128 12800 8912
112 12832 9024
48 12720 8976
112 12784 8960
112 12816 9072
16 12816 9216
-112 12864 9216
48 12928 9056
64 12912 9200
64 12944 9104
-48 12864 9216
-192 12896 9456
-48 12944 9440
80 12976 9456
80 12976 9200
64 13024 9200
96 12992 9008
-144 12944 9200
-64 12976 9024
-80 12928 9264
-80 12944 9328
-80 12976 9616
-128 13024 9408
-128 13056 9104
-112 13056 9104
16 13088 8960
-160 13088 9200
-80 13152 9344
-80 13104 9280
-64 13104 9376
-80 13072 9376
32 13072 9088
-16 13072 9232
-16 12976 9600
0 13008 9472
-96 12928 9344
-160 12848 9248
-160 12848 9168
-64 12768 9168
-160 12832 9024
-160 12864 9168
-240 12864 9536
-96 12944 9552
-96 12960 9424
-144 12960 9616
-192 12976 9616
-288 12960 9488
-368 12944 9264
-288 12880 9440
48 12800 9312
48 12736 9312
48 12736 9216
-16 12704 9216
160 12720 9216
208 12800 9200
64 12752 9520
112 12848 9408
80 12976 9360
32 13056 9392
32 13008 9312
-16 13008 9312
-16 13040 9728
96 13104 9600
32 13120 9744
-80 13024 9792
-192 12960 9664
-192 12896 9728
-48 12896 9728
16 12896 9600
-64 12928 9328
-48 12896 9392
32 12832 9472
288 12800 9456
352 12912 9296
352 12912 9456
80 12928 9456
176 12880 9568
176 12896 9408
112 12976 9424
192 12960 9424
192 12928 9616
112 12720 9456
-176 12720 9552
-272 13056 9552
-192 12880 9488
-48 12944 9392
0 12944 9392
0 12944 9392
32 12992 9552
32 13008 9552
144 12976 9600
112 13040 9568
64 12992 9520
96 13008 9568
240 12944 9728
240 12896 9584
240 12896 9536
208 13008 9536
128 12960 9712
192 12880 9872
48 12880 9744
176 12848 9728
176 12848 9696
272 12800 9696
224 12768 9424
208 12768 9408
224 12848 9728
128 12864 9600
208 12880 9584
48 12880 9424
64 12912 9424
224 12752 9472
96 12704 9376
112 12736 9392
144 12800 9360
112 12768 9424
16 12784 9456
16 12784 9600
128 12736 9600
96 12800 9536
256 12832 9520
224 12848 9776
224 12848 9552
368 12848 9536
224 12848 9536
0 12832 9584
176 12800 9616
208 12784 9680
224 12880 9728
240 12832 9568
240 12768 9536
80 12768 9536
288 12768 9664
144 12784 9616
0 12816 9568
16 12800 9584
16 12816 9456
112 12752 9632
112 12800 9392
64 12800 9344
272 12768 9344
208 12720 9168
352 12704 9504
256 12736 9248
256 12736 9488
288 12672 9536
240 12736 9536
256 12832 9616
80 12912 9744
112 12912 9824
112 12880 10080
320 12864 10016
320 12912 9824
304 12912 9824
224 12912 9888
352 12864 9760
288 12752 9680
304 12800 9680
320 12784 9552
320 12784 9392
464 12816 9392
384 12848 9504
384 12816 9408
560 12720 9760
624 12784 9456
560 12880 9424
560 12832 9472
448 12832 9472
448 12752 9440
400 12704 9584
608 12656 9520
560 12768 9552
560 12768 9584
704 12768 9584
752 12688 9424
784 12752 9520
784 12736 9296
704 12720 9504
592 12752 9520
592 12784 9648
576 12784 9648
496 12672 9920
496 12656 9648
416 12608 9712
240 12736 9488
240 12912 9408
128 12864 9648
-144 12864 9616
0 12848 9616
-96 12960 9984
-256 13008 9744
-160 12912 9792
-160 12752 9664
64 12752 9568
160 12704 9568
64 12704 9664
240 12784 9264
368 12912 9600
368 12880 9536
544 12784 9536
544 12704 9600
544 12704 9504
624 12688 9504
544 12704 9360
592 12720 9360
416 12656 9568
496 12672 9440
496 12672 9632
496 12672 9456
464 12624 9584
304 12624 9648
176 12784 9648
192 12832 9648
272 12864 9504
272 12832 9648
272 12800 9520
336 12784 9600
320 12784 9600
304 12784 9472
368 12816 9376
432 12768 9632
464 12848 9536
384 12896 9616
368 12736 9920
368 12816 9968
384 12736 9872
416 12768 9664
448 12768 9616
336 12720 9696
336 12720 9648
416 12720 9776
448 12688 9776
464 12672 9904
480 12688 9680
464 12768 9776
528 12768 9392
336 12752 9584
336 12784 9552
512 12784 9552
496 12768 9520
288 12832 9616
240 12816 9520
288 12768 9584
288 12704 9936
288 12736 9728
256 12800 9712
144 12800 9648
256 12736 9648
288 12784 9648
272 12832 9472
384 12880 9552
304 12800 9440
304 12752 9408
400 12752 9408
320 12752 9472
336 12832 9488
384 12848 9664
496 12832 9584
352 12768 9696
336 12800 9648
336 12800 9792
224 12800 9792
272 12784 9760
320 12752 9312
416 12832 9568
400 12768 9424
400 12768 9504
240 12832 9424
192 12784 9664
224 12752 9664
256 12720 9696
272 12752 9856
192 12784 9792
192 12784 9776
192 12784 9776
336 12736 9728
336 12704 9824
