startup(x,y,z):(160,16208,352)
240 17024 2240
-64 17024 1520
-464 17696 1488
-160 17008 928
-160 16752 1520
560 16752 1520
-160 17152 1920
-144 17440 2736
64 17488 2784
-432 17024 2880
-432 17568 3232
-864 17568 2528
-480 17632 2528
-32 17920 1984
96 18256 816
512 18112 672
512 18112 1152
-96 19600 1152
-608 21440 768
496 21248 1872
352 20976 752
0 20880 -784
0 21664 -992
1056 21664 -992
-272 21904 -1936
-11136 6912 9584
-6176 17440 9392
-2032 13504 2880
-2032 13504 1424
-224 21664 1424
2144 21376 -576
480 19328 624
-1728 18480 1648
-2288 17248 2784
-2288 18208 4496
-1552 18208 4496
-544 15216 3168
16 12176 784
432 16688 2848
1104 21760 3008
1104 21216 1936
1856 21216 1936
2032 19888 896
1424 18944 -608
656 18288 -608
96 17392 -96
96 17392 304
-160 16304 304
16 15344 352
96 14832 32
112 14848 -144
-128 14960 -16
-128 14960 0
-256 15120 0
-496 15072 -144
-704 14896 -288
-832 14688 -160
-976 14624 -112
-976 14624 288
-1072 14352 288
-976 13456 256
-1104 13840 768
-880 14272 1232
-752 14640 1552
-752 14640 1696
-800 14976 1696
-832 14720 1472
-816 14384 736
-864 14208 368
-912 14144 192
-912 14144 16
-912 14304 16
-1024 14304 -112
-1008 14368 96
-1136 14432 240
-1184 14528 352
-1184 14528 512
-1152 14752 512
-1168 15040 576
-1216 15264 624
-1248 15664 400
-1184 15984 192
-1184 15984 -64
-912 16240 -64
-992 16320 -352
-688 16160 -368
-672 16544 -240
-512 16768 -32
-512 16768 304
-352 17056 304
-160 17184 32
-80 17152 -112
-224 17184 -368
-224 17232 -544
-256 17232 -528
-400 17328 -528
-192 17376 -528
-320 17248 -432
-256 17088 -464
-256 17056 -448
-144 17056 -448
-288 17056 -176
-352 16880 -112
-448 16784 -352
-352 16480 -320
-256 16480 -160
-112 16432 -160
-96 16464 -192
-208 16512 -144
-160 16528 -272
-208 16608 -544
-208 16608 -416
-240 16560 -416
-304 16512 -384
-416 16480 -416
-416 16496 -512
-416 16400 -256
-608 16400 -320
-688 16416 -320
-784 16432 -400
-688 16352 -352
-688 16096 -192
-896 16096 -192
-896 16096 -416
-704 16112 -416
-832 16080 -336
-560 15968 -192
-400 15984 -16
-480 16128 64
-560 16080 144
-560 16336 160
-448 16208 160
-304 16208 -32
-256 16112 160
-112 16064 32
-80 15984 80
-80 15984 -128
-80 15952 -128
-112 15872 -400
-256 15872 -144
-320 15728 -96
-416 15824 224
-416 15776 160
-400 15776 128
-368 15824 128
-432 15856 240
-432 15888 64
-528 16032 64
-288 16048 128
-288 16048 -224
-176 16160 -224
-64 16256 -32
-176 16320 -48
-112 16448 -48
-160 16336 -48
-160 16304 64
-128 16304 0
-208 16240 0
-176 16304 224
-272 16224 512
-368 16144 352
-368 16144 560
-400 16032 560
-272 15984 480
-384 16096 864
-304 16112 528
-496 16240 224
-560 16400 144
-560 16384 160
-544 16384 -48
-512 16368 -48
-512 16432 -464
-592 16512 -688
-576 16400 -480
-576 16400 -416
-528 16384 -416
-416 16160 -336
-352 16032 -320
-336 15824 -80
-256 15808 0
-256 15744 240
-256 15744 -64
-368 15728 -64
-464 15808 208
-416 15808 144
-416 16000 128
-416 16000 0
-432 16224 0
-384 16400 -112
-336 16496 -256
-448 16656 -432
-384 16656 -496
-384 16672 -368
-288 16672 -368
-432 16720 -528
-496 16576 -272
-336 16384 -160
-336 16256 64
-496 16256 64
-416 16080 112
-608 16016 144
-672 15904 320
-560 15840 48
-560 15744 176
-624 15744 176
-576 15744 -80
-512 15904 64
-576 15904 16
-512 15968 112
-512 15968 112
-480 15968 -224
-368 15984 -544
-336 15968 -512
-512 15984 -496
-768 15904 -592
-592 15904 -560
-720 15728 -560
-512 15696 -512
-672 15920 -128
-752 16192 -48
-752 16752 496
-1280 16752 496
-1232 16640 672
-1200 16432 448
-1264 16288 800
-736 16080 352
-736 16080 -32
-384 15968 -32
-208 15824 -272
-128 15952 -624
-64 16112 -736
-64 16160 -608
-64 16160 -400
-16 16288 -400
-192 16304 -192
-192 16256 -144
-272 16224 -256
-272 16208 -144
-464 16208 -144
-416 16144 -16
-288 16256 -32
-320 16320 -160
-320 16368 -368
-320 16416 -640
-304 16416 -640
-544 16352 -256
-608 16416 16
-512 16272 160
-512 16288 160
-592 16288 -16
-368 16224 -16
-288 16112 -48
-368 16144 -48
-320 16096 -128
-320 16128 -368
-320 16128 -240
-256 16208 -240
-176 16240 -400
-368 16256 -336
-304 16256 -272
-304 16256 -144
-432 16304 -144
-352 16176 -336
-480 16160 -208
-496 16128 -64
-592 16112 128
-592 16160 16
-624 16160 -160
-560 16064 -160
-432 15936 -256
-352 15808 -176
-272 15776 80
-272 15776 -128
-352 15840 -128
-432 16016 16
-288 16000 -160
-304 15872 -128
-288 15904 -80
-288 16016 48
-272 16016 48
-224 16032 32
-192 16112 -144
-128 16192 -320
-128 16208 -128
-192 16208 -48
-192 16144 -48
-96 16144 -32
16 15536 -32
-112 15856 -64
-112 16160 -128
-144 16160 112
64 16256 112
96 16432 256
96 16464 432
80 16320 368
80 16320 256
256 15600 256
-80 15776 320
-368 15952 256
-544 16160 544
-240 16272 560
-240 16272 496
16 16144 288
192 16192 80
128 16192 80
48 16368 -96
-48 16528 -176
48 15936 -448
48 16288 -336
-64 16288 -336
-192 16240 -176
-256 16448 80
-192 16624 144
-48 16864 48
-80 16864 192
-16 16544 48
-160 16416 -128
-160 16384 -176
-288 16384 -176
-336 16432 -672
-496 16448 -736
-384 16336 -816
-400 16288 -896
-144 16240 -624
-256 16240 -624
-224 16144 -624
-272 15712 -400
-560 15888 -400
-496 16048 -288
-576 16064 -64
-512 16000 -80
-512 16000 0
-560 15872 0
-560 15696 32
-592 15728 176
-496 15920 16
-448 16176 64
-448 16368 -64
-304 16560 -64
-304 16640 -272
-368 16640 -272
-416 16704 -576
-544 16624 -512
-512 16608 -432
-512 16544 -592
-416 16384 -640
-400 15936 -864
-416 15984 -832
-304 16048 -832
-176 16336 -336
-80 16624 -256
-80 16608 -224
32 16608 -320
0 16496 -320
-32 16432 -416
-208 16576 -528
-320 16576 -672
-320 16592 -512
-336 16592 -512
-336 16528 -736
-240 16416 -640
-368 16352 -528
-480 16304 -368
-560 16160 -128
-560 16096 -48
-512 16096 -48
-384 15920 112
-272 15968 48
-464 16128 -288
-352 16160 -368
-256 16224 -624
-320 16160 -464
-352 16160 -528
-240 16272 -704
-240 16272 -784
-80 16272 -784
-32 16160 -656
-112 16080 -448
-192 16048 -368
-192 16000 -192
-288 15952 -336
-272 15952 -336
-112 16000 -256
-208 16064 -496
-224 16064 -528
-208 16144 -320
-288 16144 -144
-224 16272 -304
-224 16272 -336
-320 16288 -336
-288 16256 -256
-256 16224 -496
-320 16240 -608
-64 16112 -448
-240 16112 -384
-400 16064 -384
-336 15952 -416
-288 15904 -416
-336 15856 -288
-160 15872 -464
-64 15904 -272
-160 16000 -352
-160 16000 -528
-304 16176 -528
-512 16192 -320
-480 16144 -240
-512 16128 -32
-368 16096 -128
-112 15968 -304
-304 15888 -224
-400 15856 -400
-288 15968 -384
-288 15968 -480
-208 16048 -480
-256 16160 -736
-224 16176 -720
-176 15616 -688
-400 16000 -560
-400 16064 -480
-224 16176 -384
-224 16000 -528
-192 16000 -528
-224 16224 -528
-352 16512 -288
-384 16688 -176
-208 16512 -336
-208 16512 -624
-160 16400 -624
-288 16320 -592
-272 16224 -624
-224 16096 -400
-272 16016 -416
-208 15936 -672
-208 16016 -672
-352 16016 -528
-336 16016 -528
-448 16096 -576
-400 16032 -848
-416 16048 -736
-416 16048 -592
-496 16064 -592
-368 16224 -672
-432 16240 -416
-352 16224 -432
-336 16288 -592
-224 16272 -688
-224 16384 -720
-224 16400 -896
-160 16400 -896
-288 16432 -624
-256 16448 -720
-416 16448 -576
-416 16496 -576
-416 16528 -672
-384 16528 -608
-352 16496 -496
-368 16368 -496
-256 16384 -688
-288 16336 -512
-176 16272 -528
-176 16352 -608
-208 16352 -608
-192 16288 -544
-112 16160 -384
-80 16144 -512
0 16128 -432
-16 16096 -576
-112 16144 -528
-112 16208 -544
-80 16208 -544
32 16208 -464
-32 16256 -624
-144 16160 -624
-272 16192 -512
-272 16192 -432
-176 16112 -432
-176 16160 -112
-112 16160 -80
48 16096 -192
16 16144 -240
-80 16192 -480
-96 16096 -656
-96 16096 -992
-112 16192 -992
-144 16128 -896
-208 16128 -688
-304 16144 -560
-192 16192 -528
-192 16144 -448
-336 16128 -656
-288 16080 -480
-304 16080 -480
-128 16096 -688
-192 16096 -672
-128 16144 -704
-176 16176 -592
-176 16192 -704
-160 16192 -512
-352 16192 -512
-304 16160 -592
-224 16112 -624
-224 16128 -432
-288 16048 -128
-176 16096 -256
-176 16096 -384
-80 16080 -384
-192 16192 -592
-128 16160 -672
-80 16208 -624
-176 16304 -592
-176 16304 -768
32 16304 -736
