startup(x,y,z):(560,16112,-48)
-1264 16704 -2016
-1968 16256 -576
-2944 19520 -4432
6816 18480 -10816
10560 16768 -20656
1984 17456 8752
-10880 16448 9792
-10880 16576 6800
-3280 15552 5584
-5344 15888 5920
-3024 16096 -384
2912 16336 4512
4768 16016 1808
4000 16336 -144
544 16320 -3600
-3184 16624 -1152
-2864 16480 -2224
-368 16560 -2464
-432 16128 -1856
-80 16352 -2752
304 16144 -2096
1296 16176 -1520
1360 16240 -560
1296 16528 128
1120 16272 2368
672 16272 2480
-160 16208 2688
-64 16208 2272
48 16112 1664
128 16144 1312
480 16176 864
784 16224 -128
672 16208 -640
640 16176 -912
464 16240 -912
480 16240 -912
336 16208 -800
384 16160 -960
592 16144 -688
624 16192 -848
720 16208 -704
672 16160 -176
784 16160 -48
608 16208 176
480 16176 480
480 16240 672
272 16176 976
416 16176 848
176 16176 800
512 16192 608
608 16176 576
656 16256 528
736 16272 288
592 16224 -112
512 16208 -112
352 16272 -496
320 16208 -448
304 16256 -192
496 16256 -384
544 16336 -96
400 16272 0
496 16256 96
608 16192 240
576 16160 176
400 16240 208
416 16304 288
432 16272 144
464 16320 160
416 16288 -112
448 16128 -336
400 16176 -352
528 16240 -112
464 16240 -64
464 16240 336
560 16272 336
512 16304 176
512 16288 224
480 16240 400
416 16224 448
576 16176 352
544 16240 272
576 16224 128
592 16240 48
544 16192 0
480 16240 -16
432 16288 -448
432 16240 -112
304 16224 -80
576 16288 -48
528 16240 -64
448 16192 112
528 16240 240
416 16224 128
448 16224 -32
416 16256 336
368 16256 464
368 16240 336
272 16288 224
544 16144 144
528 16208 96
480 16224 112
432 16256 192
256 16160 128
528 16272 -112
448 16272 -48
400 16288 -48
464 16224 -32
336 16192 192
384 16192 192
448 16096 208
464 16160 224
496 16128 144
432 16272 208
320 16224 272
416 16256 416
400 16272 272
368 16288 144
448 16224 -48
384 16208 48
352 16192 272
304 16224 112
448 16192 96
432 16224 16
400 16160 0
512 16208 0
480 16272 64
448 16224 336
480 16208 240
464 16240 176
480 16224 240
400 16224 208
368 16320 80
352 16320 80
272 16320 160
448 16240 -16
544 16208 64
512 16304 -96
528 16320 -16
480 16240 80
480 16192 128
432 16240 176
352 16240 -32
496 16160 -32
528 16208 -144
560 16208 -16
432 16272 80
464 16208 0
496 16192 144
480 16192 48
432 16256 96
560 16224 224
512 16208 176
432 16240 192
416 16176 0
400 16176 0
544 16208 272
464 16240 208
448 16272 256
464 16240 192
464 16272 112
544 16224 80
400 16240 192
400 16240 144
432 16208 96
368 16208 0
464 16208 0
336 16208 112
320 16192 144
336 16144 -64
368 16128 48
416 16176 32
496 16192 32
432 16208 160
400 16208 128
432 16240 64
480 16208 176
576 16208 128
464 16208 208
448 16256 48
400 16256 128
464 16256 176
432 16256 112
464 16240 96
448 16192 176
416 16112 32
464 16112 0
416 16176 32
432 16208 96
496 16192 144
224 16176 256
352 16176 176
352 16240 64
400 16176 -112
560 16128 -48
544 16096 48
480 16096 224
352 16128 288
400 16160 224
688 16192 -96
496 16272 -64
464 16320 -160
480 16192 -128
384 16192 -64
400 16208 -80
528 16272 16
560 16288 -144
512 16176 -64
480 16208 -32
544 16176 -256
560 16208 -352
480 16192 -160
528 16192 -272
544 16192 -80
576 16176 -112
496 16176 0
464 16192 112
432 16240 320
464 16288 208
432 16208 352
448 16176 176
400 16208 400
416 16224 208
368 16288 112
544 16272 96
432 16272 192
416 16256 272
528 16192 176
464 16192 160
448 16224 144
240 16224 80
320 16224 80
336 16288 208
336 16192 -112
464 16224 -16
272 16256 -64
400 16256 -176
448 16192 -48
400 16208 16
416 16304 304
368 16304 416
592 16224 320
688 16160 48
640 16160 112
576 16160 112
528 16240 448
448 16192 160
256 16240 112
304 16128 0
400 16176 -64
448 16192 144
448 16192 -48
384 16176 -128
272 16192 16
368 16160 160
384 16256 48
448 16240 208
