startup(x,y,z):(64,16112,144)
-1872 16240 1984
-1216 15408 -2032
1888 23072 2432
14768 16528 -8368
1072 17712 -7984
-3616 18784 -3408
-3616 18784 -9216
-928 16384 -9216
-5104 17632 -1392
-2000 17088 3232
-3536 16192 -320
-2960 16976 512
-2960 16544 2128
-1056 16944 1536
-1056 16656 144
-2688 16656 144
-1168 16784 208
-928 17056 624
-592 15968 -96
-368 16224 240
-1120 16240 2672
-1120 16224 672
352 16224 752
32 16224 736
-208 16208 -112
192 16208 -1136
752 16208 -1040
832 16144 -1024
624 16288 -432
-48 16224 160
-48 16224 832
-128 16048 832
-80 16096 768
-160 16192 672
-144 16224 304
-160 16224 512
-752 16048 1184
-752 16512 -1168
-2192 16512 720
-864 16624 720
-768 16672 736
320 16064 -240
112 16192 1936
128 16192 720
48 16128 720
848 16160 416
-32 16368 -320
560 16192 816
464 16080 -336
400 16080 -224
400 16080 -32
0 16272 -32
240 16224 0
256 16224 -144
432 16256 240
432 16224 320
384 16224 256
336 16112 256
208 16096 160
224 16032 272
208 16064 128
256 16000 -256
0 16128 288
176 16128 336
192 16064 336
336 16080 -320
560 16160 -384
336 16192 64
352 16192 224
528 16096 272
208 16096 352
80 16096 192
80 16096 32
368 16112 32
112 16080 352
240 16112 240
80 16112 192
80 16368 160
176 16176 -128
32 16096 -128
32 16144 192
64 16128 384
80 16176 368
-48 16192 512
112 16224 272
112 16224 -64
144 16272 -64
240 16176 64
256 16224 -208
272 16160 32
272 16128 144
80 16128 464
176 16048 464
176 16112 256
112 16112 672
144 16144 528
288 16128 -48
208 16144 -112
208 16144 -208
272 16128 -208
304 16144 80
240 16160 288
192 16144 112
192 16144 400
144 16144 432
48 16160 432
-32 16080 304
160 16128 256
160 16048 224
192 16128 176
160 16144 112
160 16208 288
48 16208 288
16 16176 384
48 16192 272
64 16240 352
160 16256 144
176 16256 -48
192 16224 80
176 16256 112
144 16192 144
144 16192 304
144 16176 304
80 16128 176
192 16112 160
304 16048 144
240 16080 256
176 16144 272
176 16144 416
32 16128 464
80 16208 560
64 16192 560
112 16224 320
224 16144 240
192 16160 64
192 16160 -96
272 16224 -96
272 16096 160
240 16144 -48
128 16144 0
128 16208 464
112 16176 400
48 16128 -32
112 16128 48
128 16160 48
-48 16112 48
64 16112 0
64 16112 -128
144 16112 64
64 16128 64
-32 16128 112
-16 16112 240
48 16080 176
96 16112 176
160 16144 304
160 16176 176
208 16176 176
224 16176 192
224 16160 400
96 16208 368
96 16176 16
96 16160 16
48 16144 288
176 16160 288
112 16160 64
96 16096 144
128 16112 -32
144 16096 16
32 16176 96
32 16176 48
96 16128 48
32 16112 240
80 16160 352
144 16192 320
144 16208 400
48 16208 400
352 16240 64
224 16192 64
160 16192 256
32 16128 352
32 16096 528
32 16160 464
0 16160 464
176 16096 384
256 16032 192
144 16096 352
160 16112 320
160 16112 320
160 16144 272
160 15888 192
224 16112 192
192 16128 288
272 16112 96
128 16256 128
128 16192 160
144 16144 336
224 16144 112
240 16192 112
80 16112 48
32 16192 336
80 16176 208
304 16176 32
224 16176 0
224 16176 80
192 16208 80
288 16208 48
368 16160 -64
336 16144 160
336 16176 448
208 16176 432
192 16176 320
128 16176 240
80 16192 176
80 16176 176
144 16160 352
208 16176 192
64 16144 208
64 16144 -16
48 16160 -16
96 16192 80
64 16160 176
32 16176 336
112 16128 320
112 16192 336
160 16208 272
160 16208 368
32 16208 368
16 16256 272
32 16224 448
80 16208 208
80 16208 368
48 16160 368
-32 16160 240
160 16208 -48
160 16256 240
112 16176 304
272 16112 368
272 16160 256
208 16160 384
160 16128 384
160 16112 160
112 16144 288
176 16160 432
176 16144 192
192 16144 128
288 16128 128
208 16144 208
144 16176 224
64 16208 208
32 16208 0
0 16160 112
0 16160 144
80 16272 144
128 16240 48
208 16128 128
96 16192 192
96 16272 -48
144 16208 0
144 16208 -96
192 16192 96
304 16192 80
208 16192 80
160 16096 48
160 16112 -112
96 16160 32
96 16160 448
112 16160 448
240 16064 368
224 16096 176
112 16064 336
240 16112 256
224 16176 208
144 16224 336
144 16224 224
144 16272 224
144 16208 464
48 16240 432
96 16256 144
-32 16224 336
-64 16160 16
0 16208 -64
64 16288 -48
48 16208 160
64 16256 224
-16 16288 192
-16 16288 352
112 16176 352
192 16224 368
176 16176 208
160 16176 96
160 16128 528
96 16128 528
48 16128 160
128 16192 -48
128 16144 112
80 16208 64
240 16160 16
224 16144 32
224 16144 176
128 16208 176
16 16256 224
128 16176 256
128 16128 352
128 16080 272
208 16112 256
208 16112 352
160 16160 176
160 16160 416
96 16160 416
128 16160 112
208 16096 48
144 16112 96
144 16112 192
64 16160 112
96 16128 112
128 16224 272
208 16208 160
176 16160 256
144 16144 192
144 16080 400
176 16080 176
80 16144 176
32 16240 192
64 16128 368
96 16112 384
96 16112 304
144 16112 48
32 16128 112
-16 16208 320
0 16192 352
48 16224 272
176 16256 432
176 16176 416
80 16176 144
176 16240 144
112 16128 48
112 16128 176
112 16112 256
112 16112 272
48 16192 272
64 16176 352
128 16176 240
224 16144 176
176 16128 320
224 16160 368
224 16208 208
112 16208 208
80 16144 208
240 16080 112
256 16080 80
176 16144 -96
96 16208 -32
128 16192 -16
80 16096 112
192 16144 128
192 16144 272
304 16096 272
224 16144 192
224 16128 144
208 16128 352
208 16128 272
256 16128 400
208 16160 400
64 16224 272
80 16128 208
128 16080 96
176 16160 224
160 16144 -128
256 16192 80
256 16192 272
192 16240 272
80 16176 368
16 16240 240
64 16192 224
112 16096 176
112 16096 112
128 16128 112
176 16128 224
208 16128 224
176 16064 64
240 16112 0
240 16192 128
96 16192 96
160 16224 96
240 16208 -64
272 16272 0
160 16240 256
160 16304 192
48 16304 192
112 16192 208
176 16208 208
448 16224 -16
352 16144 160
256 16160 256
256 16160 320
208 16160 320
128 16096 464
192 16080 0
208 16160 -112
272 16240 -32
192 16256 224
128 16240 208
192 16160 208
192 16160 416
160 16064 416
128 16080 176
160 16080 240
192 16144 -160
176 16128 80
176 16128 288
160 16128 288
112 16160 144
144 16144 240
240 16176 176
240 16272 208
-48 16240 304
-48 16336 32
48 16336 32
48 16272 -144
64 16240 32
96 16224 320
96 16208 480
0 16208 224
0 16224 160
64 16208 224
48 16176 272
0 16128 80
96 16144 -112
96 16160 96
208 16160 96
352 16160 272
192 16144 416
176 16160 528
112 16192 352
144 16176 368
144 16160 384
144 16128 224
176 16128 0
288 16144 0
256 16208 64
304 16176 192
304 16208 192
272 16208 320
144 16176 320
192 16160 208
224 16160 272
160 16160 288
208 16192 208
144 16144 208
0 16176 240
16 16144 320
16 16096 384
112 16096 384
16 16192 304
80 16160 0
80 16272 -48
112 16304 -160
112 16256 64
160 16256 64
208 16192 48
208 16192 144
80 16112 144
208 16128 -16
176 16112 128
144 16096 16
144 16096 144
144 16112 176
160 16128 176
128 16176 240
176 16128 208
-64 16112 176
0 16144 96
48 16288 96
48 16256 416
64 16256 416
-64 16208 368
0 16208 112
-80 16160 368
-80 16160 320
-48 16160 160
80 16160 160
112 16224 32
160 16208 192
160 16240 304
160 16192 64
96 16112 400
96 16144 432
240 16128 416
368 16128 416
368 16208 352
336 16208 16
368 16192 16
144 16144 96
160 16192 176
160 16160 320
160 16192 240
160 16128 -144
160 16128 -144
208 16080 80
224 16112 272
112 16160 144
112 16256 176
128 16256 304
192 16144 304
112 16128 320
-96 16128 416
112 16192 192
80 16144 32
80 16144 240
48 16144 240
-64 16160 160
160 16096 320
