startup(x,y,z):(320,16288,80)
544 16400 928
800 15760 2192
448 16288 1376
624 16320 992
624 16288 768
144 16240 1312
384 16208 1168
384 16208 1040
608 16224 768
544 16256 816
384 16176 896
496 16176 896
448 16176 640
352 16096 688
640 16064 464
400 16176 432
592 16128 880
736 16368 1568
304 16096 704
304 16144 864
416 16144 784
496 16144 736
384 16144 544
288 15984 544
528 16208 784
400 16128 672
384 16032 416
560 16048 528
432 16112 944
448 16160 928
448 16160 880
496 16160 992
464 16208 848
400 16224 1072
464 16224 992
480 16256 992
416 16176 864
496 16224 976
464 16176 960
480 16288 976
608 16272 1200
608 16304 1216
672 16304 848
544 16176 1600
160 16208 1440
224 16208 1184
272 16016 1184
400 16240 1120
528 16176 912
512 16144 1248
336 16144 1120
432 16096 1056
432 16112 1520
400 16112 1520
384 16144 1200
448 16176 1200
512 16512 1648
512 16336 1648
576 16320 1552
448 16368 1296
720 16656 960
752 16592 960
752 16240 1120
544 16288 1152
64 16288 1152
224 16304 1008
576 16304 1088
256 16160 928
368 16208 1008
384 16160 928
352 16128 960
480 16064 1136
544 16128 1232
544 16128 1200
592 16144 1200
528 16256 1104
528 16096 1232
576 16064 1408
608 16016 1408
400 16000 1408
544 16048 1360
544 16048 1200
400 16112 1104
368 16080 1328
368 16080 1328
384 16112 1040
352 16112 1168
432 16112 1168
464 16160 1296
368 16032 1328
368 16048 1280
336 16144 1248
368 16192 1072
512 16112 1328
512 16112 1328
496 16224 1328
448 16192 1296
496 16208 1152
448 16048 912
656 16048 976
480 16128 1488
608 16144 1776
608 16160 1584
448 16048 1504
640 16112 1456
640 16112 1584
576 16096 1472
624 16160 1440
576 16240 1536
496 16224 1440
496 16192 1280
432 16192 1440
560 16240 1216
592 16224 1216
592 16176 1584
512 16176 1616
480 16192 1376
528 16112 1264
496 16112 1376
496 16176 1632
464 16176 1632
464 16224 1632
512 16272 1552
656 16224 1440
624 16208 1216
624 16160 1312
496 16192 1344
496 16192 1440
288 16128 1440
512 16144 1632
464 16176 1392
528 16176 1584
400 16256 1344
400 16256 1376
432 16128 1376
624 16128 1376
544 16160 1360
448 16208 1232
592 16208 1328
496 16224 1456
608 16208 1472
608 16144 1712
528 16144 1712
592 16112 1888
464 16128 1664
496 16208 1520
512 16256 1456
272 16224 1712
352 16208 1552
352 16240 1584
352 16224 1584
352 16224 1584
384 16192 1552
464 16208 1312
496 16208 1456
496 16224 1728
496 16208 1536
464 16208 1472
528 16160 1472
640 16112 1472
656 16176 1440
544 16256 1376
528 16192 1360
608 16240 1424
608 16224 1552
656 16224 1648
592 16128 1648
640 16224 1888
448 16208 1504
528 16256 1760
512 16208 1440
528 16080 1296
528 16096 1536
528 16160 1536
496 16176 1440
448 16192 1424
448 16192 1584
624 16128 1584
544 15904 1408
400 16064 1552
400 16128 1568
576 16176 1568
544 16048 1584
496 16160 1568
432 16288 1552
560 16192 1376
496 16176 1456
496 16176 1264
608 16176 1264
608 16144 1264
768 16192 1328
560 16112 1360
496 16144 1392
592 16112 1568
544 16176 1552
480 16016 1520
432 16016 1536
416 16000 1520
496 16128 1280
512 16160 1312
400 16112 1536
416 16160 1600
416 16144 1664
384 16176 1520
432 16048 1360
512 16224 1360
480 16208 1600
480 16208 1600
400 16256 1488
480 16256 1488
464 16192 1216
464 16128 1328
448 16096 1344
592 16192 1392
640 16160 1456
592 16256 1456
528 16160 1456
544 16096 1344
576 16176 1248
560 16192 1488
496 16160 1488
496 16144 1280
496 16096 1584
448 16064 1552
464 16176 1440
512 16096 1472
560 16192 1504
544 16096 1568
464 16096 1360
640 16144 1424
640 16144 1472
512 16144 1440
672 16112 1456
640 16192 1456
560 16224 1616
512 16192 1472
544 16160 1472
496 16112 1552
528 16128 1536
400 16176 1712
400 16160 1584
480 16192 1424
480 16160 1712
576 16176 1728
608 16192 1600
656 16144 1168
592 16144 1296
624 16160 1296
576 16256 1568
560 16240 1328
544 16176 1200
432 16192 1216
432 16192 1328
464 16192 1488
400 16160 1488
336 16176 1472
432 16160 1584
496 16192 1568
656 16160 1632
528 16208 1472
560 16224 1456
560 16176 1744
560 16176 1744
688 16192 1840
528 16240 1792
432 16240 1616
368 16256 1376
368 16208 1408
480 16240 1536
480 16176 1520
560 16176 1168
592 16160 1168
464 16128 1408
528 16112 1248
624 16240 1344
768 16272 1344
784 16224 1488
592 16256 1488
592 16256 1584
304 16192 1296
368 16144 1296
384 16112 1296
528 16208 1344
464 16144 1616
608 16112 1312
416 16208 1520
432 16240 1440
432 16192 1488
464 16192 1552
432 16160 1552
448 16128 1616
224 16128 1712
352 16160 1616
448 16240 1472
448 16256 1488
432 16256 1536
368 16192 1536
416 16224 1472
416 16192 1088
608 16208 1264
512 16096 1488
560 16048 1472
512 16144 1536
512 16192 1296
512 16144 1520
400 16144 1536
432 16080 1536
560 16128 1424
464 16144 1472
544 16160 1552
624 16208 1408
624 16128 1360
560 16160 1296
560 16128 1600
528 16128 1456
560 16192 1456
496 16192 1440
480 16240 1136
544 16208 1296
560 16192 1504
352 16224 1360
496 16176 1376
496 16176 1376
560 16128 1104
528 16128 1104
512 16144 1392
448 16144 1376
544 16080 1472
480 16160 1424
528 16224 1488
592 16192 1568
592 16192 1456
528 16112 1328
576 16160 1328
624 16144 1344
560 16096 1360
544 16096 1280
560 16112 1456
448 16080 1568
400 16144 1504
400 16080 1504
560 16080 1552
624 16192 1536
544 16256 1664
608 16272 1664
608 16176 1568
496 16208 1520
624 16288 1648
720 16240 1600
640 16288 1472
448 16240 1376
448 16240 1680
368 16192 1616
400 16192 1920
464 16144 1664
464 16208 1392
704 16160 1232
608 16176 1200
592 16192 1248
592 16112 1248
528 16112 1280
528 16112 1280
624 16144 1280
544 16080 1168
432 16096 1280
496 16096 1312
432 16064 1360
448 16096 1360
432 16224 1456
384 16240 1568
416 16208 1488
448 16144 1472
448 16144 1776
512 16144 1552
464 16144 1552
656 16112 1408
592 16080 1296
528 16144 1552
384 16192 1456
480 16176 1568
480 16080 1488
544 16160 1664
544 16144 1936
544 16144 1584
512 16144 1584
608 16160 1488
576 16144 1392
640 16208 1472
592 16208 1552
560 16176 1408
640 16240 1424
640 16256 1520
512 16240 1456
512 16240 1520
464 16288 1488
608 16288 1488
384 16272 1312
448 16224 1312
448 16128 1472
480 16160 1472
528 16176 1600
624 16176 1376
624 16176 1568
560 16208 1584
480 16320 1376
480 16368 1296
528 16368 1296
544 16224 1424
608 16192 1344
608 16208 1168
672 16272 1312
656 16256 1600
480 16112 1696
608 16144 1152
624 16208 1408
384 16128 1504
352 16160 1648
480 16112 1376
480 16096 1264
544 16192 1232
464 16176 1344
416 16176 1344
560 16224 1344
544 16208 1296
416 16240 1296
448 16256 1296
368 16240 1472
352 16192 1552
368 16240 1520
416 16064 1472
528 16096 1472
528 16224 1152
528 16224 1216
448 16288 1216
480 16192 1536
464 16192 1408
656 16112 1408
512 16176 1408
416 16208 1504
528 16224 1168
480 16224 1328
480 16272 1392
560 16176 1312
576 16176 1472
448 16160 1376
528 16144 1248
464 16160 1248
544 16128 1328
624 16128 1328
512 16224 1296
512 16208 1184
544 16240 1264
544 16208 1344
464 16176 1376
512 16192 1536
512 16208 1392
512 16160 1472
480 16192 1408
416 16192 1392
592 16192 1328
656 16128 1280
656 16080 1328
528 16192 1440
544 16224 1392
544 16128 1312
576 16128 1312
480 16192 1312
512 16160 1168
512 16176 1248
560 16176 1248
400 16176 1392
480 16144 1584
416 16224 1328
480 16224 1040
496 16208 1216
448 16208 1280
544 16240 1296
560 16192 1296
560 16240 1392
544 16240 1328
592 16208 1344
528 16240 1296
544 16224 1360
544 16176 1296
496 16224 1216
704 16128 1216
576 16144 1280
544 16224 1312
496 16208 1344
640 16208 1360
640 16144 1408
560 16144 1296
512 16144 1408
512 16176 1408
480 16160 1296
512 16176 1392
480 16192 1392
512 16192 1280
544 16160 1216
464 16208 1392
320 16144 1392
752 16128 1392
576 16176 1392
464 16240 1168
512 16160 992
416 16224 1232
544 16208 1232
544 16160 1344
656 16176 1184
576 16176 1232
544 16192 1312
448 16064 1312
