startup(x,y,z):(544,16208,160)
656 16624 1968
1088 16064 1968
1200 16080 1968
864 16768 1536
1504 16208 1856
640 17168 1296
48 19120 960
1488 18768 1408
-608 18688 1424
560 17856 368
272 16784 976
272 16240 16
944 16032 -704
544 16032 -704
1120 15616 -272
736 16064 -192
736 16096 336
528 16384 464
832 16912 912
800 17104 1008
864 17616 1248
-384 17168 1232
288 16768 1536
288 16768 2736
5104 25056 3408
-4608 17408 9072
1936 17120 7936
7936 8704 17728
7936 8704 15120
7152 21504 5600
6320 27072 800
816 25264 1088
816 18832 3376
48 18832 3376
480 14384 3808
864 12656 2048
272 12704 -688
-384 13472 -3040
-944 14096 -4608
-1120 13904 -4832
-1200 13056 -4080
-960 12416 -5888
-1488 12112 -3552
-1488 11744 -3440
-1712 11744 -2960
-2192 11952 -2960
-2528 12544 -2176
-2736 13360 -1680
-3024 14048 -1120
-2736 14032 -1040
-2688 14208 -912
-2448 13984 -832
-2256 14144 -976
-2560 14944 32
-2560 15424 -272
-2432 15424 736
-2448 16608 -992
-1408 16608 -4416
2144 16960 -4416
4848 17344 -5056
6320 17200 -4576
4592 16864 -304
3760 16512 912
2496 16848 912
592 17616 1312
96 17616 512
96 18096 512
-1184 18096 -1024
-1264 18352 -1024
-1328 18112 -1472
-640 17456 -2832
-1760 16800 -2288
-1328 15648 -3152
-1648 15424 -3072
-1760 15120 -3168
-1856 14752 -3024
-1856 15488 -1248
-3072 15488 -2672
-2752 15488 -1808
-3808 15568 -1808
-1648 15088 -3456
-3872 15328 -2000
-2720 15104 -3136
-3664 14928 -3552
-3872 14880 -4160
-3440 15024 -4432
-3488 14992 -4272
-2896 14688 -4640
-3952 14544 -3728
-3952 14544 -3392
-4320 13792 -3392
-3184 12976 -6192
-1952 13120 -6192
-4256 14032 -4368
-4608 14976 -3360
-5872 15984 -2304
-4848 16192 -3200
-4032 16000 -3680
-4560 15360 -2976
-3504 14912 -3872
-4720 15104 -1952
-4720 15312 -2272
-4640 15312 -4416
-3104 14784 -2016
-5344 15328 -2080
-5904 15104 -5488
-2720 14608 -5440
-3616 14992 -4832
-4864 14992 -4832
-5152 14400 -4960
-5328 14192 -5024
-5472 14336 -5296
-6144 13824 -4720
-6144 13456 -6224
-4928 12320 -6256
-4384 12320 -5872
-2384 9872 -5872
-3936 10256 -4688
-7600 13328 -7712
-6112 15520 -7712
-5936 16928 -8272
-5632 18288 -7360
-8992 20368 -5904
-3696 18032 -8912
-3696 18032 -7664
-3264 12384 -4800
-5008 12384 -4672
-4272 11616 -4672
-3504 12000 -5408
-5344 11392 -3136
-5344 12560 -3136
-3440 14368 -4896
-3168 15376 -4128
-2016 16624 -4160
-2928 17648 -5072
-3856 16736 -6224
-4304 15040 -7040
-5152 14096 -7200
-5408 13696 -6672
-5088 13664 -6944
-4384 14112 -6800
-4384 14528 -6832
-4144 14528 -6832
-4208 14544 -6288
-3904 14608 -6240
-3776 14592 -6000
-3696 14544 -5520
-3600 14576 -5216
-3584 14592 -5280
-3584 14576 -5488
-3584 14432 -5536
-3664 14176 -5696
-3568 14048 -5568
-3568 14112 -5584
-3536 14112 -5456
-3536 14144 -5456
-3504 14192 -5440
-3520 14288 -5456
-3584 14368 -5232
-3440 14400 -5536
-3600 14816 -5456
-3584 14672 -5616
-3696 14384 -5808
-3856 14400 -6032
-3856 14400 -6160
-4000 14464 -6160
-4176 14288 -6096
-3952 14176 -5776
-3776 14352 -5680
-3632 14352 -5472
-3536 14304 -5488
-3408 14224 -5504
-3584 14384 -5536
-3584 14480 -5440
-3440 14448 -5440
-3488 14480 -5408
-3344 14448 -5424
-3360 14384 -5904
-3504 14288 -6080
-3696 14240 -6192
-3840 14240 -6192
-3936 14272 -6064
-3728 14192 -6416
-3744 14256 -6512
-3648 14256 -6288
-3520 14224 -6256
-3424 14304 -5984
-3456 14304 -5968
-3488 14400 -5776
-3712 14384 -5856
-3680 14448 -6000
-3648 14384 -5888
-3648 14448 -5904
-3536 14448 -5760
-3536 14416 -5856
-3440 14400 -6016
-3552 14336 -5760
-3488 14352 -6016
-3520 14416 -6224
-3520 14256 -6176
-3584 14256 -6176
-3792 14304 -6288
-3776 14304 -6368
-3632 14288 -6240
-3696 14272 -6064
-3520 14400 -5888
-3184 14560 -6256
-3280 14688 -6320
-3696 14512 -6512
-3840 14304 -6720
-3840 14112 -6368
-3728 14144 -6064
-3440 14176 -5904
-3360 14240 -5856
-3488 14352 -5952
-3760 14336 -5872
-3616 14352 -5920
-3344 14368 -6000
-3392 14352 -5824
-3472 14384 -5824
-3632 14400 -5888
-3648 14400 -5936
-3680 14352 -6176
-3744 14288 -6112
-3728 14176 -6208
-3680 14304 -6176
-3680 14384 -6336
-3680 14320 -6112
-3792 14336 -6016
-3856 14256 -5776
-3680 14272 -5760
-3696 14368 -5776
-3648 14336 -5680
-3712 14384 -5584
-3584 14352 -5664
-3488 14400 -5440
-3536 14464 -5504
-3536 14448 -5488
-3408 14448 -5488
-3456 14336 -5248
-3552 14320 -5632
-3680 14320 -5664
-3600 14288 -5696
-3616 14464 -5728
-3616 14480 -5872
-3536 14320 -5792
-3568 14272 -5872
-3632 14288 -5872
-3632 14288 -5888
-3600 14368 -5904
-3600 14368 -6288
-3600 14368 -6224
-3616 14352 -6192
-3552 14416 -6016
-3536 14480 -6080
-3584 14432 -6032
-3584 14432 -6208
-3760 14464 -6224
-3712 14384 -6352
-3712 14496 -6160
-3712 14496 -6192
-3744 14448 -5920
-3696 14400 -6144
-3680 14336 -6000
-3632 14352 -5696
-3504 14416 -5808
-3504 14416 -5792
-3472 14352 -5824
-3376 14336 -5680
-3392 14320 -5744
-3584 14320 -5744
-3808 14368 -5856
-3760 14304 -6064
-3744 14368 -6272
-3632 14368 -6272
-3728 14368 -6208
-3744 14384 -6464
-3840 14400 -6144
-3648 14416 -6096
-3856 14384 -5792
-3856 14400 -6032
-3680 14400 -5776
-3632 14368 -5776
-3712 14352 -5792
-3728 14256 -5920
-3680 14256 -5664
-3616 14288 -5680
-3568 14368 -5808
-3520 14336 -5648
-3504 14384 -5792
-3616 14352 -5632
-3536 14320 -5520
-3632 14352 -5536
-3584 14336 -5632
-3712 14304 -5616
-3712 14320 -5680
-3728 14320 -5872
-3696 14336 -5872
-3808 14336 -5632
-3744 14320 -5776
-3904 14304 -5952
-3744 14320 -6000
-3696 14368 -6144
-3696 14400 -6016
-3712 14416 -6080
-3680 14528 -6112
-3760 14480 -5904
-3792 14464 -5696
-3792 14608 -5616
-3744 14576 -5472
-3712 14576 -5472
-3552 14416 -5488
-3728 14336 -5776
-3648 14320 -5872
-3520 14368 -5808
-3712 14448 -5712
-3728 14432 -5872
-3792 14496 -5936
-3888 14560 -5952
-3888 14560 -6000
-3760 14368 -6016
-3872 14368 -6016
-3648 14368 -5776
-3648 14368 -5632
-3520 14352 -5792
-3600 14432 -5728
-3840 14416 -5472
-3728 14384 -5472
-3808 14320 -5424
-3968 14304 -5440
-3760 14336 -5424
-3776 14496 -5648
-3728 14416 -5808
-3728 14416 -5616
-3712 14368 -5648
-3712 14368 -5568
-3840 14416 -5488
-3840 14432 -5504
-3840 14432 -5680
-3840 14432 -5664
-3936 14368 -5552
-4000 14416 -5552
-3936 14480 -5584
-3920 14464 -5728
-3856 14448 -5872
-3872 14512 -5872
-3728 14448 -5760
-3744 14432 -5728
-3872 14432 -5744
-3872 14432 -5568
-3872 14416 -5408
-3600 14416 -5680
-3664 14416 -5616
-3472 14416 -5472
-3424 14432 -5472
-3504 14352 -5360
-3600 14320 -5328
-3680 14336 -5424
-3632 14464 -5424
-3456 14544 -5424
-3648 14656 -5456
-3856 14592 -5456
-3616 14496 -5632
-3616 14416 -5920
-3728 14416 -5632
-3632 14368 -5856
-3632 14336 -5872
-3728 14336 -5856
-3744 14352 -5920
-3744 14368 -5616
-3728 14368 -5744
-3792 14448 -5712
-3728 14480 -5712
-3760 14384 -5696
-3840 14560 -5808
-3840 14624 -5936
-3824 14512 -5872
-3856 14384 -5904
-3840 14368 -6112
-3888 14400 -6192
-3968 14256 -5984
-3952 14272 -6032
-3856 14352 -5904
-3856 14352 -5824
-3712 14368 -5712
-3632 14352 -5712
-3712 14432 -5600
-3632 14512 -5760
-3680 14592 -5568
-3728 14560 -5200
-3648 14560 -5328
-3664 14560 -5504
-3520 14496 -5552
-3520 14384 -5680
-3696 14272 -5664
-3696 14432 -5648
-3904 14432 -5648
-3840 14400 -5664
-3664 14320 -5744
-3760 14400 -5424
-3760 14448 -5504
-3792 14464 -5616
-3632 14416 -5472
-3648 14368 -5648
-3680 14416 -5648
-3664 14512 -5696
-3664 14464 -5664
-3776 14464 -5536
-3776 14336 -5536
-3584 14368 -5600
-3568 14400 -5600
-3632 14416 -5744
-3712 14352 -5664
-3728 14304 -5760
-3648 14336 -5808
-3872 14368 -5408
-3872 14480 -5568
-3872 14512 -5600
-3872 14512 -5760
-3760 14432 -5696
-3744 14544 -5456
-3760 14624 -5536
-3760 14496 -5472
-3744 14496 -5472
-3744 14512 -5552
-3664 14512 -5552
-3808 14464 -5440
-3760 14368 -5440
-3776 14432 -5728
-3888 14448 -5840
-3856 14480 -5840
-3776 14384 -5616
-3776 14368 -5504
-3728 14368 -5408
-3808 14464 -5520
-3664 14512 -5616
-3696 14512 -5616
-3744 14496 -5648
-3792 14464 -5776
-3888 14448 -5600
-3728 14464 -5664
-3776 14464 -5504
-3776 14464 -5360
-3840 14464 -5360
-3824 14480 -5296
-3792 14512 -5424
-3792 14448 -5456
-3744 14336 -5408
-3872 14448 -5536
-3712 14480 -5568
-3712 14480 -5312
-3776 14464 -5312
-3872 14432 -5120
-3872 14480 -5312
-3824 14400 -5200
-3840 14464 -5136
-3888 14400 -5488
-3760 14368 -5440
-3744 14416 -5648
-3744 14512 -5440
-3696 14512 -5536
-3632 14464 -5536
-3584 14496 -5472
-3632 14480 -5456
-3744 14496 -5376
-3856 14464 -5392
-3712 14528 -5552
-3872 14448 -5472
-3856 14480 -5488
-3888 14480 -5536
-3888 14400 -5552
-3888 14400 -5376
-3792 14384 -5488
-3808 14400 -5488
-3920 14432 -5520
-3936 14480 -5216
-3888 14416 -5216
-4016 14544 -5232
-3888 14528 -5104
-3760 14512 -5424
-3824 14576 -5360
-3760 14576 -5344
-3952 14432 -5408
-3952 14384 -5136
-4016 14384 -5232
-3936 14448 -5232
-3904 14464 -5328
-3936 14512 -5536
-3872 14464 -5520
-3824 14384 -5296
-3856 14496 -5344
-3808 14464 -5344
-3856 14400 -5488
-3920 14432 -5392
-3920 14384 -5456
-3824 14384 -5584
-3840 14416 -5488
-4048 14432 -5360
-3856 14464 -5360
-3920 14496 -5632
-3952 14512 -5632
-3872 14496 -5472
-3840 14416 -5456
-3872 14400 -5472
-3888 14352 -5376
-3824 14368 -5376
-3824 14400 -5504
-3760 14400 -5632
-3936 14448 -5552
-4048 14576 -5808
-3984 14512 -5728
-4032 14416 -5792
