startup(x,y,z):(400,16224,176)
720 17104 1696
1200 16688 1808
2288 17488 1648
2288 17952 1552
1440 17488 1440
-1440 17488 1840
2960 16016 1840
1344 15376 928
256 15936 -192
400 16064 416
464 15696 432
1408 16992 240
1408 16992 336
320 17008 336
592 17600 1376
800 17744 1920
640 20384 2992
336 19424 3664
336 26032 2176
2448 26704 3840
2896 21728 6192
3920 19424 6304
2464 19808 5456
-880 17616 3184
-2592 25136 -2064
416 12000 880
-128 13744 -400
48 14976 576
656 15408 1584
656 15968 2048
848 15968 1920
1184 16048 1920
-432 17888 928
688 16384 1360
448 15920 1248
544 15600 1328
624 15408 1552
784 15280 1728
1024 15472 1568
1424 15536 1920
1488 15408 3152
1232 15584 3856
928 15632 3984
720 15904 3504
624 15824 3296
208 15808 3040
-96 15520 3152
-80 15280 2800
-192 15024 2176
-144 14896 1648
-144 14896 1392
-304 14896 1536
-224 14992 2128
-144 15136 2128
128 15344 2560
-192 15392 2928
-528 15120 3056
-992 15152 3216
-1456 15168 2928
-1952 15248 2656
-2224 15120 2768
-2224 14720 2960
-2304 14720 2816
-2288 14944 2816
-1680 15104 2592
-1168 14976 2896
-560 14928 2880
-432 17024 4336
-432 19168 5136
288 18912 5472
288 18912 6016
960 17168 5776
1536 15792 5776
1776 15216 5200
1968 15024 4640
1888 14768 4288
2192 14176 6160
2480 12752 8064
2480 12208 7296
2768 12480 5632
2912 12480 6560
3920 14336 6560
5552 15632 6992
7456 16880 4816
8336 18128 32
8608 19680 -5056
8320 20704 -7840
7808 20400 -8176
7872 20400 -6944
7088 18672 -6944
6144 16800 -5440
4704 15472 -4096
3200 14976 -2880
2144 14688 -2400
1552 14528 -2320
1552 14304 -2528
1760 14304 -2672
2976 14336 -2672
5040 14656 -2176
6880 15472 -1392
8688 16080 -864
9872 13616 1072
9872 13088 1184
11216 15392 416
12560 15984 528
13312 15984 896
13712 13424 1488
12544 12464 288
6224 12288 -5536
80 14816 -14016
80 20016 -18736
-1072 20016 -19488
-1728 22608 -19488
-2304 22992 -18032
-3904 22240 -15040
-6464 21056 -11632
-11056 19904 -7664
-11056 17632 -5616
-14576 15248 -5328
-17264 14112 -6784
-16880 14112 -6784
-14128 14960 -8672
-11216 15824 -9312
-9376 16192 -10160
-8896 15504 -10832
-9136 15088 -11248
-9424 14496 -13360
-9424 13728 -13760
-9664 13728 -14384
-9360 12320 -14384
-9200 11136 -14384
-8384 10608 -13056
-7184 9744 -11792
-1200 8032 64
-1200 9152 8160
6784 11120 10032
15216 11120 10032
23488 17440 10368
27376 21888 6016
28832 24592 848
27792 25536 -2640
25408 24304 -2944
22480 21344 -1920
22480 19120 -544
19504 19120 -544
16320 18912 544
12752 19184 1072
8512 17264 2224
5792 15856 2848
4624 15712 3040
4624 15664 2496
3952 14672 1424
3360 12816 720
3008 12816 -32
3008 11456 -32
2976 11296 -1504
2208 11904 -2624
976 12224 -3584
-1200 12400 -4416
-4096 12640 -5024
-7168 13344 -5728
-7168 14416 -6704
-10736 14416 -8080
-13968 16544 -8720
-15968 20192 -8736
-16336 20192 -8736
-15328 20528 -7200
-13536 20112 -5360
-11648 18976 -5248
-9408 17552 -5312
-9408 17552 -7456
-7072 14720 -7456
-4208 12976 -8176
-720 12640 -5504
5200 14176 2000
12000 15920 6912
17808 17488 9040
17808 18880 7856
22096 18880 7856
25312 19712 5360
26896 19712 2752
26880 18480 1040
26368 16800 3232
25696 15408 7856
22880 14400 11616
22816 14400 11728
18320 14128 11728
15104 14256 9376
13488 14096 5136
13296 13504 1168
13024 12704 -1472
12240 12144 -2944
11216 10640 -4336
9968 10640 -5200
8800 9936 -7600
7152 10032 -7600
2960 11568 -12384
-3328 14640 -18816
-10000 18128 -18560
-16352 20800 -18528
-20400 22016 -16720
-20400 21024 -14288
-16416 19136 -9216
-16416 19136 -6320
-13632 17584 -5168
-9696 17104 -5136
-9696 17312 -5984
-7872 17312 -7104
-6256 17968 -7104
-4128 18592 -8672
-2032 18608 -9760
384 17744 -9792
2768 16608 -8848
5600 15792 -6080
5600 15552 7136
11920 15552 13184
17952 14768 13184
23648 13552 15584
28144 13392 15952
31520 15680 11296
31184 17728 8560
31184 18528 5840
28448 18528 5840
25520 17920 4448
22400 16336 4320
18752 14736 4208
14640 13744 3680
11104 13328 2448
8656 13328 16
8656 13328 -3200
7200 13328 -6816
5392 13136 -6816
2256 13632 -10448
-2720 14832 -17600
-8192 16480 -17600
-13152 18128 -19952
-17040 19280 -20944
-19328 19168 -20608
-19328 17088 -18208
-19632 15296 -14944
-18048 14752 -12864
-16720 15312 -9296
-16720 15808 -4352
-14192 15808 -4352
-9664 15712 -688
-2704 13808 4800
1344 12480 -608
4944 12160 -3952
8896 12496 -4688
8896 15024 1536
14864 17328 8816
20816 17168 8816
25824 17344 11936
27968 17888 7248
27104 20480 1200
25216 22688 1200
23536 22912 -3312
21728 21040 -3696
20336 18640 -32
18160 16784 5152
14960 16304 11104
12560 16896 12064
12560 16896 8896
12080 15056 5344
12080 14000 1824
11856 14000 1824
10784 13904 -1664
8992 14320 -4848
6368 14848 -7696
2720 14880 -9808
-2240 15504 -11808
-6912 16432 -13568
-12320 16608 -14432
-17776 16480 -14512
-17776 16640 -13280
-24304 16048 -11856
-23536 14640 -10592
-23536 14640 -8960
-20144 13744 -8960
-15968 13552 -6960
-11488 13776 -6960
-7488 13904 -7520
-4000 14000 -8080
-496 13760 -6768
3840 12704 -2416
7312 12176 -1792
11616 11584 -624
11616 10864 480
15120 10864 480
19840 12192 6640
24464 14912 12320
26448 17024 12480
26768 19056 9296
26768 22080 7168
26672 23408 9072
26480 23408 9536
25520 22256 9536
24928 19904 8592
24064 17488 7840
22416 16064 6832
19824 15968 5488
16816 16208 2992
16816 16272 816
13600 16272 -1328
10352 15904 -1328
6896 15152 -3712
3712 14208 -6928
-288 14240 -10976
-5104 15184 -15232
-10288 16352 -18848
-14352 17552 -20976
-14352 17552 -21488
-16512 18192 -21488
-14320 18288 -21424
-11984 16848 -18912
-9680 15040 -13136
-8640 13056 -6928
-7472 12528 -3952
-7472 13664 -960
-7008 15536 2848
-7072 15536 6944
-5504 15008 6976
-2224 13856 6976
1488 13392 5680
5920 13536 5616
10176 14224 5504
14048 15200 5824
14048 16160 5568
17120 16160 5568
18768 16576 4944
18832 17520 4720
18176 18736 4496
15632 20080 5952
15632 19728 7728
14032 18448 7728
12992 18480 8256
12176 17024 7248
11680 15856 5184
10704 15440 3152
9088 15760 928
6928 16208 -1168
6928 16224 -3072
4752 15360 -4432
2848 14176 -5328
640 14176 -5312
-1488 13552 -5312
-4176 14720 -5616
-5584 16912 -7024
-7120 18560 -8496
-8688 19152 -9056
-8688 18656 -8992
-9760 17744 -7936
-10480 17744 -7936
-10000 16704 -5424
-9328 15552 -4160
-8656 14912 -3136
-8048 14560 -3152
-7296 14400 -2928
-6096 14752 -3248
-4912 15104 -3216
-2880 15392 -2944
-2880 15392 -288
-64 14880 -288
3152 14384 560
6464 13968 1152
9456 13568 2912
13104 13392 5184
15920 13520 6960
15920 14800 7728
17664 14800 7008
18656 17024 5856
18880 19232 5856
18448 20704 4992
17216 20944 3744
15376 20368 3344
13040 19408 3440
10928 18288 3872
9520 17504 4112
8496 17376 3968
7776 17600 3424
7776 17600 2352
6992 17664 2352
6496 17296 1520
5696 16656 544
4704 15984 -800
3120 15664 -2304
3120 15696 -3904
1136 15696 -4928
-1056 15536 -4928
-3280 15392 -5520
-5296 15312 -5520
-6224 15216 -5840
-6848 15040 -5968
-8016 15296 -6176
-10144 16544 -7136
-10144 17344 -7408
-12000 17344 -7408
-12448 17040 -7888
-11824 15664 -7584
-10944 14240 -6144
-9696 13152 -5488
-8816 12800 -4512
-8816 13552 -4480
-8144 13552 -3104
-7504 15024 -3104
-6272 16112 -2288
-4336 16784 -3584
-1984 17392 -6544
-1984 17152 -7760
-48 17152 -7376
2128 15760 -4048
5392 14048 9088
11744 13472 9088
18432 11264 14848
23264 10848 15136
26160 14560 12528
27552 19392 7808
28224 23184 4256
28224 24592 3792
28416 24592 3792
26768 23744 6544
23984 21056 8624
20896 18144 8320
18144 16096 7248
15408 15360 5488
13568 15472 3536
13568 15472 1104
12176 16272 -1328
10752 17120 -1328
8928 17120 -3696
6960 16192 -6144
5808 15344 -8880
4560 14816 -10736
2048 14992 -13552
-1776 14464 -11680
-1776 14720 -11344
-5872 14656 -11120
-8064 14192 -11120
-9248 13696 -10704
-9552 14224 -10464
-9952 16384 -11184
-11168 18784 -10912
-11168 18784 -10064
-13152 20528 -10064
-13872 20464 -8544
-12992 17984 -7280
-12048 15664 -6560
-9776 14560 -7568
-8864 15744 -8384
-8864 16640 -8816
-8176 16640 -8928
-7760 17008 -8928
-7056 16928 -8816
-6256 16224 -7792
-5376 15040 -6544
-4128 13568 -5488
-1728 12224 -6128
-1728 10400 -4960
704 9440 -2784
3312 9440 4624
8288 10208 4624
14640 12288 9968
20736 13120 9968
23648 14256 7856
24272 17904 5744
24272 23456 3216
23776 27456 528
19328 27264 -3280
19024 25280 -4704
20544 22688 -3072
23216 21136 2048
26032 19776 8928
26032 18064 12080
26496 16064 11008
26496 16064 9552
24480 14592 9552
20752 14224 7824
16768 15920 800
10320 16400 -3760
8432 17056 -8768
7168 16416 -12096
5488 14560 -13888
3120 12400 -15440
288 10992 -15328
-2576 11440 -14304
-4192 12208 -11952
-6304 12480 -8064
-6304 12496 -6000
-7968 12496 -5664
-9072 13408 -6832
-9280 19424 -9952
-9600 20768 -10160
-10208 20768 -8912
-9968 20336 -7920
-9472 17472 -6384
-9584 15680 -4752
-9504 15040 -4160
-8912 15104 -4224
-7968 15776 -5424
-7968 15776 -7040
-6576 16736 -7040
-5104 17264 -8032
-2720 16560 -6768
160 14528 -5408
3264 12576 -3264
8128 12416 2416
14832 13248 9312
22112 13712 13744
22112 15088 13696
26624 16736 9584
25344 19504 4784
25024 22192 1840
