startup(x,y,z):(128,16160,336)
144 16224 1264
320 16096 928
320 16096 1264
400 16096 1264
256 16032 1392
256 15952 1248
208 16032 1168
208 16080 1056
256 16064 976
352 16224 816
240 16224 496
144 16448 496
240 16576 736
288 16720 896
80 16752 1008
80 16752 1216
0 16704 1216
-464 16512 1008
-560 16544 1072
-736 16208 720
-480 16000 848
-432 15744 1184
-240 15920 1312
-96 15728 1568
-96 15728 1952
0 15744 1952
352 15680 2640
2096 15648 1984
1488 15568 1824
1328 18208 -3152
1328 15136 2976
-832 15232 1536
272 15936 1168
608 16240 1168
912 16640 1232
720 16416 1888
912 16336 2176
736 15648 2608
736 12912 3408
496 12912 3936
-2432 10080 3936
336 11120 2128
1072 12400 848
1424 13728 32
-480 14512 304
-2976 15104 1488
-2976 15808 1408
-1744 15808 704
-96 16256 704
112 16384 272
304 16480 144
0 16336 464
0 16256 592
-192 16000 16
-112 15984 16
32 15792 -240
80 15712 -464
48 15808 288
192 15888 464
96 16336 1712
96 16576 1200
272 16576 1200
240 16656 1264
144 16928 1280
224 17088 1072
176 17072 848
176 17024 688
144 16832 656
96 16528 560
288 16528 560
400 16448 528
288 16352 560
192 16304 624
16 16192 720
16 16144 688
96 16176 528
208 16176 272
48 16288 288
48 16336 288
16 16224 384
-160 16112 512
-288 16128 592
-304 16080 624
-304 15872 672
-320 15872 672
-432 15888 688
-608 15888 848
-480 16032 784
-288 16032 1024
-288 16112 992
-416 16144 960
-144 16112 896
-144 16112 736
-80 16064 736
16 16048 576
-80 16016 704
0 16000 768
0 16016 640
-112 16016 512
-64 15952 656
-128 16048 496
-80 16112 592
-32 16096 672
-144 16160 768
-112 16048 800
-112 16000 816
-176 16000 816
-256 16080 832
-256 16064 832
-224 16144 752
-64 16208 1120
-64 16256 848
176 16256 848
176 16336 672
304 16352 704
176 16384 704
64 16304 752
32 16208 832
-144 16144 864
16 16080 864
16 16080 592
80 16000 592
0 15936 864
64 16080 688
112 16000 800
80 16064 656
16 16032 832
64 16048 816
64 16096 928
-64 16096 928
64 16192 736
64 16208 640
-48 16208 672
0 16128 608
0 16160 736
-16 16160 736
-272 16208 624
-288 16176 672
-368 16192 784
-272 16096 688
-208 16192 736
-32 16160 528
-32 16160 688
16 16096 688
16 16112 736
96 16096 448
128 16032 224
-128 15984 464
-16 15984 608
-96 16000 640
-32 15984 704
-32 15984 816
-32 16064 816
32 15984 688
128 16048 720
64 16048 816
64 16032 848
0 16032 848
-176 16112 848
-176 16128 896
-96 16064 800
96 16128 720
16 16096 800
96 16176 768
32 16304 720
32 16256 704
16 16256 704
16 16272 656
16 16256 624
-32 16112 528
-128 16096 576
-128 16128 848
48 16080 752
48 16080 752
208 16064 560
256 16080 704
240 16048 880
16 16096 800
16 16240 624
112 16240 832
256 16192 832
256 16160 832
144 16208 944
48 16208 992
96 16208 1136
32 16112 832
32 16128 816
-16 16128 816
80 16192 656
176 16240 656
400 16144 704
400 16144 752
352 16144 832
128 16160 832
112 16160 608
96 16208 576
176 16160 624
160 16192 720
304 16208 736
96 16128 432
96 16112 544
32 16112 544
128 16160 448
160 16112 608
0 16048 896
-48 16064 976
-48 15952 944
144 15984 736
112 16112 736
48 16112 736
0 15952 624
-32 15984 624
64 15968 1008
48 16096 992
128 16176 816
16 16256 816
80 16192 896
96 16176 1104
192 16144 1040
336 16064 928
240 16032 880
240 16000 832
160 16000 832
80 16016 576
128 16016 288
128 16112 464
-64 16064 672
-64 16064 528
160 16016 528
96 16128 688
64 16112 688
64 16160 608
48 16080 656
-48 16128 720
-48 16224 768
32 16224 768
-160 16240 880
-32 16144 832
-16 16176 640
48 16160 928
48 16144 736
-48 16048 688
-48 16144 640
0 16144 640
-48 16112 704
0 16128 560
32 16112 896
32 16192 832
-32 16192 752
0 16272 752
112 16224 880
160 16192 720
240 16176 896
224 16144 784
176 16080 832
176 16080 928
96 15984 816
32 15984 816
48 15984 784
16 15952 656
128 15952 384
80 16048 544
80 16048 784
-128 15920 784
16 15920 832
-96 15984 656
-64 16000 1104
-64 16080 864
-96 16176 848
-16 16320 944
-16 16320 1104
128 16240 1104
64 16256 864
48 16272 752
112 16192 800
208 16208 896
208 16160 768
96 16080 800
96 16080 848
288 16064 848
224 16048 672
272 16096 688
160 16032 736
160 16064 800
208 16064 928
48 16096 928
-16 16048 752
-128 16016 976
-64 16080 896
-112 16128 1072
-96 16160 960
-96 16112 944
32 16112 944
176 16032 896
208 16048 1200
-112 16112 912
64 16160 992
64 16160 768
80 16144 768
96 16144 784
112 16128 928
80 16160 928
160 16160 1104
256 16096 976
208 16096 880
208 16096 896
400 16048 896
192 16064 864
128 16080 896
64 16112 848
128 16112 704
128 16112 768
192 16144 768
160 16144 832
16 16176 832
0 16096 832
32 16064 656
-16 16176 720
-16 16160 944
-16 16160 656
-16 16128 656
32 16208 528
-112 16112 576
-96 16112 656
-96 16160 592
192 16128 720
192 16160 592
160 16160 592
96 16192 672
64 16176 880
160 16064 864
96 16080 848
96 16112 736
160 16064 880
96 16016 768
144 16064 848
48 16080 848
-64 16112 832
48 16160 656
48 16160 816
128 16144 816
-16 16176 576
128 16224 384
128 16128 480
80 16016 608
80 16016 624
16 16064 624
32 16064 880
-80 16128 880
32 16240 848
-48 16192 768
80 16288 720
-64 16256 784
-64 16256 432
144 16224 432
416 16176 464
144 16128 752
192 16016 784
144 15968 672
160 15856 688
160 15936 992
96 15936 992
80 15920 1072
-32 16000 816
-112 16112 944
0 16160 960
0 16224 1072
0 16224 1040
0 16320 1040
144 16320 832
48 16272 1072
128 16224 1136
96 16192 1376
96 16144 1088
256 16144 976
240 16144 976
112 16064 736
208 16112 640
288 16112 512
32 16176 608
176 16176 288
288 16064 288
320 16080 464
272 16128 544
80 16112 656
-112 15984 784
-16 16000 656
-16 16000 576
224 16064 576
144 16080 688
112 16144 560
80 16080 608
80 16256 592
80 16256 688
-16 16240 720
64 16288 704
128 16320 704
128 16288 672
16 16208 784
0 16240 640
0 16128 528
160 16128 640
128 16080 640
0 16048 656
0 15984 784
-96 15968 720
-112 16000 688
-96 16064 832
-96 16064 640
128 15936 640
16 15904 736
112 15920 864
-16 16016 800
-16 16128 896
-160 16128 880
-96 16112 880
-96 16128 800
-80 16096 912
-96 16080 1024
-96 16224 800
-128 16256 720
-128 16256 512
32 16192 512
80 16144 608
32 16160 832
112 16144 688
112 16208 672
48 16208 560
80 16144 560
64 16144 672
64 16224 496
80 16224 336
128 16224 528
144 16240 560
144 16240 672
0 16128 672
0 16160 672
-16 16144 688
80 16128 944
80 16112 752
112 16112 720
336 16128 720
240 16144 736
240 16128 672
208 16160 896
192 16176 768
288 16048 768
288 16096 688
240 16096 496
272 16128 496
208 16160 496
272 16144 432
160 16160 608
144 16160 608
144 16192 768
96 16192 672
128 16144 672
96 16160 576
144 16128 960
64 16112 624
64 16080 752
112 16080 832
176 16080 832
240 16112 784
176 16096 688
160 16112 832
224 16128 768
288 16112 816
288 16112 448
304 16160 448
288 16080 544
112 16128 656
160 16160 640
160 16128 528
288 16128 384
192 16128 384
96 16160 416
112 16144 512
192 16112 512
144 16144 608
144 16080 544
144 16112 608
-112 16112 608
-112 16128 688
144 16112 624
64 16128 576
-16 16224 288
-16 16224 336
-32 16272 464
-96 16192 496
-64 16112 496
-16 16112 736
16 16080 704
192 16048 720
16 16208 672
16 16144 704
-32 16144 784
-96 16176 784
-48 16208 768
80 16208 400
48 16080 512
0 16192 432
-32 16112 496
-32 16064 768
-48 16128 512
48 16128 512
-32 16048 576
-16 16048 608
-144 16160 768
-16 16192 656
-16 16192 1008
-32 16112 1008
