startup(x,y,z):(416,16272,16)
224 16944 1152
-384 17520 912
-384 18400 1568
-80 20992 2096
-13632 29664 9600
-6336 15168 3168
1200 14288 2320
4640 11888 -5264
7472 7376 -7040
-4640 4672 -7296
-4640 6080 -8064
-5824 7824 -8000
-5120 7760 -8064
-864 6128 -6592
800 4688 -7344
2496 4512 -7760
3184 5520 -8256
4736 7552 -4944
4736 7552 -5216
3040 8928 -6320
2000 9456 -3664
-864 11232 -5840
-1104 16480 -5840
-832 19200 -4976
-832 21680 784
656 21680 320
96 22464 -448
928 22688 32
1008 22784 80
736 21968 -2336
704 21552 -1248
-128 20624 -3744
-16 19600 -3344
400 18800 -3056
1728 18656 -2384
1728 17472 -3088
2544 17472 -2992
3360 16720 -3232
4048 16192 -3296
4624 15904 -2992
4896 15712 -3216
5168 15824 -3024
5488 15872 -3056
6016 15872 -3056
6320 15664 -3104
6384 15360 -3472
6288 14992 -2416
5712 14928 -1808
5088 14688 -2576
4096 14448 -2752
4096 14864 -2288
3808 15008 -1536
3568 15472 -1648
3568 15120 -2160
3184 15120 -1472
2288 15648 -1472
2432 16272 -608
2720 15904 -384
2336 15824 -1712
3248 16256 -656
3312 16384 -576
3120 16272 -896
3040 15920 -496
3696 15296 -432
3696 15296 -1392
3664 15296 -1488
3520 15728 -1488
3040 15984 -1824
2704 16144 -1680
2592 16272 -1600
2448 16208 -2000
2448 16240 -2048
2672 16240 -1648
2880 16208 -1360
3264 16048 -1216
3408 15872 -1216
3120 15648 -1264
3216 15808 -1360
3792 15856 -1568
4352 15584 -1632
4592 15216 -1664
4768 15056 -1664
4528 15104 -1792
4944 15184 -1728
5152 15168 -1728
5376 15040 -1664
5376 15040 -1504
5440 15040 -1168
5568 14912 -1424
5696 14928 -1472
5952 15008 -1584
6160 15056 -1232
6144 15168 -1152
6400 15296 -1328
7552 15168 432
7568 15136 16
7024 15168 -496
6240 15248 -384
5712 15472 64
5520 15664 800
5296 15552 -80
5280 15456 -640
5088 15360 -352
5088 15280 320
4784 15280 -768
4560 15280 -768
4768 15472 -1536
640 12672 2960
1040 15568 384
1040 16464 -1344
3568 15088 -1216
6688 14752 -32
7360 15120 -256
5568 15616 -624
4992 16064 -544
4576 16016 -480
4576 15648 -544
4624 15360 -640
5040 15360 -752
5312 15168 -752
5360 15168 -960
5296 15296 -960
5296 15312 -912
5200 15216 -752
5344 15216 -752
5392 15328 -816
5392 15328 -960
5504 15296 -960
5600 15424 -1104
5808 15456 -1152
5872 15424 -1104
5712 15392 -1040
5632 15504 -1056
5696 15632 -1216
5776 15776 -1056
5776 15760 -1296
5664 15696 -1440
5696 15504 -1248
5552 15440 -1104
5552 15296 -992
5488 15296 -912
5632 15328 -912
5728 15312 -1024
5552 15392 -960
5312 15472 -912
5312 15488 -880
5312 15328 -656
5264 15376 -704
5360 15376 -896
5376 15504 -896
5488 15392 -912
5504 15328 -1072
5392 15232 -928
5392 15200 -864
5392 15200 -928
5360 15296 -928
5424 15296 -976
5696 15296 -912
5472 15312 -880
5312 15296 -832
5376 15280 -1008
5504 15280 -896
5504 15264 -1152
5536 15264 -976
5520 15536 -976
5520 15408 -1008
5680 15376 -848
5408 15360 -928
704 10048 176
3504 15664 2992
3504 16400 208
5456 16400 -720
7136 15392 -720
6864 14960 -1024
5936 15200 -832
5120 15760 -752
4944 16288 -656
5040 15856 -704
5344 15552 -816
5344 15408 -752
5472 15584 -832
5696 15584 -1008
5456 15664 -1008
5456 15680 -1008
5456 15680 -896
5424 15296 -752
5344 15040 -928
5232 15248 -752
5232 15264 -864
5376 15264 -864
5296 15168 -976
5360 15280 -1216
5440 15344 -1056
5376 15328 -928
5296 15280 -976
5264 15360 -800
5024 15360 -640
5136 15328 -576
5216 15296 -720
4992 15376 -800
4928 15392 -576
5120 15440 -864
5120 15440 -960
5168 15472 -960
5232 15392 -912
5328 15376 -704
5360 15424 -704
5392 15456 -704
5456 15472 -832
5456 15504 -960
5408 15504 -1088
5472 15392 -1056
5488 15488 -960
5408 15520 -832
-2032 10576 -384
2752 15632 -2144
2752 15632 -2432
5520 16528 -2096
6416 14832 -2096
6272 14656 -1600
5568 15200 -864
4992 15648 -976
4784 15632 -752
5248 15472 -1072
5504 15456 -1072
5584 15440 -816
5552 15504 -800
5488 15408 -720
5344 15152 -864
5360 15312 -992
5376 15376 -992
5328 15424 -1008
5072 15520 -896
4784 15504 -800
4656 15536 -784
4656 15408 -752
4848 15392 -656
5136 15392 -848
5280 15408 -848
5056 15424 -944
4992 15392 -944
5200 15328 -1216
5280 15392 -1024
5360 15328 -944
5552 15280 -960
5520 15360 -960
5520 15104 -912
5472 15328 -720
5520 15328 -720
5552 15360 -864
5520 15232 -1024
5568 15280 -1008
5536 15360 -1088
5440 15312 -768
5424 15248 -992
5424 15264 -1152
5280 15264 -1152
5392 15360 -1200
5408 15504 -944
5392 15440 -880
5216 15472 -800
5232 14832 -480
6096 15232 624
6096 16288 -2880
5760 16288 -2544
4672 15440 -1568
5664 14928 -1568
4928 14976 -976
6672 15808 -272
5824 16064 -672
5792 16432 -784
5792 16576 -560
5616 16576 16
5552 16592 -128
5136 16416 -128
5024 16144 -256
4784 15968 -192
4992 15968 -320
4560 15856 -256
4560 15856 -112
4752 16000 -112
4336 16080 -352
4416 16080 -288
4320 15920 -368
4480 15568 -144
4768 15424 -304
4976 15456 -464
4976 15328 -336
4976 15328 -80
4784 15264 -80
5072 15200 -256
5200 15424 -256
5232 15232 -672
5456 15296 -608
5776 15184 -592
5776 14928 -624
6016 14928 -640
5824 14944 -896
5744 14960 -1024
5824 14768 -976
5712 14912 -880
5552 14912 -752
5552 15072 -448
5840 15024 -432
5872 15024 -432
5680 14928 -496
5552 14672 -624
5584 14704 -592
5552 14832 -880
5296 15168 -784
5296 15680 -816
5552 15680 -624
5744 16160 -624
5472 16672 -672
5424 16784 -672
5280 16736 -464
5296 16352 -704
5520 15952 -800
5840 15680 -928
6272 15616 -992
6576 15408 -880
6464 15520 -928
6624 15408 -736
6624 15408 -800
6656 15472 -592
6528 14832 -592
6384 14320 -816
6400 14320 -928
6320 14208 -896
6464 14512 -704
6464 15040 -800
6448 15040 -944
6320 15776 -1008
6176 16272 -1008
5920 16560 -1088
5600 16320 -752
5680 16352 -544
6304 15216 -512
6112 15296 -752
6112 15296 -912
6512 15056 -912
6784 14608 -784
6576 14208 -480
6416 14048 -672
6352 13936 -928
6560 13440 -1008
6560 13744 -1040
6624 13744 -944
6624 14064 -944
6480 14912 -656
6096 14912 -672
6144 14944 -720
6256 14976 -816
6256 14960 -528
6304 14960 -448
6240 14944 -448
6240 14928 -592
6176 14928 -528
6032 14832 -704
6160 14896 -992
6176 14944 -928
6256 15040 -832
6256 15040 -784
6208 15120 -784
6208 15120 -448
6240 15184 -272
6464 15168 -752
6384 15104 -672
6304 15120 -976
6304 15088 -976
6304 15088 -880
6336 15072 -848
6224 15088 -912
6224 15088 -912
6320 14928 -992
6448 14480 -992
6544 14496 -1040
6704 14656 -1264
6816 14656 -1200
6816 14688 -1024
6720 14528 -1200
6928 14304 -1088
6912 14304 -880
6944 14096 -880
6720 13856 -1072
6544 13744 -816
6304 14336 -864
6528 15152 -1024
6608 16080 -1072
6608 16416 -1024
6560 15936 -864
6352 15936 -656
6368 15408 -656
6304 15200 -608
5920 15248 -384
5328 15520 -480
5008 15616 -176
5120 16032 -128
5184 16144 -384
5184 16080 -448
5296 15776 -480
5296 15536 -416
5520 15536 -416
5680 15616 -416
5872 15536 -624
5824 15312 -768
6160 15264 -1072
6272 15216 -1024
6272 15040 -1152
6496 15040 -1104
6656 14832 -1104
6848 14880 -944
6720 14768 -1152
6656 14944 -1120
6384 14944 -1152
6384 15040 -880
6368 15040 -736
6464 15088 -736
6400 15072 -832
6256 14992 -880
6080 14944 -928
5888 15248 -832
5696 15536 -912
5696 15648 -752
5712 15648 -672
5744 15648 -608
5872 15696 -608
6064 15888 -896
5696 15872 -704
5888 15344 -688
6000 15456 -704
6032 15552 -880
6032 14528 -896
6144 14400 -896
6176 14208 -624
6736 14496 -880
6224 15792 -1200
6080 15840 -896
6080 15680 -960
5408 15456 -960
5888 15696 -1040
5888 15136 -928
5888 14480 -864
5936 14480 -1296
5616 14352 -1296
5072 14672 -1168
5584 14944 -240
5664 15136 -352
5872 14896 -624
5872 14992 -848
5744 15744 -1104
5312 16336 -896
6288 16336 -688
6528 16112 -944
6864 15408 -944
7024 14976 -944
6608 14848 -1040
6160 15088 -912
5808 15152 -1040
5808 14992 -896
5840 14992 -912
6096 15200 -976
6320 14448 -944
6320 14544 -944
6304 14400 -1008
6304 14544 -1008
6240 14736 -928
6080 14944 -832
5936 14960 -576
5792 14944 -592
5792 14944 -528
5920 14960 -528
5728 15056 -528
5312 15392 -352
4512 15856 -144
3200 16288 256
2224 16080 672
2224 15760 640
2752 15760 -1040
2816 15232 -1040
-576 14576 -5600
384 14624 -7088
3904 15200 -3776
2896 14784 -5136
1792 13888 -5488
976 12672 -8784
976 12096 -8960
2160 13296 11680
12784 16928 8992
10272 19408 -432
8976 19232 176
9456 16864 176
9776 15840 -400
8320 15872 -1056
6512 15696 -1120
4720 15600 -880
4720 15600 -544
3968 15440 -544
3984 15392 -560
4032 15360 -912
4352 15344 -944
5232 15248 192
5504 15568 -64
5360 15808 -400
5360 15680 -944
5136 15680 -944
5168 15584 -672
5024 15584 -800
4688 16016 -1040
4768 16128 -752
4848 15952 -752
4944 15696 -1008
