startup(x,y,z):(464,16208,288)
416 16880 2656
400 16832 2208
256 16656 1520
400 16528 1248
464 16448 1232
480 16528 1232
-2880 16976 1824
-1232 16480 1680
-944 16032 976
16 15808 336
256 16000 720
-240 16096 1056
256 16256 1040
-48 16624 720
64 16560 720
176 16544 848
32 16384 720
-96 16256 752
-96 16496 1056
128 17024 2112
0 19152 6352
2304 30816 9248
-5952 18816 20496
6368 25728 11664
13392 29184 -7744
13392 28848 4976
12304 28848 14704
8640 15040 11152
3536 10944 560
7264 13184 -7936
9776 14448 -7936
8352 12192 -8656
6400 10560 -7744
4832 10320 -7008
3696 10640 -5440
4048 11088 -4720
4048 11152 -5536
5312 11152 -6208
5616 10224 -6208
4912 9232 -5728
3600 8432 -5328
2592 8800 -4048
1600 9984 -3200
592 10928 -3040
592 11056 -3056
-320 10976 -2912
-1712 10976 -2912
-3168 11344 -2912
-4448 12032 -2320
-5424 13104 -1936
-5936 14048 -1696
-6240 15216 -1184
-6528 16544 -112
-6672 18256 1520
-6464 20032 2704
-5680 21392 3008
-5680 21920 2912
-4464 21920 2912
-3232 21408 2384
-2176 20624 2032
-1280 19824 864
-704 18944 112
-192 18160 -528
-192 17328 -976
176 17328 -1024
576 16656 -1024
1136 16096 -1152
1632 15552 -1456
2224 14768 -2144
2640 13984 -2240
2720 13264 -2624
2752 13264 -2896
2976 13232 -2352
3568 13232 -2112
3648 12640 -2112
4832 13536 -2912
5280 13520 -5744
5488 13840 -1200
3664 14768 -272
3664 15936 544
5120 15936 912
4064 16880 912
3760 17200 -1312
3856 17456 -2096
3696 17936 -960
3296 18384 1552
2832 14736 1184
3872 17472 -1744
3872 17472 -2048
1808 17200 -2048
1920 15968 -1664
2064 15120 -848
2096 15056 -448
2080 15328 -352
1936 15632 -320
1824 15792 -176
1824 15792 -1280
1728 15520 -1280
1776 14880 -1040
1600 14480 -1136
1744 14352 -960
1920 14528 -1040
1376 14432 -1824
1376 14464 -1824
1248 14464 -1680
2128 14752 -1680
3424 15264 -1296
4208 15952 -1072
4192 16240 -1520
3872 16352 -1376
6336 16544 2512
6336 16000 -192
4464 16000 -3088
3792 15472 -3088
4672 15680 -2064
5392 15776 -2064
5680 16144 -2224
5792 16336 -2688
5792 16432 -2704
5792 16432 -2320
5648 16624 -2320
5152 16784 -1792
5120 17264 -1264
5216 17200 -1392
5648 17232 -1440
5648 16736 -1904
5632 16736 -1840
5376 16240 -1840
5344 15920 -1920
5200 15888 -1952
5360 15776 -1840
5296 15712 -1760
5296 15664 -1696
5136 15664 -1696
5264 15600 -1712
5328 15584 -1760
5184 15552 -1856
5024 15552 -1456
4944 15552 -1440
4944 15552 -1520
4976 15520 -1520
4624 15600 -1440
4416 15792 -1168
4336 15840 -1456
4464 15840 -1392
4496 15648 -1216
4496 15584 -1024
4496 15504 -896
4656 15504 -896
4672 15552 -944
4528 15552 -1008
3648 15376 -704
4432 15376 -1120
5216 15408 -1280
5392 15312 -1184
5392 15232 -896
5424 15232 -1232
5568 15232 -1232
5616 15264 -1136
5776 15136 -1376
5984 15136 -1536
6192 15072 -1488
6144 15008 -1808
6144 14928 -1472
6144 14976 -1296
5936 15008 -1184
6000 15136 -1104
6000 15088 -896
5744 15088 -1024
5552 15088 -1024
5504 15184 -880
5312 15200 -880
5120 15328 -720
5120 15440 -912
4880 15440 -912
4880 15504 -912
4752 15568 -1008
4672 15648 -672
4400 15648 -672
4448 15696 -1072
4704 15664 -1008
4704 15600 -896
4784 15520 -992
4848 15360 -960
5024 15280 -1008
5104 15328 -1184
5568 15184 -1184
5568 15232 -1472
5712 15232 -1504
5744 15216 -1504
5776 15216 -1504
5792 15216 -1408
5824 15120 -1584
5840 15104 -1440
6096 15024 -1328
6096 14960 -1344
6112 15056 -1040
6048 15120 -1408
6048 15200 -1200
5840 15200 -1088
5664 15200 -1088
5584 15232 -1312
5424 15264 -1232
5488 15280 -1200
5424 15408 -1232
5376 15376 -1088
5376 15376 -1168
5376 15504 -1248
5136 15488 -1392
5184 15488 -1232
4992 15312 -1232
4992 15488 -1120
5056 15440 -1072
5152 15440 -1056
5200 15440 -1248
5376 15440 -1296
5376 15520 -1568
5248 15520 -1280
5408 15424 -1280
5456 15408 -1440
5504 15472 -1424
5456 15440 -1296
5584 15360 -1488
5632 15344 -1488
5568 15376 -1616
5568 15376 -1488
5568 15344 -1472
5552 15344 -1488
5600 15392 -1488
5552 15376 -1392
5552 15392 -1344
5488 15392 -1248
5280 15504 -1248
5264 15456 -1296
5264 15504 -1264
5360 15504 -1216
5104 15584 -1216
5152 15600 -1216
5136 15552 -1328
5200 15520 -1456
5216 15568 -1376
5216 15568 -1552
5280 15568 -1424
5312 15392 -1264
5488 15280 -992
5536 15248 -1056
5488 15232 -1200
5488 15216 -1056
5392 15216 -1056
5616 15296 -1088
5728 15296 -1088
5616 15296 -1088
5760 14976 -1264
5808 15088 -1344
5792 15088 -1472
5808 15104 -1168
5936 15072 -1392
6176 15040 -1440
6176 15120 -1296
6128 15120 -1296
5952 15152 -1184
5824 15248 -1312
5744 15168 -1104
5632 15216 -976
5568 15216 -1056
5568 15296 -896
5472 15296 -1088
5424 15360 -1056
5360 15360 -1200
5360 15344 -1200
5312 15360 -1072
5216 15360 -736
5200 15312 -672
5200 15344 -832
5312 15344 -832
5376 15328 -1104
5392 15280 -1104
5552 15296 -1312
5776 15232 -1120
5776 15296 -1312
5792 15248 -1152
5696 15200 -1408
5760 15248 -1456
5760 15248 -1584
5504 15280 -1328
5728 15232 -1536
5744 15136 -1472
5728 15200 -1280
5856 15168 -1264
5872 15248 -1344
5872 15232 -1552
5808 15184 -1376
5952 15168 -1424
5792 15280 -1456
5792 15280 -1232
5728 15344 -1232
5664 15392 -1264
5616 15408 -1216
5568 15376 -1056
5488 15344 -1088
5472 15344 -1104
5680 15296 -1120
5536 15328 -1024
5440 15312 -1056
5440 15312 -960
5536 15376 -960
5408 15328 -1008
5376 15312 -992
5568 15232 -1136
5584 15264 -1184
5584 15168 -1360
5680 15168 -1216
5456 15184 -1216
5600 15200 -1312
5696 15200 -1312
5648 15152 -1312
5776 15104 -1424
5776 15136 -1056
5808 15136 -1056
5856 15200 -1152
5728 15136 -1056
5728 15184 -1088
5520 15216 -1008
5440 15248 -1216
5376 15392 -1216
5408 15392 -848
5264 15328 -832
5216 15296 -912
5328 15328 -976
5264 15408 -1136
5264 15440 -1008
5088 15424 -800
5264 15392 -960
5408 15392 -1104
5408 15280 -880
5472 15280 -944
5504 15296 -944
5504 15280 -1264
5696 15296 -1264
5568 15248 -1168
5568 15232 -1168
5792 15152 -1184
5872 15264 -1088
5856 15248 -1056
5824 15280 -1248
5760 15296 -1072
5680 15248 -960
5616 15248 -1104
5552 15392 -976
5680 15264 -1072
5648 15248 -1424
5568 15264 -1392
5488 15392 -1296
5424 15296 -1168
5232 15296 -816
5312 15280 -928
5360 15264 -1072
5456 15248 -1200
5536 15360 -1200
5440 15376 -960
5392 15408 -1152
5344 15424 -1040
5264 15424 -1040
5360 15312 -1008
5360 15296 -1088
5360 15360 -1248
5360 15360 -1120
5360 15376 -960
5216 15376 -1472
5520 15408 -1312
5376 15392 -1168
5488 15312 -1152
5360 15344 -1248
5408 15344 -1360
5456 15344 -1152
5552 15360 -1168
5552 15360 -1168
5408 15344 -1056
5280 15376 -976
5344 15344 -816
5264 15376 -880
5264 15344 -992
5472 15344 -960
5392 15376 -1056
5408 15360 -960
5408 15360 -1344
5520 15328 -1344
5376 15360 -1024
5424 15344 -1136
5584 15264 -1040
5616 15232 -928
5696 15136 -912
5664 15200 -992
5664 15184 -976
5648 15200 -1088
5648 15248 -1232
5616 15248 -1120
5616 15232 -1120
5680 15312 -1120
5600 15376 -1120
5600 15264 -1008
5456 15280 -1040
5472 15312 -960
5472 15312 -752
5344 15264 -848
5328 15376 -880
5344 15360 -864
5312 15440 -1024
5264 15472 -1104
5152 15488 -848
5264 15536 -1344
5248 15488 -1392
5328 15552 -1168
5280 15808 -1344
5424 15280 -1056
5552 15280 -944
5552 15536 -992
5744 15488 -976
5648 15376 -1184
5584 15328 -1024
5616 15200 -960
5664 15200 -1056
5664 15232 -928
5504 15232 -784
5536 15248 -784
5424 15184 -464
5280 15200 -672
5344 15216 -816
5376 15216 -976
5488 15232 -960
5488 15296 -1120
5472 15280 -1024
5312 15328 -896
5392 15264 -976
5392 15264 -832
5536 15232 -832
5600 15232 -1008
5568 15232 -960
5520 15296 -848
5584 15360 -928
5552 15408 -912
5568 15328 -928
5552 15328 -832
5552 15264 -976
5728 15280 -976
5648 15264 -1008
5648 15360 -1312
5680 15360 -1312
5712 15456 -1120
5632 15328 -1072
5520 15328 -1024
5568 15264 -960
5600 15264 -944
5456 15312 -960
5568 15328 -1056
5568 15392 -1040
5568 15392 -992
5600 15376 -816
5488 15328 -816
5712 15264 -848
5584 15280 -864
5488 15264 -784
5520 15392 -992
5520 15328 -1120
5520 15360 -1104
5456 15376 -1088
5616 15376 -1088
5472 15296 -864
5616 15248 -944
5600 15280 -1056
5552 15200 -880
5680 15264 -880
5712 15280 -1136
5712 15280 -1040
5520 15136 -1024
5536 15104 -1024
5712 15040 -1104
5744 15008 -1072
5632 15120 -976
5664 15168 -672
5664 15312 -720
5552 15312 -720
5712 15408 -880
5488 15456 -880
5392 15552 -688
5312 15552 -640
5392 15616 -704
5264 15584 -640
5072 15600 -784
5072 15600 -704
5168 15600 -544
5024 15568 -544
5056 15568 -768
5264 15408 -752
5376 15360 -640
5104 15392 -816
5056 15536 -896
4976 15584 -752
4848 15504 -576
4880 15488 -608
5040 15536 -736
5216 15552 -1008
5216 15472 -960
5216 15360 -1008
5312 15296 -1104
5504 15360 -1024
5600 15312 -1088
5600 15280 -912
5504 15264 -912
5664 15232 -1008
5632 15296 -1248
5520 15296 -1120
