startup(x,y,z):(368,16240,208)
12928 14832 -7056
832 16816 3184
-4176 16080 7920
-1520 15968 3040
3328 16576 1056
10464 16608 1424
3952 16096 1296
944 16208 2928
2992 16160 2576
3888 16240 2144
-96 15984 2128
-3120 16016 1936
-3472 16096 -3520
-960 15536 -5056
1136 16000 -4784
-240 16272 -3440
-80 16416 -2992
1328 16384 -3360
1104 16352 -2400
32 16512 -656
-160 16336 144
32 16224 384
768 16240 640
976 16208 1008
1328 16192 1344
1456 16160 1344
896 16144 1312
304 16144 1232
272 16128 672
192 16128 464
320 16176 512
64 16240 224
240 16208 -240
240 16224 -208
544 16192 -80
528 16208 -144
496 16256 -144
592 16192 384
576 16160 496
576 16224 592
560 16224 464
544 16288 64
672 16288 -80
528 16304 -304
576 16288 -592
496 16224 -832
432 16208 -832
352 16304 -1040
1360 16048 -1248
1040 16336 -240
96 16352 -32
240 16448 -304
-544 16352 784
112 16288 512
416 16208 400
832 16128 784
848 16112 1072
672 16336 592
400 16320 576
560 16208 400
512 16192 368
448 16208 32
432 16176 -128
720 16240 -304
320 16240 -512
432 16256 -496
608 16224 -624
736 16240 -288
576 16224 -624
480 16224 -144
592 16256 32
496 16240 368
448 16256 656
560 16272 512
448 16304 512
368 16240 768
416 16192 688
416 16160 400
480 16192 400
496 16192 272
480 16176 160
448 16160 -96
352 16160 -272
256 16192 -352
400 16096 -416
416 16080 -368
432 16128 -224
544 16144 32
480 16144 32
496 16192 48
528 16160 112
496 16160 512
416 16176 432
368 16144 336
432 16144 208
336 16192 -16
400 16096 112
464 16112 288
480 16176 96
480 16176 32
544 16192 -16
448 16256 48
432 16240 112
592 16224 96
544 16176 368
592 16208 256
544 16272 208
480 16288 160
480 16272 304
416 16224 304
416 16224 48
512 16160 -16
544 16144 0
512 16224 -16
480 16256 16
480 16272 -32
464 16224 32
576 16176 160
544 16208 -240
432 16256 -16
416 16240 320
320 16272 656
352 16240 432
448 16176 256
384 16288 96
384 16272 272
352 16288 128
384 16176 128
272 16160 192
336 16208 112
464 16224 128
672 16240 -224
656 16240 -176
608 16256 -144
560 16256 400
528 16256 256
416 16240 160
400 16240 112
480 16256 272
400 16208 -48
400 16240 -64
400 16208 224
432 16256 -96
416 16240 0
416 16192 64
464 16160 -224
416 16176 -80
464 16288 0
496 16224 48
544 16160 96
512 16224 96
448 16192 48
432 16224 96
272 16240 -208
368 16224 -272
432 16240 -80
560 16224 -48
544 16208 144
480 16192 96
464 16240 128
432 16160 64
416 16208 256
528 16240 -224
352 16208 80
336 16208 96
448 16224 96
576 16224 208
560 16256 96
512 16224 112
496 16208 112
512 16208 16
560 16256 -16
624 16320 -16
480 16224 224
368 16176 208
368 16256 144
400 16256 128
528 16208 80
496 16176 480
544 16176 64
496 16192 208
496 16224 192
544 16256 176
528 16176 128
528 16208 -96
480 16208 -48
400 16208 128
432 16240 144
448 16208 192
400 16240 144
544 16256 48
512 16208 32
464 16208 -176
448 16240 0
544 16320 -16
592 16160 176
560 16176 192
544 16160 128
528 16224 128
368 16224 304
544 16288 128
544 16272 224
544 16208 128
560 16208 128
528 16240 96
464 16256 48
512 16256 80
528 16176 80
432 16288 112
448 16272 -128
368 16272 -144
304 16288 128
400 16192 48
512 16224 64
544 16160 192
496 16224 80
432 16256 -160
400 16288 144
368 16272 -16
464 16240 96
304 16320 112
352 16192 176
416 16256 -64
400 16208 16
368 16208 112
464 16208 128
464 16208 224
416 16272 64
384 16240 48
416 16256 -80
336 16208 32
384 16320 96
544 16272 96
544 16272 16
464 16240 160
512 16192 64
512 16208 48
432 16224 304
464 16256 272
416 16192 256
416 16240 224
448 16224 160
368 16256 320
480 16288 160
480 16176 128
272 16208 -96
480 16176 -16
400 16224 80
448 16208 64
448 16192 80
448 16192 -128
496 16240 0
624 16240 -384
448 16256 -352
400 16144 -64
464 16192 224
