startup(x,y,z):(416,16224,128)
16 16928 288
1280 16000 1568
880 16112 1184
688 16112 1200
688 16288 1232
800 16320 448
928 16208 -16
608 16192 560
160 16160 1040
272 16304 352
192 16176 -416
496 16272 -1232
1168 16224 -1632
864 16256 -1088
528 16256 -960
224 16272 -272
160 16288 608
864 16320 640
720 16224 480
672 16192 608
320 16224 640
384 16112 1072
368 16176 544
448 16224 -16
624 16240 -352
752 16304 -848
448 16256 -848
272 16128 -544
464 16176 -288
688 16192 80
496 16304 -128
-96 16144 176
64 16144 656
656 16208 672
1328 16240 384
1024 16176 544
608 16256 176
800 16288 -112
432 16256 -544
112 16208 128
368 16320 80
1008 16160 -560
288 16192 -432
288 16176 -336
320 16240 224
432 16256 320
784 16256 432
224 16192 624
160 16176 560
368 16128 288
656 16128 272
688 16224 -16
480 16160 -240
304 16272 -240
352 16320 -368
368 16304 -368
576 16256 -272
464 16176 -256
416 16160 160
416 16176 144
464 16272 352
432 16240 432
512 16272 656
464 16256 496
528 16192 128
528 16192 144
400 16192 128
400 16224 -96
528 16176 -96
608 16208 -256
544 16256 -288
576 16144 -192
448 16192 272
416 16240 144
352 16256 224
384 16240 176
432 16240 112
352 16240 112
304 16288 128
512 16176 112
432 16208 256
448 16224 144
432 16240 80
320 16256 -80
224 16192 -96
544 16144 -112
400 16192 0
384 16096 -32
464 16240 16
544 16240 16
560 16240 96
576 16224 64
528 16240 240
480 16224 256
480 16208 128
416 16240 80
512 16192 160
432 16160 144
400 16272 96
448 16240 32
416 16224 320
384 16256 192
464 16320 96
656 16336 64
544 16288 64
576 16208 64
496 16224 16
464 16256 64
496 16240 352
448 16256 224
512 16208 160
544 16208 0
464 16208 -160
560 16272 96
544 16224 48
464 16240 32
464 16160 176
416 16208 128
496 16192 128
576 16112 208
416 16192 240
480 16160 352
512 16128 192
464 16144 256
464 16192 384
400 16192 48
432 16176 96
448 16304 -48
480 16208 64
480 16192 64
384 16176 176
384 16192 160
432 16176 192
304 16160 128
432 16192 176
464 16192 80
432 16208 368
416 16144 160
368 16128 96
512 16144 32
544 16208 320
368 16224 272
384 16288 208
480 16272 400
400 16192 256
400 16176 240
400 16176 32
416 16192 80
432 16160 -16
432 16160 64
384 16208 320
320 16240 144
464 16272 -96
368 16256 -160
368 16336 -144
480 16272 -96
464 16224 64
512 16256 144
496 16256 176
384 16224 224
272 16304 320
384 16240 112
432 16160 80
416 16192 64
448 16272 -400
384 16192 80
464 16176 -48
480 16176 144
496 16224 32
608 16224 16
624 16192 -32
528 16128 48
528 16160 80
480 16160 240
400 16176 224
464 16224 240
560 16240 48
544 16224 -208
544 16224 -64
560 16240 -16
544 16208 144
464 16256 144
448 16224 32
464 16176 -48
448 16192 16
512 16192 -128
480 16224 -96
448 16240 -64
496 16304 0
752 16256 -16
576 16272 -80
576 16256 32
496 16288 16
464 16256 48
464 16240 160
448 16304 384
400 16288 176
400 16272 64
464 16304 80
432 16240 112
400 16256 272
544 16288 96
576 16224 112
480 16272 -16
352 16272 160
416 16256 -80
416 16240 -128
320 16224 0
448 16288 64
480 16256 -16
480 16208 32
496 16176 192
480 16256 192
400 16224 144
544 16272 176
512 16288 144
368 16240 48
432 16192 192
448 16240 0
512 16256 -48
448 16176 96
288 16176 272
304 16224 224
352 16192 224
368 16224 176
304 16208 -208
432 16224 -96
608 16224 -64
496 16224 -128
464 16272 160
528 16320 128
320 16272 144
496 16256 208
496 16256 112
448 16224 176
480 16128 48
528 16176 272
512 16144 240
464 16208 192
448 16256 160
464 16304 32
384 16256 80
464 16224 96
432 16176 96
512 16192 144
464 16160 192
432 16224 304
288 16192 48
304 16192 48
400 16192 32
400 16176 -80
416 16224 -32
480 16272 -112
432 16224 -96
432 16272 -144
448 16400 -288
