startup(x,y,z):(432,16192,176)
-5920 17936 5200
-1120 17440 768
-2304 16368 1376
-1520 16016 1376
1248 15600 768
880 16000 -256
592 15888 -240
800 15888 -832
2608 16208 -2960
6848 17072 -9952
2704 16960 -4896
-4240 16304 4000
-5488 16016 3280
-2496 16528 4400
-1488 16496 3872
-960 16416 3216
-464 17200 912
2224 16448 896
3760 16160 416
1344 16720 3648
224 16800 1360
2064 16560 -736
3696 16560 -448
832 16192 -1184
224 16256 -2464
800 16448 -3552
-48 16256 -2128
-1120 16368 -1760
-272 16528 -1760
-304 16208 -1680
-32 16272 -1472
144 16192 -864
416 16192 -1488
864 16128 336
736 16176 688
976 16160 1200
720 16144 1904
544 16144 1664
288 16192 1600
160 16192 1440
336 16288 944
528 16240 496
528 16304 176
672 16320 -96
544 16304 -480
528 16272 -768
496 16320 -960
320 16224 -864
368 16368 -752
432 16368 -560
480 16320 -432
640 16256 -416
368 16304 -320
368 16240 -208
288 16352 144
304 16336 448
304 16224 480
480 16272 544
400 16160 544
256 16176 528
400 16176 448
480 16176 384
560 16224 320
656 16208 -16
496 16208 -240
432 16192 -160
272 16240 -128
400 16304 -96
416 16240 16
368 16272 48
464 16208 336
448 16272 288
480 16240 192
528 16160 96
496 16096 160
352 16080 96
320 16160 16
352 16224 -16
304 16240 -128
432 16288 -256
400 16240 -128
608 16304 -16
464 16224 32
352 16224 32
464 16272 160
464 16192 208
416 16128 288
256 16256 320
368 16256 128
512 16256 256
528 16208 64
432 16192 80
416 16192 -320
400 16144 -208
416 16160 -208
336 16208 -48
480 16176 -80
432 16208 112
336 16240 32
400 16208 16
384 16272 32
384 16208 32
512 16224 192
400 16288 208
528 16224 288
480 16208 64
496 16208 128
416 16304 144
304 16240 272
368 16192 -80
512 16240 -160
480 16224 -176
464 16176 -112
336 16224 -16
384 16256 -16
544 16160 -32
576 16176 -160
512 16272 -32
464 16240 -48
512 16224 -96
496 16192 32
512 16160 128
496 16224 128
480 16176 112
544 16240 -80
448 16256 176
464 16304 80
432 16240 80
400 16208 144
496 16160 192
384 16288 240
464 16320 64
496 16272 -32
416 16304 -32
400 16240 -16
400 16240 -96
432 16128 0
496 16176 -112
352 16160 240
288 16160 240
368 16224 208
448 16224 176
352 16224 160
464 16208 208
384 16304 112
416 16224 -240
400 16224 64
400 16272 96
448 16240 0
448 16192 224
480 16192 64
528 16304 128
432 16208 48
464 16128 -112
592 16208 -32
464 16256 32
528 16208 112
528 16176 256
480 16160 160
448 16240 80
320 16256 -128
496 16160 0
448 16224 144
496 16256 -32
480 16192 -16
448 16176 -64
448 16160 -128
560 16224 -160
528 16192 -224
464 16176 -80
448 16176 48
448 16160 112
464 16192 128
512 16208 256
416 16224 192
384 16192 48
384 16176 0
432 16192 0
448 16224 112
464 16272 208
496 16304 352
512 16208 304
432 16256 128
480 16208 160
416 16144 112
432 16272 64
384 16208 -64
416 16256 96
480 16256 64
448 16272 80
448 16160 48
448 16128 48
496 16192 0
464 16240 256
416 16240 192
480 16208 144
448 16208 192
432 16304 240
448 16272 160
512 16288 112
416 16240 176
512 16192 80
512 16240 -64
480 16192 0
464 16192 0
528 16192 112
448 16208 64
464 16304 32
416 16368 -64
496 16272 112
448 16240 128
464 16192 64
432 16224 -48
432 16208 64
384 16208 96
400 16240 -64
512 16128 -16
464 16192 32
448 16224 -208
512 16224 -352
560 16256 -96
592 16192 0
544 16176 -64
480 16128 160
608 16192 208
480 16224 144
464 16208 144
400 16256 272
432 16224 128
416 16240 416
400 16224 256
384 16192 160
416 16144 160
400 16208 64
400 16272 -240
496 16224 144
480 16256 240
560 16304 0
496 16240 -128
496 16272 -32
528 16192 -48
528 16208 -16
672 16128 32
592 16224 16
544 16240 80
480 16224 0
480 16224 128
304 16240 192
288 16208 192
352 16288 192
544 16304 112
432 16288 64
432 16208 64
560 16160 128
688 16160 112
768 16192 0
