startup(x,y,z):(-320,16160,160)
-416 16784 48
-2992 15360 -576
2128 14656 880
4752 14160 -5440
4752 14160 1104
4464 14448 1104
2416 15232 -960
1312 15824 256
-848 15648 1200
-848 15936 416
-752 15936 416
-368 15504 -1648
-256 15904 -784
64 16000 688
-928 16176 -832
-928 15760 1440
-464 15760 656
-432 16240 656
-832 16224 -144
-208 16336 -704
304 16288 -272
208 16000 160
208 16000 832
608 15664 832
1008 15920 368
784 16016 992
624 16032 -128
-320 16208 -352
-320 16208 1232
-496 16208 112
-816 16176 112
-1200 15920 1760
-1984 16016 192
-2496 15984 -416
-1728 16176 112
-1728 16176 -944
-944 16224 -944
-304 16048 -16
-176 16320 -80
-768 16288 224
-560 16368 352
-560 16192 -192
-464 16192 -192
-416 16272 320
-400 16272 -208
-432 16320 208
-496 16320 0
-496 16320 224
-448 16320 224
-368 16240 608
-432 16256 432
-400 16112 496
-368 16224 128
-368 16160 192
-496 16160 192
-320 16144 80
-256 16176 112
-464 16256 368
-320 16176 400
-320 16160 288
-272 16160 288
-208 16176 0
-128 16160 128
-272 16112 192
-128 16176 128
-128 16256 448
-272 16128 112
-304 16128 112
-256 16192 384
-256 16240 384
-320 16112 480
-256 16128 384
-256 16272 128
-288 16272 192
-368 16176 192
-288 16192 240
-176 16160 240
-288 16096 608
-192 16128 144
-192 16128 240
-304 16128 240
-288 16128 160
-208 16128 400
-320 16160 496
-320 16176 608
-368 16176 384
-384 16112 144
-400 16112 320
-352 16240 128
-368 16272 96
-368 16272 288
-256 16288 288
-176 16336 304
-400 16240 208
-512 16224 128
-512 16224 208
-448 16224 208
-240 16160 -48
-432 16160 -48
-304 16096 304
-96 16112 128
-96 16144 288
-288 16144 192
-224 16240 192
-128 16208 160
-384 16176 80
-464 16144 144
-464 16096 240
-224 16096 240
-224 16096 304
-304 16128 304
-176 16144 144
-144 16240 64
-144 16320 -128
192 16288 32
304 16288 544
320 16304 544
64 16096 32
-64 16048 304
-192 16208 176
-192 16192 -64
-304 16144 16
-320 16144 16
-368 16144 48
-192 16128 -224
-176 16128 -304
-288 16208 0
-288 16208 272
-432 16208 272
-224 16208 352
-480 16304 272
-400 16240 128
-80 16176 -160
-128 16208 48
-128 16144 80
-48 16144 80
-288 16240 272
-304 16256 -80
-384 16224 16
-208 16288 176
-208 16192 224
-288 16208 336
-432 16208 336
-448 16288 32
-448 16240 -112
-336 16240 48
-352 16320 112
-384 16272 208
-384 16272 320
-336 16192 320
-304 16128 592
-352 16096 336
-176 16144 112
-176 16208 64
-240 16208 64
-240 16176 -144
-128 16176 -48
-64 16176 -16
-240 16272 160
-368 16240 176
-368 16240 288
-432 16224 288
-272 16256 208
-272 16272 400
-336 16272 208
-144 16240 144
-144 16192 384
-208 16192 400
-304 16176 400
-384 16160 272
-320 16256 32
-192 16192 160
-96 16192 64
-96 16192 112
-272 16240 112
-272 16240 112
-288 16128 544
-256 16096 368
-256 16160 512
-336 16160 448
-176 16192 448
-272 16128 432
-320 16256 416
-416 16176 208
-384 16192 160
-384 16192 -32
-320 16272 -32
-320 16272 160
-288 16224 384
-368 16128 496
-112 16160 480
-256 16160 256
-272 16144 256
-240 16208 368
-336 16128 336
-288 16112 400
-368 16240 320
-368 16304 208
-432 16304 208
-304 16160 208
-256 16224 -224
-320 16160 -96
-496 16224 16
-496 16272 128
-448 16272 128
-448 16192 272
-304 16208 256
-320 16192 288
-192 16160 160
-192 16160 240
-208 16192 240
-288 16096 208
-368 16176 192
-336 16208 208
-16 16192 -64
-16 16224 -80
-208 16144 112
-400 16192 -192
-304 16192 -192
-336 16192 -192
-384 16320 -128
-208 16224 176
-160 16240 192
-160 16240 512
-176 16224 512
-208 16160 384
-288 16224 176
-224 16240 144
-272 16192 112
-16 16256 16
-256 16256 -128
-272 16288 -128
-192 16288 48
-240 16256 0
-144 16208 128
-144 16208 432
-288 16144 432
-336 16240 -48
-208 16224 -80
-288 16208 96
-304 16208 304
-320 16128 192
-320 16128 176
-288 16144 176
-336 16192 -128
-432 16192 64
-336 16128 144
-336 16128 176
-384 16096 176
-144 16080 144
-208 16160 160
-224 16144 272
-304 16176 320
-304 16128 320
-304 16128 112
-112 16144 112
-96 16192 112
-176 16224 0
-64 16144 336
-176 16176 240
-176 16160 432
-304 16160 432
-192 16192 176
-272 16256 32
-256 16224 304
-224 16224 128
-224 16176 304
-336 16176 48
-240 16208 48
-224 16288 -144
-64 16224 32
-352 16208 32
-272 16192 112
-272 16256 -16
-144 16256 -16
-208 16208 -320
-256 16192 -112
-256 16176 -80
-400 16160 336
-288 16208 208
-288 16208 144
-320 16208 144
-464 16224 112
-208 16176 16
-208 16128 384
-272 16192 368
-320 16192 368
-464 16160 416
-320 16208 128
-336 16192 256
-304 16208 -176
-304 16240 -176
-224 16240 -368
-208 16288 -368
-160 16240 -96
-224 16224 176
-480 16208 128
-400 16256 -160
-304 16256 -160
-464 16256 96
-368 16240 288
-176 16176 368
-352 16256 304
-272 16208 224
-272 16288 112
-416 16288 112
-464 16208 256
-384 16224 352
-368 16240 400
-208 16224 160
-256 16240 144
-256 16240 240
-208 16144 240
-208 16080 208
-224 16096 320
-416 16160 288
-352 16112 96
-240 16144 80
-240 16144 240
-352 16208 240
-304 16240 -112
-256 16176 96
-224 16192 48
-320 16128 192
-320 16128 240
-416 16160 448
-288 16144 688
-320 16112 560
-272 16176 336
-272 16256 288
-512 16256 288
-352 16208 368
-224 16224 192
-320 16224 64
-176 16208 64
-176 16208 128
-272 16240 0
-208 16304 0
-192 16256 256
-272 16224 -96
-272 16208 64
-272 16208 80
-256 16128 80
-320 16192 -192
-336 16288 0
-240 16256 -192
-240 16272 128
-368 16272 128
-432 16208 80
-384 16176 240
-304 16160 128
-288 16176 96
-288 16160 160
-336 16160 320
-368 16112 320
-368 16208 320
-400 16176 336
-448 16144 432
-320 16144 320
-320 16144 528
-288 16112 464
-304 16160 464
-208 16160 336
-224 16192 80
-160 16208 -16
-240 16288 64
-240 16288 240
-224 16144 240
-320 16144 160
-128 16144 -16
-16 16176 160
-16 16192 160
-176 16192 192
-208 16192 96
-192 16144 96
-256 16176 80
-272 16176 160
-272 16144 496
-352 16144 336
-352 16144 64
-352 16224 64
-304 16144 272
-368 16224 224
-208 16192 96
-176 16224 272
-176 16160 160
-176 16160 208
-96 16128 208
-144 16064 160
-160 16096 112
-448 16080 272
-448 16080 304
-432 16256 304
-368 16160 464
-256 16096 160
-96 16128 160
-96 16112 112
-64 16112 -16
16 16112 -16
-352 16192 -48
-240 16176 -96
-288 16224 176
-416 16240 48
-416 16176 160
-240 16176 208
-240 16160 208
-272 16144 -80
-208 16192 64
-176 16176 -16
-304 16160 320
-304 16144 208
-256 16144 208
-336 16176 464
-416 16208 320
-320 16272 -128
-336 16240 -32
-336 16192 128
-224 16224 240
-304 16224 240
-272 16192 416
-240 16160 160
-272 16208 176
-320 16240 176
-320 16256 288
-384 16256 32
-352 16208 80
-208 16192 48
-160 16160 -224
-160 16192 -48
-368 16192 256
-416 16160 256
-336 16208 464
-272 16208 192
-192 16160 256
-144 16192 192
-144 16160 144
-64 16160 144
-16 16224 -128
-144 16176 -96
-96 16208 -48
-96 16224 128
-176 16224 -64
-288 16256 -64
-336 16224 144
-272 16272 80
-208 16256 48
-320 16224 -48
-448 16256 416
-320 16128 416
-384 16096 528
-320 16192 208
-320 16256 304
-336 16224 288
-336 16112 336
-272 16112 464
-288 16128 464
-240 16160 208
-240 16160 128
-256 16112 240
-320 16144 96
-320 16128 112
-240 16128 112
-336 16192 -96
-368 16192 64
-432 16272 48
-384 16240 240
-384 16192 304
-320 16192 304
-304 16176 288
-112 16128 160
-384 16192 272
-240 16192 -112
-240 16144 112
-256 16144 16
-336 16144 16
-208 16240 -240
-208 16192 -144
-160 16080 112
-160 16192 112
-352 16192 96
-352 16176 80
-352 16176 80
-352 16096 240
-304 16112 288
-288 16208 144
-288 16176 304
-224 16176 304
-160 16160 304
-96 16128 272
-224 16224 240
-208 16208 -96
-208 16176 352
-336 16160 496
-352 16160 496
-416 16160 544
-400 16144 368
-352 16176 96
-352 16208 304
-400 16208 416
-304 16192 416
-208 16112 80
-240 16176 208
-144 16176 224
-304 16112 272
-256 16112 224
-256 16176 64
-336 16176 64
-272 16208 176
-208 16096 320
-224 16192 112
-384 16208 -32
-384 16208 208
