startup(x,y,z):(352,16224,16)
-19152 18432 14656
544 16016 1504
10224 16112 -3024
4576 14256 2080
3104 16048 -384
-272 15744 -1920
144 15632 -3472
-3120 16176 -1120
-512 16240 -3120
-384 16320 -2976
-160 16144 -2880
256 16272 -2128
992 16080 -2880
1088 16192 -2272
960 16416 -1184
880 16368 -800
1520 16320 2768
1168 16176 2432
96 16080 2416
-160 16256 1888
80 16224 1568
400 16160 1104
400 16224 960
496 16224 -384
336 16240 -688
576 16208 -832
464 16176 -1152
320 16144 -784
240 16208 -608
416 16288 -800
624 16368 -896
624 16192 -1216
800 16144 -848
640 16144 -560
448 16176 96
544 16208 400
240 16112 672
224 16224 992
-16 16256 944
160 16256 912
592 16096 768
656 16144 656
688 16128 336
544 16224 -32
368 16144 -576
288 16208 -480
256 16192 -656
288 16192 -432
336 16240 -224
192 16224 -128
336 16208 48
496 16208 240
656 16144 96
672 16240 384
608 16240 384
288 16144 192
384 16240 64
240 16144 -64
320 16144 -256
480 16144 -432
608 16208 -112
432 16192 -192
496 16224 -96
496 16192 96
432 16224 240
736 16176 320
432 16192 208
480 16352 160
448 16256 -224
448 16272 -112
432 16256 -16
496 16272 112
448 16320 368
416 16256 160
256 16240 16
368 16256 -80
368 16256 -32
256 16256 96
304 16256 -16
480 16176 272
496 16224 208
464 16208 -192
512 16192 64
400 16352 320
448 16288 368
448 16192 432
320 16160 352
432 16096 352
352 16128 304
336 16176 192
288 16224 -32
448 16272 -176
416 16256 -48
400 16272 -96
432 16288 -160
304 16336 -112
480 16192 -128
400 16176 -80
368 16208 0
432 16160 48
464 16240 -48
480 16240 128
432 16272 96
432 16304 240
432 16256 16
336 16176 16
416 16160 128
464 16192 224
560 16144 192
560 16160 80
560 16176 -16
512 16272 208
432 16208 48
416 16240 48
304 16256 192
384 16192 128
448 16160 112
384 16160 -48
544 16240 -144
352 16176 -48
432 16144 160
416 16256 128
544 16240 48
544 16192 -16
624 16144 208
560 16208 176
464 16224 32
512 16256 -80
512 16176 -224
432 16192 16
464 16160 -224
496 16192 -48
416 16192 208
384 16176 112
416 16240 112
544 16288 -16
368 16256 -16
288 16272 -176
368 16192 96
448 16208 224
336 16256 -176
592 16192 0
592 16240 -96
496 16240 16
432 16272 0
496 16224 240
448 16272 144
496 16192 144
528 16144 96
448 16176 384
368 16272 320
368 16240 208
400 16240 112
448 16208 128
288 16176 64
464 16192 224
512 16272 240
480 16320 240
416 16288 144
512 16240 128
432 16224 48
416 16240 -256
336 16224 -64
512 16160 -64
448 16176 -32
480 16224 48
512 16176 64
368 16192 144
384 16192 32
416 16128 -112
544 16112 160
432 16160 448
416 16144 400
368 16144 592
352 16160 416
400 16192 320
448 16208 208
400 16240 128
400 16272 32
432 16240 -144
432 16240 -80
480 16224 -48
544 16256 208
560 16240 -112
432 16288 32
352 16256 32
416 16208 144
512 16224 -272
464 16160 -16
512 16208 112
512 16192 128
480 16192 -32
352 16208 192
432 16240 112
192 16288 208
336 16256 176
256 16240 80
320 16240 112
448 16208 0
464 16256 144
464 16208 224
464 16224 176
528 16256 400
544 16240 224
560 16240 144
512 16272 160
512 16304 32
512 16304 128
496 16240 128
464 16176 96
432 16208 96
432 16160 112
448 16144 96
448 16144 -144
464 16128 -96
480 16112 -32
448 16192 0
464 16224 80
496 16256 64
624 16208 112
496 16352 176
448 16384 112
432 16256 96
448 16160 112
528 16224 16
416 16224 256
464 16224 192
496 16192 256
256 16176 288
192 16240 192
240 16256 272
288 16256 192
400 16400 32
400 16368 128
416 16272 112
224 16176 208
352 16192 160
352 16144 -96
480 16176 80
432 16240 -64
448 16256 -64
400 16240 -16
416 16224 48
384 16224 352
384 16160 240
336 16224 80
496 16192 -304
608 16240 -192
576 16224 16
528 16192 96
464 16192 -16
448 16192 96
416 16176 112
448 16208 -176
384 16256 -256
560 16320 -32
