startup(x,y,z):(320,16224,176)
-1056 15648 1152
944 16288 -1024
608 16320 800
2000 16608 -768
1152 16352 -144
688 16448 32
432 16208 -512
1136 15872 -1568
5856 16608 -4640
-4144 16416 2320
-5040 16160 3824
-752 16224 2096
0 15856 3872
-1840 16112 3296
304 16368 928
2112 16240 912
-2128 16016 2992
-304 16016 1184
1264 16736 -416
1696 15968 -1840
1680 16288 -4032
864 16128 -3264
-624 16240 -1168
128 16352 -1776
64 16224 -1904
-80 16064 -1984
240 16256 -1408
656 16224 -1120
704 16224 -208
752 16320 976
768 16256 1104
240 16112 1856
256 16080 1808
64 16080 1456
224 16160 976
544 16224 432
512 16224 -96
528 16240 -416
352 16240 -800
496 16208 -880
320 16224 -1088
256 16176 -880
368 16240 -432
560 16144 -176
592 16176 -192
560 16128 -272
720 16128 -256
576 16192 272
432 16112 272
384 16192 496
400 16208 944
384 16160 848
368 16128 736
320 16160 448
496 16080 400
496 16160 -16
512 16160 48
528 16176 -128
432 16160 -416
416 16240 -96
336 16288 -224
448 16176 48
448 16192 -128
496 16176 128
528 16192 240
560 16208 288
512 16128 320
528 16128 224
512 16256 320
464 16272 208
432 16256 128
336 16304 80
256 16224 -112
352 16192 -224
432 16240 -80
528 16192 -48
560 16192 48
624 16352 176
464 16304 400
464 16256 224
416 16304 288
416 16256 368
464 16240 240
496 16224 -48
416 16256 48
448 16224 -128
368 16208 -96
432 16160 -96
448 16272 -288
384 16320 -192
288 16272 -16
256 16192 -32
368 16272 -144
384 16304 -64
416 16144 96
480 16256 96
640 16256 16
528 16192 160
464 16192 128
544 16160 304
416 16224 32
400 16224 128
432 16160 32
480 16160 48
464 16304 96
448 16224 0
320 16240 80
288 16240 96
336 16240 48
352 16272 -16
416 16224 80
240 16256 128
320 16192 16
240 16256 128
336 16208 -64
336 16288 -96
416 16240 48
416 16256 272
352 16256 224
432 16224 96
448 16176 64
448 16224 16
432 16224 -16
432 16160 -16
448 16224 -48
416 16208 -32
416 16224 176
352 16224 208
448 16256 128
448 16272 96
464 16272 -112
528 16192 -128
448 16144 -80
480 16256 32
560 16256 160
400 16256 64
512 16208 144
448 16208 224
544 16208 32
368 16208 96
336 16208 64
512 16256 80
416 16224 160
432 16176 112
448 16176 112
400 16144 208
464 16224 96
416 16224 160
496 16256 288
432 16288 224
464 16304 16
368 16288 16
320 16256 -96
320 16208 32
432 16224 48
384 16192 48
496 16160 80
464 16160 80
496 16192 240
496 16320 288
448 16240 144
416 16240 80
528 16208 -48
496 16176 0
464 16240 32
544 16192 32
528 16160 32
400 16160 288
368 16192 80
368 16272 80
464 16256 64
448 16176 288
400 16176 144
352 16224 256
320 16144 64
416 16192 64
512 16208 0
544 16240 224
480 16240 -96
432 16224 -32
400 16240 0
432 16192 112
512 16272 240
496 16304 112
480 16304 224
528 16208 288
304 16256 160
448 16208 0
336 16192 -80
384 16256 48
464 16272 -128
448 16256 -80
464 16144 240
464 16128 -96
464 16096 -64
464 16240 0
320 16240 144
336 16192 -208
368 16192 32
400 16192 -112
432 16160 112
432 16160 -80
304 16224 112
384 16224 -144
352 16144 176
384 16144 128
400 16192 96
448 16176 240
400 16192 112
384 16160 128
416 16192 144
448 16192 64
384 16160 16
336 16208 64
480 16320 -64
368 16224 -224
384 16208 16
416 16192 48
320 16256 -32
480 16096 16
544 16160 176
368 16192 240
400 16176 432
432 16176 224
448 16160 176
384 16176 240
368 16208 80
320 16240 192
336 16256 -16
240 16224 96
256 16224 288
352 16256 224
368 16208 -16
464 16208 -16
512 16144 -112
528 16208 0
496 16192 112
464 16176 -112
416 16176 128
432 16192 240
448 16176 176
400 16160 64
432 16208 -240
512 16192 16
384 16256 16
400 16208 80
448 16208 -16
592 16160 128
528 16176 176
512 16160 240
432 16192 192
416 16208 -160
368 16176 112
336 16240 96
400 16208 176
400 16240 80
