startup(x,y,z):(-320,16160,160)
-3984 17184 896
-4960 20016 -3184
-4960 20064 -2064
-5600 20064 -864
-1520 17184 -864
-1536 17216 608
-2368 17376 1376
80 15856 1952
80 16224 352
2080 15456 -2064
1776 15456 2128
1312 15456 2128
720 16288 -32
-2192 15744 3360
-7520 15568 112
-7520 15568 -4432
-7856 15424 -4432
-5008 16400 -272
-3088 17232 -3312
-1744 16496 1152
-592 16704 1632
-1216 16800 1664
-1216 16800 1312
-912 16640 1312
64 16736 -976
224 16640 640
32 16352 -368
-576 16592 992
-224 16400 320
128 16192 -64
128 16128 -784
160 16128 -112
16 16304 -112
-160 16224 176
-176 16288 400
-128 16256 288
-240 16304 48
-240 16304 -256
-224 16208 -256
-304 16144 752
-224 16144 352
-192 16208 304
-192 16192 176
-320 16192 -208
-304 16192 -208
-272 16160 384
-400 16208 224
-320 16224 544
-208 16224 -112
-208 16192 144
-272 16192 144
-384 16272 112
-464 16144 -112
-224 16208 224
-208 16224 16
-208 16192 160
-64 16192 160
32 16240 64
-208 16192 496
-160 16176 528
-176 16192 224
-176 16192 464
-272 16192 64
-272 16256 64
-368 16304 384
-224 16352 240
-144 16304 288
-144 16272 240
-160 16272 192
-224 16192 416
-192 16176 416
-224 16256 224
-144 16224 -32
-144 16160 480
-144 16160 128
-224 16176 128
-256 16160 112
-512 16160 32
-352 16176 80
-336 16144 384
-256 16240 256
-256 16240 32
-400 16240 32
-336 16320 80
-432 16288 208
-256 16192 80
-256 16144 176
-160 16144 80
-240 16128 80
-384 16144 256
-32 16240 -288
80 16272 224
480 16416 512
480 16160 96
112 16160 96
80 16320 352
-128 16208 -96
-272 16176 -176
-112 16208 256
-112 16208 352
-384 16144 352
-416 16176 464
-288 16160 240
-176 16128 304
-304 16144 -160
-304 16064 -96
-176 16064 336
-272 16064 336
-160 16128 208
-112 16128 64
-160 16192 16
-160 16192 32
-208 16224 32
-240 16224 448
-144 16112 432
-160 16160 688
-240 16144 400
-240 16080 432
-224 16080 352
-192 16176 352
-320 16144 384
-224 16208 160
-224 16144 64
-304 16144 0
-96 16144 16
-144 16144 16
-160 16144 176
-192 16240 32
-240 16224 48
-272 16192 240
-176 16176 0
-176 16176 32
-112 16192 32
-48 16192 -144
-304 16208 208
-256 16224 208
-256 16256 272
-240 16256 48
-112 16192 48
-160 16192 -64
-96 16224 -112
-32 16208 32
-272 16240 -16
-272 15984 64
-224 16048 64
-464 16160 288
-368 16144 384
-288 16272 208
-288 16256 192
-288 16288 192
-400 16288 192
-576 16304 240
-496 16304 96
-352 16304 304
-288 16320 288
-288 16288 96
-288 16240 -160
-288 16240 -160
-16 16192 -80
-176 16288 -144
-224 16176 144
-176 16208 176
-176 16208 480
-240 16208 480
-224 16272 352
-144 16240 192
-192 16176 192
-224 16224 128
-224 16288 32
-272 16288 32
-96 16288 64
-112 16272 -112
-176 16288 96
-224 16288 48
-368 16240 64
-368 16288 160
-304 16288 64
-352 16192 64
-368 16096 240
-224 16192 0
-112 16224 -16
-112 16160 160
-240 16160 160
-304 16176 160
-80 16144 224
-96 16192 96
-176 16192 128
-176 16176 224
-240 16176 208
-240 16144 208
-192 16160 192
-192 16192 416
-208 16192 304
-208 16208 224
-112 16208 224
-144 16176 336
-176 16144 288
-416 16256 160
-416 16256 -96
-304 16256 -32
-288 16208 -144
-368 16272 -144
-320 16224 0
-288 16224 128
-288 16208 560
-368 16208 288
-160 16112 288
-288 16144 496
-384 16112 448
-96 16224 240
-96 16096 272
-240 16096 272
-256 16192 320
-224 16176 464
-240 16176 160
-288 16144 288
-288 16096 304
-288 16096 304
-480 16208 224
-560 16240 256
-384 16256 224
-320 16240 400
-496 16208 352
-496 16160 368
-400 16160 224
-448 16160 96
-416 16240 96
-352 16208 32
-288 16240 144
-288 16208 368
-288 16208 288
-288 16336 288
-208 16304 144
-224 16320 -96
-80 16208 -16
-80 16240 160
-208 16272 256
-208 16272 16
-208 16240 16
-304 16272 96
-224 16256 -32
-224 16240 64
-256 16240 112
-224 16208 112
-272 16224 -16
-16 16112 -64
-304 16080 192
-304 16144 192
-288 16192 192
-272 16192 384
-288 16224 384
-144 16144 224
-256 16160 160
-256 16176 272
-256 16176 32
-176 16176 32
-192 16112 176
-128 16064 272
-224 16144 352
-224 16176 224
-48 16176 16
-144 16176 -192
-192 16160 -192
-208 16224 -96
-128 16256 -336
-128 16240 -160
-192 16240 0
-176 16304 0
-256 16256 192
-208 16256 64
-208 16272 32
32 16240 32
-48 16192 128
-112 16176 64
-112 16176 432
-224 16144 432
-192 16192 304
-272 16176 96
-144 16208 32
-144 16208 192
-272 16176 192
-288 16192 288
-288 16224 144
-256 16160 304
-256 16176 208
-272 16256 80
-272 16256 256
-336 16272 256
-352 16224 368
-192 16176 368
-336 16112 256
-336 16112 352
-272 16128 352
-224 16176 336
-272 16208 480
16 16192 -16
-128 16208 16
-224 16256 112
-224 16256 256
-256 16240 256
-288 16304 400
-304 16304 352
-320 16224 128
-320 16128 112
-240 16128 112
-176 16160 384
-272 16256 80
-224 16272 16
-96 16112 -80
-96 16160 48
-208 16160 352
-288 16256 352
-240 16112 256
-208 16224 80
-400 16192 176
-400 16144 128
-288 16144 128
-320 16112 176
-288 16192 448
-160 16176 304
-208 16144 128
-272 16256 -224
-272 16272 -256
-208 16272 -256
-288 16240 384
-384 16288 160
-336 16192 48
-336 16240 112
-304 16224 464
-368 16224 464
-256 16192 416
-256 16176 416
-224 16144 352
-112 16176 160
-112 16224 224
-224 16224 272
-272 16080 272
-368 16176 576
-304 16224 176
-384 16160 128
-384 16256 16
-352 16256 16
-304 16208 -48
-224 16272 16
-352 16272 -128
-304 16224 -96
-352 16176 176
-352 16176 272
-240 16128 272
-368 16160 240
-304 16208 16
-256 16160 -80
-256 16160 0
-336 16160 0
-384 16192 32
-416 16096 80
-256 16128 -64
-352 16224 16
-288 16224 224
-288 16224 64
-288 16272 64
-240 16256 64
-192 16160 64
-288 16192 240
-288 16144 288
-256 16144 144
-256 16144 144
-272 16208 144
-240 16176 112
-256 16224 176
-304 16336 96
-288 16288 144
-288 16144 464
-192 16144 464
-272 16208 320
-48 16144 128
-288 16160 464
-336 16176 416
-336 16176 512
-208 16192 512
-256 16192 288
-256 16160 144
-224 16192 16
-320 16176 48
-320 16176 160
-336 16240 160
-224 16272 176
-272 16192 32
-240 16160 -128
-320 16224 32
-320 16224 336
-208 16176 336
-128 16208 208
-224 16272 288
-192 16192 416
-400 16208 208
-400 16240 240
-192 16240 240
-240 16192 336
-448 16144 384
-256 16064 176
-320 16096 208
-320 16160 400
-368 16160 400
-224 16192 176
-224 16160 96
-176 16176 -32
-240 16224 400
-240 16208 192
-176 16208 192
-160 16144 432
-224 16128 464
-144 16096 224
-240 16144 128
-224 16240 128
-224 16160 208
-240 16160 208
-336 16192 400
-320 16304 368
-368 16224 528
-320 16112 416
-320 16112 448
-256 16112 448
-224 16080 288
-80 16160 -48
-304 16176 128
-224 16224 224
-224 16224 240
-272 16208 240
-256 16224 144
-144 16240 160
0 16112 160
-192 16080 160
-192 16080 -48
-304 16176 -48
-320 16272 -64
-432 16224 176
-560 16160 208
-560 16128 416
-416 16176 256
-336 16224 160
-240 16192 544
-416 16128 480
-304 16144 384
-304 16144 128
-208 16240 128
-176 16256 400
-224 16240 112
-176 16224 240
-176 16112 384
-176 16112 384
-112 16128 256
-144 16160 112
-272 16192 112
-320 16208 288
-240 16272 320
-240 16272 -80
-96 16240 -80
-224 16240 64
-48 16192 176
-128 16176 336
-208 16160 208
-368 16192 336
-368 16240 208
-320 16208 -192
-320 16208 -192
-432 16192 112
-480 16224 272
-416 16192 336
-416 16144 384
-352 16144 384
-416 16176 288
-272 16112 -80
-320 16304 112
-352 16320 96
-352 16256 320
-448 16224 240
-368 16224 496
-288 16176 496
-256 16208 368
-160 16160 416
-160 16208 320
-304 16208 320
-240 16160 128
-160 16128 16
-224 16176 64
-304 16192 144
-304 16192 224
-160 16176 160
-224 16208 160
-224 16176 112
-224 16080 160
-320 16112 160
-320 16272 -32
-336 16272 -32
-272 16240 128
-128 16240 320
-160 16160 32
-160 16256 208
-160 16256 640
-288 16224 320
-208 16208 224
-176 16144 224
-112 16128 -96
-80 16160 -64
-80 16208 -160
-80 16208 -128
-160 16224 -128
-192 16192 -208
-224 16176 32
-336 16160 224
-336 16240 208
