startup(x,y,z):(448,16176,656)
-1152 14352 1584
1392 15856 -48
-1760 16304 -64
1520 18288 -2000
2096 15632 -1200
256 16400 1024
7248 17456 -11216
2800 17632 -7920
-2160 16816 3264
-10256 16896 8608
-6784 16928 7168
-3088 15056 5088
-2608 15712 5184
-800 15872 896
2688 16224 1776
6160 16048 800
5696 16448 16
-2000 15872 4896
-1952 15792 2848
2368 16736 1616
0 16096 -192
-720 16128 -1456
-16 16304 -3344
384 16128 -3856
-688 16288 -2896
-992 16352 -1760
-16 16400 -2224
496 16112 -1600
-48 16272 -1680
624 16176 -1728
576 16112 -1728
448 16112 -736
672 16256 1008
992 16304 1632
800 16240 2384
384 16144 1568
320 16048 1424
240 16080 1232
288 16144 1136
384 16224 1008
288 16192 768
384 16208 144
320 16288 -304
288 16352 -960
288 16272 -768
368 16288 -592
288 16240 -384
288 16224 -320
480 16256 -528
480 16288 -608
304 16288 -832
496 16288 -464
512 16320 -160
528 16256 272
368 16176 528
368 16176 720
240 16208 784
240 16224 496
448 16192 496
528 16224 336
496 16288 368
368 16288 176
432 16256 0
432 16112 -288
288 16144 -272
304 16160 -384
336 16224 -416
416 16272 -256
400 16256 -96
512 16256 64
512 16144 48
576 16224 176
400 16224 0
448 16192 32
240 16192 48
304 16224 -32
288 16160 144
368 16128 32
384 16240 272
400 16256 112
416 16176 160
464 16256 160
496 16192 80
544 16128 112
416 16160 160
368 16160 -64
464 16176 -208
544 16272 -64
512 16224 -32
448 16240 -80
400 16224 -32
480 16144 0
336 16256 16
416 16240 64
384 16272 48
384 16272 208
496 16320 96
448 16240 -160
416 16272 -48
480 16304 16
416 16272 192
464 16240 240
400 16256 -32
416 16240 -304
432 16256 -128
432 16240 -96
496 16192 64
592 16240 256
448 16240 64
240 16288 -16
288 16272 -32
352 16224 32
336 16224 192
528 16240 192
496 16256 128
320 16272 192
320 16304 160
352 16208 160
368 16240 112
400 16176 -16
384 16224 304
464 16224 288
384 16176 320
384 16208 352
368 16160 208
320 16192 144
448 16128 288
384 16112 240
336 16224 160
448 16224 192
400 16176 144
464 16192 -96
320 16192 -224
368 16272 -272
368 16256 -32
544 16304 32
496 16208 160
400 16256 176
384 16256 208
352 16176 320
272 16144 -16
320 16176 -32
448 16176 32
432 16208 208
368 16208 240
384 16160 144
352 16208 -48
464 16144 48
400 16208 32
384 16224 -16
544 16192 80
416 16208 128
480 16208 224
304 16240 224
416 16304 144
384 16272 256
432 16224 32
368 16176 128
448 16192 -176
448 16224 -64
448 16272 128
432 16288 240
352 16256 160
320 16256 144
336 16256 64
448 16160 64
288 16224 64
256 16224 112
304 16224 112
416 16208 -112
400 16224 -48
432 16256 -16
272 16240 32
384 16272 48
416 16176 80
272 16208 304
288 16288 160
256 16288 160
352 16272 208
208 16256 160
416 16256 288
416 16144 288
432 16160 256
432 16208 -176
464 16240 -32
464 16208 160
400 16240 128
336 16144 144
384 16208 80
384 16224 -48
400 16208 -16
320 16208 -176
544 16288 -128
480 16240 64
560 16256 -128
512 16224 -32
368 16160 304
320 16192 208
352 16176 192
368 16160 80
384 16192 80
432 16256 80
480 16240 96
496 16256 -144
544 16240 -144
496 16272 48
448 16240 -16
416 16256 160
320 16192 144
384 16160 -128
368 16176 -32
384 16176 -32
432 16272 336
416 16160 32
448 16144 192
416 16192 144
416 16144 128
432 16144 80
432 16208 112
368 16224 288
384 16240 80
448 16176 144
656 16240 192
560 16256 272
480 16288 272
256 16192 224
288 16208 128
224 16224 656
336 16272 304
448 16240 368
384 16272 224
400 16272 96
512 16192 48
496 16224 16
480 16272 -32
528 16208 96
448 16208 112
432 16192 112
496 16192 16
560 16208 96
416 16240 224
304 16192 144
384 16224 128
432 16208 288
448 16224 352
528 16320 320
352 16304 160
336 16304 32
320 16272 144
432 16336 80
384 16336 224
288 16336 80
384 16256 96
240 16224 112
272 16192 208
480 16224 160
