startup(x,y,z):(-320,16160,160)
-2528 18352 -2064
688 17152 592
-384 16816 2224
-384 16608 3312
160 16608 1008
832 16640 -3104
704 15728 -3104
464 15536 2240
128 16272 208
-2864 14816 1456
-7632 15024 -16
-7632 15024 -4128
-8032 16272 -4128
-4912 17536 976
-2880 17952 -4256
-2224 16944 1280
-512 16560 1696
-1008 16528 1440
-1520 16480 1312
-1296 16480 -1312
-656 16704 -1312
304 16464 512
352 16096 -400
-368 16304 1104
-368 16304 432
-192 16368 0
0 16192 0
-48 16208 -496
-160 16448 96
-256 16304 464
-160 16288 448
-160 16224 240
-80 16224 400
-240 16352 -256
-304 16240 320
-240 16256 64
-288 16240 -192
-288 16240 -208
-192 16208 -208
-112 16176 -592
-224 16256 368
-352 16272 -48
-160 16176 496
-16 16192 192
-16 16192 -128
-128 16224 -128
-112 16240 -80
-256 16224 -16
-320 16192 224
-304 16288 -80
-320 16176 416
-320 16256 0
-368 16224 48
-336 16224 80
-400 16224 80
-416 16224 272
-464 16208 656
-384 16192 256
-352 16192 160
-288 16144 80
-192 16144 -160
-144 16128 64
-400 16176 0
-208 16272 112
-208 16272 368
-272 16192 368
-352 16208 304
-224 16288 272
-240 16240 64
-240 16176 -160
-176 16176 -160
-80 16208 192
-144 16144 224
-144 16128 112
-208 16112 384
-224 16224 192
-256 16240 192
-256 16240 -240
-80 16224 -240
-112 16176 80
144 16144 144
336 16256 224
336 16240 384
160 16240 448
-224 16224 448
-144 16192 528
-144 16096 480
-256 16224 352
-304 16176 320
-304 16144 256
-416 16144 304
-352 16240 304
-176 16288 96
-160 16336 -16
-192 16336 -128
-304 16336 48
-352 16144 -32
-352 16176 400
-512 16176 656
-368 16112 96
-528 16240 96
-624 16256 224
-384 16208 16
-240 16096 320
-496 16224 96
-320 16224 288
-560 16320 288
-624 16288 432
-448 16176 208
-336 16320 160
-240 16320 128
-224 16272 272
-224 16224 -80
-160 16224 -80
-368 16240 368
-336 16144 304
-304 16192 -112
-304 16112 256
-304 16128 224
-352 16128 224
-432 16192 224
-400 16208 416
-416 16208 512
-320 16144 416
-480 16176 272
-480 16192 368
-432 16192 368
-240 16176 96
-224 16160 368
-256 16080 176
-272 16112 192
-272 16176 544
-352 16176 544
-336 16112 304
-176 16144 -112
-208 16112 144
16 16096 192
-112 16208 496
-112 16208 32
-240 16256 32
-64 16272 -48
-80 16272 32
-192 16192 32
-352 16224 16
-304 16192 16
-304 16160 208
-304 16224 48
-400 16224 320
-336 16160 320
-304 16192 304
-208 16176 192
-208 16096 272
-176 16096 304
-320 16064 304
-320 16176 192
-368 16176 320
-336 16240 128
-208 16160 192
-240 16176 288
-240 16192 336
-464 16192 64
-320 16208 64
-304 16160 16
-288 16224 -192
-336 16288 -48
-336 16208 -128
-272 16208 -112
-160 16176 -112
-240 16272 96
-304 16192 144
-272 16192 384
-192 16192 192
-192 16160 96
-192 16160 96
-224 16128 208
-272 16128 96
-288 16240 208
-80 16256 128
-80 16256 224
-160 16256 224
-432 16256 128
-448 16224 176
-416 16256 128
-400 16192 288
-304 16144 304
-304 16208 -112
-208 16208 -112
-240 16240 112
-176 16192 48
-224 16208 80
-224 16224 -48
-192 16240 -128
-112 16176 64
-224 16208 128
-160 16224 80
-160 16224 224
-272 16224 224
-336 16160 224
-320 16208 32
-304 16240 -32
-224 16240 16
-224 16208 0
-256 16208 0
-208 16224 240
-160 16080 336
-272 16112 144
-208 16160 208
-112 16192 208
-112 16192 352
-288 16160 352
-352 16208 256
-336 16176 304
-304 16192 256
-224 16144 352
-224 16144 416
-368 16128 416
-208 16160 448
-320 16256 352
-352 16256 608
-304 16208 336
-304 16208 272
-304 16208 272
-416 16240 272
-384 16192 272
-240 16208 32
-288 16256 320
-288 16224 288
-432 16224 400
-400 16192 304
-352 16192 304
-336 16224 288
-224 16064 352
-192 16048 416
-192 16176 128
-224 16176 48
-224 16176 48
-224 16192 144
-288 16176 80
-272 16272 -80
-160 16304 96
-304 16272 -48
-528 16304 144
-464 16256 224
-464 16256 112
-336 16160 112
-288 16160 208
-208 16096 384
-160 16112 240
-160 16160 368
-224 16160 432
-208 16208 432
-272 16224 336
-224 16224 512
-272 16144 624
-112 16208 400
-112 16160 592
-288 16160 592
-368 16112 320
-240 16176 336
-384 16176 272
-464 16160 192
-464 16144 304
-352 16144 304
-256 16064 352
-144 16112 176
-224 16112 96
-368 16192 448
-384 16224 352
-384 16224 32
-272 16208 80
-256 16192 256
-256 16160 -48
-272 16128 80
-272 16128 176
-224 16128 176
-432 16160 272
-400 16160 192
-288 16224 144
-256 16240 160
-352 16224 144
-176 16192 128
-176 16160 96
-368 16160 144
-304 16128 0
-176 16176 0
-208 16208 128
-256 16112 80
-336 16160 144
-320 16112 256
-288 16192 352
-384 16112 400
-192 16144 208
-192 16160 400
-192 16112 256
-112 16192 112
-208 16192 112
-320 16240 144
-448 16144 528
-464 16160 288
-320 16144 224
-80 16144 304
-80 16176 112
-96 16176 112
0 16224 128
-240 16208 96
-192 16224 32
-192 16176 -80
-192 16176 64
-160 16176 240
-144 16128 240
-288 16112 64
-304 16160 176
-128 16128 80
-304 16160 128
-304 16160 288
-272 16160 288
-224 16176 176
-176 16176 160
-144 16224 256
-336 16224 144
-336 16224 208
-464 16208 208
-288 16208 320
-336 16192 416
-336 16272 240
-320 16192 528
-320 16176 768
-400 16176 432
-320 16160 432
-320 16256 192
-352 16240 304
-400 16240 384
-400 16256 288
-304 16224 288
-176 16096 272
-176 16176 304
-224 16176 16
-192 16096 16
-272 16096 80
-256 16096 304
-272 16128 240
-272 16176 -48
-288 16176 112
-112 16144 112
-208 16128 -48
-240 16048 -96
-320 16160 -96
-464 16192 16
-464 16096 240
-384 16096 240
-144 16096 208
-96 16144 256
-96 16128 208
-288 16160 256
-288 16160 352
-288 16176 352
-400 16176 32
-320 16112 192
-368 16144 224
-256 16192 -128
-256 16160 -32
-144 16160 320
-96 16224 320
-176 16224 192
-176 16208 96
-208 16080 192
-208 16176 32
-144 16176 -224
-208 16272 -96
-432 16320 32
-304 16352 192
-416 16272 -144
-336 16192 192
-336 16192 240
-224 16128 240
-192 16304 176
-224 16368 128
-320 16240 -32
-288 16240 -16
-288 16192 -112
-256 16192 304
-304 16144 80
-288 16224 -176
-400 16240 -80
-272 16224 32
-176 16192 -192
-176 16192 160
-128 16160 176
-224 16128 160
-208 16080 176
-128 16160 32
-48 16080 112
-160 16176 96
-192 16160 192
-192 16160 80
-224 16112 80
-288 16128 336
-320 16144 32
-272 16128 0
-272 16128 112
-320 16144 112
-304 16176 160
-64 16128 208
-256 16176 192
-352 16176 288
-288 16160 160
-288 16160 -48
-256 16144 -48
-272 16176 48
-192 16256 64
-256 16256 32
-256 16208 -128
-144 16208 80
-112 16208 80
-160 16128 -16
-272 16160 176
-240 16128 400
-416 16144 336
-416 16112 416
-368 16112 144
-352 16112 144
-208 16160 208
-224 16256 176
-336 16256 176
-336 16272 336
-320 16256 528
-336 16256 448
-320 16208 448
-304 16192 288
-272 16096 160
-304 16112 192
-272 16160 16
-16 16176 144
-240 16176 16
-160 16192 16
-224 16160 144
-208 16192 336
-256 16128 320
-256 16176 240
-272 16176 224
-240 16160 256
-256 16112 256
-304 16144 272
-160 16176 -80
-176 16096 32
-176 16112 208
-368 16112 208
-272 16192 96
-352 16160 208
-192 16224 160
-272 16240 240
-272 16240 192
-416 16240 112
-320 16256 112
-192 16160 96
-304 16192 144
-128 16128 48
-192 16176 192
-192 16176 240
-96 16128 240
-112 16160 320
-176 16192 384
-128 16160 400
-128 16176 448
-208 16176 112
-112 16176 208
-240 16144 208
-224 16128 272
-368 16208 208
-80 16208 144
-80 16208 384
-112 16208 384
-320 16224 320
-192 16176 448
-368 16224 320
-384 16160 320
-256 16208 128
-96 16192 48
-160 16144 64
-160 16144 176
-320 16192 176
-208 16208 272
-96 16208 128
-192 16192 48
-192 16192 208
-96 16192 208
-336 16176 368
-256 16144 240
-368 16208 144
-304 16224 208
-192 16224 240
-192 16288 288
-304 16288 288
-256 16192 192
-208 16192 304
-112 16128 96
-112 16176 240
-144 16176 144
-304 16208 144
-288 16160 192
-384 16224 192
-368 16224 224
-288 16240 160
-288 16176 -32
-240 16176 48
-208 16144 48
-288 16144 128
-336 16224 208
-336 16176 224
-192 16176 224
-272 16160 208
-176 16096 176
