startup(x,y,z):(448,16192,160)
-2160 16000 3936
-3024 16416 5376
-1936 15952 2992
-240 16128 1744
2992 15872 224
4320 16224 928
2208 16208 768
592 15952 2144
32 16016 1792
-128 15808 320
1168 16512 -992
-320 15824 -2688
-688 16720 -3072
320 16432 -3248
64 16544 -2528
720 16608 -2688
672 16320 -1856
176 16304 -784
112 16464 -144
336 16240 272
784 16240 592
800 15904 992
816 16000 1072
944 16320 1808
800 16208 1808
960 16128 288
144 16240 -64
96 16288 -416
48 16288 -544
400 16272 -768
704 16240 -1424
352 16224 -1424
368 16544 -800
272 16304 0
576 16368 48
704 16272 32
592 16208 224
320 16224 816
576 16256 1088
640 16176 1168
416 16064 -288
1248 16080 -112
512 16368 -752
672 16288 -1264
720 16464 -960
-4512 16816 3856
-4000 18416 1760
-1232 16080 -512
-1040 16064 416
-752 15968 272
-16 16064 528
400 16208 816
672 16224 992
752 16240 1136
672 16144 1104
656 16048 1072
736 16192 864
576 16192 672
608 16208 320
576 16208 48
480 16176 -160
512 16224 -800
320 16176 -1008
368 16176 -1200
576 16208 -1312
464 16320 -1040
544 16320 -864
544 16240 -400
512 16288 112
208 16160 448
272 16192 720
352 16192 784
400 16160 1008
464 16144 1056
208 16160 816
304 16192 784
384 16192 560
400 16208 192
384 16192 192
304 16240 112
240 16192 -64
352 16192 -288
336 16144 -416
384 16176 -320
336 16128 16
432 16128 -48
480 16080 144
464 16096 160
320 16176 304
336 16240 176
384 16192 240
352 16176 256
448 16128 64
432 16144 224
464 16176 96
416 16176 64
160 16000 528
464 16256 -80
496 16224 -320
1056 16160 -608
800 16192 -528
432 16176 -400
208 16224 -352
256 16192 176
208 16192 496
224 16240 144
304 16256 144
400 16256 16
688 16224 240
704 16224 256
560 16240 368
384 16224 432
384 16208 208
384 16240 16
272 16224 -176
192 16192 -160
256 16160 -160
432 16208 -128
528 16176 -64
624 16176 112
624 16224 -64
592 16240 -96
528 16240 -32
528 16192 144
480 16192 320
432 16192 304
480 16128 320
480 16208 144
384 16256 16
400 16256 -80
448 16240 -32
432 16256 -96
384 16192 -48
384 16240 -112
400 16240 -112
544 16224 -240
432 16208 -48
432 16144 80
432 16240 0
432 16256 -208
448 16192 -128
256 16240 -144
416 16240 0
464 16192 -48
416 16192 -48
496 16144 256
320 16208 144
352 16240 112
320 16288 160
448 16304 160
400 16256 -64
400 16224 32
384 16272 64
352 16256 -16
368 16144 144
464 16128 112
432 16192 32
432 16128 0
448 16176 -96
384 16272 -48
384 16224 -176
400 16176 48
416 16224 144
416 16192 304
208 16176 208
416 16256 -48
512 16160 208
496 16224 256
480 16272 160
464 16208 64
448 16208 -288
560 16208 -224
480 16192 -208
496 16208 224
544 16224 -208
496 16176 -112
416 16208 -96
336 16272 16
416 16224 48
608 16288 208
448 16224 256
432 16240 192
400 16288 288
400 16224 80
480 16224 224
432 16352 272
416 16304 112
368 16320 32
352 16224 0
368 16208 -224
432 16304 -96
560 16240 -48
528 16256 64
480 16208 48
480 16240 48
448 16208 80
448 16224 224
384 16160 400
384 16160 432
368 16176 272
416 16160 336
336 16192 192
448 16208 192
384 16160 224
368 16192 128
256 16144 -64
208 16144 -128
352 16208 16
400 16208 80
448 16192 32
432 16208 112
400 16304 368
576 16288 224
400 16128 0
448 16144 112
448 16224 272
192 16336 464
176 16288 688
272 16240 48
784 16176 -304
592 16272 -96
400 16256 352
384 16256 336
544 16240 320
528 16176 448
352 16192 640
592 16256 -96
368 16240 48
112 16272 240
528 16272 128
496 16192 80
320 16208 0
464 16160 -192
528 16224 -80
592 16208 -224
448 16176 -192
448 16176 80
400 16160 368
512 16208 480
496 16224 208
432 16208 288
448 16192 224
352 16224 320
304 16240 432
432 16192 192
448 16192 224
368 16208 176
368 16176 -64
400 16160 16
624 16208 -32
528 16256 160
416 16256 208
144 16208 96
464 16208 80
640 16208 240
560 16208 336
