startup(x,y,z):(544,16224,112)
1536 16144 -8800
-1232 13216 1680
1152 13792 -192
3648 14784 -1216
3504 13840 -12240
8640 14272 -22432
-6256 14416 14496
3376 16512 1632
112 16080 5792
-1360 14720 5648
-752 13136 1632
3392 15152 1072
11840 15520 -1024
5520 15728 4464
624 16032 6704
672 18464 1760
624 17280 1184
1728 16400 -1728
-592 17168 -2048
-608 16752 -6256
-1696 16688 -3440
-1264 16432 -2560
-960 16912 -2592
-512 16688 -2816
176 16512 -2128
544 16128 -2704
1536 15968 -3184
880 16176 -1616
1312 16096 -896
1504 16400 560
1056 15952 2592
1248 15952 2832
224 16256 2416
-368 16176 2352
-96 16144 2064
208 16176 1536
432 16144 1712
480 16208 1856
672 16240 752
880 16224 -288
352 16176 -496
464 16192 -608
368 16192 -656
336 16256 -848
304 16192 -432
112 16304 -624
512 16320 -736
512 16336 -1168
720 16336 -1088
720 16192 -352
656 16160 -96
544 16256 704
384 16336 704
256 16272 736
160 16240 864
272 16144 736
384 16160 800
480 16160 736
752 16208 608
576 16208 304
656 16272 -96
448 16272 -480
400 16304 -480
352 16352 -576
128 16288 112
256 16304 144
336 16256 160
480 16192 -48
544 16240 -16
624 16176 -112
768 16176 -16
672 16128 112
320 16224 128
288 16208 144
336 16224 96
176 16208 160
256 16272 -80
432 16240 -112
480 16192 80
480 16160 160
544 16192 176
416 16176 80
544 16224 224
432 16224 304
528 16256 256
432 16208 256
400 16192 32
512 16160 -64
384 16208 -208
400 16208 -32
432 16176 -32
256 16208 -48
480 16288 -64
448 16128 -192
528 16192 -112
544 16208 -128
480 16224 -32
464 16208 256
304 16224 400
192 16240 384
192 16256 224
256 16224 320
320 16192 288
352 16256 112
304 16256 112
352 16224 -32
416 16224 128
544 16256 48
528 16176 16
480 16176 16
304 16176 16
336 16176 -80
416 16256 -48
416 16224 -80
528 16160 64
352 16208 144
368 16224 256
288 16304 64
304 16304 -64
128 16208 48
128 16208 64
352 16208 -96
416 16208 48
416 16224 128
400 16224 160
448 16304 176
400 16288 64
400 16336 240
400 16256 112
432 16224 48
448 16288 16
464 16208 -64
384 16208 -144
384 16304 -128
304 16208 -16
384 16144 0
384 16208 48
368 16192 32
352 16208 -208
496 16224 64
256 16288 -16
512 16192 128
576 16208 240
368 16288 176
400 16256 96
368 16240 16
256 16256 0
272 16224 -144
336 16224 -208
400 16176 128
480 16240 144
464 16192 32
400 16112 -64
464 16304 -16
320 16256 48
464 16304 0
432 16304 48
400 16352 48
464 16320 64
496 16256 64
448 16256 352
384 16192 160
464 16208 224
560 16224 176
512 16224 112
496 16176 192
432 16176 192
432 16144 208
480 16144 192
416 16176 224
368 16208 224
288 16256 64
304 16256 -48
416 16208 224
416 16192 240
448 16192 64
464 16224 224
544 16192 144
608 16160 64
480 16176 -80
256 16176 0
320 16224 -128
320 16128 48
560 16208 144
512 16176 112
480 16240 96
528 16224 48
400 16208 -48
240 16192 128
336 16208 192
352 16208 256
432 16160 368
432 16144 224
304 16224 112
448 16224 128
592 16288 -80
480 16256 -48
480 16256 0
464 16288 -16
352 16304 80
400 16256 64
416 16240 -16
464 16192 80
400 16208 192
432 16192 192
448 16224 304
480 16192 0
560 16224 48
528 16256 64
448 16256 64
480 16256 16
416 16272 128
320 16272 64
480 16304 -16
304 16288 -32
384 16240 16
416 16256 16
480 16240 32
352 16224 256
480 16192 -112
480 16160 96
368 16224 48
416 16256 320
416 16208 144
464 16272 160
416 16288 160
400 16224 64
544 16208 272
336 16240 432
464 16256 272
480 16240 112
416 16128 224
272 16160 288
320 16176 224
288 16240 192
432 16304 112
432 16256 144
384 16224 240
416 16224 144
464 16176 96
512 16224 160
464 16240 -32
400 16192 80
384 16112 192
368 16208 128
384 16240 160
400 16224 144
288 16208 80
480 16176 -32
464 16192 0
240 16160 160
304 16224 176
336 16192 160
352 16208 160
368 16240 240
512 16208 176
