startup(x,y,z):(416,16160,128)
544 15840 -432
912 16128 320
384 16256 880
224 16160 256
576 16064 384
480 16112 544
704 16192 -320
800 16288 112
-240 16128 880
176 16160 800
752 16240 288
368 16304 -288
112 16352 -1072
160 16224 -624
112 16208 -176
576 16240 -416
528 16256 -224
272 16256 304
336 16224 704
576 16176 944
496 16192 704
784 16240 480
592 16240 464
336 16240 400
352 16224 48
592 16224 -256
480 16224 -464
368 16224 -352
464 16240 -720
480 16208 -464
432 16240 96
416 16224 160
336 16224 160
320 16176 512
384 16144 464
400 16192 304
416 16208 576
448 16240 400
480 16288 416
416 16224 336
400 16192 304
416 16208 224
480 16160 288
368 16240 -32
336 16272 112
336 16288 -32
368 16304 -48
432 16224 256
192 16160 128
320 16224 160
464 16272 256
496 16304 272
592 16400 128
400 16368 144
576 16256 -32
384 16288 -64
400 16256 -16
352 16192 -32
592 16144 -256
464 16256 -256
304 16288 -128
448 16224 -144
480 16176 -32
480 16208 32
448 16224 144
496 16256 -144
400 16224 112
400 16144 128
448 16176 -32
448 16272 16
384 16240 -400
432 16176 -400
400 16208 -272
400 16240 -32
384 16272 32
448 16208 96
592 16192 112
544 16176 48
624 16192 208
640 16192 16
528 16256 32
448 16272 -32
432 16272 -32
544 16256 192
496 16272 80
432 16224 -32
432 16224 -240
448 16224 224
464 16256 128
544 16256 128
368 16224 128
384 16224 112
400 16240 -16
480 16192 96
368 16192 272
384 16256 352
432 16192 48
448 16288 80
432 16304 192
448 16288 -144
448 16272 -112
512 16256 -96
480 16224 32
528 16240 160
448 16240 64
480 16304 -48
640 16240 208
448 16224 176
480 16192 128
640 16208 80
464 16320 208
384 16272 176
384 16272 96
432 16256 -32
496 16208 -144
576 16240 -208
480 16192 -96
512 16256 -64
528 16192 144
448 16192 96
480 16208 144
464 16240 144
416 16192 -48
272 16224 128
272 16272 -128
480 16288 -112
512 16224 112
480 16192 80
400 16128 80
400 16128 48
304 16128 -32
352 16144 -96
336 16272 -16
432 16224 80
432 16208 96
432 16208 0
496 16304 -112
592 16240 -96
608 16256 -112
368 16256 352
304 16256 256
368 16256 64
320 16224 0
368 16256 176
288 16208 32
416 16224 -96
512 16240 112
576 16240 176
496 16192 176
512 16224 240
400 16192 256
320 16144 176
480 16256 96
384 16272 -112
400 16272 -64
608 16272 -160
560 16256 -80
560 16208 -192
480 16224 0
336 16128 208
480 16176 -48
464 16208 -144
448 16208 -32
496 16256 48
352 16256 -16
592 16240 -16
400 16224 -176
448 16272 160
512 16320 -128
496 16288 -96
560 16272 -112
352 16256 -96
240 16224 -80
416 16304 32
480 16272 96
464 16288 144
448 16240 240
464 16192 80
464 16160 16
480 16192 64
416 16208 128
384 16288 192
432 16272 112
352 16288 112
464 16256 128
480 16256 0
432 16256 160
480 16176 16
464 16176 96
320 16224 64
368 16224 32
448 16224 96
432 16208 -16
448 16288 32
416 16240 128
384 16224 32
336 16240 32
288 16272 32
320 16288 32
432 16240 32
416 16144 112
560 16160 224
464 16144 -16
464 16176 -16
464 16208 160
432 16224 256
464 16224 176
560 16240 96
528 16144 48
352 16224 80
336 16256 80
352 16272 112
400 16288 64
400 16352 32
416 16272 -256
384 16224 0
400 16256 48
464 16224 -64
480 16208 128
416 16208 -32
432 16272 -64
448 16256 -192
464 16256 -64
304 16160 -32
352 16208 64
432 16176 208
560 16224 80
688 16272 160
352 16256 80
304 16224 112
400 16224 64
448 16192 0
416 16192 0
512 16192 16
496 16272 16
480 16208 112
432 16272 32
336 16192 96
400 16192 208
448 16224 96
304 16224 96
368 16224 -144
352 16240 -48
304 16224 112
384 16208 208
448 16160 272
448 16224 144
448 16272 0
400 16288 0
432 16272 32
512 16176 112
384 16144 224
336 16224 0
400 16224 0
304 16224 96
304 16272 32
