startup(x,y,z):(336,16240,48)
-720 16320 1872
352 16208 1856
1152 16224 1248
1808 16176 496
2288 16160 -400
2464 15968 -1200
2784 15968 -2016
2832 15968 -3344
1360 16032 -3952
848 16160 -3792
352 16320 -3200
-224 16384 -2608
-448 16320 -2352
-176 16288 -2416
432 16160 -3152
2128 16048 -3824
2688 16048 -4336
2384 16160 -4176
2496 16160 -3840
3456 16336 -3760
2400 16528 -288
-256 16800 320
-3872 17056 1888
-6944 16704 6160
-5664 16304 7104
-2000 15952 6016
-960 15856 4128
-768 16160 2720
1552 16048 3072
2480 16080 2832
2976 16112 3584
-3120 15760 8176
-1632 15920 6512
1472 15520 3280
1152 16192 -400
1216 16112 -1824
1616 16160 -2832
1504 16400 -2672
-384 16272 -2464
-416 16304 -1888
-176 16256 -2480
-560 16352 -2592
128 16320 -2896
256 16272 -2256
912 16272 -1200
464 16288 -208
544 16352 496
736 16352 928
448 16144 1616
112 16208 1776
320 16208 1472
416 16160 1600
480 16144 1376
288 16144 752
384 16208 544
368 16224 -48
576 16304 -384
496 16320 -512
368 16176 -560
304 16160 -704
512 16192 -848
304 16304 -736
592 16336 -720
480 16208 -288
336 16192 -32
400 16240 304
416 16208 448
432 16160 496
480 16144 896
496 16192 768
400 16224 624
448 16176 288
448 16240 176
464 16224 -96
400 16256 -512
576 16272 -496
480 16224 -528
368 16288 -592
416 16208 -608
336 16224 -400
384 16272 96
384 16272 336
544 16240 464
464 16288 592
432 16208 784
400 16224 576
432 16192 672
368 16208 704
304 16192 336
480 16224 48
320 16208 -48
288 16288 -224
448 16288 -368
384 16272 -496
368 16352 -816
352 16336 -752
384 16272 -400
352 16224 -432
368 16272 -96
368 16224 160
384 16208 304
384 16240 400
528 16192 784
416 16208 768
384 16176 592
416 16160 432
352 16128 352
464 16176 64
448 16160 -192
624 16160 -192
576 16208 -272
528 16208 -400
624 16240 -288
512 16064 -80
480 16096 -16
416 16240 80
448 16208 208
416 16240 320
320 16288 336
352 16112 496
480 16096 448
464 16192 352
464 16192 128
544 16144 128
480 16144 -352
352 16256 -240
400 16176 -176
368 16160 -160
288 16144 -128
432 16192 -192
448 16224 -144
320 16240 112
400 16256 96
400 16256 224
448 16240 80
464 16144 272
224 16144 288
224 16192 48
384 16208 64
416 16224 64
272 16272 -64
272 16320 80
432 16224 256
400 16224 -64
416 16192 -144
480 16240 -192
400 16160 -48
288 16224 -144
400 16272 -224
336 16192 80
352 16176 112
432 16192 224
384 16224 192
384 16192 256
416 16160 128
480 16176 144
464 16192 32
416 16192 48
352 16192 80
384 16176 80
336 16208 160
304 16256 80
304 16272 -64
400 16208 384
288 16176 192
272 16128 48
416 16176 112
432 16208 80
432 16176 176
336 16224 304
352 16192 224
320 16144 160
416 16240 128
432 16272 160
432 16256 288
496 16240 112
304 16240 96
336 16240 -16
368 16192 -16
352 16208 48
416 16256 -16
528 16272 112
480 16240 192
432 16256 -48
480 16176 -48
432 16176 0
400 16288 144
480 16304 144
464 16352 16
448 16304 -48
688 16208 -48
480 16208 128
448 16208 192
496 16176 -64
576 16160 96
592 16128 -16
528 16112 64
512 16160 -160
496 16160 -112
496 16176 -32
496 16224 64
352 16176 -80
368 16176 16
384 16208 208
512 16240 16
544 16160 80
656 16208 112
496 16256 80
560 16224 432
480 16224 272
544 16288 256
384 16288 208
288 16304 160
336 16224 0
336 16224 16
368 16128 16
400 16160 48
272 16160 32
384 16144 0
384 16224 64
352 16144 304
512 16192 272
448 16240 240
448 16224 160
416 16176 96
368 16192 0
448 16176 64
544 16208 48
448 16256 304
352 16256 352
416 16224 608
464 16208 432
448 16240 176
464 16256 112
416 16208 -16
400 16256 0
384 16224 16
464 16288 -16
416 16256 48
384 16192 -32
400 16208 -80
480 16176 48
560 16272 -96
496 16240 -96
576 16224 -64
576 16256 48
512 16208 48
496 16176 272
512 16176 128
608 16192 304
464 16112 16
368 16112 16
400 16176 64
432 16272 128
336 16224 -64
464 16208 64
