startup(x,y,z):(384,16272,320)
368 16176 1056
48 16256 896
368 16336 -112
960 16480 -496
1072 16352 -1088
1200 16192 -1328
768 16256 -1488
48 16240 -1552
32 16224 -1168
528 16304 -1200
496 16304 -960
48 16304 -512
368 16256 896
496 16256 1312
416 16112 1680
176 16112 2032
528 16096 2304
592 16224 2192
400 16128 1776
224 16272 1200
464 16304 -48
608 16320 -144
624 16256 -848
576 16192 -1072
432 16096 -1296
240 16224 -1616
416 16240 -1552
384 16096 -1504
464 16192 -1136
560 16160 -432
640 16224 -96
640 16208 288
432 16192 704
464 16272 1024
592 16224 816
464 16240 912
512 16224 960
480 16240 784
480 16272 576
416 16304 -96
464 16256 -64
464 16272 -352
384 16208 -496
496 16272 -624
480 16256 -624
528 16160 -496
416 16176 -480
368 16176 32
464 16224 96
448 16192 272
368 16208 448
352 16208 528
368 16272 592
400 16192 1024
432 16368 720
416 16320 624
368 16224 480
480 16256 32
448 16208 -80
496 16192 -208
464 16208 -528
432 16240 -288
416 16224 -432
336 16224 -128
384 16176 -384
400 16208 -176
416 16256 416
368 16224 624
400 16256 640
464 16192 832
528 16208 880
528 16272 768
448 16240 592
432 16240 160
672 16304 0
432 16304 -176
560 16224 -336
608 16160 -448
464 16240 -464
528 16240 -176
528 16224 -160
528 16176 -144
480 16144 80
544 16144 96
432 16224 416
448 16224 496
320 16240 416
288 16272 432
480 16272 480
272 16288 384
320 16240 112
368 16256 80
416 16288 48
432 16272 -256
352 16320 -208
176 16288 -224
336 16272 176
432 16256 128
432 16208 208
496 16224 272
432 16176 400
640 16224 432
448 16240 416
480 16240 32
384 16208 -16
384 16272 -16
384 16256 16
416 16128 -16
272 16112 -352
336 16160 -272
272 16192 -256
336 16176 -432
336 16224 -352
304 16256 0
320 16192 144
384 16224 240
448 16224 544
480 16192 928
480 16208 544
528 16208 464
496 16256 304
464 16256 208
464 16240 144
416 16256 -144
416 16256 -368
336 16144 -144
480 16224 -384
528 16208 -160
432 16208 -128
384 16192 -160
320 16224 160
400 16256 432
464 16192 336
272 16320 320
368 16192 352
400 16176 304
448 16240 80
512 16240 -256
512 16240 -128
480 16176 -192
480 16176 16
464 16192 -64
496 16192 -160
512 16256 -64
624 16288 16
560 16256 0
512 16304 96
512 16256 32
480 16176 224
608 16144 256
384 16080 272
416 16128 384
512 16128 80
496 16160 -48
416 16176 0
320 16224 48
288 16160 -32
368 16256 48
384 16208 -16
432 16240 48
688 16144 0
528 16128 -64
464 16160 144
464 16112 -48
448 16240 48
400 16288 160
400 16160 112
432 16160 112
352 16224 48
432 16064 -16
480 16144 256
528 16176 144
496 16240 160
416 16176 80
448 16224 128
464 16224 80
544 16240 208
448 16256 128
464 16272 80
480 16208 144
480 16176 256
384 16288 224
384 16304 320
416 16272 80
528 16208 224
512 16224 272
512 16224 16
416 16176 16
368 16256 0
368 16192 48
368 16176 80
496 16224 112
480 16176 -128
576 16224 -16
496 16240 -160
512 16192 384
480 16208 240
560 16192 176
576 16112 0
416 16208 80
352 16176 16
400 16192 240
480 16160 176
432 16192 64
368 16240 96
368 16288 112
512 16288 16
528 16224 -96
416 16192 -80
416 16208 64
464 16240 -80
432 16336 -240
400 16288 -32
432 16224 -80
384 16256 -80
416 16224 -32
336 16256 64
384 16304 96
192 16352 208
384 16224 64
304 16192 32
368 16192 80
336 16176 -128
480 16192 -400
416 16208 -128
416 16208 -32
416 16208 -16
208 16240 -192
560 16240 -128
304 16192 32
288 16192 -64
416 16160 16
400 16224 0
528 16224 16
480 16256 160
528 16304 32
512 16288 16
448 16208 160
432 16208 96
448 16192 0
560 16272 48
384 16288 96
352 16160 96
400 16160 96
336 16128 96
336 16256 32
352 16336 16
352 16240 48
480 16256 0
496 16224 288
336 16224 192
400 16176 192
416 16160 240
384 16176 208
352 16208 272
320 16176 208
