startup(x,y,z):(432,16256,240)
224 16720 1296
368 16656 1696
320 16384 2096
320 16208 2432
112 17520 2080
2032 18016 1584
1328 18016 1584
1616 18688 1616
2128 18608 2096
2448 18400 2352
2640 19648 1984
4480 19328 1328
3584 15248 1888
2608 15456 1792
2608 15456 -2912
1456 21936 -2912
3680 17408 -544
2176 19360 1232
2064 17088 1232
-8448 14000 3792
-128 16096 2336
1008 13696 4448
-3056 17280 1856
-496 15904 2208
-160 16256 1664
-160 16064 1584
144 16064 1504
432 15904 1904
384 15904 1904
128 16176 1600
640 15904 1968
288 16128 1744
768 16112 1968
976 16144 1648
976 15744 1488
416 15792 1328
32 15792 1328
864 15712 1504
976 15536 1248
448 15888 1552
368 15872 2336
96 15952 2832
48 15872 2736
32 15792 2928
96 15888 2736
96 15888 2592
224 15664 2592
336 15728 2704
576 15792 3008
784 15776 2624
928 15456 2512
864 15616 2368
864 16128 3056
-1072 16128 2736
304 15984 2736
128 16368 2320
640 16016 3072
416 15776 3520
224 15808 3664
272 15984 3424
272 15936 3344
1280 15936 3344
624 15600 4384
272 15456 4544
256 16384 3728
1600 16144 5040
928 16912 4208
928 16480 5024
1552 16992 4400
832 17008 4400
528 17408 3776
464 16720 4144
288 16352 4064
528 16224 3584
528 16288 3600
560 16288 3600
512 16448 2512
464 17040 2512
1856 18384 -2320
1728 6704 864
944 10928 2240
-64 12832 2656
-848 14384 2928
-848 14384 3504
-848 16176 3504
-1040 16208 3744
-848 15904 3968
-464 15632 4144
-192 15472 4128
-96 15392 4048
-96 15536 4128
48 15536 4096
-48 15728 4048
-32 15728 4048
0 15728 4368
64 15792 4496
64 15744 4528
144 15760 4864
400 15872 4976
464 15952 4928
496 15888 4512
1328 15296 1712
1232 15808 2448
1232 15808 3456
864 16112 3456
480 15984 4048
-192 15616 4400
-16 15648 4224
160 15584 4224
352 15648 3984
288 16240 4048
288 16240 4176
-368 16768 4976
-1088 16384 4976
2016 -4656 -2208
1008 7152 -992
864 11760 1024
688 14256 4336
688 14816 2896
1680 14816 3632
1280 14992 3632
624 15152 3792
240 15280 3632
240 15376 3920
336 15456 4096
464 15568 4112
464 15616 4032
320 15616 4032
400 15504 4224
32 15536 4160
512 15568 4288
608 15600 4288
608 15664 3920
496 15776 3904
-112 15776 4160
-128 15776 4224
-224 15776 3984
-64 15664 3984
-48 15616 4112
0 15520 4096
-160 15632 4256
-224 15744 4416
-224 15792 4384
-240 15792 4592
-80 15808 4496
32 15792 4496
-16 15776 4240
96 15648 4416
128 15680 4240
-32 15600 4400
-128 15616 4448
-128 15552 4144
32 15552 4304
128 15584 4304
80 15648 4288
-48 15648 4624
0 15616 4448
-64 15664 4528
160 15632 4608
80 15696 4720
-160 15696 4560
-128 15728 4656
-128 15728 4720
-64 15728 4720
-16 15680 4816
16 15680 4752
-32 15696 4560
64 15744 4432
192 15744 4624
0 15712 4496
112 15792 4576
112 15792 4544
96 15776 4432
96 15776 4496
176 15680 4496
-32 15648 4256
-112 15680 4352
16 15680 4336
0 15728 4304
48 15744 4144
96 15744 4224
96 15664 3888
144 15600 4112
176 15632 4048
176 15632 4128
128 15632 4352
-32 15632 4352
96 15760 4192
16 15808 4048
32 15824 4064
16 15696 4112
16 15712 4320
32 15648 4256
16 15712 4000
16 15632 4160
80 15696 4016
80 15648 4208
160 15648 4208
128 15712 4000
128 15696 4080
80 15744 4256
48 15664 4256
96 15712 4304
96 15744 4496
112 15744 4448
96 15744 4400
112 15728 4400
128 15696 4400
224 15680 4224
224 15712 4656
64 15712 4480
192 15712 4352
144 15712 4368
256 15680 4368
160 15728 4240
192 15760 4320
352 15744 4304
400 15744 4192
256 15696 4368
128 15664 4336
48 15696 4336
80 15744 4304
144 15696 4400
32 15792 4272
144 15712 4208
176 15680 4320
176 15680 4352
-48 15680 4352
-32 15712 4464
-48 15744 4432
112 15664 4288
256 15616 4384
224 15600 4192
224 15632 4240
160 15616 4192
48 15600 4112
48 15648 4272
0 15664 4256
48 15664 4208
-48 15664 4256
-16 15728 4336
48 15696 4256
48 15616 4304
112 15584 4336
112 15600 4304
64 15616 4272
192 15600 4304
32 15632 4272
32 15568 4288
144 15568 4288
160 15648 3920
304 15648 3920
224 15696 4320
336 15696 4464
208 15712 4464
192 15728 4384
160 15728 4384
160 15808 4336
256 15760 4448
256 15760 4448
48 15760 4448
-96 15728 4592
-80 15712 4192
32 15632 4240
176 15664 4432
272 15632 4096
224 15648 4144
224 15648 4176
144 15712 4176
176 15712 4224
176 15632 4160
320 15664 4224
208 15664 4224
16 15696 4384
16 15776 4432
112 15776 4288
16 15712 4240
32 15712 4288
176 15728 4288
112 15696 4272
64 15728 4272
96 15664 4368
192 15632 4256
176 15696 4400
176 15648 4528
256 15648 4528
240 15632 4224
224 15648 4320
192 15616 4304
192 15616 4288
16 15696 4304
64 15648 4192
32 15664 4144
48 15632 4240
48 15648 4256
176 15648 4288
16 15664 4288
208 15712 4240
96 15728 4240
144 15648 4032
112 15680 4000
240 15664 4000
240 15584 4000
192 15648 4096
112 15648 4304
240 15632 4304
352 15616 4384
224 15568 4480
192 15632 4496
96 15680 4400
192 15664 4320
192 15744 4176
144 15744 4304
272 15776 4320
224 15680 4272
192 15680 3952
192 15696 4352
128 15696 4288
192 15696 4288
192 15664 4240
80 15712 4208
80 15776 4304
144 15712 4272
336 15712 4464
304 15648 4320
304 15648 4320
144 15664 4224
144 15664 4256
176 15664 4032
192 15664 3904
176 15616 4080
160 15616 4176
272 15632 4192
272 15648 4240
208 15648 4288
144 15664 4224
240 15632 4080
160 15664 4144
160 15712 4336
160 15616 4400
48 15648 4192
112 15680 4272
112 15680 4576
128 15680 4304
32 15696 4352
32 15792 4352
160 15760 4336
208 15824 4480
144 15792 4464
144 15776 4320
160 15760 4320
96 15744 4080
272 15760 4320
272 15680 4192
192 15680 4192
224 15648 4400
176 15680 4736
224 15584 4736
208 15568 4560
176 15520 4304
144 15600 4400
96 15664 4336
208 15664 4272
112 15680 4128
176 15712 4096
176 15712 3872
368 15728 3872
256 15632 4016
256 15680 4160
208 15744 4144
368 15712 4176
368 15680 4256
208 15680 4256
112 15664 4128
80 15712 4176
96 15712 4208
256 15616 4240
16 15600 4272
0 15632 4352
0 15632 4336
96 15616 4336
-96 15632 4336
32 15616 4368
80 15632 4624
112 15648 4352
-64 15632 4336
-64 15680 4320
64 15696 4384
64 15696 4416
-128 15696 4416
32 15616 4336
48 15696 4224
-48 15664 4288
224 15648 4144
112 15712 4112
112 15712 4096
144 15664 4096
112 15600 4480
112 15600 4416
96 15680 4304
80 15632 4240
96 15632 4144
-16 15600 4176
-16 15632 4208
160 15632 4032
208 15664 4032
128 15680 4000
160 15776 3984
80 15776 3904
80 15712 4208
144 15696 4368
160 15632 4336
160 15632 4192
64 15632 4256
48 15616 4256
160 15616 4336
0 15584 4416
112 15616 4272
112 15584 4352
112 15584 4352
0 15680 4352
16 15712 4352
48 15712 4288
64 15616 4208
96 15760 4224
224 15760 4064
224 15760 4192
256 15776 4192
336 15664 4224
176 15760 4288
160 15680 4048
112 15632 4256
112 15632 4384
16 15648 4384
96 15600 4528
112 15600 4528
-16 15680 4480
128 15696 4448
144 15728 4064
208 15584 4336
272 15536 4304
176 15696 4288
176 15696 4176
-48 15712 4176
0 15744 4128
48 15696 4080
32 15712 4144
176 15712 4144
32 15696 4304
64 15744 4416
48 15712 4688
144 15632 4304
144 15648 4400
144 15648 4176
240 15824 4000
160 15648 4192
64 15664 4192
144 15600 4416
-48 15600 4304
32 15632 4320
96 15664 4400
64 15792 4320
80 15632 4304
80 15664 4320
128 15664 4080
144 15632 4048
176 15696 4064
272 15744 4064
288 15696 4048
224 15696 4176
192 15712 4256
160 15584 4304
176 15648 4368
240 15680 4448
336 15616 4256
320 15520 4224
208 15584 4272
208 15648 4352
112 15648 4144
176 15600 4144
256 15616 4368
224 15680 4336
208 15712 4128
160 15664 4192
112 15664 4208
32 15648 4272
128 15632 4112
96 15712 4160
48 15712 4288
240 15696 4160
112 15648 4240
112 15664 4176
48 15648 4432
-16 15632 4432
32 15648 4272
48 15632 4288
96 15696 4448
-32 15728 4448
208 15728 4080
192 15680 4096
80 15712 4352
96 15696 4464
256 15696 4640
240 15712 4400
240 15680 4416
176 15680 4416
16 15680 4304
96 15760 4352
16 15728 4368
144 15680 4368
224 15600 4416
160 15632 4400
