startup(x,y,z):(384,16240,224)
-80 17152 2208
1312 16928 2064
1440 17056 1584
480 15392 -304
0 16512 -992
720 15856 -736
720 16224 -64
384 16224 -64
480 16640 800
-880 16880 1744
1600 14752 -288
608 15712 -960
736 15744 -256
304 16176 320
480 16400 704
480 16640 1024
560 16704 1552
528 16704 1552
720 16976 1568
592 16624 1568
624 17184 2320
-608 17568 2608
-176 19280 3408
-2224 25968 6512
-3216 29312 -3472
-16256 17856 4848
-256 25248 1072
7456 28944 -4752
5552 30800 -14816
5552 30672 6736
-1936 30672 6736
992 21536 17920
2368 18512 14336
368 21152 2896
384 22112 -1696
688 18880 -6768
2320 13216 -8320
2320 13216 -8560
2736 9136 -8560
2528 8000 -8048
2560 8336 -7920
2496 8336 -7696
2592 7568 -6608
2576 6848 -5456
2416 6528 -7520
768 6928 -7360
-240 7600 -5376
-1184 7600 -2544
-2928 12016 10992
-4576 12016 7296
-6752 13616 7296
-5600 14784 3168
-4624 13984 816
-4368 13744 304
-3904 14016 16
-3344 15184 576
-3344 15888 1376
-3888 16032 480
-3888 16896 6256
-112 16896 4256
-1168 15792 4112
-688 14928 4112
-800 14640 1744
-64 14240 1200
736 13280 416
2080 12224 -736
2448 12464 -2160
3392 12592 -1184
4112 12448 -592
4112 12400 -2384
3232 12400 -2336
3168 12768 -2336
3936 13328 -2752
4944 14128 -1808
5376 15104 -400
5760 16464 1088
5760 16560 1584
5824 16560 544
4864 16480 160
4256 16832 -1696
4976 16832 -1600
5312 16832 -1600
5360 17472 -1088
9440 18768 2496
4624 18464 -368
4080 19104 1248
4096 18208 512
3808 16480 -1088
3808 16480 -608
5264 15568 -608
6896 15136 -4208
4560 15088 -2912
6240 15088 -2208
6544 14848 -2208
6928 15056 -1600
5328 15840 -2896
5440 16048 -3952
5280 15712 -4976
8080 15856 -4192
8624 15424 -4048
7904 15648 -5472
6864 15760 -5152
8048 16080 -3472
8048 16080 -2256
8272 16608 -2416
8336 16224 -2816
8432 16224 -2816
8368 15856 -2832
7984 15456 -2800
7840 15680 -2512
7536 15760 -2752
7376 15216 -2592
7024 15264 -3520
-496 15264 -4032
8624 14560 -3984
13168 13856 -4352
3984 16480 -1840
2688 17184 -720
3904 16912 -2752
5392 14416 -3776
6304 14832 -3520
7824 13744 -4720
8432 13856 -5120
6512 14912 -4112
6512 12768 -5792
8464 12768 -4176
7936 12320 -2800
8080 12976 -2800
8352 14416 -3792
8272 14992 -4320
6160 15472 -3040
6400 15040 -2064
6512 14608 -1584
7008 13824 -3056
7808 13168 -2704
8784 13520 -3424
8320 14464 -3072
7424 14496 -3152
7456 14336 -3312
6976 14672 -2992
7696 14176 -3520
7488 14304 -2688
6704 14752 -2928
7440 13728 -2912
7440 14176 -2864
7344 14176 -2640
7392 14752 -3056
7232 14752 -3056
7040 14752 -2912
6608 14800 -2256
6720 14640 -2304
7200 14368 -2768
6528 13952 -2448
7952 13936 -1248
8032 14512 -2912
7120 14480 -2048
7520 14256 -1632
6832 14592 -1648
6832 14592 -1792
6592 14944 -1792
6800 14960 -2080
6992 14544 -2496
7088 14096 -2880
7040 14000 -2672
6992 13776 -2864
7104 13728 -2784
7104 13792 -2848
7200 13792 -2368
7392 14736 -2240
7344 14720 -2240
6736 14528 -1936
7008 14528 -1824
6912 14528 -1968
7088 14736 -2448
7312 14880 -2528
7296 14528 -2496
7168 14464 -2736
7136 14368 -2768
7136 14432 -3072
7024 14480 -3152
7008 14480 -3152
6800 14752 -3280
9728 15824 -3952
8448 16192 -3680
6864 15824 -3328
6272 15584 -2880
6400 15376 -2880
6432 15216 -2816
6384 15104 -2784
6368 14960 -2816
6528 14880 -2832
6528 14752 -2816
6544 14752 -2720
6688 14496 -2720
6880 14496 -2880
6896 14432 -2464
6976 14352 -2512
7152 14304 -2512
7104 14368 -2592
7088 14400 -2592
7040 14448 -2416
6896 14528 -2448
6896 14528 -2384
7024 14448 -2288
6992 14512 -2288
6896 14432 -2288
6800 14416 -2256
6848 14384 -2064
7024 14400 -2016
7056 14384 -2016
7056 14464 -2160
7168 14448 -2464
7008 14480 -2432
6928 14320 -2416
6816 14304 -2480
6816 14336 -2816
6816 14352 -2624
6960 14352 -2624
6928 14176 -2512
7056 14016 -2160
6976 14016 -2160
6976 14256 -2224
7008 14848 -2256
6864 15216 -2208
6864 14960 -1744
6720 14880 -2080
6656 14688 -2240
6608 14688 -2352
6624 14768 -2352
6592 14816 -2464
6704 14800 -2640
6720 14752 -2592
6640 14832 -2736
6608 14800 -2752
6608 14688 -2768
6832 14688 -2672
6640 14736 -2752
6544 14736 -2640
6608 14656 -2608
6752 14656 -2576
6512 14704 -2576
6592 14672 -2336
6624 14640 -2432
6704 14560 -2352
6736 14496 -2464
6896 14400 -2400
6944 14432 -2400
6944 14352 -2352
7008 14352 -2336
7024 14336 -2480
6992 14336 -2480
6896 14400 -2480
7136 14432 -2592
7072 14448 -2496
6768 14608 -2304
6864 14592 -2496
6976 14592 -2672
6976 14592 -2608
6720 14576 -2608
6720 14528 -2624
6912 14432 -2720
6848 14512 -2592
6784 14528 -2464
6800 14448 -2352
6896 14304 -2496
6912 14208 -2464
7040 14144 -2528
7040 14144 -2576
6944 14128 -2576
6992 14112 -2512
6880 14176 -2432
7040 14208 -2592
6912 14208 -2976
6928 14304 -2976
6704 14448 -2976
6592 14528 -3024
6512 14656 -3312
5728 14864 -2736
6816 14960 -3520
6784 15056 -3584
6304 15088 -3408
6048 15168 -3216
6096 15184 -3456
5936 15168 -3600
6032 15136 -3696
6032 15088 -3696
6048 15088 -3376
6000 14944 -3376
6096 14816 -3456
6304 14688 -3360
6400 14576 -3248
6480 14496 -3344
6480 14496 -3232
6592 14400 -3360
6544 14416 -3360
6528 14384 -3136
6576 14240 -3136
6688 14320 -3280
6736 14416 -3168
6672 14448 -3264
6720 14560 -3712
6864 14608 -3584
6752 14544 -3568
6848 14576 -3392
6848 14544 -3360
6704 14544 -3376
6592 14640 -3376
6448 14688 -3024
6240 14880 -3152
6336 14912 -3328
6128 15008 -3312
6144 14912 -3232
6080 14944 -3264
6048 14832 -3216
6208 14816 -3552
6272 14816 -3392
6208 14736 -3184
6208 14736 -3312
6432 14656 -3312
6384 14624 -3264
6496 14592 -3456
6624 14480 -3312
6576 14512 -3168
6576 14496 -3152
6752 14432 -3232
6720 14400 -3136
6624 14320 -3184
6688 14400 -3104
6688 14416 -3184
6720 14416 -2992
6560 14432 -2992
6560 14560 -2960
6544 14528 -2672
6624 14528 -3040
6576 14528 -3040
6624 14496 -2912
6672 14560 -2976
6544 14624 -3120
6448 14560 -2960
6496 14592 -2880
6416 14656 -2768
6416 14656 -2864
6464 14608 -3072
6496 14656 -3008
6496 14656 -2960
6496 14768 -2960
6528 14784 -3136
6592 14880 -3424
6640 14832 -3216
6576 14784 -3184
6544 14800 -3296
6464 14752 -3312
6464 14752 -2992
6256 14608 -2928
6144 14624 -2832
6144 14512 -2688
6208 14512 -2576
6192 14592 -2736
2928 15216 -7984
3456 13952 -4752
3456 14992 -3008
4800 14992 -3008
5600 14032 -3424
6256 14912 -2736
7024 14848 -2912
6608 14848 -2544
6864 14640 -2880
6672 14480 -2896
6672 14480 -2896
6704 13984 -1760
6112 14336 -2544
6240 14416 -2736
6368 14480 -2960
6400 14560 -3008
6336 14640 -3120
6304 14736 -3136
6272 14880 -3312
6240 14976 -3280
6256 14896 -3232
6176 14896 -3024
6272 14912 -3056
6192 14912 -2992
6192 14960 -2896
6128 14960 -2896
6032 14896 -2880
6144 14848 -2880
6288 14784 -3008
6240 14656 -3072
6176 14688 -2928
6320 14720 -2816
6224 14624 -2720
6176 14704 -2640
6224 14784 -2944
6224 14704 -2880
6352 14768 -2720
6176 14832 -2832
6288 14800 -2640
6384 14800 -2752
6400 14704 -2688
6464 14672 -2736
6464 14672 -2848
6352 14624 -2848
6336 14656 -2656
6288 14576 -2784
6304 14624 -2672
6240 14592 -2384
6192 14608 -2544
6432 14656 -2752
6368 14736 -2688
6368 14736 -2928
6240 14768 -2832
6400 14672 -2688
6416 14704 -2688
6544 14704 -2816
6544 14640 -2800
6448 14640 -2800
6400 14736 -2992
6352 14784 -2896
6208 14800 -2912
6176 14832 -2832
6208 14848 -3056
6208 14848 -2896
6368 14704 -2896
6432 14720 -3008
6464 14800 -2880
6416 14784 -2768
6368 14880 -2608
6192 14800 -2672
6256 14880 -2800
6368 14768 -2960
6384 14720 -2880
6304 14656 -2768
6176 14704 -2544
6176 14704 -2592
6128 14704 -2592
6080 14800 -2816
5952 14848 -2672
5952 14832 -2704
6064 14832 -2656
6048 14784 -2800
6272 14688 -3088
6368 14688 -2880
6336 14640 -2688
6384 14672 -2768
6384 14672 -2544
6400 14800 -2544
6368 14848 -2736
6320 14768 -2688
6288 14736 -2640
6064 14816 -2864
6208 14832 -2928
6176 14832 -3024
6080 14944 -2864
5952 14880 -2816
6096 14848 -2656
6256 14784 -2784
6288 14816 -3056
6304 14736 -2672
6480 14688 -2688
6448 14640 -2800
6496 14576 -2688
6448 14592 -2864
6432 14608 -2848
6480 14592 -2816
6400 14608 -2752
6528 14592 -2592
6512 14624 -2752
6384 14640 -2768
6256 14816 -2912
6240 14816 -2944
6208 14800 -2896
6336 14800 -2912
6368 14880 -2784
6352 14784 -2816
6448 14640 -2800
6368 14592 -2800
6416 14608 -2736
6432 14656 -2592
6448 14736 -2624
6416 14736 -2752
6400 14688 -2752
6576 14592 -2864
6448 14672 -2528
6448 14800 -2624
6304 14816 -2512
6128 14864 -2704
6128 14800 -2848
6256 14848 -2864
6288 14848 -2816
6288 14800 -2912
6288 14800 -2912
6304 14816 -2928
6304 14784 -2880
6320 14784 -2720
6320 14784 -2768
6400 14688 -2816
6320 14704 -3072
6352 14768 -2880
6320 14768 -2848
6224 14880 -2832
6224 14880 -3040
6368 14896 -3040
6544 14832 -2992
6416 14720 -2768
6480 14736 -2656
6544 14720 -2848
6400 14720 -2720
6400 14704 -2720
6432 14704 -2720
6336 14672 -2752
6336 14736 -2832
6320 14688 -2800
