startup(x,y,z):(384,16176,32)
272 16448 1024
416 16624 1808
480 16624 2192
752 17104 2192
736 17296 2528
-512 16240 2272
880 14320 3936
-784 15952 5456
-832 17536 7136
-912 18032 7136
-96 18272 6704
1456 18816 5024
1008 18560 2992
-176 19456 2976
-144 19472 3584
3584 20000 1024
1808 19824 2384
-880 19840 3840
448 18976 2256
960 18272 2368
1040 17456 2096
32 17536 1168
32 19936 -880
-1136 16784 -1216
-2208 13536 176
-992 16032 -1280
-2912 16448 1488
-2960 16624 3328
-2208 16560 3712
-2208 16688 3328
-384 16320 2704
2128 15648 2240
2128 18480 576
2112 16368 368
2112 15984 640
2080 15984 1760
1840 15520 1760
1920 15056 3088
1904 14720 2688
2288 14720 2416
2656 14592 2240
2688 14320 2240
2064 14448 2704
1392 14720 3472
944 15104 4240
576 14912 4272
576 14512 4000
480 14512 3872
208 14384 4112
-704 14512 4224
-704 14592 4368
-880 14592 4624
-1024 14800 4624
-1008 14880 4528
-832 14832 4656
-752 14896 4784
-304 14976 4928
-320 15088 5312
-320 15248 5600
64 15312 5920
272 15360 6208
608 15360 6368
608 15376 6384
960 15376 6576
1200 15376 6576
976 15344 6480
656 15344 6336
608 15296 6192
272 15264 6080
176 15168 6032
-16 15120 5776
-272 15104 5872
-208 14800 5792
-384 15056 5904
-368 15104 5648
-368 15104 6016
-496 15040 6016
-448 15040 6128
-576 15104 5824
-592 14880 6016
-544 14880 5856
-544 14832 5808
240 14928 7200
-528 15232 5440
-560 14992 5904
-896 15024 5712
-896 14960 5920
-1168 14960 5888
-1120 15136 6048
-800 15136 6048
-432 15040 6320
-96 15088 6064
-160 15072 6128
-224 14960 6176
544 14704 6080
128 14832 6080
32 15008 6256
176 14976 6080
448 14864 6064
448 14544 6000
816 14544 5808
1072 14496 5536
1040 14480 5696
1056 14496 5504
1008 14688 5616
1216 14688 5904
1184 15072 5904
672 15120 6192
304 15200 6448
336 15104 6112
368 14880 5856
368 14880 5952
320 14976 6064
128 14976 6096
32 14928 6176
0 14928 6240
-288 14832 6336
-288 14832 6624
-240 14912 6624
-208 14944 6304
-208 15008 6352
-176 15040 6352
-96 15024 6144
-128 15072 6480
-144 15040 6464
96 15040 6464
416 15008 6304
272 14976 6096
208 14992 6176
256 14960 6032
144 14976 6016
272 15008 6144
160 14976 6192
160 14880 6192
160 14880 6288
240 14896 6304
240 14896 6176
112 14992 6176
32 14992 6288
-144 15024 6096
-48 14976 6112
-48 14960 6592
-48 15008 6368
96 14960 6336
272 15056 6384
496 15024 6272
464 14864 6144
240 14832 6288
240 14848 6208
448 14880 5968
368 14912 6048
400 14848 6000
352 14880 6016
352 14928 5968
352 14928 6240
336 14944 6208
304 14944 6176
256 15008 6160
208 15008 6224
256 14992 6144
352 14928 6208
384 15008 6384
320 14992 6304
464 14912 6368
496 14976 6224
384 14992 6176
304 15056 6320
128 15024 6160
-32 15088 6304
80 15072 6240
144 15104 6016
112 15072 6064
-96 15008 6272
-112 15056 6496
-16 15056 6384
-80 15120 6256
-96 15088 6304
128 15072 5984
128 15328 6320
16 15120 6320
144 14976 6208
32 14976 6096
-48 14976 6160
-64 14992 6160
-80 15008 5984
48 15024 5808
-16 15072 5872
0 15008 5968
-192 15072 6000
-32 14960 6064
352 14992 6096
352 14992 6096
352 15072 6208
384 15072 6352
544 15104 6352
384 15152 6224
416 15104 6016
304 15152 6016
336 15120 6176
192 15184 6176
144 15184 5936
256 15168 6112
192 15024 6112
192 15008 6208
160 15024 6224
80 15088 6192
-16 15024 6288
64 14976 6144
96 15008 6112
304 15136 6128
224 15072 6032
224 15008 6256
176 14944 6256
192 15024 6208
160 15056 6160
208 15072 5904
240 14992 5904
176 15072 5968
176 15024 6080
400 15024 6080
288 15056 6432
224 15056 6240
224 15056 6240
208 15024 6384
176 15008 6256
144 15024 6112
176 15056 6032
160 15088 6080
160 15024 5936
128 15024 5936
128 15072 6096
160 15024 6160
112 15056 6080
192 15056 6016
272 15008 5840
208 15040 5968
240 15056 6048
240 15088 6032
256 15104 6240
208 15104 6240
240 15088 6096
208 15024 6128
128 15040 6400
192 15024 6304
176 15056 6272
176 15104 6176
256 15104 6128
208 15024 6128
320 15008 6272
192 15136 6032
160 15104 6128
256 15088 5952
96 15152 6000
96 15040 5984
32 15104 5968
64 15104 6016
160 15008 6016
208 15072 5920
208 15008 6000
96 15152 6320
64 15184 6160
80 15136 6384
192 15072 6192
192 15072 6016
192 15072 6016
304 15072 6320
464 15008 6368
432 15024 6320
464 15024 6016
464 15056 6128
368 15040 5920
96 15040 5904
144 14976 5904
80 14960 5856
-80 14960 5792
-48 14944 5776
96 14928 5984
144 15008 6096
288 15008 6000
384 15056 6256
208 15040 6304
208 15296 6400
160 15088 6144
208 15024 6176
192 15120 6144
192 15120 6288
224 15040 6256
272 15136 6256
144 15056 6320
192 15008 6256
144 14976 6240
48 14928 6128
160 14944 5920
288 14896 5984
240 14960 6000
240 14928 6000
256 14928 6112
304 14896 6112
368 14976 6128
400 15024 6080
368 15040 6048
256 15072 6112
288 14976 6256
256 14912 6160
208 14960 6096
304 14960 5968
192 14992 5968
192 15024 5984
16 15024 6256
96 15088 6128
96 15088 6176
288 14992 6176
224 15040 6144
240 14992 6208
304 14928 6096
224 14992 5968
176 15024 5984
176 15024 6208
128 15008 5920
160 15088 6192
0 14960 6192
64 14960 6272
144 15040 6240
304 15088 6240
464 15120 6272
416 15104 6384
336 15104 5936
336 14976 5952
368 14976 6016
368 15008 5648
240 15008 5648
208 15056 6288
176 15040 6320
320 15008 6320
192 15024 6240
320 14976 6128
144 15056 6144
192 14960 6176
192 14976 6128
192 15072 6016
16 15072 6128
128 15072 6128
0 14944 6016
-80 14960 5904
-16 15056 5968
0 15040 5712
80 15088 5984
48 15088 6032
128 15136 5664
32 15056 6000
32 15056 5984
96 14992 5984
80 14992 5968
112 14992 5936
368 14992 5936
256 14976 6128
240 15024 5888
272 14976 5952
400 15024 5936
400 15072 6160
400 15056 6000
352 15056 6016
416 15040 6016
384 15040 5904
272 15104 5936
160 15104 5968
128 15040 6048
192 14976 5952
64 14928 6096
64 14928 5872
80 14928 5760
192 14896 6000
128 14960 6224
96 14992 6224
96 14992 6112
208 15008 5904
112 15008 5984
112 15008 5888
160 15088 6048
256 15040 6224
288 14992 6304
256 15008 6240
256 15072 6096
208 15072 6224
80 15088 6048
112 15088 6048
112 15072 6048
128 15040 6048
288 15008 6096
320 15008 5808
320 15024 6016
256 15072 6208
128 15008 6176
144 15104 6128
144 15104 6224
0 15072 6224
0 15040 6224
112 15056 6224
32 15216 6288
0 15120 6128
192 14992 6112
192 14960 6016
192 14976 6000
128 14976 6080
64 14944 6080
128 14992 6192
240 14912 6192
240 14912 6272
240 14880 6112
160 14880 6112
-32 14896 6224
96 14976 6080
16 14928 6208
256 15008 5984
240 14976 6048
272 15040 6096
272 15040 6176
160 15008 6176
144 14928 6048
144 14944 6032
144 15040 5984
-16 15008 6032
-16 15008 6048
80 15008 6048
96 15072 6048
96 15056 6272
160 15008 6208
128 14944 6112
128 14992 6192
192 14976 6160
192 15040 6160
160 15040 6208
-32 15152 6208
-48 15088 6192
96 15152 6016
96 15056 6320
64 15120 5984
208 15104 6048
208 15120 6128
192 15120 6032
176 15104 6032
192 15024 6080
-32 15088 6032
-32 15008 6000
80 15008 5872
128 15040 5872
144 15024 5936
112 14992 5968
96 14960 5920
208 14976 6000
304 15024 6128
304 15040 6000
128 15040 5840
208 14976 5840
32 15056 6080
-128 15136 5904
-48 15136 6144
-64 15072 6224
32 14992 6272
32 15008 6064
48 15008 6048
64 15056 6048
176 15008 5920
96 15072 6016
160 15104 6096
160 15088 5968
160 15088 6016
64 15104 6016
32 15040 5712
128 15088 5888
144 15040 5696
96 15088 5872
256 15104 5936
256 15104 6144
64 15088 6144
176 15008 6080
176 15072 5840
128 15040 6304
128 15040 6176
128 15056 6144
192 15056 6224
96 15056 6272
48 15072 6368
208 15072 6224
208 14992 6112
208 15040 6208
144 15040 6576
208 15200 6576
176 15040 6672
272 14944 6448
256 14992 6336
160 15040 6144
112 15008 6064
208 14976 5952
352 14928 6016
608 14896 6336
544 14896 5968
544 14992 6128
320 14992 6176
160 14960 6176
48 15040 6000
16 15024 5952
16 14928 6112
96 14992 5840
48 15008 5888
48 14960 5968
80 14912 6112
224 14912 6288
144 14976 6288
80 15008 6080
128 15056 6160
160 14992 6512
