startup(x,y,z):(176,16208,176)
576 16912 2704
944 17488 1824
64 17488 1664
-336 16672 1664
-976 16224 1776
528 16496 1168
432 16544 1088
432 16496 960
1200 16496 1280
240 16992 1280
1056 16976 1296
-576 17440 2160
752 16608 2160
-288 16864 1520
-288 17328 1040
-2928 16688 1536
-816 16000 7664
-816 16000 5424
2512 15856 2320
-832 16704 2320
-784 16704 1872
1344 16832 1952
880 16848 2384
176 16544 2768
416 16368 2832
416 16560 2544
64 16560 2496
96 16464 2496
-208 16304 2448
-192 16096 2464
-416 16208 2272
-656 16304 2352
-656 16672 1936
-592 16672 1888
-704 16992 1936
-752 17392 1936
576 15632 1744
1568 20704 5776
-816 17840 5696
-816 15472 4800
-976 15472 4800
-320 13744 4640
528 14048 4480
1088 14912 5280
1456 14240 5264
1456 17168 5632
1376 18464 4896
1376 18544 4016
1200 18544 3008
912 18496 3008
1056 18048 2432
1200 17616 2640
1200 17616 3072
1456 17216 2864
1568 16720 2864
1744 16368 2624
1504 15968 2576
1312 15616 2208
1472 15184 1392
1168 14672 928
1088 14320 880
1088 14320 1008
960 14016 1008
768 13872 1008
672 13568 720
160 13248 464
-208 13488 704
-208 13616 1152
-704 13616 1600
-688 14096 1712
-672 14096 1712
-816 14576 1904
-912 14944 1664
-832 15296 1136
-928 15664 960
-1056 16032 1088
-1184 16240 1056
-1184 16240 1024
-1424 16192 1024
-1680 15856 1104
-2000 15376 1104
-2224 15024 1168
-2352 14848 976
-2640 14608 1088
-2640 14512 944
-2704 14512 944
-2768 14352 672
-2736 14416 592
-2896 14560 -80
-3072 14496 -656
-3072 14448 -688
-2640 14448 -384
-2160 14656 -640
-1760 14656 -384
-1488 15024 -384
-1360 15472 -304
-2176 16000 -528
-2160 16512 -512
-2160 16768 -672
-1904 16768 -144
-1584 17120 -144
-1056 17280 -304
-544 17200 496
-352 17312 992
-144 17328 1152
336 17264 1664
336 17264 1952
688 17136 1952
1136 16944 1920
1792 16736 2384
2240 16400 2560
2240 16032 2832
2720 15904 2976
2912 15904 2976
2656 15888 3264
2448 16048 3232
2080 16336 3024
1824 16704 2320
1584 17056 2192
1584 17328 2336
1584 17328 2624
1552 17552 2624
1760 17696 2832
1712 17760 2768
1792 17856 2320
2064 18016 1904
2304 17920 1600
2496 17856 1184
2464 17440 928
2464 17440 480
2208 17248 480
1872 17168 -32
1952 17072 -256
1648 16704 -800
1648 16704 -752
1488 16608 -816
1360 16848 -816
1088 16592 -512
1312 16960 80
1568 17056 432
1760 16448 752
1424 16224 1216
1424 16016 1472
1200 16016 1472
752 15792 1760
-64 15584 1968
-992 15360 1952
-1552 14912 1776
-1552 14912 1568
-2032 14432 1568
-2192 14096 1200
-2064 14000 896
-1712 13968 512
-1424 14032 368
-1584 14160 80
-1584 14240 -64
-1248 14240 -64
-880 14256 -448
-544 14384 -624
-240 14464 -320
48 14704 16
48 14992 480
-64 14992 480
128 15520 1616
240 15520 1616
80 15952 1632
32 16144 1936
-96 16512 2800
-224 16544 2992
-224 16672 2960
-176 16672 2768
-256 16832 2768
-240 16992 2592
-240 16960 2256
-48 16960 1728
336 16880 1520
336 16624 1216
544 16624 1072
768 16544 1072
1312 16560 1168
1712 16080 1472
1856 15248 1680
1856 14976 2304
2192 14976 2304
2320 14944 2592
2128 15136 2832
1664 15584 2592
224 16096 1024
-1136 16544 928
-2272 17136 976
-2272 17136 928
-2800 17536 928
-2480 17312 1072
-1600 16976 672
-720 16768 288
176 16720 -336
176 16784 -320
608 16976 -32
544 17216 208
576 17216 208
384 17184 432
160 16864 368
-368 16464 128
-368 15936 -64
-864 15936 -64
-1136 15360 -320
-1152 14784 -560
-1344 14432 -368
-1664 14272 -176
-1968 13904 128
-2368 13824 192
-2368 13712 -176
-2672 13712 -496
-2944 13776 -496
-3168 13808 -576
-2912 13888 -656
-2480 13968 -384
-1664 14000 -336
-768 14048 -272
-768 14048 -272
64 14272 -272
768 14688 -64
1200 15088 -64
1104 15632 -384
624 16288 -336
272 16736 -128
272 16736 320
-32 17152 320
-240 17664 1136
-464 17840 1600
-512 18016 1616
-512 18112 1488
-512 18112 1264
-576 18176 1984
-560 18176 2672
-720 18064 2672
-752 18016 3312
-368 17952 3600
-96 18000 3296
-96 18000 3072
-80 18224 3072
352 18448 2640
1040 18656 2384
1536 18960 2320
2032 19168 2384
2496 19232 2400
2736 19264 2304
2816 19040 2192
2816 18896 2208
2960 18896 2208
2656 18752 2000
2304 18432 1712
1904 18128 1408
1904 17184 816
1120 17184 896
672 16800 896
64 16368 1152
-688 16128 1152
-1344 15808 960
-1696 15408 384
-1312 14848 16
-480 14160 -240
-480 14160 -80
80 13632 272
624 13392 272
816 13392 464
384 13408 528
32 13328 544
-576 13312 256
-1008 13248 -80
-1008 13344 -640
-1728 13344 -640
-1824 13344 -784
-1696 13344 -560
-1280 13360 -544
-1024 13664 -624
-704 13824 -592
-704 14144 -800
-1248 14144 -800
-1200 14336 -240
-848 14256 -176
-432 14272 272
-480 14560 464
-656 14944 704
-864 15328 1488
-1088 15664 1488
-1328 16048 1584
-1472 16432 1616
-1552 16880 1344
-1520 17248 1376
-1520 17664 1120
-1184 17744 752
-1184 17744 544
-800 17776 544
-384 17568 192
-80 17424 208
432 17312 432
432 17040 784
432 17040 720
336 16912 720
112 16912 688
32 17120 576
208 17440 672
400 17664 688
592 17952 448
592 17952 480
752 18112 480
816 18272 1040
832 18464 1328
480 18528 1584
544 18224 1712
384 18096 1616
384 18032 1200
-288 18032 1200
-816 17856 1056
-816 17472 848
-912 17088 960
-1440 16736 752
-1936 16352 480
-1936 15840 480
-1920 15728 256
-1744 15088 160
-1328 14672 192
-784 14336 256
-656 14288 384
-656 14256 800
-528 14400 752
-688 14528 688
-816 14528 688
-1072 14736 704
-1360 14704 480
-1248 14832 48
-1424 14976 -96
-1424 14976 -384
-1312 15056 -384
-1168 15072 -480
-1504 15264 -544
-1456 15328 -416
-1312 15456 -80
-880 15552 208
-880 15728 1008
-496 15728 1552
-256 15888 1552
-272 16000 2016
-608 16112 2096
-608 16320 2096
-784 16352 1904
-912 16352 1904
-736 16240 1312
-720 16256 1024
-496 16176 832
-448 16144 736
-192 16048 608
-192 16096 864
-96 16096 864
16 16048 1296
-176 16016 1360
-160 16176 1408
-144 16368 928
-144 16608 832
-272 16608 576
-144 16816 576
-16 16880 656
240 16896 144
192 16816 0
192 16752 176
288 16752 128
384 16736 128
304 16640 288
384 16560 272
320 16576 512
320 16544 752
-16 16544 1008
-80 16528 896
-496 16368 944
-720 16128 1072
-768 15920 1040
-768 15728 1424
-816 15728 1424
-736 15488 1808
-800 15328 1712
-896 15280 1584
-896 15312 1344
-848 15312 1136
-1120 15344 1136
-1136 15408 1040
-896 15536 1008
-864 15632 1376
-864 15840 1328
-848 15840 1328
-800 15776 1264
-816 15952 1184
-544 16064 1232
-656 16128 1216
-656 16128 1280
-672 16224 1088
-608 16352 1088
-576 16544 896
-448 16560 928
-496 16704 1040
-496 16688 1056
-416 16688 848
-528 16608 848
-512 16624 688
-688 16560 832
-688 16480 800
-736 16368 1072
-976 16368 1072
-992 16176 1120
-1136 16112 1056
-1168 16032 1152
-1072 15872 1376
-1072 15728 976
-992 15728 976
-1024 15776 912
-912 15824 976
-848 15904 976
-848 15984 1168
-784 15984 1344
-864 16176 1344
-784 16224 1184
-640 16304 1072
-688 16336 1040
-560 16320 976
-560 16320 800
-448 16384 800
-496 16384 896
-560 16272 768
-560 16112 864
-560 16112 1072
-672 16000 1104
-656 15872 1104
-624 15840 752
-592 15760 1120
-528 15856 1008
-528 15840 1152
-720 15840 1152
-320 15760 1008
-368 15712 800
-400 15712 1168
-592 15712 1040
-592 15712 1120
-592 15760 1120
-528 15840 960
-528 15824 880
-448 15920 912
-448 15984 1072
-640 15984 992
-624 16016 992
-704 16064 864
-608 16160 1200
-592 16160 1104
-592 16240 1296
-656 16240 1088
-416 16272 912
-416 16384 912
-208 16352 752
-192 16432 656
-240 16400 704
-304 16432 880
-288 16368 1008
-288 16368 928
-288 16352 928
-576 16304 928
-672 16352 976
-816 16624 768
-816 16624 576
-880 16656 432
-848 16656 432
-880 16624 608
-944 16528 624
-960 16464 976
-1024 16304 1200
-928 16208 1232
-1088 16144 1184
-1088 16144 1248
-1264 16096 1248
-1008 16096 1248
-848 16096 1344
-928 16128 1280
-912 16128 976
-912 16016 576
-1024 16016 640
-1168 16384 576
-1168 16384 816
-1200 16784 816
-992 16960 1072
-880 16944 1360
-864 16768 1408
-864 16768 1616
-912 16528 1616
-992 16272 1664
-1088 15984 1728
-1088 15728 1520
-1168 15776 1680
-976 15632 1968
-848 15632 2320
-848 15632 2176
-448 15616 2176
-128 15664 1968
96 15568 1984
16 15584 1936
-16 15568 1840
-64 15744 1808
-64 15808 1600
-96 15808 1424
32 15968 1328
-16 15968 1328
-160 15952 1232
-512 16048 1248
-640 15920 1536
-688 15920 1600
