startup(x,y,z):(400,16208,192)
800 16656 1024
496 16640 1136
592 16400 1136
480 16096 752
528 16704 656
672 16720 944
720 16608 912
720 16608 928
640 16624 1136
784 16480 1040
-288 18336 1488
-112 15744 1488
320 15440 976
176 15696 368
544 15744 432
512 15712 208
624 16000 400
624 16000 528
592 16064 528
432 16288 784
560 16256 1216
448 16448 1440
640 16640 1552
304 16976 1840
592 16848 1504
384 17184 1552
160 16720 1264
528 16240 1216
528 16880 1024
288 17248 1008
704 17248 1008
-112 17920 1248
688 18976 1520
64 18576 2704
608 17328 2704
-192 16640 2912
512 16416 3024
304 16656 1952
672 16848 2864
256 17168 3280
256 14512 6560
1584 14512 6560
1296 14800 5520
1040 3456 -5504
1232 15568 -5504
1232 19648 -4928
672 18368 -1088
400 16544 2080
416 16576 2240
688 17520 1024
688 17520 1104
816 17648 1104
816 17440 1504
640 16992 1920
576 16480 1840
736 16240 1440
896 16096 912
1360 16160 464
1776 16192 304
1920 16192 288
2160 15840 592
2160 15472 832
2368 15472 832
2272 15328 832
1792 15520 320
1296 15904 160
768 16288 208
128 16752 704
-352 17264 496
-752 17520 -48
-1568 17552 384
-2144 17376 1136
-2144 17488 1328
-2448 17488 1056
-2416 18000 -368
-1904 18608 -368
-1696 18944 -1904
-1424 18464 -2688
-976 17328 -3232
-352 15696 -3584
224 14144 -3792
272 12768 -4240
272 11280 -4144
384 11280 -4144
720 10400 -5184
896 9680 -6656
928 6272 -7216
-272 2656 -5296
-2000 -1328 -3872
-3664 -4800 -4256
-3664 -6640 -5712
-5184 -6640 -8288
-6384 -7072 -8288
-8208 -7040 -9968
-11040 -7056 -10656
-14000 -7248 -10816
-16608 -7888 -10624
-16608 -8640 -10192
-18640 -8416 -9568
-20144 -8416 -9248
-21136 -6976 -9248
-21824 -4368 -8448
-21664 -976 -7920
-20912 1296 -7072
-20080 3248 -6000
-19280 5616 -5952
-19280 5616 -6560
-19056 8624 -6560
-15104 13360 -9568
-10464 19472 -15568
-11360 21456 -15600
-15008 21840 -16416
-17600 20448 -10224
-17600 18992 -5536
-20800 20176 -4080
-21008 20176 -4080
-17568 24592 -5312
-13984 30640 -7744
-9936 31648 -8128
-7776 30320 -6464
-4464 28096 -5648
-208 25696 -6752
-208 22976 -6448
5568 22976 -6448
13600 17936 -4720
20288 10432 -256
20944 1008 4976
16320 -6896 7616
9344 -11488 5664
9344 -12000 1088
-4672 -10000 -4032
-10160 -6832 -7056
-10160 -3248 -7648
-14832 -3248 -7648
-18080 -864 -5712
-19024 1456 -2848
-17904 2272 -1952
-16496 640 -4880
-15712 -976 -8064
-17024 -1936 -9104
-17024 -912 -7936
-19680 -912 -7936
-22736 14304 -7712
-18272 14304 -6864
-20928 21072 -6864
-21744 25136 -8224
-23824 26528 -7408
-23664 26592 -5232
-19760 25776 -4640
-19760 25696 -5632
-14384 25696 -5632
-10448 26624 -7568
-5888 26448 -9360
-464 24768 -9936
5200 20496 -9680
9024 13904 -7984
9200 5744 -3072
6480 -2864 2672
6480 -8496 2672
2864 -8560 4912
-1104 -9872 2944
-4464 -8480 -896
-7696 -5168 -3760
-10864 -1248 -4016
-10864 1568 -4560
-13488 1536 -4560
-16112 2624 -6160
-22368 3200 -8784
-25056 5616 -8064
-26368 9488 -5776
-25680 15296 -3904
-24064 21456 -3024
-24064 21456 -3904
-22640 26336 -5856
-21504 29488 -7824
-19456 31056 -7824
-16160 29936 -8144
-11856 27296 -6624
-6240 24592 -5008
-1248 22592 -4416
3648 19856 -3280
3648 15088 -1728
7136 15088 -432
8224 8496 -432
7216 1440 784
5088 -4048 800
1872 -6736 -1056
-1696 -7408 -3584
-1696 -7408 -4432
-4608 -6752 -4096
-7168 -5840 -4432
-9376 -4368 -5200
-11328 -2976 -5264
-13424 -2224 -6608
-16160 -2016 -7040
-20448 -1296 -6272
-26000 13904 -4048
-26000 1504 -9792
-17952 1504 -19584
-16432 2496 -19584
-23872 7600 -2496
-23424 12304 -3440
-20688 16848 -9936
-17440 19968 -13184
-15104 20848 -12608
-12416 20448 -10720
-7616 20192 -9072
-7616 20192 -7600
-1904 20160 -7600
1840 17792 -7424
4672 14912 -4992
6976 10928 2128
6832 5872 9024
4832 1584 10832
1904 -976 8640
1904 -2112 3904
-848 -2112 -160
-3312 -2784 -160
-6080 -2592 -3200
-8400 -2064 -4928
-9728 -2192 -5792
-11024 -3152 -6480
-12848 -4864 -7968
-16016 -7424 -9232
-20672 -8576 -9296
-20672 -6928 -8176
-25648 -6928 -7648
-28832 -2800 -7648
-30112 2032 -8576
-31184 5568 -9136
-31904 8800 -8496
-31904 12736 -9792
-32128 12736 -13088
-31040 16880 -13088
-28608 20016 -14960
-25168 22000 -15952
-20752 22688 -14448
-15328 22608 -11616
-11312 20880 -8816
-11312 17808 -6512
-8672 15504 -4224
-5296 15360 1760
368 11696 1760
4432 6496 8976
4064 752 11824
1424 -3056 8928
-1376 -4480 3552
-3952 -5248 -352
-3952 -6176 -1776
-6032 -6176 -1216
-8256 -7040 -1216
-10096 -7888 -672
-11152 -9344 -736
-11360 -11120 -2016
-12240 -12672 -3712
-12240 -13968 -5840
-14976 -13968 -5840
-19312 -15200 -10592
-23200 -14272 -10592
-25792 -10912 -10128
-27584 -5936 -8912
-28704 -1072 -8064
-29264 3408 -7952
-29264 8192 -9440
-29312 8192 -11376
-28768 12608 -11376
-26976 15552 -11248
-25120 17392 -10544
-23136 18208 -10384
-19536 18688 -11200
-14704 19712 -11488
-14704 19712 -11136
-10464 19600 -11136
-6752 18320 -7536
-2224 15104 400
2016 10432 8208
4432 4288 10720
4432 -2048 7072
4256 -2048 1856
2912 -6672 1856
1360 -9776 -608
-304 -11840 624
-2832 -12272 1920
-5600 -11312 1632
-8560 -10256 -320
-8560 -10000 -4288
-11824 -10000 -4288
-15136 -10416 -7184
-20048 -9680 -8352
-24496 -7152 -7520
-27328 -2752 -6512
-27328 -2752 -6704
-28240 2720 -6704
-28640 7584 -7872
-28672 11408 -8864
-28672 14720 -9376
-28368 17600 -10912
-26592 19696 -13168
-26592 20800 -13680
-23328 20800 -13488
-20528 21008 -13488
-17936 20624 -12240
-14560 19872 -10032
-10912 18736 -7968
-8448 16656 -5264
-6096 12608 -1952
-2512 7344 2720
-2512 1168 5488
1008 1168 4976
1600 -4064 4976
752 -7344 1024
-128 -9232 1024
-1056 -10464 352
-2672 -10624 304
-4816 -10496 384
-4816 -10656 -704
-9536 -11792 -4720
-13600 -12496 -4720
-18416 -10928 -5376
-22672 -7104 -4928
-25008 -1856 -4864
-25008 4000 -5552
-26272 4000 -6736
-26640 9104 -6736
-26288 13312 -8240
-25104 16624 -9712
-23056 19008 -9392
-20912 20016 -9024
-20912 19472 -9456
-19728 19472 -9712
-18176 18224 -9712
-15856 16992 -8672
-13440 16080 -6560
-12112 14384 -4320
-9968 12368 -1632
-9968 10608 3760
-7296 10608 6912
-4224 6944 6912
-1712 2288 5648
-480 -2128 4096
176 -6160 3312
-256 -9872 2560
-1504 -13056 1424
-3168 -14832 640
-3168 -14832 -272
-3920 -15120 -272
-4304 -14912 -1136
-5952 -14048 -3296
-9488 -12912 -5168
-13744 -11488 -6224
-13744 -8528 -6080
-18608 -8528 -5408
-22704 -3904 -5408
-25456 1104 -5232
-27040 6336 -5888
-27472 11248 -6784
-27344 16016 -7584
-28224 20448 -9152
-28224 20448 -10800
-29072 23552 -9872
-28000 24912 -9872
-25952 24848 -8304
-23520 24288 -7072
-20400 23472 -5968
-16144 22192 -4736
-16144 20000 -3472
-12448 20000 -2000
-10112 16608 -2000
-7488 13376 1632
-4624 9760 5472
-1296 4368 5120
1760 -2112 1488
1760 -8048 288
3504 -13760 976
3840 -18544 1824
528 -21248 1616
528 -21616 96
-1680 -21616 -2160
-4096 -20016 -2160
-6768 -17200 -4304
-10336 -13616 -5584
-15264 -10640 -5952
-20320 -7008 -5664
-24432 -2208 -5280
-27520 3248 -5392
-27520 8544 -6128
-29008 8544 -6480
-29200 13200 -6240
-28848 16576 -6240
-28816 18704 -6368
-28208 20864 -7296
-26528 22128 -7104
-24016 22448 -5424
-21296 22096 -3680
-21296 22096 -2208
-18336 21312 -2208
-15264 20032 -2000
-12912 18112 -1040
-10784 15520 1424
-8112 12288 5712
-4000 7104 6464
-688 736 4192
1360 -5440 2624
2528 -10544 2928
2576 -14672 2272
2576 -17600 1504
1632 -17600 1504
-48 -18976 432
-1952 -18912 -1472
-4400 -18416 -3904
-8784 -17392 -6176
-14112 -15456 -7264
-18992 -11712 -6912
-18992 -6736 -5728
-22672 -1360 -4832
-25392 -1360 -4832
-26816 4016 -4464
-26832 9312 -4448
-25744 14224 -5328
-25104 18208 -5552
-25056 20528 -7072
-23984 21696 -7056
-20896 21296 -4576
-20896 19936 -1664
-18320 19936 -640
-16720 18352 -576
-15600 17232 304
-14736 16384 64
-14064 15120 256
-12064 13968 2368
-9904 12016 5776
-8464 8624 3936
-7568 3344 592
-6832 -2128 592
-6224 -7664 -880
-5568 -12992 -624
-5296 -17296 48
-5296 -19776 -416
-5392 -19776 -2416
-9488 -18496 -4576
-12960 -16224 -6000
-12960 -16224 -6224
-16016 -13600 -6224
-19056 -10032 -5552
-21536 -5104 -4704
-23344 -32 -4304
-24384 4880 -4512
-24192 9696 -5888
-24192 9696 -7536
-23856 13664 -7536
-22976 16032 -8048
-20928 16672 -6832
-18832 16096 -4240
-17456 15280 -3008
-16144 14528 -2368
-14880 13776 -2064
-14176 13040 -1552
-13568 12080 -896
-13568 10512 0
-13072 10512 1792
-11536 8608 1792
-10112 6208 4720
-9376 2544 5888
-7840 -1824 4192
-5776 -7296 1008
-4752 -12512 -1424
-4624 -12512 -2112
-4176 -16352 -1904
-4480 -18288 -1904
-5872 -18432 -1744
-7360 -16608 -3232
-8992 -13376 -5856
-11888 -9856 -7088
-11888 -6784 -7152
-15424 -3440 -5728
-21104 16 -4640
-23168 3504 -3664
-24512 7024 -3392
-25040 10464 -3488
-24416 12976 -2592
-24416 17136 -2688
-23696 17136 -4080
-21568 19808 -4080
-19664 20288 -2752
-17696 17936 -752
-16272 15136 688
-15200 13728 1264
-14176 13136 1136
-13296 13200 288
-13296 12704 -784
-11872 10800 -784
-9744 10800 -96
-7888 6880 -96
-6784 1968 -832
-5888 -3408 -2416
-5616 -8720 -2768
-4736 -13280 -2208
-4320 -16384 -2768
-4320 -17152 -4128
-4928 -17152 -6576
-6688 -16112 -6576
-9056 -13968 -8560
-11792 -11744 -9360
-14944 -9296 -8384
-18496 -5888 -6208
-18496 -976 -1520
-22368 -976 -1520
-18688 1792 -3648
-22112 9568 -9696
-24832 16032 -10176
-26736 18528 -736
-25552 19008 864
