startup(x,y,z):(464,16208,176)
160 15728 -672
96 16000 -64
224 16176 864
304 16384 1008
144 16560 1072
0 16960 1584
0 17792 2112
80 16816 1248
656 16816 1248
1088 16256 1840
784 16400 2336
880 16304 2432
1024 16320 2000
1056 16304 1712
752 16352 1584
432 16320 1392
224 16208 1040
384 16416 1136
320 16640 1760
288 16656 1696
288 16928 2016
368 16928 2080
752 16960 2080
528 16960 1728
-80 16816 1392
224 16752 1360
224 16656 1200
512 16656 1024
432 16480 1024
688 16912 1616
656 17360 1616
544 18592 2032
2112 19488 1872
1456 18544 2784
736 17760 2496
-64 17296 1936
-64 17520 2144
-304 17376 2704
176 17376 2704
-1728 16400 2352
1936 11936 4960
3232 9920 3280
2432 11936 -528
1456 14112 -2800
1456 15440 -3072
848 15440 -2336
944 15728 -2336
1088 15632 -1456
768 15456 -368
240 15136 544
-144 14848 736
-192 14576 480
-192 14576 -112
-288 14448 -112
-240 14576 -1040
-336 14752 -1648
-448 14624 -1968
-480 15120 -1824
-160 15488 -1440
-160 15632 -1184
256 15792 -992
256 17456 -1264
240 10080 -1200
1792 10080 -1200
1328 16960 -256
736 20608 -320
976 19200 -320
736 18048 -192
960 16800 -352
992 16208 -288
944 16128 -192
1056 16368 -48
1056 16448 96
1168 16448 96
1312 16320 -112
1168 16240 -96
912 16208 -208
752 16160 -288
848 16192 -80
832 16176 -144
832 16256 -448
816 16256 -352
800 16160 -352
720 16064 -96
704 16032 -192
720 16144 -160
816 16176 -80
608 16240 144
1344 16432 -464
1344 16544 -880
1136 16544 -336
704 16400 -336
464 16144 -176
496 16176 -256
544 16256 -368
512 16256 -512
512 16256 -448
688 16224 -384
608 16176 -256
592 16288 -256
688 16240 -80
736 16144 -256
672 16144 -240
624 16208 -304
848 16256 -224
848 16176 -320
800 16176 -160
784 16176 -160
720 16128 -16
624 16144 0
672 16208 -96
736 16160 -96
624 16144 -192
480 16208 -176
480 16160 -160
528 16160 16
400 16160 16
208 16080 192
592 19440 0
704 18416 80
432 17216 368
256 16320 336
240 16272 -144
240 16000 -352
256 16000 -96
496 15984 -96
720 16080 -320
832 16480 -528
976 16352 -464
752 16320 -352
544 16160 -16
480 16144 -128
480 16144 -48
560 15968 -48
480 16016 224
544 16208 32
496 16080 -48
496 15968 208
416 16048 384
416 16096 320
416 16144 288
320 16176 192
640 16176 96
640 16176 128
560 16160 128
336 16192 -64
352 16144 -32
224 16128 160
96 16176 128
256 16176 -32
336 16176 -208
336 16272 -80
352 16272 -112
336 16224 -96
336 16272 64
336 16240 64
272 16240 80
384 16272 -32
496 16208 32
496 16208 -80
464 16208 -80
448 16192 -160
128 16176 -160
336 16112 -464
272 16128 -400
208 16176 0
224 16208 -128
224 16208 -112
80 16208 -176
176 16240 -176
176 16176 32
224 16240 -48
272 16256 -16
240 16240 0
240 16240 192
192 16224 192
304 16192 240
304 16224 128
336 16224 80
384 16304 80
320 16320 192
368 16272 16
272 16336 -64
256 16256 -128
256 16176 96
208 16176 96
112 16208 464
144 16160 352
96 16096 320
144 16160 32
160 16224 -304
208 16224 -80
208 16176 16
224 16176 144
224 16112 144
64 16208 560
224 16224 320
208 16160 128
64 16160 96
192 16176 48
192 16144 240
272 16144 128
288 16240 128
480 16240 16
400 16256 -16
304 16256 96
256 16208 128
256 16240 144
336 16240 144
352 16272 96
416 16272 32
384 16208 0
320 16224 -16
240 16160 32
320 16048 -32
336 16032 0
336 16032 32
224 16256 16
176 16256 16
160 16336 144
208 16368 64
240 16288 32
128 16256 -32
224 16240 144
176 16272 -112
176 16240 32
384 16272 112
352 16272 256
208 16224 256
32 16128 224
272 16128 128
240 16224 160
208 16272 112
224 16336 -272
224 16256 -16
176 16256 -16
192 16208 -96
320 16144 176
144 16160 128
240 16208 144
288 16208 240
272 16192 -32
240 16256 -16
144 16304 160
144 16304 128
160 16304 336
80 16224 112
80 16240 112
160 16288 128
256 16176 0
208 16240 192
272 16144 96
384 16192 0
384 16240 -144
400 16224 -64
352 16224 -64
432 16224 -304
352 16112 64
192 16080 -16
176 16096 -16
192 16128 -192
304 16224 -144
176 16288 240
160 16160 176
208 16160 -256
64 16128 128
80 16112 -96
80 16128 -32
192 16128 -160
288 16208 -16
336 16192 304
64 16208 272
64 16240 192
240 16240 256
128 16192 256
128 16256 176
256 16240 208
192 16256 208
240 16128 240
80 16288 -160
64 16448 -64
112 16336 -80
352 16240 272
352 16208 -192
320 16208 -464
320 16272 -464
224 16288 -48
416 16272 128
480 16256 32
400 16256 48
272 16208 112
192 16256 -176
32 16288 -32
32 16288 0
-128 16192 -400
-128 16288 -400
112 16272 -144
144 16352 32
256 16272 176
208 16288 80
208 16368 -144
368 16368 -400
384 16400 -400
416 16320 48
448 16272 288
304 16304 432
304 16192 624
304 16192 496
240 16112 496
288 16096 1008
320 16080 784
304 16096 656
320 16128 576
320 16080 496
368 16096 480
448 16096 736
544 16096 736
464 16112 144
384 16096 320
336 16000 416
208 16080 448
208 16080 736
304 16080 640
128 16208 640
288 16240 496
128 16256 336
224 16192 400
160 16240 96
160 16208 240
304 16208 288
256 16240 288
224 16304 64
288 16272 592
208 16304 480
144 16288 416
144 16288 304
128 16288 432
208 16208 432
176 16160 544
144 16208 464
320 16128 464
384 15968 384
384 16224 384
384 16128 144
320 16176 144
304 16256 448
384 16208 464
320 16224 496
208 16160 448
384 16224 400
448 16208 352
448 16176 464
384 16176 320
272 16160 320
304 16112 208
352 16160 272
176 16192 272
208 16256 528
208 16240 544
192 16240 528
0 16176 528
96 16128 672
144 16224 304
80 16272 192
176 16320 128
224 16224 256
224 16224 352
192 16320 352
192 16224 416
192 16176 304
240 16208 368
208 16288 224
240 16256 368
240 16320 304
240 16320 304
240 16256 384
368 16240 432
272 16224 208
240 16192 208
240 16160 320
240 16176 176
208 16176 176
176 16192 240
176 16176 304
128 16176 16
32 16224 208
-128 16240 368
-128 16176 256
160 16176 256
160 16208 496
304 16224 448
224 16224 336
320 16208 32
304 16224 480
304 16224 304
336 16240 448
400 16240 224
384 16208 224
400 16192 224
432 16144 160
384 16128 208
464 16048 208
368 16160 128
240 16160 64
48 16128 176
144 16112 224
96 16064 96
112 16096 192
144 16160 144
112 16208 80
96 16256 208
96 16240 32
48 16240 32
-96 16176 112
144 16176 240
32 16288 336
160 16224 368
144 16224 576
-32 16208 448
-32 15952 160
128 16096 96
144 16144 -16
48 16192 240
144 16304 240
320 16304 -48
352 16240 -48
240 16272 -256
208 16224 -208
144 16224 -176
176 16192 -64
256 16256 240
304 16256 240
256 16240 208
320 16192 192
160 16240 80
64 16256 160
-64 16224 144
-64 16144 160
32 16144 432
32 16112 432
128 16080 368
192 16064 352
208 16112 304
192 16160 272
448 16176 304
288 16176 272
352 16240 272
288 16240 176
528 16240 96
304 16240 128
224 16144 128
464 16176 96
288 16160 432
240 16144 464
240 16144 240
160 16208 240
192 16176 416
320 16176 400
304 16192 176
272 16256 240
48 16224 256
48 16224 176
96 16272 144
32 16176 320
16 16144 320
48 16176 560
80 16224 528
192 16144 384
192 16080 352
0 16080 304
336 16272 128
336 16272 352
384 16288 352
432 16304 144
432 16192 144
432 16240 144
432 16256 224
352 16288 16
336 16304 128
336 16256 144
112 16096 32
48 16096 128
32 16176 128
16 16320 336
192 16256 320
144 16192 288
144 16224 240
144 16160 128
144 16256 304
288 16256 272
320 16256 272
240 16256 352
240 16160 192
160 16128 64
240 16112 352
416 16160 304
416 16176 64
448 16176 112
576 16192 112
576 16160 208
416 16112 160
352 16288 192
352 16336 176
320 16320 336
400 16320 336
224 16192 336
256 16112 304
112 16176 224
208 16160 32
128 16176 176
192 16240 32
192 16272 368
