startup(x,y,z):(560,16256,240)
512 16208 1024
432 16352 1216
512 16400 1216
496 16352 1280
576 16400 1328
432 16512 1488
592 16640 1808
400 16384 1424
400 16384 1296
400 16096 1296
368 16096 960
336 16048 976
784 16944 1888
864 17040 1888
944 17280 2192
2064 18752 3088
4112 23584 3040
4096 23472 2496
2032 19984 2960
-944 19984 2960
-208 16432 2928
864 15984 3008
1808 16032 2992
2000 16480 1856
2592 17456 1440
-2560 25040 1520
-64 19744 -2624
-32 18800 -2800
-1632 17584 -832
-592 16688 1040
-592 16672 1248
1088 16592 2096
1360 16592 2624
1200 16256 2528
1296 16048 2192
1120 15984 2192
624 16368 -960
-1536 16112 -1264
-992 15696 -1136
-992 15744 -656
-480 15744 -656
-96 15920 1472
480 16080 1472
1040 16000 2240
1728 15248 3744
640 15648 5744
-144 15360 5248
-80 17024 3984
-208 19040 3632
0 18128 3600
0 16480 3120
320 16480 2320
784 14896 2320
752 13936 1488
576 13872 656
192 13952 240
-64 14208 -176
-112 14464 -512
-192 14432 -496
-320 14544 -704
-320 14544 -784
-352 14544 -1216
-480 14496 -1632
-400 14224 -1632
-384 13808 -1952
-224 13488 -2336
-48 13296 -2528
496 12560 -3376
-416 12480 -2656
-720 12480 -2224
-720 12832 -2080
-704 12832 3376
-1520 22736 3376
-2288 12480 1248
384 22560 2240
480 19552 1200
3232 25904 1648
3712 17696 2496
5632 17040 -128
5072 16720 -1472
4320 16576 -2768
4320 16576 -3856
3536 16624 -3856
2880 16448 -4720
2432 16384 -5424
2160 16528 -6176
2000 16816 -7136
1648 17088 -7536
1648 16592 -6960
1808 16384 -6160
1472 16240 -5744
1520 16304 -5904
1632 16304 -5712
1648 16160 -5712
1824 16960 -5680
1488 16864 -4736
1808 17824 -4832
2352 15920 -4096
1968 17328 -4128
1792 17760 -4192
1840 19184 -4880
1968 17440 -4080
1968 18816 -3984
1344 18816 -3328
432 20976 -3328
1152 16032 -2576
1104 13440 -1440
672 16752 -64
304 17728 1392
320 17616 3104
320 12640 3056
832 11296 2112
624 11568 1920
192 12384 2080
192 12384 2656
-384 13056 2656
-864 13792 3344
-1024 14224 4000
-1152 14656 4128
0 15008 4160
-768 16496 7376
-768 16496 6240
-2016 15232 3968
-1920 14112 1728
-1856 14112 752
-2304 13520 752
-2544 13040 576
-2416 12832 128
-2176 12800 -192
-2176 13088 -160
-1536 13184 176
-1536 13376 96
-1120 13376 -48
-576 13936 -48
384 14720 -240
960 15360 -240
1648 16656 -464
3168 24656 12800
3360 20848 1472
3776 26384 8576
4624 21168 -2272
4592 19376 -5648
5232 17728 -5280
6336 17408 -3488
7168 18304 -2992
6800 19728 -2800
5920 20944 -3040
5136 21568 -3984
5136 21568 -3984
4336 21280 -3312
3840 20096 -3312
3456 18640 -2928
3264 17184 -2928
2768 15888 -2880
2400 14912 -2624
1424 13984 -2048
704 13392 -1184
-368 12736 432
-1104 12096 1376
-1104 12096 15792
-5024 12528 5072
-9088 9744 4384
-3488 10784 2496
-3488 10784 -176
-1824 9952 -288
-1824 9952 688
-3280 8032 1664
-4464 7984 3200
-5872 7984 3904
-6192 8960 3904
-5632 10448 3008
-4416 11616 2096
-3072 12336 800
-3072 12416 160
-1808 12416 -240
-816 12368 -912
-272 12944 -912
256 13952 -1088
13440 23296 14160
6192 13168 -1120
2896 12064 1744
2896 12224 1744
6560 12224 -2384
7824 15392 -2384
8128 17824 -4368
8192 20144 -7008
7920 21984 -8688
6832 22016 -8512
6832 19824 -8608
4944 17344 -2688
5408 16800 -2688
6560 17808 -3136
6592 18896 -4800
5888 19280 -6448
5888 18720 -6672
4704 18720 -6000
3952 17536 -6112
3984 16176 -6112
3344 15056 -5488
1776 13952 -4000
192 12992 -3024
-736 12512 -2960
-2352 12000 -1504
-2352 12000 -944
-3088 11408 -944
-3776 10736 192
-3232 9856 4224
-8448 9968 -6160
-9392 10816 -7200
-9392 13616 -6688
-6768 13616 -4944
-4048 15104 -4944
-3904 14112 -3776
-4448 12432 -1472
-5008 11248 1408
-6048 11024 4032
-6048 11792 5184
-6336 11888 5184
-2208 20480 13488
912 20592 -3968
4288 20720 8560
3088 22784 2048
2880 23152 -704
2880 23440 -3184
3328 23440 -3344
3776 23024 -3344
4240 22384 -4240
4560 21952 -5072
4720 20512 -4560
4720 17088 -4512
4352 17088 -4512
4672 15056 -2272
6432 15648 -2752
7488 17344 -3488
7808 19120 -4672
6976 16288 -4288
6160 18400 -6560
6160 18080 -6688
4704 18080 -7968
3840 16944 -8160
3440 15808 -7472
3216 15200 -6816
2896 14720 -6432
2896 14336 -6064
2336 14336 -5504
1680 14272 -5520
944 14176 -5520
224 13840 -5216
-592 13232 -4544
-1392 12224 -2896
-2016 11264 -1568
-2016 10240 -448
-2336 10400 -448
-3088 9744 544
-3536 8592 1056
-3616 8208 5728
-4160 1712 10992
-4384 4160 10864
-4384 8768 6912
-3888 8768 6912
-4128 10384 3072
-5392 9808 336
-5728 4640 1200
-5440 4672 1728
-5440 6688 1984
-5216 6688 2928
-5872 9424 2928
-5792 12352 3792
-1792 880 16704
2080 4368 5936
3968 5040 2080
7952 7600 -4016
8688 12544 -8288
8688 16528 -7424
7840 16528 -7616
6912 19152 -7616
5856 20320 -7488
5648 20832 -6816
4960 20224 -6336
4032 18048 -4592
4032 18096 -2752
3696 18096 -3872
4896 19184 -3872
5072 20432 -5232
4384 20352 -5232
3776 19968 -5760
3376 19280 -6176
3200 18192 -7840
2432 17040 -7648
2320 17040 -6704
1840 15904 -5760
1472 15136 -5760
1088 14528 -5424
576 14096 -4560
-48 13776 -4048
-512 13360 -3504
-1504 12608 -2560
-1504 11440 -880
-2128 11440 -880
-2432 10512 432
-1184 7360 7424
-5744 8624 -2608
-7792 20640 -896
-7920 16672 10368
-5808 18368 10448
-5808 17440 6320
-4656 19248 1568
-5152 10592 1360
-3952 6416 1760
-3104 6592 1424
-3392 8176 1664
-3392 7664 2672
-1248 7664 2672
-1392 10256 688
-2000 21456 5264
-944 15136 -3856
752 11552 -3936
4048 12320 -4464
6320 15632 -4528
6512 14656 -5312
6512 16496 -5232
5216 16496 -5488
3968 17376 -5488
3824 17984 -5504
4080 18960 -5488
4208 20048 -5408
4416 20544 -5776
4672 20096 -6352
4704 19472 -4720
4704 19472 -3456
5488 19248 -3456
5552 19008 -3680
4816 18560 -4656
3648 17872 -5024
2624 17120 -5376
1952 16160 -5344
1952 15088 -4992
1504 14496 -4608
1504 13792 -4368
704 13792 -3776
-128 13456 -3776
-784 12848 -3216
-1568 12336 -2016
-2512 11792 -736
-2960 11216 368
-7968 5328 7472
-7968 7520 5424
-8832 7520 9152
-7088 10528 8992
-4704 13104 8992
-2752 14384 3072
-1840 14224 1408
-2464 13216 1856
-1536 16816 3088
-1472 15696 3680
-3056 14304 7872
-3056 15184 7856
-3968 15184 7856
-3840 16512 6016
-2832 17888 3776
-384 19152 1600
1008 20000 -896
2832 19856 -3184
3952 18816 -3536
3952 18816 -2736
4960 18736 -2624
4816 19136 -2624
4528 19952 -2864
4320 21360 -3312
4512 21904 -3616
5136 21872 -4192
5552 20976 -4704
5552 19104 -4816
5168 19104 -4816
4672 17296 -4064
4496 16960 -3920
5008 17552 -2032
5184 18384 -1488
4592 18624 -2528
3728 18704 -4176
3728 18240 -5136
2784 18240 -4992
2240 17280 -4992
2064 15296 -3696
1808 15296 -3696
1424 14560 -3312
752 14064 -2928
240 13680 -2608
-448 13184 -1552
-1200 12784 -1024
-1200 12336 -1056
-1632 12336 -1056
-2448 11968 368
-3216 11856 1440
-3632 11920 2496
-6288 22288 9600
-6976 13696 10176
-5168 10816 8752
-4416 19648 8752
-5152 13216 5104
-4864 11312 3232
-4576 14336 1344
-4432 14928 1136
-4432 10960 1280
-4816 10960 1104
-4304 11808 1104
-4016 10848 1424
-3728 11296 1456
-3216 12048 896
-2512 13088 192
-1744 14112 128
3072 13488 8544
5088 23072 12016
3520 16016 6224
4000 15440 1344
4000 15744 -3104
5392 15744 -3968
6704 17088 -3968
7040 19088 -4848
6864 21584 -4496
6032 21104 -3696
5040 19696 -2496
5040 19696 -1392
4288 19120 -1392
4176 17008 -240
5888 21936 -2400
4000 23136 -3440
2544 22064 -3184
2320 20336 -3472
2240 18496 -3488
2192 16704 -3696
2192 16704 -4000
1808 15440 -4000
1328 14640 -3776
432 13936 -3200
-560 13248 -2768
-1472 12624 -1904
-2384 12000 -816
-2384 11408 208
-3024 11408 400
-3216 11184 400
-3824 10656 2048
-4064 10256 2048
-656 10432 -272
-4080 9744 4448
-4944 9856 2544
-5024 10704 1488
-5024 10704 -80
-5232 11648 -224
-5104 12160 -224
-4928 12128 -192
-4784 11936 672
-5280 11616 6368
-6288 8224 7248
-4480 8768 3232
-4480 8768 544
-2576 10832 544
-1744 12832 624
-4800 18192 11904
1424 25424 6608
-304 16880 496
960 16368 8048
3152 17264 720
5280 18928 -3600
6576 19616 -5056
7152 19936 -4704
7152 23568 -1216
8464 23568 -1216
7088 24192 -608
5968 21488 -736
4752 17248 -1936
3904 18112 -1952
2896 18672 -2768
2896 19840 -2704
2288 19840 -2704
2080 21360 -4416
2048 21616 -5072
1824 21248 -5072
1968 20240 -5424
1904 18784 -5200
1792 17120 -5280
1648 15936 -5280
1648 15824 -4800
512 15664 -3824
512 15664 -3424
-80 15664 -2624
-480 15632 -2624
-912 15312 -1600
-1360 14576 -640
-2192 13856 976
-2704 13264 2048
-2704 13440 -4016
-7536 13440 -1344
-6896 12624 1712
-6192 11936 1712
-5568 12208 3200
-5696 12128 1584
-6080 11696 -176
-6976 11120 -1488
-7024 10368 -592
-6688 9744 1552
-6816 9440 3136
-6816 9584 3472
-6976 9584 3584
-6240 9968 3584
-4096 14368 4320
-2096 12992 -80
-5536 19168 5392
1840 15232 1056
1840 15232 -2592
5184 18672 -3456
6112 19552 -3456
