startup(x,y,z):(368,16192,64)
432 16176 784
512 16160 736
416 16112 704
288 16192 800
400 16256 656
416 16208 752
496 16272 864
336 16256 784
384 16256 848
464 16208 800
448 16208 512
704 16288 704
576 16320 816
576 16320 960
336 16208 960
288 16256 848
288 16256 656
400 16240 656
480 16240 400
416 16288 704
512 16272 816
528 16208 896
544 16224 704
544 16224 528
576 16224 528
544 16288 736
368 16240 672
400 16256 960
224 16704 2640
304 17024 3184
752 16832 2752
688 16960 2528
544 16464 1936
544 16464 1392
336 16544 1392
352 16512 1632
720 16816 1248
784 16944 1232
176 17152 2016
-528 15616 2448
-688 20832 4016
-688 26736 3328
-576 29696 6816
-1232 19488 14864
-4224 26064 14976
3072 29360 -3264
5360 31008 896
4208 21040 9088
3072 13728 4096
3376 12528 -224
3600 12560 -224
2464 12832 -7840
1264 13296 -7840
-80 11952 -9696
-1072 9408 -9456
-1296 7408 -7840
-1056 6384 -7216
-1056 5968 -7136
-896 5776 -6608
-928 5760 -6608
-1264 5936 -6192
-1856 6480 -5344
-2256 7456 -4656
-2640 8832 -3728
-2784 10416 -2688
-2736 11600 -1520
-2848 12784 -464
-2848 13696 256
-3168 13696 256
-3808 14464 1536
-4192 15648 4304
-3040 18320 6992
-3664 18752 4992
-3392 18288 1728
-2432 16928 928
-1408 15824 -224
-1200 15872 704
-1232 14864 48
-1264 14064 -928
-576 13936 -1456
-576 13936 -3408
-1200 13536 -1952
-432 13840 -1952
1264 14432 -336
2288 14464 -16
3392 14512 -1120
2880 14256 -1664
2880 14144 -1520
2656 14640 -1088
4704 15056 -1712
4704 14480 -3264
4640 14480 -2368
4832 15440 -1904
3872 15248 -1904
4704 16608 -432
4560 16624 -864
4832 16672 -2112
4624 16944 -1648
3776 16800 -1920
3888 17024 -1120
3232 16624 -1056
3888 17024 -432
3888 16992 -560
3520 16992 -944
3552 16400 -1632
4016 16144 -1776
3088 17472 -1776
3440 17120 -1392
3584 16592 -928
3392 16144 -1248
3952 16208 -1424
4224 16032 -1984
4256 15968 -1888
4496 16672 -2032
4704 16160 -2160
4704 16160 -2288
4992 15904 -2288
1552 12960 -5216
9248 13392 -6816
2256 9440 -3920
2160 11456 -7664
-608 12544 -8992
-2000 13424 -14576
15328 15184 6048
9312 17312 2048
10240 17680 -512
10240 16176 -1040
8944 16176 -1040
7920 15200 -32
6896 14736 -272
6736 15680 -224
5136 17008 -832
5616 17152 -1136
6288 16752 -1088
6288 16752 -1024
6496 16048 -1376
6720 15600 -1376
6848 15648 -1792
7424 15504 -1440
7888 15616 -2128
8192 15520 -2384
8128 15360 -2272
7728 15184 -2016
7424 15056 -1888
7296 15056 -2128
7296 15024 -1920
7104 15024 -1872
7056 15088 -1872
6704 15280 -1616
6592 15184 -1600
6304 15008 -1504
6320 15072 -1504
6032 15104 -1200
6032 15120 -1152
5872 15120 -1568
6016 14896 -1552
6016 14544 -1120
5584 14544 -1136
5616 14640 -1136
5920 14816 -1344
5840 14864 -1552
5824 14736 -1568
5360 14608 -1424
5360 14800 -704
5808 14800 -1040
6304 15488 -1888
6512 15872 -1968
7024 14752 -1392
6464 15056 -1680
6784 14448 -1248
6480 14736 -1872
6800 14448 -1536
6640 14592 -1968
7024 14480 -1936
6928 14464 -2064
6928 14352 -2112
6960 14352 -2000
7120 14416 -2000
7040 14640 -1776
7040 15088 -1792
6816 15056 -1808
6816 15056 -1904
6592 14912 -1904
6656 14832 -1680
6752 14848 -1536
6864 14992 -1680
6800 15008 -1696
6720 14912 -2032
6704 14928 -1856
6640 14816 -1632
6544 14720 -1568
6448 14848 -1600
6560 14912 -1584
6464 14864 -1616
6432 14832 -1680
6432 14800 -1456
6512 14848 -1552
6288 14544 -1760
6480 14544 -1760
6512 14448 -1984
6656 14432 -1632
6816 14528 -1872
5968 15360 -1664
6080 15104 -1376
6416 14720 -1664
6656 14656 -2192
6800 14544 -2096
6928 14544 -1840
6944 14592 -1888
6992 14720 -1856
7136 14832 -2016
7200 14848 -1984
7216 14672 -2064
7088 14656 -2000
7040 14672 -1840
7008 14656 -1760
6768 14656 -1712
6768 14608 -1712
6720 14640 -1728
6688 14656 -1776
6736 14672 -1856
6640 14768 -1920
6576 14752 -1952
6640 14736 -1824
6768 14704 -1936
6720 14640 -1792
6640 14656 -1568
6640 14640 -1696
6880 14640 -1696
6976 14656 -1504
6976 14592 -1616
6944 14640 -1776
7040 14672 -1888
6976 14592 -1872
6864 14496 -1904
6992 14544 -2080
6992 14528 -2064
7040 14528 -1824
7056 14544 -1824
6960 14560 -1856
6896 14656 -1808
6768 14672 -1744
6768 14560 -1824
6768 14624 -2000
6800 14624 -1920
6960 14592 -1952
7088 14608 -2288
7440 14560 -2288
7760 14672 -2320
6832 14960 -1312
5808 15776 -960
5328 15504 -1120
5328 15104 -1360
6432 15104 -2064
6976 14880 -2064
6976 14864 -2064
6496 14896 -1744
6416 14816 -1776
6848 14736 -2064
7008 14736 -2304
6832 14784 -2080
6832 14752 -1760
6624 14752 -1776
6688 14720 -1776
6832 14736 -1648
6736 14704 -1680
6624 14656 -1920
6720 14720 -1776
6768 14688 -1664
6704 14688 -1664
6496 14768 -1776
6640 14688 -1856
6672 14592 -1840
6848 14672 -1952
6768 14720 -1744
6592 14784 -1712
6592 14736 -1552
6720 14736 -1552
6720 14832 -1568
6864 14784 -1808
6656 14752 -1888
6528 14816 -1840
6608 14768 -1776
6800 14736 -1888
6864 14704 -1952
6768 14768 -2016
6784 14816 -2208
6784 14848 -2016
6624 14800 -2000
6720 14800 -2032
6752 14800 -2032
6688 14816 -2080
6720 14720 -1920
6816 14640 -1936
6912 14768 -2064
6800 14784 -1920
6800 14784 -1760
6800 14688 -1760
6784 14688 -1952
6816 14656 -1984
6960 14528 -1920
6912 14768 -1888
6960 14768 -1536
6800 14720 -1536
6736 14768 -1904
6896 14784 -1968
6848 14640 -1776
6848 14576 -1728
6848 14432 -1760
6944 14432 -1968
7216 14288 -1968
7328 14160 -2176
8144 13440 -2160
9616 13488 -2912
8208 15072 -2032
6496 15248 -2032
5840 15008 -1472
5840 15008 -1696
6336 14832 -2816
5248 15392 -2816
5152 15648 -2304
5456 15216 -1552
6048 15072 -1552
6544 14896 -1840
6992 14768 -2000
7120 14768 -1600
7088 14752 -1600
6976 14704 -1856
6960 14640 -1888
6864 14640 -1792
6224 14448 -2016
6224 14464 -1904
6400 14464 -1616
6896 14832 -1872
6800 14592 -1872
7008 14576 -1872
6928 14736 -1840
6992 14640 -1888
7088 14640 -1632
7040 14688 -1760
7040 14688 -1824
6960 14624 -1824
6992 14704 -1984
6944 14640 -1808
6816 14640 -2032
6992 14656 -1872
6736 14704 -1664
6816 14704 -1728
6944 14736 -1728
6848 14672 -1584
6992 14656 -1808
6864 14592 -1856
6944 14640 -1952
6944 14608 -1632
6880 14608 -1632
6864 14672 -1632
6800 14800 -1616
6752 14720 -1520
6720 14784 -1696
6848 14720 -1488
6928 14656 -1760
6880 14640 -1808
6880 14608 -1856
7056 14608 -2112
6976 14656 -2208
7024 14688 -1936
7024 14720 -2208
6928 14704 -1952
6816 14704 -1888
6816 14688 -1824
6864 14688 -1824
6896 14624 -2016
6960 14624 -2032
7040 14592 -2096
7040 14608 -1984
7040 14592 -1776
6912 14592 -1840
6896 14608 -1840
6976 14624 -2000
6768 14704 -1840
6944 14608 -2016
6736 14672 -1952
6784 14672 -2016
6896 14688 -2016
7056 14672 -2128
7024 14672 -1904
7104 14672 -1680
7024 14576 -1712
7024 14592 -1696
7008 14592 -1632
6992 14624 -1632
6912 14656 -1632
6944 14608 -1712
6800 14560 -1904
6784 14656 -1712
6848 14608 -1792
6848 14608 -1648
6768 14512 -1648
6800 14624 -1552
6832 14592 -1600
6896 14672 -1808
7120 14592 -1840
7120 14656 -1984
6960 14656 -2048
7024 14720 -2064
6960 14720 -2256
6896 14688 -1952
7008 14640 -1952
7040 14704 -1840
6752 14752 -1760
6800 14752 -1600
6800 14704 -1648
6848 14736 -1632
6848 14736 -1696
7008 14656 -1760
6944 14544 -1760
6688 14416 -1872
6704 14288 -1872
6784 14512 -1872
6848 14704 -1920
6896 14832 -1856
6992 14704 -2000
6864 14464 -1920
6912 14544 -1648
7120 14816 -1616
7120 14928 -1504
7216 14928 -1824
7136 14880 -1824
7104 14848 -1936
7056 14656 -2064
7040 14576 -1840
7120 14688 -1856
6960 14752 -1856
6880 14720 -1520
6880 14816 -1824
6880 14736 -1904
6880 14640 -1808
6800 14640 -1824
6896 14576 -1712
7008 14608 -1712
6896 14816 -1712
6832 14800 -1808
7088 14800 -1760
7056 14752 -1792
7008 14800 -2080
7008 14768 -1824
6960 14768 -1824
7040 14800 -1872
6944 14704 -1872
7056 14608 -1936
6896 14592 -1824
7040 14592 -2048
7072 14608 -2048
7008 14656 -1856
7008 14656 -1776
6896 14656 -1776
6944 14656 -1616
6944 14656 -1616
6832 14608 -1824
6768 14624 -1616
6688 14656 -1696
6800 14640 -1632
6976 14608 -1616
6880 14544 -1616
6880 14544 -1360
6816 14544 -1504
6880 14576 -1504
6960 14528 -1648
6944 14640 -1760
6800 14672 -1808
6800 14704 -1456
6736 14720 -1552
6880 14736 -1664
6880 14736 -1728
6880 14688 -1680
6688 14688 -1856
6864 14752 -1856
6784 14720 -1936
6912 14656 -1856
6816 14752 -1872
6960 14704 -1888
6960 14608 -1792
6800 14640 -1728
6720 14688 -1728
6640 14688 -1728
6832 14656 -1728
6896 14608 -1712
6976 14576 -1696
6960 14544 -1664
6960 14576 -1808
6944 14576 -1840
6880 14592 -1840
6624 14704 -1584
6768 14688 -1696
6880 14720 -1744
6864 14672 -1968
6864 14640 -1696
6912 14640 -1952
6896 14640 -1920
6960 14624 -1888
6912 14592 -1680
6816 14720 -1392
6816 14672 -1440
6752 14704 -1472
6736 14704 -1344
6800 14640 -1344
6832 14624 -1488
6768 14768 -1648
6784 14752 -1680
6816 14720 -1744
6816 14640 -1776
6816 14640 -1680
