startup(x,y,z):(240,16176,-96)
624 16160 -304
-656 15904 1376
-576 15712 1088
768 15920 1504
800 16240 912
656 16112 560
944 16240 32
1280 16272 -608
512 16208 -1232
176 16288 -1088
432 16160 -848
176 16256 -592
544 16176 -848
368 16224 -912
448 16176 -800
720 16240 -96
592 16128 224
592 16176 448
336 16096 896
304 16224 1040
272 16224 944
272 16176 864
288 16160 464
496 16208 352
560 16224 48
432 16224 -256
336 16288 -384
432 16256 -560
336 16256 -528
368 16272 -544
176 16240 -384
304 16096 224
368 16144 336
368 16160 448
464 16144 368
544 16128 352
480 16224 416
496 16288 304
368 16288 288
400 16256 240
432 16272 144
384 16336 -80
528 16224 -32
432 16128 -80
448 16096 -16
432 16128 0
496 16160 -48
432 16224 -16
480 16272 224
336 16160 384
544 16176 384
608 16192 448
560 16208 400
560 16176 304
480 16208 240
432 16240 144
448 16224 64
320 16224 -64
368 16192 -128
416 16224 -176
512 16320 -304
320 16272 -224
384 16208 -112
368 16240 -80
352 16240 432
368 16272 432
400 16256 272
400 16240 352
528 16192 128
560 16192 304
512 16208 384
496 16176 256
320 16176 -48
400 16192 -240
464 16240 32
480 16208 64
432 16208 64
496 16208 -144
496 16256 64
432 16240 -384
480 16192 -336
352 16256 80
336 16208 16
368 16176 0
432 16192 -32
256 16272 32
480 16256 -160
384 16192 144
-96 16384 -64
-160 16272 -384
1024 16224 48
480 16320 272
368 16464 208
496 16336 96
912 16208 64
576 16144 -112
448 16176 -240
432 16320 -304
1648 16192 -1536
976 16336 -928
-464 16336 1024
32 16032 864
800 16080 192
864 16128 672
224 16256 992
624 16304 224
1040 16208 -144
864 16112 80
144 16240 528
112 16352 368
672 16288 -240
416 16224 -880
224 16240 -976
80 16320 -432
144 16320 -336
208 16240 -576
368 16240 -64
320 16336 288
240 16208 416
656 16240 480
464 16240 256
496 16256 288
400 16224 352
256 16208 96
352 16208 144
416 16256 224
448 16224 -32
448 16192 -256
496 16256 -256
464 16208 192
528 16288 224
336 16224 464
384 16288 240
320 16176 208
384 16208 304
480 16240 448
384 16208 464
336 16240 128
320 16256 144
384 16208 48
416 16160 -304
560 16128 -240
400 16208 -336
320 16176 -96
288 16192 -16
336 16240 -128
352 16224 0
272 16192 80
400 16256 208
496 16208 240
304 16208 432
432 16208 176
512 16128 240
448 16160 192
432 16176 48
480 16176 128
352 16160 224
352 16208 -16
352 16224 96
336 16192 80
384 16224 32
384 16224 192
224 16160 416
400 16144 192
448 16160 208
624 16128 368
592 16192 288
496 16192 272
384 16176 96
464 16208 224
544 16208 -96
464 16144 -112
464 16128 -160
432 16128 64
480 16192 -16
592 16176 -80
560 16144 0
560 15872 128
496 16144 208
512 16176 704
544 16256 400
464 16272 176
448 16304 320
448 16288 352
480 16176 -32
448 16160 -112
432 16176 112
416 16240 64
416 16096 32
480 16032 -16
496 16144 -16
480 16048 272
432 16112 304
480 16112 224
416 16176 64
400 16144 112
656 16192 48
736 16128 0
480 16224 -96
512 16256 -16
432 16256 112
448 16240 96
528 16224 80
496 16176 80
560 16160 -32
608 16240 16
512 16288 64
480 16256 112
416 16240 64
432 16160 80
224 16176 16
368 16240 -272
384 16272 -64
432 16224 32
432 16176 48
256 16176 -32
256 16256 -80
496 16208 48
576 16160 112
576 16144 320
480 16208 288
448 16160 224
496 16112 48
480 16224 -64
496 16144 -192
416 16080 -240
400 16192 -96
464 16176 -64
432 16240 32
480 16272 -32
400 16224 32
448 16208 32
480 16160 -80
432 16192 -16
512 16192 464
528 16192 240
464 16224 160
384 16208 144
384 16240 32
496 16208 16
592 16192 96
480 16224 48
592 16256 -16
448 16192 32
464 16208 192
480 16240 48
320 16288 112
432 16128 320
416 16208 288
528 16208 256
480 16160 192
432 16160 160
608 16192 -64
480 16176 16
496 16176 -96
624 16192 -224
