startup(x,y,z):(-176,16144,160)
-2976 17120 1168
-4960 16800 1392
-4544 16832 -2864
-3744 16080 -3152
-1744 16192 208
-1744 16000 -736
-448 16000 -736
-1312 16544 848
-944 16960 2768
-608 16688 -656
-336 16432 -640
-384 16032 448
-384 16320 416
-704 16320 416
-720 15920 1104
-432 16032 832
336 16304 352
336 16448 -816
1360 16448 -816
2032 15984 288
1632 16080 288
-80 16464 -160
-496 16416 1632
-672 16240 -128
-496 16112 224
-496 16144 -16
-96 16144 -16
-192 16368 -512
-304 16224 -480
-16 16352 368
-16 16304 336
-256 16144 256
-304 16144 256
-256 16208 256
-144 16192 -560
-192 16240 -528
-256 16320 -160
-256 16256 320
-384 16192 208
-384 16192 288
-368 16208 288
-304 16256 -160
-304 16272 80
-160 16176 -176
-160 16160 32
-256 16160 256
-240 16176 256
-400 16208 80
-480 16192 48
-208 16288 80
-208 16288 -128
-288 16288 -128
-240 16240 240
-240 16224 -64
-400 16192 176
-384 16224 208
-384 16224 96
-128 16192 96
-128 16224 -16
-256 16240 496
-288 16304 240
-272 16224 64
-16 16160 16
-112 16160 288
-224 16080 288
-272 16144 160
-240 16128 224
-304 16112 336
-320 16192 192
-320 16144 272
-176 16144 496
-224 16144 560
-224 16080 560
-256 16160 336
-384 16160 448
-336 16144 416
-336 16144 144
-80 16144 144
-208 16160 48
-272 16144 -144
-224 16096 80
-272 16048 64
-400 16128 -32
-368 16128 -368
-368 16176 32
-160 16176 32
-48 16176 80
-128 16176 304
-224 16288 48
-128 16240 -64
-144 16240 240
-144 16240 560
-240 16176 560
-128 16208 192
-240 16176 32
-240 16224 -96
-32 16192 -48
-32 16160 432
-208 16160 368
-272 16144 368
-96 16128 432
-256 16032 336
-272 16064 240
-208 16112 -48
-208 16112 -48
-224 16112 144
-288 16160 144
-368 16160 320
-336 16128 496
-336 16160 304
-336 16224 208
-352 16224 208
-336 16208 224
-96 16192 160
-128 16144 256
-224 16192 176
-240 16208 -64
-224 16160 0
-224 16160 336
-240 16160 336
-272 16192 304
-240 16224 80
-384 16176 -64
-224 16144 -48
-224 16144 96
-208 16176 160
-128 16240 160
-304 16160 240
-384 16208 272
-352 16192 48
-288 16208 112
-304 16144 160
-304 16144 160
-192 16176 240
-272 16288 144
-320 16240 464
-240 16192 32
-112 16224 112
-112 16224 144
-336 16224 144
-160 16176 192
-128 16176 -112
-224 16304 -64
-224 16240 -128
-256 16208 -48
-256 16208 -128
-160 16304 -128
-336 16272 96
-368 16288 -96
-224 16208 -144
-240 16192 16
-240 16192 -32
-192 16208 -32
-240 16240 -48
-256 16192 0
-336 16208 272
-304 16176 128
-304 16176 -192
-368 16224 -192
-416 16272 -32
-256 16256 -176
-256 16224 192
-320 16256 160
-320 16256 256
-288 16176 256
-224 16208 80
-160 16224 288
-224 16192 288
-336 16224 144
-336 16224 400
-368 16192 400
-208 16240 144
-368 16256 224
-352 16288 96
-352 16240 176
-304 16240 352
-384 16208 144
-352 16160 144
-352 16160 144
-224 16144 128
-288 16208 0
-176 16256 -48
-176 16240 -64
-128 16240 -64
-208 16256 -160
-304 16256 48
-336 16224 176
-400 16192 144
-448 16208 80
-432 16160 224
-432 16176 240
-352 16176 16
-288 16176 16
-272 16144 -64
-144 16176 32
-128 16176 48
-128 16176 192
-112 16176 208
-192 16128 208
-320 16144 80
-192 16240 128
-176 16144 208
-304 16128 256
-304 16144 112
-240 16144 112
-208 16256 -16
-336 16272 80
-368 16224 176
-224 16224 144
-224 16160 208
-96 16160 208
-176 16160 48
-144 16160 432
-224 16208 192
-176 16288 176
-240 16304 352
-240 16320 336
-352 16320 256
-224 16304 256
-192 16256 352
-272 16288 464
-512 16192 224
-512 16256 352
-544 16256 240
-528 16304 224
-352 16256 256
-352 16256 256
-256 16208 272
-240 16336 224
-320 16256 256
-320 16256 256
-240 16192 384
-320 16208 384
-240 16240 128
-176 16256 160
-256 16160 112
-192 16160 96
-224 16128 16
-224 16128 176
-320 16128 176
-288 16160 64
-272 16160 240
-272 16112 208
-272 16224 -272
-272 16224 -48
-320 16240 -48
-192 16144 240
-368 16208 208
-384 16160 128
-256 16160 112
-256 16160 192
-336 16160 192
-272 16160 96
-288 16096 208
-240 16064 256
-192 16192 48
-192 16240 256
-240 16240 -160
-176 16192 -160
-224 16240 32
-192 16240 112
-224 16224 48
-160 16224 96
-416 16208 48
-416 16192 224
-336 16192 224
-320 16176 -96
-336 16176 32
-288 16144 -112
-352 16208 80
-352 16112 352
-176 16112 160
-224 16176 272
-208 16256 48
-320 16240 48
-480 16288 32
-304 16208 224
-304 16144 112
-32 16144 16
-80 16144 16
-96 16176 176
-192 16160 176
-304 16112 208
-272 16144 -80
-336 16208 384
-384 16240 112
-288 16256 256
-288 16256 112
-320 16176 112
-224 16144 -160
-336 16224 -16
-320 16160 96
-320 16192 80
-320 16192 144
-304 16224 272
-400 16192 272
-304 16192 384
-304 16304 64
-224 16240 48
-224 16256 464
-320 16256 368
-304 16256 368
-192 16208 144
-176 16128 160
-288 16176 80
-352 16160 112
-272 16160 176
-176 16096 64
-176 16096 80
-128 16208 80
-272 16208 96
-176 16224 -32
-160 16208 -240
-160 16320 -112
-208 16256 -48
-192 16256 -48
-256 16256 48
-304 16192 -16
-320 16208 -32
-384 16144 336
-320 16112 480
-240 16048 224
-240 16048 288
-160 16096 288
-272 16144 128
-208 16208 64
-416 16112 208
-352 16112 192
-352 16368 288
-240 16160 288
-288 16160 32
-176 16192 192
-224 16224 416
-272 16144 304
-272 16128 352
-96 16128 304
-240 16144 304
-352 16144 240
-272 16192 400
-352 16176 432
-352 16176 400
-448 16224 320
-352 16224 128
-480 16208 128
-384 16160 224
-288 16096 368
-384 16096 176
-384 16240 48
-368 16240 48
-192 16272 64
-256 16224 160
-208 16288 -128
-272 16272 -96
-272 16192 -208
-304 16192 144
-304 16112 192
-64 16112 192
-288 16208 32
-400 16272 32
-304 16272 -128
-240 16224 -64
-240 16192 32
-208 16192 -160
-224 16192 -160
-240 16240 -80
-192 16208 320
-128 16288 -48
-320 16176 -16
-384 16208 48
-384 16160 -96
-256 16160 -96
-176 16176 -128
-368 16192 -64
-256 16112 112
-240 16192 32
-240 16192 224
-176 16112 224
-96 16208 112
-256 16176 -96
-304 16192 64
-256 16176 0
-256 16224 -192
-208 16224 -192
-192 16224 96
-192 16224 -272
-208 16224 -160
-320 16208 -240
-320 16240 128
-336 16240 224
-432 16240 224
-368 16256 112
-240 16256 112
-128 16240 32
-64 16208 128
-64 16160 352
-272 16160 352
-272 16256 432
-112 16192 416
-192 16176 128
-80 16128 32
-160 16064 144
-192 16112 96
-192 16176 256
-384 16176 432
-464 16144 432
-544 16192 128
-464 16256 0
-464 16176 64
-192 16176 240
-128 16192 240
-176 16080 112
-272 16192 16
-240 16224 96
-400 16208 128
-288 16224 -16
-288 16192 -288
-208 16192 -288
-304 16160 160
-272 16160 224
-400 16160 304
-400 16240 368
-304 16256 192
-304 16272 48
-320 16272 464
-288 16288 208
-304 16240 208
-208 16256 336
-176 16208 336
-176 16192 208
-176 16192 288
-240 16160 288
-288 16176 192
-304 16192 0
-448 16192 240
-352 16176 -208
-352 16240 -144
-336 16240 144
-336 16240 144
-240 16224 -16
-208 16144 80
-240 16176 160
-240 16208 208
-368 16208 336
-320 16208 336
-288 16240 256
-384 16272 288
-272 16208 240
-288 16192 -16
-304 16240 80
-304 16240 -80
-336 16240 -80
-400 16272 -96
-416 16192 80
-224 16144 288
-224 16192 192
-240 16192 192
-80 16064 176
-96 16112 400
-96 16224 512
-192 16192 512
-240 16176 368
-240 16224 208
-240 16208 112
-176 16208 112
-272 16208 64
-160 16224 -288
-144 16272 -144
-224 16208 336
-224 16240 272
-336 16240 16
-336 16208 96
-208 16144 16
-256 16256 32
-160 16208 112
-304 16176 160
-304 16224 -48
-272 16224 -48
-208 16176 48
-224 16256 48
-256 16176 256
-224 16208 192
-224 16208 144
-224 16240 144
-224 16240 464
-352 16256 336
-192 16176 64
-320 16304 16
-320 16240 96
-208 16240 96
-192 16208 96
-208 16256 160
-224 16144 96
-208 16144 -64
-208 16128 112
-208 16128 304
-224 16192 304
-240 16240 336
-400 16240 416
-304 16128 384
-240 16176 304
-240 16128 416
-176 16128 416
-176 16208 368
-272 16208 416
-384 16224 496
-256 16128 576
-256 16080 320
-112 16080 96
-304 16208 272
-368 16224 272
-336 16176 384
-256 16272 16
