startup(x,y,z):(-176,16144,160)
5600 15056 -432
5056 16000 1056
5056 16000 1600
1184 16160 1600
736 16720 1728
1264 15984 240
912 15456 -1664
816 15456 1472
816 15456 -384
-32 16160 -384
-272 15984 1920
656 16416 592
2192 16560 -416
3264 15840 -320
2512 15536 96
2512 15536 192
3424 16656 192
4000 15808 -384
4352 15536 2528
4624 15776 -352
2272 16000 1536
2272 15968 768
272 16112 -1408
-672 16112 656
-880 15952 656
-704 16240 -128
-608 16176 464
-128 16304 1408
-128 16224 832
-48 16224 832
-768 15856 -304
-2000 16080 -96
-3600 16544 -1552
-3040 16544 -32
-1792 16672 -304
-960 16288 944
-960 16256 960
-240 16064 640
176 16064 640
-208 16144 16
-304 16208 -240
-496 16288 352
-336 16112 256
-336 16272 1056
-224 16272 1056
416 16224 1200
1312 16080 -432
1520 16240 -464
1040 16096 -528
432 16160 112
432 16176 640
-224 16176 640
-480 16224 592
-336 16064 288
-48 16192 -512
64 16176 -304
64 16128 -432
-64 16128 -432
-192 16112 640
-320 16048 640
-496 16240 576
-496 16208 -320
-496 16176 -432
-272 16176 -272
-144 16144 -272
-320 16160 96
-352 16144 400
-256 16064 288
-256 16080 176
-368 16080 -80
-288 16128 -176
-144 16080 -176
-80 16112 0
-160 16112 320
-80 16208 432
-80 16208 272
-96 16240 272
-80 16224 96
-240 16272 304
0 16240 288
48 16208 352
48 16256 528
-128 16240 496
-96 16240 144
-144 16192 144
-208 16144 -48
-224 16256 80
-256 16352 320
-240 16160 272
-128 16160 96
-144 16128 96
-112 16176 64
-208 16208 -192
-416 16144 368
-160 16080 208
-96 16128 368
-96 16128 -48
-176 16224 -48
-368 16176 -144
-272 16096 224
-192 16112 384
-544 16144 480
-544 16112 304
-368 16112 304
-256 16176 144
-240 16176 320
-304 16160 304
-208 16176 128
-256 16224 96
-256 16224 272
-320 16256 272
-144 16128 -32
-176 16144 224
-256 16192 192
-336 16112 144
-336 16208 32
-176 16208 -112
-320 16176 -176
-272 16272 -176
-272 16272 224
-304 16128 432
-256 16128 208
-256 16160 48
-112 16160 256
-176 16112 256
-288 16224 -48
-352 16112 272
-336 16224 336
-336 16256 112
-144 16208 192
-144 16288 240
-304 16256 560
-400 16256 48
-416 16240 240
-304 16192 224
-112 16176 208
-176 16160 96
-176 16144 208
-256 16144 144
-384 16112 144
-528 16144 64
-416 16192 48
-288 16272 -416
-112 16208 -256
-112 16224 -320
-16 16224 -320
-320 16160 80
-304 16240 288
-368 16208 368
-304 16192 80
-304 16176 -144
-304 16224 -128
-192 16208 0
-192 16208 32
-320 16256 32
-416 16224 160
-192 16176 128
-208 16208 96
-208 16192 64
-160 16192 112
-48 16176 112
-80 16192 192
-240 16208 160
-352 16256 16
-432 16224 336
-288 16208 256
-288 16208 80
-256 16240 80
-272 16240 128
-64 16256 96
-192 16192 80
-192 16272 48
-64 16304 112
-176 16304 -48
-240 16256 -48
-416 16240 128
-384 16160 112
-352 16208 160
-192 16208 272
-400 16256 336
-336 16176 128
-336 16224 96
-352 16224 -16
-352 16240 -112
-336 16224 -112
-400 16272 80
-288 16256 160
-288 16208 240
-176 16144 -32
-176 16096 -112
-80 16096 -112
-192 16160 16
-160 16240 -16
-144 16176 128
-112 16208 272
-112 16208 400
-256 16208 368
-208 16192 368
-224 16128 80
-240 16176 432
-144 16144 304
-112 16192 224
-112 16128 240
-112 16128 240
-192 16160 304
-320 16144 336
-160 16176 432
-160 16128 48
-96 16128 320
-240 16192 320
-320 16224 112
-320 16288 144
-432 16224 144
-432 16304 0
-432 16288 384
-384 16288 80
-368 16208 80
-464 16176 128
-336 16208 416
-352 16128 176
-240 16144 192
-240 16128 112
-192 16176 288
-192 16176 208
-192 16080 208
-272 16208 128
-288 16224 -32
-208 16192 208
-64 16144 176
-64 16176 336
-240 16176 192
-432 16176 192
-448 16160 128
-336 16256 -64
-288 16192 -240
-80 16176 96
-80 16224 32
-144 16224 32
-96 16176 64
-112 16160 16
-64 16128 256
-320 16128 384
-272 16128 240
-112 16128 352
-16 16112 352
-192 16128 -32
-224 16128 208
-112 16192 -48
-176 16240 16
-176 16208 -176
-160 16208 -176
-16 16224 64
-80 16304 128
-64 16256 320
-160 16304 176
-160 16208 80
-128 16208 80
-304 16208 32
-384 16224 272
-352 16160 192
-416 16160 192
-304 16144 144
-304 16144 384
-160 16080 384
-176 16208 192
-192 16176 64
-240 16208 128
-288 16176 336
-288 16176 128
-432 16192 208
-272 16192 448
-352 16112 448
-272 16144 560
-240 16208 304
-288 16240 -144
-240 16288 208
-240 16176 144
-384 16192 128
-240 16192 176
-208 16192 176
-144 16208 256
-160 16208 320
-160 16224 64
-288 16176 96
-288 16192 96
-240 16192 96
-240 16144 0
-176 16240 144
-352 16224 224
-240 16208 176
-240 16208 80
-240 16208 80
-256 16224 80
-144 16176 144
-272 16160 288
-400 16160 192
-400 16128 272
-272 16128 128
-224 16224 128
-272 16208 144
-256 16224 -32
-192 16192 -32
-384 16224 160
-384 16224 288
-336 16224 288
-272 16256 96
-304 16240 48
-304 16256 48
-304 16240 272
-288 16240 192
-288 16240 -32
-176 16288 -32
-96 16192 96
-96 16208 -176
-192 16192 80
-176 16208 144
-176 16272 16
-192 16192 -48
-192 16192 80
-112 16256 80
-160 16272 -64
-80 16288 64
-224 16288 -32
-336 16224 192
-224 16256 -144
-256 16256 -144
-288 16176 80
-320 16176 -32
-288 16128 80
-288 16112 304
-416 16176 256
-416 16176 80
-416 16288 80
-320 16288 96
-160 16256 16
-384 16208 128
-368 16272 112
-368 16256 416
-496 16256 160
-304 16160 192
-384 16208 176
-320 16240 112
-368 16256 256
-256 16256 112
-256 16256 256
-176 16176 256
-224 16192 272
-272 16288 320
-112 16240 304
-112 16240 80
-128 16240 0
-256 16272 0
-304 16272 144
-240 16192 -16
-288 16240 -16
-208 16208 16
-208 16208 80
-304 16224 80
-224 16144 176
-272 16160 416
-304 16144 528
-176 16224 368
-176 16240 96
-240 16240 96
-256 16336 32
-256 16336 80
-240 16256 80
-112 16240 -32
-272 16256 96
-144 16208 0
-208 16176 160
-208 16240 144
-192 16240 160
-272 16240 160
-336 16256 -16
-208 16288 -192
-272 16240 144
-144 16224 160
-144 16272 48
-256 16272 48
-368 16224 -160
-320 16144 160
-288 16240 304
-288 16256 480
-368 16224 368
-448 16224 416
-496 16224 416
-416 16160 400
-288 16144 224
-304 16160 0
-384 16288 80
-384 16288 -80
-208 16288 -80
-240 16272 208
-416 16288 272
-512 16224 224
-368 16208 144
-368 16272 64
-368 16176 80
-368 16176 128
-256 16112 128
-336 16240 -16
-368 16224 48
-256 16176 160
-256 16160 224
-64 16160 80
32 16112 80
32 16192 128
-112 16160 -48
-112 16192 -256
-112 16176 -160
-144 16112 144
-192 16176 416
-192 16240 0
-160 16240 0
-128 16240 0
-160 16304 48
-256 16192 240
-288 16208 128
-320 16192 160
-320 16192 144
-176 16240 144
-320 16272 192
-352 16256 -16
-112 16192 160
-112 16192 96
-288 16208 128
-288 16208 64
-320 16208 64
-304 16256 48
-96 16208 208
-144 16240 48
-192 16224 -144
-192 16224 208
-368 16240 208
-160 16224 320
-304 16176 304
-400 16256 240
-240 16128 144
-240 16128 144
-368 16128 144
-400 16176 336
-320 16192 512
-192 16208 48
-192 16208 48
-112 16208 160
-416 16208 336
-400 16224 336
-400 16160 320
-400 16144 432
-288 16160 208
-288 16208 288
-304 16208 288
-240 16192 272
-256 16192 160
-432 16272 304
-400 16256 -80
-304 16192 64
-288 16208 256
-288 16128 288
-96 16128 288
-272 16224 -16
-240 16208 32
-336 16144 384
-320 16080 320
-320 16096 48
-112 16096 384
-224 16144 384
-336 16176 0
-64 16208 176
-112 16240 288
-112 16192 48
-112 16176 -144
-112 16176 -144
-128 16176 176
-176 16144 224
-96 16160 -128
-96 16256 -16
-128 16256 48
-176 16224 48
-240 16160 128
-288 16192 96
-192 16224 144
-272 16192 160
-272 16160 48
-256 16160 -32
-240 16160 -32
-176 16144 -64
-176 16128 -96
-208 16160 80
-208 16176 272
-400 16176 272
-400 16256 320
-416 16208 416
-288 16192 400
-496 16176 416
-448 16160 192
-448 16192 80
-384 16192 80
-432 16144 256
-224 16208 160
-112 16224 176
-240 16272 608
-240 16256 272
16 16256 32
32 16144 32
-112 16256 384
-16 16160 192
-128 16208 192
-64 16192 -32
-256 16176 -16
-256 16240 128
