startup(x,y,z):(-192,16176,96)
-6048 16256 -2880
-5344 17296 -1408
-2848 16064 -1408
-2192 16064 640
-160 16624 3232
432 16688 128
80 16736 -816
80 16480 -816
112 16464 736
-288 16672 160
-944 15968 1504
-1328 16368 1328
-1360 16080 416
-896 15984 -528
-896 15984 -1712
-400 15952 -1712
-1008 15920 -32
-1136 16192 -16
-16 15984 1168
320 15904 -656
320 16064 592
448 16016 -272
160 16256 0
160 16256 1248
-112 16160 256
-64 16128 1088
-272 16112 448
-272 16256 -64
-368 16256 -240
-16 16208 656
-736 16304 656
-1344 16240 -320
-1264 16000 -512
-880 16000 -512
-528 15936 -400
-688 16128 640
-688 16128 448
-880 16384 448
-1088 16320 352
-480 16272 80
-560 16224 -176
-544 16320 0
-544 16320 304
-512 16192 304
-368 16224 64
-192 16224 400
-288 16256 48
-240 16080 96
-240 16064 256
-80 16064 368
-240 16176 368
-384 16272 144
-432 16176 496
-192 16160 32
-80 16240 -272
-80 16240 64
-48 16416 64
-160 16288 -224
-384 16240 272
-416 16224 704
-432 16144 496
-432 16176 544
-160 16176 544
-192 16208 288
-304 16176 512
-240 16240 272
-272 16208 352
-272 16256 336
-256 16176 240
-224 16176 16
-48 16096 16
-128 16144 320
-80 16144 112
-80 16112 0
-80 16208 224
-160 16208 224
-208 16208 640
-224 16176 432
-272 16128 336
-240 16192 192
-240 16224 -256
-336 16448 464
-400 16448 320
-352 16416 320
-352 16384 -96
-416 16272 128
-464 16256 -272
-464 16256 144
-400 16240 144
-272 16208 624
-272 16160 272
-192 16256 96
-112 16256 -160
-128 16272 80
-128 16192 224
-112 16192 224
-176 16192 208
-160 16144 256
-192 16192 64
-192 16192 112
-304 16192 112
-320 16256 240
-288 16256 528
-320 16112 576
-448 16208 224
-336 16176 160
-336 16176 256
-288 16176 432
-400 16208 432
-496 16240 496
-496 16288 -32
-528 16224 -64
-528 16240 112
-576 16240 432
-480 16208 432
-304 16224 352
-96 16240 208
-240 16272 48
-304 16240 128
-432 16128 160
-480 16192 208
-480 16192 288
-496 16096 288
-368 16080 272
-336 16096 160
-336 16160 192
16 16096 112
16 16080 -32
-32 16128 112
-272 16128 208
-256 16144 208
-224 16240 272
-112 16176 112
-176 16208 80
-176 16224 96
-208 16224 96
-96 16144 -176
-224 16144 96
-96 16192 -48
-224 16192 16
-224 16288 48
-160 16192 128
-160 16176 -112
-256 16224 -160
-240 16192 -80
-272 16208 272
-208 16240 416
-464 16176 400
-304 16176 272
-416 16208 272
-208 16160 192
-304 16256 416
-176 16192 176
-192 16176 16
-192 16208 -64
-192 16208 112
-240 16144 112
-224 16192 48
-352 16208 144
-272 16256 16
-304 16256 128
-304 16256 240
-288 16192 176
-272 16160 368
-272 16160 368
-224 16208 352
-224 16208 464
-192 16192 480
-224 16176 432
-224 16176 352
-240 16192 352
-48 16240 160
-208 16208 480
-256 16288 400
-304 16256 304
-224 16256 176
-224 16304 144
-224 16240 144
-96 16240 144
-304 16192 64
-192 16224 208
-176 16176 -16
-176 16176 112
-176 16176 48
-336 16288 48
-384 16288 144
-384 16176 176
-192 16192 144
-352 16208 80
-288 16192 -32
-288 16192 272
-352 16144 272
-448 16176 272
-368 16128 336
-272 16176 192
-336 16128 48
-336 16160 128
-208 16160 128
-176 16256 160
-208 16224 128
-144 16208 -48
-128 16112 128
-208 16144 96
-208 16192 -128
-176 16192 -128
-224 16160 -64
-208 16160 16
-176 16224 224
-176 16144 192
-176 16240 -160
-320 16224 -80
-544 16256 -64
-448 16240 96
-448 16240 208
-624 16288 208
-336 16208 288
-352 16240 192
-256 16224 112
-224 16192 176
-224 16192 128
-304 16176 128
-32 16224 128
-128 16240 112
-160 16272 224
-240 16224 384
-368 16240 368
-368 16256 400
-288 16256 400
-256 16288 384
-368 16304 192
-288 16288 32
-208 16288 128
-208 16240 -64
-192 16240 -48
-240 16224 -160
-368 16224 -160
-304 16192 16
-240 16208 208
-208 16224 320
-208 16224 256
-240 16224 256
-176 16176 144
-224 16176 80
-160 16144 352
-192 16240 384
-192 16208 544
-352 16208 160
-304 16208 320
-336 16240 320
-288 16240 240
-128 16240 80
-240 16176 64
-240 16176 -128
-208 16144 -128
-176 16208 -32
-80 16144 48
16 16160 16
-208 16176 96
-176 16176 96
-208 16256 -48
-208 16240 -32
-320 16224 256
-256 16288 160
-432 16320 176
-352 16176 -288
-240 16144 -208
-240 16144 160
-320 16144 160
-320 16160 448
-480 16192 416
-304 16224 -16
-320 16176 112
-352 16208 160
-352 16224 208
-352 16224 208
-256 16192 128
-272 16240 336
-176 16192 240
-272 16288 384
-272 16208 208
-144 16208 224
-224 16192 272
-368 16240 272
-288 16256 400
-304 16272 144
-256 16240 -32
-256 16240 176
-240 16224 176
-144 16256 0
-112 16224 -256
-128 16144 16
-256 16208 208
-256 16256 128
-320 16288 -64
-288 16288 -32
-96 16240 -32
-112 16192 112
-32 16176 288
-112 16208 272
-112 16208 -128
-176 16208 -128
-160 16208 128
-320 16240 160
-224 16288 -48
-224 16272 -16
-224 16096 160
-256 16192 144
-256 16192 256
-288 16176 256
-224 16192 352
-144 16256 240
-224 16240 304
-224 16272 16
-352 16272 192
-352 16304 192
-208 16240 160
-224 16208 192
-176 16096 432
-176 16112 192
-240 16112 288
-192 16128 288
-240 16240 64
-160 16208 272
-208 16160 176
-208 16160 80
-144 16224 80
-160 16224 160
-320 16224 240
-576 16192 256
-528 16192 128
-528 16128 224
-432 16128 224
-416 16160 224
-384 16192 320
-304 16192 176
-304 16192 -64
-224 16192 16
-128 16192 16
-144 16224 192
-192 16288 336
-352 16224 272
-336 16240 -32
-336 16160 -16
-128 16160 -16
-256 16128 208
-208 16176 128
-256 16176 432
-256 16192 432
-272 16192 432
-272 16208 288
-240 16176 160
-48 16192 64
-80 16272 112
0 16256 208
0 16256 224
-144 16256 224
-320 16176 416
-320 16256 48
-256 16272 -16
-256 16304 -32
-288 16304 -32
-288 16288 -64
-320 16224 256
-256 16224 176
-320 16144 224
-320 16096 -112
-320 16096 224
-288 16112 224
-256 16192 -192
-224 16160 -64
-240 16160 144
-240 16144 288
-272 16144 32
-272 16096 64
-144 16176 112
-448 16208 288
-320 16272 448
-224 16240 368
-224 16240 544
-288 16112 544
-192 16128 464
-336 16080 592
-272 16208 208
-320 16208 304
-384 16208 304
-304 16208 384
-144 16208 352
-320 16176 528
-304 16128 256
-304 16128 -64
-256 16176 -64
-304 16160 320
-192 16240 160
-320 16160 176
-320 16240 48
-304 16240 48
-448 16288 64
-352 16240 160
-288 16288 576
-224 16240 -16
-256 16256 96
-256 16272 144
-368 16272 144
-400 16240 96
-368 16208 112
-256 16176 -80
-224 16112 0
-224 16112 32
-320 16240 32
-272 16208 64
-368 16224 224
-256 16160 144
-208 16224 368
-208 16192 272
-272 16192 272
-112 16256 176
-80 16160 336
-256 16160 128
-368 16144 128
-368 16144 224
-400 16160 224
-384 16144 144
-304 16128 272
-352 16144 64
-224 16240 0
-224 16208 144
-320 16208 112
-496 16240 112
-448 16224 -256
-320 16112 -32
-432 16192 224
-432 16208 0
-272 16208 0
-256 16288 0
-336 16288 -144
-352 16224 -144
-240 16160 128
-240 16192 256
-224 16192 256
-144 16192 160
-160 16288 80
-48 16224 96
-96 16208 -64
-96 16208 256
-272 16208 256
-256 16208 112
-144 16208 240
-224 16144 272
-240 16080 336
-208 16096 224
-240 16096 192
-144 16160 192
-16 16160 224
-176 16240 224
-208 16160 128
-208 16128 64
-80 16128 -112
-160 16112 -112
-176 16160 16
-240 16160 -16
-144 16176 -48
-224 16272 48
-240 16272 64
-240 16288 272
-272 16288 272
-240 16256 368
-224 16240 496
-288 16352 384
-336 16224 336
-336 16320 176
-288 16320 176
-272 16208 304
-480 16288 432
-368 16208 112
-208 16192 48
-320 16208 224
-320 16208 288
-432 16208 288
-336 16160 176
-256 16160 272
-400 16144 160
-528 16128 96
-528 16160 192
-416 16160 192
-288 16224 64
-336 16176 64
-256 16160 0
-384 16096 160
-272 16192 144
-272 16240 288
-352 16240 288
-208 16176 160
-256 16240 112
-320 16208 112
-192 16256 48
-192 16224 144
-176 16256 112
-192 16192 112
-192 16192 48
-80 16192 48
-16 16256 128
-192 16272 432
-160 16304 48
-304 16224 112
-304 16320 80
-368 16320 80
-272 16288 -48
-304 16272 64
-224 16240 80
-160 16144 112
-272 16256 128
-304 16336 32
