startup(x,y,z):(-320,16160,160)
10384 14784 -448
5120 16352 912
1808 16000 -352
1808 15392 1168
1264 15392 1168
544 16464 2912
-928 16720 816
-2336 16544 -2832
-1296 16384 1136
-1296 16176 432
-944 16176 432
-1888 16080 112
-1056 16192 832
-336 16288 592
-1376 16320 -256
-1376 16480 -1568
-1024 16480 -1568
-432 16432 -1280
-1008 16176 -928
-1120 15824 1072
-448 15984 672
-448 16272 656
-688 16272 656
-704 16096 32
-96 16144 -672
-80 16240 -304
-80 16240 80
-672 15936 1792
1024 15936 1792
1968 15616 304
1504 15936 800
1216 16048 -1520
480 16320 -608
480 16128 528
-560 16128 912
-624 16096 912
-192 16000 880
32 16048 -160
96 16064 144
96 16176 -304
-96 16176 -304
80 16272 336
-208 16192 256
-304 16208 128
-240 16240 -128
-240 16224 96
-400 16224 144
-304 16272 144
-240 16320 384
-160 16304 -32
-144 16320 -64
-144 16192 -160
-176 16192 -160
-272 16224 480
-384 16160 608
-416 16224 448
-288 16176 224
-288 16144 16
-320 16144 16
-240 16144 -112
-224 16144 128
-272 16128 128
-272 16256 416
-352 16256 304
-448 16288 304
-400 16256 304
-400 16224 32
-416 16208 96
-176 16192 224
-176 16144 304
-320 16144 304
-400 16176 464
-400 16208 272
-320 16288 112
-208 16192 0
-208 16192 144
-192 16176 144
-80 16176 16
-160 16256 -96
-240 16224 -96
-272 16272 -32
-288 16256 128
-288 16256 48
-416 16288 48
-448 16272 -320
-512 16208 80
-432 16208 -32
-432 16160 288
-448 16208 144
-192 16208 144
-176 16192 112
-160 16176 240
-384 16224 112
-464 16160 368
-464 16128 224
-512 16128 224
-384 16112 448
-784 16144 -160
-784 16112 336
-784 15904 176
-464 15904 80
-336 16000 80
-176 15936 256
-448 16160 32
-368 16096 512
-160 16112 480
-160 16208 416
-128 16208 416
-352 16224 -128
-208 16048 48
-240 16208 -256
-304 16192 -144
-304 16192 256
-368 16192 160
-112 16160 160
-272 16192 0
-96 16144 -64
-96 16112 -224
-96 16192 80
-128 16192 80
-192 16128 -64
-224 16064 224
-464 16112 224
-432 16208 192
-432 16208 288
-432 16224 288
-288 16176 224
-320 16160 160
-368 16112 336
-368 16144 480
-352 16144 416
-320 16128 416
-288 16160 288
-208 16160 64
-272 16144 -64
-272 16128 32
-352 16128 128
-256 16128 128
-352 16176 208
-416 16224 96
-160 16192 16
-432 16176 80
-432 16176 48
-464 16192 48
-416 16208 0
-368 16224 480
-256 16224 368
-256 16224 80
-240 16288 80
-256 16240 -32
-160 16144 -48
-352 16192 336
-304 16208 400
-304 16208 288
-272 16192 288
-256 16192 112
-112 16192 96
-16 16240 192
-16 16176 320
-208 16176 320
-336 16224 512
-208 16208 448
-288 16240 48
-304 16096 -32
-256 16176 160
-256 16176 480
-368 16160 480
-320 16272 272
-336 16304 144
-336 16224 160
-336 16192 0
-208 16192 0
-400 16240 192
-320 16192 -128
-80 16144 0
-192 16224 112
-240 16176 224
-240 16176 128
-144 16192 128
-304 16224 176
-288 16320 -64
-352 16304 0
-352 16272 -96
-256 16272 -96
-256 16288 224
-256 16192 224
-304 16224 48
-208 16160 368
-208 16112 304
-48 16112 112
-176 16256 112
-112 16208 240
-176 16160 192
-240 16144 240
-240 16096 352
-144 16096 352
-144 16144 304
-224 16208 288
-304 16176 224
-416 16144 224
-416 16144 384
-336 16208 384
-192 16208 240
-288 16192 192
-448 16256 160
-448 16176 208
-304 16176 80
-416 16176 80
-384 16144 336
-256 16224 208
-240 16208 240
-240 16192 176
-272 16192 224
-448 16192 224
-400 16224 224
-480 16224 -32
-160 16112 48
-160 16112 256
-192 16160 400
-208 16176 592
-304 16208 608
-272 16144 432
-272 16080 384
0 16080 384
-96 16144 64
-176 16144 336
-272 16112 464
-208 16080 304
-208 16208 144
-224 16208 144
-240 16144 48
-400 16192 32
-336 16144 112
-288 16224 -64
-176 16256 112
-176 16272 224
-224 16272 -16
-256 16208 -16
-416 16224 240
-320 16176 288
-304 16240 224
-304 16240 336
-272 16176 336
-256 16224 464
-416 16256 304
-464 16240 256
-384 16256 192
-384 16208 192
-352 16208 192
-352 16208 48
-304 16224 64
-256 16272 176
-336 16256 160
-336 16256 16
-240 16336 16
-240 16240 352
-416 16128 432
-368 16144 448
-192 16128 240
-192 16160 304
-224 16160 144
-272 16224 144
-320 16256 320
-208 16176 80
-304 16176 -16
-304 16208 208
-320 16208 208
-432 16192 80
-352 16192 304
-240 16144 400
-208 16096 288
-208 16160 240
-272 16160 208
-256 16160 208
-144 16128 128
-224 16080 -160
-176 16160 -128
-176 16160 -112
-128 16160 112
-256 16192 112
-336 16144 192
-336 16144 352
-240 16096 256
-496 16160 -48
-272 16160 32
-144 16192 32
-208 16320 160
-160 16208 144
-128 16240 16
-128 16288 -48
-176 16288 -48
-96 16272 112
-288 16288 320
-320 16256 352
-336 16240 432
-336 16240 256
-352 16304 192
-352 16288 192
-352 16224 224
-240 16176 112
-240 16176 240
-240 16176 240
-304 16112 240
-96 16208 48
-192 16160 368
-208 16160 448
-208 16144 96
-224 16144 176
-240 16176 176
-272 16240 304
-176 16208 256
-128 16256 48
-128 16224 32
-96 16224 32
-112 16240 -128
-224 16288 112
-336 16192 144
-224 16224 176
-224 16176 512
-304 16176 512
-176 16176 304
-144 16192 320
-80 16176 368
-256 16256 224
-256 16304 224
-240 16304 480
-320 16240 480
-368 16176 496
-144 16256 176
-64 16208 144
-144 16144 288
-144 16144 -48
-192 16160 -48
-176 16128 176
-256 16192 32
-160 16160 192
-160 16112 144
-304 16112 272
-208 16112 272
-256 16160 288
-320 16224 240
-192 16176 304
-192 16176 144
-32 16112 144
-112 16160 -32
-272 16176 336
-240 16144 64
-240 16160 -16
-256 16160 -96
-224 16256 -96
-256 16160 144
-384 16128 112
-352 16144 224
-352 16176 112
-288 16176 112
-448 16176 208
-400 16160 160
-272 16160 -48
-336 16160 80
-336 16224 32
-288 16224 32
-288 16144 256
-320 16176 304
-304 16192 -32
-304 16272 -80
-336 16272 96
-416 16256 96
-544 16192 192
-464 16176 112
-416 16240 64
-416 16256 256
-544 16256 96
-512 16304 96
-336 16256 32
-400 16192 416
-320 16144 240
-320 16112 352
-288 16112 352
-224 16080 304
-368 16080 160
-336 16208 -32
-176 16192 -32
-176 16160 -128
-224 16160 -208
-256 16208 -208
-208 16224 -80
-400 16208 192
-240 16256 176
-240 16256 208
-368 16256 208
-448 16224 304
-272 16128 304
-224 16176 416
-224 16160 208
-224 16144 -32
-352 16144 112
-192 16192 112
-176 16160 176
-240 16176 240
-288 16208 80
-288 16208 0
-96 16224 0
-256 16224 0
-144 16176 -160
-144 16256 -112
-144 16256 -48
-208 16256 96
-192 16208 96
-192 16080 32
-64 16192 48
-160 16224 -48
-160 16208 224
-304 16208 288
-256 16048 288
-320 16176 288
-352 16160 352
-272 16224 288
-272 16224 -16
-192 16224 32
-224 16176 32
-240 16224 320
-256 16208 320
-272 16160 16
-272 16112 208
-240 16112 -48
-160 16160 -48
-192 16144 -80
-304 16192 32
-240 16080 224
-240 16112 176
-176 16112 432
-256 16080 432
-320 16112 272
-240 16144 208
-144 16096 128
-144 16208 224
-288 16208 224
-240 16320 240
-256 16304 48
-304 16288 96
-272 16240 176
-272 16240 336
-288 16320 336
-256 16224 -48
-176 16144 -112
-96 16144 208
-96 16128 272
-160 16128 48
-160 16160 48
-336 16128 128
-304 16112 112
-400 16160 144
-336 16144 176
-336 16144 192
-320 16112 192
-512 16192 256
-464 16192 432
-320 16256 32
-320 16288 64
-352 16288 128
-176 16176 128
-112 16224 -64
-192 16160 0
-288 16224 160
-288 16224 128
-320 16192 128
-336 16144 80
-288 16144 -80
-80 16144 48
-80 16176 192
-176 16176 320
-112 16112 320
-112 16304 -16
-272 16256 128
-112 16320 48
-64 16256 240
-64 16208 320
-144 16208 320
-224 16224 176
-256 16240 112
-128 16224 208
-224 16160 320
-224 16160 336
-352 16208 336
-368 16288 448
-368 16272 256
-352 16240 160
-352 16304 224
-272 16304 224
-176 16256 208
-192 16192 112
-208 16144 176
-16 16096 96
-16 16160 224
-320 16160 144
-288 16256 144
-400 16224 16
-368 16160 -112
-368 16192 144
-272 16192 32
-208 16144 32
-224 16192 416
-224 16160 512
-272 16176 320
-288 16192 240
-288 16192 288
-336 16144 288
-224 16144 208
-288 16240 288
-208 16224 160
-208 16224 80
-64 16176 80
