startup(x,y,z):(-176,16144,160)
-5184 16048 -2800
-3104 16112 -976
-1104 16112 -976
-1744 16464 976
-608 16784 2592
352 16512 -528
352 16544 -672
576 16352 608
256 16352 608
-352 16512 240
-848 16080 752
-1248 16240 1024
-1824 16304 16
-1632 16400 -464
-1632 16400 -1024
-928 16400 64
-480 16320 64
-16 16160 272
48 15952 1136
-256 16256 176
-112 16240 528
-112 16240 -768
448 16176 -768
192 16176 -1152
336 16144 416
-32 16112 -16
-224 16080 1248
-128 16096 1264
-176 16096 288
-176 16096 -528
-80 16096 64
0 16176 64
-128 16256 128
-640 16432 1280
-464 16816 272
32 16544 -160
144 16256 -624
16 16080 -336
16 16080 32
32 16048 32
-272 16288 368
-576 16256 384
-432 16272 208
-288 16272 -128
-400 16400 -128
-256 16240 176
-240 16304 80
-80 16288 176
-32 16240 96
-32 16224 352
-368 16224 336
-288 16256 336
-256 16208 448
-240 16192 224
-240 16144 80
-256 16256 48
-256 16208 -144
-176 16208 384
-272 16208 384
-240 16240 0
-176 16176 144
-144 16144 -16
-144 16208 -160
-240 16208 -160
-128 16240 80
-176 16224 144
-304 16160 48
-320 16208 -160
-320 16240 -176
-288 16240 16
-368 16208 16
-368 16256 112
-224 16208 -48
-208 16176 -112
-192 16224 -16
-192 16272 64
-224 16272 64
-320 16160 160
-432 16144 80
-416 16144 224
-384 16224 144
-336 16240 176
-304 16320 208
-304 16320 336
-256 16416 336
-320 16320 112
-368 16256 320
-336 16224 -48
-336 16224 -16
-96 16192 128
-240 16176 128
-496 16272 144
-416 16240 240
-304 16256 288
-192 16256 176
-192 16208 256
-288 16208 256
-240 16224 32
-112 16208 -192
-368 16304 0
-368 16272 256
-464 16272 48
-272 16256 48
-352 16240 160
-320 16160 304
-448 16160 384
-352 16144 432
-272 16160 192
-272 16160 48
-272 16256 48
-224 16160 144
-304 16240 304
-304 16160 176
-304 16096 208
-208 16096 208
-352 16160 544
-352 16160 528
-368 16112 672
-464 16128 304
-384 16096 112
-384 16096 336
-288 16144 208
-256 16176 208
-176 16224 128
-336 16208 160
-256 16240 144
-288 16256 160
-288 16304 176
-272 16304 176
-288 16224 448
-208 16176 368
-208 16176 224
-304 16224 224
-304 16144 416
-176 16192 144
-240 16192 144
-240 16096 96
-272 16256 -48
-160 16256 128
-208 16272 160
-208 16272 32
-144 16160 48
-272 16160 -160
-256 16176 -160
-256 16208 -80
-336 16224 176
-336 16176 64
-336 16176 240
-64 16112 240
-208 16192 208
-240 16224 320
-400 16208 192
-400 16176 192
-512 16176 192
-432 16208 192
-432 16272 144
-368 16288 80
-288 16192 64
-288 16240 -80
-144 16240 64
-144 16192 64
-256 16176 272
-288 16272 32
-304 16256 80
-304 16256 96
-240 16288 96
-304 16256 96
-496 16160 48
-448 16144 224
-352 16160 304
-256 16240 320
-256 16240 400
-128 16240 160
-128 16176 160
-288 16144 128
-272 16240 32
-512 16256 80
-384 16224 48
-384 16272 160
-288 16272 128
-320 16208 128
-336 16288 32
-240 16256 128
-304 16208 240
-304 16128 416
-272 16128 416
-304 16144 336
-384 16160 192
-384 16192 32
-384 16240 32
-336 16176 176
-336 16208 -128
-288 16208 -128
-288 16240 16
-224 16176 272
-112 16224 80
-112 16128 272
-128 16032 304
-192 16032 304
-288 16080 144
-272 16128 48
-336 16080 48
-272 16144 176
-16 16144 240
-240 16144 -48
-176 16272 -48
-192 16192 128
-224 16224 48
-208 16240 80
-208 16192 192
-368 16192 192
-320 16176 -112
-224 16160 -16
-304 16144 64
-336 16128 -128
-336 16192 -32
-352 16240 16
-256 16240 -240
-224 16224 -176
-336 16320 -64
-320 16224 -304
-368 16224 -64
-304 16208 16
-304 16208 -64
-192 16256 -64
-144 16240 -32
-144 16096 144
-288 16192 176
-256 16272 240
-256 16240 272
-224 16240 272
-256 16240 256
-240 16224 144
-304 16256 432
-384 16240 16
-384 16240 192
-144 16160 192
-336 16240 16
-352 16272 224
-272 16240 496
-400 16240 304
-400 16208 224
-224 16208 224
-128 16192 176
-176 16240 224
-160 16256 512
-272 16256 448
-272 16176 336
-288 16176 336
-256 16160 256
-208 16160 144
-384 16192 176
-208 16144 256
-208 16224 208
-384 16224 208
-320 16160 336
-96 16192 352
-208 16208 320
-208 16176 288
-208 16176 112
-144 16128 112
-240 16240 144
-208 16224 160
-176 16256 -176
-64 16160 -16
-208 16144 -16
-208 16144 80
-288 16224 80
-256 16144 80
-336 16224 128
-336 16192 -80
-240 16048 144
-240 16144 272
-224 16144 272
-176 16144 320
-112 16240 320
-224 16288 352
-224 16272 352
-192 16224 176
-192 16224 400
-272 16240 400
-240 16240 112
-272 16208 176
-272 16208 368
-384 16224 224
-192 16224 80
-80 16144 80
-240 16304 -16
-32 16160 -96
-32 16144 48
-112 16144 -224
-192 16176 -224
-320 16304 -256
-352 16352 80
-272 16176 272
-272 16208 -128
-288 16272 256
-144 16272 -192
-208 16352 -192
-496 16208 -112
-400 16128 160
-304 16080 272
-304 16128 160
-368 16128 160
-352 16160 112
-256 16128 448
-368 16240 32
-368 16304 272
-400 16304 304
-272 16224 160
-352 16320 160
-224 16256 -16
-160 16224 -112
-288 16208 272
-272 16256 352
-272 16256 400
-272 16192 400
-112 16208 288
-96 16144 224
-64 16176 -64
-192 16160 48
-304 16176 256
-224 16176 80
-224 16176 80
-144 16256 -16
-144 16288 -16
-64 16208 176
-352 16128 256
-320 16176 160
-320 16176 -48
-400 16192 -48
-416 16208 192
-352 16272 304
-224 16256 240
-272 16176 240
-272 16192 -48
-256 16192 -48
-320 16208 112
-512 16240 240
-432 16208 256
-224 16192 192
-224 16192 224
-288 16208 224
-208 16208 112
-272 16240 336
-240 16208 384
-304 16224 128
-304 16096 -64
-240 16096 -64
-288 16240 16
-336 16272 -96
-256 16272 -64
-256 16272 -64
-288 16272 -16
-336 16288 -16
-256 16288 48
-224 16288 160
-320 16240 128
-304 16144 368
-304 16224 224
-128 16224 96
-128 16160 96
-80 16224 16
240 16208 160
208 16192 32
-32 16288 288
-32 16176 304
-32 16176 160
-128 16272 160
-176 16304 144
-272 16320 144
-320 16336 48
-304 16320 112
-304 16320 512
-352 16256 512
-176 16208 416
-144 16224 384
-128 16288 80
-128 16208 256
-304 16208 208
-144 16208 208
-288 16192 176
-512 16176 400
-576 16176 416
-480 16224 320
-480 16224 208
-368 16224 208
-336 16224 -48
-304 16176 176
-176 16112 -80
-256 16112 0
-256 16112 -48
-336 16112 -48
-336 16160 432
-176 16144 480
-304 16240 32
-208 16144 -16
-208 16144 144
-80 16144 144
32 16144 128
-128 16192 384
-384 16208 416
-336 16160 192
-336 16160 192
-416 16128 224
-368 16176 224
-256 16192 -32
-160 16192 48
-192 16144 160
-192 16208 256
-416 16208 256
-464 16192 224
-384 16208 32
-384 16192 160
-336 16144 160
-336 16160 320
-320 16224 96
-320 16224 16
-240 16208 16
-176 16160 -64
-144 16224 -80
-272 16240 208
-272 16304 208
-320 16304 208
-224 16256 80
-240 16176 208
-256 16176 272
-224 16208 320
-384 16224 48
-384 16272 240
-448 16272 240
-400 16240 240
-256 16224 -128
-224 16224 -256
-224 16224 96
-224 16224 208
-176 16256 144
-144 16224 144
-144 16208 32
-272 16256 208
-80 16112 48
-224 16048 240
-224 16080 480
-352 16080 224
-288 16128 48
-208 16144 16
-96 16160 128
-96 16160 -96
-96 16160 176
-288 16224 176
-160 16240 304
-64 16176 192
-224 16256 128
-176 16224 80
-224 16192 160
-224 16192 -48
-144 16192 192
-144 16208 192
-192 16192 128
-304 16208 48
-480 16176 320
-480 16208 96
-480 16144 240
-320 16144 240
-384 16160 320
-496 16288 400
-400 16192 352
-256 16112 272
-256 16144 480
-352 16144 496
-288 16096 496
-304 16192 288
-288 16208 240
-112 16176 224
-112 16176 320
-192 16176 320
-288 16240 528
-352 16192 528
-288 16144 304
-352 16192 192
-304 16176 144
-304 16176 160
-192 16176 160
-192 16240 416
-176 16192 272
-144 16144 192
-176 16160 288
-176 16160 240
-320 16160 384
-288 16160 384
-304 16224 176
-208 16192 320
-256 16144 -16
-256 16176 208
-368 16176 208
-368 16192 144
-384 16192 96
-432 16208 192
-320 16160 144
-320 16160 256
-272 16224 384
-384 16224 384
-368 16176 624
-208 16192 368
-192 16256 288
-304 16240 240
-304 16240 48
-288 16240 112
-336 16192 112
-320 16192 -112
-256 16128 208
-336 16240 208
