startup(x,y,z):(-320,16160,160)
-9888 14368 -1264
-9664 17104 -1424
-5856 16784 -1840
-4320 15744 368
-3440 16608 1632
-1872 16176 -64
-1872 16192 -1488
128 16192 -1488
-112 16128 -848
-448 16576 1008
-656 16272 -16
-448 16448 2032
-448 16448 784
-464 15920 784
-752 15792 -560
-368 15760 -1488
560 15472 656
-192 15696 -1728
-192 15696 2368
-640 15696 2368
-336 16080 208
-928 16288 80
-432 16144 368
-160 15984 -416
-160 15984 1056
-512 16016 -144
-880 16048 -144
-944 16000 432
-256 16048 432
-272 15984 -272
-224 16064 -528
-224 16064 16
-400 16208 16
-784 16064 224
-736 16160 464
-768 16176 512
-768 16192 448
-736 16192 448
-512 16112 144
-720 16208 368
-368 16240 0
-416 16256 -128
-464 16224 -16
-464 16224 256
-448 16240 256
-400 16224 464
-368 16320 -176
-288 16224 80
-288 16208 -384
-96 16208 -144
-160 16208 208
-416 16192 208
-352 16128 176
-288 16112 480
-80 16192 256
-80 16240 0
-176 16240 0
-144 16224 -192
-128 16096 -16
-208 16096 176
-320 16208 464
-320 15952 432
-256 16048 432
-240 16176 448
-272 16192 144
-160 16128 128
-176 16144 288
-240 16128 256
-240 16128 240
-144 16064 240
-272 16080 208
-304 16144 288
-256 16160 0
-256 16160 32
-128 16160 -64
-240 16176 -32
-224 16176 -32
-288 16240 368
-176 16128 320
-176 16192 224
-176 16192 96
-304 16240 96
-336 16256 128
-352 16128 80
-128 16272 80
-192 16224 96
-192 16240 416
-304 16240 464
-368 16208 464
-320 16240 320
-416 16240 208
-416 16192 144
-416 16192 -256
-240 16192 -256
-128 16176 32
-160 16080 64
-96 16144 480
-144 16176 672
-208 16176 544
-176 16144 224
-112 16096 144
-112 16144 304
-80 16144 304
-336 16272 400
-256 16176 672
-304 16176 256
-304 16128 256
-448 16128 -96
-416 16144 -96
-464 16336 144
-112 16352 -208
-64 16176 0
-224 16192 48
-304 16192 -64
-304 16192 -288
-256 16336 -288
-208 16240 -144
-368 16288 112
-272 16208 112
-272 16320 -128
-112 16320 -128
-480 16384 -192
-752 16272 416
-640 16272 -64
-560 16320 224
-560 16064 -144
-544 16064 -144
-448 16112 32
-432 16016 -80
-336 16144 128
-336 16096 128
-400 16096 -384
-624 16224 -384
-592 16176 304
-448 16224 96
-288 16288 144
-352 16224 -48
-352 16224 0
-144 16224 0
-160 16192 -48
-160 16208 0
-224 16256 272
-224 16144 64
-256 16144 288
-208 16224 288
-288 16208 0
-256 16160 272
-272 16224 176
-240 16192 448
-304 16176 304
-304 16176 -192
-240 16208 -192
-256 16192 -160
-304 16160 256
-336 16160 64
-352 16144 -64
-352 16144 240
-448 16176 240
-352 16144 112
-384 16144 0
-288 16192 80
-448 16112 48
-448 16144 208
-400 16144 208
-256 16224 176
-432 16288 208
-224 16096 224
-288 16064 160
-288 16128 80
-176 16128 304
-224 16112 304
-144 16144 160
-208 16128 336
-224 16144 352
-224 16128 224
-176 16128 224
-224 16320 160
-464 16304 160
-576 16272 0
-352 16240 128
-352 16240 160
-240 16240 160
-64 16192 240
-32 16176 320
-160 16160 416
-416 16208 416
-336 16208 160
-272 16160 160
-320 16208 96
-208 16224 256
-208 16224 208
-208 16160 320
-272 16160 208
-272 16112 208
-432 16144 416
-224 16128 96
-224 16176 176
-288 16176 368
-288 16160 272
-208 16160 272
-272 16176 320
-320 16208 368
-352 16048 192
-256 16080 208
-256 16080 240
-208 16112 240
-256 16208 -96
-192 16208 80
-128 16160 80
-288 16208 224
-288 16208 208
-384 16192 208
-272 16112 288
-96 16144 112
-96 16224 160
-96 16240 80
-160 16240 176
-48 16144 176
-160 16160 288
-96 16128 320
-96 16144 192
-144 16192 256
-144 16192 432
-320 16208 432
-96 16208 160
-224 16240 528
-320 16224 336
-320 16256 288
-592 16160 128
-400 16160 128
-368 16288 160
-272 16208 208
-400 16208 96
-352 16160 80
-352 16160 -128
-384 16128 -128
-320 16208 -64
-432 16160 160
-304 16160 224
-304 16128 272
-272 16192 352
-336 16192 352
-128 16208 272
-176 16288 240
-128 16288 288
-80 16224 320
-80 16224 368
-128 16224 368
-256 16208 272
-480 16240 480
-416 16224 240
-416 16176 128
-272 16176 128
-224 16144 320
-256 16160 352
-208 16176 208
-288 16208 512
-288 16176 112
-240 16176 -16
-432 16192 -16
-240 16192 -80
-352 16224 112
-224 16224 16
-224 16176 208
-368 16176 -48
-304 16208 -112
-480 16192 -176
-416 16160 96
-224 16176 -96
-128 16192 96
-128 16160 96
-320 16160 96
-304 16160 -128
-320 16160 32
-256 16192 96
-288 16224 192
-288 16224 64
-320 16144 64
-304 16192 128
-384 16256 96
-528 16224 -16
-352 16176 112
-352 16192 80
-272 16192 80
-528 16208 272
-368 16224 -160
-160 16256 -272
-160 16160 96
-288 16160 0
-192 16176 0
-352 16208 240
-288 16176 -80
-208 16192 160
-256 16240 176
-208 16096 336
-208 16064 320
-240 16064 320
-240 16144 272
-272 16176 464
-384 16192 272
-416 16160 368
-416 16064 224
-320 16064 320
-224 16256 288
-256 16272 288
-192 16208 304
-304 16240 368
-208 16224 448
-208 16224 160
-304 16208 160
-224 16176 352
-224 16096 448
-144 16160 672
-144 16224 288
-224 16224 208
-160 16208 208
-256 16192 96
-272 16272 128
-272 16224 -144
-400 16160 16
-400 16096 64
-304 16096 64
-256 16176 240
-208 16208 384
-192 16272 336
-320 16192 208
-320 16192 176
-176 16128 176
-288 16240 304
-336 16320 208
-368 16336 96
-272 16288 -112
-272 16208 -208
-208 16208 -208
-256 16176 144
-352 16176 160
-224 16112 272
-192 16096 384
-192 16224 320
-192 16192 64
-320 16144 240
-288 16176 32
-288 16176 176
-352 16144 176
-320 16176 0
-272 16192 48
-240 16240 112
-240 16224 272
-256 16224 272
-224 16144 528
-272 16176 208
-208 16208 64
-272 16208 256
-240 16240 288
-240 16208 96
-336 16208 96
-336 16208 128
-272 16160 288
-288 16192 -16
-288 16208 96
-288 16160 128
-176 16160 128
-192 16096 272
-240 16128 224
-272 16224 144
-368 16192 208
-368 16160 336
-336 16160 336
-448 16176 112
-288 16208 96
-416 16160 304
-336 16144 368
-336 16192 -64
-240 16192 32
-144 16144 160
-256 16144 160
-288 16208 -64
-240 16112 0
-272 16128 -16
-272 16128 224
-320 16160 224
-224 16128 224
-288 16160 432
-208 16160 480
-336 16112 320
-224 16176 48
-192 16160 -16
-208 16160 128
-208 16160 176
-320 16192 176
-400 16272 -48
-128 16256 -32
-256 16192 240
-256 16192 304
-240 16256 96
-272 16176 96
-112 16176 304
-192 16160 224
-304 16240 240
-16 16224 128
-16 16208 256
-192 16208 256
-272 16240 64
-480 16208 64
-176 16192 32
-176 16112 192
-112 16096 144
-80 16096 144
-96 16128 128
-240 16192 112
-160 16144 128
-144 16176 320
-176 16224 224
-176 16224 416
-128 16176 416
-160 16176 352
-224 16144 352
-176 16176 128
-192 16176 352
-192 16176 272
-176 16240 272
-256 16224 96
-320 16128 288
-192 16128 80
-304 16096 48
-304 16064 256
-240 16064 -16
-208 16112 -16
-240 16176 -16
-304 16208 192
-352 16192 192
-352 16224 96
-256 16224 -96
-240 16256 -16
-208 16208 160
-112 16208 160
-128 16144 224
-256 16224 144
-240 16192 80
-240 16176 -80
-272 16176 16
-256 16160 16
-272 16160 160
-304 16128 272
-272 16240 176
-272 16208 96
-288 16160 160
-288 16160 -240
-192 16144 -240
-224 16192 0
-320 16176 208
-304 16224 16
-304 16240 -256
-160 16240 -256
-320 16176 80
-368 16192 288
-384 16240 208
-336 16240 208
-304 16192 112
-304 16160 400
-304 16160 400
-240 16144 304
-176 16208 304
-176 16128 496
-176 16192 336
-144 16192 96
-128 16208 96
-128 16272 96
-320 16256 192
-208 16176 16
-288 16240 -64
-416 16208 -48
-416 16208 16
-288 16272 16
-272 16128 128
-352 16144 32
-336 16160 240
-336 16128 288
-368 16176 112
-352 16176 112
-224 16160 128
-144 16192 272
-160 16160 272
-208 16160 32
-400 16128 128
-384 16192 256
-384 16192 416
-464 16208 416
-384 16192 384
-512 16208 288
-304 16144 336
-416 16208 192
-416 16208 144
-240 16208 -64
-256 16160 -64
-304 16160 208
-240 16192 144
-272 16192 480
-272 16144 592
-336 16144 592
-288 16208 336
-416 16160 272
-336 16256 128
-416 16272 128
-416 16224 80
-352 16256 224
-352 16256 240
-464 16256 240
-352 16224 224
-256 16176 48
-192 16144 336
-192 16144 272
