startup(x,y,z):(656,16192,224)
16464 14704 5904
9888 15664 4080
-5328 15536 9392
-19008 20960 -2176
6384 24320 -3856
19520 16656 -784
-17024 20048 -8592
19344 17968 -4224
-6640 18336 14208
10816 15632 9264
-1072 14912 11440
-80 14800 7600
-7344 15824 -688
-7344 15824 -5248
-2416 16352 -5248
-3680 16992 -5488
-3072 16752 -4032
-1600 16880 -2960
-2688 16704 -3376
-2688 16496 784
-3776 16960 -1024
-1760 17008 3888
1072 16272 5024
-2944 15856 4368
608 16016 1648
-416 16128 -576
-416 16128 80
-576 16160 80
-880 16240 -192
544 16016 -1568
192 16112 -1200
-464 16160 -768
-464 16160 -720
-720 16208 -720
-1040 16032 864
272 15904 864
64 16032 1360
1216 16112 1280
1328 16240 256
816 16256 96
816 16256 144
96 16320 144
880 16272 -1104
320 16320 -768
512 16336 80
832 16224 528
32 16176 880
32 16160 128
608 16160 128
1136 16096 -768
480 16176 0
848 16192 -400
624 16176 320
624 16096 -16
896 16096 -128
336 16240 -128
1008 16144 -16
512 16112 528
480 16112 720
544 16128 896
480 16128 176
480 16128 -480
544 16160 -480
352 16224 -336
608 16256 -768
720 16192 -656
720 16160 -400
1264 16160 96
1008 16096 96
544 16160 976
704 16128 1248
816 16128 816
720 16224 528
976 16304 -144
992 16304 0
720 16320 0
704 16256 -112
512 16256 -416
848 16288 -560
848 16208 128
560 16208 128
736 16256 672
672 16176 656
480 16208 976
544 16224 624
576 16192 272
576 16160 128
560 16160 -544
704 16208 -544
752 16240 -624
608 16272 -400
464 16208 16
736 16208 128
736 16272 256
544 16192 336
656 16192 80
736 16096 240
560 16112 176
576 16240 336
576 16160 224
624 16144 -64
672 16144 -304
496 16192 -304
768 16208 -800
560 16144 -432
576 16160 288
688 16128 304
640 16144 416
640 16192 464
560 16192 464
576 16192 80
576 16176 288
480 16192 464
608 16256 240
608 16256 64
560 16320 64
496 16208 -80
496 16192 -48
416 16144 32
448 16176 304
704 16224 288
704 16224 368
512 16192 368
576 16192 352
736 16144 -32
512 16192 -48
592 16160 -112
592 16160 64
656 16144 64
768 16192 192
608 16160 464
640 16144 240
656 16192 -160
656 16208 64
672 16208 112
656 16208 112
672 16320 160
544 16240 112
656 16192 96
624 16048 64
608 16176 128
576 16176 128
720 16144 64
720 16192 64
496 16144 32
496 16144 176
656 16160 176
496 16176 176
576 16176 208
608 16272 320
608 16240 384
384 16240 496
400 16192 496
512 16240 480
496 16240 336
544 16208 400
544 16208 240
368 16160 240
528 16208 144
432 16160 208
496 16208 272
640 16288 448
640 16176 336
752 16176 336
704 16096 368
656 16176 400
768 16176 224
768 16160 144
704 16160 80
672 16176 80
640 16128 64
656 16176 16
848 16112 32
576 16128 16
576 16144 160
480 16144 16
560 16192 16
560 16128 -16
496 16128 -48
672 16160 80
672 16160 128
576 16144 128
512 16160 32
560 16032 -16
656 16032 -96
592 16096 -128
592 16160 -48
608 16144 0
464 16144 0
480 16160 96
528 16176 80
560 16176 208
560 16208 592
592 16208 592
496 16256 224
656 16176 320
688 16144 464
688 16160 128
688 16160 96
800 16160 96
816 16192 96
672 16192 112
608 16160 -32
560 16144 160
560 16144 160
592 16176 160
624 16160 224
544 16144 368
544 16144 224
512 16128 192
512 16128 336
416 16080 304
432 16176 432
512 16144 432
464 16144 368
496 16144 656
560 16176 432
736 16176 400
736 16176 272
672 16192 272
624 16176 -128
528 16240 -80
528 16272 64
560 16240 272
560 16240 272
672 16224 0
576 16272 288
688 16192 304
672 16128 272
672 16128 288
736 16160 288
608 16096 160
640 16064 128
688 16096 176
656 16160 208
656 16208 144
720 16208 144
656 16128 192
816 16112 80
752 16080 272
784 16096 464
784 16128 96
768 16128 48
768 16192 48
704 16176 176
560 16176 144
560 16144 64
720 16144 64
720 16304 64
640 16240 96
688 16192 208
688 16160 176
544 16160 176
656 16160 304
688 16176 272
624 16144 320
640 16176 304
640 16224 304
624 16224 304
560 16256 304
592 16224 144
592 16256 -16
464 16240 112
464 16240 304
464 16256 304
352 16240 352
480 16160 192
512 16160 448
432 16112 400
432 16112 160
672 16080 160
640 16096 64
624 16160 176
640 16176 96
640 16144 112
672 16144 112
480 16160 128
624 16096 144
736 16128 144
640 16128 304
640 16096 192
736 16096 192
496 16160 272
576 16128 112
608 16176 256
624 16160 256
624 16160 208
672 16128 208
752 16096 352
752 16112 -32
736 16208 64
736 16288 144
624 16288 80
672 16272 80
640 16256 16
624 16224 96
592 16176 16
592 16176 336
640 16176 336
768 16256 288
720 16176 496
640 16144 448
640 16240 288
672 16240 240
704 16176 240
768 16144 240
480 16176 256
544 16288 176
544 16288 144
592 16144 144
704 16144 112
640 16304 112
672 16288 176
672 16176 256
432 16176 256
544 16272 288
592 16240 560
592 16256 560
672 16224 496
512 16224 400
512 16208 64
512 16224 16
576 16224 16
528 16176 224
608 16176 144
592 16176 96
592 16192 96
512 16192 160
496 16208 160
544 16224 128
608 16224 128
592 16224 176
560 16256 144
560 16256 160
576 16224 160
736 16096 80
656 16096 160
880 16128 224
880 16128 80
800 16128 80
576 16128 80
608 16144 -144
496 16240 -112
496 16192 320
480 16192 224
640 16128 224
608 16144 112
592 16176 256
672 16128 272
672 16128 336
880 16144 336
736 16112 272
592 16112 112
592 16160 160
592 16160 224
640 16160 176
592 16208 176
544 16192 16
544 16208 -32
656 16272 -96
656 16272 64
832 16160 64
704 16144 272
608 16192 -144
432 16176 224
432 16176 176
496 16176 368
608 16112 368
576 16144 464
560 16208 384
560 16176 336
688 16176 336
576 16176 320
624 16160 128
688 16080 128
688 16128 176
672 16128 192
784 16224 192
688 16176 288
800 16240 144
768 16272 240
768 16240 176
784 16240 176
480 16240 176
560 16160 432
576 16288 288
576 16240 224
784 16240 224
688 16160 128
640 16160 256
736 16128 368
592 16144 224
592 16144 320
512 16144 320
304 16128 336
320 16144 464
512 16128 448
512 16160 368
528 16160 368
608 16208 224
640 16144 160
720 16160 224
672 16144 96
608 16096 160
432 16128 240
464 16224 16
768 16272 192
768 16272 192
592 16336 368
624 16272 144
672 16224 272
720 16240 304
704 16176 160
704 16128 256
672 16128 256
640 16128 192
592 16160 112
640 16160 240
656 16160 256
512 16192 416
688 16112 160
688 16160 208
832 16160 208
736 16224 224
544 16192 304
688 16208 432
640 16208 288
640 16112 144
640 16112 272
624 16032 272
720 16080 128
672 16176 80
624 16256 192
624 16176 144
640 16176 144
640 16240 272
624 16208 144
528 16288 48
560 16208 64
560 16144 304
592 16144 304
384 16208 160
736 16192 352
592 16144 384
544 16128 304
544 16128 208
592 16160 208
736 16176 432
768 16176 368
688 16144 352
688 16208 208
624 16208 -112
672 16208 -112
704 16176 16
720 16144 -240
784 16112 -64
768 16176 48
768 16176 -208
736 16192 -208
800 16160 -48
688 16144 272
720 16208 160
672 16192 320
672 16192 304
560 16128 304
592 16096 352
688 16064 224
592 16144 320
592 16160 192
656 16160 192
528 16160 320
640 16112 176
544 16128 272
416 16144 288
416 16208 288
576 16208 528
640 16240 528
416 16208 336
336 16208 352
624 16176 368
624 16160 384
624 16160 384
528 16080 432
544 16064 544
544 16176 96
496 16128 240
496 16128 112
640 16144 112
640 16144 480
496 16192 240
496 16208 384
560 16208 224
672 16160 224
592 16192 320
704 16144 352
496 16128 288
496 16128 64
416 16080 64
640 16112 128
656 16144 -32
784 16016 144
672 16064 112
672 16064 352
736 16080 352
688 16112 176
480 16160 80
544 16144 112
544 16144 112
592 16160 112
480 16160 208
528 16144 128
560 16240 144
