startup(x,y,z):(640,16160,272)
112 16176 1024
704 16256 -1088
592 16256 -1424
432 16320 -1232
816 16192 -1280
784 16224 -1280
592 16240 -944
704 16160 96
560 16080 1120
688 16096 1440
688 16096 1264
768 16064 1264
880 16096 784
544 16112 -96
736 16112 -528
736 16160 -448
736 16128 -448
720 16240 64
848 16192 416
608 16160 624
608 16112 576
544 16112 576
400 16064 416
496 16128 32
752 16256 -384
848 16224 -560
832 16192 -352
672 16112 -16
672 16128 224
624 16128 224
736 16144 432
640 16160 592
624 16208 800
608 16176 512
608 16208 0
592 16208 0
640 16144 -192
736 16176 -240
688 16208 -544
688 16208 -256
656 16192 48
592 16176 368
592 16176 528
672 16128 528
768 16192 464
624 16224 352
528 16192 208
528 16128 -160
640 16128 -368
752 16096 -368
672 16112 -160
752 16160 208
528 16160 208
576 16080 208
688 16128 144
592 16160 240
592 16224 256
656 16224 96
512 16176 0
704 16176 48
768 16208 128
752 16240 176
608 16208 304
608 16176 224
608 16176 272
528 16192 272
560 16160 112
640 16272 -16
672 16224 160
672 16256 64
848 16256 -96
688 16208 -96
704 16192 272
656 16192 336
608 16144 528
656 16160 576
624 16176 336
624 16176 272
672 16192 272
624 16208 112
512 16224 -96
384 16224 160
416 16208 112
416 16208 128
352 16144 224
416 16080 416
528 16080 464
640 16112 464
640 16144 304
752 16144 272
784 16160 96
784 16160 -48
640 16256 -48
544 16240 32
640 16112 320
464 16128 176
1024 16144 144
880 16176 288
832 16272 432
800 16224 368
688 16160 208
688 16160 192
592 16224 192
688 16128 464
656 16128 400
640 16192 144
624 16224 96
624 16224 144
576 16208 176
784 16208 -48
912 16176 -48
992 16048 -80
976 16080 -16
816 16224 -96
816 16224 64
848 16144 -176
560 16192 -176
480 16240 0
384 16256 -32
448 16208 304
592 16208 48
512 16176 320
512 16192 288
384 16192 304
304 16144 304
304 16272 512
304 16192 240
336 16192 416
688 16256 112
688 16256 80
624 16144 80
1136 16160 144
672 16176 144
688 16240 48
496 16240 64
656 16192 112
656 16144 -208
544 16144 -208
752 16192 -368
592 16176 -400
592 16208 32
496 16192 160
656 16208 112
768 16160 192
672 16144 112
528 16160 208
528 16208 208
624 16208 96
816 16112 96
560 16112 192
704 16096 352
656 16160 304
608 16144 272
608 16144 304
640 16192 304
544 16128 288
704 16144 64
528 16144 432
528 16160 320
608 16160 320
704 16128 320
736 16176 112
768 16144 -64
800 16032 32
720 16096 -64
720 16096 272
608 16160 272
528 16128 192
576 16064 384
592 16160 224
592 16208 -64
528 16208 208
480 16176 208
368 16192 224
512 16208 96
496 16176 320
640 16176 336
576 16176 272
704 16160 272
752 16224 96
944 16320 48
784 16288 128
784 16240 80
496 16240 80
592 16144 0
560 16192 64
528 16224 112
592 16240 112
592 16288 272
624 16288 368
736 16160 368
704 16192 304
688 16208 96
768 16176 -144
768 16192 112
528 16192 -80
576 16144 -80
576 16128 -32
544 16128 144
544 16064 448
544 16128 224
576 16128 176
560 16160 176
656 16128 128
736 16176 272
688 16192 240
688 16240 -208
704 16240 -208
560 16112 256
592 16128 -32
560 16160 224
592 16208 144
592 16240 256
528 16240 256
576 16144 320
592 16144 224
560 16176 304
400 16080 272
400 16080 304
400 16048 304
544 16016 144
528 16128 48
592 16144 48
608 16176 80
608 16176 80
768 16128 80
672 16160 16
736 16160 32
672 16064 256
672 16064 208
688 16064 208
624 16112 208
768 16160 192
688 16176 144
672 16208 128
672 16208 32
592 16208 64
656 16192 64
672 16176 96
624 16272 -64
608 16272 48
608 16256 48
576 16256 176
496 16176 176
528 16240 224
672 16240 112
624 16160 80
624 16256 272
720 16256 288
640 16192 288
640 16128 48
608 16240 224
624 16192 544
592 16160 352
592 16160 384
608 16144 384
608 16208 240
624 16128 208
688 16160 288
688 16128 224
560 16128 224
400 16176 256
400 16240 224
656 16208 288
688 16128 480
688 16160 512
720 16160 512
608 16144 304
576 16160 224
576 16096 176
576 16128 208
608 16128 -16
624 16160 -16
672 16192 -256
528 16144 -160
592 16048 -80
656 16112 224
656 16112 96
752 16192 96
688 16192 128
704 16096 96
512 16160 64
512 16224 144
608 16224 144
688 16144 272
736 16112 176
800 16160 288
736 16112 176
736 16160 272
736 16160 288
784 16160 288
592 16288 176
704 16192 368
672 16192 -48
672 16160 -208
608 16160 -208
592 16144 -32
512 16256 48
784 16176 112
768 16192 128
768 16192 -16
768 16176 -16
656 16176 -112
736 16144 32
656 16208 128
656 16208 320
640 16240 320
640 16224 224
640 16256 64
640 16208 176
720 16288 160
720 16192 176
608 16192 176
480 16144 208
496 16112 96
768 16160 16
768 16176 144
576 16176 144
544 16256 144
592 16224 192
656 16096 80
800 16144 32
800 16160 -32
736 16160 96
736 16112 96
512 16144 240
448 16208 384
608 16160 416
608 16160 320
576 16160 320
608 16224 176
720 16160 320
752 16016 272
672 16096 288
672 16096 336
704 16192 336
672 16192 80
720 16176 48
560 16128 304
592 16176 224
592 16176 -64
624 16224 -64
608 16128 64
640 16144 144
656 16288 -16
624 16208 112
624 16208 112
592 16256 112
608 16192 480
624 16208 304
688 16208 192
688 16160 160
704 16160 160
800 16176 160
720 16256 128
624 16240 384
672 16208 224
672 16256 352
704 16256 352
736 16192 544
720 16176 560
752 16144 160
640 16176 64
640 16176 144
672 16176 144
608 16256 112
624 16224 592
672 16192 384
672 16160 256
736 16160 48
816 16144 48
736 16144 96
816 16240 -96
640 16192 176
640 16192 -128
592 16192 144
560 16160 144
560 16144 160
656 16176 48
576 16160 80
576 16112 368
656 16112 272
608 16160 272
528 16176 240
592 16176 192
688 16224 96
608 16224 112
496 16144 96
720 16192 -80
688 16176 368
688 16176 176
704 16304 176
752 16256 208
640 16192 208
672 16176 304
560 16128 272
560 16176 128
656 16128 352
656 16112 432
656 16112 432
512 16176 208
480 16160 224
592 16128 400
608 16128 288
608 16128 304
704 16160 304
656 16160 272
592 16208 176
640 16192 400
576 16160 400
720 16112 208
720 16160 416
640 16160 160
576 16128 208
608 16144 16
640 16240 64
624 16160 16
624 16128 144
656 16128 144
688 16208 -336
608 16176 -80
624 16208 -48
528 16240 160
528 16240 112
672 16224 112
624 16288 128
512 16208 80
608 16224 96
608 16208 64
624 16256 112
640 16256 288
672 16144 576
592 16128 80
608 16160 -176
752 16192 -80
720 16224 64
608 16192 224
576 16192 288
576 16192 112
608 16160 112
448 16080 224
416 16112 256
432 16224 192
448 16176 112
656 16160 -48
624 16208 -96
624 16208 16
576 16272 16
528 16224 256
608 16144 144
480 16304 96
480 16208 144
576 16208 144
608 16272 144
560 16240 176
512 16192 144
640 16224 240
704 16128 416
896 16192 224
896 16192 176
736 16208 176
720 16224 336
688 16208 240
576 16112 160
576 16176 192
624 16176 304
688 16208 304
832 16192 224
768 16144 256
768 16112 96
736 16144 -176
736 16064 64
736 16064 160
592 16176 160
656 16176 48
528 16176 240
400 16240 304
496 16240 208
496 16176 256
592 16176 272
592 16176 80
496 16176 144
528 16240 144
576 16176 272
688 16208 528
592 16224 96
608 16192 176
608 16192 192
560 16224 192
512 16288 192
400 16208 -32
624 16240 128
720 16128 272
720 16112 304
720 16272 176
688 16272 176
448 16192 240
560 16144 208
576 16160 16
512 16144 192
512 16144 48
688 16096 48
704 16128 80
608 16112 144
624 16144 160
784 16080 -176
784 16128 32
784 16128 96
848 16128 96
656 16112 272
784 16160 240
704 16128 224
