startup(x,y,z):(560,16192,160)
15024 16224 2000
4800 16128 1472
992 16496 -480
-1712 16144 -2768
-2176 16128 -3008
3856 15968 -3472
-8400 16016 -160
-1952 15872 1792
-1952 15984 3184
-4512 15984 4320
80 15888 4320
576 15920 3920
1104 15872 3248
400 16096 576
1040 16240 -736
1040 16240 -2192
320 16240 -2192
496 16352 -3696
-1216 16448 -2720
736 16368 -1152
720 16352 384
1568 16160 2000
1568 16160 1888
464 16160 1888
576 16096 1856
160 16016 1184
256 16144 288
768 16144 16
768 16176 -400
848 16176 -656
512 16192 -976
944 16192 -240
496 16288 -240
528 16304 96
32 16240 576
32 16160 544
736 16160 1568
176 16064 816
512 16096 816
288 16192 -336
560 16208 -336
256 16272 -336
656 16320 176
496 16240 32
896 16240 352
624 16256 784
656 16176 672
656 16096 0
480 16112 368
352 16112 -32
832 16192 -32
208 16144 240
832 16208 128
368 16160 0
912 16128 -480
496 16192 -32
496 16192 240
544 16160 240
320 16112 704
592 16176 640
576 16176 464
576 16208 144
704 16208 144
560 16192 176
688 16144 -304
688 16112 -96
816 16096 176
816 16080 352
448 16080 352
448 16192 496
624 16176 240
688 16208 224
688 16240 224
736 16224 112
768 16224 112
880 16208 32
848 16256 -80
880 16208 -112
640 16176 96
640 16208 96
688 16208 240
640 16240 240
768 16208 512
624 16144 608
560 16192 352
560 16176 96
448 16176 64
592 16160 64
688 16144 -16
704 16080 -48
656 16128 32
672 16208 192
672 16208 208
560 16144 208
512 16240 128
304 16240 384
560 16176 512
560 16176 576
528 16176 208
704 16208 208
672 16224 -16
656 16160 -288
624 16160 -240
560 16160 -64
560 16144 224
400 16144 224
496 16176 352
512 16176 384
560 16208 192
384 16208 240
384 16208 320
576 16208 240
640 16176 64
656 16176 -256
480 16192 -256
528 16160 -192
624 16144 128
576 16128 224
576 16128 96
704 16176 96
688 16112 448
688 16144 448
656 16128 96
688 16160 -240
752 16208 -16
624 16176 0
624 16176 -112
592 16240 -112
560 16176 32
752 16176 208
672 16224 112
672 16240 48
704 16208 224
624 16160 336
688 16112 512
624 16176 480
672 16208 288
720 16208 288
672 16208 16
528 16256 -272
560 16160 0
560 16224 288
400 16224 288
560 16224 672
592 16144 624
544 16208 544
544 16208 160
608 16240 192
576 16256 432
576 16208 336
528 16208 496
528 16128 496
544 16128 288
560 16128 224
560 16176 160
592 16192 96
592 16192 -80
608 16240 -80
528 16256 144
544 16208 160
560 16144 64
560 16208 16
640 16176 48
640 16176 176
704 16176 176
656 16144 0
736 16128 128
624 16144 256
624 16176 320
624 16176 48
640 16224 48
544 16208 288
656 16240 288
592 16192 368
736 16224 336
592 16160 96
592 16144 -240
544 16144 -240
624 16080 16
608 16176 -64
688 16272 96
624 16288 -48
656 16256 352
640 16208 144
592 16160 -16
400 16192 96
400 16160 16
496 16160 16
432 16176 0
448 16160 112
544 16208 80
656 16144 -144
656 16304 48
752 16304 64
736 16224 288
576 16208 320
528 16176 320
624 16192 240
704 16176 320
672 16176 176
672 16176 304
656 16208 304
624 16176 400
576 16144 128
448 16176 288
416 16176 272
496 16096 352
656 16144 336
656 16160 336
576 16160 336
688 16240 224
624 16192 176
688 16208 80
688 16192 64
704 16192 272
704 16192 176
720 16160 176
560 16112 160
704 16208 160
576 16176 272
592 16144 400
592 16144 448
448 16144 448
560 16016 160
640 16192 112
656 16176 16
640 16208 -96
624 16160 48
704 16192 64
640 16192 208
608 16160 208
608 16160 400
672 16176 400
656 16064 192
560 16096 240
608 16128 -48
640 16176 224
640 16160 176
704 16160 176
688 16128 544
704 16208 480
752 16176 432
752 16096 240
800 16096 16
720 16096 -128
720 16096 -112
720 16224 -112
736 16128 272
576 16272 208
576 16224 400
464 16160 336
464 16080 432
560 16080 400
624 16064 368
560 16064 368
608 16112 368
816 16160 64
688 16208 112
688 16144 112
624 16144 112
640 16208 112
704 16192 -208
640 16160 -48
576 16160 160
576 16224 256
608 16192 304
560 16224 368
560 16176 544
592 16176 272
592 16144 272
640 16144 288
784 16176 224
768 16192 112
688 16208 112
592 16256 96
640 16208 320
656 16176 496
656 16224 304
768 16224 448
656 16176 448
656 16192 336
480 16176 288
608 16176 224
720 16080 304
720 16112 208
752 16112 64
784 16144 32
608 16144 0
608 16144 368
512 16144 368
688 16160 112
672 16128 64
544 16176 80
544 16176 96
720 16192 96
656 16144 -112
768 16224 -80
736 16144 128
720 16128 304
768 16128 288
768 16128 304
496 16128 32
640 16160 32
624 16272 32
528 16240 -16
528 16272 144
560 16272 16
656 16320 16
544 16224 208
496 16192 224
384 16160 288
496 16128 400
480 16112 608
480 16176 384
512 16176 368
560 16144 368
608 16192 192
416 16160 160
448 16144 416
448 16096 256
640 16128 144
672 16112 144
656 16176 224
656 16112 32
656 16112 32
544 16144 -32
576 16208 -64
752 16144 0
752 16176 -16
528 16144 128
560 16144 128
560 16096 368
480 16064 320
560 16112 224
672 16096 208
672 16128 -32
592 16128 48
560 16080 48
560 16048 64
512 16128 -32
496 16192 128
576 16144 192
576 16144 336
640 16144 336
528 16192 352
576 16160 320
592 16176 144
624 16176 208
592 16176 416
592 16160 528
592 16160 528
544 16224 208
576 16288 176
544 16192 272
592 16176 304
592 16160 272
608 16160 176
672 16096 80
624 16096 80
688 16112 160
672 16160 -176
640 16240 -96
640 16224 160
656 16224 160
672 16208 128
608 16240 240
768 16192 304
800 16160 336
656 16160 288
688 16192 176
816 16096 80
704 16096 256
704 16096 288
672 16080 288
608 16128 96
480 16208 -112
560 16128 64
560 16144 160
624 16144 160
464 16192 176
672 16192 128
720 16160 48
784 16208 -16
640 16192 -64
608 16192 96
608 16192 32
496 16144 32
512 16208 48
560 16176 96
480 16160 256
496 16144 224
496 16144 208
592 16144 208
784 16208 288
624 16272 288
640 16208 288
608 16144 112
592 16208 16
592 16208 144
576 16240 144
496 16224 352
560 16304 224
640 16240 -32
672 16208 80
592 16160 112
640 16080 112
640 16080 240
480 16224 240
512 16128 288
544 16208 304
672 16192 368
672 16208 352
640 16208 288
912 16128 288
784 16144 192
688 16160 112
496 16160 16
480 16192 384
576 16192 528
768 16288 400
768 16240 256
768 16240 80
704 16320 80
640 16304 176
656 16224 112
624 16256 224
624 16176 48
704 16176 -32
640 16176 192
704 16192 192
608 16240 192
528 16272 -16
880 16272 -16
880 16192 80
736 16192 80
832 16128 96
672 16128 176
768 16112 272
736 16112 240
736 16160 272
672 16128 240
672 16128 432
736 16080 432
672 16176 208
576 16224 256
656 16224 192
656 16224 192
544 16224 192
432 16224 80
496 16192 240
560 16240 480
656 16192 656
544 16160 -112
544 16160 48
704 16224 48
592 16224 144
560 16128 -112
512 16128 256
528 16192 256
528 16192 224
608 16240 240
592 16160 64
560 16208 128
592 16128 160
544 16192 160
400 16192 96
576 16240 -16
560 16224 128
560 16224 400
480 16208 400
608 16128 256
672 16224 304
512 16192 208
512 16144 208
496 16096 256
528 16224 272
576 16224 16
528 16240 80
656 16208 144
480 16192 144
560 16128 208
560 16128 320
608 16192 320
656 16160 400
704 16176 240
560 16176 480
608 16208 384
608 16208 160
608 16224 48
608 16224 320
656 16128 320
736 16224 176
624 16160 224
624 16144 256
560 16208 96
656 16208 96
640 16192 96
656 16256 112
736 16208 240
560 16208 160
720 16192 144
704 16208 16
704 16208 64
672 16192 64
656 16160 128
816 16096 64
784 16144 128
784 16208 208
656 16192 240
656 16240 224
576 16208 336
656 16192 496
