startup(x,y,z):(656,16192,224)
6032 15312 -4384
4000 16992 -3120
5472 17040 464
512 17072 -240
-3904 17168 4160
2320 16608 3376
2320 16928 3728
768 16928 -8448
-1232 18064 -8448
-1824 18832 -1760
7872 19024 -4000
3664 18656 -2640
6576 16336 -10016
12976 16288 2432
22816 14288 128
-4032 15392 10640
-4032 15392 6384
6240 15280 6384
944 15664 9472
5712 15744 5744
384 16176 2528
384 16240 -2688
2976 16240 -5472
1360 16704 -5472
3760 16576 -4384
3760 16576 -2704
176 16736 -2704
-64 16416 96
-1120 16208 -592
1328 16128 3504
1328 16272 3088
544 16128 2480
-240 16128 2480
240 16176 1024
16 16240 -304
464 16304 -464
560 16192 -368
1440 16096 -1696
688 16208 -1008
1120 16304 -944
1120 16304 -288
304 16288 -288
832 16144 816
768 16288 1776
1024 16192 1488
816 16288 -208
112 16272 -832
640 16304 -752
640 16192 -960
688 16192 -960
736 16128 -480
928 16176 544
512 16192 864
320 16192 928
912 16160 240
912 16224 208
496 16224 208
1136 16192 16
160 16192 240
816 16144 -160
144 16176 -304
1008 16048 -592
336 16064 48
336 16064 672
320 16128 672
320 16176 624
560 16240 448
800 16256 32
512 16192 -128
656 16176 240
800 16176 -528
800 16240 -400
672 16240 -112
544 16208 -112
560 16192 448
512 16240 800
592 16176 352
592 16208 208
720 16208 -80
928 16256 -80
592 16176 304
688 16288 -384
528 16224 -384
800 16208 -336
720 16176 -16
672 16160 256
672 16144 768
784 16144 768
640 16176 800
672 16208 880
688 16176 400
640 16144 352
640 16160 -240
752 16112 -448
752 16208 -368
1024 16208 -368
704 16112 192
656 16224 112
480 16240 80
400 16176 352
576 16208 528
576 16208 464
576 16240 208
640 16240 224
592 16256 240
688 16240 112
608 16144 -176
512 16176 -192
512 16128 -240
848 16128 48
720 16144 48
544 16224 128
640 16160 544
480 16176 496
576 16144 608
576 16144 448
480 16176 336
528 16176 128
736 16208 128
736 16192 -112
496 16112 -64
688 16112 -432
688 16064 -256
672 16064 80
592 16128 80
624 16192 16
688 16224 304
672 16144 352
640 16192 512
592 16192 208
592 16144 144
592 16176 -112
688 16176 -32
576 16208 -32
336 16208 144
496 16208 112
544 16192 -16
544 16112 48
480 16112 48
736 16112 224
704 16160 384
720 16064 176
768 16080 208
704 16096 576
704 16144 352
672 16144 224
592 16128 224
720 16224 480
800 16240 384
736 16208 288
608 16160 304
608 16160 192
688 16144 336
688 16144 208
640 16128 208
736 16176 304
496 16144 304
720 16240 0
720 16176 -272
688 16176 0
672 16144 0
640 16240 64
592 16208 224
576 16192 144
624 16176 176
624 16176 128
576 16176 128
544 16160 288
624 16144 416
480 16192 496
544 16208 304
544 16208 192
576 16192 192
336 16160 208
464 16160 80
480 16192 240
544 16192 288
560 16208 336
656 16176 240
656 16192 272
720 16192 272
736 16208 144
640 16176 304
688 16176 160
656 16240 192
656 16112 368
656 16240 512
512 16224 272
768 16224 16
816 16192 64
816 16160 112
832 16192 224
848 16192 240
848 16288 144
720 16288 144
560 16240 208
592 16208 384
512 16208 592
656 16224 512
624 16128 512
672 16112 336
672 16112 224
896 16096 224
768 16096 128
608 16224 -32
528 16240 144
528 16208 192
576 16208 192
608 16112 368
624 16224 144
672 16192 352
672 16208 496
784 16256 192
720 16192 176
720 16192 96
672 16224 96
544 16176 16
592 16224 -48
576 16176 -80
576 16176 64
432 16176 64
560 16304 112
656 16128 416
592 16128 416
464 16160 496
576 16112 304
416 16224 128
416 16192 -16
496 16192 160
432 16192 160
608 16112 320
768 16096 224
576 16176 240
576 16160 336
592 16240 304
592 16224 96
592 16224 416
544 16160 416
672 16112 272
656 16208 -48
672 16208 432
672 16224 240
576 16224 320
400 16256 320
496 16256 288
544 16240 224
496 16192 48
496 16224 -16
464 16208 0
464 16208 80
560 16192 80
560 16224 -16
512 16144 288
432 16160 240
432 16144 64
496 16144 288
704 16240 288
592 16160 416
672 16176 80
688 16128 240
768 16112 256
736 16128 128
736 16128 192
608 16096 192
608 16176 48
688 16192 240
576 16144 144
576 16192 -64
576 16192 -16
656 16144 48
640 16208 48
688 16208 144
656 16176 144
464 16160 240
480 16192 0
480 16144 -128
528 16144 -144
608 16224 -144
656 16304 -176
528 16240 0
672 16192 144
640 16192 224
704 16144 288
704 16128 352
688 16128 352
544 16288 -64
544 16208 0
544 16320 32
576 16272 224
576 16160 112
496 16160 112
512 16144 128
608 16192 96
608 16224 272
624 16208 320
720 16240 16
720 16288 112
720 16288 272
624 16144 272
656 16160 176
672 16192 368
752 16096 528
752 16128 368
576 16128 256
480 16224 144
608 16224 256
752 16112 256
720 16160 96
704 16224 -48
592 16208 256
592 16128 400
720 16128 160
592 16080 160
544 16192 128
576 16256 96
624 16192 96
624 16240 32
592 16224 144
688 16176 128
688 16128 128
704 16128 144
752 16128 144
656 16176 -48
528 16144 -80
704 16128 0
704 16192 32
656 16192 32
592 16176 160
496 16160 0
608 16144 16
560 16192 112
512 16272 208
512 16272 240
608 16272 464
432 16192 464
592 16128 560
560 16128 368
704 16112 336
704 16080 464
672 16096 368
624 16144 512
624 16160 80
592 16160 176
656 16128 176
544 16112 160
784 16144 80
784 16208 256
848 16144 368
560 16144 368
656 16160 368
656 16192 240
672 16192 272
624 16224 288
496 16192 480
672 16144 304
672 16144 256
608 16064 256
480 16208 144
672 16192 288
720 16256 192
720 16240 32
592 16240 16
784 16128 64
592 16128 80
592 16128 80
464 16128 80
528 16096 144
784 16080 192
512 16080 288
512 16080 144
512 16144 240
656 16144 240
656 16224 160
432 16224 288
512 16240 288
464 16160 80
544 16160 224
544 16128 240
480 16128 240
496 16256 208
640 16192 320
704 16192 96
640 16144 -32
640 16160 64
544 16160 176
656 16144 176
688 16208 384
640 16160 432
672 16176 512
800 16192 160
656 16208 256
656 16208 320
608 16288 320
592 16240 400
672 16208 128
576 16208 96
528 16224 16
592 16176 144
720 16064 288
720 16064 -32
544 16160 -32
560 16176 -80
592 16160 256
592 16160 240
592 16160 272
592 16160 272
544 16080 496
592 16208 528
560 16256 400
624 16208 320
624 16144 272
768 16128 304
816 16192 288
816 16192 64
704 16160 64
592 16160 48
576 16144 16
736 16176 -256
736 16192 -80
880 16192 96
672 16160 96
688 16176 112
608 16176 144
656 16160 80
656 16160 384
656 16144 320
704 16144 320
640 16224 352
704 16208 304
704 16160 112
576 16224 -176
672 16176 16
672 16176 112
752 16176 384
688 16176 384
672 16128 400
656 16080 272
720 16080 -16
704 16112 48
704 16112 256
672 16096 256
688 16160 256
928 16224 208
768 16240 352
768 16192 224
688 16160 240
688 16176 272
640 16176 208
624 16224 208
672 16176 80
608 16192 112
640 16128 272
640 16080 224
640 16080 224
592 16192 192
608 16176 32
496 16080 112
704 16192 112
688 16144 -96
656 16096 224
656 16032 448
704 16032 384
432 16032 384
544 16112 320
544 16144 176
496 16208 112
576 16256 96
576 16224 80
576 16192 288
432 16256 288
432 16256 288
800 16240 96
752 16256 208
944 16144 192
800 16160 176
800 16160 144
640 16048 288
400 16128 288
480 16112 112
736 16112 112
688 16080 192
592 16144 224
656 16240 304
656 16240 80
672 16128 80
624 16192 176
576 16144 -64
608 16224 -144
704 16208 -16
704 16272 144
720 16272 96
592 16256 96
656 16192 -224
640 16256 -224
560 16224 -32
432 16208 240
512 16176 336
512 16176 560
592 16160 560
672 16144 464
624 16144 432
496 16160 384
544 16144 432
592 16096 448
560 16128 368
576 16208 288
528 16208 80
528 16192 128
608 16192 128
640 16128 96
656 16160 -176
528 16224 192
