startup(x,y,z):(560,16192,160)
-9328 17952 -1456
-11216 18032 2112
-48 16656 9744
2288 16496 8720
2288 16128 8688
-832 16144 5504
1200 16400 1552
1712 16912 -3824
816 16864 -4144
816 16864 -4448
192 16480 -4448
624 16160 -4544
1424 15936 -1376
3904 15856 -208
656 16128 1776
656 16064 3488
2016 16064 2672
-656 16080 2672
768 16080 1344
448 16176 304
1360 16256 -1088
1360 16320 -656
1024 16320 -656
1104 16160 -992
992 16160 -1408
288 16256 -1232
1216 16176 -528
1216 16160 -272
944 16160 1232
864 16080 1504
288 16016 896
752 16016 896
640 16128 144
384 16192 -288
768 16208 -304
768 16208 -496
464 16272 -496
1264 16176 -592
832 16192 144
1328 16176 640
336 16272 720
704 16128 736
816 16176 -192
624 16256 -160
864 16160 -224
864 16192 64
0 16192 64
816 16192 -144
64 16224 -32
1008 16160 -464
320 16144 496
688 16144 896
688 16160 704
448 16144 336
448 16144 -176
480 16192 -176
528 16192 -304
736 16240 -112
704 16192 -368
704 16144 -128
912 16160 96
928 16160 96
768 16080 416
544 16160 640
496 16176 688
656 16192 288
656 16160 176
592 16144 16
592 16240 -384
496 16240 -384
688 16272 -368
720 16240 -432
672 16192 16
624 16160 416
528 16096 704
528 16208 816
512 16208 672
512 16208 256
640 16208 256
640 16176 96
576 16240 -304
352 16272 -576
480 16288 -256
480 16288 128
496 16288 224
544 16256 80
608 16208 80
608 16192 496
656 16192 352
688 16240 576
576 16256 496
576 16128 208
528 16128 64
528 16096 176
608 16096 -96
768 16224 -96
720 16208 -224
688 16128 112
672 16176 304
592 16224 496
720 16128 512
736 16144 352
736 16144 96
832 16144 96
736 16112 64
592 16128 -144
368 16176 16
480 16176 -144
480 16176 -48
576 16112 -48
576 16144 -64
496 16096 32
544 16192 320
528 16144 336
432 16192 336
688 16176 224
688 16224 80
608 16224 80
640 16192 32
640 16240 176
672 16256 384
640 16128 368
560 16176 160
512 16160 400
512 16208 160
656 16208 160
704 16096 256
640 16096 432
704 16112 -16
736 16192 -48
736 16208 -16
688 16208 96
832 16144 96
800 16192 240
656 16256 512
560 16144 512
672 16144 432
640 16208 192
640 16128 272
640 16128 320
544 16128 192
688 16096 192
880 16144 320
768 16272 96
544 16224 80
608 16224 416
720 16192 320
720 16176 336
560 16176 -176
560 16208 -144
528 16176 80
480 16256 -16
480 16192 128
480 16128 496
560 16128 496
464 16112 448
496 16112 352
592 16192 384
624 16160 192
672 16080 128
640 16112 -96
640 16112 -64
720 16176 -64
640 16224 -80
464 16208 -48
544 16144 288
640 16160 496
640 16192 400
656 16208 224
672 16256 -16
608 16256 -16
560 16160 80
608 16144 64
752 16112 0
752 16128 -96
944 16128 -96
912 16064 -112
864 16096 -240
768 16080 -176
736 16224 -208
528 16160 -32
480 16128 272
560 16112 384
560 16176 304
560 16176 400
512 16208 400
688 16176 400
736 16256 336
784 16208 400
784 16112 192
784 16192 112
768 16192 176
656 16208 288
816 16208 288
720 16288 224
672 16240 240
704 16240 368
704 16224 352
816 16224 352
832 16208 32
704 16160 96
880 16144 96
800 16144 96
752 16176 48
640 16192 224
576 16144 288
576 16144 384
592 16256 384
656 16320 416
656 16272 416
592 16240 160
592 16224 96
608 16224 320
656 16224 320
768 16192 240
672 16272 -16
624 16224 80
672 16240 48
752 16240 128
752 16192 48
688 16192 48
656 16160 -16
576 16048 -48
400 16112 -176
368 16176 -176
368 16176 -240
400 16176 -240
384 16240 -144
592 16336 -80
656 16336 -80
832 16192 192
784 16208 352
656 16192 160
544 16128 112
608 16176 128
608 16176 160
528 16304 160
560 16288 -128
784 16096 80
752 16176 192
720 16176 448
688 16208 416
688 16176 640
704 16176 640
768 16224 272
672 16176 336
544 16192 176
592 16160 -64
672 16176 0
736 16176 48
736 16176 320
688 16192 320
816 16240 160
656 16256 192
704 16208 -48
704 16240 -80
608 16160 96
560 16160 96
544 16192 32
560 16208 80
624 16192 192
608 16176 32
544 16176 32
560 16224 96
560 16224 -16
464 16176 -16
560 16176 496
768 16176 448
752 16160 272
752 16272 192
752 16272 240
752 16336 240
656 16176 144
544 16176 112
560 16176 112
528 16240 64
464 16240 32
416 16256 16
416 16176 96
464 16192 400
512 16192 400
544 16096 112
416 16176 336
544 16160 400
640 16176 416
576 16256 112
576 16240 144
576 16240 -64
464 16256 -64
480 16208 112
384 16272 48
512 16176 192
512 16160 -48
592 16160 -48
720 16128 -48
560 16160 224
640 16208 208
496 16208 272
768 16208 96
752 16208 144
752 16208 304
816 16128 304
880 16112 352
784 16112 352
544 16192 112
544 16176 48
544 16256 192
592 16192 0
608 16288 80
576 16288 80
608 16256 240
672 16208 160
624 16192 -48
624 16192 -48
672 16192 -48
688 16224 -288
672 16240 -128
816 16256 -160
768 16144 192
752 16160 352
544 16208 240
480 16240 144
480 16256 16
528 16256 32
576 16160 32
608 16176 -144
640 16160 144
752 16080 224
752 16224 208
592 16224 240
576 16128 208
528 16112 16
592 16144 16
576 16144 -128
656 16128 -80
848 16144 16
848 16160 80
864 16160 80
928 16176 224
896 16240 176
656 16240 368
624 16208 272
624 16272 192
640 16272 128
640 16240 64
704 16240 64
624 16224 112
592 16160 64
592 16176 304
672 16208 304
672 16224 320
592 16224 448
752 16176 448
624 16128 48
576 16128 80
672 16176 256
672 16224 304
704 16272 304
704 16272 352
688 16192 352
768 16224 400
784 16112 288
864 16112 -112
960 16160 192
960 16208 208
576 16192 128
672 16176 160
608 16160 208
608 16160 320
384 16208 320
512 16176 416
736 16160 80
720 16080 48
704 16096 144
704 16096 32
608 16112 32
688 16192 -64
560 16160 -32
608 16176 208
560 16192 496
592 16176 224
592 16208 144
768 16208 144
656 16128 432
592 16064 192
560 16112 128
576 16144 208
576 16160 144
704 16192 -32
720 16160 64
720 16160 64
720 16096 64
624 16112 208
688 16080 224
640 16048 96
640 16048 224
688 16160 -48
608 16224 -48
624 16160 224
784 16224 64
832 16208 336
752 16160 192
752 16160 208
752 16160 336
496 16160 336
528 16144 288
640 16144 176
544 16176 144
560 16160 256
560 16192 336
560 16192 336
688 16192 576
704 16192 304
848 16160 368
848 16176 288
736 16256 192
752 16112 112
752 16176 80
752 16176 144
576 16288 224
672 16208 224
560 16128 256
528 16112 192
608 16144 224
704 16112 240
688 16064 128
688 16064 256
672 16112 256
688 16208 96
560 16192 -16
768 16256 128
832 16208 144
832 16176 432
784 16176 432
896 16160 352
640 16192 384
528 16160 400
608 16128 352
624 16160 96
624 16160 128
768 16160 -80
688 16128 -80
560 16144 48
688 16208 112
688 16144 384
688 16192 240
720 16192 -48
624 16192 -16
576 16192 80
608 16128 80
560 16112 240
448 16144 256
448 16112 208
480 16112 48
544 16176 48
592 16304 336
576 16224 176
656 16144 256
592 16144 -48
576 16112 144
608 16128 176
480 16160 192
480 15904 80
592 16048 80
496 16080 48
688 16096 144
640 16064 304
560 16208 176
560 16128 288
528 16128 320
672 16144 208
560 16224 160
640 16240 176
592 16144 208
608 16128 352
608 16192 96
560 16192 96
496 16208 96
480 16176 16
544 16144 -16
672 16192 64
672 16240 80
672 16208 192
624 16208 160
624 16208 144
544 16192 144
624 16272 128
592 16256 16
608 16208 224
608 16224 320
768 16224 144
768 16160 144
768 16160 416
688 16080 480
752 16192 448
608 16160 512
640 16192 368
640 16192 192
496 16160 192
544 16096 0
544 16160 112
592 16128 128
640 16176 80
640 16176 256
656 16112 256
592 16176 192
608 16160 176
640 16144 176
720 16240 208
480 16224 144
480 16256 288
640 16272 224
