startup(x,y,z):(656,16192,224)
976 18000 -704
384 18688 -1296
-1568 18688 -1296
3344 17872 1392
1600 17216 6528
4864 17216 6528
1024 17200 4576
16832 14496 -12480
5328 14304 -7088
4960 14400 -3056
4960 14400 -6960
-4944 15008 -18800
13856 14000 -18800
6176 14944 -720
19408 15216 -3040
-6608 15376 9312
8688 15552 6000
4992 15680 7360
4992 16160 5648
6576 16160 1552
1040 16240 1632
3376 16112 -1808
144 16608 -4528
816 16464 -5056
816 16608 -5040
1056 16608 -2672
752 16544 -2672
1520 16608 464
1936 16544 -1360
1776 16240 2976
2448 16096 4032
-512 15920 3312
-512 15920 1136
1744 15888 1136
1600 16160 -160
1760 16368 -544
1024 16368 -336
1568 16272 -1168
1568 16352 -1552
128 16256 -1088
128 16224 -704
304 16224 576
-144 16176 592
832 16160 992
800 16288 1168
800 16272 672
864 16272 -160
1008 16288 -160
176 16224 -832
272 16208 -576
736 16176 -1072
656 16224 -864
672 16256 0
896 16128 576
896 16048 864
448 16048 864
768 16064 688
880 16160 0
992 16192 32
528 16128 -32
528 16144 192
976 16144 192
784 16144 -224
448 16208 -384
688 16272 -560
320 16192 192
704 16112 528
800 16112 736
800 16112 224
656 16160 224
912 16128 -80
640 16208 144
768 16176 -288
688 16192 -512
688 16208 -352
784 16144 48
784 16144 640
480 16192 640
480 16160 624
448 16224 336
576 16128 256
576 16128 -48
784 16112 -208
672 16112 -208
736 16208 -336
512 16224 -304
672 16272 -432
544 16240 16
816 16192 256
816 16192 480
656 16144 480
496 16128 592
608 16128 624
592 16160 448
592 16112 32
576 16112 -480
624 16096 -496
688 16176 -608
704 16144 48
704 16144 48
672 16080 192
432 16224 416
544 16160 640
544 16192 800
640 16192 800
704 16208 720
560 16176 480
848 16272 208
640 16304 -16
640 16208 -496
640 16208 -560
640 16192 -464
720 16192 48
544 16128 48
608 16160 528
576 16192 416
560 16208 416
560 16208 192
544 16096 352
560 16128 400
864 16208 240
816 16176 -16
720 16176 -112
752 16272 -224
624 16176 16
624 16176 112
656 16096 112
720 16144 480
736 16128 448
576 16112 384
576 16160 272
576 16160 16
672 16224 -176
752 16256 -48
768 16144 -48
640 16176 -64
688 16192 96
512 16208 96
512 16208 -64
640 16128 -64
592 16080 128
640 16128 496
576 16144 384
560 16128 320
560 16176 272
688 16192 176
688 16144 -64
624 16144 176
848 16112 176
720 16128 144
608 16112 80
608 16160 80
576 16192 80
480 16192 80
496 16304 160
432 16320 176
656 16224 -32
704 16176 -32
608 16160 -16
608 16160 16
640 16160 -96
688 16240 -96
800 16240 80
688 16224 128
592 16160 368
608 16176 80
608 16160 480
608 16144 448
656 16176 176
624 16176 64
704 16192 64
608 16144 160
448 16128 240
560 16080 272
560 16080 96
480 16160 96
496 16192 160
560 16128 384
592 16224 208
592 16224 272
640 16208 320
640 16208 192
672 16208 192
768 16128 304
704 16176 0
672 16176 176
672 16144 176
736 16144 176
624 16128 176
688 16064 96
608 16176 32
624 16160 64
816 16128 304
752 16176 176
752 16192 -96
768 16192 -96
688 16224 352
720 16208 288
512 16208 496
512 16240 512
720 16240 256
592 16288 256
576 16144 128
592 16176 -176
624 16096 144
608 16064 192
624 16096 48
624 16096 16
496 16096 16
576 16096 16
576 16160 48
720 16192 160
752 16224 304
752 16224 400
528 16208 400
624 16304 192
576 16288 288
656 16240 0
752 16224 16
752 16256 192
752 16256 288
640 16160 288
480 16160 224
544 16144 368
736 16224 368
736 16224 576
592 16224 576
576 16192 464
576 16176 192
528 16224 192
736 16256 -208
672 16272 48
672 16272 0
672 16288 0
576 16224 128
672 16240 192
640 16112 224
608 16112 528
592 16208 528
656 16240 256
656 16240 256
640 16192 208
464 16176 256
640 16192 128
640 16176 0
624 16176 0
528 16240 -128
544 16224 160
464 16192 448
448 16208 304
448 16208 128
480 16224 96
576 16224 160
672 16096 160
720 16176 112
640 16224 144
512 16176 128
512 16176 256
432 16128 256
496 16112 272
528 16144 208
608 16144 64
576 16160 272
624 16144 272
704 16128 288
704 16128 16
672 16224 16
608 16192 -16
528 16208 160
624 16192 384
624 16192 240
560 16176 240
528 16224 320
480 16176 416
640 16224 0
688 16192 64
656 16160 80
656 16224 64
752 16224 64
672 16208 176
720 16144 192
688 16144 160
688 16160 176
624 16160 96
544 16096 96
560 16112 32
656 16144 0
640 16128 96
608 16144 -64
704 16208 48
704 16208 400
640 16208 368
720 16176 368
608 16144 -48
752 16208 -96
624 16256 16
624 16320 144
624 16320 144
496 16256 144
624 16192 192
496 16208 -48
624 16096 -32
544 16096 432
672 16176 256
672 16176 256
576 16256 256
640 16192 208
592 16224 128
672 16256 -48
672 16224 192
672 16224 416
608 16208 464
608 16208 304
496 16224 304
528 16224 -112
480 16224 192
480 16208 256
640 16208 304
576 16192 304
720 16192 272
688 16160 176
672 16144 224
672 16144 -16
624 16160 48
592 16160 176
608 16192 176
512 16032 272
496 16096 240
496 16096 80
496 16096 64
496 16096 64
544 16080 160
624 16128 160
576 16240 192
736 16208 112
672 16208 176
496 16176 336
656 16176 208
656 16176 288
656 16192 32
592 16192 32
736 16192 144
656 16128 176
688 16144 208
688 16208 192
672 16208 368
608 16160 368
688 16208 208
672 16208 208
640 16176 368
624 16160 304
624 16160 -32
624 16256 112
656 16256 112
640 16192 160
656 16112 -16
688 16272 192
688 16256 80
704 16240 96
704 16240 -80
704 16176 -80
624 16192 64
528 16224 32
544 16192 208
544 16096 512
560 16096 208
688 16192 208
704 16208 512
672 16176 400
784 16208 432
736 16240 128
640 16208 272
640 16208 224
560 16192 224
656 16144 16
720 16144 128
752 16080 240
752 16128 96
752 16128 16
640 16192 16
480 16160 256
496 16224 208
496 16176 272
640 16112 144
704 16176 16
704 16160 192
608 16160 128
656 16176 128
656 16208 192
672 16128 224
592 16192 -128
592 16192 -80
784 16192 -80
608 16208 80
592 16160 48
592 16144 368
544 16144 432
608 16112 640
608 16128 416
704 16128 416
576 16160 528
560 16176 368
704 16176 160
736 16208 -16
736 16192 -272
672 16160 64
672 16160 576
544 16128 576
592 16144 160
496 16128 368
656 16112 544
656 16112 368
720 16160 368
544 16112 320
544 16224 256
640 16224 320
640 16192 192
576 16192 64
512 16128 0
512 16128 0
576 16112 208
608 16096 144
560 16112 208
560 16144 128
608 16144 128
544 16208 208
544 16224 160
448 16176 304
448 16240 192
496 16288 304
496 16176 336
496 16176 624
688 16144 624
688 16224 704
768 16112 528
640 16096 368
640 16192 240
608 16128 336
624 16128 336
592 16064 96
592 16144 144
592 16176 48
512 16160 48
544 16208 16
544 16176 288
656 16176 192
832 16096 192
800 16080 112
816 16128 288
704 16144 208
704 16096 160
656 16096 160
896 16192 0
784 16064 -64
672 16112 48
752 16176 240
704 16176 304
704 16176 208
656 16176 208
608 16192 240
816 16192 144
688 16128 176
512 16144 176
512 16144 240
720 16128 240
576 16224 208
496 16176 128
496 16192 208
432 16256 16
432 16128 80
512 16128 80
608 16080 224
752 16112 112
560 16160 480
608 16208 240
608 16208 304
720 16256 208
656 16192 176
624 16160 544
672 16112 400
624 16192 128
624 16144 80
736 16144 -176
720 16208 -16
384 16224 16
528 16240 -80
624 16192 32
624 16192 416
576 16144 224
560 16144 192
720 16144 192
752 16160 576
688 16112 400
688 16112 512
688 16128 80
640 16128 80
592 16176 128
624 16208 -64
592 16144 448
592 16208 512
672 16208 480
592 16160 256
640 16160 256
592 16240 288
544 16256 208
592 16176 -96
592 16192 -240
608 16192 -240
672 16176 -144
544 16160 0
544 16208 -160
544 16224 32
