startup(x,y,z):(464,16096,112)
2800 16160 -1264
-688 16224 1024
-128 16256 944
208 16128 832
544 16096 1088
560 16144 848
608 16128 416
672 16240 832
368 16384 1248
1104 16496 256
1056 16256 -528
128 16224 -528
-32 16224 -624
176 16336 -464
592 16256 -640
352 16224 -272
112 16272 160
240 16208 528
560 16208 400
608 16128 400
576 16192 384
400 16224 736
448 16080 736
496 16240 432
480 16240 -32
448 16208 -272
320 16208 -512
336 16192 -544
448 16192 -672
512 16224 -688
368 16144 -368
288 16256 -128
352 16240 112
352 16192 288
544 16176 320
544 16144 304
352 16144 368
416 16144 320
480 16176 304
464 16256 128
336 16304 -128
448 16208 -224
368 16192 -272
480 16176 -336
448 16224 -320
464 16224 -48
560 16208 160
512 16176 208
448 16176 256
432 16240 336
496 16288 448
464 16224 304
496 16224 272
560 16256 304
416 16192 -48
416 16256 16
368 16208 -368
384 16160 -144
432 16208 -80
432 16256 -192
416 16224 -128
416 16288 16
336 16272 192
432 16304 64
448 16256 176
496 16208 272
480 16160 304
480 16176 304
256 16144 240
272 16144 96
368 16192 32
400 16256 -32
368 16288 -304
432 16192 -128
384 16176 -80
416 16176 -80
256 16208 80
192 16240 128
288 16240 192
368 16240 192
480 16240 192
304 16256 240
448 16288 384
416 16288 432
416 16304 -32
384 16272 -16
400 16192 -80
416 16224 96
480 16224 192
416 16272 160
384 16240 160
368 16144 160
464 16208 256
432 16192 256
656 16240 48
448 16224 224
448 16176 256
384 16272 256
432 16176 -112
640 16144 -80
528 16192 96
592 16112 48
496 16144 80
496 16224 80
560 16272 208
624 16240 288
576 16208 208
576 16240 -48
512 16256 -144
464 16288 -48
416 16272 224
368 16272 112
496 16272 -48
432 16272 -80
320 16272 -112
368 16272 144
336 16208 192
400 16288 272
592 16208 224
544 16240 176
480 16288 80
496 16256 112
432 16128 32
352 16144 96
400 16208 -16
432 16240 96
400 16240 48
384 16208 -64
384 16208 -80
432 16176 -48
464 16160 128
528 16176 80
480 16160 224
432 16176 208
432 16160 240
528 16224 176
544 16192 112
624 16224 32
384 16208 112
368 16208 224
400 16224 112
448 16208 112
384 16224 112
416 16272 -80
448 16208 -160
528 16192 80
512 16224 48
528 16192 128
480 16272 416
416 16208 256
400 16272 208
464 16320 240
512 16192 16
448 16208 -16
464 16208 16
432 16176 -96
688 16192 -96
656 16208 -160
512 16272 80
464 16176 256
560 16144 256
448 16192 192
432 16176 176
480 16256 128
464 16256 -256
416 16208 -32
240 16272 0
208 16208 144
320 16304 160
432 16288 352
432 16208 256
480 16208 256
288 16240 176
448 16272 128
448 16256 32
432 16272 256
304 16240 160
400 16304 144
320 16256 96
384 16272 -112
560 16288 16
464 16208 80
544 16288 112
400 16176 0
480 16128 16
544 16096 -64
432 16144 -80
384 16176 -48
384 16240 -48
416 16288 48
240 16320 112
528 16256 -48
480 16224 -80
432 16160 128
352 16160 160
384 16176 128
448 16208 96
576 16224 192
560 16304 0
464 16224 -64
464 16176 0
464 16208 160
352 16208 144
368 16240 96
416 16160 80
448 16208 -256
400 16272 -288
352 16192 -192
272 16208 48
384 16160 256
400 16224 208
400 16240 208
432 16256 176
400 16336 96
304 16368 208
480 16240 224
384 16144 144
416 16256 48
528 16256 112
496 16224 64
464 16192 32
464 16192 32
432 16272 48
432 16208 80
416 16224 144
416 16272 304
496 16240 176
528 16256 144
512 16256 112
480 16256 160
528 16208 96
464 16240 144
560 16208 288
368 16272 208
432 16336 144
544 16272 112
704 16208 16
592 16224 144
544 16256 80
272 16208 32
368 16208 64
416 16256 -144
320 16192 0
368 16224 0
352 16208 112
432 16224 -16
368 16208 -256
464 16208 -96
448 16224 -192
512 16208 -96
432 16224 32
480 16272 48
464 16256 288
432 16256 16
592 16240 -48
512 16336 -128
