startup(x,y,z):(384,16176,176)
4016 16592 -8640
-5680 16976 4928
-2128 16144 2608
-1568 16272 3616
-2688 15904 5168
-2880 16208 3072
48 16368 1168
2592 16336 -80
3344 16416 480
3840 16224 752
1952 16272 1952
1456 16224 1072
400 16208 464
-768 16336 0
-784 16192 -624
-368 16128 -1872
1152 16144 -2816
1104 16176 -3024
304 16352 -1984
704 16128 -1344
512 15744 -1008
160 16240 688
560 16064 576
880 16192 560
608 16208 912
288 16240 1632
320 16384 1824
560 16240 1536
960 16352 128
672 16240 -176
176 16240 -80
-624 16288 240
160 16880 -1328
768 16240 -1616
688 16368 -736
64 16320 -160
176 16320 208
352 16240 592
224 16192 752
496 16176 1056
432 16240 1184
416 16192 1264
464 16240 1168
-912 16640 1712
-224 16128 880
736 16160 -368
656 16192 -528
448 16208 -1104
688 16224 -1136
384 16256 -1216
384 16240 -1024
304 16272 -576
352 16272 128
304 16272 320
288 16208 496
400 16208 720
288 16208 816
480 16208 1216
352 16288 1248
400 16160 1136
352 16160 912
336 16176 624
416 16272 368
448 16192 -336
384 16176 -496
528 16208 -656
608 16192 -576
496 16176 -688
512 16176 -736
448 16128 -608
416 16224 -528
512 16256 -480
480 16224 224
480 16224 416
416 16288 416
368 16272 416
256 16176 384
368 16240 384
416 16256 352
352 16272 -80
496 16240 -112
624 16192 -336
544 16256 -448
544 16256 -496
512 16240 -416
496 16240 -368
448 16272 64
560 16256 128
528 16256 -16
480 16256 144
528 16160 656
544 16176 416
560 16144 400
448 16160 544
432 16208 160
416 16288 160
448 16240 96
416 16208 -32
416 16192 -32
288 16240 -80
304 16240 -16
400 16240 48
336 16240 0
400 16208 -16
432 16240 64
496 16144 304
432 16192 208
240 16224 128
368 16240 240
416 16224 -16
384 16240 160
240 16208 240
368 16256 16
384 16176 112
352 16208 192
480 16256 32
448 16192 0
400 16224 0
480 16192 224
400 16176 112
320 16192 16
352 16288 -16
336 16272 192
352 16208 160
384 16160 304
448 16176 368
432 16112 -160
336 16128 0
336 16144 48
384 16256 -112
416 16272 64
416 16288 -80
400 16240 -64
448 16240 80
400 16288 16
448 16272 -32
480 16224 48
608 16176 32
496 16256 192
496 16224 128
480 16208 352
448 16240 176
416 16224 32
528 16224 16
480 16224 160
496 16208 144
464 16256 64
432 16176 256
208 16240 -336
384 16192 -176
432 16240 -192
272 16208 -80
384 16256 -48
352 16208 0
368 16192 0
592 16224 192
400 16176 160
288 16240 192
288 16192 112
416 16192 160
384 16256 64
448 16256 96
432 16176 32
400 16240 -16
656 16304 -208
608 16176 -32
512 16272 -48
480 16288 64
464 16224 48
272 16192 208
304 16288 -32
272 16288 112
336 16192 480
464 16112 288
448 16160 128
416 16256 -80
416 16304 272
480 16224 224
432 16128 560
432 16192 224
496 16176 128
576 16192 128
448 16176 128
496 16192 224
480 16192 224
304 16224 -48
368 16192 -272
416 16224 -112
432 16208 128
384 16208 128
400 16128 288
432 16192 368
512 16192 176
448 16144 32
352 16144 208
352 16224 48
368 16224 160
336 16192 0
496 16192 -160
496 16208 -80
544 16272 96
368 16240 160
608 16176 -32
480 16224 -16
512 16160 112
448 16176 192
320 16192 112
256 16224 288
320 16240 80
320 16160 96
288 16192 160
208 16224 208
272 16176 112
368 16176 352
432 16256 128
368 16288 48
336 16240 80
368 16176 -48
416 16192 96
400 16208 48
384 16272 208
464 16240 176
480 16240 384
464 16208 192
576 16224 240
496 16160 240
480 16080 64
448 16160 -32
304 16240 -16
480 16272 80
368 16272 192
560 16272 80
496 16304 144
496 16160 144
480 16192 320
224 16240 320
240 16176 272
432 16160 160
464 16144 112
432 16176 -16
448 16272 272
496 16192 192
512 16144 112
336 16144 224
544 16128 144
544 16176 48
496 16224 144
496 16128 160
464 16192 400
464 16208 256
352 16272 80
256 16272 112
400 16272 48
432 16320 224
432 16240 64
464 16176 -32
