startup(x,y,z):(496,16144,144)
-544 13328 192
3632 14464 -1488
11792 14432 -14512
4928 17520 -9040
-3712 15872 5024
-6848 16320 5024
-1872 15776 4736
-1952 15920 4784
-2832 16208 3248
-1040 16512 1296
2352 16064 -48
4752 15872 80
2528 14880 3984
2992 15744 880
3696 16768 1248
2448 16208 -352
1552 16320 -1936
-192 16496 -2752
0 16432 -3616
-128 16432 -2208
96 16384 -1040
-288 16480 -2320
-336 16272 -1840
128 16304 -2016
432 16176 -1680
592 16144 -1136
816 16224 -208
768 16288 512
912 16192 2176
800 16256 2176
416 16128 2016
-96 16128 1488
128 16176 1376
304 16192 1216
352 16176 1088
336 16288 304
544 16256 -800
608 16208 -1024
480 16224 -864
448 16240 -768
288 16160 -592
464 16192 -416
544 16176 -528
560 16112 -288
256 16176 -480
624 16256 -352
480 16272 -144
432 16224 448
352 16224 592
208 16256 656
240 16256 640
336 16208 640
560 16176 368
464 16192 400
416 16208 288
464 16272 80
496 16272 -336
352 16272 -368
288 16224 -208
272 16128 -160
128 16160 368
304 16144 128
288 16192 -16
512 16160 32
608 16160 144
560 16176 144
480 16112 192
464 16176 304
512 16176 272
352 16288 -48
208 16288 96
320 16176 48
448 16224 -48
432 16240 -48
448 16192 80
416 16192 96
448 16208 288
656 16240 336
368 16224 576
480 16208 512
592 16208 256
608 16256 320
512 16224 304
496 16176 240
496 16192 144
432 16160 16
400 16208 -64
480 16208 -16
560 16080 64
544 16128 96
432 16112 32
480 16096 -32
432 16192 0
464 16160 96
432 16176 176
448 16192 192
560 16272 336
544 16192 592
464 16208 432
448 16272 304
464 16192 272
608 16192 128
512 16256 -16
464 16256 144
480 16240 224
416 16240 -64
320 16192 -64
368 16240 -128
400 16208 -192
384 16192 48
400 16176 112
448 16176 16
448 16160 16
448 16112 80
368 16160 64
384 16224 -16
464 16176 -128
480 16208 -304
448 16208 -16
448 16176 112
464 16144 208
416 16192 0
400 16176 16
480 16144 96
368 16208 -64
512 16160 112
416 16192 48
352 16208 224
464 16240 -64
368 16224 16
368 16256 80
240 16208 304
480 16128 336
672 16240 96
416 16224 112
368 16224 -48
432 16192 -32
320 16208 -16
384 16176 192
512 16176 -128
624 16256 -176
608 16256 -304
672 16176 -48
528 16144 112
528 16240 96
496 16240 80
432 16288 48
432 16208 192
400 16288 176
496 16304 176
432 16272 384
448 16256 288
432 16160 176
448 16288 240
528 16288 0
528 16224 -224
432 16176 -112
384 16288 0
416 16256 64
448 16192 192
496 16208 -16
640 16240 -64
624 16272 -160
608 16240 -112
528 16288 0
432 16208 -16
384 16160 64
256 16128 96
240 16176 256
144 16192 176
384 16176 96
336 16176 48
352 16208 80
416 16240 48
448 16224 80
480 16224 64
432 16192 -176
624 16176 16
688 16288 -32
560 16288 -128
496 16192 -32
560 16224 -48
576 16208 192
464 16192 256
480 16144 256
496 16224 208
480 16176 160
400 16224 160
432 16160 112
480 16224 -128
384 16192 -208
448 16224 80
528 16208 208
528 16160 400
464 16176 176
464 16160 176
464 16160 112
256 16176 -32
400 16096 64
544 16112 192
464 16144 -16
544 16160 32
512 16160 48
448 16160 160
464 16144 160
512 16208 144
448 16256 96
464 16240 64
432 16208 0
480 16208 128
384 16128 -16
464 16144 144
448 16160 256
384 16208 128
288 16208 96
416 16208 128
384 16224 112
352 16176 -352
352 16192 -144
432 16160 -112
400 16208 288
512 16304 160
608 16288 80
720 16256 16
560 16176 192
496 16240 256
496 16224 176
480 16176 128
640 16224 96
448 16224 -64
336 16272 -48
448 16256 160
448 16256 160
432 16240 96
576 16240 -128
368 16304 -112
336 16288 -48
432 16208 80
416 16256 16
464 16176 64
464 16208 32
352 16208 144
320 16224 160
368 16208 64
192 16224 224
320 16224 192
416 16176 224
528 16208 96
496 16192 96
272 16176 176
336 16240 128
432 16176 -112
304 16160 64
400 16256 48
512 16208 144
512 16208 -16
