startup(x,y,z):(416,16192,64)
1248 15840 -1200
592 16048 -240
416 16272 336
112 16064 1072
80 16016 1472
224 16096 496
656 16112 -64
1072 16384 -240
752 16304 192
16 16288 96
400 16176 304
176 16256 496
96 16256 448
352 16240 -656
704 16208 -1072
768 16176 -800
688 16160 -256
432 16176 320
384 16160 672
288 16144 752
384 16160 624
672 16224 176
688 16256 -256
688 16256 -272
608 16224 32
400 16224 384
240 16192 352
384 16144 464
496 16176 16
608 16192 -336
656 16160 -400
336 16128 64
560 16208 272
304 16192 352
544 16144 192
592 16128 160
496 16224 -16
528 16192 -256
528 16176 -304
464 16192 112
352 16224 144
448 16144 128
416 16112 496
432 16160 208
448 16160 80
368 16240 176
496 16208 -144
464 16208 96
352 16240 528
272 16208 432
384 16208 288
480 16160 96
464 16176 -112
464 16144 -112
512 16192 -400
496 16208 -288
512 16144 -80
368 16144 128
336 16208 240
560 16224 80
512 16288 16
656 16224 176
480 16208 112
448 16224 288
480 16224 272
352 16208 336
288 16208 240
368 16240 112
448 16192 192
448 16208 -64
384 16224 64
400 16240 336
400 16192 352
512 16192 0
432 16240 -304
464 16256 -96
432 16256 80
400 16288 80
368 16240 192
384 16192 80
448 16240 80
400 16208 144
400 16208 48
464 16208 -32
496 16256 0
544 16224 224
496 16224 176
480 16240 208
416 16224 128
336 16288 160
416 16256 -16
400 16288 -32
464 16272 32
448 16160 48
416 16160 336
384 16176 288
480 16144 144
448 16160 -64
256 16224 -128
272 16272 -192
304 16272 32
368 16256 80
352 16256 272
448 16256 -16
352 16240 -32
368 16224 -304
448 16112 48
496 16208 96
448 16224 -144
368 16208 -80
400 16176 112
464 16224 -80
464 16192 -144
432 16192 16
256 16160 160
256 16160 112
288 16144 96
320 16176 112
272 16144 144
336 16208 16
320 16256 48
464 16240 16
384 16272 112
368 16288 336
400 16272 336
304 16304 304
320 16272 -80
400 16224 368
464 16144 144
432 16224 112
304 16192 320
368 16192 208
448 16192 0
528 16240 32
400 16224 64
496 16272 32
496 16256 32
560 16224 256
592 16240 16
432 16224 16
336 16224 -64
464 16240 -64
496 16272 -320
384 16320 -80
400 16240 -16
240 16192 96
272 16240 -16
416 16256 224
416 16256 16
480 16240 32
544 16192 -32
576 16192 64
496 16224 240
496 16160 0
528 16160 96
416 16160 128
528 16288 48
496 16240 144
336 16192 144
208 16272 16
496 16272 -48
448 16224 -80
464 16224 -208
304 16208 -112
304 16208 32
480 16160 -176
512 16176 48
448 16224 80
448 16192 64
528 16208 -112
480 16224 240
368 16256 176
432 16176 112
464 16240 32
416 16192 112
576 16240 288
368 16224 448
384 16240 128
368 16288 80
400 16256 48
400 16144 160
432 16144 288
480 16192 224
576 16192 64
400 16176 0
352 16192 192
368 16224 80
368 16240 80
480 16176 -48
464 16256 -96
496 16240 -32
576 16304 128
544 16240 64
496 16240 64
384 16160 -80
384 16208 32
448 16128 48
432 16144 96
528 16144 256
384 16144 256
464 16176 80
528 16160 336
480 16208 112
416 16208 96
432 16192 -80
480 16160 48
416 16256 48
416 16208 16
448 16208 80
368 16240 80
432 16352 208
464 16304 -48
272 16288 -96
464 16256 -128
512 16192 128
480 16144 192
544 16176 240
464 16240 176
432 16320 96
384 16272 224
448 16240 128
240 16224 320
368 16192 272
416 16256 176
240 16240 -64
384 16240 -64
256 16128 80
416 16160 32
400 16144 80
352 16128 224
240 16192 320
304 16272 208
368 16288 160
432 16224 128
384 16192 32
368 16224 -96
560 16240 -96
464 16272 16
432 16240 64
496 16240 224
512 16256 128
400 16240 112
384 16224 64
368 16176 144
400 16224 112
480 16208 112
512 16224 48
416 16224 112
544 16240 80
464 16208 368
480 16176 320
496 16176 256
496 16192 320
496 16192 208
400 16112 176
384 16208 208
