startup(x,y,z):(432,16160,-32)
1200 17264 464
368 16304 -16
1792 16176 -3120
512 16048 -1744
112 15904 576
736 15872 1216
1888 16048 800
1728 16032 1184
816 16336 1568
512 16240 1072
-1776 16576 2816
-1296 15984 4256
160 16048 1872
64 16144 1872
480 16176 -1024
1728 16000 -1840
1232 16224 -2064
560 16208 -2032
-32 16176 -1600
-320 16336 -992
-48 16288 -880
480 16240 -1200
208 16208 -1408
752 16336 -1184
720 16288 -480
800 16256 256
672 16176 1024
320 16192 1472
384 16144 1472
256 16192 912
272 16192 784
560 16240 544
656 16224 176
464 16240 -208
432 16208 -768
320 16288 -720
224 16256 -736
304 16176 -560
288 16176 -176
400 16208 32
416 16192 272
480 16192 368
592 16208 320
576 16240 304
448 16240 368
496 16224 640
352 16144 544
304 16208 512
368 16192 384
480 16192 128
448 16192 16
464 16208 -112
512 16176 -128
464 16160 -176
432 16160 -144
256 16240 -192
288 16288 80
368 16224 80
352 16176 688
400 16176 656
416 16272 464
304 16224 528
256 16192 352
432 16208 144
416 16320 32
496 16240 -16
544 16256 240
544 16240 272
480 16208 16
448 16192 -48
240 16240 80
288 16240 -16
320 16224 112
544 16192 96
496 16176 320
464 16176 320
528 16176 624
464 16224 224
464 16208 352
400 16256 256
448 16208 128
464 16208 32
464 16128 48
432 16176 -64
480 16192 192
416 16224 96
368 16160 80
464 16240 80
464 16224 384
464 16112 208
400 16208 304
368 16272 208
592 16272 256
512 16288 272
496 16256 240
464 16208 240
416 16192 144
400 16256 96
448 16240 256
432 16128 320
448 16192 192
512 16192 320
432 16176 96
352 16176 112
384 16272 16
368 16288 48
384 16192 -48
544 16128 -64
640 16064 -80
576 16128 16
624 16096 112
576 16096 256
544 16176 192
544 16160 80
464 16224 32
368 16144 80
480 16192 112
624 16208 288
448 16288 192
416 16208 80
496 16192 -16
256 16192 128
304 16288 16
544 16240 -160
448 16224 -96
464 16224 0
464 16224 176
416 16256 240
320 16160 240
320 16144 0
256 16256 -32
256 16176 -64
384 16208 -80
352 16112 48
272 16080 160
464 16384 -192
288 16304 -16
432 16304 -128
336 16528 -240
512 16432 0
512 16272 -80
464 16224 48
736 16336 304
800 16272 -336
-432 16768 752
-832 16752 864
-1712 16336 2160
-800 16336 1776
96 16272 176
80 16384 1024
32 16288 1200
512 16160 352
1200 16176 -464
1008 16144 -96
-64 16176 720
-64 16192 192
400 16224 -448
240 16224 -880
400 16192 -800
480 16208 -464
496 16240 -432
672 16176 -336
432 16192 352
320 16208 592
448 16208 784
528 16240 608
528 16144 384
592 16144 272
512 16208 176
464 16224 176
512 16160 80
432 16160 -32
368 16096 -128
432 16176 -368
288 16144 -560
400 16256 -544
288 16192 -32
288 16144 176
336 16176 336
464 16208 320
592 16240 368
496 16192 496
640 16240 304
576 16224 160
432 16208 -96
512 16224 -176
384 16160 -112
448 16208 -272
448 16240 -256
432 16208 -256
464 16224 -64
512 16240 -16
512 16240 208
640 16192 176
544 16208 -48
496 16176 144
368 16176 192
496 16208 288
432 16304 240
400 16272 -32
496 16224 -48
432 16256 -64
480 16256 160
368 16192 -320
448 16176 176
368 16160 320
512 16208 -16
528 16304 48
448 16288 192
448 16224 144
448 16192 80
464 16208 96
416 16240 208
368 16352 240
352 16304 64
368 16176 -48
480 16224 64
480 16240 336
496 16240 384
448 16208 416
432 16160 576
528 16144 80
432 16240 -240
496 16224 -48
432 16208 -128
368 16304 -80
416 16320 -272
416 16256 -16
384 16208 112
320 16208 128
352 16176 336
416 16080 192
432 16144 208
496 16224 -48
368 16208 240
256 16240 96
432 16176 192
496 16112 0
528 16176 -48
512 16144 0
560 16288 -64
496 16288 176
400 16208 320
240 16112 320
272 16176 240
352 16224 32
544 16192 -112
528 16272 -144
480 16272 -144
528 16320 -160
432 16240 -96
528 16224 -128
528 16176 16
480 16208 176
432 16192 176
464 16208 256
