startup(x,y,z):(480,16208,192)
-272 16928 -1504
80 17904 2128
-992 18432 -400
1808 19632 -9696
-1424 17520 3200
-16368 15888 16768
-8800 14480 14080
352 15376 4352
-688 15376 2832
1664 14464 1008
3552 15856 -192
9392 16560 256
5280 16432 6912
6096 16192 496
7088 16896 2048
4640 17552 -384
4368 16608 -960
1488 15968 -3344
608 15760 -3760
-2352 16208 -2640
-3248 16272 -1632
-144 16352 -3056
-768 16368 -2848
-1024 16112 -2864
-272 16272 -2048
880 16032 -2624
1408 16080 -2288
1248 16176 -944
1424 16432 -656
1904 16304 2416
1248 16288 2208
-48 16160 2496
-688 16128 2640
-272 16064 1840
48 16096 1648
240 16160 1312
304 16176 928
656 16256 48
816 16368 -560
400 16352 -784
480 16224 -864
272 16224 -688
176 16128 -800
208 16192 -768
496 16352 -880
576 16192 -848
704 16176 -608
448 16256 -432
688 16240 -32
496 16288 816
368 16224 784
256 16176 704
352 16096 832
432 16176 784
528 16224 864
544 16240 544
800 16176 80
592 16224 -96
352 16256 -448
560 16224 -576
320 16256 -384
288 16224 -304
384 16256 -144
624 16192 -48
608 16192 368
560 16208 -32
560 16208 160
336 16176 80
464 16208 112
352 16272 144
320 16256 -16
208 16160 -128
384 16192 -176
400 16192 -144
560 16128 -224
592 16144 112
544 16208 -64
496 16224 320
320 16144 432
304 16256 432
320 16176 288
320 16272 64
544 16272 176
496 16288 -224
432 16224 80
416 16208 128
544 16240 32
544 16208 -32
528 16224 64
448 16160 -112
448 16096 -64
528 16160 -240
464 16208 -144
528 16192 -64
464 16176 176
416 16272 224
464 16240 384
512 16192 576
336 16240 304
496 16224 64
544 16240 96
480 16256 -16
384 16224 -80
448 16144 176
432 16112 128
576 16128 48
496 16160 16
448 16192 -16
464 16256 -96
304 16256 64
368 16288 64
592 16272 32
640 16240 -80
480 16240 160
400 16272 144
496 16272 64
384 16320 352
352 16272 272
352 16288 224
432 16288 64
416 16272 176
400 16288 288
400 16176 416
432 16240 320
416 16208 -48
480 16208 -128
368 16208 16
320 16304 -48
416 16224 176
384 16192 48
448 16256 64
448 16208 112
448 16240 -192
464 16224 80
528 16256 128
448 16208 80
432 16144 -80
656 16256 -112
608 16224 -176
464 16224 -144
480 16160 0
512 16176 -16
448 16176 64
528 16240 128
512 16288 -128
336 16256 0
368 16288 256
336 16256 304
368 16272 336
400 16160 336
240 16240 304
512 16304 384
480 16288 176
720 16256 96
800 16256 -160
512 16256 -160
432 16208 112
368 16288 128
352 16224 128
352 16240 48
384 16208 256
336 16192 352
416 16192 192
416 16176 432
496 16224 416
416 16336 336
464 16320 304
384 16256 272
416 16224 240
368 16192 160
560 16160 16
560 16192 -512
512 16176 -384
512 16192 -576
576 16256 -448
480 16208 -192
464 16256 -144
432 16224 160
400 16240 32
416 16288 176
400 16240 464
544 16256 304
464 16208 256
464 16160 272
464 16176 160
368 16288 80
368 16240 256
496 16256 96
400 16208 64
432 16192 32
496 16224 -192
480 16128 -128
416 16160 48
464 16224 -176
400 16208 -96
176 16320 64
576 16288 144
512 16272 48
480 16256 224
384 16288 192
272 16144 416
464 16128 240
352 16176 96
352 16192 64
576 16176 -160
448 16320 -32
512 16272 16
416 16304 64
400 16304 -112
416 16288 288
400 16224 192
512 16240 224
480 16144 160
416 16208 288
432 16192 272
448 16192 336
448 16208 160
352 16304 224
336 16192 224
336 16256 144
352 16208 240
336 16240 96
448 16208 -64
432 16160 -96
400 16160 0
432 16240 112
368 16240 176
352 16320 144
368 16240 -32
448 16288 -32
496 16272 80
576 16224 208
400 16160 -16
496 16128 -64
448 16224 64
496 16224 144
464 16208 128
416 16192 192
368 16208 -144
464 16208 -80
432 16256 -208
384 16208 -144
448 16256 -112
432 16208 32
384 16288 48
512 16240 112
384 16208 16
368 16336 48
352 16272 -144
240 16320 -32
192 16272 80
384 16224 48
400 16144 48
448 16208 -96
544 16176 -80
448 16192 -16
