startup(x,y,z):(512,16160,96)
-1376 16096 1024
512 16192 832
176 16240 1328
-80 16208 1344
864 16160 1616
928 16240 768
1072 16192 480
1248 16112 1152
592 16208 1648
352 16256 1248
-160 16272 -16
288 16384 -624
512 16272 -1088
480 16288 -1536
368 16288 -1616
560 16208 -1504
320 16176 -992
384 16240 -640
512 16240 -672
512 16224 -464
480 16272 -128
384 16256 208
448 16096 752
240 16240 320
480 16240 800
368 16192 976
192 16224 848
256 16256 416
336 16240 448
528 16224 176
416 16224 0
416 16240 -16
560 16240 -48
560 16240 416
480 16272 144
464 16240 -32
368 16240 -128
368 16320 -208
512 16272 -224
272 16224 -176
400 16240 -16
432 16224 128
544 16176 -96
480 16192 -96
448 16176 -256
416 16144 -192
496 16208 -160
672 16160 -64
576 16176 112
512 16240 288
448 16272 320
560 16192 288
640 16192 272
560 16224 48
480 16160 368
352 16176 512
-3280 16784 752
-368 16496 560
224 16000 528
608 16512 32
544 16240 -192
112 16400 -256
192 16272 -96
176 16448 64
352 16256 64
176 16144 304
272 16176 96
512 15904 432
496 16096 720
208 16176 480
336 16240 368
480 16128 368
384 16160 352
288 16272 112
256 16272 112
336 16272 0
288 16288 160
384 16256 48
416 16272 64
320 16240 -48
304 16224 288
400 16176 96
464 16208 -176
544 16224 -256
464 16240 176
672 16176 80
528 16192 -160
512 16208 -144
464 16224 -32
352 16256 240
400 16192 256
384 16224 160
416 16224 0
528 16240 176
544 16256 64
448 16272 96
384 16192 0
416 16176 -160
304 16144 176
272 16144 128
288 16240 80
368 16240 80
352 16192 -112
336 16208 -48
544 16208 112
272 16224 32
400 16224 96
432 16208 96
512 16208 304
512 16272 160
384 16192 -48
208 16208 48
336 16160 224
320 16176 272
432 16192 208
432 16224 176
144 16240 304
208 16192 160
288 16176 224
240 16256 112
304 16224 240
480 16240 320
256 16256 256
288 16256 240
448 16304 208
480 16176 288
320 16144 176
384 16176 128
528 16240 64
656 16208 96
576 16240 128
480 16224 112
368 16288 160
400 16288 32
480 16144 432
464 16176 288
592 16160 144
576 16256 -64
704 16272 0
576 16256 16
480 16272 64
448 16256 304
416 16160 144
368 16224 -128
400 16240 -32
352 16224 -16
352 16240 0
464 16192 48
432 16192 48
400 16160 64
416 16192 48
304 16224 16
288 16160 224
240 16160 384
304 16160 192
352 16176 48
416 16176 128
608 16128 112
592 16160 144
512 16160 240
464 16192 160
464 16192 128
448 16224 80
448 16144 -32
496 16176 80
448 16208 -16
416 16240 32
416 16224 48
416 16176 32
512 16256 32
448 16288 272
368 16208 240
416 16176 208
464 16192 -96
464 16256 48
400 16240 96
432 16208 32
496 16256 64
512 16240 16
544 16224 -112
576 16256 80
464 16112 224
480 16128 128
432 16224 128
496 16128 0
320 16192 32
288 16224 -64
224 16176 -160
464 16224 128
416 16208 -160
416 16256 -48
400 16192 48
384 16192 -80
432 16192 -96
400 16208 -48
336 16192 176
384 16208 112
288 16272 192
416 16208 288
448 16240 80
560 16256 64
528 16192 -48
544 16256 -304
416 16192 0
400 16208 160
384 16240 -48
480 16160 -192
528 16208 64
544 16192 144
496 16176 32
416 16208 64
368 16240 160
320 16224 160
256 16160 336
400 16208 208
400 16240 240
576 16256 48
336 16240 80
416 16288 64
400 16256 -16
384 16192 16
448 16304 -192
448 16176 -16
464 16304 -128
384 16256 160
448 16256 192
416 16224 48
400 16208 -32
480 16288 224
416 16256 256
640 16160 16
480 16160 32
432 16128 144
432 16224 112
480 16224 144
400 16176 224
304 16256 0
336 16224 64
464 16256 144
384 16304 112
368 16304 160
384 16320 80
384 16304 64
432 16256 48
480 16192 -192
352 16256 -304
592 16144 -224
416 16144 -192
368 16160 -64
400 16208 128
352 16208 16
448 16240 48
400 16192 -80
320 16160 176
480 16080 112
496 16128 96
