startup(x,y,z):(448,16256,208)
944 15440 -2336
896 16320 1168
-240 16256 912
1008 16064 -192
720 16144 -272
256 16384 640
224 16352 592
864 16352 -272
1232 16240 -480
528 16208 624
48 16224 880
512 16224 400
432 16160 -192
400 16128 -496
512 16144 -336
416 16224 -480
288 16288 -576
464 16256 -112
304 16128 608
224 16160 592
432 16144 912
592 16112 656
720 16176 336
464 16208 176
528 16176 240
416 16192 208
288 16224 368
256 16240 304
352 16208 -16
560 16240 -240
688 16176 -592
512 16192 -288
288 16112 272
192 16192 512
336 16160 736
368 16160 704
336 16176 496
512 16208 -80
544 16288 -304
352 16240 -96
336 16208 272
400 16192 464
400 16160 240
640 16224 -32
544 16176 -320
608 16160 -304
560 16128 -160
544 16176 -32
464 16176 272
416 16160 336
288 16144 384
560 16192 160
576 16192 64
480 16176 16
416 16224 112
400 16208 352
240 16176 0
352 16208 0
304 16224 0
336 16208 -144
288 16288 -112
496 16176 -32
480 16160 288
512 16144 416
496 16176 416
544 16224 272
512 16192 320
400 16240 48
400 16240 64
400 16192 -96
448 16192 -32
416 16192 48
608 16208 208
576 16224 16
496 16192 -16
448 16160 96
416 16256 32
368 16304 48
528 16240 96
496 16208 -32
480 16176 208
400 16240 160
432 16288 64
544 16288 160
480 16192 176
496 16144 -32
464 16160 -128
384 16224 0
368 16224 32
432 16320 -32
528 16272 -144
480 16368 -96
496 16336 336
528 16224 192
400 16208 240
384 16160 128
464 16144 80
448 16160 96
368 16272 80
448 16240 -16
384 16192 16
400 16208 -144
368 16176 -80
416 16112 144
464 16176 176
496 16176 -112
608 16224 -32
640 16192 96
560 16176 240
448 16224 336
528 16256 288
416 16240 -96
400 16176 32
528 16224 -192
480 16096 -128
336 16160 96
352 16160 96
528 16144 176
512 16160 48
512 16160 16
608 16176 128
480 16208 64
480 16272 256
528 16256 128
608 16272 128
480 16336 48
448 16304 -16
448 16176 -64
384 16192 256
352 16176 176
400 16240 208
528 16208 192
384 16288 112
304 16272 64
272 16144 240
320 16144 160
384 16096 240
416 16128 320
464 16160 -64
528 16144 -64
368 16192 -48
176 16224 -16
368 16208 -48
320 16240 272
336 16192 176
512 16208 80
512 16192 144
592 16144 0
608 16208 -64
448 16208 16
480 16208 96
192 16176 256
320 16288 432
384 16208 288
416 16192 288
448 16192 144
432 16240 -48
368 16240 0
432 16256 32
432 16176 -64
480 16192 224
480 16176 400
448 16288 432
336 16256 160
400 16304 240
336 16208 304
272 16224 208
368 16224 96
400 16192 192
448 16272 -16
352 16272 32
416 16160 240
480 16160 304
512 16176 16
416 16240 176
256 16224 240
288 16224 128
160 16208 144
336 16176 16
512 16128 -32
384 16160 176
304 16304 192
400 16288 128
448 16208 128
448 16192 160
544 16224 -32
464 16208 256
352 16272 144
416 16272 368
432 16288 96
464 16288 144
432 16160 192
496 16192 64
512 16192 336
464 16208 272
304 16224 240
320 16224 112
352 16208 80
304 16208 272
336 16256 16
416 16256 -112
416 16256 48
528 16272 336
496 16272 112
544 16192 224
528 16224 16
480 16192 80
416 16176 80
400 16160 32
400 16208 80
384 16192 176
432 16240 144
480 16256 -112
464 16240 48
320 16112 -48
400 16256 64
448 16240 16
464 16240 16
448 16256 0
496 16288 16
496 16240 48
416 16160 48
352 16208 80
384 16240 -80
320 16208 -112
320 16224 256
384 16240 192
416 16176 160
416 16176 144
352 16128 256
400 16096 128
384 16096 80
368 16128 176
368 16128 176
480 16224 96
480 16272 160
416 16224 192
416 16176 464
432 16192 320
448 16176 192
528 16208 224
544 16272 128
512 16192 496
480 16176 288
480 16128 208
544 16176 64
512 16192 112
448 16256 0
320 16192 -208
448 16160 96
448 16224 48
416 16224 48
384 16224 144
384 16224 208
464 16208 192
432 16208 352
