startup(x,y,z):(448,16272,128)
-1136 15648 1440
640 16128 -448
-112 16720 -4496
1152 14368 -2128
16 15120 640
3728 14144 -4048
5872 14912 -7664
-6432 15264 7248
-4240 15568 6336
-2016 15296 4880
-2960 15488 4880
-1312 15456 1136
5072 15552 -128
1856 15872 4112
-160 15248 6848
3888 17024 -176
5136 16960 448
2064 16192 128
256 16320 -3632
-32 16192 -3760
-48 16256 -3840
-3008 16144 -1776
-688 16144 -3120
-32 16240 -1856
-160 16368 -2272
496 16224 -1520
448 16208 -1584
1072 16128 -1376
1008 16304 -624
1040 16272 -128
1536 16224 2432
1072 16224 2256
192 16176 2176
-272 16160 2384
-128 16112 1904
224 16160 1344
384 16208 1136
624 16288 864
736 16160 -224
592 16256 -864
592 16224 -1152
304 16160 -896
368 16176 -928
320 16176 -864
368 16240 -592
336 16288 -512
432 16320 -624
592 16176 -624
448 16208 -400
800 16192 -288
512 16208 176
432 16176 528
400 16224 720
384 16208 784
352 16192 624
288 16176 464
352 16256 528
560 16208 688
656 16224 432
720 16272 192
560 16272 -96
448 16224 -432
448 16176 -384
352 16272 -368
272 16304 -304
288 16336 -160
464 16256 -128
400 16208 80
464 16240 32
592 16192 128
576 16240 128
704 16256 64
512 16288 192
384 16320 48
304 16272 48
368 16192 -176
352 16192 -320
480 16176 -32
352 16224 128
400 16272 384
304 16320 448
224 16336 352
336 16288 400
320 16160 208
304 16240 288
416 16256 240
368 16256 96
448 16240 0
464 16208 112
512 16176 96
336 16192 -256
448 16224 -352
448 16192 -400
416 16224 -80
432 16240 -208
464 16240 -96
416 16256 -112
464 16208 48
480 16240 160
336 16272 80
480 16208 256
480 16208 16
496 16176 224
576 16208 160
576 16240 -144
480 16256 80
352 16304 -64
400 16272 -192
448 16288 -176
416 16144 -176
368 16160 -288
528 16176 -304
496 16208 -240
464 16192 -96
400 16192 -32
448 16208 96
496 16192 208
480 16240 -48
432 16176 -32
400 16224 112
352 16128 -32
448 16176 -48
528 16176 176
512 16176 48
496 16240 32
480 16256 128
368 16224 96
352 16224 80
288 16240 112
304 16192 -160
400 16176 0
448 16240 -16
384 16240 96
432 16192 96
448 16224 -48
512 16160 -192
464 16208 -64
432 16288 -16
480 16208 64
480 16224 144
544 16240 208
432 16256 256
432 16224 144
464 16256 144
560 16240 -64
560 16224 16
448 16192 -48
416 16224 -16
496 16192 -160
432 16192 -208
512 16224 64
528 16208 96
528 16256 144
448 16256 -128
560 16192 128
512 16192 -32
544 16176 80
544 16128 224
512 16176 224
480 16160 208
320 16240 192
320 16240 176
288 16224 16
384 16224 272
304 16144 160
432 16208 240
480 16224 208
368 16256 336
320 16256 80
352 16240 64
336 16208 144
368 16240 128
544 16240 -80
640 16240 -48
512 16288 16
384 16208 64
416 16192 96
400 16256 80
336 16272 80
256 16272 176
384 16224 -16
560 16224 -32
304 16272 144
368 16224 160
352 16240 -16
400 16176 192
320 16272 192
528 16160 -16
352 16176 -96
448 16208 -32
368 16240 -160
384 16192 -16
448 16208 48
416 16208 -208
464 16208 -48
560 16256 48
528 16224 64
480 16272 320
592 16272 288
560 16160 144
528 16144 144
544 16192 96
512 16240 48
448 16160 112
288 16288 256
432 16288 144
480 16256 32
480 16176 112
432 16240 64
416 16240 48
432 16192 192
448 16160 240
384 16256 160
416 16256 160
400 16176 240
336 16128 224
400 16144 -48
368 16208 80
384 16240 80
384 16240 80
336 16160 112
448 16160 16
432 16256 80
464 16192 192
544 16176 16
464 16240 64
544 16272 160
432 16272 144
400 16272 160
560 16208 256
480 16208 96
400 16208 64
384 16176 -32
368 16272 -32
400 16208 176
448 16224 112
480 16144 128
448 16224 128
480 16176 192
544 16208 64
496 16224 128
384 16240 -144
400 16224 -48
384 16192 32
336 16160 208
288 16272 144
432 16288 96
384 16272 80
336 16288 48
384 16272 128
384 16288 64
432 16240 -80
464 16176 -464
464 16224 -64
496 16144 -16
448 16224 96
