startup(x,y,z):(672,16160,176)
-3600 15440 464
-4176 15200 -1184
-3360 16320 -1440
-2144 16432 -1120
-1456 16912 -1376
-1456 16912 -400
-592 16912 -400
-96 16368 416
416 16384 -128
224 16144 -1136
480 16208 -848
368 16208 400
448 16064 400
880 16080 1392
896 16240 1808
816 16272 1312
448 16288 384
448 16288 -240
224 16256 -240
112 16288 -720
256 16128 -80
592 16112 48
592 16160 -144
720 16160 -16
800 16112 -16
816 16112 272
928 16112 576
848 16112 656
672 16064 112
672 16064 -384
528 16096 -384
640 16160 -576
704 16112 0
800 16128 320
800 16144 256
640 16144 0
656 16176 0
576 16144 128
736 16112 480
1008 16112 560
928 16208 592
928 16208 272
640 16208 -224
560 16160 -224
560 16160 -48
512 16160 80
640 16096 192
640 16096 192
720 16112 192
688 16064 96
592 16080 32
656 16112 176
672 16176 288
672 16160 224
800 16160 64
720 16208 64
720 16128 48
640 16144 96
688 16160 160
688 16080 -64
672 16080 192
624 16096 192
720 16128 240
704 16112 336
560 16192 368
592 16160 176
592 16112 32
608 16112 -304
720 16112 -304
704 16160 -128
944 16096 -176
704 16128 144
704 16128 176
528 16048 176
592 16128 80
624 16128 16
704 16160 32
704 16176 336
528 16176 160
608 16208 160
640 16112 -32
768 16144 -160
784 16048 160
784 16096 96
768 16096 96
1008 16032 48
848 16112 32
736 16160 -112
656 16160 16
528 16192 -48
528 16144 128
400 16144 128
496 16176 224
640 16128 -64
576 16128 192
656 16144 256
656 16144 192
864 16112 192
880 16176 -128
640 16176 96
576 16224 320
576 16128 304
576 16160 128
704 16160 128
640 16112 -48
784 16096 128
576 16064 352
576 16112 208
736 16112 560
720 16160 560
752 16096 480
672 16112 464
624 16128 448
656 16144 448
656 16128 336
704 16128 176
768 16144 176
800 16160 128
640 16176 432
768 16176 288
768 16176 16
720 16192 208
624 16160 208
624 16096 224
448 16128 256
624 16160 368
624 16192 352
656 16192 224
608 16224 224
752 16176 208
864 16064 208
784 16048 224
784 16064 144
640 16064 192
592 16080 192
496 16096 224
768 16176 240
944 16160 256
816 16192 176
816 16176 144
784 16176 144
592 16176 208
784 16112 288
864 16144 64
736 16144 128
736 16144 32
816 16256 208
736 16160 208
848 16160 240
800 16128 -32
896 16208 -336
880 16192 -128
880 16192 -48
816 16192 -48
784 16176 0
544 16224 160
560 16256 304
560 16208 128
640 16160 64
624 16144 208
640 16192 96
640 16192 112
720 16160 112
672 16192 64
752 16176 288
608 16192 304
608 16112 272
656 16112 272
704 16128 32
656 16096 128
608 16224 48
736 16192 160
736 16160 16
640 16160 16
848 16128 32
880 16112 48
720 16192 0
704 16144 -64
704 16144 -96
688 16192 -96
640 16144 16
640 16208 -64
624 16128 64
624 16128 272
656 16128 96
928 16128 96
848 16208 -144
624 16160 96
624 16224 352
624 16256 224
608 16256 464
544 16160 464
544 16160 64
736 16144 112
832 16112 208
832 16160 512
800 16160 304
736 16112 304
640 16112 208
784 16096 192
528 16176 160
720 16176 192
736 16224 192
688 16160 384
688 16256 96
544 16208 144
544 16192 -64
656 16192 -64
640 16144 272
720 16096 288
672 16080 480
672 16160 208
672 16160 336
704 16160 336
624 16160 240
704 16096 208
480 16176 192
480 16160 320
416 16176 352
608 16176 352
688 16224 448
800 16144 192
800 16112 160
800 16144 80
784 16144 64
720 16160 64
720 16208 80
688 16208 256
672 16208 384
672 16208 272
672 16128 512
576 16112 512
656 16112 288
704 16160 48
736 16112 16
736 16240 96
704 16240 96
672 16320 -96
704 16208 32
704 16144 -32
736 16144 -64
736 16144 -144
688 16192 -144
720 16192 -192
816 16160 -112
736 16128 -16
656 16160 80
656 16192 208
816 16192 208
832 16256 -96
800 16288 0
752 16256 96
752 16144 128
816 16144 128
784 16112 192
624 16080 128
720 16112 -192
736 16192 144
736 16128 240
720 16128 256
768 16064 256
640 16176 0
816 16112 64
704 16080 -32
704 16080 240
784 16096 240
688 16176 224
672 16144 176
592 16128 256
704 16096 224
704 16192 -64
736 16192 -64
672 16208 96
624 16208 112
832 16112 192
832 16128 32
784 16128 80
864 16112 80
752 16192 48
704 16192 96
656 16160 -64
656 16080 112
736 16080 240
784 16112 240
736 16080 576
528 16144 272
624 16128 128
624 16128 256
704 16128 256
720 16144 112
800 16112 544
768 16128 224
720 16064 192
720 16064 208
624 16096 208
672 16096 240
688 16064 -48
640 16096 304
656 16144 112
656 16144 112
784 16080 112
784 16096 128
896 16096 304
848 16160 240
720 16144 288
720 16144 320
592 16208 320
544 16224 208
544 16128 144
736 16080 288
736 16160 -32
688 16160 -32
720 16144 -32
464 16144 32
432 16192 272
688 16128 208
528 16128 96
624 16128 96
576 16192 256
656 16112 448
720 16224 384
720 16208 112
784 16208 112
592 16208 208
688 16224 256
688 16144 272
688 16208 336
576 16208 160
656 16176 160
752 16208 208
768 16112 16
688 16032 320
736 16032 256
736 16048 144
832 16048 144
704 16064 176
624 16096 64
736 16048 448
736 16048 256
720 16048 176
832 16096 176
768 16112 224
832 16160 -112
784 16144 80
784 16144 256
864 16144 160
720 16208 160
720 16176 -64
896 16192 224
848 16208 160
848 16192 160
816 16192 160
544 16160 192
672 16128 80
784 16080 96
752 16144 -64
752 16144 32
688 16208 32
688 16160 208
576 16160 208
672 16128 288
672 16112 240
624 16112 240
560 16144 128
448 16160 96
560 16096 96
672 16096 -80
672 16128 112
464 16128 112
496 16048 304
512 16048 176
592 16064 288
672 16080 240
672 16080 192
656 16096 192
688 16128 240
640 16160 208
656 16160 368
656 16160 80
784 16160 208
704 16128 208
768 16112 224
784 16128 32
784 16160 -176
832 16096 16
832 16096 224
944 16064 224
832 16064 384
784 16144 112
752 16128 80
752 16160 144
752 16144 224
704 16144 224
736 16192 192
688 16160 416
560 16208 128
640 16160 176
640 16160 352
672 16128 352
704 16096 224
576 16064 416
688 16160 576
656 16192 512
656 16144 528
752 16144 640
720 16144 640
768 16144 368
720 16192 352
656 16128 112
656 16112 160
656 16112 160
704 16128 192
736 16208 272
816 16048 256
800 16160 160
800 16144 176
784 16144 176
768 16080 208
736 16128 160
688 16144 400
704 16096 272
704 16128 336
720 16128 336
672 16080 112
432 16128 208
496 16144 400
672 16144 352
672 16144 128
848 16176 128
768 16160 160
688 16128 272
752 16112 -16
752 16160 256
752 16160 528
640 16128 528
592 16128 112
608 16224 112
768 16176 560
832 16176 512
832 16176 320
688 16240 320
624 16320 -64
880 16176 32
752 16240 160
752 16176 304
688 16176 304
704 16208 336
752 16224 112
752 16192 464
736 16176 336
736 16176 304
560 16176 304
576 16208 304
752 16176 336
704 16192 432
688 16144 352
688 16176 352
688 16176 352
752 16192 160
672 16160 224
656 16160 256
640 16160 112
640 16096 80
672 16096 160
640 16080 160
688 16128 64
720 16176 -112
752 16112 192
752 16160 160
768 16160 160
896 16192 128
704 16192 -144
480 16144 -256
640 16080 -160
640 16096 -352
752 16096 -352
576 16144 144
656 16112 128
752 16096 -80
944 16096 96
944 16032 192
896 16032 240
880 16048 240
736 16096 368
736 16096 304
624 16096 112
480 16096 272
560 16080 256
672 16160 272
784 16224 16
832 16240 -64
768 16160 -16
736 16176 -112
672 16144 0
672 16208 32
688 16176 80
736 16144 224
688 16128 368
624 16160 336
608 16176 240
656 16288 0
800 16224 0
736 16240 224
752 16144 -16
848 16192 400
800 16128 448
752 16128 256
848 16160 272
752 16144 208
736 16128 144
736 16096 144
704 16160 384
