startup(x,y,z):(656,16160,128)
-832 16368 -1744
160 16064 16
736 16144 -640
800 16128 144
-1056 15984 -3152
-3248 16272 -3184
-3248 15280 -6064
-4464 15280 2480
-896 14048 2480
912 19104 6048
864 18400 5440
624 16704 1376
464 15568 -640
464 15872 -64
448 15872 -64
608 16112 -144
464 16160 -352
272 16352 16
208 16128 32
256 16000 240
256 16256 -176
-64 16256 -176
-192 16256 -944
384 16160 -320
768 16048 160
736 16000 -32
736 16160 -352
832 16160 -880
256 15904 -4800
-944 15904 -3312
-560 15520 -3312
704 15280 -720
-2416 15328 -3632
-4512 15552 -2448
-4512 15760 -960
-3824 15504 -1616
-1744 15600 -1616
-1216 15504 -2032
-1056 15952 -1440
-960 15920 -1952
-512 16176 -688
128 16128 -160
320 16016 -16
592 15968 -688
592 15968 -528
880 15952 -528
944 16192 -432
1088 16112 384
1424 16160 1856
1456 16112 2160
1456 16208 1376
976 16144 224
480 16208 -672
272 16208 -672
352 16336 -928
704 16352 -80
704 16224 400
816 16160 304
608 16192 -192
720 16112 -144
720 16112 400
976 16192 400
1040 16208 848
944 16128 704
784 16144 256
720 16112 0
752 15984 -128
752 16096 -336
736 16096 -336
816 16080 -48
720 16080 -96
672 16112 -32
752 16080 448
752 16128 736
768 16128 544
800 16112 48
560 16112 48
448 16080 -160
496 16128 -272
688 16096 80
896 16096 400
896 16080 416
736 16080 304
672 16112 304
816 16160 384
928 16160 288
864 16128 416
656 16064 240
528 16048 0
528 16128 -208
592 16128 -208
608 16160 -352
720 16144 -256
688 16144 224
752 16048 288
752 16144 352
752 16144 256
800 16096 256
560 16128 256
640 16144 320
608 16096 288
768 16144 240
752 16144 176
752 16160 176
880 16160 -16
784 16112 -16
784 16112 80
672 16128 144
624 16128 416
704 16128 352
704 16112 208
768 16144 208
768 16144 176
704 16128 176
672 16112 64
624 16080 -64
704 16112 240
704 16208 336
736 16208 336
496 16208 304
560 16176 208
688 16192 320
672 16112 208
512 16112 192
688 16144 160
688 16144 336
832 16080 336
752 16112 464
576 16144 320
688 16144 320
640 16144 176
624 16192 352
640 16128 96
704 16080 176
528 16128 160
528 16144 128
544 16144 80
464 16208 80
608 16176 208
736 16192 336
672 16208 -48
672 16112 96
800 16112 80
832 16128 80
784 16112 -128
768 16128 -128
736 16144 176
704 16160 368
688 16176 224
816 16176 336
816 16176 96
864 16160 96
768 16144 0
864 16096 160
848 16096 176
688 16064 304
768 16032 64
848 16048 80
848 16048 -112
768 16128 -112
608 16176 32
496 16144 416
544 16160 352
592 16144 352
592 16080 192
592 16080 192
592 16112 432
480 16128 352
544 16096 336
592 16080 464
592 16048 128
848 16080 288
848 16144 256
736 16144 416
784 16112 416
688 16096 400
688 16128 112
720 16128 320
672 16128 96
704 16112 160
656 16144 -80
656 16144 176
528 16176 176
624 16128 128
816 16112 272
736 16112 128
736 16096 336
672 16080 304
560 16080 304
656 16096 272
736 16112 304
608 16208 416
656 16160 320
608 16112 480
560 16144 352
560 16128 224
640 16128 336
624 16144 336
608 16144 272
544 16128 432
576 16208 176
688 16160 208
752 16144 288
656 16112 240
656 16112 240
608 16080 240
544 16192 192
464 16160 192
640 16064 272
640 16096 -64
672 16096 -176
656 16128 -176
576 16224 -32
624 16128 144
640 16128 240
704 16144 368
688 16128 384
608 16096 304
608 16144 336
512 16144 304
608 16128 144
640 16064 144
592 16128 224
656 16128 192
720 16080 304
704 16176 256
656 16160 240
672 16096 176
672 16096 -48
736 16208 -48
672 16144 112
576 16112 384
560 16128 272
608 16128 288
624 16080 288
640 16128 112
800 16176 208
640 16112 128
624 16144 128
656 16048 128
656 16064 176
656 16032 304
720 16032 304
704 16064 544
560 16080 128
592 16096 -32
816 16176 64
816 16048 96
800 16128 16
752 16128 -16
704 16128 -16
720 16224 -48
944 16208 -128
864 16096 192
608 16128 192
720 16128 320
656 16080 320
624 16160 32
560 16176 304
640 16144 368
608 16064 272
704 16048 336
704 16096 496
720 16096 336
560 16144 336
656 16128 304
624 16176 320
640 16176 80
688 16112 160
688 16112 256
768 16112 256
736 16208 208
688 16128 128
672 16128 -112
592 16128 16
704 16176 -160
704 16160 0
640 16160 0
560 16160 128
688 16064 192
704 16192 16
736 16160 256
736 16128 304
816 15872 304
736 16112 224
768 16112 304
720 16096 304
720 16080 192
960 16080 224
1072 16096 400
880 16144 320
880 16112 448
752 16112 32
816 16144 32
736 16080 224
688 16112 448
624 16128 160
656 16128 96
816 16096 192
816 16032 176
752 16032 176
816 16016 128
784 16096 -96
608 16112 192
784 16160 272
784 16160 224
736 16112 224
624 16160 368
672 16128 224
752 16160 224
688 16128 -112
704 16128 -112
672 16080 -144
672 16128 224
736 16128 288
640 16096 288
560 16160 192
448 16128 304
464 16128 224
640 16080 192
672 16096 -16
672 16048 320
688 16048 -48
736 16048 -48
656 16160 64
688 16128 96
688 16144 16
624 16192 -48
592 16192 -48
512 16224 -16
592 16208 -32
656 16208 -48
832 16208 -96
688 16144 80
736 16096 192
736 16064 208
864 16064 -16
784 16080 -16
672 16080 160
816 16144 160
880 16144 384
832 16208 272
832 16144 272
736 16192 176
672 16192 -144
720 16160 -144
752 16192 144
864 16128 96
800 16096 128
496 16144 240
720 16160 240
736 16240 160
944 16192 -16
736 16112 48
720 16128 -16
768 16096 224
704 16080 304
704 16112 224
672 16112 160
848 16080 128
752 16016 384
608 16112 384
672 16112 336
512 16160 336
640 16144 416
608 16192 336
560 16192 496
560 16144 320
624 16144 304
784 16096 304
720 16112 224
720 16192 -112
656 16128 240
640 16064 288
640 16128 240
656 16128 496
576 16128 224
576 16128 224
544 16112 544
592 16112 352
640 16096 240
688 16016 304
688 16064 128
704 16128 192
688 16128 96
576 16176 96
576 16208 96
512 16160 240
768 16144 288
768 16192 96
688 16112 96
688 16144 160
800 16144 160
704 16256 160
672 16192 256
640 16144 176
896 16144 240
896 16144 208
784 16144 208
496 16160 48
640 16112 128
752 16112 224
784 16096 80
720 16064 128
720 16112 304
704 16112 320
560 16048 320
608 16128 256
624 16064 112
608 16016 -16
592 16032 240
576 16032 256
704 16000 192
704 15952 160
800 15952 160
752 16064 16
736 16032 0
784 16080 64
784 16144 -128
784 16144 -96
864 16192 -96
736 16144 208
416 16160 384
528 16112 224
736 16128 144
688 16160 336
688 16080 160
704 16032 144
688 16032 144
704 16112 -144
752 16144 -80
720 16128 32
768 16048 96
768 16096 16
688 16096 208
672 16144 192
704 16144 128
704 16160 128
720 16240 208
864 16144 304
864 16144 320
768 16144 336
704 16128 336
704 16080 320
656 16080 320
688 16128 80
752 16176 272
672 16176 272
672 16112 368
672 16112 448
576 16064 448
656 15984 272
752 16064 144
720 16096 128
784 16144 336
784 16064 416
736 16064 416
528 16048 384
592 16160 48
640 16080 272
640 16080 592
704 16160 400
704 16128 352
448 16128 352
512 16096 208
720 15952 48
688 16128 208
688 16096 176
624 16096 176
640 16080 192
608 16096 272
608 16080 256
816 16112 -144
816 16176 192
720 16192 288
720 16192 240
592 16192 240
544 16096 80
656 16128 64
672 16192 32
688 16192 256
784 16160 272
640 16112 272
640 16112 160
656 16112 160
752 16112 -32
656 16128 208
624 16080 192
624 16144 208
704 16144 144
720 16160 144
800 16112 272
864 16160 112
784 16160 256
688 16112 144
624 16160 32
624 16160 64
544 16256 64
656 16224 256
816 16144 304
768 16208 96
672 16208 160
672 16224 240
720 16224 240
688 16176 368
592 16160 368
608 16128 -32
640 16192 0
544 16128 288
544 16064 240
592 16064 240
608 16112 240
