startup(x,y,z):(656,16160,128)
3856 17728 9392
480 18848 4352
2000 16640 2128
1952 16768 -1888
1456 16208 -464
1376 16128 -688
1376 16128 -576
1168 16128 80
160 16064 80
-48 16080 704
-272 16384 784
64 16496 1104
416 16288 -12320
-4960 15952 -5472
-3968 17456 -5472
3104 17808 12272
4848 15408 12560
1584 15296 3888
1584 16160 -704
-1088 16160 -704
1008 16304 1856
2608 15424 368
3840 16064 -1984
3280 16304 -720
3280 16304 2672
3232 16464 1648
1952 16208 1648
1088 16352 -1360
464 16192 -3584
144 16096 -1888
144 16272 1760
1216 16272 1008
1696 16176 1008
1968 15904 832
1968 16048 2544
1424 16000 1616
1424 16208 -384
528 16208 -800
416 16240 -800
-432 16192 -1056
-704 16080 -1408
-224 16160 208
-224 15968 1024
608 15968 -96
560 15936 -96
576 15984 -176
560 16176 576
544 16144 992
544 16144 768
384 16128 368
256 16160 368
368 16192 496
464 16240 432
528 16192 144
528 16144 -224
432 16144 368
656 16096 368
640 16080 304
640 16144 160
800 16144 192
800 16080 224
672 16128 144
480 16112 -48
480 16112 -400
560 16096 -400
608 16128 -112
720 16112 16
848 16144 368
848 16144 416
784 16144 192
672 16096 192
624 16096 80
784 16064 160
736 16032 304
800 16032 320
800 16048 336
768 16048 224
576 16064 224
464 16064 112
528 16064 48
528 16128 496
528 16128 464
608 16128 144
768 16128 144
768 16096 288
736 16144 32
656 16096 128
656 16080 352
800 16080 288
720 16144 288
624 16144 240
768 16144 256
768 16144 0
768 16160 -160
656 16160 -160
784 16112 -176
768 16128 -128
832 16080 -112
832 16080 512
832 16128 464
960 16128 512
704 16192 512
640 16128 368
720 16224 304
736 16128 144
736 16272 192
576 16272 112
720 16128 112
640 16080 144
656 16128 -64
640 16144 96
640 16128 128
688 16128 128
544 16128 416
640 16096 416
688 16080 496
688 16144 144
672 16208 112
672 16176 -128
672 16176 -128
656 16192 96
704 16192 32
624 16112 64
848 16112 128
848 16096 96
704 16096 -288
736 16144 -288
464 16128 -48
608 16080 176
608 16112 304
608 16128 400
720 16128 400
528 16096 -16
720 16112 -16
512 16144 0
512 16064 -112
544 16064 144
576 16080 144
512 16032 48
528 16048 144
576 16064 48
576 16112 -48
528 16112 208
624 16080 208
688 16080 80
624 16064 400
784 16144 256
784 16096 480
736 16096 416
720 16080 416
480 16096 320
592 16096 192
656 16064 240
656 16144 224
592 16144 224
400 16144 368
608 16048 96
720 16080 160
704 16048 64
704 16048 288
784 16128 288
704 16224 544
800 16192 320
864 16160 112
688 16144 272
688 16016 208
704 16016 208
656 16096 96
752 16112 -32
848 16048 48
656 16080 -32
656 16128 -80
672 16128 -80
720 16128 -16
640 16080 192
608 16144 336
608 16160 352
608 16160 320
688 16128 320
800 16128 464
848 16128 176
640 16096 160
640 16096 480
640 16064 480
624 16096 -96
688 16080 -16
672 16128 -192
784 16064 -16
784 16064 240
608 16144 240
608 16128 256
640 16128 80
752 16128 96
752 16048 304
880 16048 96
864 16048 96
768 16144 208
752 16176 96
720 16176 96
720 16208 144
768 16208 64
688 16096 64
784 16080 64
704 16112 192
688 16112 32
688 16112 -112
752 16176 -112
720 16128 144
720 16112 240
784 16048 480
704 16176 496
704 16096 336
720 16096 336
784 16112 480
896 16128 176
688 16048 320
688 16112 -16
688 16112 80
528 16112 80
688 16144 48
720 16144 176
752 16144 320
720 16144 208
848 16128 16
848 16080 208
672 16080 288
608 16144 288
672 16000 208
592 16128 384
528 16144 416
528 16144 464
608 16112 208
848 16096 208
800 16064 400
640 16064 672
640 16096 448
640 16064 448
672 16064 448
544 16096 672
560 16128 464
544 16144 256
544 16096 48
624 16096 48
768 16080 64
768 16080 64
864 16112 80
752 16128 144
768 16128 192
768 16112 288
640 16112 720
640 16080 720
768 16128 416
784 16144 112
736 16064 144
704 16032 256
704 16048 416
688 16048 416
752 16096 304
592 16080 -64
720 16112 320
624 16192 256
656 16192 368
656 16080 352
752 16080 352
592 16112 176
704 16128 176
640 16160 160
752 16096 -112
752 16112 -112
768 16112 -32
624 16128 64
656 16096 112
592 16096 112
656 16048 64
608 16080 176
736 16112 416
736 16048 224
800 16048 224
640 15984 384
704 16032 272
640 16096 64
720 16144 -48
752 16128 112
784 16096 128
784 16096 192
688 16096 192
800 16112 208
736 16016 336
624 16016 208
624 16112 208
656 16112 304
592 16112 304
640 16192 272
704 16176 304
752 16096 320
752 16064 288
688 16048 -16
688 16048 -208
832 16032 -208
816 16048 32
832 16112 64
688 16176 208
672 16096 176
672 16096 -80
768 16128 -80
688 16128 -304
688 16096 -96
816 16128 48
752 16144 352
736 16112 288
736 16112 96
800 16128 96
800 16144 448
896 16144 160
640 16128 304
640 16160 208
896 16160 336
816 16176 336
688 16144 208
752 15872 96
688 16112 96
752 16096 368
928 16128 144
816 16096 144
816 16096 176
768 16080 432
704 16096 320
752 16080 560
816 15952 528
720 16064 368
672 16032 304
592 16016 192
592 16016 128
720 16000 128
720 16080 80
528 16160 176
608 16016 208
608 16032 160
624 16032 144
576 15984 144
672 16080 48
784 16064 416
640 16032 352
640 16064 240
672 16064 240
688 16080 32
640 16128 176
848 16144 48
848 16080 -32
736 16080 -32
688 16048 240
688 16064 176
720 16080 80
560 16096 272
560 16080 240
640 16080 -112
576 16192 -112
624 16128 304
384 16048 448
624 16080 304
624 16112 240
608 16112 240
624 16192 320
848 16064 336
800 16080 496
720 16240 304
624 16240 -112
624 16112 16
656 16112 144
752 16176 144
752 16128 352
752 16128 48
736 16064 96
640 16080 224
544 16032 224
560 16080 384
672 16096 304
688 16128 208
688 16144 208
688 16144 224
704 16080 224
864 16096 48
880 16112 496
784 16096 416
528 16096 336
688 16112 176
656 16112 176
624 16208 144
624 16208 64
688 16144 304
656 16160 352
752 16176 176
752 16160 48
848 16160 160
848 16160 160
704 16192 320
704 16192 240
784 16160 64
784 16128 256
704 16128 256
672 16112 336
688 16080 272
736 16128 224
816 16080 192
640 16128 224
640 16112 288
752 16112 288
592 16112 336
672 16096 -48
672 16064 144
736 16096 208
736 16112 432
752 16112 480
752 16112 320
768 16144 256
864 16128 256
720 16144 368
784 16144 336
688 16144 416
688 16176 288
768 16176 288
784 16128 32
720 16064 176
784 16128 112
736 16128 112
672 16128 96
624 16080 336
624 16032 512
640 16032 512
640 16128 528
688 16112 608
720 16080 288
720 16160 128
864 16160 288
832 16096 288
800 16096 304
784 16160 96
640 16128 208
688 16176 240
656 16208 240
656 16128 208
592 16128 208
704 16016 176
704 16096 496
720 16160 -48
800 16128 -80
800 16128 128
784 16128 128
672 16096 80
688 16128 256
720 16112 192
624 16192 368
560 16112 432
560 16144 480
592 16144 480
608 16176 320
608 16064 560
752 16112 528
800 16144 304
800 16144 352
688 16144 16
752 16144 -48
736 16064 48
720 16064 48
672 16032 128
768 16048 144
672 16160 224
672 16128 192
560 16128 80
720 16112 80
720 16160 192
720 16160 272
688 16112 48
656 16160 -80
720 16144 144
720 16112 -96
768 16112 -96
736 16160 -32
448 16160 32
432 16128 64
432 16064 144
576 16096 144
656 16096 144
672 16080 560
720 16048 544
800 16048 400
624 16016 384
688 15984 288
688 16080 32
544 16080 32
736 16080 80
688 16112 80
496 16176 176
496 16176 128
752 16144 80
576 16112 16
704 16080 192
608 16080 192
688 16064 400
640 16176 208
656 16208 -32
656 16192 -192
704 16192 -112
720 16096 144
736 16048 144
752 16064 64
576 16144 128
496 16112 288
720 16096 192
752 16160 -144
752 16176 48
688 16176 128
