startup(x,y,z):(656,16160,128)
1120 16064 -1888
-496 16528 1680
-1632 16144 -1056
-1632 15808 -2736
-1184 15808 -2736
-720 15984 -1104
-400 15744 -432
-352 16032 -256
256 16320 512
256 16208 528
432 16128 -16
432 16272 800
1040 16272 288
896 16192 320
720 16080 64
944 16144 384
944 16240 -144
672 16128 -832
368 16128 192
480 16080 192
640 16128 496
576 16096 176
736 16112 144
944 16048 112
912 16064 -144
768 16096 160
768 16064 32
592 16064 -240
640 16112 -240
784 16080 160
912 16144 464
768 16112 160
608 16112 32
720 16192 368
496 16176 352
496 16176 416
624 16128 416
672 16192 368
672 16272 144
720 16128 384
816 16080 368
688 16160 384
640 16192 384
640 16096 320
672 16144 192
528 16096 400
576 16096 400
624 16112 560
720 16064 336
672 16048 128
672 16112 352
784 16112 352
688 16112 368
928 16112 224
848 16032 208
704 16048 192
656 16048 240
704 16048 240
704 16048 160
848 16048 208
784 16096 208
928 16208 112
896 16160 336
800 16048 128
800 16160 368
688 16160 368
688 16160 208
624 16176 256
592 16192 240
464 16128 384
544 16080 256
592 16192 192
624 16112 112
624 16112 112
704 16080 112
880 16112 112
816 16080 176
800 16112 272
832 16096 320
752 16128 208
704 16064 208
704 16048 544
656 16048 544
752 16112 368
720 16144 -48
640 16080 256
736 16080 304
672 16080 192
704 16192 192
704 16192 16
704 16160 16
736 16112 32
656 16144 32
688 16112 224
784 16080 272
704 16144 32
704 16096 256
800 16096 144
864 16064 144
656 16112 -16
672 16144 256
592 16128 352
416 16112 272
432 16160 128
512 16176 208
512 16176 112
704 16208 112
688 16048 192
560 16096 304
640 16064 224
640 16112 144
688 16112 128
800 16112 128
784 16112 176
800 16176 48
656 16176 176
624 16112 368
624 16176 384
640 16176 224
672 16224 224
704 16112 240
448 16160 208
544 16176 80
656 16160 176
656 16144 64
672 16160 -48
640 16144 -208
640 16144 -208
672 16160 -144
688 16192 144
752 16160 64
672 16144 48
672 16144 144
624 16144 112
592 16112 304
592 16176 256
624 16176 272
752 16192 224
880 16208 224
784 16096 160
640 16048 208
688 16080 208
688 16064 320
672 16064 320
848 16048 288
768 16112 352
720 16048 -32
800 16064 112
752 16048 384
704 16144 192
496 16128 176
496 16128 272
448 16080 272
576 16208 320
720 16176 48
736 16160 48
688 16080 192
688 16080 192
864 16096 -16
592 16144 -64
496 16144 96
560 16176 176
672 16144 192
624 16144 240
624 16144 192
704 16144 192
592 16176 64
688 16144 96
592 16128 144
656 16112 112
736 16128 240
736 16160 64
720 16144 144
720 16144 -16
736 16144 -16
688 16080 32
608 16112 160
736 16048 208
720 16128 256
720 16128 192
784 16192 64
528 16240 112
624 16240 112
816 16176 208
832 16208 128
896 16128 128
688 16128 112
736 16112 -48
832 16160 -48
752 16144 -144
752 16160 128
736 16160 128
800 16192 112
736 16144 48
592 16096 16
720 16080 16
640 16112 128
576 16144 288
624 16128 208
624 16128 256
688 16144 256
704 16192 288
768 16176 336
768 16208 224
768 16208 256
720 16208 288
512 16192 288
544 16128 192
640 16128 192
672 16064 448
608 16064 320
688 16096 320
688 16128 304
752 16128 304
736 16144 -96
768 16096 -48
768 16096 -128
784 16080 -32
528 16096 224
800 16096 128
800 16112 -48
720 16112 -48
784 16064 496
768 16048 80
848 16080 80
848 16112 224
752 16112 400
720 16160 256
672 16160 256
624 16192 144
544 16176 304
528 16176 240
736 16112 16
656 16048 176
656 16048 384
544 16144 384
672 16096 160
608 16064 144
864 16112 160
800 16128 16
800 16160 272
672 16160 272
624 16144 416
640 16144 352
608 16128 384
672 16080 272
672 16080 320
640 16096 320
608 16128 288
624 16176 96
704 16096 304
704 16192 272
656 16192 32
752 16192 128
720 16160 112
800 16208 112
752 16160 -16
896 16128 32
704 16144 112
640 16160 128
640 16128 64
656 16128 32
800 16160 32
768 16160 -144
672 16160 0
688 16128 112
656 16064 80
736 16080 -16
672 16128 80
672 16128 80
672 16080 80
768 16048 -16
704 16096 336
688 16128 336
688 16128 224
800 16080 320
800 16032 160
752 16080 224
752 16080 96
672 16144 96
736 16112 176
736 16112 272
640 16096 224
640 16112 48
704 16112 -48
640 16192 -48
544 16192 48
384 16112 256
560 16112 144
704 16096 96
704 16112 336
704 16112 224
768 16112 224
912 16112 96
640 16080 176
400 16112 0
400 16256 32
432 16256 208
512 16176 208
592 16128 -48
624 16144 -288
592 16112 32
608 16192 -96
800 16160 -16
800 16160 80
816 16160 80
784 16144 128
688 16096 272
640 16096 352
752 16064 192
704 16160 112
704 16112 256
704 16032 112
736 16112 240
688 16112 240
560 16064 160
608 16048 96
656 16000 176
656 16048 224
624 16048 80
976 16112 -96
752 16112 -96
592 16048 0
624 16112 224
592 16080 -64
496 16080 112
656 16064 144
656 16112 128
720 16112 400
800 16048 400
832 16080 368
800 16128 368
736 16208 384
736 16112 208
640 16112 192
544 16176 192
512 16160 128
496 16112 128
544 16080 464
720 16160 464
656 16272 288
656 16272 -16
576 16160 -16
784 16128 0
832 16096 176
784 16064 192
736 16080 320
736 16048 128
592 16176 256
576 16176 496
592 16208 352
624 16192 96
528 16144 -16
528 16128 -208
640 16128 80
672 16112 64
656 16128 64
752 16128 48
752 16192 16
832 16096 0
768 16064 80
704 16112 288
704 16144 208
736 16144 208
688 16224 -32
672 16192 -176
608 16064 112
544 16112 64
576 16112 144
576 16112 96
608 16144 352
704 16176 432
464 16176 432
464 16176 448
816 16208 416
960 16080 368
800 16080 336
800 16080 192
784 16112 192
752 16096 192
816 16128 32
624 16128 144
752 16160 128
688 16192 -80
656 16224 0
656 16224 0
848 16144 0
768 16112 208
672 16144 336
640 16176 432
672 16112 320
672 16112 160
848 16096 160
832 16032 384
688 16096 256
736 16000 432
800 16080 672
944 16080 272
944 16064 -16
752 16064 -16
976 16064 -64
816 16112 -128
720 16064 48
448 16112 16
576 16176 128
576 16176 32
752 16144 96
592 16144 48
608 16192 48
656 16192 144
640 16080 272
688 16048 352
688 16048 224
576 16176 0
656 16240 16
656 16160 16
624 16064 368
624 16064 288
576 16112 192
688 16096 240
720 16144 144
720 16128 80
720 16128 48
784 16128 48
688 16144 176
784 16176 192
832 16144 208
880 16176 208
800 16208 224
752 16192 240
624 16160 400
624 16160 384
736 16112 384
720 16048 272
704 16064 368
672 16080 224
672 16064 304
688 16064 304
768 16096 128
688 16160 192
624 16176 208
640 16160 96
704 16064 128
704 16016 96
704 16016 400
720 15984 400
768 16128 528
688 16112 448
688 16144 272
688 16176 160
832 16176 336
816 16128 336
944 16144 448
944 16192 288
832 16208 64
816 16128 80
688 16128 160
688 16128 400
672 16128 400
640 16160 432
672 16144 -32
768 16192 -64
768 16176 -64
768 16176 80
640 16112 160
720 16000 304
704 16000 304
672 16096 368
624 16112 368
592 16160 320
592 16160 192
608 16096 192
496 16128 176
496 16112 16
560 16160 -80
592 16112 144
480 16112 272
480 16112 96
816 16112 32
736 16128 32
752 16048 -64
672 16112 0
672 16096 256
640 16128 336
672 16128 336
608 16128 -64
672 16128 208
688 16160 160
640 16192 -80
560 16144 288
560 16144 176
560 16144 176
736 16112 512
688 16112 464
560 16096 16
512 16176 0
560 16208 80
560 16208 80
592 16208 80
592 16192 288
704 16144 224
656 16176 -160
688 16176 -176
656 16176 -256
656 16176 -160
768 16128 -160
784 16128 -32
848 16128 240
656 16096 240
720 16096 384
656 16064 272
672 16096 320
