startup(x,y,z):(704,16224,144)
-4848 16144 -2800
-3520 15696 -4144
-1600 15008 -4320
160 15440 -2016
656 15600 -864
1216 16016 864
1216 16064 368
1696 16064 368
1424 16336 96
1360 16112 -112
816 16256 320
752 16192 -528
1008 16176 -608
1008 15888 -240
1184 15888 -240
1344 16032 176
960 15920 -128
768 16048 -144
544 16304 -560
544 16304 -544
720 16176 -544
960 16112 256
1088 16080 560
720 16160 128
752 16192 -240
752 16096 -288
832 16096 -288
976 16016 448
880 16112 320
848 16112 -400
848 16048 -1296
304 16048 -2976
176 16480 -272
352 16480 -272
1520 16560 1728
2224 16272 1968
2544 16064 2192
2544 15840 1392
1776 15840 -48
1280 15888 -48
464 16080 -864
464 16240 -32
208 16272 -912
208 16384 -1120
432 16160 -1168
432 16080 0
656 16080 0
896 16032 768
1104 16144 1184
928 16128 592
928 16192 128
288 16192 -384
288 16144 -512
240 16144 208
608 16176 208
496 16208 -400
416 16240 -688
528 16208 -320
1184 16256 1376
1360 16096 2144
1360 16096 1648
1392 16080 1648
768 16144 320
624 16240 -16
496 16320 -608
352 16224 -704
352 16176 -384
528 16096 272
816 16048 480
992 16048 480
1040 16112 128
608 16128 112
592 16160 -128
592 16224 192
704 16224 192
880 16288 448
704 16272 144
624 16240 16
704 16128 320
576 16064 480
896 16112 736
896 16192 464
992 16192 464
912 16160 464
720 16224 -176
400 16192 -144
448 16192 -352
576 16128 32
576 16128 384
640 16064 384
720 16192 384
656 16192 80
592 16144 -32
640 16176 144
800 16192 368
800 16112 192
832 16112 192
800 16048 208
688 16176 128
672 16128 288
736 16144 416
768 16192 160
624 16224 96
640 16176 -64
640 16192 -128
624 16192 -128
672 16208 -336
736 16128 0
640 16208 80
640 16176 -96
800 16176 -96
624 16176 128
608 16176 -48
704 16032 336
704 16128 352
752 16080 752
752 16144 832
976 16144 832
928 16272 784
656 16144 512
576 16208 272
576 16176 208
576 16176 208
496 16096 208
816 16080 80
864 16144 240
928 16144 496
768 16160 320
688 16208 272
688 16256 464
880 16256 464
1072 16160 832
1184 16096 176
1040 16272 448
960 16224 480
960 16224 208
864 16240 208
928 16176 256
832 16176 128
768 16128 368
688 16128 416
656 16160 144
656 16096 64
592 16096 64
480 16176 64
528 16144 -320
672 16112 -320
576 16176 80
576 16256 272
656 16224 432
752 16224 464
704 16176 464
704 16160 160
848 16176 288
784 16096 144
784 16112 80
672 16112 80
624 16112 80
784 16208 256
752 16176 272
704 16176 96
704 16112 48
736 16176 256
640 16176 0
624 16192 0
656 16112 0
608 16064 64
608 16128 288
720 16128 288
688 16176 224
672 16192 -48
752 16176 96
1184 16160 464
1184 16224 240
1072 16064 -64
1072 16064 336
928 16048 336
768 16272 400
800 16128 576
624 16096 352
624 16096 48
672 16112 48
672 16048 -192
640 16064 224
512 16032 160
704 16080 -64
736 16144 128
736 16096 368
720 16096 368
704 16192 64
672 16192 208
736 16112 480
736 16160 304
864 16208 368
896 16176 192
752 16176 -64
736 16176 -64
848 16224 0
816 16192 304
704 16192 288
800 16128 128
800 16112 352
592 16112 352
672 16160 384
656 16128 240
608 16208 96
656 16144 -64
656 16144 288
720 16224 288
800 16160 336
576 16160 352
672 16064 112
512 16048 176
512 16128 112
512 16128 160
768 16192 160
656 16192 288
576 16160 272
640 16224 0
640 16032 -112
672 16032 -112
752 15984 -96
736 16080 -64
672 16080 64
672 16128 304
560 16192 176
560 16208 -64
560 16208 -64
560 16208 -48
544 16176 288
656 16144 160
624 16112 96
624 16112 -16
736 16208 -16
800 16176 0
816 16192 0
752 16176 112
880 16176 -144
704 16160 -32
704 16160 -112
736 16096 -112
816 16128 144
752 16192 256
832 16144 160
816 16176 256
768 16224 288
656 16176 464
656 16144 416
608 16144 416
608 16176 592
848 16176 240
832 16160 192
832 16208 144
656 16208 400
592 16224 400
672 16192 256
752 16224 208
736 16240 -80
672 16192 -48
640 16176 0
640 16176 -32
608 16192 -32
736 16144 -48
768 16128 240
720 16112 528
720 16096 432
736 16096 432
656 16096 400
592 16048 496
752 16080 224
672 16176 288
768 16160 96
768 16160 272
864 16048 272
768 16176 272
688 16080 480
800 16096 624
800 16128 496
656 16128 496
848 16080 400
576 16144 256
496 16144 272
448 16192 352
576 16208 496
576 16208 320
768 16192 320
752 16112 272
704 16208 -32
752 16192 80
608 16192 -80
720 16112 48
720 16208 128
688 16272 256
656 16272 64
688 16272 64
672 16160 96
624 16112 160
464 16080 240
464 16064 336
432 16064 336
448 16176 16
464 16192 64
576 16128 -16
576 16096 96
720 16144 448
576 16176 160
576 16112 160
592 16112 160
736 16112 0
608 16096 400
736 16096 368
736 16192 480
672 16192 112
592 16160 112
576 16128 -128
576 16224 96
672 16160 192
656 16160 192
688 16224 272
736 16160 240
736 16160 112
752 16208 112
592 16192 224
560 16144 288
528 16144 224
528 16160 224
800 16160 224
720 16128 208
688 16144 208
640 16176 304
832 16176 160
656 16176 576
672 16192 336
672 16192 160
768 16192 160
720 16112 208
640 16160 224
608 16176 528
688 16208 368
704 16160 192
704 16160 160
704 16192 -32
832 16192 -368
832 16192 -368
736 16160 -80
864 16208 -336
864 16128 48
768 16128 144
656 16112 144
608 16176 64
656 16128 -16
672 16208 80
752 16112 192
704 16112 -128
704 16112 112
480 16096 112
592 16080 304
576 16080 96
528 16192 64
528 16208 112
592 16208 128
608 16208 128
640 16240 176
736 16224 80
768 16224 128
816 16192 96
720 16240 96
720 16240 0
608 16160 0
656 16096 16
672 16128 0
720 16080 -32
720 16080 -160
736 16144 -160
608 16224 -176
704 16160 64
752 16192 -48
656 16160 96
688 16096 176
688 16192 240
688 16192 240
944 16176 128
928 16080 544
880 16112 304
720 16112 112
624 16128 256
496 16096 336
608 16144 368
656 16160 368
816 16160 128
848 16160 80
800 16064 176
800 16160 304
720 16160 304
672 16208 16
560 16128 144
528 16224 256
656 16176 432
656 16176 368
704 16144 336
720 16144 304
704 16192 304
784 16144 192
624 16160 288
656 16176 336
656 16176 240
656 16096 240
784 16112 304
768 16048 512
592 16080 464
640 16112 416
768 16160 256
768 16160 -64
912 16160 160
784 16144 160
656 16176 176
752 16144 32
768 16128 16
768 16128 -32
736 16096 -32
816 16064 224
672 16080 96
592 16096 128
640 16064 -32
736 15984 80
736 16032 32
800 16032 32
784 16048 320
816 16096 240
784 16128 528
848 16128 400
784 16080 240
688 16080 256
688 16080 176
752 16176 400
608 16128 480
592 16064 480
640 16144 240
656 16096 336
576 16096 224
576 16096 480
608 16096 480
688 16128 288
672 16160 96
448 16096 192
448 16128 256
672 16128 512
672 16112 320
736 16112 320
736 16176 288
688 16224 304
672 16240 32
672 16160 272
672 16160 160
608 16112 416
496 16160 464
544 16128 304
736 16128 192
848 16128 -64
816 16080 -80
752 16160 -64
752 16160 -96
848 16144 -96
752 16144 160
768 16112 160
704 16064 160
704 16176 144
624 16176 144
688 16128 176
832 16128 48
848 16048 288
688 16112 432
656 16096 320
656 16064 256
688 16064 256
624 16080 288
656 16192 288
608 16224 160
688 16224 96
672 16256 112
720 16128 128
720 16128 144
784 16112 112
800 16112 -16
560 16112 -16
656 16144 80
704 16176 16
688 16192 112
688 16192 160
752 16176 160
768 16160 112
592 16112 240
720 16192 64
640 16160 -128
704 16192 16
704 16224 -128
704 16224 240
640 16176 240
672 16240 -176
800 16160 160
640 16160 16
640 16160 16
736 16128 32
624 16160 32
672 16160 96
640 16240 144
592 16208 304
624 16192 272
624 16176 224
704 16176 -32
800 16208 -64
800 16272 64
