startup(x,y,z):(656,16160,128)
7728 16576 4752
16016 15360 18160
18352 22592 6864
9680 14704 6048
5632 15072 2272
5200 17888 4064
-7584 18160 -5520
-2832 16752 13568
432 16112 -864
320 16112 -864
32 15952 -1856
624 16064 -1136
1008 16336 -32
1056 16160 1056
1056 16160 -176
464 16128 -176
64 16192 -1952
16 16032 -1152
752 15984 592
960 16128 1152
784 16016 592
672 16080 144
672 16080 784
528 15984 32
528 16096 144
608 16048 224
624 16128 544
624 16128 48
608 16112 -192
736 16096 336
832 16096 480
944 16096 480
864 16080 672
656 16112 -16
672 16192 240
672 16128 -64
640 16128 48
784 16208 48
512 16176 272
736 16096 16
624 16160 96
688 16208 160
576 16080 272
688 16080 432
688 16080 304
672 16160 304
736 16128 32
848 16128 -272
896 16080 -80
736 16176 16
736 16176 96
800 16128 96
784 16080 256
768 16064 336
752 16096 224
832 16000 272
976 16032 480
976 16048 624
880 16048 240
608 16032 240
560 16080 -352
496 16080 -368
464 16112 -128
464 16080 160
496 16080 192
528 16128 96
528 16080 208
752 16080 416
912 16032 416
688 16112 560
672 16192 368
608 16192 336
640 16080 128
640 16080 -96
688 16192 -96
704 16112 -112
544 16080 -128
608 16080 128
816 16064 128
640 16128 80
624 16112 -32
688 16080 208
688 16080 224
560 16128 224
592 16144 288
704 16112 160
704 16160 240
768 16144 688
768 16112 448
960 16080 80
960 16096 112
800 16096 112
656 16176 -208
608 16256 80
640 16160 -160
640 16144 -48
752 16144 -48
736 16144 -48
688 16128 176
736 16080 224
704 16160 192
624 16144 -32
432 16160 256
432 16112 -128
656 16112 -128
560 16112 -288
560 16208 -240
576 16112 48
752 16128 192
752 16144 384
736 16144 384
512 16112 240
640 16160 320
720 16128 272
784 16080 272
752 16064 624
672 16080 432
672 16080 560
512 16112 560
656 16128 160
672 16096 160
512 16080 64
512 16096 160
624 16064 64
784 16128 -48
784 16048 256
784 16048 368
720 16016 368
784 16032 512
800 16080 464
784 16064 144
784 16144 176
720 16144 128
768 16096 128
576 16048 32
656 16096 144
624 16096 288
528 16112 288
576 16128 336
480 16144 288
560 16144 320
704 16144 320
560 16144 288
640 16144 272
624 16144 400
608 16128 448
512 16096 432
480 16096 272
480 16096 240
592 16160 240
624 16176 432
784 16160 336
800 16112 496
800 16096 368
864 16096 544
912 16096 544
944 16144 544
784 16080 608
768 16064 400
672 16160 80
672 16192 64
672 16192 80
672 16192 80
704 16144 64
640 16096 80
512 16096 -144
496 16112 176
496 16112 128
848 16112 176
816 16112 240
864 16144 320
720 16144 320
656 16192 320
704 16064 208
704 16032 496
592 16112 352
592 16112 352
640 16048 352
624 16048 144
688 16096 -112
752 16192 -144
704 16144 -16
624 16208 -32
624 16144 -16
832 16144 160
720 16192 160
720 16176 192
816 16112 288
560 16160 224
640 16144 176
736 16144 176
688 16208 176
528 16144 192
560 16176 160
640 16112 176
576 16128 400
592 16192 176
592 16192 -112
720 16112 -112
752 16112 128
752 16128 -144
768 16096 -144
768 16096 144
688 16096 144
592 16112 128
512 16032 112
592 16128 112
624 16112 128
768 16080 48
736 16032 224
736 16032 512
832 16096 512
832 16128 320
864 16160 192
784 16176 144
784 16128 224
784 16112 176
768 16176 192
704 16176 48
512 16160 336
576 16160 192
496 16160 176
560 16208 112
560 16224 256
560 16224 288
384 16192 288
448 16160 288
512 16128 144
640 16064 160
736 16080 240
720 16128 176
720 16128 224
512 16128 224
672 16112 240
736 16208 288
752 16112 592
736 16112 592
672 16192 416
656 16176 96
592 16240 208
592 16112 160
608 16112 160
624 16064 480
720 16096 256
768 16016 96
768 16064 160
704 16064 160
688 16144 144
640 16112 368
768 16080 0
736 16128 80
736 16064 448
688 16064 144
672 16048 144
752 16096 224
704 16080 224
672 16048 208
672 16032 48
528 16048 176
688 16096 96
624 16096 384
608 16048 544
608 16112 336
512 16112 416
480 16064 416
640 16064 640
704 16064 176
656 16064 336
656 16064 384
784 16032 384
704 16064 432
608 16080 160
704 16096 -64
592 16064 176
592 16080 128
688 16080 128
880 16080 208
704 16144 240
704 16128 448
704 16128 480
656 16128 480
704 16096 304
592 16112 96
640 16096 -64
480 16176 80
480 16160 -96
736 16160 96
704 16064 96
640 16112 224
576 16112 224
736 16160 192
736 16128 192
848 16128 192
752 16096 304
800 16048 112
848 16080 144
656 16000 192
656 16000 304
832 16048 304
848 16032 96
784 16112 208
896 16080 -80
896 16096 32
768 16096 224
800 16032 224
736 16048 128
736 16128 48
752 16144 80
864 16128 96
864 16128 240
736 16112 240
800 16160 352
752 16112 304
624 16144 0
624 16144 0
736 16144 272
656 16144 272
704 16080 192
592 16064 304
672 16048 320
672 16080 256
656 16080 256
592 16048 304
480 16112 176
320 16144 288
352 16096 80
352 16016 112
464 16016 112
560 16112 480
736 16144 176
800 16080 272
800 16128 176
640 16128 208
736 16112 208
656 16192 208
640 16144 128
608 16192 336
656 16160 224
656 16160 256
480 16160 256
576 16112 208
560 16080 512
672 16112 336
672 16112 416
528 16080 416
720 16112 448
736 16224 272
848 16224 64
704 16192 -16
704 16192 336
768 16112 336
592 16128 64
624 16112 64
672 16128 -144
672 16160 112
768 16160 112
720 16144 288
720 16096 288
704 16096 -112
688 16160 -80
688 16144 176
624 16144 336
640 16144 336
656 16160 176
672 16192 0
688 16176 128
688 16176 144
624 16128 144
640 16176 320
784 16176 176
688 16032 384
688 16080 256
720 16080 400
704 16128 400
832 16128 384
688 16112 288
864 16064 48
864 16112 -32
832 16112 -32
736 16176 -304
848 16096 192
832 16080 352
832 16080 320
720 16080 320
736 16160 176
720 16112 -128
704 16096 -160
704 16144 -32
704 16144 272
720 16096 272
704 16080 304
784 16096 304
752 16144 -112
752 16064 48
576 16064 272
624 16048 272
640 16144 224
624 16064 320
672 16096 464
672 16080 320
816 16080 448
832 16048 448
720 16064 288
768 16128 336
768 16160 288
800 16096 224
656 16096 224
624 16048 128
560 16016 112
624 16096 208
576 16096 224
576 16096 96
528 16192 96
608 16096 -32
640 16176 -32
608 16160 -80
608 16160 64
576 16224 64
608 16128 432
672 16144 0
800 16144 -32
768 16080 32
768 16096 144
736 16096 144
464 16080 272
608 16048 304
576 16048 400
576 16032 304
688 16032 112
496 16000 112
592 16064 240
592 16064 224
528 16160 176
528 16160 160
560 16160 64
576 16096 64
624 16096 256
560 16176 96
720 16096 272
720 16096 32
784 16144 32
768 16144 96
688 16192 64
608 16192 208
688 16240 256
688 16112 176
624 16112 176
800 16112 112
800 16112 96
752 16144 384
768 16112 368
768 16112 576
672 16144 576
752 16192 496
816 16176 352
688 16144 432
720 16128 384
720 16128 288
704 16144 288
688 16096 320
720 16048 272
832 16032 240
688 16144 128
688 16144 192
864 16096 192
672 16144 -176
768 16080 0
736 16064 272
512 16080 336
512 16048 160
560 16048 304
640 16000 304
640 16048 224
592 16080 64
608 16048 64
608 16048 208
624 16080 208
768 16080 192
704 16048 336
624 16080 272
528 16064 496
528 16080 464
608 16080 304
560 16160 304
656 16176 288
608 16112 320
816 16112 288
816 16112 384
688 16144 384
704 16160 112
864 16128 16
752 16096 16
1008 16112 160
784 16112 512
688 16112 512
720 16144 464
656 16160 272
672 16144 336
672 16144 320
640 16144 256
560 16208 256
496 16160 256
544 16064 48
544 16112 288
544 16112 320
544 16048 320
592 16096 64
672 16064 112
800 16016 -80
800 16160 64
688 16160 96
848 16112 96
