startup(x,y,z):(672,16160,176)
-1376 18048 -7216
7232 10720 -4768
6960 13152 -1104
3840 16416 -2432
3840 15280 -3088
432 15280 -3088
-96 15376 -976
1056 16032 -800
736 15776 -864
576 16096 64
784 16416 480
784 16416 848
784 16448 848
928 17152 -4336
5840 17584 7728
3520 16944 7920
-32 15808 3616
112 15744 1296
2608 16544 464
2608 15760 -2144
2080 15760 -2352
1040 16272 1536
1280 16640 1536
928 16192 1552
928 16240 -128
512 16368 -1696
96 16240 -2240
0 16000 -1136
1072 16048 1648
1072 16448 2416
1456 16448 2416
1344 16288 2208
1216 16144 896
704 16240 -480
928 16064 512
928 16256 -48
928 16192 -240
928 16144 -304
512 16144 -304
368 16080 -192
480 16064 352
672 16144 768
768 16176 848
592 16160 48
592 16192 -528
560 16192 -416
480 16192 -416
512 16176 480
656 16144 880
688 16160 48
464 16144 -208
656 16160 -32
656 16112 640
880 16112 384
864 16144 272
832 16096 176
624 16160 -256
816 16128 -512
528 16160 -352
688 16128 -224
800 16112 288
800 16128 480
800 16128 448
848 16208 448
768 16064 528
752 16048 400
832 16128 256
672 16128 240
672 16144 192
624 16144 -224
720 16208 -256
784 16224 -128
656 16128 -128
672 16128 176
608 16176 384
800 16160 336
800 16096 128
768 16096 208
784 16128 208
848 16224 256
864 16160 240
800 16144 272
816 16160 48
752 16080 32
736 16112 80
736 16096 160
704 16096 160
480 16048 48
496 16048 -256
544 16208 -304
544 16144 -192
656 16176 32
656 16176 320
592 16192 320
688 16192 128
672 16160 128
736 16160 208
816 16096 256
704 16096 160
704 16096 16
656 16096 16
672 16128 32
560 16144 32
768 16112 16
832 16128 80
768 16128 224
896 16128 256
864 16128 320
864 16128 496
880 16144 288
880 16160 288
880 16192 176
688 16208 48
784 16192 -96
768 16064 80
768 16128 -64
688 16128 -96
624 16160 -112
688 16144 -112
768 16224 224
768 16144 192
768 16192 64
816 16176 192
816 16176 0
864 16160 0
800 16096 16
752 16160 0
816 16208 48
752 16192 160
656 16144 192
576 16176 80
576 16176 160
512 16080 160
784 16144 80
880 16144 416
816 16144 192
816 16048 176
624 16000 128
624 16080 -32
688 16080 432
656 16128 288
624 16080 128
720 16176 128
672 16112 48
624 16160 160
592 16096 48
592 16112 80
608 16112 80
832 16096 112
752 16112 64
768 16176 96
592 16176 80
656 16144 336
688 16160 368
688 16160 224
784 16160 112
752 16112 112
608 16208 80
560 16192 32
544 16160 128
624 16112 144
672 16112 128
672 16144 64
624 16176 144
624 16176 48
704 16192 48
784 16160 -112
720 16112 -32
752 16080 160
752 16192 144
672 16208 192
672 16208 64
688 16208 64
640 16176 -48
640 16192 -32
752 16160 224
768 16192 272
736 16128 368
704 16064 320
704 16080 304
912 16080 736
720 16160 736
688 16208 544
624 16224 384
768 16208 112
768 16112 32
720 16144 144
640 16176 -48
640 16176 -16
560 16064 -16
576 16144 -32
560 16160 -16
560 16240 48
560 16208 96
640 16128 208
736 16128 208
720 16224 112
608 16288 208
608 16224 112
608 16208 160
672 16240 0
608 16144 0
608 16208 48
736 16208 80
672 16144 80
752 16160 80
688 16144 48
672 16112 48
672 16112 -32
672 16080 -96
640 16224 -96
640 16192 112
672 16192 192
720 16192 192
656 16192 224
656 16096 192
672 16128 -240
656 16160 -224
816 16176 48
848 16128 112
736 16096 256
784 16096 288
720 16080 288
720 16080 256
784 16064 320
576 16048 320
768 16128 0
768 16112 128
784 16128 48
752 16112 -192
752 16144 -208
720 16144 16
800 16176 144
720 16176 144
736 16128 192
880 16128 144
784 16096 368
784 16064 288
720 16064 64
768 16112 64
656 16080 64
640 16048 224
624 16048 352
640 16064 320
656 16064 176
784 16112 96
784 16112 -96
720 16160 -48
768 16192 -48
816 16160 48
736 16160 144
768 16176 80
704 16256 112
704 16256 160
832 16224 160
688 16176 192
832 16176 192
656 16160 272
512 16128 400
544 16144 480
688 16192 576
688 16176 800
720 16176 800
672 16192 480
640 16096 384
560 16208 -16
704 16112 0
656 16128 -80
656 16112 128
720 16112 144
672 16176 144
576 16208 96
592 16160 112
608 16144 160
720 16096 208
720 16064 240
640 16064 160
768 16112 160
752 16128 112
704 16160 112
656 16192 192
704 16128 224
752 16080 -32
752 16080 96
672 16080 96
704 16128 64
656 16064 48
688 16128 368
640 16208 240
688 16192 192
720 16112 96
720 16096 64
720 16096 256
640 16048 16
752 16096 16
752 16208 112
704 16144 160
608 16128 320
640 16144 240
640 16160 96
768 16160 224
720 16128 48
784 16128 80
720 16144 80
656 16144 80
640 16144 352
640 16224 288
608 16224 -96
560 16144 160
576 16192 160
688 16144 224
672 16176 176
480 16144 352
512 16176 208
464 16256 16
464 16208 0
544 16208 0
736 16112 192
688 16128 288
848 16112 320
784 16128 496
720 16112 304
720 16112 304
672 16176 304
704 16272 240
720 16176 416
672 16160 416
720 16176 80
736 16192 416
736 16160 432
608 16160 448
608 16144 448
720 16176 416
944 16176 208
736 16128 208
592 16192 256
576 16208 304
656 16224 256
656 16176 352
432 16176 -32
560 16176 -32
576 16112 256
720 16096 272
592 16144 256
528 16176 272
560 16192 288
560 16192 160
608 16192 256
624 16128 112
640 16176 112
640 16176 -16
688 16160 96
720 16112 128
720 16144 -320
688 16144 -320
864 16144 -128
752 16208 96
592 16160 304
816 16144 448
896 16112 384
768 16208 176
720 16208 176
720 16208 192
592 16208 192
624 16320 96
736 16224 0
672 16128 160
640 16128 80
640 16160 368
560 16160 128
576 16192 128
672 16224 96
656 16128 96
768 16160 64
720 16080 -32
624 16144 96
624 16144 64
608 16128 64
640 16064 176
576 16096 160
736 16080 128
736 16080 352
592 16144 64
640 16144 144
656 16160 144
704 16096 112
832 16080 -80
896 16080 -112
800 16112 320
800 16176 272
704 16176 304
768 16224 304
816 16160 288
816 16128 144
768 16144 48
528 16208 128
752 16240 288
768 16240 240
752 16208 288
656 16192 112
656 16128 208
496 16128 144
480 16128 144
720 16144 352
784 16176 544
784 16224 448
816 16224 368
768 16176 304
768 16128 224
752 16128 192
784 16160 192
560 16112 304
560 16128 224
624 16144 128
656 16128 224
656 16144 112
736 16144 96
624 16128 240
704 16112 240
496 16160 176
464 16192 240
576 16112 96
576 16128 384
528 16128 384
672 16224 400
640 16144 368
704 16064 288
832 16128 192
704 16144 272
640 16160 -48
640 16096 -32
544 16096 -32
672 16064 -112
800 16080 144
848 16080 176
800 16144 64
704 16080 48
704 16096 128
656 16096 0
768 16208 0
768 16224 -48
832 16128 -48
736 16128 0
896 16080 128
896 16160 112
896 16112 496
912 16112 448
928 16176 448
816 16144 288
736 16096 192
784 16160 320
800 16144 112
816 16112 -176
768 16160 -208
768 16128 80
720 16128 80
768 16128 16
704 16112 32
688 16176 224
704 16176 240
656 16240 272
656 16240 336
816 16176 336
656 16176 256
592 16224 336
608 16224 256
640 16288 48
720 16256 336
720 16176 432
832 16176 432
768 16192 32
848 16112 -64
912 16144 -176
816 16128 64
816 16064 32
816 16160 -48
832 16192 -144
784 16192 -144
656 16176 -48
672 16224 -32
624 16160 224
704 16096 592
704 16224 384
640 16208 400
656 16208 400
592 16208 256
688 16128 192
720 16096 240
656 16160 288
720 16080 320
720 16224 144
704 16224 240
608 16288 240
672 16240 -16
768 16192 144
688 16192 272
608 16208 240
608 16144 336
704 16160 336
688 16160 336
688 16080 512
768 16176 240
656 16176 272
592 16208 160
592 16144 64
672 16144 96
608 16080 96
496 16080 128
608 16048 -16
688 16128 80
688 16192 -32
544 16208 112
