startup(x,y,z):(672,16160,176)
-2976 15712 720
-3200 15728 -2400
-1088 15792 -3488
-1088 15808 880
976 15808 1024
1280 16032 1024
672 15984 -64
240 16272 960
112 16672 -1152
112 16064 288
976 16064 1696
1824 15888 784
1456 15888 -736
768 16080 -736
784 16144 592
656 16400 528
560 16240 -144
560 16160 1040
752 16160 1040
528 16160 112
304 16144 -592
672 16160 128
736 16224 464
800 16144 352
784 16160 256
576 16160 -336
576 16112 -400
656 16112 688
896 16080 688
928 16000 544
672 16048 -224
672 16160 -160
928 16128 320
928 16128 384
768 16128 48
640 16112 -80
608 16112 -80
592 16096 0
688 16176 112
640 16224 -240
640 16176 -208
656 16304 128
640 16304 128
608 16240 112
608 16208 288
608 16176 144
640 16160 64
688 16080 192
784 16080 448
784 16336 288
784 16176 288
672 16192 96
816 16208 48
704 16256 64
768 16144 144
768 16128 240
768 16128 -32
720 16192 -64
768 16192 320
800 16160 320
832 16096 240
688 16128 96
704 16144 -128
704 16144 96
864 16192 432
880 16144 432
784 16208 -16
752 16176 -64
592 16224 -128
640 16160 -80
736 16144 160
736 16176 -16
592 16176 -16
864 16112 112
768 16192 272
800 16160 384
624 16192 304
624 16160 176
768 16160 176
688 16080 192
672 16080 192
768 16224 0
592 16160 176
560 16160 208
624 16080 224
624 16080 192
560 16128 192
624 16112 160
544 16112 160
704 16144 224
704 16192 352
704 16144 336
640 16144 384
768 16144 208
832 16144 208
880 16144 64
800 16096 224
752 16128 -80
752 16128 112
736 16128 112
688 16144 256
720 16160 320
656 16192 -64
784 16208 -176
752 16160 64
752 16160 80
752 16160 0
752 16224 0
592 16160 16
544 16192 80
688 16128 80
688 16128 16
544 16192 176
688 16128 176
624 16080 16
576 16112 208
656 16224 208
624 16112 256
624 16208 304
736 16176 208
752 16176 208
688 16112 208
624 16192 256
688 16144 160
688 16128 160
688 16128 96
656 16096 96
640 16096 -160
672 16144 -176
624 16160 -16
704 16128 128
624 16208 0
624 16128 192
608 16128 96
752 16160 96
704 16144 -112
848 16144 272
912 16128 64
832 16176 -32
832 16176 -16
688 16080 176
720 16080 176
704 16192 0
784 16176 144
592 16208 256
592 16176 176
528 16176 176
736 16176 192
768 16176 64
784 16192 112
624 16128 64
624 16128 128
768 16128 144
640 16128 144
640 16160 400
656 16096 544
832 16208 288
832 16208 432
720 16176 432
864 16192 256
752 16176 400
672 16208 320
672 16144 48
656 16144 -64
656 16240 -160
624 16240 -160
608 16160 -224
624 16128 48
608 16112 432
688 16080 144
688 16080 128
640 16128 128
656 16080 -224
704 16096 -80
784 16208 80
704 16160 16
864 16192 80
864 16080 16
752 16128 160
752 16128 160
720 16160 160
800 16112 96
768 16064 352
704 16112 192
672 16160 96
672 16160 144
560 16176 144
528 16176 32
656 16080 32
688 16080 144
688 16080 208
624 16160 112
624 16160 128
560 16192 128
624 16144 80
752 16192 32
720 16096 -192
704 16160 32
704 16160 176
656 16096 240
736 16096 336
640 16048 336
672 16112 224
752 16128 192
576 16096 336
576 16096 112
672 16176 112
800 16256 160
752 16096 224
784 16128 224
768 16112 48
752 16096 240
656 16112 432
656 16080 288
672 16080 288
656 16080 288
672 16080 144
656 16064 512
656 16080 512
656 16080 336
880 16112 336
688 16176 128
672 16160 16
720 16176 80
592 16112 96
656 16144 0
784 16160 32
784 16160 80
528 16176 80
544 16160 336
688 16208 208
736 16176 176
688 16192 288
688 16208 160
672 16256 416
816 16192 160
912 16192 160
864 16112 160
880 16080 64
816 16080 192
816 16192 272
704 16192 272
752 16176 272
816 16160 288
944 16096 224
656 16144 160
688 16224 64
608 16208 208
608 16208 352
672 16096 352
560 16128 256
640 16160 144
832 16176 64
832 16176 400
688 16192 64
736 16144 64
736 16192 16
688 16176 128
720 16208 32
528 16272 144
528 16224 208
640 16224 16
480 16224 16
704 16256 176
640 16176 -192
560 16224 -48
592 16144 256
592 16160 144
672 16160 144
672 16144 80
800 16160 192
864 16176 64
832 16128 48
800 16128 64
672 16176 208
672 16176 96
736 16128 336
656 16080 336
720 16112 432
656 16144 416
688 16144 384
624 16128 208
608 16160 192
608 16160 96
528 16144 96
640 16208 80
704 16160 144
720 16144 48
720 16144 48
784 16144 192
688 16176 -16
800 16112 -32
752 16128 240
784 16176 224
848 16208 208
848 16224 368
832 16224 256
624 16128 256
672 16112 -112
656 16112 32
656 16080 416
736 16176 272
672 16176 272
624 16224 -48
624 16144 96
640 16112 48
608 16096 48
640 16112 208
592 16128 112
592 16128 96
640 16096 96
640 16128 240
768 16176 96
768 16192 32
768 16160 208
624 16160 -80
496 16128 32
512 16160 -16
640 16080 -16
688 16160 -288
736 16144 64
768 16176 96
736 16176 352
736 16176 160
544 16192 160
640 16096 400
640 16064 320
608 16080 352
640 16128 304
752 16112 176
768 16128 176
768 16128 160
624 16128 160
624 16128 32
544 16128 0
544 16160 80
512 16128 0
736 16128 0
736 16160 144
640 16208 32
576 16240 16
576 16208 160
656 16144 128
656 16112 176
768 16112 176
848 16144 -96
800 16080 176
864 16112 144
800 16144 208
800 16144 336
656 16112 336
576 16176 272
480 16208 -96
704 16208 80
624 16224 128
608 16112 48
656 16128 256
656 16128 80
656 16128 80
528 16096 224
560 16064 256
480 16144 176
480 16144 -32
560 16144 224
736 16128 176
704 16096 192
896 16112 192
736 16128 272
656 16096 96
720 16032 224
688 16032 32
688 16064 -144
832 16064 112
848 16048 112
928 16112 64
848 16176 -16
832 16208 64
832 16160 256
752 16208 144
752 16208 160
928 16176 160
800 16272 288
912 16320 0
848 16240 -48
848 16208 144
768 16208 144
720 16240 64
768 16192 144
688 16192 -16
688 16112 144
752 16128 96
736 16160 112
736 16160 -48
704 16112 -16
784 16144 0
672 16096 144
640 16112 144
640 16224 0
752 16224 -192
736 16176 -32
832 16176 -32
1040 16208 -112
768 16160 144
688 16176 -80
864 16128 192
864 16128 48
752 16112 48
800 16080 64
800 16160 272
720 16128 336
848 16032 96
864 16064 64
736 16080 64
736 16080 144
720 16128 96
720 16144 96
720 16128 16
880 16096 16
848 16144 16
800 16160 176
800 16160 176
864 16224 16
896 16176 64
736 16192 64
624 16160 160
560 16080 -64
816 16064 304
816 16208 256
688 16208 80
704 16224 80
688 16176 144
672 16096 160
896 16128 128
720 16112 160
736 16144 208
736 16112 496
736 16112 496
784 16096 464
848 16128 368
864 16128 288
832 16128 384
832 16128 368
672 16160 336
704 16192 336
816 16112 432
688 16112 240
752 16128 112
608 16096 144
704 16080 128
704 16096 320
720 16096 320
832 16176 240
704 16192 -48
656 16208 -224
672 16096 80
672 16128 -32
624 16128 -64
528 16144 -64
640 16192 192
720 16192 192
704 16208 144
800 16224 128
864 16208 352
944 16192 240
944 16192 368
736 16096 208
704 16128 208
672 16112 304
640 16192 -80
672 16160 -48
736 16160 224
544 16080 224
544 16096 224
672 16096 224
672 16112 240
704 16080 448
512 16096 272
576 16144 224
576 16144 128
704 16192 128
784 16208 112
880 16144 48
816 16128 80
912 16192 -32
816 16192 -96
816 16160 224
848 16160 128
720 16192 128
784 16144 400
736 16192 320
672 16208 192
624 16160 352
624 16160 320
624 16144 368
672 16144 32
800 16176 32
752 16224 240
720 16208 304
800 16144 112
624 16128 144
624 16128 96
688 16128 240
704 16096 240
480 16144 208
496 16224 288
528 16192 64
624 16144 336
624 16096 320
592 16128 176
704 16128 336
656 16272 304
704 16256 96
