startup(x,y,z):(432,16176,128)
480 12880 -3808
-4224 22768 -6160
-2208 20592 -1280
2736 9184 7584
-2256 16816 11072
-2528 17648 6608
-1808 16944 6608
288 16176 -960
1104 16784 -464
928 16624 -96
352 16256 336
64 16128 560
464 16064 512
592 16192 272
320 16144 272
432 16224 256
576 16176 336
384 16176 192
672 16080 96
464 16176 176
432 16144 112
608 16144 -16
464 16496 -272
224 16304 128
384 16208 64
384 16224 0
320 16160 -80
320 16144 96
544 16096 48
400 16240 160
400 16288 448
384 16224 512
320 16160 32
176 16192 -208
208 16352 -160
816 16048 -32
384 16304 -288
480 16224 176
592 16368 32
496 16208 32
768 16224 336
672 16048 176
480 16160 16
400 16128 272
384 16224 624
352 16256 544
576 16272 592
544 16240 432
496 16240 320
304 16288 80
544 16288 400
464 16336 224
416 16304 192
464 16336 272
432 16304 0
528 16224 272
576 16208 192
432 16304 64
384 16304 48
400 16288 32
400 16304 0
368 16320 32
368 16240 16
384 16304 -48
448 16256 112
448 16256 112
272 16176 96
416 16224 -80
480 16224 80
528 16192 16
464 16208 48
512 16176 176
416 16224 96
416 16224 176
352 16208 64
464 16080 112
496 16192 -48
560 16240 160
496 16224 80
544 16208 112
656 16256 144
576 16256 304
512 16224 272
560 16288 336
528 16288 336
528 16192 320
544 16192 112
416 16288 128
480 16288 160
496 16288 144
480 16320 -48
608 16240 16
592 16288 272
480 16256 256
528 16192 224
624 16144 224
544 16112 160
528 16192 192
528 16224 384
512 16240 336
512 16256 16
528 16256 64
576 16176 224
448 16288 224
400 16272 208
448 16256 416
592 16240 336
544 16224 208
528 16224 -128
544 16192 -64
560 16224 -352
448 16160 -48
448 16256 64
368 16288 192
512 16256 352
512 16192 256
528 16224 192
560 16272 272
480 16304 80
560 16288 0
528 16240 -80
480 16256 80
480 16304 176
432 16384 128
448 16272 368
464 16320 64
512 16224 272
432 16208 128
480 16240 80
512 16224 112
528 16128 16
512 16128 -32
448 16160 -64
400 16144 16
384 16160 48
416 16256 48
400 16208 96
416 16224 16
464 16224 -48
480 16240 -80
336 16288 -96
368 16240 176
400 16240 256
432 16304 32
400 16336 32
320 16368 272
352 16192 112
448 16288 48
512 16304 240
496 16272 288
480 16288 192
512 16240 144
352 16240 432
384 16176 208
432 16208 352
448 16208 80
416 16176 0
384 16224 48
496 16208 0
672 16304 96
592 16272 160
576 16272 160
400 16256 64
512 16240 -48
576 16240 192
464 16176 256
528 16256 192
512 16208 192
560 16224 272
480 16224 160
448 16160 256
272 16208 32
480 16304 112
416 16304 144
512 16288 144
288 16352 384
176 16272 448
432 16208 256
512 16176 208
480 16208 288
432 16208 192
496 16240 96
464 16240 64
416 16240 240
288 16128 80
400 16160 112
432 16256 -160
576 16208 -32
624 16192 48
528 16272 208
464 16224 288
528 16400 320
240 16192 48
336 16288 -16
496 16304 -96
512 16304 -112
544 16320 0
560 16272 96
400 16288 0
464 16208 480
512 16224 384
512 16192 256
624 16208 112
640 16240 176
560 16256 -192
752 16224 -16
544 16208 -80
416 16224 240
288 16176 496
400 16128 416
576 16096 592
368 16336 528
464 16048 352
320 15968 -96
480 16000 64
752 16048 560
528 16112 96
288 16240 -224
384 16064 -336
384 16352 240
512 16336 256
496 16272 240
560 16208 -128
416 16192 -256
416 16192 112
496 16208 256
496 16176 16
384 16224 16
464 16208 48
608 16224 -80
432 16256 96
400 16256 128
384 16224 112
400 16272 112
400 16256 416
432 16224 416
464 16272 272
496 16272 240
464 16256 272
400 16304 272
448 16208 16
560 16208 80
496 16224 128
464 16240 224
464 16208 272
480 16224 160
528 16192 -32
752 16208 272
688 16256 -48
320 16288 240
352 16208 64
480 16192 0
496 16256 -64
464 16272 48
528 16320 224
624 16224 0
