startup(x,y,z):(288,16336,624)
480 16240 1264
544 16176 1280
560 16160 1312
576 16112 1472
576 16192 1328
512 16208 1152
592 16224 1152
608 16160 992
592 16240 912
512 16304 992
560 16208 1024
576 16208 1120
560 16208 1168
496 16240 1056
512 16272 1056
480 16240 864
464 16208 1104
608 16176 1056
640 16144 1024
512 16176 1040
528 16224 1104
416 16272 1104
416 16240 960
448 16096 944
608 16160 976
592 16192 1104
560 16176 1056
480 16160 1024
576 16208 1056
272 16208 1088
576 16224 880
544 16224 960
512 16144 992
416 16192 1072
352 16256 992
512 16256 1248
432 16272 1184
400 16304 1472
464 16288 1264
464 16160 1136
496 16160 1168
528 16224 1120
640 16192 1088
608 16224 1008
528 16208 976
560 16256 1008
608 16208 1152
592 16176 1088
576 16208 1216
576 16112 1008
608 16144 992
592 16144 1024
576 16096 1104
544 16128 1072
448 16128 1184
368 16128 1232
544 16128 1200
560 16160 1120
624 16192 1136
416 16176 1024
368 16288 1088
512 16240 1104
448 16240 1328
384 16320 1120
448 16208 1136
432 16192 1136
544 16160 928
352 16192 848
400 16160 1120
480 16192 976
496 16176 1024
432 16192 784
448 16160 928
448 16192 976
544 16144 976
560 16128 992
496 16144 1072
576 16160 1136
528 16112 1120
528 16208 1168
512 16160 864
480 16208 896
464 16288 832
464 16256 1312
544 16224 1120
368 16192 1088
496 16176 1232
496 16192 1280
528 16192 1232
400 16224 1168
592 16208 928
592 16160 1056
592 16192 1008
688 16192 1008
592 17040 960
720 17024 256
720 16576 192
496 16432 960
544 16352 1104
432 16288 1104
800 16224 976
656 16192 736
784 16240 1120
752 16336 1104
720 16400 1264
32 16656 1072
464 16272 1072
416 16208 1024
416 16272 976
480 16256 928
432 16192 1152
672 16112 960
784 16032 736
544 16096 768
512 16128 688
352 16160 672
288 16192 624
528 16160 320
576 15872 384
432 15824 576
672 16064 608
512 16128 832
752 16496 1344
752 16640 1632
784 16528 1344
752 16208 1120
592 16192 944
688 16048 848
0 17312 -320
-464 16096 1184
1392 15264 1472
496 15712 1040
608 15824 960
336 15952 720
528 16048 560
496 16096 528
544 16128 464
32 16048 400
64 16096 416
160 16080 448
704 16256 640
544 16336 720
608 16528 944
1312 16576 1920
656 16352 752
336 16240 800
624 16240 752
544 16208 624
624 16128 624
496 16112 448
560 16176 496
496 16320 592
464 16288 576
512 16288 592
432 16160 800
528 16192 816
496 16112 704
512 16128 608
560 16192 560
560 16176 608
544 16288 624
560 16224 320
608 16240 528
480 16288 528
608 16224 448
416 16176 848
544 16160 544
544 16032 592
464 16176 816
432 16192 816
576 16240 736
480 16224 784
448 16176 720
448 16256 688
592 16208 448
656 15760 464
288 16016 672
272 16112 704
288 16224 560
528 16320 592
528 16336 624
544 16256 816
400 16224 672
400 16208 576
320 16224 624
384 16208 720
448 16240 640
464 16224 688
368 16272 768
448 16208 848
432 16192 720
512 16192 576
432 16160 720
464 16096 720
480 16112 656
528 16144 528
464 16160 688
432 16272 672
432 16288 672
432 16176 576
480 16176 624
400 16224 544
464 16224 608
448 16240 640
416 16272 656
400 16208 448
448 16208 688
464 16240 560
480 16160 560
432 16176 608
480 16192 656
368 16192 640
432 16256 608
528 16176 704
416 16288 544
448 16224 576
432 16208 544
400 16176 544
432 16208 512
416 16208 656
384 16256 688
384 16176 672
352 16192 688
480 16192 704
480 16128 784
560 16176 688
608 16208 704
512 16192 688
512 16208 912
336 16208 880
288 16272 800
400 16224 592
432 16256 464
448 16256 624
432 16256 720
288 16208 736
384 16192 768
304 16208 816
480 16176 784
432 16192 752
416 16208 656
464 16176 608
464 16176 576
512 16208 768
400 16320 640
432 16240 528
416 16272 592
448 16224 576
448 16272 608
448 16272 720
432 16224 576
480 16144 656
416 16144 672
448 16144 688
480 16176 688
512 16224 512
