startup(x,y,z):(-2384,15488,2576)
1424 14656 3136
-272 16848 5568
-816 20528 7888
80 19520 6672
144 18144 8992
-4336 18128 9936
-6384 15504 6352
576 16464 4336
1952 17136 2384
-144 15040 -192
-448 16288 -1440
192 17024 -1472
960 17248 -2160
1344 15520 -464
816 13680 1680
624 15488 352
2656 15600 -272
2560 15088 -416
3328 15328 352
4048 13584 2320
2688 12400 2480
1184 13584 2688
1184 15888 8592
2720 15680 3792
912 15200 -816
-704 15248 -1040
1904 15136 -1216
1376 18032 2400
336 16528 2960
-1120 12512 6432
-3968 21120 5040
-2528 12608 5264
-1376 12464 1648
-528 14016 -960
-1968 14336 4432
-1712 15040 3264
-2112 16048 3936
-2000 17216 2272
-2384 17888 2592
-3488 22464 4272
-10352 15664 4960
-6528 16944 3168
-5280 17056 944
-3680 17296 944
-4528 15904 944
-2592 14592 3232
-1952 14320 1696
-1232 13632 1216
-2224 13120 1520
-2160 14080 368
-3824 14736 1904
-4752 16096 2944
-5024 17152 2544
-4880 17392 3088
-5552 17232 3760
-6032 17200 3968
-7264 16496 5440
-7200 16640 4784
-7488 16496 3696
-8400 16640 2944
-9120 16624 2208
-9632 16752 1744
-9648 16496 1136
3120 1760 15136
3120 8784 6160
-2720 13840 128
-2400 16704 -5424
-720 16768 -3216
1584 14784 1840
4000 15152 128
6304 15008 -176
3392 13952 1744
-256 15776 2144
-560 17360 4208
-2144 17824 3744
-2688 16672 3744
-2320 16752 3536
-2528 15840 2048
-2064 15040 1296
-1536 13264 912
-1424 12592 2384
-272 13456 4160
-1232 13328 3648
-1920 13696 4208
-2464 12656 3280
-2768 14128 3392
-1872 15264 2768
-1488 16272 2848
-1024 15152 2848
-1504 15792 2496
-1216 15552 2272
-1168 16880 2720
-1184 16624 3200
-1648 17616 3232
-1776 17408 3232
-1568 17200 3424
-1456 17088 3072
-1328 16960 2688
-1440 16608 2656
-1680 16608 2656
-2064 16512 2720
-2144 17232 2432
-2080 16720 3136
-1664 16112 3328
-1552 16352 3328
-1200 16576 3216
-1248 15232 4384
-1584 15232 4208
-2880 15632 3920
-3440 15776 3792
-3968 16032 3456
-4320 16368 2896
-3664 15152 3104
-2848 15424 2496
-1696 16400 2336
-128 16752 3136
-128 15760 3232
-288 15248 2640
-1104 15536 2176
-1536 14432 2800
-2512 13216 3024
-3008 14928 3120
-2832 14928 3152
-2352 15312 2832
-1744 15104 2928
-1136 14992 2976
-720 15392 2864
-1056 15136 2848
-1136 14864 3120
-1904 15888 3216
-2176 16288 3024
-2160 16336 3088
-1744 16432 3088
-1312 16496 3136
-1264 16496 3136
-896 16256 2992
-800 16192 3136
-752 16048 3376
-1024 16032 3264
-1056 16048 3312
-1040 15888 3200
-992 15712 2992
-1344 14928 2784
-1488 15216 2608
-1392 14992 2496
-1904 14752 2624
-2112 15728 2704
-2048 15552 2800
-2240 15440 3008
-2400 15344 3392
-2640 15920 3520
-2720 16048 3872
-2752 16400 4032
-2608 16464 4096
-2288 16016 3840
-2368 15968 3856
-2304 16512 3568
-1920 16304 3024
-1712 16304 2976
-1072 16304 2656
-1008 16160 2928
-1280 15920 2768
-1472 15728 3200
-1744 15648 3008
-1984 15632 3040
-2416 15520 3168
-2400 15504 2976
-2272 15536 2816
-2272 15584 2928
-2240 15520 2976
-2224 15504 3056
-2160 15568 3072
-2000 15680 3216
-2032 15728 3136
-2160 15616 3152
-2592 15600 3296
-2544 15760 3280
-2480 15936 3456
-2304 16032 3392
-2288 16016 3488
-2080 16048 3376
-1984 16032 3280
-2064 15904 3056
-2112 15584 2752
-1984 15440 2512
-1632 15488 2592
-1760 15616 2736
-1760 15648 2736
-1456 16144 3424
-1040 16320 3648
-1248 16128 3200
-1888 15648 2896
-2480 15376 2320
-1824 15536 2144
-1568 15760 2320
-1552 16032 2864
-2000 16288 3856
-2000 16288 3744
-2208 16096 3552
-2096 15920 3216
-2176 15936 3216
-2128 15488 2944
-1504 15600 2864
-1328 15456 2720
-944 15136 3072
-1056 15120 3216
-1424 14672 3440
-2304 16544 2528
-2928 15920 2304
-2960 14544 2528
-2976 13520 2624
-3120 12944 2720
-3216 12848 2880
-2992 14176 2864
-2064 14944 3472
-784 15408 3232
-928 15840 2144
-160 16288 2368
-960 15888 1280
-1616 16096 2080
-784 16096 1888
272 14816 3232
-496 14768 2240
-448 16016 4768
-1312 14352 1168
-2528 14624 64
16 14288 1360
9776 17488 4000
1424 16736 2656
-1440 16864 1344
-2480 17136 672
-3376 16656 1248
-2816 17632 1536
-2608 16832 2528
-2576 16624 2384
-2976 15056 2128
-2800 15152 1760
-2208 14944 1568
-352 11472 3648
-2656 19632 480
-2032 15088 2544
-816 14560 2784
-1552 15232 1296
-400 13680 192
-1328 23168 1184
-960 23536 3328
-464 21104 3504
-400 19168 2592
-608 17648 2048
-704 16688 1984
-768 16240 2112
-848 16112 2144
-848 15904 2384
-880 16000 1968
-624 16080 1856
-576 16048 1648
