startup(x,y,z):(224,16128,272)
816 16096 1408
944 15616 1184
784 16192 -1056
1120 16560 512
1440 16320 -1280
1440 16064 1120
-880 16544 80
-880 15680 -1056
-320 15680 272
-1104 16224 272
-400 16592 1696
352 16448 1248
288 15744 -1072
288 16256 96
-752 16160 448
-1232 16192 448
-96 16272 224
448 16208 -80
80 16240 528
288 16112 592
544 16240 560
544 16240 128
368 16176 128
160 16192 176
160 16256 400
288 16208 -128
320 16176 -80
320 16096 192
288 16096 192
384 16176 288
448 16192 352
320 16208 304
368 16160 512
272 16224 272
416 16208 128
416 16272 -32
352 16272 -32
304 16144 288
336 16144 192
288 16272 0
208 16224 80
208 16192 32
128 16144 64
128 16144 32
368 16160 32
304 16160 16
224 16176 48
112 16176 224
176 16160 528
368 16112 528
272 16208 256
432 16160 64
336 16240 144
400 16224 320
352 16224 288
352 16176 432
112 16176 432
240 16240 496
288 16192 256
352 16176 256
320 16112 96
320 16112 112
288 16144 112
288 16192 80
288 16176 352
256 16192 432
384 16128 224
352 16224 544
352 16192 400
272 16192 400
304 16208 400
320 16288 224
304 16192 128
352 16208 80
384 16272 192
384 16272 320
256 16208 288
368 16208 288
368 16208 288
320 16256 176
176 16256 240
208 16256 256
272 16240 368
272 16256 256
384 16224 -48
416 16224 -48
272 16160 224
416 16224 128
304 16176 80
256 16224 64
320 16192 -208
320 16208 288
352 16208 32
320 16208 208
176 16144 176
224 16176 128
208 16208 -64
208 16448 -768
192 16448 -768
544 16720 960
592 16288 1360
336 17104 -1712
608 16128 -1840
96 16368 512
96 16960 1856
-64 16960 160
-144 16592 160
-176 16576 64
-224 16544 -720
144 16560 352
144 16064 -560
528 16064 -32
128 16368 800
0 16368 800
368 16272 0
352 16288 -336
64 16128 -384
64 16192 16
-32 16192 16
112 16208 80
400 16208 144
400 16192 288
464 16192 304
464 16176 336
240 16160 96
240 16224 -112
416 16224 -112
272 16224 176
256 16288 128
224 16192 224
240 16192 304
384 16160 272
384 16160 352
448 16144 352
320 16160 112
336 16224 -160
336 16288 -32
256 16304 352
240 16208 304
240 16208 128
384 16208 128
288 16144 160
512 16160 288
368 16144 192
368 16128 400
368 16128 272
320 16128 272
272 16112 144
240 16144 176
400 16144 400
432 16208 368
272 16192 -80
272 16192 176
288 16176 176
224 16160 112
144 16176 -96
416 16256 80
224 16240 48
224 16240 416
272 16144 480
336 16176 384
240 16160 384
400 16128 416
544 16144 416
496 16192 352
496 16208 672
144 16224 528
240 16128 480
592 16128 288
480 16160 368
400 16192 208
320 16208 80
320 16176 32
272 16176 32
320 16176 96
272 16224 -256
336 16096 16
304 16128 -80
368 16240 112
368 16208 288
320 16208 288
400 16112 448
368 16192 432
272 16176 304
272 16256 304
384 16208 384
384 16160 336
144 16160 336
272 16144 528
320 16080 624
480 16096 384
384 16160 224
384 16208 320
320 16208 320
288 16096 208
224 16096 208
288 16096 -64
368 16176 128
256 16176 208
256 16128 416
272 16128 416
256 16064 656
256 16144 656
240 16112 256
192 16128 160
192 16064 160
256 16128 96
256 16192 -96
224 16192 -96
240 15920 -816
784 15904 1456
1088 15312 992
832 15584 -752
832 16080 848
880 16080 848
1136 16096 -912
112 15712 1936
-1232 16256 448
-896 15824 -880
-1168 16416 688
-224 16592 1600
-224 16448 800
496 16448 -592
240 16048 -592
-320 16224 -64
-752 16208 464
144 16384 544
528 16192 -560
528 16208 240
16 16192 704
144 16192 640
336 16304 640
256 16160 320
112 16144 384
128 16160 640
128 16160 -96
144 16176 -96
432 16160 -96
448 16208 80
576 16192 16
544 16208 352
368 16160 128
448 16208 368
448 16272 336
416 16272 336
272 16240 208
240 16304 32
400 16240 144
400 16192 208
192 16192 128
320 16192 128
256 16128 240
112 16160 48
320 16208 144
208 16112 176
208 16176 272
208 16240 208
304 16240 208
352 16128 144
336 16048 160
288 16096 288
160 16096 560
160 16144 512
112 16144 416
80 16192 416
64 16272 480
176 16320 384
224 16240 320
96 16208 560
320 16176 240
320 16176 272
352 16176 272
288 16368 64
288 16336 80
336 16272 368
288 16336 272
288 16256 352
224 16208 368
224 16272 320
336 16272 64
240 16240 96
192 16208 160
256 16144 304
256 16128 192
416 16112 160
432 16208 144
464 16176 0
288 16128 144
352 16176 256
304 16208 96
304 16192 144
384 16192 144
368 16160 112
400 16192 176
176 16192 128
176 16112 336
336 16192 224
464 16192 224
336 16208 256
256 16240 240
336 16256 448
240 16304 320
272 16288 208
272 16192 288
208 16192 288
192 16128 160
336 16112 128
112 16144 32
160 16208 176
160 16224 224
176 16224 64
48 16160 144
240 16160 336
448 16144 336
480 16208 336
464 16288 256
384 16192 160
384 16192 64
256 16192 64
224 16176 32
320 16176 32
368 16192 16
304 16192 -64
336 16144 128
320 16208 192
320 16208 272
224 16208 128
320 16192 128
176 16192 80
320 16224 80
368 16240 -32
368 16144 -160
384 16144 -160
144 16224 0
144 16208 176
192 16176 464
192 16192 432
112 16128 368
112 16128 320
208 16128 320
224 16096 304
192 16240 304
192 16288 320
304 16208 400
304 16208 528
240 16192 528
320 16224 528
304 16176 192
368 16160 320
400 16096 480
224 16112 160
224 16112 48
208 16128 112
384 16176 112
320 16176 416
368 16192 320
368 16176 288
368 16160 224
400 16160 224
208 16256 272
112 16208 192
192 16208 192
80 16208 320
288 16208 336
144 16176 336
144 16176 368
240 16160 368
304 16176 416
288 16208 304
320 16144 208
320 16224 192
304 16192 480
272 16192 480
336 16192 480
352 16224 384
272 16080 288
320 16096 480
320 16048 208
304 16048 64
368 16160 64
384 16192 128
256 16224 80
176 16160 160
176 16176 208
240 16256 416
240 16256 32
288 16256 272
400 16208 272
384 16272 256
352 16208 96
352 16176 -64
336 16176 128
368 16192 128
288 16176 160
224 16160 224
304 16224 288
368 16144 272
288 16144 -48
288 16144 208
448 16128 208
208 16048 368
368 16048 288
480 16112 272
288 16160 496
176 16208 496
160 16224 432
352 16208 256
304 16272 320
352 16176 288
256 16176 288
240 16224 272
240 16240 352
384 16240 352
320 16224 304
320 16176 304
432 16176 96
336 16272 272
336 16272 208
304 16224 320
304 16160 384
304 16160 384
336 16144 736
352 16192 496
272 16176 272
272 16192 192
352 16192 240
336 16176 240
224 16160 416
192 16176 480
240 16192 400
304 16176 320
304 16176 336
368 16176 336
368 16192 336
240 16176 48
256 16144 288
256 16208 208
256 16208 48
208 16256 128
256 16176 128
272 16160 176
336 16160 208
384 16192 128
160 16176 240
176 16208 288
176 16208 208
272 16160 208
288 16128 320
480 16176 128
272 16144 48
416 16240 208
416 16208 224
528 16208 224
400 16256 208
320 16160 320
224 16128 336
336 16208 96
432 16112 160
224 16224 256
224 16192 256
224 16192 336
304 16272 336
544 16240 304
512 16224 192
400 16256 144
368 16208 160
192 16160 160
192 16160 144
272 16160 144
240 16160 160
32 16144 224
96 16192 176
96 16176 48
224 16176 112
256 16144 112
240 16272 304
256 16192 176
272 16208 304
400 16256 224
400 16176 304
384 16176 336
416 16112 336
384 16144 80
368 16144 64
368 16160 192
336 16160 240
272 16160 240
272 16256 -112
256 16160 32
272 16208 48
208 16192 112
304 16176 384
304 16192 320
160 16192 320
144 16288 400
256 16288 336
256 16272 464
256 16272 368
256 16272 368
272 16272 368
304 16288 256
208 16192 192
176 16160 224
48 16240 160
160 16240 224
160 16240 336
48 16304 336
160 16288 336
256 16192 192
176 16144 272
176 16208 560
432 16128 384
