startup(x,y,z):(224,16128,272)
3168 15056 0
1600 16080 4128
3856 15520 2768
4304 15920 1760
4304 16080 384
3216 16080 384
2256 16176 1392
2224 16256 1120
2032 16048 560
976 15984 160
976 16048 272
656 16416 816
512 16064 880
-1888 14336 -4208
-2752 14912 -1632
-144 15232 2256
-144 15600 -640
880 15600 -640
-80 15392 -816
48 15856 -464
1040 16112 1152
1136 16112 816
1136 16256 -336
640 16256 832
-720 16848 832
-944 16720 256
-368 16368 240
768 16496 80
768 16496 1312
736 16752 1312
64 16256 176
-496 16416 512
-240 16352 224
-240 16176 1664
144 16176 1664
768 15904 448
736 16128 432
0 16208 640
512 16048 -368
512 16048 576
624 16240 576
240 16144 240
256 16144 96
272 16256 -32
400 16112 464
464 16160 32
448 16224 -48
448 16224 304
608 16352 304
672 16320 -48
496 16208 -112
352 16192 -64
352 16160 80
240 16160 112
208 16096 112
176 16016 48
272 16032 0
432 16160 160
432 16288 384
432 16288 240
448 16272 240
384 16224 336
320 16096 496
304 16144 592
304 16144 560
336 16128 560
480 16272 368
176 16208 544
112 16080 304
160 16000 288
160 16000 288
352 16016 288
400 16000 176
496 16608 -272
448 16336 240
448 16336 240
528 16224 240
352 16160 128
224 16112 96
320 16128 80
320 16128 304
176 16128 160
224 16128 160
256 16080 256
304 16096 352
96 16112 240
96 16208 384
144 16208 384
352 16176 288
288 16176 208
224 16288 336
224 16464 832
-80 16464 32
-128 16096 32
0 16800 1104
1072 15856 64
496 16560 2288
496 16256 560
528 16256 -32
128 16384 -32
144 16416 64
352 16304 560
288 16256 256
288 16256 80
96 16432 80
320 16368 80
640 16256 480
448 16096 768
400 16048 448
400 16048 -48
368 16208 -48
480 16240 48
320 16224 288
224 16224 0
224 16272 416
80 16272 416
272 16256 176
368 16240 480
464 16304 400
192 16288 144
192 16288 320
240 16144 320
256 16112 720
304 16096 432
336 16080 208
336 16144 224
144 16144 224
448 16224 128
400 16224 0
432 16160 384
320 16192 64
320 16192 448
144 16304 448
480 16304 752
608 16656 512
608 16416 544
480 16416 416
368 16400 416
416 16160 864
400 16352 384
400 16432 176
304 16112 160
304 16112 160
384 16160 -32
656 16192 32
656 16288 64
656 16224 272
512 16224 176
400 16096 176
272 16336 240
256 16384 96
368 16176 384
368 16176 208
256 16160 208
272 16128 -48
208 16112 96
208 16304 80
208 16320 -176
192 16320 32
336 16224 32
320 16192 80
320 16144 352
384 16208 448
384 16208 320
416 16176 320
272 16224 80
192 16160 288
400 16176 160
400 16208 272
320 16208 448
160 16240 448
208 16256 304
288 16192 208
304 16112 192
304 16112 144
144 16192 144
208 16240 144
352 16224 384
224 16224 384
224 16208 400
192 16208 416
304 16208 416
384 16272 352
352 16224 192
368 16176 176
368 16096 208
304 16096 208
432 16144 96
368 16192 192
336 16176 240
336 16176 368
400 16144 160
400 16272 160
304 16288 336
352 16240 32
352 16240 80
352 16176 32
448 16176 32
384 16240 96
352 16144 288
336 16176 384
336 16240 352
336 16240 352
336 16112 432
272 16176 256
256 16112 240
336 16160 416
336 16160 208
400 16176 208
272 16240 112
336 16240 -32
352 16160 80
352 16176 384
336 16176 384
272 16304 256
368 16272 544
224 16224 448
224 16192 32
224 16192 96
256 16144 96
304 16096 208
384 16256 272
416 16208 384
416 16208 320
448 16192 320
432 16192 304
272 16176 336
480 16208 48
480 16160 320
192 16160 256
304 16192 64
224 16256 64
144 16320 0
320 16224 256
304 16208 272
304 16160 64
432 16160 -96
448 16192 -96
512 16192 -32
464 16160 -48
400 16128 240
400 16144 432
400 16144 432
528 16144 304
384 16144 272
176 16144 224
432 16224 96
432 16224 -256
416 16192 -256
416 16224 -176
304 16128 96
288 16208 -64
288 16128 32
240 16128 -64
400 16176 -64
400 16208 -128
336 16176 -96
336 16160 272
336 16160 16
368 16176 16
304 16192 16
192 16192 96
304 16160 -192
304 16192 176
272 16192 160
352 16096 160
432 16080 384
320 16128 352
304 16192 336
304 16128 368
320 16128 480
368 16176 480
288 16192 608
304 16240 336
304 16192 560
336 16192 144
352 16224 144
464 16224 176
384 16160 224
160 16208 320
176 16224 256
176 16240 352
352 16240 352
224 16144 288
192 16256 288
240 16128 512
240 16128 160
272 16128 160
336 16096 128
256 16144 80
352 16144 144
240 16176 160
240 16176 352
160 16192 352
160 16144 512
240 16176 336
304 16144 256
304 16144 288
336 16144 272
304 16208 272
256 16224 288
320 16176 80
224 16160 368
224 16112 256
192 16112 352
448 16064 352
576 16128 144
400 16096 400
496 16144 272
496 16224 240
432 16224 240
464 16208 400
400 16208 224
384 16240 176
256 16160 208
256 16160 288
352 16128 288
288 16208 240
240 16224 240
384 16144 192
384 16224 208
368 16224 208
384 16272 336
368 16176 160
336 16144 160
336 16176 208
224 16176 48
464 16160 48
368 16192 16
272 16128 96
320 16128 208
320 16112 272
160 16112 400
192 16096 400
192 16112 480
192 16176 624
336 16224 448
336 16224 496
304 16176 496
224 16240 0
224 16208 -368
208 16176 64
160 16208 160
160 16304 160
112 16304 160
288 16128 208
368 16160 320
480 16208 48
384 16144 16
384 16144 160
352 16096 160
304 16096 256
192 16128 224
304 16128 96
304 16176 160
256 16176 272
256 16256 272
256 16208 400
160 16192 464
192 16160 272
192 16160 416
240 16176 416
368 16192 336
192 16224 320
304 16096 208
304 16128 32
304 16128 32
240 16208 240
288 16224 272
368 16288 96
368 16224 -32
384 16224 -288
448 16240 -352
336 16224 16
224 16272 80
240 16208 192
240 16208 144
32 16208 144
80 16192 160
240 16208 272
192 16224 240
192 16224 128
256 16224 128
272 16208 32
432 16192 144
384 16256 128
384 16224 304
368 16224 352
432 16080 352
336 16128 64
432 16128 32
352 16176 240
352 16256 416
272 16256 416
256 16240 48
400 16256 48
192 16240 160
192 16240 208
432 16240 208
416 16160 -96
352 16224 96
192 16304 368
304 16208 352
304 16240 272
352 16240 272
352 16192 432
352 16096 416
272 16240 320
272 16176 496
368 16176 -16
384 16224 -48
336 16160 -96
416 16192 -64
432 16224 -176
432 16176 48
560 16176 48
512 16144 256
352 16128 240
272 16192 240
272 16144 320
352 16144 320
160 16176 416
352 16224 288
384 16112 48
384 16208 256
384 16208 64
336 16224 64
144 16224 160
160 16144 176
96 16160 176
96 16176 -16
144 16176 64
64 16176 64
208 16192 160
208 16192 320
208 16240 288
208 16240 160
432 16176 160
400 16160 608
320 16112 304
240 16144 432
240 16160 560
288 16160 560
272 16144 560
128 16224 272
208 16176 656
208 16144 768
224 16144 544
256 16176 544
272 16160 240
256 16256 192
480 16256 224
480 16272 32
416 16272 32
272 16192 16
336 16176 208
368 16128 160
368 16160 336
288 16160 336
288 16176 288
416 16208 288
368 16160 176
80 16144 176
80 16144 368
224 16240 368
208 16272 -32
304 16176 240
336 16160 336
336 16096 464
176 16096 464
176 16240 336
304 16192 160
400 16208 -112
400 16192 176
336 16192 144
288 16192 144
304 16192 224
256 16176 160
432 16208 -16
432 16208 224
384 16208 224
112 16240 320
192 16192 608
448 16128 304
448 16144 336
400 16144 336
272 16224 320
320 16096 592
448 16208 320
304 16256 400
304 16240 320
224 16240 496
288 16224 496
336 16224 416
336 16192 384
288 16144 240
288 16112 336
288 16112 336
240 16208 384
288 16208 480
240 16240 416
160 16208 368
160 16240 256
288 16240 256
224 16208 272
304 16192 464
240 16256 432
240 16208 336
272 16208 336
432 16304 48
320 16240 80
224 16256 128
