startup(x,y,z):(224,16128,272)
1824 17136 1504
1232 16432 2160
576 16096 3040
144 16880 2960
1840 16016 -1744
1808 16112 1440
-768 16400 1296
-768 17008 304
-1856 17008 304
-640 16688 -224
480 16688 -384
64 16640 1008
64 16496 96
-256 16352 -288
-80 16352 -288
384 16064 64
64 16144 528
-128 16144 624
80 16176 352
128 15984 -144
128 16096 320
128 16096 464
368 16080 464
496 16192 144
256 16112 112
160 16256 -160
160 16208 176
336 16208 -32
64 16176 -32
128 16192 240
80 16176 240
176 16096 80
256 16144 -192
240 16192 96
416 16192 0
416 16224 80
320 16160 352
336 16160 352
272 16096 416
400 16112 480
288 16208 240
304 16160 144
336 16208 128
320 16144 272
320 16144 304
256 16112 304
256 16144 -64
320 16128 192
432 16208 144
336 16192 192
272 16176 240
368 16144 80
272 16160 -32
352 16160 320
336 16160 320
432 16192 336
240 16144 176
176 16128 544
192 16128 336
208 16128 352
208 16224 96
256 16224 96
368 16144 176
416 16096 0
352 16112 16
336 16112 144
288 16192 0
288 16272 128
256 16272 128
304 16224 320
304 16208 192
240 16288 0
272 16192 144
272 16160 160
272 16128 384
256 16144 288
224 16144 128
272 16224 128
336 16208 256
272 16160 352
304 16112 288
240 16080 384
288 16128 432
288 16112 288
208 16112 480
288 16144 480
256 16176 352
272 16208 240
288 16176 96
416 16224 48
416 16064 0
464 16064 -112
496 16160 -112
352 16192 512
416 16128 480
560 16208 272
272 16224 336
272 16224 64
352 16240 0
384 16240 -112
272 16208 -112
336 16144 80
336 16192 224
288 16192 -16
288 16160 112
448 16176 336
448 16176 336
608 16112 400
416 16128 336
448 16224 320
320 16192 160
304 16224 96
304 16176 160
336 16176 528
304 16128 528
256 16128 368
272 16224 352
368 16192 160
352 16208 288
352 16208 192
400 16224 192
416 16160 0
368 16080 -48
256 16112 96
288 16096 -48
320 16224 48
320 16224 32
64 16208 224
208 16208 224
208 16176 304
304 16160 304
432 16224 32
384 16144 208
432 16176 112
208 16144 192
240 16176 128
240 16176 48
384 16176 48
192 16176 96
224 16160 160
320 16208 192
288 16176 208
288 16128 256
272 16128 256
464 16192 96
464 16176 304
336 16192 240
192 16192 192
144 16240 240
208 16208 240
208 16208 128
144 16256 128
240 16208 176
240 16144 -32
320 16160 224
320 16224 368
272 16224 272
256 16304 288
272 16240 288
272 16224 288
368 16176 272
320 16128 112
320 16160 176
224 16160 176
272 16176 240
320 16192 96
320 16192 256
288 16192 224
288 16176 320
304 16160 368
448 16160 320
320 16144 304
368 16064 192
256 16080 96
224 16176 -48
368 16048 96
368 16128 80
304 16128 176
288 16144 176
176 16192 368
320 16176 272
256 16272 464
336 16272 160
336 16288 272
336 16288 528
192 16336 528
128 16288 544
144 16208 464
240 16192 368
128 16224 96
128 16224 -96
336 16240 192
352 16240 384
352 16208 384
288 16192 352
240 16176 352
496 16192 208
496 16160 336
192 16160 608
176 16256 608
96 16208 384
128 16256 320
304 16224 448
304 16160 80
144 16144 192
256 16160 48
256 16160 192
336 16128 192
240 16176 176
304 16160 480
384 16192 336
352 16160 528
352 16160 352
224 16160 352
304 16192 160
272 16208 112
368 16192 432
416 16224 288
432 16096 288
288 16144 224
400 16144 224
400 16176 272
224 16176 272
368 16176 272
336 16192 240
320 16240 128
368 16272 144
336 16240 272
352 16288 304
352 16160 224
336 16160 224
496 16128 256
400 16112 288
416 16144 256
352 16144 192
352 16144 208
240 16112 208
256 16160 256
320 16208 224
336 16208 224
256 16224 80
256 16176 336
256 16208 192
336 16208 192
256 16224 272
304 16128 128
256 16064 0
288 16064 16
288 16128 128
176 16128 128
224 16080 432
160 16128 432
224 16160 448
144 16176 160
176 16256 160
176 16192 352
256 16192 352
336 16160 624
288 16128 448
384 16128 240
272 16128 544
272 16128 144
400 16144 64
400 16144 448
336 16128 448
256 16160 304
400 16208 352
416 16192 384
352 16224 128
384 16240 -80
160 16304 64
240 16240 176
240 16240 448
144 16224 416
288 16192 336
352 16128 336
352 16208 368
432 16112 336
320 16064 256
320 16176 384
448 16176 384
288 16160 208
304 16192 112
192 16192 192
176 16208 272
192 16176 160
176 16144 224
128 16208 176
336 16192 176
368 16128 176
416 16144 80
384 16176 240
320 16080 144
320 16176 224
304 16176 -32
384 16160 -112
336 16112 0
368 16192 80
368 16208 368
368 16192 448
368 16224 368
288 16224 160
288 16224 160
272 16160 336
224 16176 320
288 16256 -48
288 16224 112
288 16160 224
352 16112 -80
352 16112 -176
240 16224 -176
224 16192 288
144 16208 368
304 16176 512
448 16192 640
256 16224 208
256 16224 -16
256 16224 96
400 16288 96
336 16224 464
432 16256 464
320 16224 144
224 16208 208
240 16192 32
240 16192 208
176 16288 208
304 16272 48
272 16240 160
240 16128 224
320 16160 288
320 16240 176
496 16256 240
400 16256 240
400 16256 112
432 16208 112
448 16208 64
448 16368 0
448 16288 32
416 16288 304
336 16176 304
80 16128 32
144 16160 192
400 16128 224
336 16128 400
272 16160 288
272 16112 416
272 16112 128
128 16192 128
192 16208 144
224 16256 48
240 16176 0
240 16192 304
224 16192 0
240 16144 0
192 16224 240
208 16192 368
224 16176 224
224 16176 352
336 16224 336
336 16256 128
336 16224 160
304 16224 160
368 16144 416
368 16160 256
336 16192 304
144 16208 416
160 16208 336
208 16208 608
256 16240 464
256 16240 240
384 16272 240
272 16192 208
176 16192 272
176 16144 464
320 16112 480
320 16112 544
224 16112 544
384 16176 384
336 16208 304
384 16208 416
304 16192 272
336 16192 224
336 16128 288
272 16128 288
224 16112 560
336 16144 496
416 16160 352
352 16176 368
352 16192 400
352 16192 304
144 16240 320
176 16240 464
176 16160 464
432 16224 272
384 16224 32
320 16208 256
320 16208 64
160 16224 288
160 16128 288
320 16128 208
240 16176 352
272 16288 256
368 16272 192
304 16272 192
304 16208 192
288 16160 176
224 16208 128
304 16128 288
416 16144 192
336 16160 144
256 16192 32
256 16192 256
368 15968 256
400 16112 48
352 16208 48
288 16224 208
432 16176 352
288 16144 224
288 16112 192
192 16112 192
32 16160 352
208 16096 288
176 16128 80
256 16160 400
208 16192 144
240 16208 96
240 16144 128
352 16144 128
400 16224 0
432 16192 176
352 16176 128
320 16160 224
320 16208 352
288 16208 512
256 16144 512
272 16080 368
320 16064 384
288 16080 272
272 16128 -80
208 16112 144
208 16112 336
368 16080 336
320 16096 224
192 16160 240
144 16176 64
240 16080 48
240 16144 528
288 16144 528
336 16208 144
320 16208 144
432 16160 192
288 16176 160
272 16224 32
416 16176 176
320 16208 336
352 16160 48
352 16144 160
400 16144 160
320 16192 192
208 16160 112
256 16160 16
224 16160 32
160 16144 256
160 16192 128
192 16192 64
352 16176 64
272 16176 272
288 16128 112
176 16272 160
176 16144 112
288 16144 112
224 16224 64
192 16224 64
336 16192 64
352 16144 192
432 16176 -16
448 16176 80
448 16176 352
320 16176 352
288 16144 352
272 16192 224
240 16176 256
192 16224 368
112 16208 320
144 16112 512
144 16112 272
192 16208 272
416 16032 112
304 16128 208
256 16112 240
256 16080 112
432 16080 128
496 16128 128
464 16048 112
464 16096 144
480 16096 320
160 16016 272
160 16160 464
224 16160 432
224 16160 432
288 16016 432
368 16144 288
384 16208 464
320 16192 544
368 16096 480
368 16048 -80
320 16048 112
240 16128 432
320 16128 432
400 16208 576
352 16208 160
368 16192 320
