startup(x,y,z):(224,16128,272)
1616 16464 2112
3744 14816 -2656
3392 14816 2672
752 14944 2672
1040 13136 7360
2736 13328 4416
2848 13824 944
2848 13824 2480
1536 15376 2480
1680 15152 352
432 15904 -1312
-224 16416 -3168
-192 16528 768
-192 16528 544
736 16400 544
848 16192 -160
160 16144 1744
1456 15280 288
1760 15456 864
1760 16000 1072
160 16000 1072
240 15792 -1296
528 16048 -704
576 15824 464
480 16016 1216
480 16160 0
176 16160 64
432 16016 64
336 16224 944
304 16016 736
352 16192 224
368 16144 -416
368 16208 48
64 16208 496
288 16096 496
576 16112 240
496 16064 304
560 16048 144
272 16192 288
272 16272 48
320 16272 224
240 16224 224
160 16288 -256
224 16176 64
272 16160 272
272 16096 304
320 16096 240
192 16192 240
64 16128 352
16 16160 256
96 16096 528
112 16064 416
112 16144 400
96 16144 400
288 16176 208
240 16352 768
224 16304 208
224 16304 416
448 16336 304
592 15984 304
464 16128 272
624 16224 -96
944 16160 304
944 16208 464
832 16208 112
608 16240 112
672 16144 560
496 16128 352
272 16096 -16
272 16096 336
272 16144 256
272 16256 256
176 16224 176
192 16176 448
496 16272 240
496 16208 224
80 16208 384
224 16176 384
208 16160 352
384 16224 96
352 16160 -48
352 16144 96
400 16144 112
400 16208 112
384 16224 400
304 16192 336
240 16240 160
192 16224 112
192 16256 32
192 16256 32
224 16224 64
272 16080 208
240 16096 176
304 16144 272
304 16144 256
320 16144 80
288 16176 80
224 16160 112
32 16160 144
224 16208 128
288 16224 48
288 16224 -32
288 16176 -32
352 16096 32
320 15984 -240
208 16112 48
304 16112 48
304 16160 32
144 16160 32
128 16176 320
176 16112 128
400 16064 240
240 16144 96
240 16144 224
160 16096 224
160 16160 224
160 16176 384
96 16176 336
176 16192 416
176 16176 272
192 16176 272
320 16192 224
368 16144 416
288 16208 400
256 16224 320
256 16224 80
160 16192 80
208 16128 288
240 16160 240
240 16144 288
240 16192 224
320 16192 64
352 16128 64
336 16112 96
288 16208 112
256 16176 272
256 16176 0
272 16176 -80
320 16192 -80
160 16160 64
192 16176 144
272 16208 240
272 16192 144
320 16192 0
368 16160 0
224 16208 112
352 16176 48
352 16240 16
352 16176 -16
368 16176 256
304 16240 256
208 16240 240
208 16288 352
336 16240 448
336 16240 288
272 16256 288
64 16240 64
304 16128 272
384 16160 64
368 16224 144
368 16304 320
304 16304 320
288 16192 256
240 16224 304
304 16064 416
304 16160 384
240 16160 240
320 16208 240
176 16304 288
240 16256 192
176 16208 480
320 16240 384
320 16112 288
400 16112 288
304 16176 224
336 16240 304
416 16144 512
336 16176 160
400 16256 160
416 16208 256
336 16160 272
288 16192 368
288 16160 272
224 16160 160
448 16224 160
400 16176 416
352 16112 624
224 16192 736
224 16272 624
256 16272 512
80 16144 512
144 16144 288
240 16192 432
288 16192 464
320 16160 96
320 16160 160
320 16176 160
224 16192 448
192 16256 480
32 16160 368
32 16160 304
192 16160 304
304 16160 176
368 16080 144
304 16160 64
496 16176 0
496 16160 208
128 16160 208
288 16160 64
256 16144 272
224 16160 400
304 16176 384
304 16176 352
352 16176 352
368 16176 400
384 16160 544
272 16176 352
304 16192 384
304 16192 224
304 16176 224
256 16160 96
384 16224 16
336 16176 16
336 16176 192
176 16176 320
176 16096 320
160 16144 336
224 16064 464
224 16128 288
352 16176 144
352 16176 224
240 16160 224
288 16176 224
240 16176 288
224 16144 96
208 16192 336
208 16192 192
256 16208 192
176 16160 176
80 16208 144
208 16256 208
208 16288 224
144 16288 416
288 16208 416
288 16272 240
416 16336 64
240 16240 16
240 16176 288
320 16176 288
288 16176 256
192 16176 240
192 16176 0
192 16208 144
192 16208 144
192 16208 144
240 16224 0
448 16192 144
288 16176 64
368 16160 32
368 16160 256
160 16176 256
80 16208 -16
208 16192 240
144 16256 336
144 16176 368
160 16176 496
96 16048 496
272 16048 672
304 16128 576
192 16176 272
240 16272 32
240 16256 160
352 16256 208
464 16304 208
368 16256 160
176 16272 80
144 16272 -144
64 16304 -64
64 16304 208
272 16192 208
240 16128 160
112 16128 320
176 16192 256
224 16176 224
224 16176 192
128 16144 192
192 16160 -128
432 16128 16
448 16128 192
448 16464 128
416 16464 256
592 16368 256
512 16256 512
400 16144 128
512 16112 128
512 16160 304
544 16160 496
512 16240 496
368 16224 352
368 16208 -96
368 16208 304
368 16096 368
224 16096 368
176 16096 368
176 16128 144
32 16192 48
224 16128 112
224 16128 400
144 16144 400
240 16032 224
384 16064 336
208 16160 432
160 16160 288
160 16176 144
288 16176 144
240 16240 0
288 16224 128
256 16240 16
256 16208 -64
256 16208 96
320 16160 96
288 16240 64
192 16240 384
208 16224 208
208 16288 96
224 16288 48
240 16224 48
224 16208 416
416 16144 224
160 16160 304
160 16144 144
352 16144 112
512 16160 112
416 16144 512
288 16240 496
320 16176 384
320 16160 320
208 16160 208
352 16128 208
384 16160 432
272 16112 416
192 16128 224
192 16144 352
160 16144 352
224 16112 432
272 16176 256
208 16256 192
272 16096 192
272 16112 224
240 16112 256
144 16096 256
320 16112 416
368 16112 640
320 16192 272
400 16176 240
400 16176 80
496 16208 80
448 16096 0
288 16240 16
304 16208 80
304 16160 160
448 16160 368
304 16176 368
544 16240 192
352 16224 -64
304 16272 -64
304 16272 80
304 16272 0
384 16160 0
368 16176 448
272 16272 400
512 16176 384
512 16160 240
384 16160 400
480 16144 400
272 16192 448
304 16208 432
256 16224 480
320 16144 416
320 16032 128
368 16032 128
384 16064 384
384 16144 96
368 16176 -256
208 16208 0
208 16208 144
272 16208 336
240 16288 336
272 16304 160
272 16240 224
224 16240 576
272 16192 352
272 16192 448
208 16160 448
352 16176 384
208 16176 368
304 16192 352
304 16144 368
320 16144 176
272 16208 176
272 16272 240
336 16272 224
400 16256 32
416 16272 48
416 16192 208
320 16192 208
304 16128 176
304 16240 256
304 16192 464
256 16240 368
256 16192 240
272 16192 240
176 16224 240
240 16176 128
240 16096 -64
240 16032 -32
240 16160 112
288 16160 96
288 16112 96
128 16112 16
144 16224 416
288 16160 432
288 16160 224
304 16224 224
400 16208 336
240 16240 368
224 16240 208
144 16128 192
144 16128 384
128 16112 384
256 16208 512
336 16096 128
272 16096 192
320 16096 288
320 16048 160
320 16048 160
192 16144 176
224 16128 32
240 16176 80
224 16208 0
224 16240 -144
240 16240 -144
352 16272 32
416 16288 224
528 16288 224
432 16224 256
432 16112 320
272 16112 320
288 16112 640
288 16176 352
400 16272 144
368 16288 208
368 16192 368
176 16192 368
192 16128 416
192 16224 288
208 16224 304
208 16224 176
208 16224 192
512 16224 192
384 16256 368
304 16208 256
400 16176 240
528 16144 176
528 16224 -160
336 16224 -160
224 16128 320
352 16144 656
256 16160 416
224 16176 368
224 16240 384
240 16240 384
144 16256 128
208 16192 80
176 16288 -128
192 16288 112
192 16224 144
192 16224 160
336 16208 160
304 16240 -240
432 16224 -288
256 16256 128
256 16192 48
288 16192 48
160 16240 368
288 16192 464
320 16176 224
288 16208 80
288 16192 80
208 16192 80
144 16192 80
176 16176 32
96 16112 64
208 16176 80
208 16128 272
352 16128 224
224 16096 224
320 16208 336
256 16192 432
160 16192 -32
160 16064 112
224 16064 112
240 16192 208
368 16224 176
272 16256 112
256 16176 80
256 16176 160
304 16240 304
224 16160 304
304 16192 336
208 16208 240
208 16192 -48
