startup(x,y,z):(224,16128,272)
704 15872 2320
-240 16224 -544
128 15936 336
944 16560 336
672 16256 -208
1136 16912 -1728
880 16096 -3968
880 16064 -752
464 16064 -752
-1248 16288 -512
-1552 17424 -96
320 17472 992
1856 17296 -640
1856 16432 208
912 16432 208
-480 15248 -256
-1264 16112 -1104
-624 16048 -2848
-1856 17040 0
-1856 16768 2160
-464 16768 1840
0 16816 1840
-96 16480 464
-416 16176 896
-576 16272 912
-192 16272 256
384 16080 256
304 16192 816
336 16032 688
624 16272 928
688 16176 400
688 16304 64
448 16304 368
560 16288 368
368 16272 336
336 16224 240
304 16224 -176
240 16160 144
240 16064 128
544 16064 -208
416 16112 -208
304 16176 96
112 16208 -64
160 16160 -32
160 16144 64
80 16144 448
272 16160 448
144 16320 352
240 16224 240
160 16224 352
160 16240 112
304 16320 48
368 16320 48
368 16400 304
272 16352 224
320 16432 64
272 16448 288
224 16352 208
224 16336 192
368 16336 192
208 16272 80
128 16256 -96
304 16080 -64
560 16048 224
560 16224 144
496 16224 352
480 16256 352
304 16272 160
96 16160 128
48 16224 416
48 16336 160
176 16336 512
240 16272 512
192 16272 736
144 16464 304
192 16256 368
192 16240 208
288 16240 208
288 16192 -176
256 16160 32
208 16112 288
176 16176 208
176 16176 112
272 16288 112
160 16272 240
224 16256 448
288 16224 128
256 16304 -144
256 16272 -336
240 16272 -336
336 16240 -208
256 16176 144
80 16256 432
48 15856 -960
48 15856 144
144 16112 144
-96 15920 -272
16 16112 896
-256 16256 -64
-608 16608 -144
-96 16304 640
-224 16304 896
672 16512 896
816 15760 -288
-32 16448 896
496 15984 -432
496 16016 -384
688 15616 -96
240 15616 -96
-800 16304 -880
-400 16144 -1904
-608 16384 -336
-304 16544 352
-464 16640 496
-464 16608 192
384 16608 192
656 16096 544
368 16048 448
560 15776 336
816 16000 384
880 15808 448
896 16112 736
976 16112 256
800 16256 256
720 16256 512
464 16304 592
256 16352 144
256 16336 48
256 16272 192
224 16224 32
192 16208 192
0 16256 0
128 16256 32
112 16240 112
160 16160 208
240 16128 208
176 16160 192
240 16160 272
240 16160 256
352 16240 256
160 16256 224
96 16176 384
128 16224 400
128 16144 368
304 16112 208
336 16048 192
320 16048 320
304 16048 320
256 16112 224
288 15984 0
384 15936 192
384 15936 448
352 16032 288
336 16064 288
432 16048 512
352 16032 528
384 16064 448
224 16208 432
352 16128 48
352 16192 -48
432 16192 -48
256 16176 -64
208 16288 80
400 16272 48
224 16192 -144
224 16224 208
400 16224 208
336 16192 -32
336 16096 48
336 16128 16
368 16064 176
368 16128 608
368 16160 304
208 16160 304
272 16160 -32
304 16064 80
256 16192 208
288 16112 208
288 16368 336
208 16304 336
224 16352 416
272 16304 416
352 16272 480
208 16240 128
240 16256 112
240 16256 224
128 16224 224
176 16160 240
336 16160 272
160 16128 272
160 16112 128
256 16112 128
320 16192 96
304 16176 96
256 16160 288
240 16144 304
192 16208 192
224 16240 256
224 16240 192
352 16288 192
288 16304 0
304 16224 160
336 16176 144
336 16128 224
288 16208 368
240 16304 112
336 16304 80
240 16240 80
288 16208 352
96 16256 176
16 16240 96
16 16288 192
240 16224 -48
112 16224 -48
320 16112 16
192 16128 368
224 16144 96
272 16176 48
336 16160 416
336 16208 384
272 16208 384
304 16192 400
256 16160 368
240 16192 320
256 16176 272
256 16176 400
304 16112 400
304 16128 432
384 16112 272
448 16112 256
304 16176 560
352 16192 384
352 16160 80
352 16160 80
304 16176 288
208 16112 208
176 16176 448
-32 16160 368
32 16128 160
224 16176 288
160 16096 288
160 16160 224
240 16192 -96
208 16176 48
208 16192 112
64 16192 112
112 16192 160
176 16208 272
368 16128 32
464 16096 160
464 16160 80
272 16192 288
272 16208 304
160 16208 272
320 16208 272
304 16240 320
400 16208 32
352 16144 144
352 16192 256
384 16192 256
176 16240 272
272 16160 160
288 16128 272
192 16160 256
256 16208 160
272 16192 144
272 16192 288
320 16208 288
304 16272 176
224 16224 224
192 16208 256
192 16240 336
272 16240 336
304 16224 288
320 16192 432
400 16128 448
336 16096 320
352 16096 64
352 16224 240
208 16224 240
304 16256 288
256 16224 416
288 16160 288
272 16176 384
272 16208 352
320 16208 352
176 16176 464
272 16224 416
352 16336 384
272 16288 240
288 16208 384
144 16208 448
144 16208 448
208 16208 448
192 16272 224
160 16224 160
256 16192 208
288 16192 160
288 16208 64
304 16160 128
272 16144 64
400 16144 64
416 16160 160
384 16160 288
400 16224 -96
320 16144 0
320 16144 80
112 16144 80
288 16208 160
176 16208 176
256 16128 288
208 16160 320
272 16128 112
272 16128 160
288 16176 160
208 16112 704
256 16112 704
240 16160 416
80 16176 272
208 16224 240
240 16208 336
240 16176 384
256 16160 352
256 16160 144
176 16192 144
288 16192 272
304 16256 144
304 16240 224
304 16240 96
432 16176 256
192 16160 256
256 16176 336
304 16240 336
304 16144 256
304 16208 272
304 16208 352
464 16208 384
464 16144 384
272 16192 256
208 16208 336
208 16176 320
208 16192 80
240 16192 80
176 16224 176
192 16192 96
128 16112 320
192 16112 288
160 16112 304
272 16160 240
272 16160 352
432 16192 352
368 16144 272
304 16144 240
240 16208 144
240 16144 528
240 16144 528
416 16192 272
400 16256 272
304 16272 368
272 16288 352
240 16224 320
240 16256 -192
288 16256 -192
160 16240 -32
288 16224 16
352 16160 336
320 16192 240
320 16192 -96
272 16256 -64
240 16192 112
416 16192 112
560 16192 -32
512 16224 -112
224 16208 144
224 16160 256
240 16160 256
368 16128 48
352 16096 288
256 16112 368
288 16160 288
288 16224 528
320 16192 416
304 16192 128
272 16160 128
320 16240 160
256 16272 224
192 16256 176
192 16176 192
256 16176 416
336 16112 416
368 16144 352
272 16224 160
304 16144 192
256 16160 -48
256 16160 192
224 16208 160
208 16208 160
288 16160 176
128 16144 64
224 16128 208
368 16128 272
368 16128 96
288 16176 96
400 16224 176
272 16112 240
352 16128 32
208 16080 144
288 16112 384
288 16112 240
304 16176 240
208 16192 192
272 16256 80
288 16224 144
288 16240 32
416 16240 32
304 16288 256
352 16256 288
336 16208 192
384 16176 576
448 16208 384
448 16224 464
288 16224 464
256 16192 16
208 16208 416
320 16224 128
320 16096 16
272 16096 16
240 16112 352
272 16160 640
240 16224 464
192 16256 320
192 16272 416
192 16192 400
192 16192 96
128 16160 96
176 16208 112
160 16256 144
112 16224 320
112 16240 288
224 16240 144
112 16160 144
48 16240 352
384 16064 192
336 16176 192
384 16192 272
304 16192 176
304 16192 128
304 16192 112
272 16096 112
208 16192 -144
176 16272 32
224 16256 224
224 16192 80
192 16160 304
192 16064 416
160 16064 256
160 16048 256
160 16080 96
192 16064 240
224 16144 144
224 16160 160
144 16160 160
256 16128 368
272 16176 512
256 16192 224
288 16224 16
336 16160 192
336 16192 192
368 16192 192
272 16192 112
192 16208 464
240 16208 384
224 16160 368
224 16160 368
352 16096 368
112 16112 112
272 16144 192
160 16176 256
256 16144 480
176 16192 480
176 16192 448
240 16192 448
272 16112 528
256 16112 192
208 16192 512
304 16144 336
304 16144 448
320 16224 272
368 16224 288
304 16208 224
304 16208 224
288 16192 416
224 16192 336
432 16128 208
432 16112 272
320 16112 272
384 16160 288
272 16208 208
368 16240 0
352 16144 0
352 16128 176
352 16176 144
192 16176 144
240 16144 128
256 16192 208
368 16224 192
368 16176 304
288 16160 368
272 16160 368
208 16112 272
272 16128 544
256 16160 192
