startup(x,y,z):(224,16128,272)
480 16944 1088
16 16704 2144
16 16336 1712
-512 16336 1712
400 16112 336
432 16224 1568
176 16320 1008
-32 16240 464
-32 16240 -112
336 16272 528
800 16160 1376
272 16192 1376
256 16144 480
304 16208 32
336 16176 -96
336 16352 304
368 16352 304
144 16368 -224
192 16256 -480
320 16224 -224
336 16240 -224
368 16272 176
208 16272 96
208 16224 320
128 16224 304
128 16224 304
192 16144 400
224 16224 464
208 16176 144
208 16160 272
192 16160 272
176 16096 368
112 16128 512
64 16144 320
128 16096 160
128 16096 256
240 16096 256
240 16144 432
240 16128 496
176 16160 416
176 16144 192
128 16144 384
256 16192 384
176 16176 224
224 16320 80
272 16208 160
256 16192 240
256 16192 176
224 16224 176
272 16160 448
288 16176 704
496 16240 448
496 16240 368
496 16192 368
464 16208 496
64 16224 480
176 16112 320
272 16080 368
272 16208 448
464 16208 448
416 16176 336
320 16256 272
352 16176 560
352 16208 272
320 16208 416
224 16160 416
352 16128 336
352 16112 176
320 16208 16
320 16128 32
416 16272 48
384 16272 48
160 16272 112
160 16224 144
32 16288 -16
32 16112 32
240 16112 352
208 16224 352
224 16320 384
240 16304 352
352 16208 272
208 16144 352
208 16208 384
224 16208 384
112 16272 336
320 16320 288
384 16224 544
384 16288 240
320 16224 144
304 16224 144
336 16192 128
368 16256 -16
448 16240 -96
432 16272 -48
432 16224 32
336 16224 16
512 16208 16
416 16224 400
384 16240 432
384 16112 304
336 16112 272
400 16176 272
336 16208 224
240 16288 -272
240 16240 48
320 16304 -112
320 16304 112
464 16224 112
240 16208 176
256 16192 -48
416 16144 -160
416 16160 80
400 16160 496
560 16192 496
288 16224 144
496 16112 400
416 16192 208
416 16192 256
400 16240 160
400 16192 160
208 16096 176
32 16096 240
176 16160 240
176 16160 272
288 16096 272
352 16144 400
304 16144 352
352 16288 112
320 16176 192
320 16176 256
336 16112 256
384 16192 320
320 16192 208
256 16144 -96
256 16096 240
304 16096 192
224 16192 192
192 16224 64
160 16192 416
176 16144 400
176 16192 560
256 16192 560
368 16160 496
224 16288 448
288 16272 16
320 16208 304
320 16208 400
160 16208 400
160 16288 368
448 16272 368
368 16272 368
320 16272 288
320 16272 224
320 16272 224
320 16224 544
256 16176 432
288 16224 512
288 16192 384
272 16192 464
368 16208 464
320 16288 192
336 16192 336
304 16208 256
304 16160 272
304 16160 32
272 16160 32
304 16128 224
272 16224 448
384 16096 192
384 16208 160
400 16208 160
288 16208 176
304 16224 272
208 16192 480
208 16176 352
320 16144 560
320 16144 560
336 16144 560
448 16240 352
368 16224 272
256 16160 272
256 16224 -80
288 16224 -80
512 16128 144
512 16128 64
448 16144 224
448 16112 112
496 16016 192
432 16016 192
384 16192 480
368 16144 480
256 16224 336
240 16128 512
240 15872 512
272 16048 256
192 16096 176
192 16176 -96
464 16240 80
304 16224 272
304 16192 320
240 16192 240
256 16144 240
256 16224 112
368 16192 16
224 16208 -48
224 16176 192
16 16176 144
48 16192 144
160 16208 80
224 16192 -144
336 16176 -16
336 16176 -32
336 16096 96
512 16080 96
448 16128 32
352 16208 -96
400 16160 96
400 16176 192
320 16176 224
352 16192 224
368 16144 128
368 16128 -48
384 16144 -16
384 16144 48
336 16128 224
416 16112 224
368 16160 288
224 16144 320
128 16192 288
128 16160 304
96 16160 304
272 16160 400
128 16144 432
176 16208 224
176 16208 144
448 16208 144
288 16128 144
384 16144 208
160 16128 352
160 16144 64
160 16144 256
192 16128 256
288 16160 224
176 16272 80
160 16192 96
160 16192 112
288 16192 112
416 16256 80
240 16208 128
240 16224 176
208 16208 336
208 16208 320
144 16144 320
288 16176 128
368 16256 64
320 16160 80
320 16160 144
432 16160 144
432 16176 192
544 16160 32
624 16208 128
464 16192 144
464 16208 240
352 16208 240
320 16064 320
320 16128 272
352 16176 336
384 16176 416
384 16144 416
336 16144 416
256 16208 400
432 16208 304
320 16208 288
336 16272 224
336 16272 272
256 16272 272
288 16176 448
288 16192 352
272 16224 128
272 16240 80
272 16240 128
320 16224 128
336 16176 192
176 16208 304
304 16176 304
304 16128 336
256 16128 256
368 16128 256
304 16112 272
304 16112 256
288 16208 -48
288 16208 -16
256 16208 -16
112 16240 112
176 16304 480
176 16192 560
192 16160 384
192 16176 128
256 16176 -64
352 16240 -64
336 16208 208
368 16112 336
240 16080 320
240 16128 272
368 16128 544
288 16128 544
352 16128 480
320 16176 432
336 16192 400
336 16272 304
304 16272 80
336 16272 80
288 16272 96
304 16240 320
224 16240 32
224 16224 80
144 16224 80
208 16192 256
256 16096 272
192 16096 32
192 16112 576
304 16192 352
272 16192 352
304 16160 368
144 16176 336
64 16208 416
128 16160 304
128 16192 224
-32 16192 224
176 16208 352
224 16368 480
176 16288 96
272 16224 144
256 16160 224
256 16160 256
240 16176 256
304 16128 304
128 16096 176
160 16144 272
240 16144 224
240 16064 384
256 16064 384
224 16112 320
464 16128 192
592 16192 144
336 16096 144
400 16096 304
272 16128 304
256 16160 -16
256 16256 -48
192 16224 416
192 16144 272
224 16144 240
336 16112 240
288 16208 208
320 16192 272
240 16176 176
240 16176 80
256 16208 400
112 16176 288
208 16112 112
272 16128 96
272 16144 160
384 16144 160
192 16240 144
224 16224 -144
128 16224 160
176 16192 176
176 16192 96
320 16128 96
400 16224 96
384 16224 192
368 16208 144
272 16192 272
272 16160 368
416 16160 368
240 16176 352
256 16288 320
224 16256 352
224 16224 240
176 16224 240
192 16240 176
64 16192 144
176 16144 208
336 16160 304
320 16192 256
320 16192 144
448 16176 144
368 16160 304
368 16160 288
256 16224 352
224 16176 256
288 16160 384
272 16272 416
272 16272 496
352 16256 496
496 16208 288
320 16192 288
416 16128 64
416 16112 320
416 16112 576
240 16144 512
448 16192 272
432 16224 0
432 16192 128
416 16176 240
304 16176 240
320 16304 224
272 16256 400
288 16240 592
288 16176 336
288 16192 288
336 16192 288
224 16160 224
224 16160 224
304 16144 256
304 16240 208
256 16240 192
224 16208 192
96 16240 256
112 16240 160
32 16176 400
160 16160 176
144 16128 -64
144 16176 224
256 16176 224
272 16160 608
288 16176 576
208 16192 512
208 16256 352
256 16256 352
160 16240 352
176 16192 560
320 16112 336
288 16144 256
288 16176 256
304 16176 112
320 16208 112
192 16240 176
224 16272 192
224 16192 368
224 16192 432
272 16160 432
304 16224 16
368 16208 304
192 16208 208
240 16256 272
240 16256 144
368 16240 144
336 16208 16
416 16224 144
288 16208 32
288 16256 176
272 16256 176
320 16176 416
256 16144 496
176 16224 416
240 16192 240
240 16176 -32
288 16176 -48
272 16192 -48
336 16144 80
464 16368 -448
464 16272 64
256 16272 432
256 16144 432
336 16096 304
400 16112 288
336 16272 128
336 16272 32
304 16272 32
272 16288 144
224 16352 272
304 16240 448
240 16304 416
240 16304 480
432 16208 480
320 16208 400
240 16272 32
208 16272 192
256 16240 128
352 16208 128
320 16208 -64
336 16192 192
560 16144 96
560 16192 384
384 16192 384
256 16240 304
384 16224 384
416 16192 240
224 16176 144
224 16176 480
240 16160 480
288 16144 624
288 16160 464
304 16112 352
304 16128 336
256 16128 80
160 16112 224
400 16128 272
352 16128 352
352 16128 240
240 16128 240
336 16192 400
224 16256 16
288 16080 256
304 16112 512
304 16144 304
368 16144 320
416 16192 320
368 16176 208
512 16192 320
