startup(x,y,z):(224,16128,272)
-432 16688 -480
-352 17024 -2048
-368 16624 1760
1120 15888 3856
-64 15872 832
-64 16320 640
-1440 16320 640
-896 16608 928
96 16304 1216
-240 16224 1152
-240 15856 1024
-192 15856 1024
96 16064 944
272 16000 0
384 16192 480
96 15968 -544
96 15968 -320
144 16048 -320
304 16080 64
96 16224 0
96 16272 128
96 16176 -144
208 16176 -144
464 16224 80
288 16192 -208
176 16224 -304
176 16256 -304
208 16256 -96
176 16192 -96
224 16144 144
0 16080 -80
96 16144 112
96 16176 256
224 16176 256
288 16160 0
112 16256 48
144 16224 160
144 16144 336
128 16144 384
96 16064 384
128 16128 240
208 16208 144
160 16208 416
160 16272 384
160 16272 208
80 16288 208
240 16096 272
368 16128 224
432 16176 128
432 16176 48
464 16240 48
528 16256 160
400 16256 160
272 16304 272
320 16240 144
400 16192 0
304 16160 336
304 16160 48
336 16144 48
256 16224 48
224 16160 208
192 16240 400
192 16240 352
80 16240 352
-384 16592 -400
80 16080 912
368 15344 976
-64 15360 -1200
-64 15360 704
-336 16416 704
688 15856 -1696
-320 16384 64
-336 16112 -2480
-336 16112 96
-624 16096 1232
-208 16032 -1184
0 16048 -864
-48 16240 -512
-48 16272 0
-96 16272 -112
240 16000 -112
144 16224 -480
240 16144 288
528 16176 688
528 16176 304
480 16192 304
352 16288 288
416 16256 16
416 16160 432
560 16208 400
560 16208 224
464 16208 224
400 16240 -64
624 16240 224
672 16240 496
672 16240 80
560 16240 80
480 16192 208
432 16192 288
400 16160 144
544 16144 -32
544 16032 160
544 16144 80
304 16144 176
240 16160 176
240 16240 352
288 16256 176
224 16160 352
224 16160 224
240 16128 224
288 16032 192
144 16144 -80
256 16160 112
288 16192 -176
288 16192 -80
256 16192 -80
144 16064 224
144 16176 464
64 16160 368
64 16144 64
48 16144 64
144 16096 48
320 16192 224
336 16208 368
416 16176 384
416 16176 288
256 16144 288
112 16160 368
208 16144 336
176 16128 224
176 16144 128
144 16144 144
96 16096 144
32 16080 192
32 16176 160
240 16192 272
240 16192 48
224 16192 160
256 16160 160
320 16096 80
336 16208 176
464 16192 32
464 16160 -192
368 16160 -192
336 16224 -176
416 16176 208
496 16208 272
320 16144 144
320 16240 208
256 16240 64
384 16288 64
256 16224 160
320 16240 80
224 16208 -80
224 16128 0
192 16128 0
288 16208 48
336 16208 208
336 16256 272
288 16192 336
288 16192 192
272 16128 192
336 16160 304
288 16208 384
336 16208 224
336 16256 192
320 16256 192
240 16160 192
304 16192 0
272 16160 176
272 16192 240
352 16192 48
304 16160 48
304 16208 176
320 16192 256
288 16096 288
288 16096 368
304 16096 368
112 16176 288
336 16160 368
304 16176 96
304 16192 144
176 16192 -112
272 16112 -112
256 16128 160
224 16144 224
272 16176 224
272 16176 256
240 16192 432
240 16176 400
416 16176 448
432 16096 448
336 16160 400
256 16192 528
256 16144 512
256 16144 320
288 16128 240
224 16208 272
240 16272 304
336 16176 400
288 16160 464
400 16144 320
336 16176 160
336 16176 416
272 16176 416
208 16192 512
176 16192 240
256 16256 208
240 16208 240
240 16208 160
272 16176 144
272 16240 368
352 16160 368
336 16224 368
192 16128 480
208 16144 240
208 16144 320
256 16128 320
384 16144 224
272 16240 -112
320 16176 0
288 16112 80
352 16208 176
304 16240 336
304 16288 400
224 16288 400
176 16192 448
432 16176 320
400 16208 208
400 16160 256
352 16272 256
288 16272 224
304 16144 224
288 16240 464
224 16192 304
336 16144 160
288 16144 80
432 16224 128
432 16224 160
240 16224 400
192 16240 400
224 16224 -48
272 16208 112
288 16224 480
144 16192 352
208 16176 352
272 16192 224
272 16128 -128
288 16128 32
208 16192 32
224 16160 -32
240 16208 240
240 16160 304
320 16176 112
352 16176 112
208 16208 64
256 16208 -112
320 16240 48
304 16192 144
256 16160 96
160 16144 64
160 16144 400
160 16240 400
240 16176 432
368 16208 464
336 16208 176
336 16176 224
304 16176 272
288 16160 272
176 16256 320
192 16288 288
16 16224 304
160 16224 384
128 16240 352
128 16240 128
112 16224 128
176 16192 192
144 16192 208
256 16176 96
288 16160 224
288 16192 336
176 16224 208
336 16128 272
368 16128 272
320 16208 160
304 16224 384
160 16192 336
160 16176 336
192 16176 336
240 16208 128
304 16192 192
256 16144 272
272 16112 272
176 16160 160
64 16176 144
176 16192 272
176 16224 256
208 16224 256
176 16304 336
112 16256 384
112 16144 256
288 16160 240
288 16112 -16
336 16112 -16
512 16192 -144
384 16192 -128
368 16240 -96
448 16224 16
528 16192 32
528 16208 352
432 16208 384
336 16256 384
288 16272 320
272 16224 128
320 16144 320
320 16144 384
208 16288 384
288 16288 384
384 16176 128
432 16192 528
416 16144 384
416 16160 304
336 16160 144
336 16144 144
192 16144 -64
48 16192 96
112 16224 48
96 16240 240
240 16240 -64
272 16224 -64
288 16208 32
384 16240 -128
224 16144 80
224 16144 160
320 16208 160
16 16240 304
240 16224 128
176 16272 144
304 16224 128
384 16192 224
416 16128 112
384 16144 176
384 16144 320
256 16208 320
304 16160 224
384 16128 176
368 16144 352
368 16176 432
352 16176 432
368 16160 256
496 16128 208
400 16192 176
384 16192 -48
256 16208 -144
256 16176 80
192 16176 80
224 16272 96
432 16272 192
384 16192 48
320 16160 384
320 16160 272
416 16176 272
352 16256 128
256 16208 -32
160 16208 288
240 16160 304
272 16144 480
272 16176 480
208 16176 96
256 16208 96
400 16272 32
320 16256 -128
304 16176 384
224 16208 368
224 16208 400
240 16192 256
272 16192 256
304 16192 112
288 16272 208
176 16288 240
176 16288 208
208 16288 208
368 16208 128
560 16208 128
400 16176 352
336 16144 304
272 16160 400
256 16176 176
304 16208 400
304 16208 480
352 16192 480
272 16176 240
384 16176 96
416 16272 112
416 16160 240
400 16160 240
272 16192 304
288 16144 288
336 16160 288
304 16160 368
304 16128 384
304 16112 576
336 16112 -192
448 16112 -64
368 16208 128
304 16192 224
224 16240 208
224 16208 -256
240 16208 -16
368 16128 -16
288 16160 144
272 16144 160
304 16144 64
304 16144 240
304 16176 144
416 16176 144
416 16224 112
384 16176 416
400 16112 464
336 16128 368
288 16240 128
288 16240 176
320 16176 272
256 16160 64
368 16192 64
320 16208 272
256 16176 320
320 16192 320
320 16192 160
288 16224 160
288 16176 240
320 16192 176
272 16192 -144
336 16224 160
320 16208 0
320 16240 144
320 16240 -16
352 16176 -16
320 16096 112
400 16160 304
400 16160 352
208 16160 400
208 16272 400
208 16240 256
384 16224 112
400 16144 192
384 16160 208
352 16096 144
352 16096 160
336 16192 160
272 16224 288
336 16240 240
304 16208 336
304 16176 512
288 16176 512
224 16208 432
160 16256 352
240 16256 256
192 16224 416
432 16240 192
432 16240 176
640 16240 176
416 16160 384
416 16112 448
176 16240 224
144 16208 176
240 16208 192
240 16208 96
448 16240 96
80 16256 144
208 16208 384
176 16256 320
416 16192 112
352 16288 176
352 16256 32
320 16256 80
304 16288 80
384 16256 64
352 16192 96
288 16224 288
208 16144 560
304 16224 432
336 16240 0
336 16224 96
256 16224 96
160 16288 32
240 16288 160
256 16304 240
256 16288 496
112 16288 576
96 16224 576
144 16240 256
112 16304 208
144 16272 176
288 16256 240
272 16240 256
272 16240 560
256 16224 560
176 16160 480
192 16288 336
288 16224 256
288 16192 432
304 16192 432
208 16272 96
160 16240 192
272 16208 272
240 16208 256
128 16224 368
128 16208 256
464 16208 256
352 16192 272
368 16176 464
