startup(x,y,z):(224,16128,272)
7344 15840 3344
3168 16144 4352
3936 16736 6064
5248 16304 6064
3104 16880 3136
1968 15984 -432
800 16720 1344
848 16528 1104
848 17648 -1360
1088 17648 -1360
1264 16960 -1808
752 16944 1792
-960 17360 -1200
-960 16368 -1360
-1360 16368 128
-960 16736 128
-160 16496 576
336 16512 2368
1408 15488 -848
1408 16032 896
1312 16032 -192
-336 16320 -192
464 16288 -720
1184 16048 1344
1056 15904 2160
1056 15920 832
144 16032 -32
-368 16032 448
-160 16080 448
384 16176 688
272 16288 752
400 16208 496
400 16288 528
448 16288 528
256 16256 208
432 16096 240
384 16176 208
384 16192 48
384 16192 112
560 16272 112
592 16192 512
304 16256 560
176 16160 -80
176 16208 48
208 16208 48
336 16192 224
464 16208 208
224 16144 240
192 16160 368
192 16160 240
352 16160 240
336 16240 400
400 16208 496
448 16208 592
448 16208 640
336 16208 512
464 16144 512
352 16016 400
368 16048 64
320 16112 64
320 16112 -144
320 16208 -144
368 16208 144
320 16192 0
368 16160 -16
432 16176 160
432 16176 176
448 16144 304
352 16064 304
336 16112 256
480 16176 320
544 16208 256
544 16208 288
592 16208 288
608 16240 320
496 16384 -16
400 16240 -80
384 16224 64
384 16240 -64
336 16240 -64
272 16192 -32
32 16192 80
192 16160 144
192 16176 -16
288 16176 -32
320 16192 -32
288 16160 -32
112 16208 -32
128 16240 -384
240 16336 -80
240 16336 -64
160 16240 -64
112 16224 32
240 16192 32
272 16144 256
288 16240 256
288 16240 512
240 16304 512
288 16160 256
320 16176 80
320 16240 144
320 16240 384
496 16224 384
304 16288 128
288 16240 208
304 16256 -48
304 16176 128
128 16176 128
224 16192 448
336 16208 160
224 16224 368
224 16176 384
240 16176 304
368 16208 304
304 16208 336
272 16208 304
464 16256 432
464 16272 400
384 16272 368
336 16272 368
160 16224 336
304 16176 112
336 16112 144
336 16368 144
384 16160 160
336 16176 192
464 16160 -16
304 16096 48
208 16192 416
208 16192 672
208 16304 672
208 15936 496
336 16160 624
336 16224 128
336 16160 0
288 16160 0
384 16096 -48
432 16176 400
336 16128 272
272 16160 144
272 16224 352
432 16224 352
368 16224 272
240 16240 384
272 16208 336
272 16176 176
256 16176 368
240 16176 368
208 16208 192
352 16176 96
320 16208 96
320 16288 160
320 16288 -48
160 16272 -48
224 16240 224
160 16240 272
80 16240 336
80 16240 688
224 16240 688
32 16112 656
160 16080 480
256 16128 448
272 16160 368
272 16160 304
352 16176 304
480 16192 64
400 16144 -96
304 16144 48
416 16128 144
416 16128 256
416 16176 256
320 16208 352
96 16224 352
336 16176 272
416 16224 432
416 16224 288
368 16208 144
384 16128 144
336 16096 288
288 16096 576
208 16112 384
208 16128 320
288 16176 208
288 16176 208
288 16256 208
288 16112 48
288 16192 160
240 16224 176
256 16224 384
288 16176 192
208 16160 128
208 16160 208
272 16176 208
336 16176 208
352 16256 160
176 16176 368
176 16144 320
176 16144 384
304 16224 384
288 16160 192
288 16144 304
320 16144 544
368 16112 224
368 16144 144
304 16144 160
288 16272 160
208 16208 272
288 16160 112
288 16144 160
288 16224 160
288 16224 160
256 16256 208
272 16144 208
336 16112 240
352 16096 320
128 16192 224
128 16224 80
304 16224 80
272 16160 48
256 16096 112
368 16192 0
352 16256 -224
400 16224 208
400 16176 288
144 16208 256
144 16176 224
240 16176 128
448 16112 128
448 16144 160
288 16144 432
288 16144 352
320 16144 304
160 16160 304
272 16176 320
320 16176 448
304 16112 320
432 16128 400
288 16096 224
288 16160 240
368 16160 240
512 16192 -32
368 16272 416
320 16240 240
320 16272 176
352 16256 320
304 16288 320
304 16256 64
240 16176 272
320 16224 144
208 16224 96
208 16256 544
256 16256 544
192 16224 400
288 16160 320
240 16176 288
256 16128 240
256 16128 400
256 16208 400
368 16272 528
336 16304 640
336 16192 448
336 16288 288
384 16208 240
384 16208 304
336 16128 304
288 16176 288
304 16192 416
304 16160 256
192 16160 144
240 16160 160
272 16160 192
176 16192 0
240 16256 -16
240 16256 128
256 16288 128
208 16224 304
128 16224 272
128 16256 288
112 16256 208
208 16208 208
224 16192 336
176 16064 240
208 16144 512
208 16208 368
256 16224 368
256 16224 576
96 16256 576
224 16144 432
288 16176 576
320 16144 432
320 16192 352
288 16192 336
224 16128 336
272 16224 240
336 16192 -96
272 16144 192
336 16160 272
384 16192 272
384 16192 272
400 16160 272
352 16240 288
304 16224 240
368 16240 272
368 16224 368
288 16224 368
464 16208 368
352 16176 128
320 16240 144
320 16256 112
368 16304 224
368 16192 48
240 16192 48
368 16192 176
160 16224 240
224 16144 560
144 16160 528
416 16112 288
416 16224 224
416 16224 320
368 16208 352
432 16208 352
256 16224 160
272 16208 256
352 16160 416
352 16208 336
512 16208 336
416 16240 48
272 16320 176
160 16160 416
272 16176 304
272 16176 96
304 16176 128
368 16176 480
288 16176 480
224 16256 352
224 16208 336
192 16272 224
192 16272 96
192 16176 96
224 16144 272
400 16144 80
240 16288 512
240 16192 272
272 16224 256
272 16240 240
320 16240 240
48 16240 368
32 16240 384
240 16224 400
240 16192 -64
272 16192 160
352 16176 160
288 16208 -144
368 16208 128
336 16176 240
320 16176 128
272 16160 256
272 16176 304
192 16176 304
224 16240 448
272 16192 112
208 16144 160
208 16176 160
560 16224 96
432 16224 352
368 16144 272
384 16224 224
288 16240 224
336 16240 512
384 16208 352
384 16192 304
384 16192 400
224 16144 400
112 16192 560
192 16160 560
320 16160 624
320 16192 416
352 16160 416
256 16160 272
176 16160 384
176 16192 384
144 16192 384
240 16128 208
240 16192 80
240 16192 32
112 16208 32
144 16128 144
208 16160 176
80 16224 160
160 16224 208
208 16144 288
288 16176 160
288 16176 192
288 16160 192
336 16160 176
448 16160 288
368 16224 160
368 16208 176
304 16208 128
224 16240 128
288 16208 64
352 16224 192
304 16144 416
304 16160 512
304 16160 288
224 16160 272
240 16272 272
192 16192 320
240 16176 336
240 16176 224
288 16160 304
240 16144 304
240 16176 384
400 16160 304
400 16208 320
384 16208 320
384 16160 352
272 16176 320
240 16256 320
336 16208 320
336 16176 352
256 16176 144
272 16144 144
208 16176 256
384 16144 48
336 16176 272
400 16192 256
400 16224 224
320 16224 224
224 16208 -64
208 16176 304
256 16176 16
256 16160 32
304 16160 256
400 16144 256
336 16176 320
272 16192 128
288 16208 368
240 16240 192
272 16176 224
272 16176 64
128 16160 64
256 16144 144
352 16160 80
400 16160 144
400 16192 256
608 16192 432
368 16144 432
400 16208 224
304 16176 176
288 16176 144
304 16272 -48
240 16288 160
240 16288 288
192 16176 288
176 16176 192
240 16080 480
288 16208 240
64 16208 416
320 16208 256
320 16224 128
272 16240 144
240 16240 64
272 16272 64
320 16304 208
240 16224 336
240 16224 288
352 16224 224
400 16176 224
336 16144 464
320 16128 416
256 16192 256
256 16160 336
192 16144 192
192 16144 208
176 16160 208
288 16112 416
368 16176 240
336 16160 16
336 16160 320
400 16192 320
208 16192 272
240 16144 256
240 16208 272
192 16160 272
192 16192 336
224 16192 336
304 16064 240
320 16048 144
224 16096 352
224 16048 320
288 16048 528
272 16096 528
352 16160 368
256 16112 400
272 16160 368
368 16144 448
352 16208 304
352 16208 496
368 16176 496
368 16192 496
304 16176 464
336 16192 272
336 16192 128
256 16288 304
256 16256 432
208 16256 432
256 16208 336
240 16256 304
240 16304 416
304 16304 352
400 16192 368
