startup(x,y,z):(224,16128,272)
-896 15600 4608
-16 15760 1904
-544 15968 1856
-544 15936 1456
-464 15936 -400
-496 16128 -400
-544 17840 -1088
1280 16096 -2896
1280 16496 -160
736 16496 -2704
-240 16288 -2704
224 16144 912
1632 16112 -832
944 16176 688
-176 15664 -32
1792 15968 -1472
1792 16432 1776
2416 16432 1776
1280 15824 48
-80 15968 -144
-528 16112 -848
256 15936 224
0 16032 752
128 16016 -112
-16 16016 -112
224 15968 -384
240 16000 128
144 16144 144
128 16016 -368
-64 16144 160
-64 16000 224
352 16000 224
528 16160 672
384 16096 80
400 16112 224
272 16128 352
272 16176 672
624 16288 240
528 16160 -96
368 16160 400
320 16112 400
512 16176 816
576 16128 560
448 16160 256
448 16160 480
416 16128 640
304 16256 640
368 16272 576
336 16224 240
528 16240 64
368 16224 176
448 16224 480
448 16224 176
384 16288 176
304 16208 240
416 16208 160
256 16096 240
320 16048 464
320 16000 640
384 16000 640
384 16112 272
416 16160 -16
320 16176 304
272 16288 192
272 16288 96
192 16288 96
192 16272 -32
272 16288 -128
272 16288 48
272 16208 -96
336 16176 64
240 16176 -16
208 16240 -16
272 16208 224
208 16160 416
368 16240 160
336 16160 256
336 16160 528
464 16112 528
432 16080 368
480 16112 208
400 16112 128
400 16176 352
496 16176 352
480 16096 688
416 16208 464
528 16352 160
400 16352 16
400 16304 208
336 16304 208
304 16240 544
496 16224 384
480 16160 576
480 16192 432
416 16192 256
352 16160 256
320 16128 128
304 16144 208
320 16160 304
320 16080 0
384 16080 -144
272 16064 -144
256 16064 112
32 16128 64
176 16080 -112
176 16128 -16
128 16128 128
48 16288 128
96 16288 128
-64 16288 336
80 16288 336
240 16128 512
240 16112 592
240 16096 272
480 16096 272
432 16144 288
336 16192 336
368 16160 336
416 16224 176
416 16160 -96
416 16176 -48
176 16128 112
304 16128 -16
384 16096 -16
288 16096 -176
240 16144 -80
352 16160 80
352 16208 -288
304 16208 16
352 16192 16
336 16192 -96
464 16192 -96
240 16176 96
256 16144 80
224 16112 256
224 16112 96
352 16064 96
464 16192 176
272 16256 48
368 16256 240
368 16336 320
304 16336 112
128 16240 112
144 16176 48
208 16160 176
288 16160 384
416 16080 512
416 16128 256
416 16128 176
304 16064 176
384 16096 160
400 16176 64
400 16208 16
368 16192 272
368 16192 208
416 16256 208
368 16240 480
256 16208 304
368 16240 352
336 16192 464
304 16192 80
304 16144 -144
176 16144 -144
256 16192 240
176 16224 208
96 16240 288
176 16192 160
208 16208 352
208 16192 288
256 16240 336
288 16192 320
288 16192 464
288 16080 464
400 16128 432
352 16112 80
320 16160 288
320 16096 144
288 16096 -80
304 16128 -80
352 16160 208
400 16192 240
208 16240 208
400 16144 176
400 16208 144
384 16224 256
256 16224 256
336 16224 400
288 16208 128
288 16208 368
336 16208 256
336 16144 112
464 16144 112
544 16224 48
432 16224 48
352 16272 16
352 16272 48
400 16320 -160
400 16272 144
352 16272 144
208 16224 288
96 16160 224
208 16160 288
96 16224 240
160 16224 272
256 16192 208
256 16208 336
160 16208 464
320 16160 464
320 16128 304
432 16176 336
368 16208 288
288 16304 192
288 16272 224
288 16272 96
224 16272 96
352 16256 272
416 16192 320
400 16176 304
352 16160 384
512 16192 224
512 16176 128
480 16176 128
400 16240 128
320 16224 224
320 16272 256
240 16192 240
240 16192 112
448 16176 -32
304 16160 -256
256 16208 -256
128 16256 -176
160 16240 48
192 16240 80
192 16240 272
224 16176 272
256 16128 288
240 16112 208
224 16288 144
288 16224 208
336 16224 128
336 16208 288
304 16208 288
464 16208 96
288 16256 -224
336 16224 160
336 16144 128
320 16144 336
224 16192 336
288 16208 208
272 16272 96
240 16192 64
272 16176 -32
304 16144 352
304 16144 352
368 16080 352
384 16160 272
416 16144 368
336 16192 400
256 16176 336
304 16192 144
304 16192 208
400 16192 208
368 16272 -32
304 16240 -64
304 16240 -48
240 16272 176
336 16192 128
336 16192 336
256 16176 336
320 16176 224
320 16176 192
304 16192 144
304 16240 240
336 16240 80
352 16240 112
224 16160 112
336 16208 192
448 16160 112
288 16176 0
288 16112 96
304 16112 96
272 16240 -64
256 16224 80
208 16176 128
256 16128 224
256 16160 272
320 16176 192
304 16176 96
352 16192 96
384 16128 320
384 16144 320
480 16192 304
480 16192 272
496 16160 272
480 16176 400
448 16128 352
368 16192 192
368 16176 256
320 16144 224
368 16192 272
304 16192 192
144 16208 192
208 16208 176
160 16192 416
160 16176 304
144 16224 160
144 16224 336
192 16160 -176
320 16192 -64
400 16144 64
416 16112 -16
224 16128 352
336 16144 464
336 16192 336
432 16192 336
272 16160 272
240 16160 288
240 16128 512
240 16176 368
240 16176 224
208 16240 224
240 16192 448
304 16208 224
288 16192 192
256 16128 208
320 16112 48
320 16112 -240
480 16160 -240
448 16112 -16
352 16128 144
352 16128 224
352 16144 384
352 16144 256
416 16224 256
352 16080 176
416 16160 352
160 16176 128
288 16256 192
224 16192 160
224 16176 112
336 16176 112
240 16304 176
272 16304 320
256 16272 368
224 16256 560
224 16352 208
320 16256 144
384 16256 256
432 16256 256
400 16288 224
384 16240 400
304 16160 224
304 16144 272
384 16128 224
352 16128 192
304 16144 192
256 16128 176
304 16064 208
288 16160 256
256 16160 176
256 16160 64
304 16144 64
352 16224 160
288 16240 336
288 16336 496
464 16288 384
464 16320 432
272 16320 432
256 16368 192
288 16224 176
288 16240 256
224 16144 304
288 16256 240
288 16224 16
464 16224 16
368 16176 48
240 16240 176
160 16256 288
64 16192 320
64 16128 432
0 16128 256
144 16160 208
240 16176 208
320 16144 176
240 16176 -272
208 16224 -48
208 16208 -32
96 16208 -32
112 16176 96
256 16128 64
256 16128 -80
320 16128 -80
320 16128 80
416 16192 32
336 16192 96
320 16240 96
400 16160 144
400 16176 128
400 16176 64
400 16176 16
400 16224 -16
224 16272 -16
352 16256 128
288 16304 224
320 16192 112
320 16224 112
368 16160 368
368 16096 144
256 16096 144
336 16112 32
448 16064 160
448 16112 272
448 16160 224
432 16160 144
432 16176 144
448 16160 384
288 16144 160
240 16160 256
304 16176 240
304 16144 528
352 16144 416
400 16192 416
368 16176 256
304 16160 176
384 16144 288
384 16208 320
400 16208 320
576 16112 144
480 16080 256
416 16192 320
432 16176 320
448 16224 288
448 16272 96
384 16272 96
384 16256 192
352 16256 272
256 16240 256
256 16224 352
256 16224 144
272 16224 144
256 16176 176
288 16208 208
192 16240 192
336 16192 256
240 16240 -48
240 16240 144
16 16176 144
160 16160 64
176 16192 176
336 16128 160
432 16160 192
320 16160 80
320 16160 144
224 16224 192
224 16224 64
208 16240 64
256 16160 80
352 16208 32
192 16160 256
192 16160 192
416 16192 192
352 16240 -48
448 16176 48
256 16112 384
224 16144 352
224 16080 128
224 16288 272
208 16288 272
448 16176 288
368 16160 240
256 16192 224
256 16144 384
320 16144 256
192 16256 256
192 16304 16
320 16240 320
448 16192 384
368 16240 368
368 16240 288
400 16176 288
384 16192 192
272 16176 432
320 16224 336
320 16176 192
480 16176 192
304 16208 -128
240 16192 128
288 16096 288
320 16144 336
464 16160 272
464 16160 -96
512 16240 -96
384 16288 -256
336 16160 160
256 16160 320
112 16112 320
112 16176 272
336 16176 144
256 16208 144
368 16224 160
272 16176 176
288 16128 224
304 16208 112
288 16160 208
288 16160 240
272 16160 240
240 16192 64
352 16160 240
304 16128 256
304 16128 160
256 16192 160
256 16208 96
