startup(x,y,z):(224,16128,272)
160 15504 -4400
-3280 15728 288
-2080 15376 -320
-2080 15632 -2928
-1120 15632 -2928
-1808 15792 -3376
-2784 16576 -1568
-1696 16048 -672
-992 15952 -976
-896 16000 -736
-896 16000 -720
-528 16176 -720
-320 16208 -192
-352 16048 -96
-560 16256 -432
-640 16528 736
48 16368 -48
448 16256 -64
448 16256 224
0 16240 224
112 16240 576
224 16192 -96
0 16080 432
0 16160 496
48 16160 496
432 16048 16
416 16176 16
448 16304 144
240 16288 400
384 16224 304
384 16224 288
240 16192 288
416 15984 1216
864 16272 448
608 16240 160
608 16128 -128
80 16112 -272
960 16256 800
960 16160 576
336 16160 576
-64 16064 -176
16 16192 -80
224 16064 160
224 16272 400
240 16272 464
48 16144 464
96 16256 -208
176 16128 -160
256 16176 448
496 16208 288
496 16176 112
128 16176 608
144 16208 608
208 16160 400
192 16064 448
192 16096 224
272 16176 352
304 16176 352
432 16160 336
368 16112 96
160 16048 240
208 16080 224
464 16160 80
384 16208 160
384 16208 288
368 16144 288
288 16192 352
304 16096 224
256 16128 -128
256 16048 -64
336 16048 -96
400 16112 -96
384 16112 144
384 16256 192
336 16144 224
288 16192 -64
288 16192 -144
304 16192 256
400 16080 256
304 16144 512
304 16208 240
256 16304 -96
224 16320 304
224 16304 432
224 16208 144
224 16208 -80
192 16272 -80
272 16128 48
448 16144 80
448 16240 112
448 16176 128
400 16176 128
304 16224 128
272 16176 224
240 16272 304
256 16208 192
272 16224 112
352 16160 192
352 16160 480
336 16144 480
224 16128 320
144 16144 224
288 16160 64
352 16208 240
352 16208 400
416 16224 400
320 16256 256
288 16048 128
352 16128 224
208 16112 224
256 16160 192
256 16224 240
256 16224 144
112 16144 144
160 16128 192
208 16176 320
272 16208 352
128 16208 384
128 16208 192
144 16112 288
272 16112 496
304 16064 496
144 16128 480
160 16080 384
160 16144 400
160 16144 -16
320 16128 -16
224 16176 128
512 16192 48
480 16160 336
192 16112 416
128 16144 192
224 16144 272
224 16144 400
224 16192 400
32 16208 272
160 16288 272
112 16288 192
112 16240 400
224 16240 560
80 16256 560
80 16224 352
-16 16176 240
128 16208 384
256 16256 384
256 16352 96
208 16352 96
128 16320 368
240 16240 144
288 16192 -96
288 16208 336
272 16208 448
112 16240 448
176 16272 304
96 16224 240
192 16128 208
224 16064 48
176 16096 -16
208 16112 -96
208 16112 -16
272 16192 -16
176 16304 336
176 16256 416
240 16144 -16
320 16080 -192
320 16080 -368
240 16336 -368
192 16224 160
240 16176 64
240 16256 128
272 16192 336
272 16192 208
336 16224 208
320 16160 208
288 16224 144
176 16224 176
336 16128 288
336 16128 176
288 16128 176
288 16176 16
272 16176 16
304 16208 0
192 16272 -16
240 16304 320
240 16176 400
480 16176 224
368 16160 224
368 16064 48
512 16128 128
480 16288 -32
384 16128 -32
464 16160 -16
464 16160 256
352 16080 256
176 16128 416
272 16128 352
176 16272 336
176 16272 368
336 16224 416
496 16208 416
368 16144 752
272 16128 352
384 16176 416
448 16208 384
448 16192 384
416 16256 240
288 16256 240
400 16288 80
336 16128 176
464 16176 48
256 16144 0
256 16144 -96
240 16144 -96
144 16144 16
240 16112 -48
224 16080 144
272 16016 288
256 16080 176
256 16080 448
128 16160 448
128 16176 400
192 16256 160
144 16240 256
144 16272 240
208 16272 256
256 16224 256
192 16224 128
192 16272 128
192 16224 224
192 16192 368
192 16192 416
208 16192 304
352 16176 304
256 16304 400
272 16256 256
384 16160 496
384 16144 448
448 16144 432
448 16192 176
224 16192 304
96 16160 304
-32 16160 272
144 16144 208
160 16176 192
160 16176 400
208 16192 400
224 16256 128
224 16192 32
176 16112 256
64 16208 192
208 16240 192
320 16208 176
320 16208 176
240 16160 176
192 16208 48
176 16144 144
192 16112 0
224 16160 304
224 16224 320
160 16224 320
160 16352 208
192 16224 176
224 16192 288
224 16192 240
160 16128 320
160 16144 624
128 16144 624
320 16032 432
272 16064 416
256 16064 352
304 16160 352
304 16160 432
224 16144 432
224 16096 416
320 16224 368
304 16208 -16
384 16192 240
336 16192 400
336 16080 352
416 16080 352
336 16128 304
224 16096 400
304 16064 400
448 16144 176
448 16256 -224
352 16160 16
304 16144 384
464 16160 336
368 16096 320
592 16080 112
592 16160 -64
496 16160 -64
288 16208 -32
368 16224 64
256 16192 -96
256 16128 -64
288 16096 64
208 16112 336
208 16112 144
384 16224 176
208 16240 176
432 16240 48
528 16256 192
416 16208 272
416 16160 48
352 16160 224
368 16192 224
304 16160 176
272 16160 64
352 16096 176
160 16144 288
160 16272 336
144 16272 384
208 16240 384
256 16160 304
304 16144 80
320 16128 144
304 16112 320
304 16112 -32
368 16160 -32
240 16256 0
336 16224 0
288 16160 304
272 16112 400
384 16224 400
384 16224 368
192 16192 368
368 16256 288
336 16208 368
384 16192 336
384 16112 352
368 16112 336
304 16112 208
384 16160 208
320 16240 -48
304 16240 80
400 16176 80
400 16144 192
576 16144 192
416 16160 304
272 16064 192
176 16032 192
192 16224 304
192 16208 336
16 16224 320
144 16224 -48
176 16256 -48
448 16208 -64
384 16224 -48
240 16256 -144
208 16240 224
208 16240 528
160 16208 528
240 16224 432
192 16224 368
240 16208 384
272 16224 352
400 16112 400
400 16192 336
400 16192 336
544 16176 240
464 16176 352
384 16224 160
384 16240 208
256 16240 128
416 16144 128
304 16256 384
224 16192 416
192 16208 352
288 16176 208
240 16224 128
240 16176 -112
272 16176 -112
320 16176 128
368 16208 272
400 16240 160
400 16240 368
432 16240 336
336 16208 336
272 16240 432
160 16192 480
304 16176 528
288 16224 304
288 16160 32
256 16160 144
176 16240 144
240 16208 192
192 16176 336
256 16144 496
256 16192 400
256 16192 400
336 16192 384
352 16224 432
304 16192 320
464 16160 384
384 16112 560
208 16144 576
208 16144 384
336 16128 384
288 16160 288
336 16144 144
384 16112 208
384 16224 288
224 16272 336
288 16224 304
336 16192 256
160 16176 480
48 16208 480
160 16208 400
160 16256 368
224 16256 640
256 16160 640
208 16144 336
224 16208 544
224 16256 384
192 16240 288
80 16192 512
80 16176 544
208 16176 304
240 16160 304
272 16224 160
320 16304 48
320 16208 288
352 16208 368
224 16208 368
208 16208 304
192 16208 272
256 16240 304
256 16192 112
240 16144 208
240 16112 192
272 16112 192
224 16144 128
32 16192 144
112 16256 -48
224 16160 96
224 16160 160
208 16112 160
224 16128 32
224 16096 192
208 16112 352
80 16176 448
320 16224 320
256 16208 240
256 16208 112
256 16256 112
208 16256 224
272 16208 208
384 16080 224
272 16176 112
272 16176 224
256 16128 224
352 16128 192
368 16144 192
448 16224 368
400 16208 64
400 16224 128
320 16224 -32
192 16112 -32
0 16128 176
160 16272 224
208 16192 320
464 16160 240
320 16192 224
320 16192 272
256 16192 272
240 16240 224
176 16160 48
320 16096 384
320 16112 304
256 16112 272
288 16176 272
272 16208 256
256 16176 -144
368 16144 -128
368 16144 224
320 16144 128
320 16176 64
336 16176 272
336 16160 272
288 16176 288
208 16160 368
208 16208 304
304 16256 320
224 16256 320
416 16176 144
304 16208 208
288 16192 192
272 16096 64
320 16096 192
272 16176 176
272 16176 80
288 16176 80
224 16192 144
240 16224 480
48 16192 160
48 16176 320
224 16176 320
80 16272 512
144 16208 416
304 16224 640
304 16160 432
192 16192 448
192 16176 304
224 16176 304
272 16224 -16
288 16160 224
256 16176 256
272 16176 256
272 16176 256
320 16176 224
272 16224 352
