startup(x,y,z):(224,16128,272)
-400 14912 3392
3824 16192 864
1776 17152 -416
544 17696 2352
1744 17520 5696
3728 17552 -1344
3728 14720 -2816
4080 14720 -2816
1984 15328 1504
400 15008 -1584
272 15840 -2208
272 15200 -2928
1552 15200 -1008
768 16304 -1008
768 15808 -528
672 16080 -96
400 15840 -1200
-64 16192 32
-512 15952 -384
-96 16080 416
-96 16080 -880
-464 16064 -880
-944 16272 1152
-192 16240 816
640 16128 848
640 16144 896
512 16144 736
432 16144 736
208 16224 288
208 16128 288
240 16272 624
320 16208 656
864 16224 336
832 16160 240
688 16160 400
576 16176 400
336 16208 128
272 16128 64
288 16160 208
240 16112 128
256 16160 112
176 16160 -48
176 16160 304
224 16080 304
208 16192 368
80 16048 240
160 16144 128
160 16080 288
48 16080 400
272 16048 400
320 16112 272
384 16016 -240
16 16224 16
16 16336 -528
16 16336 112
208 16336 64
384 16304 64
400 16208 -144
176 16176 112
144 16192 64
112 16128 400
112 16128 80
80 16128 272
160 16016 272
16 16112 48
192 16080 0
256 16144 512
256 16160 512
288 16160 464
192 16192 464
256 16080 208
112 16256 336
208 16288 80
208 16224 0
240 16208 176
368 16160 112
336 16160 352
192 16144 352
208 16192 480
160 16160 336
176 16160 240
240 16112 192
160 16160 96
160 16160 304
288 16160 304
272 16160 -112
320 16160 -112
416 16160 160
336 16224 384
416 16240 240
416 16240 -48
432 16192 -48
240 16160 -48
384 16160 80
352 16128 144
352 16192 160
352 16192 160
272 16256 160
224 16192 400
224 16224 80
16 16224 80
128 16208 64
208 16160 480
448 16208 240
448 16176 448
272 16176 576
208 16096 576
320 16112 464
240 16176 224
272 16176 -80
176 16176 48
176 16256 -160
208 16256 160
240 16144 160
368 16208 144
336 16304 0
336 16256 192
432 16256 80
240 16256 80
208 16192 80
208 16256 224
192 16224 256
112 16224 320
192 16160 208
192 16160 128
368 16192 128
208 16160 464
304 16096 656
368 16160 496
352 16160 480
352 16128 288
352 16128 272
320 16144 272
432 16112 224
432 16160 288
432 16192 160
176 16176 208
224 16176 128
224 16176 128
288 16128 128
240 16160 128
368 16208 432
352 16176 64
352 16144 160
352 16144 128
208 16128 128
128 16112 0
256 16160 -48
272 16160 48
240 16160 176
304 16128 64
464 16160 64
224 16144 176
336 16160 128
368 16112 160
368 16128 176
320 16128 256
192 16256 336
272 16256 336
448 16096 416
224 16080 384
336 16160 240
336 16208 160
320 16208 160
416 16144 -144
336 16320 32
352 16288 144
240 16224 288
240 16224 288
240 16256 64
240 16256 192
272 16160 192
384 16208 176
352 16192 224
288 16192 240
288 16176 304
288 16240 400
288 16240 400
336 16256 352
304 16192 304
224 16160 352
256 16128 144
272 16160 256
272 16144 224
320 16144 224
336 16160 160
336 16176 208
368 16208 288
288 16224 160
288 16224 128
80 16240 128
192 16272 224
128 16272 432
192 16192 320
224 16096 448
224 16080 400
224 16080 400
224 16112 416
256 16144 272
176 16224 288
176 16176 464
224 16176 368
288 16144 368
176 16176 352
256 16192 224
272 16128 352
352 16112 112
352 16240 192
352 16240 128
320 16256 128
224 16240 448
304 16208 272
352 16176 432
352 16192 368
192 16192 368
160 16160 336
208 16160 608
288 16112 560
288 16096 544
208 16176 432
208 16176 512
352 16112 512
336 16176 304
384 16128 176
272 16096 64
240 16160 304
208 16224 336
208 16176 320
320 16176 320
384 16176 272
352 16192 272
432 16192 336
400 16160 352
384 16160 400
384 16160 128
224 16272 128
208 16192 160
384 16128 64
336 16144 144
336 16144 256
320 16144 0
304 16272 192
288 16240 192
368 16288 112
464 16208 400
368 16240 160
368 16160 176
240 16160 176
224 16224 304
288 16192 512
352 16192 496
432 16224 272
432 16224 336
496 16144 256
384 16176 256
336 16240 416
208 16240 352
240 16176 400
240 16192 336
80 16192 336
176 16176 496
208 16160 288
192 16224 96
176 16336 256
176 16336 320
256 16208 384
256 16192 432
336 16192 432
192 16176 320
304 16256 224
336 16256 96
352 16256 128
288 16288 128
208 16240 608
240 16176 448
192 16144 528
224 16208 336
272 16208 224
272 16224 352
272 16224 352
432 16224 96
384 16240 -112
304 16240 0
288 16192 80
288 16208 -112
208 16208 -112
144 16240 160
256 16224 368
192 16224 368
272 16160 384
304 16176 304
304 16176 208
320 16080 208
144 16080 192
128 16080 96
384 16160 192
384 16112 224
320 16112 368
352 16112 368
288 16112 192
320 16224 176
272 16160 208
320 16160 368
304 16144 496
304 16144 384
464 16176 384
416 16112 352
416 16112 304
400 16192 368
368 16224 528
368 16224 400
176 16224 400
304 16224 448
272 16208 448
192 16160 416
64 16176 304
176 16208 416
176 16208 288
160 16176 304
224 16176 208
80 16160 208
128 16192 -160
64 16192 0
240 16224 160
304 16192 192
304 16192 48
304 16192 208
320 16160 208
272 16160 480
384 16208 464
384 16224 144
384 16224 64
320 16176 64
336 16128 -96
176 16160 64
160 16272 208
160 16304 384
64 16160 304
64 16192 112
112 16192 112
160 16208 272
128 16336 224
272 16112 304
272 16144 288
224 16144 288
176 16176 384
240 16208 48
288 16224 224
272 16176 176
368 16096 112
368 16096 208
320 16096 208
304 16144 272
176 16240 384
272 16224 304
272 16128 208
416 16128 352
448 16160 352
384 16144 176
416 16144 112
320 16128 176
336 16144 -96
336 16144 16
336 16144 16
208 16208 128
352 16208 240
512 16224 -128
352 16176 -144
256 16192 288
256 16208 128
320 16208 128
384 16224 240
272 16208 272
288 16176 176
384 16224 96
336 16208 192
336 16208 -16
256 16176 -16
160 16224 512
352 16272 272
352 16144 512
352 16128 336
320 16128 160
288 16080 160
384 16192 320
352 16208 192
288 16224 144
320 16080 384
320 16160 288
448 16208 64
400 16192 48
208 16176 160
144 16208 128
144 16240 256
-16 16240 256
224 16176 144
144 16128 144
224 16176 336
288 16064 320
272 16112 80
272 16256 528
368 16256 16
464 16208 240
384 16208 48
400 16160 240
320 16256 208
320 16272 -16
336 16224 192
384 16224 80
368 16240 80
192 16256 80
192 16224 288
128 16192 336
128 16160 256
128 16160 112
336 16128 112
320 16160 192
352 16080 112
304 16176 -96
304 16176 32
288 16192 144
288 16224 112
320 16224 112
320 16128 96
400 16128 48
368 16048 96
368 16096 48
320 16096 48
256 16016 256
240 16016 224
240 16096 256
368 16176 224
336 16208 560
336 16144 320
192 16144 320
144 16160 384
160 16128 224
208 16160 336
208 16144 352
80 16144 240
224 16192 240
352 16160 224
112 16112 448
112 16096 384
272 16032 192
272 16096 208
272 16096 256
112 16112 256
80 16208 112
256 16240 -48
256 16224 32
256 16064 0
320 16064 0
128 16176 144
336 16224 32
304 16240 0
256 16192 -32
320 16256 16
320 16160 64
368 16160 64
336 16128 112
144 16192 144
224 16224 -32
384 16192 -80
496 16160 208
496 16192 416
448 16192 416
528 16048 96
288 16048 96
208 16192 144
160 16096 48
80 15984 496
80 15936 128
-176 15936 128
-272 16112 336
-32 16144 144
48 16256 464
128 16224 464
128 16224 160
160 16160 128
144 16064 304
480 16112 304
352 16224 512
256 16272 608
256 16288 288
256 16288 352
352 16224 352
448 16176 304
384 16208 576
288 16368 352
288 16368 480
144 16240 480
128 16144 304
160 16208 304
64 16192 352
-48 16224 80
160 16176 192
160 16176 32
320 16192 32
448 16160 80
416 16192 144
400 16208 240
400 16256 176
336 16256 288
336 16240 48
256 16240 48
400 16224 80
304 16224 -128
288 16240 -96
208 16272 160
256 16288 224
240 16288 224
