startup(x,y,z):(224,16128,272)
736 19056 -6352
-384 15408 864
-384 16240 -320
-1952 16704 -4608
-1952 16704 -3248
-880 15936 -3248
-832 16320 -1200
-192 16064 -752
96 16112 -800
96 16240 -736
-336 16208 160
-304 16208 -608
-448 16352 -768
-192 16304 -608
192 16176 144
256 16128 800
304 16080 -144
384 16000 80
208 16160 304
208 16176 864
592 16176 768
512 16112 768
320 16160 64
144 16336 240
272 16160 528
480 16256 304
560 16128 96
512 16160 192
512 16224 352
352 16224 432
288 16160 432
384 16160 192
464 16256 192
464 16176 432
448 16096 544
320 16096 240
320 16128 240
224 16160 448
272 16192 336
128 16224 304
224 16112 848
224 16192 528
240 16192 528
224 16096 416
128 16272 240
160 16208 384
240 16160 416
240 16160 272
256 16160 272
208 16208 240
368 16384 576
384 16208 432
352 15952 64
336 16128 192
336 16288 528
336 16288 528
224 16256 560
288 16064 512
336 16080 144
224 16368 416
224 16240 320
224 16240 144
288 16304 384
368 16336 400
528 16192 400
352 16272 304
352 16096 240
176 16320 192
176 16112 176
256 16112 432
192 16144 288
144 16128 144
176 16208 176
240 16256 128
304 16176 112
160 16128 80
160 16192 384
176 16192 384
320 16160 736
224 16176 784
336 16112 544
384 16112 400
384 16112 528
272 16176 528
288 16208 368
288 16160 208
448 16144 320
288 16240 208
336 16256 240
336 16256 272
240 16192 272
368 16224 320
304 16112 240
416 16176 192
320 16160 320
320 16176 176
288 16176 176
304 16192 16
272 16192 16
336 16128 0
400 16128 416
272 16208 256
272 16240 128
304 16240 128
320 16224 96
176 16288 240
80 16224 32
240 16208 272
240 16128 592
288 16128 496
96 16112 304
112 16112 208
112 16112 256
192 16176 256
160 16160 -64
144 16208 256
64 16144 208
64 16176 176
112 16176 176
0 16224 160
112 16160 128
256 16080 304
176 16176 224
48 16128 16
256 16160 96
256 16160 192
128 16224 192
144 16304 352
256 16224 -48
304 16208 144
272 16160 128
272 16160 160
256 16112 272
240 16112 272
320 16224 272
304 16176 272
368 16176 320
368 16144 208
320 16144 400
336 16112 400
336 16080 320
320 16208 416
160 16192 576
208 16160 288
240 16096 320
240 16128 272
432 16128 272
432 16256 368
368 16192 288
432 16240 -64
336 16192 64
336 16208 288
432 16208 144
304 16224 144
336 16240 224
240 16240 400
128 16256 256
128 16304 432
288 16208 224
352 16176 544
352 16176 320
320 16176 320
256 16176 336
192 16208 400
416 16176 416
448 16208 336
352 16192 320
384 16160 416
368 16144 432
368 16096 112
384 16096 112
368 16144 192
368 16176 496
112 16144 224
112 16224 352
176 16256 352
208 16256 352
208 16192 208
320 16272 320
256 16304 128
160 16192 208
224 16256 448
224 16208 672
160 16208 224
208 16176 224
288 16176 368
288 16192 240
416 16192 256
416 16224 272
240 16224 144
192 16176 144
224 16192 -176
400 16192 -144
304 16128 256
240 16192 368
176 16192 352
176 16192 400
288 16160 400
208 16144 160
240 16112 80
224 16208 224
304 16272 304
304 16272 304
288 16208 288
288 16256 288
320 16256 304
256 16192 304
144 16144 224
256 16208 192
240 16208 336
288 16176 336
288 16256 336
336 16256 336
496 16240 160
368 16240 176
336 16208 384
352 16128 320
272 16096 192
272 16080 80
320 16080 48
368 16160 48
272 16176 240
352 16176 96
432 16256 -96
400 16208 112
400 16208 80
336 16224 192
320 16224 416
256 16192 416
336 16528 416
464 16864 672
160 16384 864
208 15888 848
496 15504 224
352 15792 208
448 16160 -272
320 16432 -336
320 16288 -176
336 16128 352
336 16016 272
432 16016 272
272 16224 192
352 16080 272
176 16272 592
176 16016 352
336 16016 224
368 16112 224
192 16128 320
352 16224 368
240 16208 144
192 16288 80
352 16240 192
384 16240 976
432 16176 432
432 16096 288
352 16096 400
224 16160 400
288 16160 208
320 16208 240
288 16224 224
240 16160 96
112 16016 576
96 16176 224
96 16112 128
160 16112 128
160 16160 160
144 16096 112
336 16080 272
320 16304 96
272 16256 96
272 16256 208
336 16160 208
240 16192 192
320 16240 192
272 16224 352
256 16224 64
272 16224 176
272 16224 80
240 16256 80
240 16240 208
160 16176 176
208 16224 16
112 16208 144
112 16240 128
224 16240 176
144 16240 208
192 16176 208
240 16128 384
384 16096 176
256 16160 80
256 16160 288
400 16160 288
224 16144 352
96 16128 288
48 16160 288
128 16112 336
80 16160 352
224 16112 32
224 16320 272
224 16320 160
256 16400 160
208 16336 272
288 16208 112
304 16208 464
304 16192 416
272 16176 208
368 16176 208
480 16240 176
240 16176 160
80 16096 464
96 16144 272
160 16176 96
160 16208 256
176 16208 256
304 16176 112
352 16240 192
448 16080 -112
400 16176 32
400 16176 80
384 16112 128
400 16368 176
384 16128 176
400 16128 48
336 16288 0
240 16144 208
240 16240 352
336 16240 352
272 16192 304
208 16240 -32
240 16288 368
416 16128 -32
384 16272 336
336 16304 384
336 16208 176
336 16208 176
352 16304 240
352 16288 256
272 16352 272
192 16384 384
192 16272 240
128 16272 144
208 16288 144
112 16176 304
176 16240 544
208 16240 320
224 16224 0
288 16208 -192
208 16208 -240
208 16208 208
352 16144 368
352 16176 528
320 16224 496
240 16160 176
272 16160 352
320 16128 400
288 16160 256
288 16160 192
384 16208 192
400 16224 272
432 16176 256
320 16192 176
320 16160 96
272 16160 96
208 16160 384
288 16224 480
368 16208 320
400 16208 192
304 16272 16
256 16256 48
256 16256 32
368 16208 32
400 16240 96
496 16176 64
288 16128 96
288 16128 368
320 16128 272
400 16096 272
272 16112 224
368 16144 352
304 16176 192
256 16224 -64
256 16240 160
240 16240 32
256 16224 32
144 16048 48
128 16016 48
96 16096 144
96 16064 288
176 16064 288
384 16096 256
496 16048 400
400 16144 336
256 16112 336
128 16160 192
176 16288 208
176 16208 160
160 16208 656
208 16224 656
208 16304 400
96 16304 400
112 16304 560
144 16208 384
224 16208 256
224 16304 368
96 16304 368
32 16384 512
224 16416 624
240 16384 416
496 16320 448
272 16304 208
240 16304 208
432 16320 336
416 16112 208
320 16160 352
160 16144 368
208 16144 224
208 16144 224
304 16144 0
304 16272 0
368 16208 112
416 16272 16
352 16256 208
352 16240 176
288 16240 176
272 16240 -16
240 16240 -96
176 16192 64
320 16080 64
256 16160 128
256 16208 112
240 16208 112
272 16256 384
304 16144 160
240 16128 32
208 16208 96
208 16192 384
304 16192 384
288 16160 192
352 16192 192
272 16080 208
288 16112 256
240 16144 224
240 16096 224
240 16096 336
320 16112 336
304 16112 144
480 16144 256
352 16160 -32
304 16320 -48
192 16304 112
288 16096 128
288 16112 160
272 16112 160
320 16080 368
208 16176 368
288 16112 208
288 16176 -16
416 16112 336
416 16112 656
288 16128 656
192 16192 384
304 16208 400
384 16208 368
432 16224 384
320 16144 192
320 16144 176
128 16208 176
144 16176 288
384 16192 80
304 16208 240
304 16208 336
128 16224 336
304 16176 368
176 16240 368
176 16192 272
352 16144 288
384 16192 320
384 16208 464
192 16208 464
240 16160 672
352 16224 480
272 16192 336
304 16160 160
304 16080 176
304 16128 256
304 16128 384
368 16128 224
384 16128 -128
496 16160 -128
240 16208 144
336 16160 336
336 16096 352
336 16064 336
384 16064 368
272 16144 368
400 16160 336
288 16096 336
304 16144 304
288 16144 256
304 16224 288
304 16112 0
304 16112 0
208 16064 192
96 16160 336
96 16240 64
368 16208 32
368 16208 240
304 16208 272
256 16208 320
192 16160 320
208 16224 480
240 16224 256
