startup(x,y,z):(224,16128,272)
-2640 20080 4016
4672 17616 2672
2368 16448 3360
2368 18640 1424
720 18640 1424
1216 17328 -1424
400 17728 -2480
3728 16224 3952
3728 17008 6368
5328 17008 -208
6352 15504 -208
2800 14864 96
1088 16032 3120
2864 16080 1552
3280 16192 2160
2928 16320 1936
2928 16432 944
1728 16432 944
1184 16256 256
864 16400 496
240 16288 -240
544 16512 768
544 16256 768
352 16304 -496
-384 16320 -64
-720 16432 -272
-624 16480 336
-368 16448 224
-352 16224 -400
-352 16224 64
-768 16368 64
-608 16128 144
-256 16176 -112
112 16240 592
112 16064 352
384 16064 208
256 16208 2144
496 16448 816
-304 16448 816
-608 16672 1024
256 16720 1376
1168 16288 1296
1168 16208 992
752 16208 992
400 16288 576
672 16464 -704
544 16544 928
384 16416 -576
384 16416 -736
-32 16256 384
80 16256 -192
224 16288 -192
512 16240 160
480 16144 -128
160 16144 -32
160 16144 256
336 16208 256
320 16160 112
352 16304 64
400 16080 336
400 16192 480
416 16208 448
416 16224 80
416 16224 16
416 16208 16
288 16224 16
240 16208 400
304 16256 80
304 16256 144
288 16176 144
256 16240 384
192 16320 256
160 16272 128
64 16192 144
176 16160 16
176 15904 -144
240 16096 -144
352 16048 240
240 16112 256
336 16192 272
336 16224 192
320 16224 64
320 16304 64
496 16160 80
416 16224 160
288 16224 48
288 16208 112
288 16192 -64
160 16176 240
160 16176 336
16 16128 336
112 16176 464
240 16096 272
320 16112 160
320 16208 272
320 16208 96
320 16192 32
400 16192 112
368 16144 112
304 16208 176
304 16176 368
288 16160 336
288 16160 288
192 16256 288
336 16208 240
352 16160 272
336 16272 256
336 16160 144
320 16160 192
320 16144 112
288 16144 112
320 16176 320
480 16208 432
320 16208 544
320 16256 304
512 16256 304
512 16272 176
544 16272 240
432 16208 480
352 16208 176
352 16208 112
464 16336 384
384 16336 384
208 16176 416
256 16176 368
416 16192 240
352 16096 48
368 16256 48
448 16224 432
368 16112 672
336 16224 656
320 16176 400
192 16208 128
144 16208 240
144 16128 224
368 16128 224
320 16176 208
272 16224 384
208 16176 496
208 16272 432
208 16272 432
192 16240 432
192 16224 320
272 16208 192
64 16176 256
288 16272 128
288 16304 176
288 16304 176
336 16176 528
416 16144 544
416 16112 496
416 16256 336
400 16256 128
432 16240 128
528 16144 48
464 16144 -48
464 16128 304
304 16192 208
288 16160 416
288 16160 560
256 16144 560
352 16160 224
272 16112 544
384 16016 336
384 16112 576
288 16112 304
352 16128 304
272 16128 480
288 16176 368
288 16192 112
352 16144 128
352 16256 128
336 16256 224
272 16272 224
144 16224 192
208 16176 416
480 16112 336
480 16032 528
480 16032 368
368 16144 288
336 16208 224
336 16208 464
368 16160 448
256 16192 448
256 16176 224
320 16256 160
320 16224 208
304 16160 320
384 16160 64
544 16112 64
448 16080 144
432 16160 352
352 16176 272
256 16144 288
256 16176 304
416 16176 304
448 16160 272
464 16272 272
400 16320 272
368 16208 416
368 16160 320
384 16160 416
416 16112 416
320 16160 304
272 16128 320
320 16112 448
288 16128 496
288 16208 512
272 16208 640
272 16208 640
192 16272 656
208 16224 672
80 16208 400
80 16144 368
208 16144 272
320 16160 96
336 16176 96
400 16192 256
400 16192 96
384 16096 208
384 16128 208
400 16128 336
320 16192 336
256 16112 400
304 16176 432
320 16144 384
320 16160 320
416 16192 304
432 16112 288
432 16160 304
432 16160 304
336 16176 272
240 16144 448
144 16176 416
144 16192 336
208 16192 432
256 16112 432
240 16144 352
256 16128 192
288 16192 320
368 16176 112
288 16144 208
288 16144 256
448 16064 256
368 16128 240
400 16208 176
448 16192 112
448 16192 128
496 16192 128
432 16160 96
368 16160 320
336 16144 -32
368 16208 176
304 16192 336
304 16192 16
416 16144 16
336 16192 240
240 16224 384
80 16240 368
80 16160 144
160 16160 192
336 16176 192
320 16192 240
368 16144 240
320 16096 160
160 16112 192
400 16208 160
400 16208 320
144 16208 320
224 16208 16
256 16160 -16
336 16112 96
448 16176 224
336 16224 208
320 16128 416
256 16128 352
256 16128 160
112 16128 160
368 16176 176
336 16176 528
416 16192 480
416 16112 288
416 16112 384
256 16128 384
240 16144 320
320 16160 192
224 16144 192
112 16240 240
112 16272 256
224 16272 256
160 16272 224
304 16224 288
304 16208 160
288 16192 64
288 16192 -128
176 16192 -128
272 16160 160
448 16160 144
432 16160 128
160 16128 80
384 16128 160
384 16112 144
272 16112 144
48 16176 256
240 16208 160
336 16240 240
480 16208 208
480 16208 16
304 16176 16
336 16208 80
288 16224 48
320 16240 128
320 16192 240
320 16208 368
336 16208 80
272 16128 80
224 16128 64
288 16080 48
256 16160 112
256 16176 336
304 16176 336
304 16192 528
368 16176 432
304 16208 432
256 16288 352
288 16208 256
288 16224 352
288 16224 448
336 16224 448
304 16208 272
304 16160 224
432 16112 256
384 16144 288
384 16144 576
448 16176 448
320 16176 144
192 16240 144
192 16160 272
208 16256 480
256 16208 448
256 16208 512
384 16144 512
400 16176 368
368 16176 272
352 16192 176
256 16208 224
304 16224 160
304 16192 352
368 16192 352
208 16336 352
336 16256 288
368 16224 256
368 16128 224
240 16128 160
208 16192 160
368 16208 224
288 16240 192
336 16224 160
304 16176 -16
192 16192 128
192 16192 464
192 16144 464
96 16144 368
144 16224 -64
208 16032 112
192 16032 288
192 16032 288
176 16112 352
112 16112 176
64 16160 320
128 16192 336
336 16096 192
336 16096 224
304 16096 192
336 16240 192
336 16160 80
224 16256 192
176 16192 160
176 16256 304
224 16256 304
224 16160 400
336 16144 432
384 16160 320
320 16160 512
272 16192 400
272 16192 400
272 16112 400
288 16176 480
336 16192 128
256 16240 128
256 16272 80
288 16272 80
400 16224 128
368 16192 -16
304 16128 208
224 16192 320
240 16192 128
240 16160 -32
304 16160 -32
272 16240 160
80 16288 96
96 16160 -192
384 16192 -208
384 16208 0
320 16208 0
288 16176 112
192 16192 112
256 16112 224
304 16128 192
240 16080 368
240 16096 -128
352 16096 -128
288 16064 256
432 16080 112
352 16128 304
320 16128 144
320 16128 176
352 16128 160
352 16176 224
192 16192 160
224 16192 160
240 16304 176
272 16304 608
320 16224 512
320 16208 624
336 16208 608
288 16240 608
272 16192 256
240 16192 416
320 16208 208
400 16304 128
400 16240 96
384 16240 96
304 16192 208
288 16160 272
368 16208 96
384 16176 224
384 16128 160
208 16128 160
336 16144 160
512 16224 384
272 16464 144
-272 16512 -144
-176 16432 48
-176 16432 224
-96 16432 224
16 16368 528
160 16320 656
160 16208 96
224 16160 112
224 16160 560
288 16160 560
144 16160 384
112 16160 272
48 16192 256
96 16208 192
224 16160 304
224 16128 240
416 16128 240
272 16080 -224
272 16080 -64
208 16128 416
304 16256 128
304 16256 128
384 16224 128
336 16176 256
368 16112 256
352 16064 16
336 16144 80
320 16176 304
320 16192 32
224 16192 240
320 16224 240
240 16176 192
288 16160 336
352 16192 192
352 16256 80
208 16240 128
208 16176 176
192 16176 176
96 16272 224
176 16192 112
240 16240 224
352 16256 112
448 16224 112
400 16240 -48
256 16256 64
240 16288 32
224 16256 272
336 16240 160
336 16240 -48
192 16192 -48
288 16112 96
144 16112 320
256 16096 256
256 16064 16
272 16064 -160
304 16080 -160
64 16192 64
352 16176 64
256 16080 -32
256 16192 160
288 16144 272
288 16144 0
256 16144 0
240 16224 256
160 16128 336
176 16208 352
176 16112 352
224 16112 352
528 16016 112
368 16000 96
