startup(x,y,z):(224,16128,272)
976 15040 -1760
240 16064 -1504
224 15776 -1056
512 16576 1232
512 17376 928
944 17376 2304
3280 16496 -672
4080 16496 3296
320 16896 3296
-16 17136 1104
2896 16320 2576
2784 16352 2064
2784 16224 240
1776 16352 -192
960 16352 -192
1328 16112 -592
1424 15936 1280
768 16272 32
1024 16512 1280
1024 16272 912
592 16208 96
592 16208 608
176 16496 608
192 16432 592
624 16112 576
736 16096 -32
736 16096 528
528 16096 528
320 16192 1056
256 16192 720
176 16208 464
240 16144 208
208 16144 16
208 16256 304
208 16256 304
96 16144 176
192 16256 -128
304 16240 -96
320 15776 208
320 16192 -32
-368 16192 -32
-112 16224 -1008
-80 16304 176
336 16160 464
480 16064 144
384 16064 80
384 16064 512
336 16160 512
416 16192 272
368 16128 32
400 16080 160
320 16112 128
320 16112 544
432 16112 528
448 16160 288
336 16176 288
496 16192 144
640 16176 336
400 16176 320
416 16160 256
416 16160 288
368 16160 368
304 16128 368
544 16176 592
480 16160 560
432 16160 576
400 16176 512
400 16192 272
240 16192 112
240 16208 112
224 16224 480
256 16208 208
336 16224 224
192 16288 48
240 16224 48
288 16240 64
352 16192 432
192 16176 272
208 16192 128
128 16176 -16
128 16176 192
176 16144 192
176 16160 -80
208 16256 -144
304 16160 32
352 16192 32
352 16192 16
128 16128 16
272 16096 144
320 16160 96
368 16144 192
256 16128 432
288 16208 384
288 16208 304
272 16192 304
368 16112 240
336 16112 240
352 16240 -64
272 16240 64
272 16240 272
352 16144 240
304 16128 256
384 16144 256
176 16240 240
288 16224 272
272 16160 224
272 16208 304
272 16208 336
192 16192 336
64 16176 352
112 16176 336
48 16176 304
256 16176 400
256 16144 144
256 16128 112
336 16128 112
272 16160 128
176 16208 -64
256 16208 128
256 16272 -16
272 16272 256
192 16272 256
176 16224 128
192 16272 32
96 16240 16
240 16208 192
240 16176 -176
288 16176 -176
368 16208 -176
480 16224 16
416 16176 -80
416 16176 64
272 16176 0
288 16160 0
288 16080 -16
448 16080 0
400 16112 144
320 16176 320
320 16224 176
320 16224 160
272 16240 160
288 16176 192
112 16208 96
112 16192 176
288 16192 144
144 16176 144
192 16192 256
272 16176 320
240 16192 176
352 16160 176
384 16176 192
384 16256 96
304 16256 96
352 16224 -48
272 16208 48
272 16240 272
288 16192 448
336 16176 352
336 16208 128
256 16208 128
320 16224 368
288 16176 400
320 16192 304
256 16176 400
400 16192 368
384 16176 448
384 16176 80
240 16192 80
256 16160 128
400 16128 144
352 16096 224
352 16224 208
240 16112 208
288 16096 224
320 16096 224
272 16112 368
208 16128 368
144 16112 320
144 16144 240
304 16144 240
240 16224 208
160 16224 240
384 16160 288
192 16176 176
320 16208 16
320 16192 176
224 16192 176
336 16176 544
240 16144 320
80 16208 256
80 16160 304
160 16160 304
352 16160 208
288 16224 96
336 16160 176
336 16144 192
304 16240 208
304 16192 0
256 16192 -64
352 16192 -64
304 16176 352
224 16128 400
176 16224 304
272 16176 416
272 16176 240
336 16240 240
416 16256 208
384 16224 336
384 16240 176
336 16176 272
320 16160 160
320 16160 224
176 16112 224
320 16176 272
368 16064 304
224 16144 272
224 16160 512
256 16160 512
256 16256 240
128 16176 320
192 16176 208
240 16160 384
336 16096 192
336 16064 160
288 16064 448
256 16160 448
256 16224 368
272 16192 304
352 16240 176
352 16224 192
288 16224 192
192 16160 368
304 16160 432
240 16256 304
16 16176 368
0 16224 288
0 16224 208
160 16176 208
176 16256 128
144 16160 256
432 16208 112
432 16144 352
304 16144 448
320 16112 336
272 16192 240
224 16224 240
336 16224 224
416 16224 192
368 16208 240
480 16208 320
480 16208 80
480 16320 80
304 16176 384
288 16192 416
320 16224 32
352 16272 192
352 16192 288
352 16096 352
288 16096 352
288 16096 192
320 16048 -48
240 16160 -80
240 16272 112
208 16208 80
432 16208 80
416 16224 112
480 16192 128
336 16176 128
192 16320 224
336 16240 144
336 16240 336
208 16272 336
256 16240 208
224 16208 384
80 16160 240
80 16160 272
240 16160 272
288 16176 336
160 16176 320
272 16240 192
368 16208 416
464 16208 256
464 16160 208
432 16160 208
416 16192 256
368 16192 160
304 16128 112
320 16176 208
320 16176 400
272 16160 400
288 16080 192
368 16096 80
368 16224 240
272 16192 160
384 16192 208
384 16192 176
352 16144 176
288 16144 272
240 16240 400
368 16240 144
304 16208 112
304 16176 192
288 16176 192
176 16224 432
320 16144 432
160 16160 512
320 16080 352
256 16208 192
256 16176 320
208 16176 320
272 16112 336
368 16160 304
352 16112 400
352 16160 416
336 16112 176
208 16112 256
352 16080 256
288 16144 176
336 16192 48
288 16240 288
288 16144 288
336 16144 288
304 16160 160
368 16256 240
288 16224 288
320 16192 144
320 16144 224
304 16160 192
368 16160 192
224 16176 160
256 16240 256
352 16160 -16
320 16160 80
320 16160 80
128 16144 144
160 16080 144
288 16144 176
192 16160 -96
256 16192 80
272 16208 240
272 16272 416
320 16272 416
304 16224 640
320 16176 304
304 16192 384
160 16144 304
192 16112 272
192 16112 176
240 16064 176
272 16128 224
160 16160 144
208 16224 256
272 16096 464
272 16112 240
224 16112 240
208 16240 224
256 16224 0
272 16208 -112
256 16240 160
256 16240 -144
336 16208 -144
256 16240 -32
384 16176 240
448 16144 288
304 16208 512
272 16208 368
272 16208 320
320 16208 320
256 16256 288
304 16144 -208
240 16144 32
240 16144 48
112 16192 48
192 16128 432
384 16192 432
368 16128 224
336 16080 176
224 16128 192
224 16128 272
400 16160 272
320 16192 336
336 16176 496
224 16176 368
480 16192 288
288 16192 96
352 16224 96
400 16224 144
272 16160 144
256 16224 160
208 16192 240
432 16160 208
432 16144 160
352 16144 240
272 16192 240
256 16128 256
208 16144 384
240 16256 304
240 16160 304
256 16176 192
224 16208 80
224 16208 48
272 16192 208
240 16192 96
352 16160 96
256 16304 80
240 16272 320
224 16224 416
224 16208 144
272 16208 320
192 16192 320
160 16112 160
224 16080 544
416 16080 400
304 16080 624
304 16096 384
320 16096 384
144 16208 368
224 16224 144
208 16320 128
240 16288 176
240 16160 208
432 16160 240
320 16144 256
256 16144 256
320 16096 240
336 16080 144
288 16096 256
288 16112 272
208 16112 272
224 16176 240
464 16128 208
336 16112 208
336 16112 96
256 16176 160
336 16128 64
256 16128 64
224 16160 144
400 16144 160
320 16256 176
304 16176 352
352 16192 592
352 16192 416
112 16256 416
192 16208 432
240 16160 608
288 16208 320
192 16288 288
256 16224 448
256 16224 320
272 16224 320
240 16192 224
352 16160 240
304 16224 144
304 16208 240
368 16208 240
224 16240 288
192 16288 144
224 16320 176
256 16240 112
192 16304 192
192 16272 192
32 16272 112
64 16240 112
192 16208 224
256 16176 240
304 16176 192
304 16176 256
448 16128 256
368 16176 320
400 16096 288
384 16112 320
336 16112 240
352 16192 208
352 16192 -48
256 16080 -48
224 16160 32
240 16144 224
128 16224 32
128 16192 -16
144 16192 -80
112 16080 -80
128 16144 64
176 16224 144
160 16144 320
0 16160 304
160 16096 272
160 16160 384
208 16160 224
144 16128 224
320 16112 80
336 16080 112
368 16112 352
384 16144 272
256 16224 384
256 16192 416
256 16192 416
304 16144 304
272 16128 400
224 16080 416
224 16128 528
352 16080 432
224 16080 432
288 16160 240
368 16112 240
192 16160 480
80 16208 224
208 16240 192
208 16240 160
224 16336 160
304 16320 320
224 16240 336
320 16272 256
