startup(x,y,z):(224,16128,272)
4592 17024 3232
2736 16688 4336
1984 16864 4336
2480 15360 720
1520 16544 2592
1568 16320 2544
1568 16496 1296
1360 16496 -496
592 16480 -496
864 16368 560
1024 16256 1920
736 16016 1344
240 16208 432
32 15936 128
176 16192 544
176 16192 656
-112 16528 656
-128 16144 -208
80 16208 -48
208 16224 240
352 16064 528
-160 16272 320
-160 16128 48
-112 16128 -32
48 16176 448
112 16176 448
32 16176 768
176 16256 416
-992 15664 -832
-1760 16080 -560
-1584 15888 800
-512 15888 800
-240 16224 272
-336 16272 192
-176 16000 128
-64 16304 400
176 16384 864
528 16112 272
528 16112 -304
112 16272 -304
176 16304 144
320 16240 256
192 16176 352
192 16224 464
-64 16224 592
-16 16176 592
-112 16256 384
144 16176 64
240 16128 768
80 16128 496
192 16240 -64
192 16240 -64
256 16256 -64
368 16240 224
528 16288 384
496 16240 272
480 16240 160
480 16240 176
416 16256 80
352 16272 208
128 16160 272
128 16160 -16
224 16160 -16
272 16064 160
288 16096 96
304 15952 192
160 16032 304
144 16112 240
144 16192 176
176 16192 16
224 16176 224
224 16224 224
272 16256 128
320 16192 352
304 16048 400
304 16144 -16
240 16144 -16
288 16064 64
304 16112 32
432 16208 192
496 16240 112
368 16240 112
304 16208 -48
304 16128 176
384 16128 176
240 16144 352
224 16256 416
240 16192 240
240 16176 -32
432 16176 400
256 16160 400
208 16208 -16
208 16192 80
256 16176 320
272 16208 272
272 16288 320
272 16288 112
256 16208 112
208 16272 288
256 16176 240
288 16208 416
192 16160 176
192 16160 32
256 16224 32
208 16192 256
288 16208 256
320 16192 528
272 16240 640
288 16288 608
288 16208 352
336 16208 560
336 16176 528
368 16192 528
272 16240 480
96 16192 384
160 16256 144
176 16224 144
240 16192 400
288 16224 512
256 16096 624
256 16208 384
240 16208 384
272 16176 336
192 16192 288
240 16096 448
288 16080 16
288 16144 320
192 16144 288
224 16144 80
336 16240 80
448 16128 352
272 16048 288
400 16064 432
400 16112 496
320 16112 496
288 16176 368
448 16240 272
352 16256 -64
464 16160 224
368 16160 320
256 16096 192
256 16176 496
304 16176 496
400 16224 192
544 16288 336
384 16288 144
384 16256 176
304 16208 400
272 16208 400
336 16192 656
240 16144 480
96 16176 416
304 16128 176
176 16112 240
176 16160 192
240 16160 192
240 16096 208
288 16112 224
384 16064 80
384 16176 384
256 16272 432
256 16192 496
256 16192 384
304 16128 560
336 16128 560
320 16208 320
224 16208 32
208 16240 96
208 16304 144
288 16304 144
144 16272 352
240 16304 208
192 16240 528
176 16272 496
176 16288 336
288 16304 432
304 16304 272
272 16352 272
336 16368 384
336 16272 416
192 16272 368
192 16272 352
256 16192 352
336 16208 432
368 16192 496
320 16288 448
368 16224 384
256 16160 272
304 16176 208
304 16176 112
224 16288 112
336 16240 -96
240 16224 -112
256 16208 240
256 16208 496
240 16144 240
416 16176 112
400 16160 288
176 16160 416
352 16192 336
384 16128 368
352 16176 176
352 16176 144
272 16176 144
320 16208 272
240 16240 480
288 16304 256
224 16208 48
224 16208 384
160 16208 288
176 16160 304
272 16144 304
272 16144 -48
448 16144 224
224 16176 208
224 16176 560
336 16176 560
352 16208 400
384 16240 384
448 16160 176
304 16192 208
304 16160 256
352 16176 304
352 16176 224
384 16144 224
288 16176 432
192 16160 320
304 16176 512
304 16176 496
320 16208 496
400 16176 736
464 16176 496
576 16176 448
480 16256 336
400 16240 320
416 16304 96
416 16304 160
512 16192 160
416 16144 192
352 16144 128
352 16176 208
352 16208 96
336 16208 96
160 16160 32
192 16240 256
320 16144 240
400 16144 16
352 16160 112
352 16256 176
352 16256 176
336 16288 336
288 16240 512
272 16224 384
352 16240 192
320 16272 144
320 16272 560
272 16272 560
400 16128 448
336 16064 336
352 16112 224
480 16144 272
544 16176 144
544 16144 288
432 16144 144
304 16208 144
320 16272 368
256 16272 304
304 16272 432
304 16224 576
320 16208 464
288 16224 544
272 16224 544
256 16256 80
272 16192 -192
192 16208 176
192 16192 160
224 16192 352
256 16176 352
304 16176 304
160 16240 112
176 16224 208
272 16176 272
304 16224 560
240 16144 464
288 16080 304
288 16080 464
400 16144 464
416 16208 336
480 16208 304
400 16144 256
416 16224 208
416 16224 288
208 16256 288
240 16272 176
192 16288 176
256 16256 16
240 16192 288
336 16192 400
336 16192 496
464 16192 368
288 16176 112
336 16160 112
208 16176 160
160 16208 160
160 16208 240
288 16240 240
352 16176 272
352 16176 16
320 16208 16
400 16176 368
272 16176 544
272 16144 384
272 16224 240
256 16224 240
256 16256 32
256 16224 -48
112 16240 128
144 16240 224
256 16240 144
256 16240 128
368 16240 128
240 16160 192
272 16256 416
272 16192 640
400 16192 224
256 16256 224
160 16224 256
272 16112 64
240 16080 192
240 16176 32
256 16224 96
256 16176 112
272 16176 112
320 16208 400
288 16224 688
304 16160 496
240 16128 304
240 16128 -144
272 16128 -144
528 16096 -32
336 16160 -160
304 16112 176
512 16208 208
448 16128 416
448 16128 192
384 16128 192
320 16192 272
192 16240 240
32 16192 160
112 16176 80
80 16208 176
112 16240 128
240 16224 -16
240 16192 96
352 16192 96
352 16128 224
304 16240 192
320 16192 432
320 16240 496
272 16240 720
224 16240 720
112 16304 528
384 16288 464
384 16176 352
256 16240 304
496 16256 176
496 16256 -16
256 16288 -16
368 16208 112
368 16256 0
416 16240 64
416 16208 112
416 16208 256
480 16176 256
352 16224 80
224 16256 240
320 16256 64
400 16176 208
144 16192 256
224 16192 272
336 16208 272
352 16160 208
240 16176 400
304 16176 384
304 16208 352
240 16208 352
336 16224 112
336 16240 128
304 16192 240
336 16192 448
272 16192 496
272 16128 464
320 16128 336
192 16144 336
224 16224 416
272 16160 144
304 16192 432
352 16096 336
256 16112 160
272 16160 192
272 16096 160
336 16096 560
288 16160 560
176 16160 352
144 16176 496
144 16160 224
432 16160 256
208 16192 256
256 16256 304
208 16208 96
240 16192 144
256 16208 272
272 16192 320
272 16144 288
256 16144 288
272 16272 272
416 16208 400
400 16208 448
400 16160 16
336 16160 128
448 16176 128
304 16128 320
368 16160 320
368 16224 336
144 16256 400
192 16256 304
192 16256 176
272 16224 176
336 16128 128
400 16160 256
352 16144 304
352 16080 432
368 16080 224
192 16112 224
128 16144 240
144 16192 64
208 16112 240
272 16176 240
272 16176 288
176 16176 288
192 16192 272
336 16176 464
224 16112 336
304 16096 288
336 16128 272
336 16128 48
288 16304 48
256 16240 368
288 16192 368
320 16224 64
304 16240 112
304 16176 176
304 16176 592
352 16192 592
384 16176 336
336 16160 240
208 16128 304
208 16160 512
192 16144 272
208 16144 272
176 16240 288
256 16256 144
320 16256 320
304 16192 128
304 16192 48
432 16176 48
384 16208 192
192 16160 336
272 16144 208
272 16256 304
288 16208 368
288 16208 256
256 16208 288
288 16176 288
208 16176 304
176 16192 480
272 16176 368
272 16176 384
320 16128 384
192 16160 352
304 16144 128
320 16144 96
416 16016 336
400 16080 224
400 16128 112
288 16128 112
256 16192 64
208 16288 96
288 16240 96
256 16256 384
240 16320 336
240 16256 112
208 16256 112
336 16160 160
288 16176 208
320 16160 272
464 16192 272
224 16272 384
256 16224 304
256 16224 272
272 16192 272
320 16160 144
304 16208 272
352 16160 576
160 16192 464
160 16128 688
320 16128 544
320 16112 400
432 16112 400
448 16112 480
400 16064 288
288 16192 432
