startup(x,y,z):(224,16128,272)
-3680 20032 80
-672 18352 -944
2464 17280 3056
2464 16592 848
1904 16368 2112
1232 16368 2112
2208 15728 -144
1008 15664 -1824
640 15184 -240
640 16528 1376
736 16528 960
1792 16400 960
1744 16496 816
560 16576 64
256 16736 16
256 16176 560
800 16176 544
-96 16208 544
-384 16480 48
80 16464 -272
432 16352 64
432 16192 -112
432 16192 -112
240 16320 496
352 16320 112
144 16272 -208
-32 16176 224
-32 16176 48
-64 16336 48
496 16224 480
384 16240 176
256 16192 -112
256 16192 304
320 16176 304
272 16208 400
144 16176 464
288 16304 144
288 16240 -16
96 16240 112
208 16192 112
176 16176 352
240 16176 400
288 16224 416
288 16240 544
272 16240 544
448 16160 720
448 16080 592
336 16176 416
352 16112 336
352 16256 304
384 16256 256
368 16208 256
288 16176 -16
224 16160 176
208 16176 -48
208 16208 112
304 16208 240
448 16224 240
192 16192 128
176 16208 32
304 16160 64
304 16160 208
192 16160 208
320 16192 304
272 16160 336
192 16144 256
192 16208 496
224 16208 240
272 16176 240
336 16176 144
272 16208 -64
272 16224 112
272 16224 96
416 16192 96
448 16192 288
160 16112 336
112 16112 448
32 16096 288
32 16096 256
144 16192 256
240 16176 320
288 16224 288
304 16176 192
304 16128 0
192 16128 240
224 16208 240
256 16224 240
176 16320 176
208 16192 272
224 16176 288
224 16176 432
272 16176 432
288 16224 48
272 16272 160
144 16208 224
144 16208 240
240 16208 240
352 16176 160
32 16368 -1728
816 16480 1776
1120 16224 3424
512 16672 -1664
512 16672 -1376
-656 15216 -1376
-3312 17104 2256
-1024 17152 672
1776 15952 5120
2064 16080 -832
2064 16416 16
1200 16416 256
1392 15712 256
672 15440 -864
288 15408 912
368 16064 1984
1680 16288 2656
2192 16064 256
2128 16064 -96
704 16080 -96
592 16352 448
1104 16336 16
896 16192 288
896 16400 528
640 16400 528
448 16320 112
784 16352 -32
880 16416 544
576 16272 448
320 16160 0
320 16160 -176
-48 16160 -176
64 16128 48
160 16272 112
384 16288 672
384 16208 528
336 16208 432
384 16160 432
272 16192 176
176 16192 400
224 16224 176
224 16176 208
208 16192 64
208 16192 -128
128 16192 -128
48 16160 448
176 16096 416
368 16128 144
368 16176 160
368 16176 -208
384 16176 -208
320 16208 128
416 16240 272
416 16208 144
496 16192 128
496 16096 0
384 16096 0
160 16144 272
272 16144 96
320 16160 256
256 16128 304
256 16176 64
288 16176 80
208 16160 384
272 16144 384
272 16176 304
304 16208 512
320 16208 384
320 16176 112
272 16176 112
224 16160 144
304 16192 48
336 16208 272
336 16192 16
336 16112 80
304 16128 112
304 16128 288
400 16096 288
304 16176 320
240 16096 160
224 16160 128
224 16160 304
176 16112 304
368 16144 112
320 16208 224
336 16192 240
272 16224 80
304 16144 48
384 16160 176
384 16160 208
256 16176 208
368 16144 464
336 16096 416
432 16192 160
448 16160 112
448 16176 112
416 16176 112
480 16272 -16
224 16224 144
224 16192 224
16 16192 176
128 16128 432
128 16144 384
192 16144 80
304 16176 80
256 16176 96
288 16096 176
272 16144 112
272 16192 160
416 16192 160
256 16144 288
336 16160 288
320 16112 272
416 16128 368
368 16144 592
368 16176 368
320 16176 368
304 16192 304
288 16208 544
400 16208 352
320 16208 256
320 16208 464
304 16160 -496
-48 16192 -496
352 16320 1456
368 16400 2608
-16 16320 -352
-16 16688 -1536
-64 16688 464
-704 17120 464
144 16592 976
144 16720 784
128 16608 640
128 16288 384
1520 16272 528
-720 15888 208
-720 16576 -32
-1392 16576 -32
-368 16720 -80
768 16240 832
992 16256 656
992 16112 -16
320 16240 -80
400 16240 -80
624 16160 416
96 16096 624
32 16144 64
224 16080 -208
384 16080 640
384 16192 816
384 16192 816
304 16224 592
464 16160 96
480 16208 416
320 16272 560
320 16272 208
192 16272 208
224 16240 144
-16 16240 -128
256 16128 144
304 16080 176
256 16048 288
256 16048 608
176 16192 608
432 16176 400
512 16192 -64
240 16176 -32
240 16176 400
224 16208 400
240 16144 272
240 16160 -160
208 16176 64
224 16160 80
224 16096 -48
192 16096 -48
352 16128 48
480 16128 96
400 16144 64
400 16224 464
368 16224 528
336 16048 528
384 16112 688
336 16064 640
224 16160 288
416 16096 272
256 16128 272
256 16128 304
208 16096 304
384 16192 192
448 16192 256
432 16224 336
272 16192 528
272 16176 448
224 16256 384
304 16208 400
272 16208 400
208 16160 256
384 16192 208
160 16208 368
160 16272 368
192 16272 432
240 16160 432
272 16064 352
336 16128 304
320 16144 320
304 16192 304
304 16176 352
304 16160 320
192 16160 320
192 16192 368
304 16112 80
320 16176 80
320 16176 192
304 16144 192
96 16160 400
160 16160 384
112 16208 320
208 16208 272
144 16208 384
144 16176 304
336 16176 304
384 16112 336
288 16272 224
464 16208 144
464 16112 144
432 16112 160
224 16224 160
320 16144 176
352 16144 144
352 16224 128
304 16240 400
272 16176 320
272 16144 288
368 16144 288
352 16160 176
288 16144 384
288 16144 288
304 16208 336
304 16240 112
288 16240 128
288 16224 128
256 16192 256
256 16208 64
240 16224 208
320 16112 336
320 16176 288
272 16240 112
272 16192 272
272 16176 304
192 16176 304
256 16176 128
256 16272 16
112 16256 32
208 16160 48
240 16128 432
240 16128 672
224 16128 672
112 16144 560
-16 16176 432
192 16096 752
192 16144 480
224 16144 416
192 16160 416
176 16144 48
80 16208 272
96 16192 416
224 16144 368
288 16208 288
288 16208 144
384 16192 144
432 16144 32
448 16128 208
304 16112 336
304 16160 224
320 16160 144
240 16112 144
304 16112 192
288 16128 272
176 16144 272
304 16224 288
368 16240 208
368 16288 224
320 16288 224
240 16208 -64
368 16144 128
224 16160 64
256 16176 -32
256 16192 160
272 16240 208
496 16240 -96
320 16240 -96
240 16176 -64
288 16080 112
256 16128 176
256 16256 208
240 16256 144
384 16336 144
224 16304 128
256 16288 -176
208 16224 -48
240 16208 144
128 16208 336
128 16208 368
272 16224 368
128 16160 368
128 16160 288
160 16144 320
160 16160 304
176 16144 272
176 16192 240
32 16192 240
144 16224 352
176 16192 352
256 16176 224
272 16128 272
336 16096 112
336 16160 144
352 16160 144
224 16208 176
224 16224 400
240 16176 656
176 16192 288
176 16192 144
176 16192 304
256 16192 144
256 16192 64
272 16224 64
368 16192 -16
272 16208 -64
320 16112 0
320 16160 160
288 16160 -80
336 16160 -16
288 16176 -16
512 16160 -64
384 16176 272
432 16240 160
288 16272 416
352 16208 304
352 16176 144
320 16176 64
352 16208 64
208 16208 80
320 16240 0
352 16128 112
352 16192 -112
272 16192 -144
240 16192 -64
304 16160 -64
352 16176 -128
128 16144 48
208 16144 336
208 16144 240
400 16128 240
320 16128 256
240 16288 224
256 16208 112
256 16208 -192
256 16208 80
256 16176 128
144 16224 128
256 16160 128
352 16144 144
320 16144 528
320 16144 176
256 16160 176
240 16240 16
176 16160 192
240 16160 224
240 16160 224
272 16144 256
224 16160 176
224 16160 368
144 16144 368
192 16144 288
144 16176 176
128 16240 272
128 16240 288
128 16240 384
208 16176 384
288 16160 320
208 16112 288
336 16160 256
256 16144 32
144 16224 128
160 16128 192
160 16128 336
144 16192 336
256 16160 352
208 16176 176
208 16224 32
208 16224 -16
224 16112 -16
160 16192 48
320 16176 208
384 16240 384
304 16192 352
256 16192 288
256 16192 160
240 16208 160
336 16144 208
400 16208 112
400 16208 112
400 16224 192
400 16224 192
208 16160 272
288 16176 0
336 16144 208
272 16144 -144
272 16192 -32
256 16192 -32
272 16176 160
416 16160 208
304 16192 96
