startup(x,y,z):(416,16240,176)
-1200 17984 1104
-768 15760 -416
-304 15760 -416
752 14640 1952
768 15184 192
-1024 15280 -912
6512 16720 -10496
8352 16064 -18000
4224 18672 224
-14000 17072 12992
-10672 15728 10288
-5456 17280 8160
-4384 14384 5376
-4384 14896 8496
-6608 15056 8496
-3408 15296 3520
1904 14800 2048
6336 15232 -192
6208 16224 -1280
3840 16128 2432
1792 16304 2368
2544 16368 3040
-176 15968 2624
-176 16160 1760
-3024 16160 -1152
-944 15872 -1152
224 15968 -2352
96 16384 -2912
912 16096 -3408
960 16272 -3536
384 16496 -3520
1072 16256 -2944
208 16208 -1728
336 16128 -944
272 16240 -1360
224 16192 -832
272 16064 -192
288 16208 480
592 16256 880
1088 16176 1408
656 16176 1504
672 16256 1408
560 16192 1168
400 16144 1200
400 16128 1120
208 16128 1120
336 16112 1024
432 16272 976
272 16272 368
352 16304 0
304 16320 -288
192 16336 -592
176 16240 -624
336 16288 -304
512 16208 -640
512 16144 -1088
656 16144 -1088
816 16208 -1152
368 16320 -912
512 16288 -656
320 16256 -496
304 16256 -352
208 16160 112
288 16176 320
368 16176 528
400 16176 720
352 16208 768
352 16208 832
464 16256 832
656 16224 752
448 16176 896
512 16176 976
448 16112 544
512 16160 592
432 16176 304
416 16176 464
576 16192 192
464 16240 -64
464 16224 -112
320 16208 -96
304 16208 -224
352 16208 -64
320 16208 -64
560 16288 -160
528 16304 -80
592 16256 -16
608 16192 208
464 16256 -16
400 16256 368
400 16208 432
432 16208 432
432 16208 320
384 16208 320
448 16144 128
448 16176 176
592 16224 288
560 16192 144
560 16256 0
464 16304 -176
368 16192 80
368 16144 416
416 16144 256
432 16224 208
480 16224 208
480 16336 288
544 16288 256
400 16320 48
448 16288 80
416 16256 320
496 16272 176
400 16288 208
400 16288 320
464 16192 320
384 16192 368
288 16208 144
320 16256 192
272 16304 -144
400 16240 -256
416 16272 32
384 16224 -80
384 16224 -96
448 16208 176
368 16144 176
384 16144 16
384 16224 0
528 16192 -48
448 16160 32
416 16176 48
496 16176 64
496 16208 240
448 16208 240
480 16208 176
624 16240 96
320 16240 80
464 16256 -64
496 16160 -128
672 16272 -112
672 16224 -224
480 16224 -112
432 16160 -80
416 16144 32
496 16224 -144
400 16240 352
400 16256 -128
432 16256 -48
272 16240 -48
336 16256 64
352 16224 304
416 16224 288
496 16288 304
416 16352 240
576 16256 256
608 16144 304
464 16272 208
464 16160 112
480 16160 176
576 16208 176
608 16224 144
592 16176 144
528 16256 80
432 16208 -96
416 16208 -208
416 16256 -192
416 16288 -64
448 16224 64
384 16272 224
544 16336 112
544 16336 384
512 16272 80
528 16272 176
336 16192 176
304 16224 368
304 16192 176
496 16240 160
720 16272 -64
576 16224 0
592 16272 32
592 16272 -64
480 16256 -64
416 16224 128
512 16208 48
592 16272 48
544 16192 240
544 16208 32
528 16208 32
496 16144 32
464 16112 80
464 16112 -160
400 16112 224
304 16144 80
336 16208 112
336 16240 176
432 16240 288
400 16224 192
400 16192 96
400 16272 48
368 16224 -16
304 16192 288
272 16160 256
272 16192 208
304 16208 -80
272 16256 -80
416 16208 0
480 16224 -16
368 16256 -128
320 16208 -80
256 16224 96
256 16256 128
368 16192 240
448 16240 112
448 16224 64
464 16224 208
352 16288 208
352 16192 336
512 16160 256
480 16192 208
304 16224 64
272 16224 224
384 16224 224
384 16208 240
544 16208 272
384 16208 272
448 16192 160
416 16192 160
576 16208 80
448 16288 144
432 16256 144
464 16192 192
448 16192 240
624 16176 128
624 16208 16
544 16208 176
496 16240 176
448 16272 80
512 16304 128
480 16256 -16
528 16144 208
304 16144 144
336 16224 -32
336 16176 -160
576 16176 -160
544 16208 -16
624 16208 128
672 16208 -32
448 16192 -32
416 16288 -160
400 16240 -80
480 16288 -176
448 16352 64
448 16352 304
432 16176 176
400 16208 288
400 16192 80
432 16224 160
416 16224 160
448 16208 112
448 16240 224
400 16208 256
448 16224 128
384 16224 -80
304 16240 -272
352 16240 -48
240 16288 -48
304 16288 -48
384 16240 16
480 16192 -64
448 16208 80
480 16160 80
560 16160 96
528 16128 176
528 16144 336
496 16144 160
512 16192 160
416 16208 416
512 16208 416
512 16192 320
512 16176 304
464 16240 272
352 16240 -32
480 16208 -32
544 16160 16
384 16224 16
416 16208 240
608 16208 64
416 16144 224
432 16256 -48
432 16256 96
400 16208 144
480 16224 144
464 16208 80
464 16192 32
400 16192 0
176 16192 -16
432 16144 -48
480 16160 96
464 16224 128
448 16192 224
448 16256 256
496 16192 0
512 16192 0
496 16176 -128
496 16128 -192
576 16256 224
432 16240 240
528 16144 -64
512 16240 128
512 16240 48
384 16240 48
384 16208 -64
656 16192 0
528 16160 256
496 16160 32
496 16176 64
448 16176 64
464 16224 368
384 16256 400
432 16256 0
368 16272 64
400 16240 128
384 16240 192
416 16192 176
288 16176 336
288 16272 224
368 16272 176
368 16272 -16
384 16304 -16
320 16256 208
416 16192 272
432 16192 160
368 16192 192
368 16192 -32
416 16192 48
416 16224 64
400 16192 144
336 16176 192
448 16176 144
352 16128 128
528 16208 96
608 16128 64
608 16160 -96
560 16176 -224
480 16192 -32
416 16176 112
528 16272 160
320 16272 400
272 16256 304
336 16192 176
288 16144 240
416 16208 -128
336 16288 64
368 16208 -16
464 16192 64
480 16192 224
448 16208 272
400 16240 352
384 16256 240
400 16256 96
320 16320 208
384 16320 96
272 16240 48
528 16176 128
432 16192 176
352 16240 272
432 16320 320
384 16256 272
384 16256 128
448 16192 96
416 16192 96
272 16256 16
240 16224 208
240 16288 384
400 16304 144
400 16256 -96
336 16256 160
304 16160 160
416 16208 144
432 16256 -96
336 16192 160
416 16112 96
416 16240 160
528 16240 160
384 16160 96
288 16240 -16
432 16192 48
368 16192 176
304 16240 336
304 16240 384
336 16224 384
464 16224 112
400 16192 256
304 16208 176
368 16160 304
384 16192 96
384 16192 32
400 16192 16
400 16192 16
384 16192 -112
352 16240 -48
320 16256 16
400 16256 32
464 16256 32
384 16224 -112
512 16208 -144
368 16240 -192
224 16192 -144
272 16144 -96
512 16160 -208
656 16224 -32
640 16272 192
608 16240 176
640 16288 160
480 16288 64
480 16240 176
304 16256 80
304 16224 80
304 16224 96
256 16224 96
256 16144 192
288 16208 336
512 16240 16
576 16208 64
384 16240 128
368 16224 352
368 16224 0
576 16256 80
304 16224 176
304 16240 256
336 16224 240
304 16208 192
368 16224 288
368 16224 192
640 16208 192
560 16240 144
576 16272 96
592 16272 144
560 16160 272
528 16160 128
528 16160 32
464 16240 32
512 16240 144
496 16208 128
464 16240 128
496 16256 128
496 16240 -96
448 16320 176
432 16256 144
400 16256 16
464 16224 -80
464 16272 -224
464 16256 -64
528 16256 32
448 16208 400
416 16192 272
416 16144 144
352 16144 144
528 16224 128
512 16192 96
528 16192 80
528 16256 112
560 16304 160
512 16320 -16
576 16336 -112
624 16320 0
560 16272 -16
560 16272 64
384 16272 64
400 16272 64
464 16304 80
464 16272 192
576 16240 240
432 16224 176
464 16160 176
384 16256 272
384 16288 272
432 16192 384
416 16176 288
512 16240 160
496 16208 192
512 16160 176
512 16176 176
624 16176 128
448 16192 128
480 16224 160
464 16256 32
704 16256 32
640 16224 64
528 16224 -144
320 16240 96
320 16240 240
400 16240 272
304 16224 32
304 16240 32
368 16256 -32
480 16256 -80
512 16256 80
464 16272 -112
432 16208 32
480 16256 -32
480 16176 144
480 16160 16
544 16160 16
480 16160 80
448 16208 80
512 16240 144
432 16272 192
336 16208 192
448 16176 144
448 16224 320
432 16224 192
448 16224 192
448 16240 48
448 16224 160
