startup(x,y,z):(384,16208,112)
272 16288 -1632
368 16176 -1776
448 16208 -1408
576 16224 -528
832 16240 -288
1120 16224 480
848 16224 1472
848 16192 1824
448 16128 2080
448 16128 1792
224 16144 1456
144 16112 1312
144 16160 1216
560 16176 1280
528 16240 816
512 16224 -96
528 16208 -368
400 16224 -832
512 16208 -1040
640 16240 -1248
512 16176 -1024
576 16256 -784
560 16352 -336
272 16288 -336
720 16256 -544
544 16192 -16
144 16240 -160
528 16160 64
448 16160 16
320 16192 112
320 16240 368
288 16256 544
496 16176 736
384 16224 656
384 16128 704
448 16128 624
496 16080 624
560 16128 832
464 16144 544
560 16112 560
608 16160 432
608 16176 304
512 16224 192
464 16160 -32
464 16240 144
496 16240 144
464 16272 304
560 16224 -16
400 16224 96
608 16144 48
496 16224 -32
496 16208 -48
416 16192 112
416 16224 32
480 16192 112
496 16224 400
496 16160 80
592 16240 -32
544 16240 -112
624 16176 -112
512 16096 -16
432 16160 -96
528 16096 -96
528 16096 16
608 16096 64
448 16128 208
384 16192 256
416 16160 416
416 16144 464
272 16144 464
336 16240 464
208 16192 464
416 16176 448
192 16304 336
240 16256 224
352 16256 -32
304 16208 -16
336 16240 128
336 16320 -16
304 16320 64
416 16320 -128
576 16240 -128
304 16176 -48
352 16176 32
448 16160 112
400 16240 160
336 16240 48
272 16304 208
304 16192 128
352 16224 288
352 16224 400
432 16288 96
336 16288 112
400 16240 176
480 16272 80
528 16224 -112
464 16176 96
416 16160 0
336 16288 -96
288 16272 -32
288 16240 -80
352 16240 32
224 16176 32
336 16160 -272
320 16208 -176
384 16176 -48
400 16192 -48
576 16128 112
640 16144 48
640 16192 128
592 16192 128
576 16272 32
560 16224 192
528 16112 224
480 16144 64
496 16192 32
560 16112 192
464 16208 128
384 16240 16
496 16224 -80
544 16224 -32
544 16256 272
512 16256 272
432 16224 224
480 16192 48
480 16208 80
400 16320 -64
496 16288 -192
512 16176 0
512 16240 32
512 16304 0
560 16304 0
560 16192 48
432 16160 96
416 16240 48
448 16176 -32
416 16160 48
416 16128 112
384 16128 128
320 16144 0
352 16144 -80
416 16176 -80
416 16192 16
416 16160 192
288 16128 32
400 16112 16
528 16144 0
464 16144 -48
464 16192 192
384 16192 272
368 16192 208
384 16160 32
416 16176 -64
320 16224 -64
368 16160 112
384 16128 192
400 16112 192
400 16160 -80
368 16144 176
432 16208 256
592 16208 400
448 16208 400
432 16176 256
464 16288 64
464 16320 96
288 16192 80
416 16176 176
384 16208 -16
384 16208 64
512 16256 48
496 16224 48
416 16240 208
480 16272 112
512 16192 112
368 16192 80
352 16128 32
400 16176 32
528 16208 -16
544 16208 96
560 16240 -48
400 16192 240
400 16192 304
480 16144 96
592 16096 -176
416 16160 -176
336 16224 128
464 16240 80
544 16192 64
480 16256 160
448 16256 -16
496 16256 80
416 16176 256
512 16192 272
512 16256 336
336 16256 -64
320 16192 64
576 16240 -112
496 16240 272
496 16288 224
464 16288 272
544 16208 192
368 16208 192
432 16192 -208
432 16240 -112
544 16272 0
480 16208 48
416 16208 80
320 16240 208
608 16192 176
608 16240 48
480 16224 0
592 16224 128
368 16304 128
352 16288 224
304 16256 144
368 16160 112
336 16176 -64
448 16208 -32
448 16176 144
496 16176 176
448 16240 80
416 16304 64
448 16288 144
448 16208 240
496 16208 240
576 16176 80
512 16160 48
432 16160 112
464 16160 96
384 16208 -64
480 16048 96
432 16128 336
432 16224 112
448 16224 96
400 16192 96
368 16208 240
240 16144 192
288 16240 -64
336 16192 128
528 16224 -128
432 16288 -384
432 16176 -336
368 16176 -128
352 16224 -128
352 16240 -256
336 16224 -32
176 16224 128
112 16240 0
112 16288 112
288 16272 -64
352 16272 -144
352 16304 96
368 16304 96
480 16272 560
400 16224 528
416 16240 400
448 16208 416
384 16240 288
336 16224 192
336 16256 304
448 16272 288
448 16256 112
416 16256 144
304 16160 144
384 16208 0
448 16320 -240
464 16320 -176
464 16256 32
416 16256 -48
640 16208 192
464 16208 256
464 16224 176
560 16240 -48
576 16224 -48
512 16208 64
480 16176 64
448 16208 -16
544 16240 208
528 16192 320
528 16256 192
528 16256 0
464 16256 32
544 16160 -16
480 16144 128
464 16128 176
464 16192 112
464 16176 48
464 16176 48
544 16256 -144
400 16240 32
448 16208 -64
320 16176 0
448 16256 48
464 16224 48
464 16240 128
368 16240 240
320 16192 176
304 16256 224
368 16256 224
400 16256 64
432 16256 16
528 16208 -32
464 16272 -96
464 16256 144
432 16192 32
432 16112 80
432 16112 176
384 16192 176
672 16144 96
528 16224 160
576 16192 192
544 16176 16
528 16192 96
528 16144 160
528 16208 0
496 16224 48
496 16160 16
432 16160 16
432 16240 48
512 16208 48
480 16192 -240
320 16208 -128
272 16144 48
256 16192 160
256 16224 224
336 16224 96
384 16176 208
352 16208 208
304 16224 208
368 16176 48
432 16224 0
512 16272 48
512 16256 16
544 16256 16
496 16144 16
400 16208 64
576 16192 128
544 16192 144
544 16288 304
576 16224 160
576 16224 48
464 16240 48
448 16288 96
464 16240 -16
464 16224 128
512 16288 32
512 16144 -16
448 16144 0
336 16256 0
464 16224 144
464 16240 208
480 16144 160
480 16112 64
480 16176 384
528 16176 288
496 16176 288
480 16192 224
416 16176 128
320 16240 112
464 16256 -80
320 16224 144
320 16256 144
368 16256 144
400 16256 176
432 16224 224
384 16176 -48
448 16208 16
288 16160 48
288 16208 48
320 16240 160
320 16240 368
336 16192 368
448 16240 208
384 16240 96
640 16208 48
640 16128 128
544 16160 64
544 16160 256
656 16304 256
512 16208 400
432 16208 288
432 16144 416
416 16176 416
512 16224 192
256 16224 144
464 16192 -144
400 16192 -144
352 16224 -144
352 16176 -192
496 16192 -48
448 16272 -224
448 16240 -176
400 16240 32
416 16176 -64
416 16176 -64
384 16256 -64
480 16224 80
368 16256 32
384 16192 112
432 16256 208
368 16224 96
368 16208 240
352 16208 240
384 16208 192
288 16240 112
416 16160 0
512 16176 -16
384 16192 -32
384 16192 32
368 16192 144
448 16160 144
304 16224 -144
304 16144 -32
368 16208 32
352 16272 -176
352 16304 -48
320 16224 192
512 16224 192
528 16208 -48
496 16224 384
448 16192 64
464 16192 144
480 16240 16
480 16272 -64
464 16272 -64
400 16304 -80
384 16304 160
592 16240 -32
496 16384 -112
496 16240 -160
448 16336 -160
496 16336 -160
688 16288 -208
496 16240 -144
448 16240 -48
448 16240 -224
448 16272 128
448 16240 288
256 16240 144
384 16176 240
400 16208 128
432 16208 128
496 16224 240
544 16208 16
528 16240 48
448 16128 -48
448 16176 -192
544 16176 -256
608 16208 -256
448 16208 64
432 16272 400
480 16256 304
400 16288 64
400 16240 96
368 16256 176
480 16256 176
560 16224 432
496 16208 288
448 16128 688
448 16224 384
512 16208 448
512 16224 576
448 16224 384
480 16160 384
416 16128 528
352 16224 688
384 16176 672
432 16176 352
448 16224 176
448 16224 80
368 16208 128
352 16256 128
320 16240 0
464 16208 32
368 16208 144
240 16224 48
240 16144 80
432 16144 64
432 16128 64
432 16128 128
528 16176 0
608 16240 32
608 16256 160
528 16256 160
672 16256 160
624 16224 272
640 16176 224
544 16240 -128
640 16080 240
816 16064 208
864 16160 176
528 16240 32
528 16240 -48
640 16240 -48
480 16256 80
416 16192 -32
384 16256 -16
256 16176 16
272 16144 224
368 16208 320
480 16176 288
480 16176 144
496 16144 240
448 16080 240
400 16160 496
528 16192 528
512 16144 320
464 16208 400
480 16208 416
368 16256 272
304 16224 416
272 16224 432
