startup(x,y,z):(176,16192,160)
-1840 10304 -6432
-608 15040 -15712
-1104 16880 -8832
-80 17360 -640
-912 17232 1440
-912 17824 2400
5632 17824 -816
2736 19216 -816
2064 18144 1568
592 17040 1040
1200 16944 -896
192 16000 -1104
144 15616 336
176 15968 -656
176 15968 -544
-192 16032 -544
112 16064 -192
-304 16256 288
80 16176 368
48 16144 256
48 16144 -16
-112 16176 -16
-32 16144 -288
-16 16128 -288
64 16032 -160
64 16144 -32
176 16160 16
176 16128 64
64 16128 64
0 16128 -32
-128 16128 224
-160 16112 48
-64 16176 224
-32 16224 0
-112 16160 304
96 16192 256
48 16176 320
160 16208 112
160 16208 80
240 16272 80
224 16192 80
64 16128 -80
128 16160 240
128 16128 208
192 16128 416
256 16032 448
160 16064 224
-48 16080 224
64 16224 256
144 16192 320
160 16160 288
160 16144 240
112 16144 240
48 16192 240
96 16192 272
112 16160 -80
192 16176 112
144 16192 96
128 16144 160
128 16112 -16
128 16112 -16
128 16192 192
80 16160 192
80 16192 304
176 16176 400
176 16176 288
128 16176 176
128 16128 176
160 16128 352
128 16144 160
160 16144 384
80 16176 496
112 16192 320
112 16192 112
256 16112 112
192 16096 48
272 16176 80
256 16176 48
208 16144 176
176 16176 32
144 16240 192
144 16160 176
144 16160 16
112 16240 16
112 16128 176
64 16192 224
128 16064 144
128 16064 208
-64 16064 432
-48 16096 432
-96 16208 320
0 16144 272
16 16144 272
48 16224 160
48 16240 128
128 16240 368
-64 16192 368
176 16144 288
192 16176 192
224 16080 144
224 16144 144
80 16144 416
224 16096 416
192 16160 176
352 16128 112
224 16208 272
208 16192 352
288 16160 336
224 16160 448
224 16160 464
144 16080 464
16 16080 528
0 16192 464
128 16144 512
144 16160 464
32 16144 352
96 16176 176
96 16176 224
16 16128 224
208 16080 464
144 16176 368
192 16192 560
192 16192 496
192 16192 624
128 16192 576
32 16160 576
96 16128 288
144 16144 384
128 16080 384
128 16144 144
144 16112 304
160 16128 384
160 16128 288
224 16112 288
80 16176 576
128 16144 256
288 16096 480
288 16192 480
64 16192 224
112 16240 224
48 16128 208
-16 16176 304
96 16160 224
96 16160 112
0 16128 112
-64 16144 0
32 16208 -112
80 16160 -48
160 16096 112
160 16096 160
272 16032 272
176 16032 272
160 16096 272
112 16048 352
144 16160 144
64 16160 176
64 16160 32
-32 16192 32
48 16240 176
192 16208 128
320 16208 80
320 16208 352
112 16224 240
160 16192 304
224 16192 304
192 16064 288
240 16096 368
256 16048 720
256 16112 432
240 16112 512
192 16160 448
320 16272 448
256 16256 400
288 16224 368
304 16192 336
192 16160 512
128 16144 144
240 16144 80
240 16144 304
144 16176 304
176 16160 368
128 16144 416
224 16144 96
224 16192 128
176 16192 128
160 16096 192
128 16128 224
128 16096 288
144 16128 384
160 16080 496
320 16160 432
320 16160 352
400 16144 352
208 16096 400
192 16096 400
128 16064 448
128 16096 416
80 16144 480
160 16144 480
48 16160 256
240 16176 160
256 16192 400
256 16192 320
240 16192 208
160 16240 208
144 16208 48
96 16192 48
48 16208 64
48 16256 176
64 16208 32
-32 16208 0
176 16240 0
208 16160 96
272 16096 400
160 16176 368
160 16176 352
-48 16160 272
-32 16176 64
176 16160 64
80 16144 224
112 16112 224
160 16048 112
208 16048 320
-16 16144 384
-16 16176 -32
96 16176 -32
208 16160 64
144 16160 560
288 16160 208
240 16192 176
240 16192 496
256 16192 496
192 16128 176
192 16112 96
48 16160 160
176 16144 592
192 16144 528
192 16128 432
64 16128 432
208 16016 240
-64 16064 352
16 16096 480
112 16096 128
112 16096 400
96 16144 400
176 16096 352
96 16128 352
128 16096 336
48 16144 224
128 16176 208
128 16160 0
64 16160 0
144 16192 32
144 16160 336
64 16144 416
192 16144 144
192 16144 16
16 16160 240
192 16160 240
160 16224 240
32 16192 128
-16 16208 16
16 16176 48
16 16176 16
208 16320 16
208 16224 208
224 16192 208
192 16208 48
160 16192 336
256 16256 416
192 16208 208
80 16240 -160
80 16192 -16
208 16192 -16
64 16160 352
208 16144 272
224 16144 288
128 16128 288
128 16128 112
272 16064 112
48 16112 80
96 16144 80
112 16080 64
176 16064 576
64 16112 448
64 16112 608
160 16080 608
64 15984 400
160 16112 432
128 16096 336
144 16128 224
144 16128 160
176 16192 160
128 16176 112
112 16112 -16
160 16160 64
176 16160 304
128 16176 320
128 16176 448
128 16144 448
144 16160 192
112 16112 48
192 16160 80
192 16080 144
80 16080 208
80 16224 176
128 16224 176
112 16176 160
144 16128 32
0 16176 96
0 16160 96
-48 16160 96
64 16160 96
144 16096 176
112 16096 96
112 16160 288
80 16144 208
16 16160 352
112 16192 224
112 16192 176
192 16128 176
176 16064 224
160 16224 128
96 16160 176
96 16144 144
112 16144 240
64 16128 240
192 16160 384
272 16160 240
224 16192 336
128 16240 464
208 16160 544
208 16224 656
176 16224 656
176 16128 624
160 16080 416
176 16160 128
96 16080 160
96 16080 208
16 16096 176
112 16176 48
112 16176 48
208 16192 352
192 16208 32
96 16128 336
112 16112 416
112 16112 272
144 16272 272
160 16208 304
-64 16176 240
16 16160 288
208 16144 272
160 16144 384
160 16160 208
-48 16160 208
160 16112 208
0 16176 288
96 16112 352
96 16160 208
80 16192 240
80 16128 224
304 16128 96
336 16176 32
256 16144 416
240 16080 416
112 16160 192
208 16128 192
144 16160 352
144 16112 368
128 16112 368
-64 16112 544
80 16144 448
80 16224 352
112 16208 320
96 16192 304
96 16144 384
96 16144 368
208 16144 368
224 16128 400
208 16128 160
32 16096 176
192 16096 208
192 16192 384
-32 16192 368
176 16128 368
144 16112 288
208 16272 384
240 16208 192
224 16160 144
192 16128 112
192 16128 80
64 16192 80
192 16112 112
256 16096 -48
288 16240 16
288 16144 272
128 16144 272
256 16224 272
128 16192 -96
160 16240 176
-16 16176 32
128 16160 320
112 16192 240
112 16192 224
112 16064 224
80 16128 -32
64 16176 176
160 16192 208
96 16224 400
160 16128 368
128 16224 384
160 16224 384
160 16240 80
160 16240 80
176 16128 96
128 16144 528
96 16176 32
96 16080 160
112 16080 336
48 16144 336
0 16096 208
-16 16080 528
0 16096 432
32 16096 128
32 16128 400
32 16128 144
256 16176 112
0 16176 224
48 16224 288
48 16208 256
48 16208 272
224 16224 272
240 16208 304
-32 16144 304
-48 16176 64
32 16192 160
64 16224 240
64 16224 240
144 16208 240
304 16224 96
304 16192 160
176 16128 192
176 16176 16
144 16176 16
192 16176 160
208 16144 144
160 15984 272
208 16032 320
128 16048 256
128 16144 288
128 16144 288
240 16096 160
32 16160 272
128 16176 240
192 16240 384
128 16224 208
128 16208 144
80 16208 192
80 16240 240
0 16240 240
16 16160 432
96 16208 288
80 16192 416
80 16208 208
288 16208 160
176 16256 160
176 16224 176
240 16192 80
240 16208 240
160 16160 464
112 16128 448
112 16128 112
240 16144 112
144 16224 448
176 16288 288
160 16224 240
160 16192 240
160 16192 240
32 16208 240
16 16224 256
96 16176 272
64 16144 224
96 16096 192
96 16160 176
144 16160 176
208 16128 256
128 16112 384
160 16176 512
160 16160 128
128 16160 96
224 16144 96
208 16224 -160
288 16128 144
160 16144 304
-16 16096 368
-48 16112 192
-48 16112 432
176 16192 432
176 16144 352
80 16272 128
144 16208 224
384 16128 176
272 16096 -16
272 16144 32
240 16128 -160
208 16144 80
208 16144 96
272 16224 96
240 16144 192
192 16064 336
192 16080 336
80 16080 320
