startup(x,y,z):(464,16224,144)
-6640 18992 6512
-5088 18048 5440
-3712 16832 2928
-2672 15856 1712
-992 15280 2496
-832 15360 1568
352 15568 208
624 15872 -656
560 16080 -640
1104 16032 -1040
528 16576 144
352 16832 -752
1664 16832 -752
3440 15808 -5184
2016 17264 -3552
-1456 17040 3024
-768 16256 1408
288 16256 2576
-1008 16064 2752
-1152 16064 2048
560 15888 512
528 16016 704
1648 16080 1040
-2176 16240 6336
-1136 16368 5024
1040 16416 2816
320 16704 1904
288 16480 176
288 16192 -2032
1728 16192 -2864
1936 16144 -2864
1200 16336 -3104
-160 16416 -2800
-816 16384 -1504
-400 16352 -1008
-400 16352 -1360
-192 16320 -1360
160 16240 -1776
16 16240 -1744
448 16224 -1136
672 16400 -976
832 16272 -544
1008 16144 448
960 16192 1136
960 16208 1600
768 16208 1600
592 16208 2048
176 16176 2096
176 16144 2112
80 16096 1632
160 16128 1552
384 16256 1104
384 16224 736
560 16224 736
672 16256 -192
672 16192 -464
592 16192 -464
336 16176 -736
384 16160 -928
336 16128 -944
272 16192 -704
352 16224 -416
368 16192 -144
368 16128 0
336 16128 -160
560 16128 112
592 16144 112
352 16096 96
432 16096 384
416 16144 128
576 16224 368
448 16224 576
368 16240 560
368 16288 352
512 16288 560
512 16224 752
368 16224 656
400 16256 656
496 16208 336
480 16112 64
512 16160 -272
496 16176 -160
464 16240 -128
512 16176 -160
512 16208 -112
448 16208 48
368 16160 48
352 16208 -32
496 16208 -32
560 16176 144
560 16160 256
560 16176 192
416 16176 192
432 16224 208
464 16176 208
528 16224 64
448 16192 112
368 16208 -208
352 16144 -224
336 16192 -256
336 16160 -256
304 16160 -240
512 16240 -240
528 16240 -464
464 16272 -320
592 16224 -176
608 16176 -64
560 16160 0
512 16240 112
512 16272 176
384 16272 464
416 16208 464
464 16224 416
480 16256 96
448 16192 -32
448 16192 240
208 16192 144
320 16208 288
448 16192 288
464 16272 -48
480 16272 -128
400 16320 -128
400 16256 -48
576 16256 -224
576 16192 -128
336 16192 -128
544 16240 -80
592 16208 16
512 16224 -16
416 16288 -80
336 16176 144
320 16176 304
336 16144 304
352 16160 32
336 16240 64
528 16224 64
528 16064 128
464 16064 336
512 16064 336
384 16160 208
432 16112 176
512 16192 464
432 16192 576
432 16224 144
336 16224 -96
336 16224 32
352 16240 32
416 16160 -144
432 16208 80
592 16208 -32
592 16304 -32
448 16208 64
528 16160 -16
496 16160 128
400 16224 160
416 16256 160
512 16272 96
384 16224 64
480 16224 64
400 16256 160
416 16208 160
256 16304 192
320 16272 256
416 16304 176
336 16320 256
384 16304 16
432 16256 160
432 16176 -16
416 16176 -16
512 16208 -48
448 16240 48
400 16176 144
432 16224 -32
496 16208 -144
496 16240 16
464 16240 64
320 16208 128
336 16240 -128
480 16208 -112
352 16160 0
288 16208 384
368 16192 400
464 16128 192
464 16192 208
368 16176 512
432 16224 432
432 16256 352
448 16256 240
432 16192 240
496 16176 112
528 16192 112
432 16208 112
512 16224 16
288 16176 -48
288 16176 -160
368 16176 -160
480 16256 -96
352 16208 -48
416 16160 64
432 16224 112
400 16272 80
272 16192 368
352 16224 448
352 16240 320
416 16240 320
448 16176 272
416 16256 208
512 16192 96
432 16192 64
368 16240 64
576 16256 -16
464 16208 -128
416 16304 160
432 16256 -32
512 16144 -48
512 16160 -96
400 16160 -96
304 16144 -64
464 16224 0
400 16224 -32
448 16240 -32
224 16304 96
336 16304 -112
368 16304 -176
464 16256 -208
416 16352 -176
528 16208 -80
480 16224 48
480 16224 -80
432 16256 48
432 16256 240
400 16256 240
352 16240 320
336 16272 48
464 16176 96
416 16224 -16
448 16304 -288
512 16240 -64
512 16288 -16
432 16224 96
464 16176 80
464 16160 -208
512 16128 16
448 16128 144
384 16336 176
448 16224 80
416 16240 112
400 16272 144
528 16256 96
528 16288 -64
528 16288 160
512 16256 160
400 16208 0
368 16272 -64
352 16320 48
432 16224 -16
336 16208 0
336 16208 -144
256 16256 -144
496 16176 -64
560 16128 0
672 16224 -80
576 16256 32
512 16176 16
368 16176 240
368 16176 96
320 16208 176
416 16224 32
432 16192 96
432 16224 16
576 16224 -80
480 16288 -80
592 16288 -48
640 16272 16
544 16176 -48
608 16224 -64
512 16160 80
512 16176 0
512 16192 80
432 16192 80
528 16288 64
496 16272 112
384 16272 160
368 16224 144
368 16224 304
384 16160 384
512 16208 384
480 16240 240
544 16208 480
464 16160 448
400 16032 304
400 16016 176
480 16016 176
368 16144 176
368 16240 192
496 16144 128
464 16192 240
432 16160 160
432 16144 224
432 16096 112
400 16096 160
352 16080 160
336 16096 144
272 16160 192
464 16128 80
544 16096 64
544 16224 128
368 16224 128
432 16288 112
512 16256 192
432 16208 0
480 16256 0
560 16176 176
560 16176 352
400 16256 176
448 16176 176
448 16224 384
480 16144 288
464 16112 288
464 16208 128
480 16224 304
480 16224 160
448 16272 160
368 16256 80
432 16256 128
352 16208 96
288 16144 144
336 16192 -16
336 16192 144
464 16224 144
496 16240 16
336 16192 224
400 16192 208
368 16144 176
256 16096 208
256 16176 112
384 16176 384
544 16224 160
624 16224 160
560 16288 0
304 16288 96
336 16288 48
336 16224 -16
416 16192 96
384 16256 48
384 16272 -16
576 16272 -48
576 16240 32
624 16240 400
448 16320 400
448 16256 240
368 16288 144
304 16304 112
384 16256 64
384 16224 16
416 16208 80
512 16208 -144
432 16160 160
432 16176 -128
272 16208 144
480 16240 48
400 16192 -32
400 16192 32
560 16272 32
480 16288 64
448 16272 160
464 16240 160
416 16320 80
368 16272 128
400 16208 80
416 16192 -48
416 16192 32
416 16192 -32
464 16208 -32
464 16368 -192
352 16320 32
576 16256 16
576 16192 128
448 16192 112
448 16192 64
480 16288 256
336 16208 256
448 16144 176
496 16176 -64
416 16064 496
432 16128 112
432 16160 128
464 16160 128
576 16256 176
448 16272 336
496 16224 80
448 16224 112
304 16224 -96
256 16176 272
256 16224 144
320 16224 288
384 16208 288
448 16224 192
336 16192 64
336 16240 32
368 16240 16
368 16288 224
368 16288 240
432 16240 144
304 16272 144
400 16224 224
384 16208 288
464 16224 176
432 16112 320
448 16176 304
448 16208 240
464 16208 64
384 16272 144
448 16256 128
464 16256 128
480 16288 80
416 16336 32
288 16352 64
256 16336 144
256 16336 368
288 16176 368
352 16240 384
448 16256 304
384 16272 352
384 16160 144
384 16176 272
480 16272 176
304 16272 -80
320 16272 -240
368 16304 -16
304 16224 0
576 16160 -16
576 16144 -32
592 16144 -64
624 16192 -64
528 16208 -192
480 16304 -192
480 16240 -272
432 16336 -240
432 16304 -304
496 16272 -112
480 16272 144
432 16320 144
400 16352 176
320 16272 112
224 16256 128
224 16272 32
432 16240 128
512 16240 16
480 16192 96
352 16192 96
352 16192 0
400 16240 48
432 16240 176
560 16304 240
560 16176 240
400 16192 80
448 16224 -80
304 16240 128
432 16288 16
464 16240 80
416 16240 128
416 16208 -176
272 16208 -144
336 16240 -144
272 16240 -80
272 16304 112
416 16272 192
384 16320 128
336 16256 208
288 16240 48
288 16240 208
384 16208 192
512 16240 176
496 16240 -80
512 16208 -16
496 16192 -48
400 16128 224
400 16112 224
240 16144 192
320 16192 160
304 16256 16
400 16192 48
544 16080 80
528 16160 80
416 16240 48
480 16176 48
352 16160 64
432 16176 -112
368 16224 -80
464 16192 128
512 16224 208
528 16256 128
528 16272 96
528 16192 112
496 16192 -96
512 16224 -96
496 16160 -16
544 16144 192
512 16320 304
400 16320 16
560 16224 32
496 16224 112
384 16176 -32
336 16272 -288
336 16272 -112
288 16272 -128
448 16320 -128
384 16272 -96
288 16208 80
336 16224 32
416 16192 64
