startup(x,y,z):(-320,16160,160)
2000 13920 -240
1872 15584 -3024
-4704 17648 -2608
-4704 16688 1760
-2864 16688 1760
-544 17216 -112
-880 17280 880
-1856 16784 2112
-2416 15840 -4224
-2416 15904 1440
-1952 16048 288
-240 16048 96
-1632 16352 96
-2560 16704 3328
368 17200 -2192
-960 16800 -1088
-960 16800 -3040
-672 16208 -3040
896 15744 -656
304 15184 1184
-640 16208 1872
-592 16176 512
672 16304 -336
704 15984 -368
704 16128 -48
-928 16128 -48
-1360 16080 1184
-1344 16528 -288
-880 16432 576
-880 16320 -736
-272 16416 -864
208 16416 80
-48 16512 80
-384 16176 -64
-512 16192 784
-512 16272 496
-432 16288 608
-496 16192 -176
-496 16304 256
-320 16304 -112
-176 16240 -112
-192 16176 96
-256 16192 -544
-304 16256 -208
-576 16256 464
-608 16240 464
-384 16160 336
-384 16208 -272
-272 16208 -272
-240 16272 -368
-336 16256 -432
-656 16096 160
-400 16112 416
-400 16096 272
-384 16096 112
-288 16208 112
-352 16208 -144
-160 16112 -16
-192 16304 32
-208 16240 80
-208 16208 304
-320 16208 304
-320 16224 464
-320 16256 272
-448 16192 320
-336 16208 272
-400 16112 224
-400 16272 -144
-336 16272 -144
-320 16256 320
-288 16240 320
-128 16112 240
-384 16016 432
-368 16112 272
-368 16128 192
-240 16128 192
-176 16176 352
-336 16160 304
-288 16224 240
-256 16192 336
-256 16144 64
-160 16144 80
-160 16144 176
32 16112 176
-192 16208 352
-192 16160 160
-256 16208 224
-448 16144 0
-416 16192 96
-416 16192 160
-416 16176 -288
-272 16176 -288
32 16032 336
-16 16032 400
-128 16048 192
-96 16048 16
-208 16064 -256
-208 16080 -208
-288 16080 208
-256 16064 208
-272 16128 688
-384 16160 560
-224 16192 256
-160 16208 64
-288 16224 128
-288 16208 256
-416 16208 192
-272 16176 192
-336 16240 464
-352 16176 256
-416 16160 320
-416 16256 272
-416 16288 96
-256 16288 -64
-288 16304 -64
-368 16240 128
-352 16176 240
-224 16176 112
-272 16256 80
-272 16208 208
-320 16208 64
-256 16192 64
-320 16176 32
-64 16160 48
-176 16144 176
-144 16128 400
-272 16128 208
-256 16096 192
-160 16128 192
-416 16208 208
-400 16160 112
-464 16144 192
-464 16240 304
-368 16224 288
-368 16192 304
-400 16192 112
-336 16160 112
-432 16256 160
-256 16144 144
-320 16096 368
-368 16192 480
-368 16080 448
-304 16080 448
-224 16128 48
-400 16224 112
-160 16256 80
-192 16176 128
-192 16176 32
-80 16176 -48
-128 16192 -48
32 16208 160
-96 16176 128
-144 16240 16
-240 16208 304
-256 16208 144
-256 16256 48
-272 16256 48
-144 16224 64
-384 16160 112
-368 16176 272
-208 16208 272
-208 16224 192
-192 16176 96
-96 16176 224
-368 16240 224
-304 16256 -96
-352 16304 -112
-480 16256 160
-480 16224 48
-336 16224 -96
-352 16240 -96
-336 16208 112
-288 16256 -48
-288 16208 176
-336 16208 224
-96 16256 208
-96 16304 32
-160 16304 32
-192 16272 224
-208 16208 128
-144 16176 80
-272 16224 288
-176 16208 560
-224 16176 336
-224 16176 192
-144 16240 192
-80 16160 192
-240 16224 -32
-240 16128 -32
-352 16224 0
-384 16224 -64
-384 16224 -16
-400 16128 -16
-144 16128 112
-192 16176 96
-128 16128 80
-224 16128 240
-224 16144 128
-176 16128 176
-160 16128 320
-224 16048 320
-128 16144 368
-112 16112 416
-192 16144 144
-192 16160 96
-112 16160 -32
-256 16176 -32
-240 16160 -64
-272 16144 -160
-256 16144 112
-400 16192 176
-336 16192 112
-336 16192 144
-368 16256 144
-384 16288 80
-384 16208 320
-336 16224 240
-256 16192 176
-256 16128 160
-448 16128 160
-224 16096 224
-304 16160 256
-336 16192 256
-240 16176 192
-288 16128 192
-288 16176 256
-288 16176 288
-176 16144 288
-320 16224 224
-320 16192 64
-176 16192 128
-336 16160 160
-336 16192 176
-352 16144 48
-352 16144 48
-112 16144 0
-240 16112 144
-304 16128 144
-288 16160 304
-288 16144 16
-176 16144 32
-256 16192 32
-320 16208 16
-240 16208 16
-256 16176 32
-176 16160 16
-160 16128 64
-160 16128 64
-128 16160 64
-176 16176 160
-224 16224 96
-288 16208 -64
-240 16208 160
-240 16192 144
-144 16192 144
-352 16160 64
-288 16176 96
-256 16176 -32
-176 16208 -48
-80 16224 224
-80 16224 48
-240 16256 48
-384 16208 0
-304 16256 48
-64 16176 160
-64 16176 144
-64 16208 272
-176 16208 416
-192 16144 256
-128 16208 256
-160 16256 176
-80 16208 304
-224 16208 304
-208 16192 208
-256 16192 352
-512 16192 272
-272 16192 480
-320 16160 480
-192 16192 496
-320 16208 368
-320 16240 -32
-272 16240 144
-272 16240 192
-272 16240 64
-320 16272 64
-320 16256 32
-416 16208 -208
-400 16176 32
-400 16192 64
-304 16192 272
-240 16144 272
-144 16160 160
-272 16144 256
-160 16208 224
-256 16240 384
-320 16240 320
-320 16128 432
-240 16128 432
-144 16176 240
-48 16160 112
-80 16160 32
-208 16096 144
-208 16144 112
-224 16176 288
-256 16176 416
-272 16112 416
-288 16224 304
-256 16096 288
-192 16144 32
-192 16144 96
-448 16208 96
-624 16160 224
-432 16144 -192
-224 16208 -80
-256 16224 -64
-304 16224 160
-384 16208 160
-384 16208 272
-272 16128 272
-224 16144 224
-256 16240 96
-304 16256 144
-240 16208 96
-208 16144 336
-176 16128 416
-176 16112 544
-208 16112 288
-288 16128 304
-304 16112 304
-256 16160 528
-384 16096 288
-272 16112 176
-272 16112 -32
-80 16112 -32
-160 16144 -144
-224 16176 192
-320 16192 320
-160 16208 240
-160 16208 208
-320 16176 320
-288 16176 288
-272 16224 288
-320 16224 160
-240 16176 112
-112 16144 144
-32 16192 64
-208 16272 -160
-208 16160 144
-192 16160 192
-240 16240 192
-192 16224 256
-208 16224 304
-80 16208 -64
-224 16224 -96
-224 16096 272
-304 16096 272
-128 16176 160
-112 16144 368
-240 16192 272
-288 16272 176
-256 16240 144
-320 16192 144
-256 16192 144
-208 16128 176
-272 16160 64
-208 16192 48
-192 16304 64
-240 16288 128
-240 16288 -208
-352 16272 32
-224 16208 32
-160 16192 112
-368 16256 368
-304 16224 384
-288 16208 288
-304 16144 336
-304 16144 336
-368 16176 336
-176 16160 192
-240 16112 48
-208 16144 16
-208 16224 -192
-240 16160 0
-288 16160 0
-256 16192 272
-272 16176 96
-304 16192 176
-256 16176 48
-304 16256 224
-304 16256 96
-256 16320 96
-128 16256 240
-128 16272 144
-144 16336 160
-176 16304 320
-176 16304 48
-240 16320 160
-288 16368 160
-496 16368 80
-336 16304 0
-288 16208 0
-288 16224 -64
-208 16224 -64
-352 16160 -256
-128 16144 -144
-288 16192 48
-256 16160 -16
-256 16080 64
-176 16080 288
-336 16160 448
-224 16128 448
-176 16176 96
-208 16208 -32
-352 16240 -64
-320 16208 -224
-240 16272 -192
-240 16208 16
-272 16208 128
-256 16176 128
-288 16272 208
-368 16288 128
-256 16160 96
-256 16224 192
-256 16240 256
-256 16240 256
-208 16208 256
-288 16256 176
-208 16256 32
-272 16192 176
-272 16160 368
-224 16160 464
-304 16176 464
-208 16096 384
-176 16160 288
-304 16256 288
-288 16224 -80
-288 16192 -16
-208 16192 -16
-352 16080 288
-256 16096 352
-368 16176 560
-352 16176 256
-352 16080 400
-256 16080 400
-320 16160 432
-368 16144 432
-208 16160 416
-48 16080 400
-112 16080 176
-112 16336 192
-176 16176 192
-176 16240 160
-96 16192 160
-368 16160 176
-368 16080 208
-368 16160 -128
-240 16208 -176
-320 16208 -32
-368 16160 -32
-320 16208 -160
-368 16224 80
-224 16128 -80
-224 16176 80
-320 16224 -16
-384 16224 -64
-448 16224 -64
-192 16160 -144
-208 16144 160
-256 16192 80
-368 16096 320
-304 16160 288
-304 16160 336
-176 16128 336
-128 16112 640
-384 16080 464
-512 16192 224
-320 16176 48
-320 16128 144
-304 16128 144
-256 16224 160
-240 16240 544
-320 16288 336
-272 16240 192
-272 16240 272
-224 16240 272
-480 16192 240
-288 16192 288
-240 16144 512
-256 16208 -16
-256 16208 -208
-224 16224 -208
-304 16256 -64
-400 16224 384
-368 16304 368
-400 16288 112
-400 16192 96
-336 16192 64
-288 16288 64
-272 16256 -96
-256 16256 -176
-304 16224 -112
-304 16144 80
-208 16144 256
-432 16144 224
-464 16176 224
-352 16192 -96
-256 16176 -176
-304 16208 -64
-304 16240 96
-304 16160 224
-256 16160 160
-272 16112 160
