startup(x,y,z):(-176,16144,160)
-2992 18624 -2640
-1776 17792 -1616
624 16096 -1808
-368 15664 -736
-720 15888 144
-720 15888 1584
800 16608 -1184
1712 16432 -1184
1440 16048 0
1024 16096 832
-112 16256 272
-240 16096 1888
-240 16240 896
320 16240 -176
240 16112 -176
32 16256 -768
224 16352 -304
-192 16112 16
-688 16048 416
-688 16224 1920
544 16224 -496
2080 16128 -496
1936 16160 928
1120 16048 -816
192 16080 256
192 16000 832
-464 16000 624
-816 16192 624
-1056 16176 1360
-976 16256 -224
-944 16096 -304
-512 16256 -464
-512 16128 -752
-128 16128 -176
-48 16064 -176
-384 16320 352
-608 16208 336
-448 16240 512
-416 16192 416
-416 16192 64
-272 16256 64
-224 16176 -256
-128 16112 288
-256 16160 64
-336 16176 176
-336 16176 400
-320 16176 400
-224 16192 112
-160 16144 240
-96 16288 48
-64 16256 272
-64 16256 320
-208 16224 320
-224 16176 464
-304 16240 544
-416 16176 176
-336 16240 96
-336 16144 -16
-336 16144 240
-272 16112 240
-288 16240 -128
-272 16240 64
-416 16240 208
-160 16320 144
-128 16304 160
-128 16304 16
-32 16272 112
-368 16208 176
-464 16288 80
-336 16304 32
-336 16352 608
-512 16352 608
-448 16496 464
-512 16416 384
-464 16224 288
-432 16208 160
-432 16176 288
-496 16224 256
-272 16224 304
-160 16320 304
-112 16224 352
-208 16192 224
-128 16224 256
-128 16224 144
-240 16224 144
-224 16224 288
-192 16192 32
-320 16144 208
-320 16224 144
-112 16176 208
-176 16176 96
-160 16256 96
-144 16224 144
-160 16288 48
-272 16224 288
-272 16224 288
-400 16224 288
-288 16288 432
-224 16128 240
-160 16192 -48
16 16208 368
16 16400 464
16 16224 -128
-192 16224 -128
-96 16256 272
-144 16240 -128
-128 16208 -464
-128 16240 64
-32 16192 -208
-144 16192 -48
-160 16208 -48
-272 16176 208
-240 16208 336
-272 16192 416
-160 16208 320
-160 16240 560
-336 16240 400
-336 16160 400
-192 16224 336
-384 16224 288
-320 16176 192
-320 16160 336
-240 16160 304
-32 16064 304
-144 16080 64
-48 16096 -144
-176 16192 304
-80 16144 272
-80 16224 400
-224 16224 400
-208 16320 288
-128 16368 160
0 16240 96
-128 16224 -64
-128 16224 80
-384 16192 80
-320 16272 224
-496 16304 400
-432 16288 384
-224 16176 320
-224 16208 416
-176 16208 416
-256 16240 416
-416 16128 192
-336 16176 272
-256 16192 240
-272 16192 224
-272 16192 288
-368 16176 288
-272 16208 304
-272 16240 208
-320 16240 384
-192 16256 320
-304 16224 272
-304 16224 80
-272 16224 80
-160 16224 144
-192 16160 96
-304 16208 -64
-368 16272 48
-368 16256 96
-320 16144 160
-240 16144 80
-192 16144 80
-256 16160 224
-384 16224 -112
-208 16224 -80
-208 16160 64
-336 16160 64
-320 16176 96
-336 16256 240
-272 16240 560
-272 16160 224
-336 16144 240
-336 16240 144
-416 16240 144
-400 16272 32
-288 16176 128
-288 16208 64
-336 16176 96
-336 16176 112
-336 16256 112
-304 16256 272
-304 16208 256
-480 16240 368
-384 16240 416
-384 16272 64
-368 16224 240
-384 16160 208
-208 16208 256
-192 16192 160
-192 16192 96
-192 16160 96
-256 16096 208
-224 16064 368
-304 16096 416
-336 16144 320
-256 16208 256
-256 16208 240
-128 16128 240
-320 16208 224
-176 16240 -128
-160 16224 -48
-160 16128 -64
-224 16192 80
-224 16192 -288
-160 16160 -288
-336 16176 -32
-368 16192 32
-288 16240 16
-304 16224 224
-304 16080 416
-208 16080 416
-224 16112 640
-208 16112 560
-176 16048 272
-208 16144 256
-208 16144 400
-256 16128 400
-224 16208 80
-176 16208 -256
-176 16192 -96
-304 16176 80
-208 16240 -96
-64 16192 48
-64 16240 -32
-64 16240 -32
-224 16256 -176
-176 16208 -32
-352 16160 -96
-384 16224 192
-384 16160 384
-352 16160 240
-288 16192 240
-384 16160 128
-272 16192 32
-224 16160 64
-224 16128 224
-208 16128 224
16 16160 -16
-128 16192 80
-144 16112 256
-352 16176 208
-304 16112 384
-240 16128 336
-240 16224 336
-352 16224 336
-352 16176 32
-400 16224 32
-560 16176 128
-304 16128 176
-480 16096 240
-288 16352 208
-224 16240 208
-256 16256 112
-320 16176 48
-272 16224 -16
-480 16240 80
-480 16304 -32
-352 16304 -64
-304 16192 -64
-192 16160 -208
-352 16176 -96
-352 16208 -32
-176 16240 112
-208 16240 112
-288 16192 64
-240 16096 192
-224 16208 192
-176 16160 208
-256 16128 128
-256 16128 96
-256 16096 96
-336 16128 256
-272 16144 -176
-272 16112 -32
-176 16176 272
-176 16176 320
-224 16176 320
-272 16224 -16
-400 16240 -64
-448 16256 160
-400 16304 96
-400 16288 0
-336 16288 0
-320 16368 176
-368 16320 48
-192 16304 192
-240 16288 240
-240 16288 32
-192 16304 32
-192 16272 176
-208 16192 320
-240 16160 192
-320 16208 128
-320 16240 176
-176 16240 176
-272 16224 256
-144 16176 160
-272 16224 144
-320 16224 32
-320 16256 -64
-240 16256 -80
-416 16224 -80
-368 16176 64
-352 16224 112
-192 16176 384
-384 16192 320
-416 16192 64
-352 16176 64
-272 16256 -224
-288 16320 -32
-336 16256 -304
-336 16256 -32
-208 16256 -32
-480 16256 96
-336 16208 144
-432 16192 320
-400 16160 240
-400 16240 272
-432 16240 208
-80 16208 208
0 16112 288
-288 16160 336
-464 16208 304
-464 16208 80
-272 16208 80
-128 16192 112
-96 16208 128
-144 16144 192
-208 16080 208
-208 16224 256
-320 16224 256
-288 16240 320
-272 16224 208
-256 16144 288
-256 16240 272
-256 16240 -16
-192 16192 -16
-320 16208 288
-272 16128 208
-304 16112 160
-272 16224 144
-272 16240 144
-400 16240 144
-272 16288 96
-256 16224 384
-272 16176 304
-176 16224 208
-176 16240 176
-160 16240 16
-368 16272 16
-384 16208 160
-288 16208 176
-352 16192 192
-336 16160 192
-336 16112 336
-432 16112 336
-432 16192 -32
-448 16176 144
-272 16192 -160
-240 16160 224
-240 16160 224
-384 16192 224
-352 16112 144
-208 16096 80
-112 16112 32
32 16224 128
32 16288 -80
-128 16288 -80
-192 16208 112
-192 16224 368
-208 16176 192
-192 16192 96
-192 16192 96
-240 16160 96
-176 16240 208
-192 16240 256
-224 16256 192
-272 16208 208
-272 16336 96
-320 16336 96
-304 16304 192
-256 16272 288
-160 16192 272
-240 16208 304
-240 16192 320
-272 16192 320
-368 16176 336
-272 16208 288
-128 16208 16
-160 16336 128
-160 16256 48
-240 16256 48
-240 16240 512
-256 16256 160
-112 16176 48
-368 16176 160
-368 16176 224
-240 16176 336
-272 16160 336
-400 16160 464
-256 16160 288
-384 16208 80
-352 16224 -64
-352 16224 -224
-208 16224 -80
-112 16176 -80
64 16192 144
-128 16208 176
-384 16352 176
-352 16240 224
-352 16240 192
-320 16240 0
-176 16208 0
-224 16240 -48
-336 16320 208
-384 16272 224
-384 16272 48
-352 16240 48
-384 16288 144
-240 16208 32
-288 16192 192
-288 16208 16
-272 16160 0
-80 16160 32
-240 16160 32
-224 16208 32
-160 16208 144
-192 16240 208
-192 16240 352
-272 16240 352
-320 16240 128
-256 16208 64
-304 16304 -48
-304 16272 128
-304 16256 176
-304 16256 304
-288 16192 304
-384 16080 80
-416 16144 64
-336 16192 112
-336 16176 32
-240 16176 0
-240 16176 0
-304 16256 -192
-320 16224 -144
-112 16176 -96
-208 16176 64
-288 16256 -96
-288 16160 112
-288 16160 192
-288 16192 192
-288 16160 224
-256 16208 256
-224 16192 320
-224 16256 192
-256 16256 192
-240 16192 240
-208 16208 320
-176 16208 272
-240 16272 240
-288 16240 240
-288 16240 320
-320 16224 320
-208 16224 272
-256 16064 288
-336 16096 176
-336 16208 208
-304 16208 208
-208 16160 160
-224 16128 384
-176 16080 144
-160 16096 0
-160 16240 -160
-144 16240 -160
-192 16256 -96
-16 16192 -96
-176 16192 112
-176 16192 160
-352 16144 -144
-288 16144 -144
-288 16208 -128
-208 16208 -32
-240 16256 80
-224 16208 96
-304 16208 -176
-304 16224 -48
-416 16224 -48
-272 16192 80
-304 16128 256
-304 16160 112
-224 16256 368
-224 16224 400
-224 16224 128
-256 16128 128
-176 16224 32
-240 16288 160
-320 16192 32
-256 16288 -96
-320 16256 -208
-320 16256 32
-128 16288 32
-240 16320 192
-208 16208 272
-304 16192 304
-304 16048 176
-160 16048 176
-96 16096 224
-96 16176 528
-208 16208 224
-400 16160 144
