startup(x,y,z):(80,16144,272)
-4224 15216 -5408
-1552 16912 -2192
-1120 16912 -2192
-1648 16992 -160
-528 16208 480
-112 16736 -320
832 16368 1072
832 16368 3536
4640 15152 3536
1392 14976 4048
1728 15440 3936
1184 15712 1952
1280 16160 1024
1280 16128 1376
1232 16128 912
576 16112 912
464 16080 736
256 16176 464
352 16224 176
352 16240 352
208 16240 96
-16 16256 208
64 16128 256
64 16096 464
160 16208 480
160 16176 0
16 16176 -256
144 16144 -96
112 16176 -32
-16 16224 48
-16 16208 160
-32 16208 160
16 16256 176
96 16192 112
-160 16144 80
-160 16160 352
-144 16160 128
16 16128 128
80 16048 240
-16 16144 320
128 16176 304
64 16144 112
64 16096 16
0 16096 16
112 16144 -128
32 16032 -80
0 16112 144
0 16160 288
176 16160 176
64 16080 176
16 16128 272
144 16160 160
80 16112 352
192 16144 432
192 16144 400
192 16160 400
192 16112 496
80 16160 128
144 16112 192
144 16160 128
288 16160 336
112 16128 336
144 16112 160
224 16000 272
16 15984 208
112 16080 208
112 16160 208
80 16160 208
-128 16144 192
-48 16208 0
112 16112 160
112 16128 192
16 16128 192
96 16192 352
64 16144 496
80 16176 320
16 16128 384
64 16144 240
64 16144 272
96 16080 272
64 16080 112
-48 16160 96
-16 16064 208
-16 16080 288
0 16080 288
96 16032 208
80 16144 96
80 16112 96
32 16096 80
32 16176 208
80 16176 176
64 16096 176
80 16144 32
176 16256 -96
192 16192 32
192 16192 240
48 16224 240
144 16192 416
192 16176 432
160 16192 368
160 16144 640
48 16144 336
96 16192 336
0 16224 288
128 16224 544
96 16192 144
96 16128 160
-16 16128 320
96 16064 320
176 16096 336
96 16112 592
144 16224 384
112 16192 368
112 16192 176
96 16144 176
0 16224 -32
96 16208 0
16 16208 0
16 16128 -128
32 16128 -128
16 16176 -128
128 16224 -64
128 16112 256
112 16160 288
112 15904 304
288 16112 304
160 16176 208
176 16128 176
128 16144 464
128 16160 304
128 16160 304
192 16224 304
192 16192 464
16 16176 512
96 16224 448
96 16160 352
32 16160 256
48 16208 256
64 16208 144
-96 16112 272
0 16160 144
0 16144 208
112 16144 208
80 16128 272
128 16144 240
0 16224 336
0 16160 352
-16 16160 528
112 16144 528
32 16176 336
240 16128 336
304 16144 256
304 16144 192
176 16224 192
112 16144 272
176 16176 272
32 16128 480
32 16160 448
32 16096 256
48 16096 0
112 16176 48
64 16144 240
80 16208 64
80 16240 192
80 16144 128
272 16144 128
64 16128 144
80 16176 208
80 16208 -64
80 16128 112
16 16128 160
-48 16048 160
32 16112 384
96 16176 208
64 16224 288
112 16192 288
112 16192 256
-16 16288 256
64 16208 128
32 16112 160
144 16144 288
144 16032 192
96 16032 192
80 16112 304
80 16176 368
48 16128 688
32 16096 240
32 16032 288
32 16032 352
-64 16080 352
-16 16128 144
0 16176 368
0 16176 112
-32 16176 224
224 16160 224
240 16208 192
208 16128 -16
16 16064 256
16 16064 192
0 16064 336
48 16096 336
64 16144 368
128 16096 464
96 16016 288
96 16176 320
32 16176 320
192 16112 64
144 16096 96
-32 16080 304
112 16096 384
112 16064 336
304 16064 192
160 16128 192
96 16128 192
16 16192 384
48 16064 544
48 16064 144
64 16064 144
160 16080 208
32 16128 464
48 16192 336
48 16160 112
32 16160 112
-128 16192 0
-64 16160 224
160 16128 352
128 16112 320
128 16112 432
240 16048 432
144 16064 368
128 16064 608
112 16096 256
112 16112 256
0 16112 64
128 16128 64
64 16048 368
64 16080 352
80 16176 288
80 16128 208
-32 16128 208
48 16128 -176
64 16096 64
96 16080 80
96 16112 176
96 16112 256
80 16192 256
-16 16192 176
48 16096 496
96 16192 384
96 16192 64
80 16192 304
-64 16160 304
160 16112 288
80 16112 256
112 16112 160
112 16112 192
64 16176 192
272 16160 128
192 16096 336
192 16112 112
128 16080 128
128 16096 176
352 16096 256
240 16064 256
96 16016 176
96 16096 224
96 16112 304
96 16112 160
336 16160 160
304 16112 64
144 16096 80
64 16112 160
96 16048 112
-16 16064 112
224 16064 64
272 16112 112
272 16080 208
272 16096 176
32 16096 176
64 16096 160
144 16176 176
112 16240 112
32 16208 160
32 16112 368
48 16112 400
-112 16176 400
64 16208 304
304 16112 336
208 16176 336
208 16176 464
160 16144 464
112 16160 432
16 16144 224
16 16160 288
16 16192 320
-80 16192 320
96 16064 224
0 16096 256
16 16096 112
128 16112 192
128 16112 320
-32 16160 320
48 16240 256
80 16208 -64
288 16208 192
256 16144 192
256 16144 144
288 16144 144
160 16176 352
160 16256 464
224 16176 192
256 16240 128
256 16240 96
208 16224 96
192 16144 432
48 16176 256
16 16160 32
16 16160 32
64 16192 32
112 16080 64
208 16112 -128
192 16096 288
128 16128 352
128 16128 144
288 16224 144
304 16224 112
160 16144 112
144 16176 16
144 16176 16
96 16128 16
128 16192 160
112 16224 192
-32 16256 320
48 16192 304
48 16176 176
64 16176 176
128 16160 80
64 16160 112
240 16112 128
240 16112 256
160 16112 400
96 16080 400
96 16128 160
64 16144 16
144 16144 192
144 16144 208
144 16224 208
128 16224 208
-32 16128 272
64 16128 320
0 16064 464
112 16144 144
112 16176 112
320 16176 288
208 16112 288
128 16080 80
80 16096 336
192 16016 384
112 16096 384
112 16096 336
160 16064 336
80 16048 256
128 16112 432
144 16192 320
144 16192 112
272 16192 112
240 16160 224
224 16160 368
48 16160 480
80 16112 256
80 16144 304
128 16144 432
112 16128 432
240 16096 320
240 16144 -48
-32 16208 -32
-32 16208 64
48 16224 64
-16 16176 -112
-80 16160 208
-80 16112 384
160 16176 240
160 16176 -16
128 16176 -16
160 16144 240
320 16112 272
144 16128 160
144 16128 112
96 16128 112
240 16144 144
160 16176 272
160 16096 368
128 16128 176
128 16080 272
432 16032 -16
288 16112 352
256 16112 496
208 16128 336
208 16144 80
128 16144 80
160 16160 336
176 16112 384
48 16176 192
48 16144 224
48 16160 512
96 16160 576
224 16160 576
176 16096 368
112 16176 352
112 16160 176
112 16160 -192
32 16160 -192
224 16144 -160
288 16128 144
224 16096 144
224 16128 208
224 16096 -224
176 16096 -224
112 16032 -96
96 16032 48
-80 16032 272
32 16032 240
32 16032 352
160 16048 352
48 16080 288
80 16112 80
80 16160 320
64 16080 256
64 16160 272
48 16160 272
96 16112 112
128 16160 -48
64 16176 16
144 16176 48
144 16176 192
160 16240 192
272 16128 112
112 16096 352
64 16064 144
64 16144 368
32 16144 336
112 16160 336
32 16176 48
144 16096 144
176 16064 96
176 16096 144
192 16096 144
128 16048 16
-16 16080 240
80 16128 176
80 16160 288
80 16112 256
144 16112 272
336 16096 272
144 16096 352
32 16192 432
112 16192 544
112 16096 384
224 16096 384
144 16064 416
352 16112 208
176 16064 176
176 16080 256
208 16080 64
176 16064 64
240 16160 -80
160 16144 -112
176 16144 96
160 16192 64
160 16160 160
112 16160 160
48 16160 192
128 16064 96
96 16080 144
96 16144 240
64 16144 240
112 16224 208
-16 16160 96
80 16064 352
64 16128 240
64 16112 272
48 16112 272
80 16192 464
48 16176 352
192 16160 192
192 16016 192
208 16016 192
0 16080 208
16 16160 224
160 16240 256
128 16144 160
128 16144 240
16 16112 240
176 16096 128
64 16208 160
112 16160 208
112 16160 432
80 16160 432
-32 16192 512
48 16224 -32
144 16144 -96
176 16208 48
176 16112 -32
176 16112 -32
-64 16192 96
-32 16160 416
112 16112 272
192 16144 48
192 16144 144
304 16128 144
256 16112 336
144 16176 144
