startup(x,y,z):(-176,16144,160)
3760 15648 1552
2112 15856 1216
144 16400 192
144 16400 976
-848 15936 976
-864 16096 -400
-272 15904 -384
-224 15968 -1056
-592 16000 816
-1264 15952 1360
-1264 16016 816
-2352 16016 816
-2704 16320 -1328
-1504 16336 -1168
-656 16240 -1328
-656 16128 -128
-304 16304 1328
-448 16304 1328
-784 16256 1312
-512 16320 464
-240 16288 -48
-320 16304 -128
-272 16224 -448
-352 16240 384
-352 16240 416
-416 16240 416
-336 16272 432
-240 16192 64
-160 16176 304
-160 16240 64
-112 16240 -16
-208 16288 -16
-128 16128 112
-192 16160 0
-336 16256 272
-448 16304 160
-448 16272 544
-480 16272 544
-288 16288 -112
-224 16272 -192
64 16272 -208
-112 16256 192
-112 16272 288
-48 16272 208
-144 16288 272
-352 16272 272
-416 16192 48
-240 16160 64
-192 16128 -112
-192 16064 48
-160 16064 48
-336 16112 224
-240 16048 208
-336 16032 368
-352 16128 128
-352 16160 240
-320 16192 432
-384 16192 336
-288 16224 336
-240 16176 560
-32 16192 448
-384 16208 384
-384 16208 112
-400 16272 112
-176 16256 320
-240 16320 224
-192 16240 208
-192 16240 176
160 16256 128
32 16384 160
32 16400 256
16 16400 256
32 16272 144
-80 16208 240
-48 16224 -16
-48 16256 448
160 16256 752
-48 16336 752
-80 16288 80
-304 16256 448
-240 16256 80
-160 16128 -64
-160 16176 160
-224 16176 464
-320 16144 464
-288 16160 384
-352 16160 128
-256 16160 128
-256 16240 -144
-288 16240 256
-384 16208 256
-336 16160 512
-304 16128 320
-432 16144 64
-320 16224 144
-320 16256 288
-480 16256 288
-528 16144 112
-336 16176 320
-176 16160 448
-208 16160 224
-208 16160 240
-240 16144 240
-96 16176 288
-240 16144 384
-128 16208 256
-80 16208 144
-80 16144 192
-128 16144 192
-272 16224 176
-256 16224 528
-304 16272 128
-208 16160 96
-208 16160 144
-336 16192 144
-336 16208 144
-240 16160 144
-160 16240 304
-112 16224 144
-112 16224 0
-224 16224 -256
-272 16192 -144
-144 16176 48
-80 16176 -48
-304 16240 256
-304 16288 240
-400 16288 208
-320 16256 160
-288 16208 160
-336 16160 160
-208 16160 -112
-208 16160 -208
-208 16144 48
-336 16144 -112
-304 16096 -112
-320 16144 192
-192 16192 400
-336 16176 64
-304 16176 32
-304 16208 128
-224 16208 32
-304 16320 32
-96 16272 48
-112 16224 -144
-128 16224 -144
-128 16224 336
-192 16208 336
-224 16208 320
-160 16224 288
-80 16144 224
-80 16176 352
-192 16208 128
-336 16208 16
-240 16240 16
-336 16240 -128
-192 16208 -176
-112 16288 -48
-112 16112 176
-112 16112 176
-144 16112 48
-160 16224 32
-160 16208 48
-192 16256 160
-256 16176 144
-416 16192 112
-416 16192 224
-192 16208 224
-320 16176 224
-336 16240 48
-368 16208 208
-368 16256 272
-480 16256 64
-464 16304 64
-384 16304 128
-448 16256 256
-320 16192 192
-224 16208 112
-224 16208 368
-288 16256 368
-208 16256 368
-304 16304 192
-128 16256 80
-128 16208 192
-128 16176 272
-240 16176 432
-256 16128 432
-384 16192 416
-368 16128 128
-256 16144 240
-192 16128 224
-192 16144 80
-80 16144 80
16 16176 288
-128 16176 320
-192 16208 144
-272 16208 176
-272 16240 160
-368 16240 160
-512 16208 176
-368 16208 96
-320 16208 32
-288 16256 224
-272 16176 128
-272 16176 -16
-400 16240 -16
-352 16272 48
-288 16240 96
-384 16256 -64
-384 16176 64
-176 16176 304
-256 16176 304
-144 16160 64
-240 16240 80
-304 16256 288
-336 16304 16
-304 16224 128
-304 16224 160
-256 16272 160
-320 16208 48
-240 16176 -112
-320 16176 240
-272 16160 176
-272 16160 368
-288 16144 224
-256 16128 336
-256 16208 256
-304 16208 256
-144 16192 48
-192 16240 -48
-128 16192 -16
-272 16192 144
-272 16160 144
-272 16240 48
-288 16240 48
-272 16208 208
-272 16176 160
-144 16208 32
-112 16192 112
-112 16192 -16
-336 16208 -16
-288 16176 368
-288 16224 320
-432 16112 176
-432 16208 304
-512 16208 448
-560 16176 448
-336 16176 432
-240 16192 320
-176 16224 160
-240 16256 304
-240 16256 48
-240 16352 48
-336 16256 96
-176 16224 -96
-64 16256 -32
-80 16176 176
-80 16176 240
-208 16288 240
-240 16256 48
-288 16160 48
-272 16144 320
-544 16176 416
-416 16144 208
-416 16240 208
-416 16240 208
-320 16176 208
-336 16224 48
-320 16192 -32
-304 16224 -128
-304 16208 -16
-192 16208 48
-192 16208 128
-192 16192 128
-144 16176 160
-160 16160 -16
-80 16176 -192
-80 16160 48
-96 16160 48
-160 16096 48
-208 16160 256
-352 16176 256
-320 16144 160
-416 16128 112
-416 16160 336
-400 16160 304
-288 16096 304
-416 16160 560
-320 16240 592
-320 16192 304
-160 16192 336
-128 16112 336
-144 16128 288
-208 16224 112
-448 16144 208
-448 16224 16
-432 16224 16
-368 16144 80
-320 16144 224
-288 16208 64
-288 16192 192
-368 16192 304
-272 16176 304
-416 16144 208
-160 16080 48
-240 16144 0
-240 16256 -32
-240 16144 64
-144 16144 64
-144 16192 -144
-176 16144 -192
-192 16128 176
-192 16064 288
-256 16064 256
-272 16128 256
-400 16112 224
-368 16144 384
-352 16080 304
-352 16192 272
-336 16192 144
-352 16208 144
-272 16240 96
-400 16256 480
-560 16240 496
-560 16240 160
-416 16240 160
-80 16176 48
-112 16224 128
-256 16192 32
-256 16128 -16
-256 16160 336
-368 16160 336
-400 16208 320
-384 16160 288
-352 16208 160
-320 16208 208
-320 16208 48
-336 16144 48
-320 16192 96
-416 16240 256
-368 16176 96
-368 16192 160
-336 16192 96
-288 16144 96
-256 16192 176
-384 16112 400
-368 16192 -48
-368 16160 416
-288 16160 576
-240 16144 576
-192 16112 400
-192 16272 112
-144 16240 -80
-144 16176 80
-160 16176 -176
-96 16160 -144
-160 16160 16
-320 16208 -80
-320 16192 -64
-288 16192 -64
-304 16224 -96
-80 16192 -32
-304 16224 -32
-384 16176 96
-384 16112 176
-352 16112 176
-416 16160 304
-240 16240 -80
-256 16240 -64
-320 16224 -128
-320 16224 128
-448 16144 128
-288 16128 -64
-192 16208 144
-160 16160 112
-160 16240 16
-256 16240 16
-224 16240 144
-288 16192 -64
-208 16208 64
-224 16240 240
-224 16272 272
-304 16272 272
-288 16256 176
-208 16272 176
-368 16288 64
-368 16256 192
-384 16256 224
-256 16256 224
-240 16256 304
-240 16192 352
-192 16256 288
-192 16192 80
-96 16192 80
-96 16208 80
-176 16192 64
-208 16224 -192
-192 16224 -256
-192 16256 -64
-320 16256 -64
-400 16240 224
-272 16304 144
-144 16240 352
-224 16224 416
-224 16224 528
-288 16192 528
-336 16192 496
-416 16256 288
-208 16320 96
-208 16256 320
-320 16256 320
-256 16224 256
-256 16336 112
-304 16288 112
-304 16208 -32
-304 16224 -128
-320 16224 -128
-256 16160 176
-256 16160 224
-272 16224 48
-128 16160 48
-128 16160 96
-192 16144 96
-192 16128 96
-192 16192 112
-144 16144 80
-144 16160 176
-32 16160 160
-288 16160 160
-368 16144 64
-384 16176 192
-336 16160 240
-336 16224 208
-304 16224 208
-320 16160 528
-320 16128 512
-336 16224 80
-336 16192 128
-400 16192 -32
-416 16208 -32
-352 16208 -64
-48 16112 -112
-240 16256 -112
-240 16288 -208
-288 16288 144
-240 16240 144
-272 16208 192
-480 16272 352
-416 16224 240
-416 16208 64
-272 16208 224
-336 16192 224
-320 16240 192
-192 16208 -128
-336 16192 48
-320 16176 48
-320 16064 224
-224 16064 224
-144 16128 320
-224 16208 80
-496 16176 192
-368 16144 96
-368 16144 208
-416 16144 208
-464 16272 320
-352 16288 160
-288 16224 208
-464 16208 288
-464 16192 304
-384 16192 304
-272 16256 256
-336 16240 272
-208 16208 288
-208 16192 288
-256 16144 192
-208 16144 64
-192 16144 64
-288 16096 304
-224 16096 224
-16 16288 64
-224 16288 224
-112 16176 224
-224 16176 144
-256 16128 288
-272 16160 352
-144 16096 96
-144 16096 -96
-208 16096 -96
-352 16112 0
-288 16112 608
-96 16128 256
-96 16144 128
-336 16144 -32
-256 16096 -32
-144 16032 32
-224 16064 176
-160 16080 448
-160 16128 448
-240 16128 448
-224 16176 272
-256 16096 64
-96 16080 -48
-144 16160 288
-144 16208 96
-160 16208 176
-144 16208 176
-144 16224 -240
-432 16272 128
-432 16224 160
-320 16224 144
-336 16224 144
-224 16192 192
-288 16208 -80
