startup(x,y,z):(496,16224,192)
1728 16144 -224
3280 16016 -4416
7056 15872 -3504
2752 16656 -3504
-5280 16928 3264
-4272 16048 3200
-832 16384 3200
-1984 16160 5104
-2624 16208 4032
-672 15840 2512
-672 17008 -208
-32 17008 -128
3488 16416 6624
-2000 17024 5520
-48 16320 5520
4672 16016 -224
3744 16640 -1808
3520 15936 -1600
2000 15840 -2592
1392 16176 -3888
1392 16176 -4256
1360 16016 -4256
-1824 16496 -1856
-320 16624 -1888
-320 16704 -1808
-528 16704 -1024
-560 16384 -1024
320 16128 -720
400 16304 -592
400 16288 -448
368 16288 -448
1328 16096 736
1392 16160 1824
1040 16224 2480
816 16112 2704
816 16176 2416
176 16176 1920
0 16208 1920
144 16256 1344
96 16336 800
224 16240 400
352 16240 -160
512 16256 -704
592 16256 -1072
496 16256 -1136
496 16192 -1136
560 16224 -1168
560 16208 -912
544 16192 -256
448 16176 96
368 16192 16
384 16192 304
256 16224 464
464 16256 416
512 16208 592
336 16208 880
400 16272 752
304 16272 512
352 16224 512
304 16240 352
352 16208 160
304 16144 -112
448 16176 -384
496 16240 -688
496 16288 -512
448 16192 -624
464 16192 -512
448 16144 -512
352 16240 -352
464 16240 -400
528 16240 -16
400 16272 448
448 16272 528
400 16256 528
560 16208 720
704 16160 896
720 16208 688
640 16176 1008
576 16208 768
608 16224 704
608 16208 512
544 16208 176
512 16208 176
480 16240 -256
320 16176 -192
400 16224 -576
448 16192 -656
528 16240 -352
416 16208 -368
464 16176 -368
384 16112 -224
480 16112 0
400 16256 128
496 16176 384
304 16144 400
304 16144 560
448 16176 560
432 16192 832
336 16192 752
448 16144 752
432 16160 560
400 16176 544
400 16224 544
448 16240 304
352 16176 16
400 16160 -192
528 16208 -16
384 16224 80
272 16160 -176
304 16176 -400
304 16176 -528
336 16176 -400
432 16160 -400
512 16160 0
448 16176 32
448 16112 224
368 16176 736
336 16160 608
336 16144 496
512 16192 400
512 16208 400
512 16192 192
480 16192 192
432 16256 288
496 16256 288
496 16224 192
496 16192 128
464 16160 16
560 16144 -192
512 16176 -16
512 16304 -112
384 16208 -48
480 16208 -48
400 16256 112
448 16192 -16
448 16208 256
416 16224 384
368 16240 304
368 16176 336
400 16192 368
400 16192 384
336 16192 384
368 16288 480
384 16240 368
432 16304 192
352 16304 -16
176 16240 -16
400 16208 -240
368 16256 -128
464 16176 -128
448 16176 -224
448 16224 -224
368 16224 -128
272 16224 -512
368 16176 -464
496 16176 -272
448 16224 -272
592 16176 64
512 16192 -80
368 16256 144
432 16240 176
368 16272 336
368 16224 544
464 16272 336
464 16224 480
464 16224 352
192 16208 48
272 16208 160
208 16256 160
448 16160 64
432 16128 0
496 16144 -80
512 16208 -192
464 16224 -240
400 16208 -144
400 16224 -96
416 16224 -96
352 16224 -80
384 16224 -144
464 16192 80
384 16224 96
496 16240 224
448 16240 32
448 16208 112
448 16208 240
448 16176 64
448 16176 96
288 16208 96
288 16192 80
336 16224 224
272 16192 224
432 16208 64
416 16192 144
448 16240 48
400 16304 -80
480 16256 48
320 16144 64
320 16112 0
320 16224 176
464 16208 160
416 16192 192
272 16176 304
416 16256 240
416 16256 368
320 16304 368
416 16288 384
416 16224 320
384 16272 240
288 16224 -48
400 16240 176
384 16240 16
384 16256 -32
384 16256 -16
336 16176 -16
432 16112 -80
464 16160 -352
448 16192 -224
352 16240 -112
352 16208 64
512 16176 64
480 16224 -32
464 16144 96
464 16224 240
528 16224 192
624 16176 144
480 16208 144
464 16224 272
368 16256 -112
320 16320 240
320 16304 32
272 16272 -16
352 16240 -160
352 16240 -224
224 16224 -224
176 16224 -32
336 16192 -112
224 16208 128
272 16096 224
272 16112 368
448 16112 240
368 16128 240
336 16192 96
352 16208 400
352 16224 304
432 16192 416
496 16224 192
624 16176 272
528 16288 288
416 16256 368
384 16224 208
384 16176 -112
368 16176 -112
384 16176 -80
416 16208 96
448 16224 96
448 16192 -48
432 16224 32
288 16192 48
416 16240 80
272 16240 192
192 16256 -80
368 16240 0
368 16256 16
416 16256 112
336 16256 144
368 16304 64
432 16288 128
400 16272 48
384 16272 80
384 16256 64
384 16256 -64
432 16256 -64
528 16272 96
576 16160 96
528 16208 48
560 16240 0
560 16208 160
496 16304 32
496 16256 -144
480 16256 -16
560 16240 -16
464 16240 0
368 16192 0
336 16240 -96
208 16208 16
240 16176 32
304 16208 48
304 16256 0
416 16256 0
416 16272 -32
352 16304 -48
416 16256 48
464 16256 -16
432 16272 -64
432 16288 -192
416 16256 -48
528 16320 96
528 16224 160
432 16224 32
448 16240 96
368 16192 240
368 16160 0
416 16240 0
368 16144 128
368 16144 0
544 16240 0
448 16272 128
320 16240 128
288 16176 464
400 16176 352
464 16160 224
480 16144 448
464 16112 240
464 16160 0
416 16160 0
416 16128 176
272 16144 288
240 16160 176
256 16176 80
352 16160 176
432 16176 320
496 16192 144
496 16192 208
384 16144 144
432 16128 144
432 16176 -64
256 16144 112
512 16176 144
400 16272 256
448 16256 128
512 16272 160
512 16288 64
544 16288 32
528 16176 32
496 16192 112
400 16240 32
384 16240 128
304 16240 16
544 16224 -48
544 16224 112
432 16288 80
368 16256 -16
288 16256 48
352 16256 112
320 16256 112
192 16224 32
352 16160 80
320 16176 -128
368 16192 80
448 16256 64
448 16208 288
496 16240 256
608 16240 192
576 16288 192
608 16256 112
496 16240 208
432 16240 336
416 16208 336
384 16272 128
288 16176 32
352 16224 80
400 16208 -128
400 16144 -32
384 16144 128
416 16144 128
304 16240 160
368 16256 224
256 16208 128
416 16240 16
416 16240 -16
368 16240 176
416 16272 176
464 16192 0
432 16224 96
512 16176 16
384 16192 64
480 16208 48
480 16192 -160
416 16192 0
592 16144 0
576 16240 32
368 16240 160
512 16160 -96
512 16160 32
352 16176 32
208 16224 208
416 16160 16
432 16128 16
384 16144 304
304 16064 432
432 16064 192
432 16128 176
432 16128 64
688 16128 208
512 16192 208
464 16192 0
624 16240 16
512 16192 0
512 16240 192
576 16288 -96
576 16240 -16
368 16240 96
416 16256 144
496 16288 256
592 16288 256
656 16288 64
464 16176 -144
336 16144 80
432 16144 -32
448 16224 -32
448 16160 -32
544 16160 16
528 16192 16
544 16176 128
512 16224 272
384 16160 336
384 16240 160
624 16176 80
496 16192 0
448 16128 80
496 16256 80
480 16256 192
480 16192 224
384 16176 224
480 16176 128
400 16160 64
464 16160 64
480 16160 224
416 16288 96
400 16320 192
448 16224 192
448 16256 -32
512 16208 96
416 16272 -16
384 16208 -208
288 16224 -32
288 16208 32
336 16240 -96
336 16240 32
240 16224 32
368 16192 -144
560 16192 -96
528 16224 -48
496 16208 176
496 16176 96
288 16176 -64
416 16224 -64
448 16272 -336
432 16192 -128
304 16176 -16
480 16208 96
480 16208 160
480 16192 96
368 16192 -256
496 16208 -144
576 16176 -144
560 16192 -208
544 16112 -32
464 16208 -304
464 16256 -144
336 16256 -80
480 16192 -80
544 16160 -16
416 16208 -128
432 16208 16
496 16192 16
496 16160 16
496 16208 240
464 16208 240
544 16224 160
576 16160 112
544 16208 0
432 16224 32
432 16240 176
384 16240 176
368 16224 112
320 16208 -80
224 16224 112
240 16240 208
416 16304 352
416 16256 192
576 16256 64
512 16224 64
304 16208 208
464 16208 64
496 16192 256
496 16160 256
496 16192 80
352 16160 208
304 16160 208
320 16192 64
336 16176 192
384 16224 144
512 16112 144
432 16160 128
464 16176 304
464 16240 -48
320 16240 32
496 16208 128
336 16208 80
320 16304 -64
320 16224 16
576 16224 -96
736 16272 -96
368 16288 64
576 16112 128
416 16016 128
368 16096 128
368 16096 -176
608 16384 -176
752 16224 -32
464 16192 64
