startup(x,y,z):(464,16224,144)
624 16384 1056
304 16192 944
1184 16160 576
864 16224 672
1072 16192 384
1072 16176 -32
1024 16176 -720
768 16224 -1216
400 16144 -1216
784 16064 -1392
368 16160 -1360
80 16016 -1200
352 16128 -752
208 16192 -528
208 16256 -432
448 16240 -48
448 16224 432
352 16224 432
624 16240 880
704 16176 1264
592 16128 1696
464 16160 1888
368 16096 1792
336 16064 1568
320 16080 1120
320 16080 512
368 16192 512
464 16240 64
688 16192 -368
576 16192 -368
400 16208 -800
464 16256 -800
576 16192 -896
480 16176 -1424
496 16224 -1328
560 16256 -1184
480 16272 -1056
256 16320 -496
224 16336 -64
384 16288 -48
320 16256 80
400 16288 320
400 16288 528
688 16240 528
512 16224 448
448 16272 768
432 16272 880
448 16224 864
624 16160 640
448 16224 752
448 16176 624
480 16176 304
464 16208 304
528 16224 176
704 16224 -176
544 16256 -208
560 16208 -528
464 16272 -608
464 16224 -464
544 16224 -480
688 16208 -480
416 16256 -272
288 16160 -64
368 16160 -16
416 16144 384
432 16160 480
432 16096 496
432 16176 624
416 16176 624
496 16208 384
512 16208 384
624 16144 384
496 16144 272
336 16128 48
448 16240 96
512 16224 -48
512 16176 -224
512 16176 -144
400 16128 -144
320 16160 -112
352 16160 -384
368 16192 -288
368 16160 -352
272 16224 32
400 16288 176
288 16176 288
336 16192 592
336 16192 608
384 16192 608
304 16192 816
400 16208 752
528 16128 512
464 16160 560
432 16144 336
688 16144 160
512 16176 -32
512 16176 160
336 16144 -96
448 16160 -128
448 16176 -608
448 16256 -480
368 16160 -528
416 16192 -496
432 16256 -128
432 16160 -48
464 16160 112
464 16192 176
368 16176 432
464 16176 512
432 16160 512
320 16176 480
384 16192 416
384 16256 656
512 16304 528
512 16304 528
448 16304 304
512 16224 304
464 16208 64
480 16176 80
464 16208 112
448 16240 16
368 16192 16
416 16272 -32
448 16272 -48
352 16272 224
496 16272 224
512 16208 256
512 16208 304
576 16208 352
368 16208 352
256 16208 432
416 16224 480
512 16240 560
560 16240 512
512 16240 368
512 16192 96
464 16176 176
512 16160 64
480 16160 80
544 16192 80
448 16192 112
528 16272 -144
512 16272 -144
448 16240 -144
512 16192 -80
464 16208 -16
400 16192 16
464 16208 48
416 16192 192
400 16096 304
400 16096 592
592 16112 592
640 16144 656
464 16160 592
480 16192 304
464 16208 320
448 16208 256
416 16240 80
416 16240 64
400 16240 -144
304 16240 16
320 16256 16
480 16224 48
512 16192 80
432 16256 -16
448 16272 -128
512 16288 32
512 16288 208
464 16256 208
384 16080 320
448 16128 304
624 16176 240
528 16112 528
496 16144 352
496 16176 352
432 16224 144
448 16224 48
480 16176 48
576 16256 192
432 16304 -128
432 16208 -48
432 16224 32
304 16224 -64
224 16224 -64
352 16304 -192
352 16256 32
256 16320 -48
272 16288 -16
272 16176 48
368 16176 160
528 16112 160
544 16208 112
576 16192 80
672 16176 0
544 16208 32
544 16256 32
448 16256 192
416 16304 128
192 16288 128
384 16240 304
448 16208 432
416 16192 48
496 16192 96
432 16240 128
432 16240 304
384 16256 192
480 16224 192
448 16176 432
368 16224 -32
544 16128 0
544 16128 160
512 16160 160
496 16144 208
496 16224 320
528 16224 224
416 16224 224
480 16192 80
448 16192 -80
480 16208 -80
480 16160 -128
432 16096 -144
432 16112 16
512 16272 -96
464 16304 176
464 16304 48
304 16304 224
304 16272 0
368 16272 240
400 16288 272
608 16240 272
480 16256 80
320 16256 80
368 16144 0
368 16160 96
480 16128 400
480 16144 320
496 16160 240
528 16192 288
528 16176 208
480 16176 224
432 16240 352
464 16240 384
256 16288 384
368 16208 240
432 16224 368
496 16256 96
448 16272 64
448 16272 288
480 16128 288
464 16112 144
672 16192 144
480 16240 96
304 16208 96
304 16256 112
272 16256 384
304 16224 384
240 16224 352
288 16224 352
416 16192 192
432 16096 256
496 16080 112
496 16176 -304
496 16240 -16
432 16240 64
496 16192 64
528 16224 192
624 16144 192
640 16208 80
464 16272 96
464 16256 64
528 16256 -48
480 16336 -48
384 16240 256
496 16256 128
576 16240 144
576 16208 272
384 16176 112
480 16128 16
480 16144 160
448 16144 224
496 16128 224
432 16160 528
480 16192 288
416 16240 208
416 16224 80
432 16224 0
416 16208 128
544 16208 304
544 16208 304
496 16224 144
464 16176 -224
400 16144 -80
368 16128 80
480 16160 192
384 16240 112
288 16176 32
368 16160 -96
384 16208 -96
432 16176 112
320 16224 176
320 16176 400
368 16176 384
432 16240 128
384 16336 128
464 16288 0
352 16304 224
448 16304 48
448 16272 -32
400 16240 0
400 16240 320
368 16256 320
464 16224 160
560 16192 -32
480 16256 64
416 16272 16
416 16256 112
416 16256 -32
352 16192 -32
432 16160 -160
464 16128 -192
432 16160 -32
432 16256 192
496 16320 80
512 16336 160
512 16336 256
464 16240 336
480 16224 336
464 16208 336
496 16256 352
208 16208 288
400 16192 272
368 16256 288
368 16288 160
496 16272 160
512 16240 192
496 16192 48
496 16240 128
640 16224 112
544 16160 16
464 16160 48
464 16208 352
352 16208 336
416 16208 80
560 16160 304
512 16160 304
368 16224 208
416 16176 96
528 16224 96
464 16192 -96
480 16208 80
480 16224 -128
432 16224 -16
368 16240 -16
352 16224 48
432 16176 144
448 16224 128
336 16272 128
432 16320 128
288 16272 240
384 16208 96
384 16208 208
496 16208 144
576 16208 144
416 16224 176
416 16176 480
528 16144 352
448 16224 400
496 16176 320
448 16144 272
448 16144 336
560 16144 192
400 16144 192
400 16224 64
448 16224 64
400 16304 -336
368 16160 -48
432 16240 0
432 16176 176
368 16176 64
352 16256 -144
384 16288 -160
384 16288 -160
352 16368 128
480 16352 320
592 16256 336
592 16192 464
592 16160 432
480 16160 288
496 16160 304
240 16256 304
416 16272 96
432 16224 192
544 16192 -128
464 16272 -240
464 16304 32
416 16304 32
656 16192 160
608 16112 16
496 16176 16
432 16256 48
432 16112 336
528 16160 352
528 16192 256
352 16208 288
432 16208 400
480 16288 400
400 16288 528
480 16288 160
608 16224 112
432 16240 256
560 16240 96
528 16256 96
448 16224 112
480 16144 -48
448 16144 -32
656 16144 -16
416 16208 80
416 16240 -112
400 16240 -112
464 16256 -16
384 16240 32
352 16208 -96
384 16272 -32
512 16272 -208
512 16288 -256
560 16288 -16
368 16288 -16
368 16224 192
480 16304 352
336 16272 208
336 16288 144
352 16288 400
240 16208 400
368 16224 176
464 16224 448
464 16224 224
480 16208 64
512 16224 192
512 16192 192
448 16192 288
400 16240 288
512 16256 176
496 16192 -112
480 16160 64
480 16160 112
384 16192 176
384 16192 112
384 16128 160
352 16224 240
448 16208 240
432 16208 256
368 16240 192
368 16208 16
368 16224 -64
416 16224 160
384 16224 160
384 16192 528
416 16224 192
320 16240 368
256 16176 320
208 16144 272
208 16176 272
352 16176 272
448 16192 160
432 16208 80
352 16176 240
592 16208 96
592 16240 160
496 16240 64
592 16160 64
576 16144 64
512 16176 112
480 16160 96
400 16112 144
368 16192 16
368 16192 128
368 16160 128
416 16112 544
336 16256 336
432 16160 224
400 16176 -16
608 16176 -32
608 16160 208
416 16160 192
352 16208 192
384 16320 240
336 16240 144
288 16224 352
368 16128 240
368 16112 240
352 16112 192
272 16160 192
304 16176 304
336 16224 208
272 16192 384
272 16272 112
272 16272 224
256 16272 32
464 16160 32
384 16288 128
480 16304 -16
480 16304 160
480 16208 96
480 16208 96
624 16272 -64
448 16240 -64
304 16240 -48
224 16224 32
304 16336 304
400 16240 304
400 16208 64
672 16208 48
