startup(x,y,z):(464,16224,144)
2432 16272 -2384
-32 16336 1008
608 16256 784
608 16016 880
720 16016 736
288 16224 736
80 16176 832
496 16320 32
1312 16208 -128
272 16400 336
288 16496 624
480 16336 608
96 16384 288
384 16384 -464
496 16224 -1136
448 16240 -800
480 16304 -496
464 16256 -768
528 16208 -112
544 16304 320
288 16288 640
432 16272 768
448 16288 736
592 16304 416
688 16256 480
496 16256 432
288 16288 512
144 16288 576
272 16192 256
272 16192 112
496 16192 112
432 16208 -544
464 16160 -368
512 16224 -336
480 16208 -48
352 16272 304
304 16128 336
432 16192 432
544 16288 624
576 16240 528
400 16224 320
448 16192 272
448 16160 240
512 16160 64
496 16224 -272
384 16304 -352
464 16256 -352
416 16272 -544
480 16224 -256
288 16224 144
368 16256 272
384 16224 400
368 16256 384
496 16192 224
384 16144 224
400 16240 304
496 16272 336
496 16144 64
592 16096 16
544 16192 64
368 16224 -64
336 16240 -80
400 16208 -144
400 16224 96
416 16160 400
288 16224 464
432 16208 544
448 16256 400
416 16256 304
432 16224 320
336 16128 256
368 16128 192
448 16240 0
448 16240 -96
576 16208 -80
688 16240 -96
448 16208 -304
464 16240 16
480 16240 -16
368 16288 16
400 16288 112
400 16304 64
416 16192 320
512 16192 352
512 16176 -16
512 16176 256
512 16192 256
464 16176 144
560 16144 128
448 16224 128
464 16240 32
480 16272 32
432 16336 32
432 16320 -272
464 16320 -272
208 16176 32
352 16320 16
288 16208 176
416 16208 256
512 16288 128
448 16240 32
336 16272 -64
336 16192 208
336 16208 336
336 16208 336
480 16112 208
480 16144 0
480 16096 0
448 16160 144
400 16256 192
400 16224 336
448 16224 48
480 16192 64
480 16240 160
432 16224 0
432 16224 0
400 16192 0
416 16208 288
400 16272 208
432 16224 272
400 16208 256
416 16208 96
384 16160 112
384 16160 160
384 16112 144
416 16112 240
432 16112 240
608 16128 128
496 16176 80
352 16208 32
368 16208 32
416 16240 48
416 16192 64
448 16160 -80
256 16144 224
304 16176 384
288 16128 384
336 16176 304
352 16240 368
336 16240 -32
400 16176 -32
464 16224 48
464 16304 -64
512 16240 -64
384 16208 -96
416 16208 96
416 16208 96
464 16208 112
256 16176 224
496 16208 224
544 16208 32
608 16192 80
592 16192 224
512 16160 128
384 16160 48
384 16208 256
416 16224 192
448 16144 96
512 16176 -48
304 16224 112
304 16304 128
352 16304 112
304 16128 112
432 16176 352
368 16240 272
416 16224 160
352 16256 320
464 16256 224
464 16192 112
496 16192 112
416 16192 208
448 16160 0
400 16128 -80
464 16208 -64
432 16320 96
384 16320 160
224 16288 112
336 16192 128
336 16224 288
176 16224 288
144 16208 160
320 16304 272
512 16256 192
512 16224 48
576 16160 -80
464 16112 -32
464 16176 128
464 16224 224
464 16176 256
496 16192 176
416 16144 80
400 16144 80
288 16192 96
352 16192 -96
384 16176 -48
528 16128 160
432 16176 160
480 16256 -112
352 16272 -112
352 16128 48
400 16208 96
400 16208 144
464 16272 96
512 16288 96
272 16208 96
320 16224 80
400 16240 224
448 16224 128
416 16176 192
480 16160 240
544 16224 240
608 16272 160
544 16272 176
496 16272 -48
448 16144 32
448 16224 -16
480 16240 16
480 16144 192
384 16144 192
496 16304 192
464 16272 -32
624 16192 -32
480 16192 64
544 16144 -16
432 16240 384
432 16288 256
496 16288 224
512 16208 224
576 16192 -64
480 16208 -48
352 16224 -144
400 16192 32
368 16192 -48
464 16224 -48
544 16240 -256
400 16208 32
512 16192 16
496 16192 288
480 16160 -160
480 16160 -128
304 16128 0
480 16144 32
592 16272 -96
432 16224 -96
496 16256 96
592 16208 80
592 16304 112
480 16352 160
544 16352 112
608 16208 112
544 16160 0
432 16240 -48
480 16224 16
384 16240 16
240 16208 160
288 16272 64
544 16288 80
544 16256 80
448 16256 288
336 16240 288
400 16208 240
528 16208 432
656 16256 192
544 16256 208
448 16336 240
320 16320 336
320 16272 432
496 16272 432
432 16256 432
464 16160 304
448 16192 96
368 16208 48
448 16176 128
448 16240 96
448 16208 96
464 16224 144
464 16240 48
512 16240 48
464 16240 0
400 16336 80
464 16224 96
416 16192 -32
416 16192 -224
464 16192 -32
512 16144 -32
496 16144 -32
512 16208 -48
384 16224 -48
432 16144 64
544 16080 48
304 16160 48
384 16160 16
384 16160 -160
288 16176 -64
544 16144 -64
448 16208 -80
416 16272 0
432 16288 112
448 16192 176
416 16160 32
416 16192 -96
480 16256 -160
480 16256 96
288 16272 96
400 16128 144
384 16176 144
464 16224 192
368 16272 416
432 16192 272
384 16128 304
400 16160 -80
448 16192 -64
448 16192 -96
432 16272 -96
432 16272 128
224 16224 128
352 16208 -144
304 16224 -112
304 16224 176
352 16224 0
400 16224 -96
400 16224 32
512 16224 80
304 16288 80
352 16304 288
528 16288 144
464 16208 64
544 16256 96
400 16240 64
400 16192 -32
448 16192 -32
416 16224 64
416 16256 128
432 16256 32
464 16240 32
528 16320 256
352 16272 288
256 16240 416
384 16288 288
384 16288 336
416 16288 0
496 16256 0
496 16192 208
544 16176 112
512 16288 176
384 16256 128
384 16240 -16
432 16240 352
384 16272 352
432 16256 224
416 16256 112
352 16240 64
368 16208 320
400 16208 352
512 16224 272
464 16160 240
464 16144 96
416 16144 288
416 16144 80
368 16160 -32
480 16144 -80
512 16224 -80
496 16192 224
448 16176 160
480 16256 256
480 16208 208
592 16128 48
384 16192 -64
512 16192 -144
512 16224 32
544 16256 -112
528 16192 48
256 16192 48
288 16288 -96
288 16240 -112
272 16208 -112
288 16192 80
288 16208 -112
400 16256 -96
384 16240 0
384 16256 48
352 16192 112
240 16192 288
368 16304 288
336 16256 192
368 16256 352
400 16224 64
352 16240 64
368 16320 -64
480 16304 0
384 16256 160
352 16224 320
304 16176 256
304 16144 208
448 16272 240
448 16272 240
272 16192 64
336 16192 272
352 16240 272
400 16256 496
384 16272 432
464 16112 128
288 16144 64
400 16240 64
480 16176 192
464 16144 32
480 16144 160
544 16160 160
480 16224 96
528 16144 160
528 16144 240
544 16144 176
528 16208 176
592 16304 80
480 16256 -16
496 16224 128
464 16160 224
480 16160 112
400 16144 112
480 16256 128
448 16304 128
448 16304 48
368 16256 48
304 16256 32
336 16336 192
480 16192 336
448 16192 128
464 16192 160
464 16192 160
384 16192 64
368 16192 64
368 16208 128
368 16160 304
480 16160 80
512 16176 80
576 16224 -32
448 16304 112
416 16288 192
464 16288 112
464 16288 288
496 16256 256
480 16176 176
592 16176 336
656 16224 336
800 16192 80
448 16128 224
448 16176 336
448 16192 192
528 16192 256
432 16192 256
512 16160 384
544 16176 224
512 16128 336
496 16128 256
464 16192 240
432 16240 0
464 16192 224
464 16288 80
416 16288 160
336 16224 64
400 16224 64
416 16240 48
384 16240 -32
448 16224 128
448 16160 80
496 16192 80
592 16176 -48
496 16128 144
416 16128 -64
480 16176 -64
512 16256 80
464 16192 128
304 16240 224
256 16288 208
384 16224 176
352 16272 48
384 16304 -144
320 16352 -128
384 16288 -112
384 16288 96
528 16144 112
464 16256 112
592 16224 112
480 16208 128
400 16272 -32
448 16240 -64
256 16256 16
256 16176 208
336 16272 272
336 16368 256
368 16288 32
496 16288 240
576 16160 240
528 16224 64
576 16208 -80
496 16144 16
432 16208 -32
400 16176 -160
304 16208 48
480 16176 32
480 16192 16
352 16192 112
448 16272 112
368 16272 112
432 16304 -176
544 16288 240
400 16336 336
560 16176 368
512 16192 176
416 16208 176
400 16208 464
432 16288 464
