startup(x,y,z):(64,16112,144)
-7824 13616 7216
-17136 19280 992
-17136 19792 2864
2400 19792 2528
-2992 18416 2528
-288 17600 -3104
2128 17408 2272
-272 16656 2864
752 16544 1440
2944 16448 320
2944 16448 3184
3360 16320 3184
2240 16400 448
2528 15712 896
1552 15728 1216
944 15760 -576
944 15920 1280
464 16096 192
464 15984 1184
752 15984 1184
-64 16000 64
240 16080 416
368 16272 288
720 16160 -896
496 16144 -672
496 16240 -320
-32 16240 -320
80 16240 496
-32 16128 176
-32 16240 16
-96 16224 800
192 16032 -240
192 16224 -720
352 16224 544
1552 16848 544
2656 16208 -912
1296 15776 -2624
448 16400 -1632
736 16192 -1248
736 16192 -144
544 15968 -192
784 15968 800
128 16144 800
-176 16112 400
-352 16176 -304
0 16368 -96
0 16368 -112
-80 16064 -112
-304 16064 544
80 15952 1040
64 16000 944
-128 16144 144
32 16192 368
-16 16176 16
-16 16080 320
288 16080 320
288 16064 448
176 16096 176
336 16160 288
336 16128 240
112 16128 336
0 16192 336
32 16128 64
112 16176 -64
128 16144 -96
16 16112 -304
48 16160 336
240 16176 416
272 16208 304
272 16208 464
320 16160 464
112 16160 272
128 16128 0
112 16128 528
80 16112 352
80 16192 160
224 16224 384
224 16192 -320
160 16192 -320
96 16176 -352
112 16224 288
144 16208 320
208 16240 272
208 16304 64
272 16304 64
336 16208 64
208 16256 -336
224 16128 -192
256 16128 16
144 16128 288
304 16144 208
304 16144 240
224 16144 240
192 16160 496
240 16176 416
192 16192 400
144 16160 144
304 16160 -96
48 16176 176
160 16144 384
160 16160 304
144 16160 464
208 16208 464
256 16224 272
256 16256 -80
176 16128 112
176 16128 208
208 16128 608
32 16128 352
96 16144 112
240 16240 192
208 16160 336
208 16112 288
208 16160 96
224 16160 -32
224 16160 -32
176 16048 80
80 16032 352
112 16080 256
16 16160 -16
16 16160 -112
112 16144 288
80 16128 288
112 16160 208
144 16080 400
240 16160 384
240 16160 432
240 16096 432
192 16112 432
80 16096 592
112 16032 400
96 16096 352
96 16096 160
80 16128 160
80 16112 160
240 16160 144
160 16160 -320
256 16128 -48
256 16128 144
208 16128 144
176 16176 -16
176 16272 -240
192 16272 -160
224 16224 -96
224 16192 -160
416 16144 208
304 16144 240
320 16160 240
240 16144 240
64 16224 336
16 16208 320
16 16256 240
96 16256 176
128 16272 176
96 16192 128
32 16160 256
48 16208 128
48 16144 208
48 16160 64
192 16160 64
256 16176 96
224 16080 144
336 16080 192
256 16112 192
256 16112 80
192 16096 240
64 16048 240
96 16096 464
176 16128 96
128 16176 320
96 16160 240
96 16160 320
80 16144 320
128 16160 256
272 16064 256
224 16112 160
224 16368 352
208 16208 352
-16 16224 320
64 16208 240
0 16240 -144
160 16176 -16
160 16160 256
144 16160 176
160 16160 176
16 16160 272
96 16176 336
208 16208 192
208 16208 336
288 16160 336
224 16080 256
128 16064 336
192 16080 240
128 16144 512
128 16208 448
128 16208 192
64 16128 144
-48 16112 368
48 16144 352
-96 16224 256
-96 16224 -64
0 16208 -64
144 16208 64
0 16304 176
240 16224 64
256 16208 80
256 16208 -48
128 16144 -48
144 16064 192
32 16128 272
208 16176 48
240 16176 112
240 16176 96
288 16192 96
192 16144 128
144 16160 144
128 16160 160
256 16208 128
256 16176 144
288 16176 -112
144 16160 -48
176 16064 128
240 16128 0
224 16192 112
224 16192 48
192 16192 48
-16 16176 208
48 16160 64
144 16160 64
64 16160 288
128 16208 288
80 16208 0
160 16144 192
48 16240 272
80 16224 272
80 16224 96
144 16128 96
96 16192 64
96 16176 160
96 16192 144
160 16192 176
160 16192 448
-48 16160 448
96 16080 336
304 16032 112
304 16048 0
304 16096 0
256 16096 0
272 16144 256
192 16160 176
208 16192 160
224 16208 416
224 16128 368
256 16128 368
64 16096 288
176 16144 80
160 16064 272
208 16128 336
208 16160 304
320 16160 304
272 16224 368
192 16144 304
128 16160 416
128 16160 336
128 16160 224
128 16160 32
96 16096 32
128 16032 96
160 16048 -64
16 16128 128
16 16096 224
112 16096 224
112 16128 208
160 16096 160
144 16096 224
64 16128 176
64 16128 304
96 16144 304
-128 16112 368
80 16144 400
112 16208 208
144 16208 96
144 16208 -32
176 16208 -32
176 16192 -48
144 16160 48
128 16192 160
128 16144 240
96 16144 208
80 16096 208
-128 16144 240
48 16208 160
224 16160 -256
144 16096 -80
144 16096 -32
64 16176 -32
192 16176 160
224 16160 -48
48 16144 352
48 16160 288
128 16160 224
144 16224 224
112 16192 304
64 16176 528
32 16208 608
32 16208 272
80 16208 304
96 16208 304
192 16240 160
320 16176 96
160 16176 128
160 16192 352
144 16192 256
96 16144 256
-48 16144 384
80 16192 208
192 16128 240
192 16128 240
112 16128 240
112 16160 -16
64 16144 384
80 16128 576
80 16128 384
64 16128 272
80 16128 272
128 16160 352
192 16064 352
0 16112 256
112 16160 32
112 16160 208
144 16144 208
160 16192 544
144 16112 80
192 16064 112
192 16064 112
-32 16064 112
64 16160 176
112 16112 352
32 16080 384
112 16112 288
80 16096 368
256 16080 480
256 16128 416
144 16128 416
208 16160 336
96 16144 336
144 16176 240
144 16128 256
208 16128 368
256 16144 368
176 16128 208
256 16080 160
320 16144 128
320 16144 16
304 16160 16
352 16080 48
336 16112 80
96 16112 144
144 16112 208
144 16160 32
112 16160 32
96 16256 64
96 16128 336
208 16032 208
-16 16096 192
-16 16144 288
96 16144 288
240 16176 240
192 16240 64
192 16208 0
192 16224 160
112 16224 192
128 16160 192
208 16096 368
240 16112 240
208 16304 320
208 16224 304
144 16224 320
32 16176 320
96 16240 224
16 16224 320
112 16176 96
112 16176 128
128 16176 128
-32 16224 240
-16 16208 608
48 16224 160
96 16208 192
96 16208 0
160 16224 0
176 16208 128
176 16112 96
176 16096 160
176 16080 192
160 16080 192
16 16112 224
32 16112 160
192 16176 -16
240 16160 -208
240 16144 64
320 16144 208
208 16224 208
224 16192 128
224 16144 0
160 16048 224
160 16080 112
272 16080 112
208 16224 288
240 16176 432
112 16160 176
160 16096 240
160 16096 368
192 16112 240
240 16144 240
208 16192 288
192 16208 32
240 16144 0
240 16144 160
128 16224 160
128 16192 336
288 16240 176
496 16160 64
288 16176 224
288 16176 240
320 16064 240
80 16096 240
128 16176 272
208 16176 256
208 16192 224
96 16192 320
240 16144 320
272 16208 224
224 16256 128
160 16208 256
160 16160 336
0 16160 336
80 16208 32
16 16224 288
-128 16192 320
16 16192 160
16 16192 224
-32 16224 224
160 16176 192
272 16208 32
208 16224 112
224 16208 144
224 16208 208
240 16240 208
176 16304 144
144 16288 304
48 16176 240
112 16272 304
112 16272 -64
144 16160 -64
240 16144 -64
112 16176 48
-16 16208 192
-16 16192 192
-16 16192 208
128 16144 208
224 16128 240
288 16128 464
176 16192 176
176 16192 352
256 16192 128
288 16224 128
224 16128 112
192 16096 48
176 16096 192
176 16096 192
80 16096 192
-128 16144 256
-64 16160 352
96 16160 160
96 16160 352
176 16112 352
144 16144 416
208 16080 192
144 16176 224
144 16176 272
96 16240 272
240 16208 192
208 16208 -16
192 16176 -48
224 16160 -48
224 16144 -96
144 16144 -96
160 16096 320
176 16176 176
16 16208 400
80 16192 224
80 16192 528
64 16160 528
16 16192 480
-112 16240 304
48 16224 192
48 16176 96
64 16176 128
48 16192 128
32 16288 208
208 16144 240
272 16112 176
272 16112 224
224 16112 224
208 16128 208
192 16176 128
16 16208 336
0 16176 240
0 16176 224
80 16144 224
112 16224 544
0 16160 432
