startup(x,y,z):(496,16224,192)
-1600 16640 4288
-1312 16640 4160
-1312 16512 3488
-1136 16432 3392
-1136 16496 3584
-416 16496 1056
1104 16304 1056
2576 16080 -384
3344 16256 -1376
3792 15856 -2112
3840 15920 -3648
3840 15888 -4528
3024 15888 -5248
2016 16048 -5248
1152 16016 -5584
720 16096 -5760
416 16256 -5184
-256 16336 -5184
-1232 16320 -4032
-1072 16288 -3056
-224 16272 -2224
-224 16304 -1552
352 16304 -1552
400 16416 -784
752 16400 192
992 16304 192
736 16256 576
672 16096 1344
560 16160 2080
1072 16208 2816
224 16240 3088
-64 16288 2448
-80 16272 2480
-368 16304 2128
-416 16224 1952
-352 16256 1680
-272 16304 1152
576 16224 416
720 16256 -272
352 16256 -416
384 16176 -512
480 16240 -352
384 16176 -48
496 16240 -192
688 16160 -272
496 16128 -256
496 16176 -144
352 16176 -32
288 16176 -336
528 16144 -128
512 16144 -128
432 16144 -32
272 16160 256
208 16192 560
512 16160 768
496 16160 736
464 16288 800
464 16240 848
400 16224 656
464 16240 352
480 16176 352
592 16176 16
448 16208 -80
448 16160 -192
448 16208 -208
240 16144 -240
320 16160 -320
320 16176 -128
512 16224 48
512 16224 64
512 16224 368
512 16224 464
528 16208 640
544 16176 288
528 16176 288
416 16176 -64
448 16160 -144
400 16240 -160
400 16240 -240
512 16240 -256
640 16272 -320
608 16256 -176
608 16208 -48
608 16288 0
416 16304 -32
416 16304 208
416 16256 192
400 16192 0
512 16240 0
464 16240 320
336 16224 384
464 16112 640
576 16192 400
544 16160 464
576 16208 528
512 16192 304
432 16176 -304
448 16176 -48
368 16192 -48
432 16192 -80
432 16160 -144
496 16208 -32
384 16288 -128
480 16256 -96
368 16224 -112
416 16208 96
432 16240 -16
432 16240 0
432 16224 0
272 16240 160
448 16240 192
400 16176 304
336 16192 480
432 16224 208
432 16208 -16
320 16208 32
336 16208 16
384 16208 112
256 16208 256
240 16256 -64
320 16240 -160
288 16176 80
368 16288 48
368 16256 96
416 16256 -176
320 16224 -176
400 16128 96
368 16128 128
496 16192 160
384 16208 64
416 16144 272
416 16176 352
416 16176 288
400 16240 240
448 16160 80
336 16176 -16
480 16160 -16
368 16224 240
432 16112 0
368 16192 160
368 16176 144
368 16208 80
448 16208 80
464 16240 16
448 16176 -48
448 16208 -192
496 16112 -176
448 16144 -48
512 16112 -192
512 16224 80
400 16224 192
352 16192 192
240 16224 288
272 16224 240
400 16096 416
384 16128 -16
384 16144 192
416 16144 400
496 16176 400
496 16240 336
448 16208 336
480 16208 240
368 16208 272
384 16272 192
384 16240 32
352 16240 32
336 16224 32
416 16240 -48
352 16304 0
416 16272 192
400 16192 192
464 16240 320
496 16240 96
432 16208 0
432 16208 240
400 16192 240
528 16224 304
384 16208 208
432 16144 320
416 16192 272
528 16176 208
496 16224 80
560 16176 112
560 16176 16
496 16224 16
368 16224 128
384 16160 144
384 16176 336
384 16176 336
480 16208 336
320 16144 288
208 16144 -16
384 16144 176
352 16272 96
320 16240 48
416 16224 -160
432 16208 -16
432 16256 240
416 16256 368
320 16256 352
272 16224 352
528 16256 192
448 16224 496
496 16160 304
368 16192 352
416 16224 0
368 16256 -80
368 16272 -128
304 16256 -32
400 16256 -32
592 16144 -176
512 16208 -176
416 16240 -80
480 16272 112
496 16256 176
336 16240 64
336 16224 0
192 16224 32
480 16256 32
544 16288 432
560 16272 432
544 16224 384
480 16208 176
272 16224 128
336 16160 64
336 16176 192
304 16160 128
240 16064 48
400 16064 112
464 16128 112
528 16144 208
544 16176 128
528 16176 -16
384 16224 -48
384 16160 -80
448 16176 -96
448 16176 -96
272 16160 144
336 16208 64
480 16208 176
480 16192 416
496 16272 176
448 16304 192
448 16304 -32
592 16288 224
480 16240 224
544 16208 256
480 16240 256
384 16224 32
352 16240 -368
384 16288 -272
432 16224 -80
432 16128 -48
512 16128 -48
432 16080 208
416 16128 -160
448 16128 -176
448 16160 -32
464 16128 -48
480 16160 48
480 16160 -112
560 16240 -112
384 16224 128
272 16256 144
368 16240 0
416 16208 -32
416 16240 192
400 16240 192
688 16272 -32
496 16176 80
400 16224 -32
448 16272 -208
560 16192 0
560 16176 240
560 16176 320
544 16208 320
656 16176 112
368 16192 112
336 16128 176
336 16128 80
336 16128 224
352 16176 224
384 16240 -224
368 16256 -144
400 16208 -144
240 16272 112
336 16240 320
256 16224 224
256 16192 96
448 16192 160
336 16208 160
416 16192 304
288 16208 96
416 16240 320
432 16192 160
432 16176 -48
416 16240 80
576 16192 80
512 16208 16
432 16240 64
416 16224 176
400 16208 288
400 16192 288
432 16192 128
496 16128 128
480 16144 16
576 16192 -16
512 16208 -80
352 16192 192
432 16208 16
432 16208 -192
496 16256 -192
480 16240 32
464 16240 -192
432 16192 -16
432 16192 -272
448 16128 48
432 16160 64
432 16160 160
464 16224 160
464 16192 96
384 16256 112
448 16192 336
272 16288 336
400 16304 352
400 16272 192
368 16272 368
480 16336 368
432 16192 224
512 16144 272
400 16144 272
336 16192 272
400 16224 256
432 16176 256
416 16192 192
272 16176 272
400 16160 256
384 16192 192
384 16224 208
368 16224 112
528 16272 112
496 16272 320
288 16288 320
384 16288 272
448 16192 32
448 16096 80
432 16144 16
400 16176 32
400 16240 208
304 16240 64
352 16256 160
464 16256 352
528 16192 352
496 16176 336
432 16208 240
464 16304 240
544 16240 144
480 16208 224
400 16256 32
400 16192 -144
432 16192 -144
544 16128 -144
448 16160 -208
416 16160 0
416 16208 -32
496 16176 128
656 16160 16
560 16208 64
528 16224 128
528 16160 160
496 16112 160
496 16112 336
464 16208 224
336 16176 224
432 16128 80
464 16160 48
416 16176 16
400 16176 208
400 16144 192
304 16192 144
496 16192 144
576 16176 -48
448 16176 -16
512 16240 -112
496 16160 32
496 16208 112
464 16208 -64
368 16224 -64
432 16192 -32
432 16256 -192
448 16128 80
464 16128 -144
512 16128 -16
512 16128 16
560 16112 16
640 16144 224
576 16192 304
416 16096 144
224 16128 192
240 16224 32
240 16240 192
464 16144 -32
432 16144 -96
528 16160 -96
576 16176 -96
464 16160 16
400 16144 144
400 16176 160
400 16176 240
480 16256 208
448 16224 304
496 16144 240
480 16192 352
400 16192 352
432 16272 -160
448 16256 -272
384 16208 48
432 16144 112
368 16224 -112
384 16176 -16
304 16224 48
336 16192 160
336 16224 128
320 16240 96
320 16160 224
288 16160 224
352 16192 -96
272 16192 -96
432 16224 160
576 16240 -80
496 16176 112
496 16128 -32
416 16128 128
448 16160 128
400 16144 32
368 16176 -16
432 16176 -112
432 16272 -176
432 16272 -16
512 16272 -16
432 16208 400
352 16224 256
208 16208 208
352 16160 176
384 16176 176
384 16224 -48
528 16208 48
544 16208 48
496 16176 16
512 16160 208
320 16176 272
304 16144 240
368 16112 192
432 16256 144
432 16224 160
416 16256 144
416 16256 -80
384 16240 -160
288 16240 -160
416 16288 -208
528 16256 -208
592 16160 32
448 16176 -96
384 16160 160
384 16224 224
432 16224 224
464 16240 368
336 16272 208
368 16192 384
320 16192 384
240 16224 -80
352 16240 112
400 16144 -16
400 16112 288
384 16160 192
80 16160 160
224 16176 48
224 16192 0
208 16192 0
272 16144 0
352 16240 -336
432 16224 -32
288 16160 160
256 16160 -128
256 16160 -128
368 16192 -64
304 16224 64
384 16224 144
448 16208 144
608 16272 208
576 16240 208
576 16320 384
576 16224 240
592 16208 448
512 16144 288
480 16192 272
400 16208 96
576 16288 144
448 16256 32
464 16272 144
464 16240 -80
416 16192 48
384 16240 272
384 16240 80
544 16224 80
496 16224 304
400 16224 368
400 16192 208
352 16240 272
400 16272 304
400 16272 160
384 16192 160
