startup(x,y,z):(464,16224,144)
10112 16528 -9104
19824 19568 -20864
-3200 -2304 17792
-18656 9632 -608
19424 11872 -6816
11120 13600 -2096
11504 15024 -1360
3456 17376 6112
3392 17088 -64
2256 17488 528
976 16272 -1552
-3184 16832 -3872
-4208 16864 -5088
-2992 16512 -5088
-2832 16640 -4848
-3360 16752 -4432
-3200 16688 -2960
-1600 16272 -3296
272 16336 -2768
1232 16496 -3408
2400 16096 -3040
3760 16368 -3280
3760 16368 -2832
3440 16816 -2832
2384 16496 -1264
1488 15984 2272
-688 16192 2816
-512 15952 4016
-240 15872 3056
256 15840 2384
608 15984 1536
608 15984 464
704 16128 464
720 16224 112
1152 16256 -224
1312 16192 288
192 16112 1088
-16 15952 1440
-16 16128 80
112 16128 -112
48 16048 -112
-16 16208 -784
768 16288 -1536
816 16240 -1472
928 16304 -1136
928 16336 -928
624 16336 -928
256 16288 -384
48 16208 -112
112 16192 384
176 16176 96
560 16208 -144
560 16208 -320
928 16320 -320
352 16432 -464
432 16368 -48
704 16224 -16
592 16208 352
592 16224 208
112 16224 224
208 16240 224
208 16224 64
144 16224 544
256 16272 544
592 16208 672
592 16192 816
736 16192 816
848 16160 720
560 16176 464
464 16192 336
320 16240 -96
432 16240 -256
240 16256 -160
240 16256 80
272 16336 0
288 16304 0
368 16208 -64
480 16160 112
464 16240 96
464 16240 32
784 16208 32
640 16272 160
592 16208 336
512 16208 32
592 16272 16
576 16272 -32
576 16304 -304
432 16304 -128
448 16240 -128
464 16128 -48
496 16160 -352
512 16176 -272
528 16224 -128
560 16256 -144
496 16096 176
496 16112 224
528 16144 160
528 16144 352
496 16144 352
320 16176 544
304 16240 656
336 16208 512
352 16192 496
464 16176 128
544 16144 -112
512 16144 -16
480 16144 -80
304 16208 -48
304 16224 -48
144 16224 -48
352 16160 -64
400 16112 32
448 16224 32
368 16240 -112
400 16336 -208
336 16240 160
336 16256 288
336 16256 384
336 16192 304
480 16240 384
464 16144 288
720 16208 240
528 16240 400
416 16208 96
464 16160 144
400 16144 240
352 16224 64
352 16256 256
432 16256 112
352 16240 304
240 16272 304
256 16208 96
304 16240 -48
464 16224 160
544 16176 304
544 16224 -208
592 16240 -16
592 16240 16
368 16192 96
368 16192 80
416 16240 0
336 16352 112
288 16288 240
480 16208 208
400 16224 272
400 16208 48
416 16208 144
432 16208 96
512 16192 96
352 16240 352
464 16288 96
416 16224 80
432 16224 176
432 16144 320
432 16144 320
480 16128 272
432 16176 208
464 16160 80
352 16128 224
400 16160 176
592 16192 16
592 16208 80
400 16304 0
400 16304 0
416 16304 -256
336 16320 -160
464 16256 16
576 16224 352
576 16192 208
512 16144 160
512 16144 96
512 16224 96
608 16224 128
672 16176 128
608 16208 112
528 16208 240
384 16320 272
400 16256 304
400 16272 256
480 16272 -48
400 16256 -48
256 16224 -16
304 16208 128
480 16224 -176
512 16224 -112
464 16240 -16
512 16224 -144
512 16320 96
544 16320 96
336 16272 128
256 16288 64
144 16304 256
352 16272 192
352 16256 192
416 16224 160
416 16192 384
384 16192 352
352 16192 352
384 16144 336
464 16144 96
304 16176 0
432 16208 -288
384 16176 32
416 16224 48
416 16208 176
432 16208 64
448 16176 0
448 16096 96
496 16096 304
480 16176 304
416 16080 240
432 16144 384
560 16160 160
560 16288 192
416 16288 192
512 16208 -16
272 16288 128
368 16208 176
432 16192 96
320 16160 32
400 16144 64
400 16144 -80
528 16288 0
528 16288 48
400 16288 48
272 16288 64
448 16240 112
448 16224 16
432 16208 -48
352 16272 0
288 16272 224
400 16208 224
512 16240 160
448 16192 320
352 16144 96
352 16144 32
240 16224 160
304 16224 160
496 16240 176
416 16240 96
432 16256 16
448 16272 208
336 16256 416
336 16224 192
336 16208 112
336 16256 -128
368 16256 32
368 16208 32
592 16176 304
496 16176 32
416 16240 128
448 16272 64
448 16240 96
448 16240 240
400 16240 352
512 16208 352
448 16272 352
432 16368 416
416 16352 400
432 16224 304
432 16224 160
512 16224 272
528 16240 176
576 16240 336
400 16256 304
384 16224 304
464 16272 -112
496 16240 -176
416 16240 272
352 16336 32
352 16336 48
336 16320 128
368 16384 128
352 16352 80
336 16352 128
352 16304 176
368 16240 384
368 16256 -16
400 16256 -16
400 16112 256
400 16176 0
384 16080 128
336 16224 -16
384 16208 32
336 16208 128
336 16176 16
368 16176 16
352 16208 192
448 16128 160
384 16240 144
368 16272 128
416 16160 112
416 16160 304
384 16144 304
240 16208 304
256 16240 32
368 16192 112
384 16176 176
384 16256 128
384 16240 -80
464 16240 64
544 16224 64
480 16208 48
560 16224 96
576 16240 -112
512 16272 80
416 16224 48
416 16272 32
384 16272 32
304 16320 144
288 16336 128
368 16304 -80
368 16256 80
368 16112 96
416 16112 240
416 16160 240
496 16208 336
512 16224 48
448 16192 -16
400 16240 -144
400 16224 -32
400 16224 48
336 16176 48
288 16288 80
272 16272 -32
432 16320 -128
400 16320 -176
400 16320 -272
592 16272 16
624 16240 16
448 16192 -16
480 16240 64
432 16176 112
464 16160 240
672 16112 144
672 16192 32
480 16192 64
336 16176 64
352 16176 -176
416 16288 -224
416 16224 -80
352 16256 128
352 16272 144
384 16240 -192
416 16240 32
416 16224 32
400 16240 176
384 16304 160
448 16208 176
544 16192 16
544 16144 16
416 16144 16
368 16176 48
512 16240 0
464 16304 208
512 16224 192
432 16288 32
432 16224 32
480 16224 -128
448 16240 -128
448 16240 32
448 16144 112
384 16160 16
432 16192 96
400 16272 64
400 16256 -128
352 16256 -128
224 16192 48
448 16224 208
352 16176 576
368 16224 192
368 16224 512
320 16240 512
384 16240 256
416 16320 144
256 16320 208
288 16320 176
272 16224 208
272 16224 160
448 16224 160
304 16160 112
352 16240 96
304 16224 160
384 16160 48
384 16208 48
384 16208 128
272 16272 128
240 16256 64
368 16208 320
496 16208 288
448 16256 352
448 16208 64
432 16208 64
432 16224 208
480 16256 -176
384 16272 -208
400 16288 -304
400 16288 32
304 16192 32
240 16208 256
352 16192 160
512 16192 256
368 16224 192
448 16160 448
448 16192 240
368 16192 64
368 16240 48
288 16240 -160
320 16288 -160
416 16320 -80
400 16272 -96
336 16288 -96
384 16288 -160
544 16224 128
544 16256 -192
448 16256 -208
272 16192 -208
432 16176 32
304 16208 64
160 16192 256
368 16208 384
368 16240 432
512 16208 128
416 16208 256
512 16144 256
400 16304 224
304 16272 96
384 16208 256
336 16240 464
464 16192 432
592 16256 240
592 16160 432
608 16160 -80
576 16224 -96
544 16176 112
464 16192 128
528 16176 288
480 16160 96
464 16192 0
464 16192 -224
496 16128 -224
384 16208 -48
352 16240 -48
400 16176 0
400 16256 16
368 16176 32
480 16176 96
496 16240 96
432 16240 240
320 16160 16
400 16192 64
512 16208 -16
560 16224 192
560 16240 208
512 16128 160
512 16128 480
384 16160 480
448 16208 256
432 16192 144
464 16176 128
400 16192 368
464 16176 352
464 16256 -48
384 16256 -48
512 16288 272
544 16192 176
512 16288 304
496 16192 224
512 16224 96
432 16192 160
400 16128 160
480 16160 320
560 16144 208
512 16224 96
464 16192 80
592 16208 16
592 16240 96
592 16192 272
352 16192 368
336 16256 352
272 16208 288
208 16176 240
304 16240 288
384 16240 192
416 16192 96
464 16176 -16
528 16256 80
544 16208 144
512 16256 96
544 16176 256
544 16192 336
528 16288 352
592 16320 320
512 16224 272
512 16272 144
448 16288 16
384 16272 16
336 16304 -32
224 16272 16
144 16272 80
272 16304 256
336 16352 128
400 16272 16
608 16304 -64
608 16384 0
432 16384 384
448 16256 272
544 16224 208
528 16240 176
432 16176 96
480 16240 96
384 16176 160
