startup(x,y,z):(64,16112,144)
1104 18960 1248
4448 17696 -4432
3984 17568 2368
976 17744 1728
976 16480 2384
3488 16256 576
3024 16304 1728
3024 16304 -640
1328 15904 -640
2784 15664 -16
1264 15696 768
848 15568 -688
848 15808 1040
752 15808 512
816 15744 512
560 15856 752
-176 16016 448
560 16032 368
304 16192 80
480 16224 -784
480 16208 -784
176 16208 -784
-272 16208 -128
-112 16384 880
448 16192 224
208 16176 448
208 16208 1296
16 16208 1296
0 16272 -320
-1440 15888 1040
-2592 16752 688
-944 16288 80
-944 16416 -1088
-880 16336 432
-880 16336 320
-608 15968 320
-288 15792 1472
-1472 16160 1600
-192 16048 1632
560 16080 0
560 16080 -128
736 16144 208
736 15952 -672
720 16112 224
48 16112 800
32 16240 800
160 16160 176
608 16112 -384
64 16016 0
64 16112 0
32 16112 32
-64 16112 32
112 16096 336
64 16128 336
208 16096 480
176 16080 352
272 16096 576
272 16128 352
288 16128 -160
256 16192 -160
288 16048 64
288 16112 160
256 16064 368
176 16048 352
16 16064 688
112 16128 496
112 16128 176
192 16160 176
144 16224 144
-48 16208 496
192 16224 1056
480 16160 544
480 16224 272
304 16224 512
160 16176 512
192 16160 160
208 16176 96
96 16176 512
48 16112 880
128 16208 480
128 16208 1104
944 16592 1104
1888 16320 -96
752 15984 -1056
784 16288 -1488
1008 15984 -1360
-816 16336 96
-320 16192 176
-144 16192 -48
-144 16336 96
-240 16448 176
-32 16448 176
352 16320 80
-16 16096 -208
352 16144 432
-96 16224 832
-96 16064 1040
-224 16064 624
144 16096 -16
416 16000 304
192 16160 304
208 16064 144
176 16080 -64
64 16176 32
64 16176 256
-128 16208 384
-128 16144 160
64 16160 288
64 16224 16
128 16176 -224
-48 16208 112
-48 16176 208
96 16176 384
96 16272 384
208 16176 512
208 16096 288
464 16096 -112
464 16272 -48
256 16272 304
176 16288 304
16 16256 336
224 16240 656
128 16208 608
128 16160 592
304 16144 -96
224 16176 0
224 16176 16
112 16144 16
176 16128 240
96 16048 272
192 16064 224
48 16080 176
48 16112 32
144 16112 144
144 16144 96
16 16144 224
16 16144 224
32 16224 304
48 16160 352
16 16144 192
160 16176 -32
144 16208 240
176 16240 208
176 16160 208
64 16112 256
144 16112 688
128 16112 688
272 16208 448
288 16176 352
352 16128 288
288 16160 64
288 16160 64
176 16176 64
144 16160 96
224 16160 160
128 16176 384
80 16176 320
176 16224 64
176 16144 -48
176 16144 0
144 16144 48
32 16144 48
32 16208 272
96 16144 240
144 16144 208
144 16112 64
224 16112 -176
96 16128 64
128 16144 -80
176 16144 -80
112 16176 128
112 16112 336
144 16112 464
144 16096 448
96 16096 448
192 16032 656
272 16048 256
128 16176 288
240 16176 0
160 16224 144
112 16144 208
112 16160 96
112 16192 16
16 16192 -80
112 16224 -80
176 16128 -64
144 16144 192
304 16160 112
128 16176 208
128 16176 656
176 16176 656
256 16208 448
336 16224 448
96 16208 512
112 16256 368
144 16192 368
144 16240 416
112 16240 288
176 16176 288
224 16096 272
208 16160 400
112 16176 512
224 16240 304
256 16240 416
128 16160 560
128 16144 592
112 16144 464
96 16160 464
48 16128 528
144 16096 240
176 16160 176
272 16160 192
272 16224 16
304 16224 160
144 16128 176
224 16192 272
80 16192 272
160 16128 272
112 16144 208
304 16176 448
304 16176 544
240 16128 64
144 16160 0
-112 16064 160
-32 16112 96
-32 16176 64
224 16160 304
224 16256 336
208 16160 480
272 16160 384
240 16176 384
176 16160 352
32 16192 64
-16 16224 16
48 16272 272
48 16272 384
16 16128 416
144 16176 176
176 16176 176
144 16176 144
32 16176 240
32 16160 176
32 16144 224
144 16144 192
224 16176 192
192 16224 288
48 16176 176
224 16112 -32
288 16096 240
432 16080 48
480 16128 64
480 16128 272
368 16112 272
64 16144 176
96 16224 144
112 16112 336
240 16176 272
240 16144 96
176 16144 96
160 16080 192
176 16080 320
112 16144 272
176 16064 368
128 16112 544
144 16160 432
144 16160 192
96 16128 192
256 16144 224
128 16192 176
208 16176 240
320 16224 240
320 16224 224
224 16128 16
144 16112 128
-96 16112 0
0 16128 0
-32 16160 -16
0 16208 32
64 16160 272
96 16192 272
96 16192 -32
128 16192 -32
160 16208 -96
112 16160 288
112 16192 176
208 16256 -16
272 16160 48
304 16192 128
304 16192 0
240 16192 0
240 16192 288
144 16272 224
80 16208 384
128 16208 272
128 16224 448
112 16240 416
112 16256 96
112 16256 208
128 16192 208
48 16176 208
288 16208 -128
144 16192 48
144 16192 176
128 16112 560
96 16224 560
160 16208 576
176 16224 320
160 16160 304
128 16112 176
112 16064 -176
112 16096 -288
112 16096 304
16 16128 304
-16 16096 272
160 16144 -272
80 16112 64
64 16160 192
64 16192 384
192 16192 160
320 16112 368
176 16112 368
240 16144 368
160 16128 304
144 16064 256
240 16208 80
208 16144 144
208 16144 -80
144 16144 192
160 16176 192
80 16160 208
64 16128 160
16 16144 304
112 16144 304
64 16144 192
-48 16176 208
-16 16144 336
-16 16112 192
144 16160 16
0 16064 128
96 16176 -112
160 16048 304
96 16080 224
320 16112 128
320 16112 176
272 16112 32
288 16096 32
304 16112 16
176 16096 64
208 16144 176
208 16192 0
80 16192 0
96 16144 96
112 16048 368
64 16112 288
112 16096 176
-48 16112 144
-48 16144 160
0 16144 160
-32 16144 80
80 16192 176
176 16144 352
128 16224 256
128 16224 112
144 16224 112
176 16144 112
240 16176 48
192 16240 48
112 16192 400
64 16192 352
128 16080 160
192 16000 0
192 16064 112
80 16064 -16
80 16000 240
176 15968 240
352 16048 256
192 16112 160
160 16160 128
208 16224 288
48 16192 272
48 16208 176
32 16208 176
224 16192 224
128 16128 208
96 16144 320
128 16112 272
128 16144 368
144 16144 272
176 16176 224
320 16176 -32
352 16192 -64
320 16240 112
320 16256 -144
144 16192 80
144 16192 -16
32 16224 192
368 16112 192
336 16160 0
288 16064 96
336 16032 144
224 16080 144
432 16064 64
432 16000 128
288 16000 208
224 16016 208
208 16032 448
144 16096 192
64 16160 160
128 16160 48
128 16160 384
96 16176 384
144 16208 128
80 16160 128
288 16048 32
256 16112 256
208 16144 272
48 16176 400
144 16176 80
144 16176 16
64 16176 288
112 16096 288
80 16144 352
144 16192 160
192 16176 240
160 16112 448
48 16064 432
48 16128 -16
128 16128 -16
48 16256 -32
0 16144 128
96 16144 192
96 16176 160
96 16176 96
64 16208 96
96 16224 208
32 16192 176
112 16208 192
160 16192 336
352 16112 208
224 16176 240
224 16176 208
144 16208 208
160 16208 304
256 16112 176
272 16064 320
272 16176 288
288 16176 240
320 16080 240
304 16080 160
352 16048 160
256 16112 160
192 16192 64
288 16160 144
288 16208 -48
192 16208 64
144 16208 192
128 16080 304
80 16096 416
176 16144 336
-112 16160 464
-16 16176 336
-16 16112 240
128 16112 384
96 16080 384
112 16096 128
256 16064 112
144 16160 32
256 16176 208
256 16208 384
272 16272 160
224 16272 0
256 16192 0
160 16256 80
112 16256 208
64 16128 176
64 16128 176
80 16160 336
80 16144 336
96 16064 352
32 16176 144
128 16064 192
176 16128 336
160 16224 272
160 16208 208
144 16208 208
176 16272 -336
-16 16224 -112
32 16208 32
96 16096 48
96 16144 -112
112 16144 96
112 16240 96
96 16160 16
112 16112 240
64 16208 160
0 16256 336
160 16176 256
160 16176 432
144 16144 432
112 16208 144
128 16256 240
-64 16224 -16
96 16128 -48
96 16128 144
96 16112 160
48 16096 448
-32 16112 448
48 16128 368
16 16096 352
32 16160 96
-32 16112 192
-32 16160 272
