startup(x,y,z):(464,16224,144)
-7408 16688 -656
2256 17152 -576
-1024 17040 320
-2144 15792 -1984
3728 15792 -1984
7024 13408 -5952
19840 11936 -13440
-9904 11264 14048
-2336 14560 9584
2608 15904 4256
7120 15232 -448
8032 15760 -1904
6176 15744 -560
1248 16240 3824
4384 16512 2032
-1856 16064 -496
128 16112 -1872
1056 16528 -5296
32 16416 -4352
-480 16416 -2656
-880 16384 -2704
64 16352 -2032
496 16288 -2240
496 16208 -2320
288 16208 -1632
224 16176 -1632
528 16256 -2432
336 16272 -2096
288 16288 -336
368 16352 64
368 16128 672
992 16096 1136
992 16192 1168
688 16160 1568
304 16224 1616
160 16128 1312
304 16128 1312
320 16128 1408
336 16112 1184
480 16256 1072
464 16352 992
352 16288 832
384 16176 192
384 16176 -208
432 16176 -384
448 16176 -384
224 16224 -544
336 16288 -480
352 16160 -272
752 16080 -528
752 16272 -464
672 16272 -1088
656 16256 -1088
464 16320 -944
368 16256 -864
592 16288 -896
544 16176 -240
544 16160 240
448 16160 240
304 16224 432
320 16272 288
304 16304 624
480 16288 784
480 16256 624
496 16256 576
592 16192 576
624 16288 688
544 16240 704
400 16256 144
336 16256 -32
336 16256 -32
464 16288 -32
512 16208 -112
400 16240 -224
336 16208 16
208 16160 -96
320 16160 -176
320 16240 -96
400 16240 -96
720 16272 -320
528 16320 -208
560 16304 -256
464 16336 16
464 16336 80
464 16336 304
464 16336 304
400 16272 256
320 16240 304
256 16224 336
384 16208 192
464 16096 112
464 16112 128
496 16112 -48
544 16192 -48
416 16240 -16
416 16208 224
448 16224 240
256 16224 192
224 16240 144
224 16224 -32
416 16192 -160
560 16192 -160
496 16240 -240
368 16256 -160
432 16288 -48
336 16272 -96
368 16192 48
624 16208 240
512 16208 144
448 16192 144
624 16192 0
496 16096 224
336 16160 496
352 16128 352
352 16256 304
400 16256 304
544 16192 400
496 16160 224
336 16128 224
336 16144 96
336 16112 -96
384 16112 192
464 16128 192
320 16208 336
352 16224 352
528 16208 288
512 16208 144
512 16208 -16
352 16240 -16
352 16160 0
304 16224 -144
416 16160 32
272 16112 144
288 16208 96
288 16208 48
304 16240 48
400 16192 352
384 16208 288
416 16256 240
288 16240 176
288 16256 240
352 16256 240
432 16240 160
528 16240 32
448 16208 48
416 16224 64
448 16208 48
448 16240 16
624 16240 304
592 16240 304
576 16240 0
352 16288 -16
352 16320 208
320 16320 208
544 16288 16
496 16224 -48
320 16208 160
384 16224 336
512 16272 208
512 16192 192
512 16192 400
416 16272 400
288 16224 176
256 16096 240
336 16224 -96
336 16224 -192
384 16224 -192
416 16256 -272
416 16240 -224
432 16240 -528
496 16160 -240
496 16144 16
544 16256 -64
656 16256 -96
640 16288 -96
560 16272 176
512 16304 128
480 16240 224
480 16240 80
528 16240 -64
480 16112 96
368 16160 128
416 16176 352
432 16240 288
432 16224 224
496 16224 208
496 16240 208
464 16240 176
432 16192 528
496 16208 192
464 16256 64
544 16176 144
544 16192 16
544 16192 -80
496 16208 -208
448 16176 -208
400 16224 64
400 16208 64
368 16240 16
544 16256 96
496 16272 48
496 16192 128
368 16176 80
512 16176 224
480 16096 224
448 16208 224
384 16256 176
432 16288 384
560 16304 224
512 16208 128
352 16240 224
384 16192 48
384 16192 -16
512 16176 -32
512 16208 -48
464 16240 48
496 16240 48
528 16208 80
544 16224 288
448 16272 176
512 16208 80
448 16192 144
448 16192 112
384 16224 112
448 16192 144
464 16192 272
544 16240 368
432 16256 368
528 16272 80
560 16224 80
464 16192 128
496 16176 176
400 16176 208
192 16256 80
192 16224 0
320 16224 -256
416 16208 -336
384 16176 -16
512 16192 -16
448 16176 -368
496 16208 -288
416 16224 192
576 16240 128
480 16176 80
576 16256 192
512 16208 192
496 16224 64
608 16256 64
544 16224 -64
464 16240 -80
448 16224 -80
496 16240 160
560 16160 128
512 16192 144
400 16160 336
384 16240 192
336 16208 224
400 16176 112
448 16224 368
480 16208 464
400 16240 192
400 16272 176
352 16160 224
304 16144 192
320 16192 112
208 16256 160
400 16272 128
416 16240 240
336 16256 256
336 16288 48
640 16224 0
560 16224 0
544 16208 176
352 16176 176
464 16224 32
400 16256 -32
480 16224 192
464 16192 112
432 16224 128
432 16224 128
512 16208 240
512 16208 320
512 16176 128
480 16176 80
384 16176 80
368 16272 256
400 16272 96
432 16224 48
416 16192 80
384 16224 176
384 16208 192
480 16208 192
464 16240 176
288 16272 176
320 16240 176
448 16224 64
544 16192 -80
480 16208 32
608 16224 96
608 16208 -48
496 16208 176
512 16176 176
464 16160 32
560 16192 32
512 16176 176
464 16224 80
464 16224 48
416 16208 -144
432 16256 160
368 16224 160
192 16208 96
240 16272 -32
240 16320 144
304 16304 304
368 16240 288
512 16256 368
512 16192 208
448 16192 128
416 16144 128
368 16144 352
416 16144 240
432 16208 288
464 16272 256
448 16304 224
448 16208 288
496 16208 96
496 16144 96
512 16176 464
464 16240 144
448 16240 160
448 16336 96
384 16336 272
368 16272 272
544 16240 160
640 16256 -32
560 16160 -80
352 16176 32
384 16288 0
384 16272 16
416 16272 -80
528 16288 -80
512 16208 160
528 16224 32
560 16160 48
528 16160 240
480 16192 192
496 16256 208
624 16176 320
512 16160 320
448 16240 -16
432 16304 96
416 16288 32
576 16240 -96
544 16240 -176
416 16304 -80
480 16272 -16
336 16208 240
368 16192 32
416 16224 128
352 16208 224
336 16224 80
400 16224 -32
368 16240 0
320 16192 -80
432 16192 128
384 16240 -48
384 16272 32
416 16256 320
496 16192 112
480 16224 48
400 16208 368
512 16208 416
512 16208 272
512 16192 400
496 16256 384
576 16240 224
432 16240 208
448 16208 288
448 16208 144
400 16144 80
384 16256 128
416 16272 160
272 16256 240
272 16240 128
256 16240 432
352 16240 368
224 16256 80
384 16176 384
512 16208 160
464 16224 96
480 16192 48
480 16192 32
576 16144 -128
576 16192 -192
464 16192 -48
432 16224 -48
416 16256 16
304 16240 112
400 16208 160
400 16272 32
368 16208 144
400 16208 336
480 16208 320
464 16208 80
432 16208 96
480 16208 -160
368 16160 -80
480 16176 -80
400 16192 -80
352 16144 144
384 16192 -16
544 16144 240
432 16192 240
480 16192 80
432 16336 48
384 16288 176
480 16256 160
624 16288 96
512 16208 112
480 16224 208
368 16160 208
400 16240 320
432 16224 144
496 16208 48
352 16224 128
384 16288 304
352 16272 400
384 16320 80
416 16208 96
336 16208 304
256 16224 80
256 16336 240
336 16304 336
288 16304 208
432 16272 384
432 16272 320
224 16304 208
352 16240 208
432 16224 272
432 16160 272
400 16176 144
528 16176 144
384 16240 144
528 16272 96
336 16224 112
384 16208 80
464 16240 160
496 16240 288
464 16240 192
544 16240 224
320 16240 192
384 16256 144
352 16192 144
384 16160 144
384 16160 48
496 16160 48
512 16208 80
512 16256 -64
384 16224 32
304 16240 32
352 16336 80
384 16288 272
368 16240 -48
384 16224 -48
400 16128 112
416 16176 32
256 16160 48
256 16192 336
560 16208 192
560 16256 272
416 16272 32
624 16272 192
512 16224 128
480 16320 128
672 16320 224
576 16240 224
496 16208 -176
432 16160 -368
384 16080 96
384 16144 0
384 16176 16
400 16208 -48
400 16208 64
432 16240 240
432 16240 96
432 16240 96
432 16208 368
528 16256 336
448 16288 320
544 16224 368
672 16224 208
624 16192 320
656 16240 320
640 16272 320
448 16272 464
480 16240 400
528 16160 144
496 16272 288
528 16240 96
528 16240 160
288 16240 160
368 16240 0
320 16208 -16
288 16192 96
336 16176 16
448 16176 96
416 16176 112
368 16176 96
368 16176 160
384 16304 160
384 16256 224
464 16144 96
