startup(x,y,z):(-16,16048,464)
528 16432 -432
32 16080 112
-96 16112 160
-160 16048 144
2496 17344 -6976
-3408 16336 1248
-2048 14192 3120
1808 15344 2272
1808 15344 6064
-544 14608 6064
928 15632 -592
-32 15488 784
736 16480 -4192
-64 16144 -3376
-64 16144 -976
304 15824 -976
224 15568 1344
64 15568 832
-240 15696 1696
-240 16080 416
-240 16080 416
-112 16192 -976
16 16128 -208
-224 16096 -192
-176 15904 240
-176 16048 720
-256 16048 720
-64 15984 352
16 16016 336
-48 15904 336
-16 16016 368
-80 16016 368
16 16032 368
16 16032 624
16 16000 624
16 16064 16
-272 16064 -128
-96 15968 240
-96 16096 176
-144 16096 -80
-144 16144 384
-128 16096 384
-80 15968 736
-96 15984 656
-48 16000 368
-272 16016 464
-272 16112 16
-208 16112 160
64 16048 160
128 16128 240
-64 16176 368
-32 16208 624
-272 16080 480
-336 16048 464
-336 16160 304
-320 16160 304
-176 16144 336
112 15952 352
-144 15984 496
-32 15984 592
-240 15888 592
-160 15952 544
-208 16016 608
-96 15952 528
-192 16000 720
-240 16016 704
-240 16048 640
-224 16048 512
-192 16112 512
-144 16128 576
-48 16128 384
-112 16144 384
-112 16048 256
-80 16048 608
-48 15952 608
-96 15920 608
-80 15968 688
-96 15936 672
-160 16000 448
-96 16032 464
-96 16032 336
-144 16032 336
-64 16032 272
0 15984 368
-64 16016 512
-64 16032 544
-64 16032 608
-128 15984 656
-96 15984 288
-80 16080 288
-144 16128 224
-160 16064 336
-208 16000 512
-384 16016 560
-384 16096 624
-416 16096 624
-160 16000 640
80 15952 480
-96 15952 672
0 16048 528
-64 16080 608
16 15984 752
16 15984 336
96 15968 336
-64 16000 464
-80 15920 752
-64 15984 736
-48 16016 608
-48 16064 720
-176 16064 720
-48 15984 608
-112 16016 688
-96 15952 816
-96 15952 592
-96 15952 752
-16 15968 752
-64 16000 768
-192 15984 704
-176 16080 480
-176 16048 512
-96 16048 656
-32 16096 656
-240 16096 832
-256 16032 816
-224 16080 880
-224 16112 480
-224 16112 480
-144 16048 304
-64 16128 32
-144 16144 176
-144 16048 336
-224 16064 576
-208 16064 576
128 15968 544
-192 16032 544
-32 15952 464
-32 16032 576
-32 16032 688
-128 16032 688
-160 16016 528
-208 16032 576
-272 16048 496
-112 16048 496
-112 16128 416
-160 16128 544
-144 16064 544
-256 16032 416
-192 16000 416
-176 16000 384
-176 15984 528
-192 15984 528
-160 15984 576
-96 16032 640
0 16000 592
0 16016 272
32 16144 304
-128 16144 304
-48 16080 64
-192 16064 272
-64 16000 592
-128 16080 736
-128 16096 512
-48 16096 -256
0 16096 -64
-80 16144 -64
-80 16096 -16
-80 16000 336
-144 16000 368
-208 16000 368
-208 16016 448
-128 15920 464
192 15952 576
64 16048 416
64 16032 416
160 16032 160
112 15984 192
112 15984 464
-176 15984 448
-176 15984 752
-64 16000 752
16 16064 608
-64 16096 512
-288 16144 384
-192 16128 272
-160 15952 320
-160 15984 464
-336 15984 464
-224 16000 592
-320 16032 720
-64 16064 480
-64 16016 704
-240 16064 624
-240 16080 528
-16 16080 528
128 15952 544
16 16016 640
64 15984 512
48 16016 768
80 15984 800
80 16048 576
-32 16048 576
112 15968 240
80 15952 272
-96 15968 640
-96 15952 480
-32 15952 592
-32 15968 512
64 16080 640
-128 16080 304
-224 16112 304
-224 16112 304
-208 16000 448
-16 16000 560
-16 16064 576
-48 16064 464
96 15952 464
16 16000 320
-96 15984 352
-48 16032 528
-272 16016 448
-240 16080 816
-240 16032 656
-160 16032 656
-288 16000 448
-96 15968 592
-240 16016 528
-192 16048 464
-192 16048 288
-176 16048 288
-256 16080 256
-112 16000 416
-112 15984 496
-256 16064 432
-208 16112 544
-208 16032 688
-128 16064 320
-128 16320 368
-176 16176 288
-144 16080 288
-80 16048 304
-160 16112 544
-192 16080 656
-192 16096 592
-240 16096 608
-112 16096 608
-64 15984 704
-128 15904 528
-192 15952 544
-192 15952 624
-80 15952 624
-96 15968 512
112 16000 480
0 16144 464
-16 16096 416
-16 15984 512
-96 15984 512
-320 16112 592
-96 16128 560
-208 16096 272
-192 16064 496
-192 16064 384
-144 16016 384
-64 16048 528
-160 16064 480
-16 16064 480
-112 16080 304
-112 15968 304
32 15968 96
0 15952 96
-80 15936 320
-48 15984 496
-128 15888 480
-128 15888 240
-224 16080 240
-208 16064 256
-272 16032 272
-80 16080 128
0 16080 144
-256 16000 240
-128 16000 288
-144 16016 288
-128 15984 416
-80 16000 416
-160 15952 480
-160 16000 320
48 16000 512
-80 15952 512
-16 15920 560
-16 15920 768
-176 16064 576
-176 16064 432
-64 16064 480
-144 16000 480
-176 16016 416
-32 16048 288
-160 16160 160
-160 16080 384
-128 16048 416
32 16016 432
32 16032 256
16 15984 384
16 16000 224
-16 16000 336
-192 16064 336
-176 15968 384
-80 16016 304
-64 16000 336
-64 16000 592
-400 16064 592
-176 16032 496
-64 15984 368
-144 16000 640
-272 16048 688
-272 16048 880
-320 16064 880
-256 16048 592
-160 16048 576
-400 16096 688
-400 16064 608
-208 16064 768
-192 15968 768
-48 16016 560
-128 16032 400
-192 16032 224
-192 15984 432
-176 15984 432
-144 16048 608
48 16128 496
128 16112 512
48 16080 560
48 16080 576
96 15984 576
112 16016 512
48 16096 448
-128 16144 576
-400 16080 560
-400 16112 624
-304 16112 624
-304 16096 736
-208 16016 640
-320 16064 544
-160 16032 608
-160 16032 272
-80 15952 272
-112 15984 368
-192 16048 368
-128 15984 416
-80 15936 544
-80 16112 416
-128 16112 416
-96 16000 720
-176 16032 640
-336 16032 560
-32 15984 416
-32 15936 736
-80 15936 736
-256 16032 800
-208 16000 592
-112 15904 528
128 15888 448
128 16000 608
-160 16000 736
-272 16032 736
-192 16016 608
-272 16016 704
-96 15952 400
-96 15936 592
0 15936 592
-80 16048 704
32 15936 656
-112 16032 560
-144 16032 496
-144 16048 528
-224 16048 528
-288 16032 512
-368 16064 608
-320 16080 576
-96 16016 448
-96 16016 624
-144 16016 624
-128 16064 368
-64 15968 560
16 15936 464
-224 15952 480
-224 15936 512
-80 15936 672
-256 15968 672
-304 16016 640
48 15984 480
0 16064 464
0 16048 608
-192 16048 640
-112 15952 640
-32 15984 896
-64 15968 272
-160 16064 400
-160 15968 464
16 15968 624
-32 15952 624
-208 15984 384
-240 16016 352
-32 16096 144
-80 16096 352
-80 16096 704
-160 16080 704
48 16000 656
-128 15952 688
-192 16048 672
-192 15952 496
-48 15952 240
16 16016 240
-80 16096 320
32 16112 400
-16 16048 416
-16 16048 336
16 16048 336
-48 16032 624
16 15984 720
0 15936 560
-48 16016 448
-32 16016 448
-64 16016 480
80 16000 304
-48 16096 240
0 16064 400
0 16064 528
-128 16080 528
-192 16080 528
-176 16144 448
-32 16080 400
-32 16064 496
-48 16064 432
-112 16128 432
16 16016 576
112 16016 624
-16 16080 560
-16 16064 256
0 16064 256
-336 16048 576
-160 16096 496
-240 16080 656
-64 16048 352
-64 16048 240
-128 16048 240
-96 16032 352
-192 16016 544
-16 16048 384
-16 16000 464
-48 16000 816
-224 16032 816
0 16032 800
-64 15968 544
-192 16000 464
-192 15904 656
-64 15904 656
-160 15824 656
-144 15984 784
-192 16048 688
-144 16032 640
-144 16032 336
112 15968 336
128 15904 160
16 15936 528
-64 15936 576
-64 16064 560
-144 16064 688
48 16000 688
48 16016 432
32 16048 448
-112 16080 384
-160 16096 416
-160 16096 592
-144 16016 592
-304 16080 720
-224 16032 864
-96 16080 672
-96 16048 512
-112 16048 288
-32 16080 288
-160 16096 368
-208 16016 592
32 16080 352
-272 16032 672
-272 16048 736
-272 16048 576
-160 16160 576
-336 16176 608
-96 16080 640
-32 16064 448
-32 16064 592
-176 16000 592
-32 15968 544
-80 15952 704
-208 15936 496
-176 15968 544
-176 15968 464
48 15920 464
32 15952 368
-16 15920 400
112 16000 352
112 16096 368
16 16096 368
80 16064 576
-112 16064 512
-80 16032 544
-32 16048 528
-32 15936 544
-32 15936 544
-208 15968 352
-288 16048 560
-272 15984 688
-96 16016 320
