startup(x,y,z):(416,16240,176)
5360 16496 -6704
-544 16016 992
-4352 16192 3744
-1248 16384 2464
-352 16096 3536
-2288 15776 4784
-2032 16256 3232
-2048 15952 2448
128 15952 672
1456 16176 672
2512 16160 80
3120 16240 976
2768 16208 1648
864 16192 2272
512 16128 2128
768 16224 -32
768 16224 240
928 16096 944
-2576 16304 1712
-2400 16528 1712
-208 16112 -624
816 16240 -1760
640 16224 -2512
1456 16304 -3168
1504 16256 -3088
880 16256 -2560
880 16224 -1568
432 16224 -1568
480 16288 -896
96 16336 128
-160 16208 1072
2336 16208 -528
2336 16288 784
736 16288 1680
416 16144 1680
944 16240 912
640 16176 1232
1168 16416 480
1056 15696 288
592 15744 656
-624 15824 1568
-624 15824 1312
-416 16000 1312
192 16272 832
256 16096 224
416 16080 -224
-288 15984 512
-208 16464 976
-288 16384 608
512 16256 -96
512 16256 304
544 16400 -288
400 16208 -288
544 16144 -496
656 16160 -512
640 16208 -368
304 16256 -416
304 16144 -208
208 16144 192
288 16160 192
96 16208 464
496 16240 368
384 16224 208
592 16112 112
640 16224 192
608 16256 240
496 16192 336
496 16208 384
448 16208 480
368 16176 528
256 16176 528
304 16208 784
368 16144 528
592 16240 336
640 16224 -128
624 16144 -368
400 16176 -176
400 16176 -352
224 16208 -96
320 16240 -256
400 16192 -208
576 16160 -192
608 16176 -368
656 16224 -208
512 16224 144
256 16176 112
336 16176 -32
320 16272 -32
320 16224 0
368 16160 240
352 16160 240
336 16176 192
352 16224 64
416 16272 32
416 16272 16
464 16128 96
416 16272 64
464 16240 176
576 16240 96
368 16224 192
448 16192 416
480 16208 432
480 16208 192
480 16256 -48
368 16256 208
384 16160 144
496 16224 144
320 16304 48
512 16304 16
304 16400 96
272 16304 96
336 16240 160
384 16208 -32
384 16208 -16
304 16224 16
336 16256 16
416 16128 128
576 16160 48
560 16192 32
448 16224 144
464 16208 96
464 16224 48
368 16208 192
368 16208 144
320 16256 128
464 16256 112
464 16224 240
720 16256 272
720 16416 208
528 16416 368
672 16272 368
656 16240 128
480 16224 160
448 16192 -112
496 16272 -80
512 16272 -128
352 16224 32
432 16160 -192
416 16112 -256
432 16224 -112
368 16240 160
368 16272 160
400 16272 160
384 16272 160
352 16256 0
432 16192 176
464 16128 192
416 16208 320
416 16272 128
432 16272 96
384 16224 0
384 16224 224
384 16160 224
192 16160 192
320 16208 112
288 16240 208
352 16256 112
192 16224 288
288 16192 96
288 16160 -144
368 16160 -112
480 16176 0
480 16176 176
480 16208 176
496 16192 32
496 16208 32
480 16240 80
336 16192 208
400 16208 560
384 16224 416
352 16224 352
336 16240 -16
464 16256 64
432 16240 48
448 16208 240
448 16208 -64
416 16192 -64
416 16144 128
352 16272 144
320 16256 0
272 16256 16
432 16192 80
400 16224 80
496 16160 96
576 16208 192
608 16192 112
624 16240 96
560 16256 112
544 16192 64
528 16192 48
352 16176 112
384 16240 112
464 16224 192
464 16240 144
448 16272 80
528 16176 16
608 16128 16
624 16208 112
528 16208 240
672 16224 240
592 16224 128
576 16288 -64
496 16288 0
400 16208 -64
336 16272 -32
496 16272 -176
528 16208 0
544 16176 -64
448 16096 144
448 16144 32
336 16144 256
416 16160 208
528 16176 128
480 16240 96
464 16160 240
448 16224 128
400 16272 144
400 16240 112
320 16240 112
224 16080 960
-544 16352 960
-256 16304 944
368 16256 64
464 16256 -384
480 16288 -432
512 16240 -592
576 16320 -592
624 16240 -288
336 16304 -192
336 16272 48
256 16192 64
448 16192 272
368 16160 192
368 16192 96
368 16176 224
480 16176 384
576 16160 320
464 16160 384
480 16160 384
448 16192 464
416 16192 384
352 16208 256
352 16192 112
224 16272 -16
304 16192 -48
272 16240 64
368 16224 -32
608 16128 -176
608 16128 -16
480 16144 -32
352 16144 -16
448 16144 0
448 16144 -512
464 16176 -432
432 16192 -176
384 16160 -16
368 16176 80
368 16224 176
416 16176 432
432 16112 272
432 16176 160
448 16176 240
416 16224 240
496 16176 256
512 16192 288
448 16256 176
416 16224 240
528 16256 80
592 16224 144
432 16192 48
416 16192 -32
416 16176 0
384 16176 0
432 16320 -32
288 16256 64
496 16208 64
480 16256 16
448 16272 48
416 16304 -32
448 16256 288
544 16176 304
416 16288 80
368 16256 176
544 16224 176
544 16240 96
528 16240 64
416 16240 64
336 16320 32
416 16272 64
368 16224 0
304 16160 -32
320 16224 112
320 16256 -16
368 16192 16
304 16208 224
144 16224 304
224 16224 208
224 16256 -48
352 16256 128
448 16240 192
512 16272 272
416 16240 304
624 16208 112
592 16240 80
560 16240 224
496 16240 48
352 16176 32
512 16176 -112
448 16176 64
448 16144 48
448 16208 48
304 16208 48
432 16272 48
400 16256 -48
464 16208 144
480 16288 0
480 16224 -96
480 16272 -352
416 16272 -240
400 16256 -240
496 16256 -160
496 16208 -48
656 16224 192
400 16176 240
576 16272 240
576 16256 400
592 16256 96
432 16144 96
304 16128 0
368 16160 -48
400 16224 224
432 16304 144
272 16272 -64
528 16224 -64
528 16144 192
528 16208 368
448 16208 96
400 16240 96
448 16224 112
512 16160 48
528 16160 160
400 16192 -48
624 16192 128
624 16208 -192
544 16208 -80
400 16176 -80
400 16192 -80
512 16240 16
464 16304 -112
512 16176 80
512 16240 96
448 16160 48
320 16208 -64
288 16208 -64
400 16176 160
416 16240 64
336 16240 80
400 16240 -16
512 16304 -160
384 16288 -128
384 16192 192
416 16192 256
480 16176 256
368 16224 96
240 16128 48
336 16176 -64
400 16224 16
560 16192 -32
512 16240 48
512 16240 240
304 16240 240
384 16240 352
352 16288 272
320 16240 80
496 16288 160
512 16256 80
528 16160 224
528 16112 144
576 16112 96
416 16208 96
320 16208 112
368 16128 144
384 16112 304
416 16128 192
416 16096 128
544 16096 128
608 16208 192
512 16256 176
432 16320 240
400 16224 272
400 16256 208
480 16272 144
416 16272 256
272 16256 256
336 16208 288
336 16144 112
416 16192 176
416 16176 288
432 16176 352
336 16240 352
512 16304 224
576 16288 320
608 16272 288
512 16304 336
448 16272 160
448 16272 112
464 16272 112
624 16304 112
528 16288 48
368 16240 16
528 16192 -96
448 16160 -96
448 16224 112
512 16224 112
560 16240 112
480 16208 64
384 16176 0
416 16160 48
464 16208 48
464 16256 -224
416 16256 -160
496 16208 -80
368 16288 -80
272 16240 112
384 16192 144
384 16192 -16
400 16288 64
512 16208 416
512 16160 192
544 16160 256
368 16176 256
560 16128 320
304 16176 48
304 16144 -32
256 16096 240
352 16032 192
416 16160 -80
416 16176 -160
464 16176 0
544 16208 0
432 16240 64
192 16192 160
400 16208 -32
416 16208 -80
400 16240 0
400 16304 0
512 16304 32
368 16304 -48
528 16240 48
544 16240 368
496 16128 432
480 16064 304
480 16096 272
416 16096 608
400 16128 608
480 16144 400
320 16176 320
320 16144 224
480 16224 96
496 16240 -128
272 16176 64
256 16192 112
416 16144 64
464 16192 96
464 16208 144
320 16208 144
400 16176 128
464 16272 16
384 16272 -64
240 16192 -16
336 16240 16
464 16208 240
544 16192 0
464 16208 48
464 16224 128
416 16224 432
432 16144 432
400 16144 336
400 16256 176
496 16256 176
560 16256 16
480 16192 304
448 16160 336
480 16160 -16
368 16256 -16
352 16288 -352
432 16208 -80
384 16272 -48
400 16256 0
432 16224 -96
512 16240 -48
448 16288 0
432 16272 -64
480 16240 176
432 16224 112
432 16224 160
416 16192 16
544 16176 16
368 16224 208
384 16208 112
416 16208 192
448 16208 96
560 16256 192
576 16256 -176
448 16240 -176
384 16272 -48
352 16304 0
416 16320 224
336 16272 -192
400 16224 -80
432 16208 80
464 16240 -16
