startup(x,y,z):(112,16096,192)
-2480 13792 3408
-480 12112 -5280
-11680 14704 -2192
-3616 15232 1008
-3616 13024 -2416
-6736 13024 -4144
-7568 14672 -4144
-7472 16480 1968
-3856 15536 608
-2912 16080 -288
-480 16032 112
544 16032 112
-128 16448 -64
96 16128 -400
-96 16064 512
-368 16064 -64
-368 15904 784
-592 16176 880
-240 16176 1168
-112 16272 1168
-64 16336 704
496 16192 720
272 16032 -144
224 16176 -288
144 16064 -128
-16 16128 144
-16 16128 384
48 16144 384
64 16128 208
48 16144 224
-96 16176 496
48 16080 -464
224 16144 -176
624 16288 432
848 16128 272
848 16128 -624
1280 15904 -624
656 16128 -496
928 16016 -496
192 16240 352
480 15968 464
32 16096 768
32 16176 960
224 16176 960
80 15984 -96
400 15968 -96
192 16080 128
384 16144 96
400 16144 624
96 16064 320
96 16064 400
-16 16160 400
208 16160 32
240 16080 272
320 16096 96
336 16048 32
112 16064 240
0 16144 416
96 16096 160
80 16048 512
80 16080 288
160 16080 288
224 16064 0
368 16064 -160
256 16016 80
0 16112 224
0 16176 800
-96 16096 160
-16 16064 352
-16 16064 352
16 16192 -96
48 16176 32
-144 16128 304
112 16064 400
112 16064 608
16 15984 608
0 16048 240
-16 16080 128
368 16144 256
368 16048 176
304 16144 176
272 16176 160
272 16128 -272
256 16128 -272
368 16096 -368
256 16192 -64
80 16160 128
-48 16128 112
-48 16112 -48
-16 16112 240
80 16096 400
48 16096 400
288 16144 656
368 16144 80
336 16096 -304
208 16160 -320
208 16160 -240
208 16160 192
224 16144 192
32 16240 432
32 16224 368
112 16144 176
128 16176 176
240 16096 144
240 16080 96
48 16080 96
48 16144 336
32 16224 416
96 16224 0
32 16144 192
32 16128 224
-16 16128 224
112 16176 16
144 16176 -48
128 16112 128
304 16144 16
272 16096 208
176 16144 480
176 16144 272
96 16160 272
144 16128 96
160 16144 144
240 16144 -80
288 16080 320
288 16064 144
192 16032 304
160 16064 240
-32 16064 240
96 16048 176
176 16096 64
240 16144 240
80 16080 352
80 16080 80
192 16112 432
32 16112 432
-16 16192 384
80 16160 464
96 16096 384
80 16096 288
112 16144 288
160 16144 208
160 16144 224
48 16224 224
-48 16224 304
16 16192 272
192 16160 288
80 16112 304
256 16128 272
256 16192 96
128 16112 208
128 16064 288
96 16064 288
112 16032 304
144 16032 112
-80 16064 96
-80 16112 384
-128 16224 176
-32 16224 176
-16 16272 176
80 16320 16
128 16208 224
240 16208 160
176 16176 240
176 16224 -64
208 16224 -64
112 16128 16
80 16096 -128
80 16096 352
80 16144 448
80 16160 224
160 16160 224
192 16112 224
128 16160 160
224 16160 160
128 16224 160
272 16096 320
240 16160 192
128 16112 -48
176 16144 -112
176 16128 48
160 16128 80
128 16144 80
112 16080 256
256 16048 368
144 15984 448
112 16032 256
160 16128 48
160 16128 160
144 16112 160
112 16160 -32
16 16128 224
32 16176 368
96 16128 400
96 16128 448
160 16128 448
48 16128 368
176 16128 416
112 16176 416
144 16096 112
192 16112 -112
192 16128 336
160 16128 272
-32 16096 272
96 16080 432
160 16112 576
160 16208 352
144 16208 416
160 16192 400
160 16192 400
192 16128 320
320 16128 224
224 16096 176
224 16096 384
128 16096 384
144 16064 480
240 16064 384
176 16064 176
48 16144 208
48 16144 384
80 16112 304
160 16112 96
80 16112 96
304 16064 128
176 16112 32
240 15968 160
160 15952 400
160 16032 128
304 16032 128
320 16016 80
224 16016 32
272 16160 80
240 16032 64
224 16048 272
224 16000 144
192 16000 144
224 16016 80
144 16112 -64
256 16128 112
224 16176 256
224 16224 144
144 16224 144
240 16128 160
112 16208 -16
208 16176 32
160 16160 224
224 16096 128
112 16064 176
112 16064 224
80 16112 224
176 16144 432
144 16112 336
80 16080 368
256 16032 480
32 16016 352
112 16080 256
128 16048 128
128 16048 256
144 16064 256
48 16080 288
112 16080 464
128 16144 80
128 16128 112
176 16128 -16
48 16080 -16
-48 16112 272
96 16176 -16
160 16112 224
112 16176 160
192 16240 -160
192 16192 -112
192 16192 96
176 16208 96
128 16224 464
112 16160 128
224 16160 448
80 16176 544
80 15872 464
128 15872 416
224 16080 288
256 16080 352
496 16096 352
144 16208 320
288 16096 144
48 16064 16
48 16064 224
208 16080 224
96 16096 -96
256 16160 -320
176 16112 16
192 16096 0
240 16144 16
80 16112 112
80 16048 400
160 16048 400
96 16080 192
128 16144 128
192 16112 304
96 16096 256
144 16096 192
144 16096 432
176 16080 432
224 16112 144
192 16128 144
16 16128 240
128 16112 32
32 16096 144
32 16048 80
128 16048 80
32 16048 400
80 16064 304
-96 16080 368
0 16080 192
0 16112 32
64 16128 128
64 16080 80
144 16080 176
-64 16128 176
-144 16208 208
-16 16160 160
16 16112 416
112 16112 368
240 16048 352
256 16032 352
112 16176 272
144 16128 288
-16 16128 272
32 16176 80
80 16160 144
80 16160 224
64 16064 224
112 16096 64
144 16112 -144
336 16128 -160
336 16112 -48
336 16112 -304
272 16096 -304
192 16096 16
144 16048 16
144 16144 304
128 16096 144
144 16144 240
144 16144 80
96 16208 80
80 16192 32
128 16144 144
144 16224 32
144 16144 16
144 16192 176
112 16176 208
112 16176 112
96 16096 112
112 16112 160
32 16112 208
112 16096 224
112 16096 384
80 16016 224
224 16176 224
176 16160 336
32 16096 208
128 16080 384
224 16144 192
176 16128 0
176 16128 96
176 16128 96
240 16144 -80
224 16128 48
96 16192 320
128 16144 432
336 16160 288
224 16112 224
224 16112 352
64 16112 448
128 16112 448
176 16048 448
208 16096 592
240 16096 400
256 16112 112
256 16112 448
224 16112 304
176 16064 304
176 16112 304
96 16112 240
80 16096 320
112 16096 336
64 16208 256
80 16128 304
80 16128 256
96 16112 256
32 16112 320
112 16048 320
176 16112 336
128 16176 272
128 16176 160
128 16208 160
96 16128 464
160 16160 384
176 16096 240
192 16048 128
208 16128 208
208 16128 224
384 16128 224
176 16112 176
176 16016 272
240 16112 32
336 16144 32
336 16192 256
352 16176 208
144 16176 304
64 16176 304
144 16256 272
64 16176 288
96 16080 240
96 16032 288
96 16112 240
-32 16112 256
16 16128 256
64 16160 384
16 16208 352
32 16224 176
128 16128 272
176 16160 448
240 16144 384
240 16144 224
160 16176 224
288 16160 176
176 16144 48
144 16112 64
144 16144 160
128 16144 96
176 16160 96
96 16112 208
144 16064 0
160 16144 112
96 16096 256
96 16096 96
96 16048 48
160 16048 48
192 16032 400
64 16064 160
144 16224 112
144 16112 272
112 16144 208
112 16128 32
112 16128 128
80 16192 128
272 16048 176
176 16112 224
96 16096 256
96 16048 208
112 16048 464
64 15936 464
144 16048 496
224 16064 176
96 16064 176
160 16128 -32
240 16144 272
240 16144 464
48 16160 464
32 16096 320
64 16048 208
160 16000 272
112 16032 160
112 16064 192
112 16064 96
240 16112 288
224 16128 256
224 16192 256
112 16128 320
272 16192 112
208 16192 128
208 16160 336
160 16160 336
224 16144 96
160 16048 -80
80 16144 176
160 16128 128
160 16112 160
96 16000 256
112 15984 224
208 16032 256
144 16064 240
144 16064 336
192 16064 336
176 16192 -128
176 16192 -128
112 16160 -32
16 16160 -16
128 16128 240
128 16144 240
64 16240 288
64 16176 288
48 16176 288
96 16112 320
48 16080 288
128 16048 496
128 16048 336
128 16112 160
256 16112 48
112 16224 48
144 16192 -16
96 16112 80
176 16064 -128
176 16096 -208
144 16096 -96
144 16096 160
288 16080 128
272 16080 128
176 16064 176
144 16160 80
112 16160 288
224 16096 240
96 16032 144
