startup(x,y,z):(-320,16160,160)
-6688 14000 -768
-8160 15632 -848
-8960 15632 -848
-7072 16064 -1024
-4048 15456 48
-3392 16432 832
-2224 16032 48
-336 15968 -1984
-64 15968 -800
-64 15968 864
-816 16544 864
-384 16416 -208
928 16416 1824
1040 16032 1232
1040 16176 608
1456 16176 -1952
2640 16320 -1952
1920 16160 -400
80 15920 -1760
-160 15808 1488
-832 15952 1376
-1504 16144 368
-1504 16144 256
-752 16000 256
416 16256 -1344
64 16096 -336
160 16288 1104
1024 16352 688
1024 16432 1008
1440 16432 1008
1072 16112 -160
624 16176 -800
128 15984 -448
-496 16160 464
-496 16160 1488
-832 15968 1488
-464 16016 736
-448 15840 416
-352 15984 64
-352 16240 -64
-352 16160 96
-304 16224 96
-240 16144 480
-336 16160 240
-352 16144 0
-352 16192 336
-304 16192 336
-544 16192 384
-432 16128 496
-304 16192 432
-160 16224 -112
0 16080 -304
-288 16288 64
-384 16368 96
-320 16272 272
-256 15952 -160
-256 15952 -112
32 16080 -112
-80 16080 -64
-208 16240 -128
-336 16192 288
-336 16144 64
-288 16144 64
-80 16208 128
-144 16192 -48
16 16080 -80
-80 16096 112
-80 16096 -112
-80 16208 -112
-80 16240 0
-272 16256 336
-304 16256 432
-304 16304 320
-320 16304 320
-256 16256 128
-128 16272 80
-240 16352 16
-368 16288 80
-368 16176 176
-416 16176 -96
-96 16256 16
16 16208 16
64 16288 496
-32 16192 0
-32 16208 96
-192 16208 96
-208 16240 64
-192 16240 -272
-224 16304 256
-448 16272 160
-448 16272 464
-416 16272 464
-480 16320 240
-320 16272 -16
-352 16304 -256
-320 16224 320
-320 16128 352
-448 16144 352
-336 16160 160
-256 16144 80
-288 16128 96
-288 16208 192
-352 16208 384
-336 16176 336
-272 16176 336
-352 16240 256
-192 16224 112
-16 16224 208
-16 16224 192
-128 16224 192
-288 16256 224
-224 16240 -80
-176 16240 -48
-128 16176 32
-128 16176 192
-304 16192 160
-384 16192 320
-464 16224 320
-304 16192 128
-256 16192 176
-256 16192 256
-240 16144 176
-288 16144 144
-272 16224 144
-288 16224 128
-288 16224 -32
-256 16224 128
-288 16224 0
-320 16192 0
-224 16128 -80
-176 16160 192
-176 16176 368
-368 16176 160
-288 16208 160
-336 16128 304
-384 16080 304
-224 16128 160
-240 16208 176
-224 16176 192
-400 16128 128
-400 16128 272
-304 16064 272
-400 16128 192
-416 16240 -32
-336 16160 96
-336 16160 208
-208 16160 176
-320 16144 176
-432 16240 64
-272 16160 96
-288 16128 80
-176 16112 256
-176 16112 128
-80 16112 128
-256 16144 48
-304 16256 -32
-400 16256 208
-400 16208 80
-368 16192 352
-432 16192 352
-448 16160 496
-288 16192 352
-288 16176 224
-288 16224 112
-256 16352 160
-256 16384 160
-240 16384 -96
-160 16208 -80
-336 16224 -32
-352 16240 128
-272 16176 112
-224 16144 208
-224 16192 160
-208 16192 -96
-176 16192 -48
-336 16160 -48
-304 16240 0
-288 16192 112
-320 16128 208
-320 16128 192
-512 16288 192
-448 16256 112
-320 16224 96
-256 16256 -176
-208 16240 -96
-208 16240 128
-192 16208 288
-192 16208 -48
-160 16176 -48
-304 16208 0
-176 16176 -96
-256 16208 96
-256 15952 80
-288 16112 80
-272 16160 432
-192 16112 368
-272 16160 16
-192 16080 384
-144 16112 48
-144 16192 176
-304 16192 400
-288 16144 400
-224 16240 304
-192 16192 448
-128 16176 304
-128 16176 32
-112 16192 320
-256 16176 320
-224 16208 256
-368 16160 336
-352 16176 320
-416 16144 64
-416 16224 -224
-160 16224 -224
-432 16256 176
-240 16272 128
-96 16240 160
-208 16288 320
-208 16288 64
-160 16288 160
-336 16224 160
-288 16192 224
-288 16176 128
-304 16176 -96
-384 16256 -64
-384 16256 -64
-416 16288 -64
-144 16240 -64
-384 16288 -160
-128 16176 -80
-128 16224 208
-128 16224 416
-192 16080 416
-272 16016 320
-240 16112 272
-272 16224 224
-256 16192 32
-320 16208 32
-320 16208 112
-240 16160 112
-192 16080 -32
-272 16176 336
-320 16208 352
-320 16272 224
-432 16272 240
-352 16192 128
-336 16144 128
-384 16160 160
-384 16192 272
-288 16128 112
-288 16128 144
-320 16080 144
-256 16064 208
-256 16192 112
-320 16128 320
-336 16224 80
-336 16192 -80
-192 16160 128
-304 16160 240
-448 16144 240
-400 16144 384
-336 16192 208
-336 16128 304
-320 16160 48
-288 16160 128
-240 16224 112
-288 16160 112
-400 16192 96
-400 16256 -16
-352 16272 -160
-384 16272 -80
-384 16256 240
-544 16256 240
-192 16208 256
-240 16240 112
-240 16160 16
-240 16176 208
-288 16144 208
-304 16144 208
-336 16160 464
-288 16272 304
-384 16224 288
-384 16224 176
-288 16160 352
-288 16128 368
-304 16128 368
-368 16112 272
-272 16160 112
-352 16144 64
-288 16176 112
-288 16272 96
-352 16272 256
-320 16208 256
-304 16272 96
-272 16176 48
-176 16160 80
-272 16176 240
-256 16192 128
-256 16192 -96
-240 16208 -96
-320 16208 32
-320 16192 192
-384 16160 16
-352 16224 80
-352 16160 160
-320 15904 160
16 16064 96
16 16144 256
-144 16144 48
-272 16224 112
-272 16208 176
-432 16224 128
-320 16224 64
-128 16128 64
16 16080 160
-96 16112 288
-80 16128 224
-144 16160 96
-224 16192 224
-224 16192 -64
-48 16176 -64
-128 16256 -176
-224 16224 -80
-272 16208 32
-256 16208 96
-256 16288 -32
-192 16288 -32
-192 16176 160
-208 16256 80
-112 16192 80
-224 16192 256
-400 16160 48
-400 16160 48
-304 16160 48
-176 16208 -80
-96 16144 -96
-224 16208 -128
-224 16224 272
-384 16224 304
-432 16160 208
-368 16176 208
-304 16192 272
-336 16160 144
-320 16144 -96
-320 16160 32
-112 16160 32
-112 16208 48
-416 16272 320
-272 16208 176
-416 16208 272
-416 16096 368
-224 16096 240
-352 16160 240
-256 16160 176
-192 16128 128
-240 16080 48
-240 16080 16
-112 16096 16
-160 16048 96
-400 16112 320
-352 16240 544
-368 16256 288
-368 16256 176
-432 16256 192
-288 16224 192
-208 16160 416
-64 16128 496
-224 16176 384
-224 16192 352
-144 16192 352
-208 16192 208
-368 16128 288
-208 16144 144
-192 16096 160
-192 16144 208
-288 16144 208
-368 16144 208
-384 16192 464
-384 16256 256
-384 16240 224
-400 16240 512
-416 16256 512
-208 16224 304
-192 16160 160
-256 16096 176
-256 16080 96
-352 16080 96
-464 16112 288
-320 16128 64
-448 16192 288
-288 16208 272
-288 16208 48
-272 16224 48
-288 16192 -208
-336 16304 -224
-384 16272 -224
-384 16304 -160
-384 16304 -16
-336 16240 -16
-416 16288 -32
-400 16304 0
-368 16160 288
-368 16208 64
-256 16208 64
-192 16224 112
-176 16240 32
-192 16176 176
-304 16160 192
-304 16112 240
-224 16112 544
-416 16192 544
-320 16224 416
-272 16192 368
-448 16128 176
-336 16176 192
-336 16176 416
-384 16224 416
-496 16224 176
-336 16208 304
-256 16224 304
-256 16224 336
-64 16208 336
-208 16224 208
-80 16160 240
-272 16128 272
-16 16096 256
-208 16096 320
-144 16048 320
-224 16160 208
-288 16176 48
-496 16192 96
-496 16192 448
-336 16256 448
-304 16224 256
-336 16160 304
-288 16208 -64
-288 16240 192
-320 16240 144
-256 16240 400
-352 16176 368
-384 16208 592
-192 16144 352
-192 16112 304
-256 16112 80
-288 16112 80
-256 16128 64
-144 16224 160
-160 16240 288
-176 16272 240
-176 16240 176
-208 16240 176
-256 16272 224
-416 16240 320
-368 16176 288
-384 16208 256
-384 16208 224
-384 16160 96
-432 16192 16
-448 16080 -32
-416 16208 64
-416 16256 0
-352 16256 -96
-512 16192 -96
-528 16160 96
-496 16160 224
-432 16272 272
-432 16272 128
-240 16224 128
-208 16176 64
-192 16192 224
-160 16192 112
-224 16160 224
-224 16160 192
-320 16144 192
-224 16160 256
-288 16128 368
-368 16112 368
-368 16096 368
-336 16096 672
-352 16080 672
-384 16176 592
-352 16224 336
-352 16288 320
-352 16224 144
-368 16224 128
-416 16272 128
-288 16256 128
-144 16176 272
-128 16240 80
-128 16240 224
-288 16240 224
-160 16224 96
-304 16208 160
-224 16272 160
-240 16304 -64
-240 16224 -160
-288 16224 -160
-160 16160 288
-272 16176 -16
-256 16272 144
-256 16208 160
-256 16208 256
-192 16192 256
-288 16192 80
-288 16144 368
-336 16128 240
-240 16144 224
-240 16224 112
-144 16224 112
-224 16352 448
-336 16240 80
-416 16240 -32
