startup(x,y,z):(-176,16144,160)
-6736 15456 -3424
-2304 15200 -96
-2304 15200 1648
-2032 16768 1648
-432 16496 928
1424 16416 -2320
800 16432 -656
64 16864 1264
-560 16544 -16
-528 16560 1984
-528 16256 1248
-576 16256 1248
-1008 16096 -544
-1072 15680 -1760
-3088 15808 -576
-4304 16272 -1680
-4304 16656 1408
-3440 16656 1408
-2112 16496 -304
-592 16208 -432
784 16176 1024
448 16288 -512
-528 16288 -80
-528 16320 -96
-656 16320 2480
-1376 16640 352
-1888 16400 -352
-1328 16400 -912
-432 16272 -912
-96 16176 -2016
-96 16080 -512
-720 16384 640
-1328 16400 1296
-1328 16400 768
-832 16400 -192
-336 16304 -192
-208 16400 176
-336 16176 -320
-480 16208 368
-352 16192 608
-352 16192 224
-256 16272 224
-208 16192 -80
-192 16128 320
-144 16144 400
-160 16096 192
-224 16096 272
-224 16096 240
-144 16192 240
-240 16112 640
-416 16176 736
-272 16288 560
-192 16192 512
-112 16144 -64
-64 16096 -128
-64 16192 80
-240 16192 80
-336 16240 48
-336 16320 464
-464 16400 528
-464 16256 416
-400 16192 144
-464 16192 144
-320 16224 176
-16 16176 176
-48 16128 80
-160 16160 448
-288 16112 224
-288 16192 288
-576 16192 288
-304 16288 -112
-112 16096 64
-288 16160 240
-272 16176 144
-272 16256 192
-16 16144 256
-224 16144 464
-128 16160 432
-144 16192 432
-32 16192 192
-224 16272 272
-240 16288 0
-240 16192 432
-160 16192 432
176 16352 336
176 16368 576
-80 16576 736
-272 16368 -144
-272 16272 304
0 16192 16
-96 16192 -64
-288 16144 -64
-352 16240 32
-336 16272 128
-272 16208 336
-272 16144 224
-272 16192 400
-352 16240 256
-432 16192 256
-384 16208 176
-144 16208 240
-272 16208 -144
-272 16240 64
-272 16240 64
-512 16240 304
-464 16192 160
-400 16176 -80
-400 16176 16
-208 16240 -192
-160 16240 16
-144 16160 16
-240 16144 208
-176 16176 240
-80 16224 -64
-176 16160 192
-176 16144 208
-368 16144 208
-256 16064 112
-304 16192 96
-336 16144 -288
-320 16192 48
-320 16240 112
-320 16272 224
-400 16272 224
-544 16288 416
-464 16224 416
-368 16224 224
-384 16144 48
-336 16128 80
-336 16128 176
-384 16112 176
-352 16144 176
-304 16128 304
-208 16128 160
-256 16144 176
-256 16080 192
-272 16112 256
-272 16112 64
-192 16144 64
-176 16192 192
-304 16224 96
-208 16176 112
-208 16176 480
-304 16192 336
-240 16128 336
-320 16096 320
-352 16160 512
-272 16192 464
-208 16192 320
-208 16240 192
-208 16256 144
-288 16256 144
-96 16304 0
-96 16272 -304
-128 16288 -272
-128 16208 -64
-64 16208 -48
-80 16176 -48
-32 16176 -256
-336 16208 -128
-304 16208 160
-176 16256 192
-192 16192 176
-192 16192 -16
-176 16208 -16
-240 16256 -48
-352 16160 304
-160 16144 176
-160 16128 96
-288 16176 224
-80 16112 144
-112 16192 80
-48 16176 32
-48 16176 -144
-160 16304 -144
-288 16288 80
-240 16336 208
-256 16208 64
-256 16272 96
-208 16272 160
-336 16176 160
-448 16160 176
-368 16192 32
-256 16112 48
-256 16176 112
-432 16160 128
-432 16128 288
-208 16128 288
-256 16096 304
-128 16096 176
-128 16160 -144
-48 16176 80
-304 16272 -112
-304 16272 224
-400 16272 224
-288 16192 160
-256 16160 48
-352 16208 96
-336 16240 -64
-336 16176 32
-336 16176 -80
-256 16288 -80
-176 16240 208
-336 16112 176
-336 16208 -48
-336 16144 32
-208 16144 208
-224 16208 96
-48 16176 96
-16 16224 208
-176 16240 336
-240 16208 144
-240 16240 304
-272 16240 304
-320 16224 208
-48 16256 80
-112 16288 -64
-96 16288 224
-128 16240 112
-224 16160 208
-224 16256 80
-288 16256 80
-304 16256 192
-304 16256 320
-384 16176 128
-384 16128 144
-352 16128 400
-432 16096 400
-256 16096 240
-336 16160 448
-304 16224 160
-176 16224 304
-304 16144 192
-304 16144 0
-304 16128 0
-208 16160 128
-336 16128 64
-304 16176 240
-304 16304 208
-352 16304 96
-288 16304 96
-272 16304 -32
-272 16272 192
-464 16288 192
-240 16304 112
-288 16192 288
-288 16192 416
-496 16256 416
-416 16192 176
-320 16192 64
-400 16160 256
-432 16192 160
-432 16192 32
-400 16192 144
-304 16176 144
-288 16176 128
-304 16256 16
-256 16304 112
-256 16240 64
-256 16240 64
-352 16256 -144
-304 16224 160
-320 16224 0
-192 16176 0
-176 16240 0
-144 16192 320
-176 16224 32
-256 16272 32
-256 16288 320
-320 16288 320
-320 16208 320
-352 16176 560
-352 16208 368
-240 16224 336
-240 16224 192
-288 16208 192
-304 16176 240
-528 16240 96
-512 16208 160
-448 16192 224
-448 16192 384
-272 16192 512
-272 16176 512
-352 16240 400
-368 16176 560
-400 16256 384
-320 16288 128
-320 16256 64
-432 16256 64
-336 16256 240
-320 16160 240
-368 16256 400
-272 16288 320
-128 16240 176
-128 16224 16
-256 16224 16
-320 16272 48
-240 16304 192
-192 16240 112
-272 16208 192
-272 16240 0
-208 16192 0
-208 16192 32
-272 16192 32
-240 16160 96
-288 16208 368
-336 16240 320
-336 16240 544
-256 16176 544
-304 16160 416
-336 16160 416
-288 16128 304
-208 16224 160
-256 16144 336
-304 16256 256
-256 16240 208
-256 16240 256
-464 16256 256
-240 16208 224
-160 16192 48
-224 16176 32
-224 16144 80
-144 16144 192
-224 16224 192
-288 16224 144
-176 16240 272
-160 16208 224
-176 16160 192
-176 16160 -48
-256 16192 -48
-96 16144 240
-208 16176 16
-288 16240 240
-288 16256 304
-352 16256 304
-336 16224 368
-288 16208 208
-288 16224 272
-320 16176 304
-320 16160 48
-320 15904 64
-176 16096 64
-272 16144 144
-272 16208 128
-192 16208 32
-160 16160 176
-160 16160 128
-144 16128 128
-208 16192 160
-224 16208 160
-272 16272 160
-320 16192 160
-320 16192 400
-240 16240 400
-368 16160 336
-352 16240 272
-208 16192 -48
-192 16192 0
-192 16176 -32
-192 16176 144
-240 16256 32
-288 16256 32
-288 16160 96
-512 16240 48
-368 16208 192
-368 16192 256
-336 16192 176
-160 16160 176
-224 16208 240
-288 16208 160
-160 16176 48
-192 16176 -48
-192 16176 -48
-192 16176 320
-336 16048 320
-288 16128 288
-368 16176 304
-432 16272 352
-432 16208 240
-384 16208 16
-384 16256 16
-320 16272 80
-384 16208 144
-496 16208 272
-416 16272 288
-272 16224 272
-272 16352 0
-304 16352 0
-240 16304 -112
-192 16176 -16
-272 16128 464
-272 16224 96
-256 16208 384
-240 16208 384
-176 16144 288
-128 16208 64
-224 16176 -16
-400 16256 272
-288 16352 224
-288 16352 144
-320 16240 144
-176 16224 160
-256 16272 -64
-224 16240 -160
-336 16256 -128
-144 16192 -64
-144 16192 160
-480 16224 128
-288 16240 128
-80 16128 -32
-304 16304 -16
-208 16336 144
-208 16240 144
-256 16240 160
-16 16208 160
-144 16192 192
-320 16192 416
-256 16208 368
-256 16256 160
-192 16256 -64
-208 16208 176
-240 16176 176
-176 16208 256
-256 16112 256
-256 16160 112
-256 16192 160
-384 16192 160
-368 16256 80
-288 16192 208
-192 16192 32
-272 16224 112
-272 16208 -240
-256 16208 48
-384 16208 80
-320 16080 80
-352 16208 96
-352 16288 -16
16 16112 128
16 16112 -160
-272 16112 -96
-256 16208 -96
-304 16208 48
-352 16240 -48
-336 16032 224
-304 16096 304
-352 16160 240
-352 16160 304
-144 16176 304
-176 16176 208
-112 16160 -16
-208 16208 192
-336 16160 208
-288 16160 128
-288 16160 -64
-384 16192 -64
-464 16192 -64
-352 16208 112
-160 16176 96
-160 16192 32
-160 16240 144
-320 16240 144
-272 16192 64
-192 16192 160
-256 16208 80
-224 16224 144
-224 16256 112
-128 16240 288
-128 16240 240
-368 16224 240
-352 16224 208
-496 16176 272
-320 16096 48
-320 16096 224
-464 16192 224
-384 16192 48
-336 16208 240
-336 16144 224
-240 16256 224
-240 16240 128
-272 16208 64
-352 16208 144
-560 16192 144
-416 16144 432
-368 16176 448
-400 16144 256
-400 16144 0
-224 16272 0
-448 16160 -32
-368 16064 16
-304 16144 -96
-384 16208 -80
-256 16144 -32
-256 16192 -48
-144 16192 208
-128 16208 80
-192 16192 144
-256 16144 -48
-160 16144 144
-240 16176 192
-416 16176 192
-352 16176 416
-288 16064 192
-208 16112 224
-64 16144 160
-64 16208 256
-256 16208 320
-288 16112 320
-368 16128 384
-512 16128 96
-608 16128 208
-608 16240 192
-832 16240 112
