startup(x,y,z):(-176,16144,160)
-512 17712 -3904
-624 18368 -1376
-624 17728 2064
352 17728 2192
-1728 17104 2192
-2320 16736 -496
-656 15472 -5632
-544 15600 1664
-2080 15792 64
-2080 15360 736
-3120 15360 736
-3744 16448 -1216
-1856 16672 -1120
-128 16096 -2464
-896 16448 -1168
-896 16192 2576
-1856 16192 1440
-1504 16336 864
-656 15984 864
-656 16176 -592
-288 16304 -880
-144 15904 304
-144 16048 -96
-416 16048 -96
-384 15984 992
-80 16272 -208
-288 16160 -464
-208 16176 -48
-352 16224 16
-512 16240 736
-384 16208 -176
-384 16208 160
-208 16208 160
-144 16176 -336
-224 16176 672
-80 16064 64
80 16128 32
128 16128 32
64 16208 -416
96 16112 -128
-32 16176 304
-192 16064 464
-192 16080 608
-256 16080 -176
-208 16176 -176
-128 16240 -80
16 16192 -208
-160 16240 112
-416 16208 240
-304 16208 0
-336 16144 0
-320 16192 -48
-304 16240 -128
-368 16288 304
-384 16224 -32
-384 16336 -64
-400 16336 -64
-160 16240 112
-352 16224 64
-256 16208 336
-96 16208 128
-96 16208 304
-288 16256 304
-160 16160 496
-176 16128 224
-192 16096 224
-240 16096 368
-144 16160 384
-144 16160 224
-256 16112 224
-256 16128 400
-128 16112 400
-128 16112 208
-160 16128 224
-192 16208 96
-192 16208 144
-272 16288 128
-320 16288 128
-256 16208 96
-32 16192 -96
-208 16224 -112
-208 16160 224
-272 16160 -32
-128 16144 -64
-416 16192 -32
-288 16128 336
-384 16176 48
-304 16192 112
-96 16256 48
0 16304 64
0 16304 544
-48 16528 544
-192 16288 -48
-304 16208 464
-368 16304 96
-368 16304 128
-528 16240 304
-624 16320 304
-400 16272 144
-288 16208 336
-288 16256 64
-240 16272 192
-240 16240 224
-208 16240 224
-128 16192 640
-304 16224 544
-144 16208 528
-144 16224 400
-192 16224 176
-160 16144 176
-288 16128 304
-384 16240 160
-416 16256 112
-400 16240 0
-400 16176 -256
-192 16176 -208
-272 16208 -208
-368 16240 -112
-480 16208 320
-496 16208 160
-352 16256 160
-272 16240 208
-272 16240 416
-400 16240 416
-320 16208 416
-224 16176 272
-192 16240 64
-272 16208 32
-224 16192 64
-224 16192 176
-192 16192 176
-256 16240 224
-464 16256 32
-272 16192 -48
-400 16256 80
-400 16256 96
-336 16208 -32
-224 16208 -32
-416 16240 -112
-272 16208 0
-224 16128 -80
-224 16240 112
-304 16240 112
-416 16320 256
-304 16208 80
-160 16176 112
-240 16192 96
-240 16192 304
-224 16176 272
-176 16176 272
-192 16176 336
-240 16160 336
-368 16288 224
-368 16208 416
-400 16192 656
-608 16176 368
-496 16272 320
-272 16304 416
-272 16272 240
-240 16240 304
-320 16240 -48
-288 16208 -48
-256 16160 32
-176 16224 -288
-256 16240 -48
-256 16240 272
-240 16080 272
-208 16080 -32
-208 16176 -32
-144 16128 80
-160 16112 176
-256 16224 272
-288 16144 368
-288 16240 176
-320 16240 0
-272 16144 0
-240 16208 0
-304 16256 32
-272 16208 144
-272 16192 208
-160 16192 208
-192 16208 -32
-240 16272 160
-208 16320 80
-208 16192 112
-224 16208 320
-224 16192 368
-176 16192 368
-288 16272 128
-80 16224 48
-144 16240 -224
-224 16224 -64
-224 16240 -48
-272 16240 336
-288 16192 336
-288 16128 304
-240 16176 240
-176 16208 352
-160 16128 240
-160 16128 176
-240 16160 176
-240 16208 176
-432 16256 0
-368 16192 16
-272 16096 112
-272 16112 176
-336 16112 176
-512 16144 288
-368 16160 288
-80 16128 416
-256 16272 144
-304 16224 112
-304 16160 240
-208 16160 240
-208 16208 208
-240 16160 144
-208 16272 144
-208 16208 352
-208 16240 288
-208 16208 256
-176 16224 80
-176 16272 -192
-96 16272 -192
-192 16256 -16
-224 16224 64
-352 16208 224
-336 16176 192
-336 16128 128
-256 16128 128
-240 16144 -224
-208 16224 -288
-288 16176 -16
-112 16128 208
-160 16176 128
-160 16176 80
-272 16176 112
-384 16192 112
-368 16144 272
-352 16208 304
-192 16208 -32
-192 16192 32
-128 16192 -80
-208 16208 -80
-192 16192 -16
-320 16256 16
-320 16272 176
-336 16176 96
-336 16128 128
-272 16128 128
-288 16160 224
-224 16128 528
-320 16224 544
-304 16272 400
-304 16272 208
-192 16240 176
-320 16224 176
-480 16240 112
-448 16240 128
-160 16208 176
-160 16240 384
-240 16240 240
-304 16256 240
-320 16256 240
-240 16240 112
-240 16224 -96
-192 16160 32
-160 16128 -160
-240 16144 -48
-240 16144 304
-320 16224 304
-304 16208 0
-320 16256 -112
-256 16208 112
-240 16240 48
-96 16240 48
-160 16192 48
-192 16144 144
-224 16208 176
-304 16240 128
-304 16256 -48
-304 16240 -128
-304 16240 -128
-192 16192 16
-304 16256 256
-384 16256 512
-320 16208 448
-320 16288 80
-176 16288 -96
-176 16208 -96
-224 16272 -160
-336 16192 -16
-352 16160 208
-128 16112 192
-128 16112 32
-32 16240 32
-80 16176 112
-336 16112 208
-288 16176 128
-256 16192 32
-256 16192 112
-96 16128 112
32 16192 0
-128 16176 224
-368 16256 256
-240 16272 128
-240 16240 160
-352 16240 160
-80 16224 176
-192 16224 64
-192 16224 416
-224 16272 336
-304 16224 224
-304 16144 96
-272 16128 160
-256 16128 64
-384 16176 64
-288 16160 48
-304 16224 -64
-432 16176 -32
-432 16160 208
-496 16160 208
-368 16208 -80
-192 16208 -144
-336 16288 -192
-352 16256 224
-336 16160 96
-336 16176 224
-320 16176 224
-208 16272 32
-288 16240 144
-176 16240 0
-192 16224 112
-192 16224 160
-352 16240 96
-192 16240 96
-160 16240 144
-304 16224 560
-192 16144 496
-208 16160 496
-208 16192 384
-432 16192 496
-368 16176 496
-416 16240 288
-304 16272 128
-432 16240 144
-432 16096 368
-288 16096 368
-400 16192 272
-176 16144 208
-224 16176 304
-160 16112 400
-208 16128 288
-208 16096 288
-96 16096 288
-64 16064 416
-160 16176 224
-176 16192 336
-256 16112 80
-320 16160 32
-208 16208 272
-208 16208 -48
-192 16224 224
-432 16224 224
-288 16176 336
-192 16128 352
-304 16224 272
-192 16160 432
-192 16160 256
-272 16160 144
-96 16144 144
-224 16128 112
-352 16144 288
-240 16144 464
-256 16176 432
-304 16256 304
-304 16256 336
-448 16080 336
-336 16192 352
-336 16176 224
-272 16192 160
-272 16176 336
-352 16176 288
-400 16144 288
-208 16064 96
-96 16112 -96
-272 16224 96
-336 16160 144
-336 16160 16
-288 16160 16
-368 16240 64
-352 16304 288
-432 16320 624
-320 16272 544
-320 16272 544
-400 16224 336
-304 16192 96
-288 16240 192
-192 16224 224
-176 16288 32
-176 16288 144
-320 16256 144
-272 16288 64
-384 16272 -48
-224 16176 240
-256 16256 192
-304 16224 96
-304 16224 -32
-272 16272 -32
-256 16160 -96
-144 16144 128
-160 16208 -96
-192 16176 96
-176 16160 32
-176 16128 336
-272 16128 336
-240 16160 272
-256 16160 256
-320 16192 176
-272 16192 160
-272 16192 224
-240 16160 32
-240 16160 -80
-208 16192 -80
-240 16160 64
-192 16144 -80
-304 16176 256
-304 16256 112
-304 16256 64
-272 16256 64
-288 16256 160
-160 16208 64
-32 16256 64
-160 16224 288
-160 16208 112
-176 16208 128
-176 16128 128
-160 16144 352
-128 16176 240
-320 16160 208
-320 16144 -96
-304 16144 -32
-272 16176 -32
-128 16192 144
-192 16256 256
-192 16240 336
-224 16224 464
-160 16240 112
-160 16240 128
-224 16224 128
-256 16144 64
-432 16160 80
-272 16112 64
-256 16208 160
-240 16192 160
-240 16192 32
-288 16208 48
-288 16224 48
-320 16272 32
-352 16192 32
-240 16112 -16
-272 16176 48
-272 16176 16
-352 16240 16
-272 16288 96
-384 16256 160
-336 16272 144
-256 16272 176
-304 16256 240
-304 16208 400
-320 16208 400
-272 16160 320
-208 16256 64
-176 16160 112
-96 16144 128
-96 16064 384
-192 16064 416
-464 16144 416
-256 16128 384
-208 16144 160
-336 16160 192
-352 16192 144
-352 16096 -144
-160 16096 -16
-192 16160 -16
-288 16128 96
-336 16128 -128
-304 16128 -16
-304 16128 0
-224 16128 -256
-160 16192 -32
-160 16176 0
-160 16144 64
-208 16224 64
-208 16144 320
-208 16192 384
-176 16192 384
-176 16176 112
-224 16240 80
-288 16272 144
-320 16272 176
-288 16208 32
-288 16144 32
-272 16144 32
-224 16112 256
-288 16224 0
-288 16224 192
-240 16208 400
-160 16192 240
-160 16160 80
-160 16160 80
0 16208 -144
-208 16224 96
