startup(x,y,z):(64,16112,144)
752 15840 2192
-784 16688 1024
-1472 14112 2512
-4800 13872 -2480
-8912 16176 1136
-2624 17456 2480
-2992 16336 -1280
-1936 15792 -3072
-4640 17056 2208
-4640 17056 1568
-3088 16768 1568
-1344 16272 -112
-848 16304 -32
-352 16448 768
-352 16144 480
32 16144 -368
-688 16448 -368
-928 16288 1120
-192 16176 672
-432 16112 1312
-416 16208 992
-224 16192 704
224 16176 144
224 16176 112
304 16192 112
352 16224 -240
368 16112 224
16 16272 144
-32 16224 688
160 16080 384
112 16080 368
112 16080 720
128 16080 720
96 16096 0
128 16288 -64
112 16160 400
112 16160 272
112 16160 32
416 16160 32
496 16128 -48
192 16144 -320
320 16112 208
-384 16320 496
-128 16160 1200
-128 16160 1024
-176 16128 1024
-128 16064 160
64 16032 0
256 16064 -32
224 16112 224
224 16368 304
192 16240 304
176 16240 384
48 16208 144
0 16176 96
-16 16128 176
-48 16112 592
-48 16144 288
48 16144 288
80 16208 176
32 16240 160
0 16192 256
64 16192 400
64 16144 192
240 16160 -96
96 16144 -144
176 16144 -32
240 16096 304
64 16160 304
64 16144 592
16 16224 608
80 16256 496
80 16144 432
160 16144 416
176 16144 416
304 16112 -64
160 16080 -304
176 16144 160
160 16128 224
144 16112 -32
144 16208 160
-32 16208 160
-80 16304 336
144 16176 -224
96 16192 -64
256 16160 -96
256 16112 16
192 16112 256
144 16160 384
80 16160 384
176 16144 224
160 16208 160
144 16240 176
144 16240 224
144 16240 256
176 16160 256
16 16128 224
64 16144 80
64 16208 64
112 16208 0
144 16208 -48
144 16112 -240
160 16112 -240
304 16128 -48
256 16192 112
208 16192 96
128 16112 128
128 16112 -16
112 16192 240
288 16128 16
48 16128 144
64 16112 256
0 16144 160
48 16064 368
96 16160 368
96 16160 352
-64 16160 352
-96 16224 352
48 16208 224
80 16192 288
224 16160 240
224 16144 240
240 16144 176
128 16096 256
80 16096 544
32 16064 544
64 16096 432
144 16064 448
176 16112 688
176 16128 576
272 16128 576
224 16144 528
256 16208 432
272 16176 224
96 16224 144
128 16192 128
128 16160 0
128 16160 48
64 16224 48
176 16144 336
208 16160 224
208 16080 176
64 16080 256
16 16096 256
96 16064 144
240 16096 160
304 16128 224
320 16080 208
256 16096 208
256 16112 288
192 16112 416
-80 16112 416
64 16144 304
192 16208 448
144 16128 464
192 16096 608
176 16176 368
224 16192 272
192 16144 352
224 16128 112
176 16192 48
192 16128 -96
192 16128 -96
128 16224 -96
128 16224 192
128 16128 272
-32 16048 128
128 16096 208
128 16144 208
80 16080 192
176 16176 480
144 16176 480
144 16160 352
0 16144 320
64 16096 192
112 16128 48
112 15872 432
208 16096 432
80 16080 448
112 16128 496
160 16112 240
144 16144 176
0 16176 -32
112 16208 0
112 16208 128
112 16208 128
96 16160 176
160 16096 112
176 16112 192
160 16048 240
160 16192 320
224 16192 432
272 16128 80
160 16192 432
144 16208 432
128 16192 544
256 16144 512
144 16208 208
144 16192 64
80 16192 64
304 16176 -112
192 16160 96
208 16144 320
112 16112 288
160 16128 416
0 16160 304
0 16176 288
144 16176 368
144 16176 464
208 16192 464
144 16192 192
112 16192 336
224 16112 256
272 16128 352
272 16128 288
288 16128 320
256 16096 448
48 16128 448
128 16096 352
144 16144 256
160 16208 272
208 16192 288
208 16096 544
192 16096 208
288 16176 208
256 16224 192
144 16208 336
96 16208 368
272 16160 272
288 16128 96
288 16176 64
272 16176 64
336 16144 0
208 16176 128
288 16176 32
304 16112 320
304 16192 208
160 16192 64
272 16288 64
416 16160 240
304 16160 240
128 16144 272
160 16128 128
240 16144 128
240 16160 128
416 16160 128
464 16208 0
320 16160 32
176 16112 176
176 16128 256
128 16064 48
288 16080 128
176 16112 48
96 16144 112
96 16128 144
112 16160 304
48 16096 496
304 16128 240
304 16144 416
304 16096 208
272 16096 208
288 16032 240
176 16112 336
96 16192 336
48 16176 288
48 16128 480
96 16176 608
96 16192 528
64 16192 528
-80 16064 432
128 16112 208
304 16080 16
288 16048 160
288 16096 112
176 16128 32
176 16112 32
112 16112 64
112 16064 64
112 16032 64
112 16128 368
80 16128 320
80 16128 16
112 16128 112
96 16096 112
-80 16144 192
80 16144 144
96 16160 160
48 16128 368
160 16128 480
160 16208 304
96 16208 304
144 16112 256
128 16112 176
32 16096 48
32 16112 208
176 16176 96
176 16160 -96
160 16176 -48
160 16176 -192
80 16240 -192
160 16128 -192
144 16128 336
160 16064 384
128 16128 336
224 16080 80
224 16144 80
96 16144 80
-48 16288 192
48 16224 160
16 16240 160
16 16160 384
48 16192 272
112 16192 256
112 16128 48
192 16128 48
160 16128 144
240 16080 176
304 16224 48
272 16144 80
272 16160 160
224 16160 336
144 16208 336
96 16208 336
16 16176 336
64 16112 160
112 16096 272
144 16144 208
144 16224 304
128 16224 496
192 16128 496
272 16112 224
208 16080 112
160 16112 240
0 16080 96
64 16160 -176
32 16192 144
32 16192 224
0 16176 224
48 16224 144
80 16128 208
112 16080 304
32 16112 160
32 16160 160
32 16240 -48
112 16144 416
0 16160 432
-16 16080 256
48 16144 208
48 16144 80
112 16160 -176
240 16160 -144
240 16208 -80
208 16192 0
272 16224 128
128 16224 112
160 16224 -32
208 16176 16
208 16176 336
144 16176 336
112 16224 -48
-32 16176 336
0 16144 240
0 16128 304
80 16224 -80
80 16224 -304
128 16144 -128
160 16112 64
128 16112 80
128 16144 80
160 16160 -32
240 16128 0
144 16096 160
96 16064 160
192 16208 160
128 16208 336
192 16224 240
160 16144 320
128 16144 48
80 16176 96
144 16128 128
144 16128 256
128 16160 256
-16 16080 176
160 16048 256
144 16112 0
192 16064 224
128 16064 304
128 16064 224
128 16112 96
128 16176 96
112 16160 176
256 16096 576
240 16144 400
240 16208 256
192 16208 272
160 16208 272
112 16192 272
176 16224 96
112 16176 32
64 16144 352
0 16128 240
0 16032 320
80 16032 192
144 16064 192
48 16096 192
16 16128 224
176 16160 112
128 16160 128
128 16112 128
96 16112 128
80 16144 240
112 16128 208
176 16176 208
176 16128 304
288 16096 352
240 16144 256
240 16144 112
112 16192 112
112 16176 240
160 16208 96
128 16144 16
128 16192 272
112 16192 304
160 16112 304
160 16064 112
240 16064 112
368 16128 64
224 16096 240
336 16032 208
144 16096 272
144 16128 240
176 16128 0
96 16176 0
192 16176 320
96 16176 352
192 16208 224
144 16176 128
160 16208 240
160 16240 224
160 16288 288
176 16288 352
176 16208 352
64 16208 176
16 16224 320
80 16208 400
144 16192 240
128 16208 384
48 16192 64
48 16192 -16
64 16208 -16
32 16144 32
16 16176 112
64 16176 32
48 16096 240
128 16112 272
128 16112 336
208 16128 336
160 16208 192
128 16176 192
160 16096 64
160 16128 336
192 16080 224
192 16080 112
176 16080 160
32 16128 160
80 16176 32
144 16192 240
128 16224 48
128 16144 288
112 16128 256
208 16160 256
208 16160 176
208 16160 176
64 16160 272
16 16144 336
208 16192 240
208 16192 192
160 16160 48
176 16160 48
96 16224 256
256 16224 160
16 16208 336
64 16272 288
-64 16208 256
-32 16224 336
-32 16144 400
128 16176 352
320 16256 128
320 16064 256
176 16096 -32
192 16128 -192
128 16160 64
240 16224 32
240 16224 -112
128 16192 -112
96 16208 96
192 16192 224
176 16160 240
176 16192 64
144 16192 128
208 16192 128
144 16128 160
128 16144 320
208 16144 336
128 16128 496
128 16160 432
128 16160 512
-64 16160 368
-48 16080 368
128 16112 64
-64 16176 176
64 16144 192
