startup(x,y,z):(224,16128,272)
5472 14768 -768
1792 15184 3536
2368 15680 2080
3264 16048 1232
3264 16048 1008
3056 15888 1008
2048 16208 2048
1680 15968 1520
1216 16080 464
688 16128 -64
688 16128 1216
720 16176 1216
672 16208 736
592 16112 112
176 16304 -64
336 16624 672
1264 16128 848
1264 16320 1152
816 16320 -304
-224 16528 -304
-400 16416 -320
-32 16208 880
272 16192 1120
272 16160 416
48 16304 -160
-32 16208 144
208 16208 144
544 16224 544
528 16224 480
336 15952 944
336 15984 -144
752 15984 -144
800 16128 368
240 16160 544
1024 16080 -160
944 16288 672
528 16096 400
144 16176 176
144 16480 48
240 16480 48
928 16128 432
672 16256 816
0 16224 64
0 16096 -96
192 16096 384
368 16144 384
224 16144 416
288 16160 224
176 16112 208
96 16112 160
320 16176 608
320 16112 496
368 16112 496
272 16208 96
336 16128 128
336 16192 144
384 16192 464
384 16224 -112
336 16224 80
320 16304 80
304 16272 192
336 16288 224
288 16240 288
224 16192 432
80 16256 336
80 16000 288
160 16112 288
176 16144 432
208 16112 336
192 16272 480
240 16320 464
240 16272 128
272 16256 352
416 16208 464
400 16208 464
336 16080 144
464 15984 176
368 15808 80
368 15840 80
256 15840 80
208 15952 -384
192 15936 -48
224 16016 -96
192 16016 -528
192 16160 64
144 16064 64
144 16064 96
80 16176 96
240 16576 592
464 16256 80
336 16160 48
336 16160 976
304 15760 1088
336 15728 1088
320 16048 336
336 16240 48
416 16336 368
384 16304 336
464 16192 16
464 16192 144
544 16192 416
384 16256 208
368 16272 160
592 16192 272
592 16160 320
320 16160 480
256 16128 480
416 16192 240
432 16016 240
336 16240 128
368 16096 -32
384 16016 320
384 16224 80
480 16224 80
544 16224 0
416 16336 224
592 16336 -80
448 16272 144
448 16224 368
448 16240 288
448 16240 288
432 16208 176
432 16192 16
368 16064 96
400 16192 448
400 16192 240
400 16192 160
400 16144 160
320 16112 240
480 16128 208
368 16096 272
384 16160 512
288 16128 336
288 16144 128
304 16144 240
208 16176 240
112 16272 256
176 16256 160
112 16128 288
0 16080 240
0 16048 384
80 16048 320
240 16144 288
384 16176 80
304 16240 80
432 16256 320
336 16256 256
320 16208 224
320 16208 224
480 16144 224
432 16256 320
464 16144 304
304 16176 160
384 16192 160
384 16144 256
224 16144 320
224 16048 480
272 16048 480
288 16112 304
336 16160 512
256 16160 384
240 16144 256
288 16160 80
352 16192 256
352 16224 304
224 16224 160
304 16208 160
400 16192 -80
352 16192 128
384 16176 256
288 16160 352
288 16176 256
224 16176 256
240 16192 112
256 16176 208
240 16224 320
304 16208 272
304 16208 64
208 16256 112
208 16256 368
336 16192 368
176 16144 272
304 16160 176
304 16208 176
304 16208 208
272 16256 208
336 16176 144
288 16256 32
240 16192 144
320 16224 128
400 16176 240
400 16192 368
192 16192 240
176 16176 240
192 16176 32
176 16160 192
176 16176 -176
240 16224 16
192 16224 -144
288 16208 -144
288 16224 224
224 16208 240
192 16144 112
160 16240 160
288 16144 336
288 16208 384
288 16208 384
448 16112 352
528 16128 400
448 16160 384
352 16176 240
352 16272 160
288 16272 160
464 16272 16
336 16240 32
208 16176 240
304 16176 256
416 16160 256
416 16096 320
224 16160 160
224 16288 192
400 16288 64
368 16288 -96
368 16272 -240
320 16272 48
256 16208 304
304 16144 304
288 16256 224
272 16192 32
144 16144 272
144 16208 240
208 16208 240
256 16128 464
304 16128 416
304 16112 208
240 16112 272
272 16192 208
240 16176 16
240 16240 -192
288 16240 -192
368 16256 -160
176 16208 48
112 16208 160
112 16112 96
288 16112 160
320 16080 160
432 16144 320
288 16144 288
112 16160 256
208 16128 272
400 16080 304
224 16160 320
224 16160 432
208 16080 432
272 16176 288
352 16192 128
304 16208 80
416 16192 80
416 16192 48
272 16208 48
272 16192 64
288 16176 64
224 16176 96
304 16208 32
304 16144 144
304 16144 144
416 16208 144
400 16176 336
384 16192 320
400 16160 48
400 16176 256
240 16176 112
208 16240 176
272 16128 176
384 16160 0
320 16160 -80
352 16096 240
352 16144 192
448 16144 192
400 16096 208
368 16128 416
384 16144 208
448 16128 -272
448 16144 -80
400 16144 160
416 16208 240
320 16208 240
496 16192 224
272 16192 208
400 16192 160
400 16160 160
416 16160 48
368 16112 48
320 16176 144
304 16112 176
352 16208 304
400 16240 368
352 16176 320
304 16240 368
304 16224 256
464 16224 256
400 16128 0
320 16144 16
400 16176 -32
432 16256 64
432 16256 256
368 16256 256
272 16256 336
336 16176 560
368 16208 336
240 16256 368
176 16256 336
176 16256 464
384 16224 464
400 16224 528
240 16160 560
224 16192 320
224 16208 -144
256 16208 32
256 16240 32
224 16208 176
96 16176 272
256 16176 368
128 16208 256
128 16208 240
336 16208 240
288 16064 512
96 16144 368
384 16128 336
400 16192 304
352 16208 96
352 16208 80
416 16160 32
304 16160 144
304 16176 144
256 16240 16
336 16256 -16
304 16240 32
224 16176 -32
192 16192 96
192 16320 192
288 16240 160
288 16208 -32
464 16176 0
352 16176 112
352 16176 -160
384 16208 -160
352 16192 272
336 16160 176
320 16176 272
320 16208 320
240 16208 208
256 16208 208
176 16176 240
288 16144 256
240 16208 368
224 16192 256
224 16208 304
320 16208 400
192 16224 400
240 16176 576
272 16224 496
16 16192 352
240 16272 304
256 16272 64
496 16208 64
400 16176 176
192 16128 112
176 16128 32
432 16112 96
160 16128 80
160 16192 -48
176 16192 80
208 16224 80
240 16288 320
304 16208 480
384 16224 208
352 16288 288
352 16224 208
288 16208 208
256 16208 32
368 16256 32
432 16224 128
320 16256 144
400 16176 48
400 16176 160
432 16144 160
368 16064 176
256 16048 320
256 16160 288
256 16144 336
272 16144 336
416 16192 320
416 16192 464
400 16208 464
112 16160 528
112 16160 400
224 16144 400
224 16224 384
304 16224 384
352 16304 352
288 16256 64
160 16240 16
288 16272 -16
304 16224 256
304 16192 224
288 16192 432
224 16176 432
288 16160 256
352 16224 208
320 16144 336
320 16144 192
288 16144 192
368 16160 208
432 16160 160
384 16128 176
336 16272 304
272 16304 336
272 16224 496
272 16224 496
240 16320 112
256 16256 160
352 16288 336
208 16192 -16
208 16160 80
176 16160 -80
176 16144 -16
160 16144 -64
144 16144 -64
224 16192 96
240 16144 -96
304 16192 176
304 16192 304
304 16160 304
320 16160 304
288 16080 128
288 16096 608
288 16240 400
288 16224 272
224 16192 192
288 16144 288
288 16144 256
320 16192 256
256 16208 288
240 16192 112
208 16192 176
208 16208 320
192 16208 320
176 16176 544
288 16144 208
384 16144 48
384 16192 -64
256 16240 -32
256 16176 240
272 16176 432
240 16176 432
384 16176 336
496 16176 416
496 16192 320
288 16192 320
240 16224 144
272 16224 448
288 16160 256
416 16080 176
496 16112 224
496 16160 336
480 16160 336
304 16128 320
320 16208 496
224 16176 592
224 16144 400
224 16272 208
224 16272 208
320 16192 288
336 16192 288
288 16208 256
224 16176 96
304 16176 160
304 16160 176
304 16160 176
320 16272 240
240 16240 320
368 16192 16
400 16208 64
400 16144 224
336 16192 464
368 16192 368
288 16192 400
256 16224 400
192 16112 336
320 16256 320
336 16160 176
336 16160 176
400 16160 224
288 16224 224
320 16224 304
224 16192 256
288 16224 304
288 16256 656
240 16192 384
240 16192 112
320 16160 112
368 16128 288
384 16112 368
400 16128 160
400 16144 96
368 16144 96
480 16256 192
400 16240 256
416 16160 256
368 16064 256
464 16096 176
