startup(x,y,z):(224,16128,272)
880 15840 3632
944 15248 -1248
-720 14976 -80
-720 15728 -928
-608 15728 -928
-688 15888 -336
-128 15760 1648
80 15904 384
592 15584 -1200
-192 15744 -2032
-192 16208 -656
-1328 16208 -144
-416 16384 -176
128 16384 -352
96 16320 352
-128 16112 544
-64 16224 80
-64 16096 -304
0 16176 -144
-144 16176 400
-32 16240 400
-112 16160 -16
192 16192 160
432 16224 608
432 16224 288
208 16272 176
384 16224 176
224 16144 112
320 16272 672
256 16208 528
112 16176 96
64 16144 0
64 16144 144
320 16192 144
464 16320 16
224 16288 128
272 16320 -16
224 16288 -64
224 16288 240
288 16272 240
272 16192 272
256 16208 16
240 16240 176
464 16240 144
240 16336 448
240 16192 240
160 16192 -32
208 16160 -32
256 16144 128
304 16112 112
352 16176 176
400 16160 224
400 16176 272
288 16208 272
288 16176 144
320 16176 448
176 16176 448
240 16224 160
224 16176 288
224 16208 176
224 16208 320
224 16176 352
480 16112 352
336 16112 128
400 16096 160
416 16192 224
352 16144 448
352 16192 336
352 16192 448
304 16176 448
272 16256 192
208 16256 304
336 16176 208
304 16144 240
304 16144 144
288 16160 144
416 16224 160
288 16160 208
224 16160 112
112 16176 208
320 16192 160
320 16160 -32
256 16160 -32
144 16256 -144
224 16144 64
288 16144 240
272 16160 304
352 16160 352
272 16160 112
272 16160 336
112 16064 336
256 16064 352
192 16048 272
240 16128 256
320 16192 80
272 16112 224
272 16112 448
160 16112 448
96 16192 368
112 16160 544
144 16208 240
288 16192 272
208 16256 192
208 16240 464
288 16240 480
208 16272 480
288 16208 480
288 16176 368
368 16224 576
320 16192 320
320 16192 224
304 16160 256
336 16160 368
304 16144 368
352 16208 464
368 16208 352
384 16272 352
384 16208 352
336 16208 256
208 16208 256
320 16240 304
272 16240 336
368 16192 304
448 16176 304
320 16208 272
320 16176 400
432 16176 400
336 16160 384
336 16192 144
288 16176 208
336 16176 416
336 16240 352
304 16240 640
208 16192 640
256 16160 336
256 16176 384
384 16256 128
288 16208 304
224 16224 272
224 16224 544
256 16096 480
208 16064 464
320 16080 544
272 16064 544
416 16176 464
384 16144 336
272 16192 320
224 16256 256
176 16176 256
176 16176 256
192 16240 256
192 16208 176
400 16192 64
352 16160 112
288 16112 176
288 16112 80
384 16128 80
336 16224 128
304 16224 224
384 16256 -48
464 16240 192
400 16192 256
400 16144 0
448 16144 0
448 16208 288
496 16192 160
384 16128 320
320 16160 464
320 16160 560
240 16208 560
192 16208 384
304 16272 384
208 16272 48
192 16256 240
240 16240 352
240 16240 544
128 16240 544
224 16176 624
352 16128 416
272 16144 448
240 16192 240
240 16192 336
272 16128 336
272 16128 144
192 16176 144
160 16240 160
240 16288 -48
256 16224 48
256 16240 64
208 16224 128
304 16224 128
288 16304 160
304 16304 160
336 16240 304
320 16208 208
208 16272 192
208 16224 224
192 16224 480
128 16208 368
208 16208 256
256 16192 0
256 16176 -112
272 16176 80
288 16160 80
352 16144 240
160 16160 352
160 16112 288
192 16144 576
192 16144 640
64 16160 640
304 16176 368
336 16144 592
336 16080 416
336 16160 256
336 16160 144
256 16192 144
240 16192 176
256 16256 96
256 16288 0
384 16256 96
384 16208 192
304 16208 192
96 16224 192
288 16160 208
240 16096 368
288 16112 176
288 16096 240
272 16096 368
272 16160 368
384 16160 368
416 16112 368
320 16112 144
224 16128 112
240 16112 112
240 16112 320
304 16192 352
240 16144 144
224 16240 144
240 16240 -32
224 16160 304
208 16128 272
320 16144 192
320 16192 176
304 16192 240
352 16272 240
400 16096 272
448 16176 0
448 16144 112
192 16144 208
192 16240 208
144 16240 240
224 16240 336
128 16224 160
160 16208 112
288 16208 272
288 16208 160
352 16160 160
400 16176 144
192 16128 96
192 16144 176
144 16176 176
176 16176 176
416 16176 48
336 16240 192
288 16192 240
288 16176 176
240 16176 208
240 16112 432
272 16112 432
288 16240 192
256 16272 224
224 16272 192
224 16192 0
224 16192 144
288 16128 144
448 16080 64
192 16080 64
304 16176 304
416 16176 400
368 16224 304
368 16224 336
192 16240 336
288 16272 240
368 16224 224
336 16176 592
224 16208 560
224 16192 544
384 16192 544
416 16144 336
432 16144 432
400 16208 208
480 16192 208
512 16176 384
512 16192 320
384 16192 320
304 16160 304
288 16160 144
272 16240 352
272 16224 32
272 16224 64
256 16192 64
272 16160 176
240 16192 112
320 16208 288
288 16224 176
288 16224 144
352 16224 144
160 16160 -80
336 16160 128
288 16192 80
304 16224 -16
304 16224 208
400 16160 208
304 16144 192
240 16272 352
384 16256 288
448 16224 0
448 16208 256
144 16208 256
144 16272 272
160 16192 144
384 16256 -32
336 16256 304
336 16256 304
368 16240 320
336 16192 528
288 16096 256
288 16160 224
352 16224 144
352 16224 32
416 16208 32
176 16192 224
160 16240 208
240 16240 400
240 16256 160
368 16240 176
384 16144 240
384 16272 176
272 16272 224
384 16176 224
400 16176 288
304 16160 128
336 16176 160
336 16176 352
208 16160 352
336 16128 368
224 16160 256
304 16096 128
400 16176 112
544 16208 272
544 16208 64
384 16160 64
320 16176 -80
304 16192 -128
384 16208 64
384 16208 128
192 16208 128
368 16160 112
240 16128 336
336 16128 320
368 16112 320
304 16240 464
304 16256 464
272 16256 464
304 16208 224
256 16240 160
304 16288 208
304 16272 432
256 16256 304
256 16256 448
256 16256 448
240 16224 224
224 16240 64
320 16208 80
560 16112 64
560 16160 256
384 16160 256
288 16208 368
240 16224 272
272 16160 176
304 16176 208
288 16240 -48
288 16224 96
288 16224 160
384 16176 96
432 16176 320
368 16128 320
480 16112 32
304 16176 368
80 16208 240
80 16208 416
128 16176 416
176 16272 384
304 16176 208
416 16176 144
336 16256 240
368 16256 400
368 16256 256
416 16256 256
448 16256 32
512 16240 160
448 16208 64
448 16224 -144
368 16224 128
272 16256 128
256 16192 80
160 16208 336
224 16208 96
288 16160 256
368 16176 240
368 16176 272
240 16160 272
352 16192 64
352 16144 352
288 16112 80
288 16224 192
224 16224 112
224 16192 112
272 16208 128
432 16192 288
384 16224 272
208 16192 496
208 16224 384
224 16224 384
80 16128 480
128 16128 368
272 16160 352
256 16192 48
256 16288 160
256 16192 80
304 16192 80
192 16272 208
272 16240 224
288 16160 48
288 16112 -48
240 16192 160
240 16192 112
320 16240 112
368 16240 208
208 16288 96
256 16224 -176
256 16192 -96
368 16192 112
272 16224 112
192 16160 256
208 16144 320
288 16192 320
288 16336 336
304 16336 336
352 16224 432
256 16176 432
272 16208 96
208 16256 96
208 16256 16
320 16144 16
432 16160 272
352 16112 160
320 16192 64
208 16224 144
208 16272 240
160 16272 384
192 16256 384
176 16192 352
256 16144 192
240 16160 576
352 16208 368
352 16208 400
336 16208 128
320 16208 48
304 16272 48
224 16256 -64
400 16224 160
448 16256 176
448 16256 432
288 16256 192
272 16256 192
352 16176 416
224 16176 336
176 16128 400
352 16192 288
192 16128 208
192 16224 112
256 16224 112
48 16160 208
128 16208 208
96 16128 288
96 16160 432
240 16160 96
416 16208 96
384 16224 320
432 16064 16
304 16144 144
336 16176 224
432 16224 336
432 16224 -96
448 16288 -96
400 16208 176
368 16224 192
336 16240 336
336 16224 112
304 16224 -64
160 16240 -64
128 16192 176
144 16176 256
304 16208 176
304 16272 272
304 16256 208
416 16256 208
352 16176 272
176 16208 416
96 16240 512
208 16176 256
