startup(x,y,z):(224,16128,272)
-2528 15104 1072
-3360 15312 -5568
-2176 15312 -4416
-1536 15520 -4416
-2336 16128 -2464
-1664 15888 -1376
-1104 15968 -1344
-1184 16320 -1312
-1088 16224 -608
-1088 16480 -1872
-912 16480 -1200
-672 15920 -1200
-128 16224 -496
-64 15872 -576
-272 16176 -656
-176 16160 -640
-176 16336 192
-288 16336 704
128 16528 608
1056 15984 608
832 16416 1040
352 16464 512
528 16304 -208
528 16336 528
736 16336 528
784 16112 944
448 16240 832
496 16256 240
560 16112 256
560 16112 848
640 16144 784
576 16144 -240
320 16224 -32
336 16096 240
336 16160 464
512 16208 576
560 16192 -128
432 16208 -48
432 16208 544
320 16224 544
192 16256 432
224 16272 224
144 16192 -112
304 16192 -160
272 16160 384
272 16176 448
128 16176 448
96 16208 144
144 16176 -16
224 16288 160
320 16160 48
320 16208 -96
240 16208 -96
224 16208 -160
240 16272 -80
160 16336 48
160 16336 96
112 16336 176
32 16272 176
112 16208 80
272 16224 -208
256 16240 112
256 16176 192
256 16176 288
448 16272 288
464 16224 176
288 16176 144
208 16064 224
208 16064 96
384 16128 96
368 16080 208
384 16080 256
384 16192 336
384 16144 304
304 16144 464
480 16160 464
560 16144 256
448 16176 576
240 16240 368
240 16144 304
224 16144 544
208 16144 544
224 16208 512
160 16256 480
128 16256 352
128 16240 240
160 16240 256
464 16128 256
416 16160 256
256 16176 128
192 16256 352
192 16224 384
48 16224 384
112 16240 352
368 16176 480
400 16144 336
400 16192 368
336 16192 368
464 16160 240
416 16096 224
320 16080 272
336 16144 400
336 16144 576
288 16208 -192
432 16192 -16
464 16144 0
400 16240 304
400 16240 512
400 16240 512
320 16128 320
320 16096 128
224 16224 224
224 16272 272
176 16272 272
272 16208 464
304 16144 224
304 16144 304
320 16144 384
320 16144 288
240 16128 288
304 16176 272
240 16176 256
288 16240 240
288 16240 176
336 16240 32
336 16288 32
352 16208 160
304 16176 208
256 16272 192
256 16272 -48
272 16176 -48
240 16128 160
64 16192 192
208 16128 176
208 16192 208
144 16192 208
272 16144 208
208 16128 256
240 16112 32
160 16192 16
160 16272 96
144 16272 96
176 16160 96
128 16256 112
80 16320 272
80 16240 352
192 16240 240
320 16256 240
128 16192 288
224 16240 288
256 16160 256
288 16128 224
288 16128 144
368 16144 144
448 16224 144
384 16208 368
384 16272 304
384 16272 240
480 16176 240
336 16160 272
240 16224 32
160 16240 304
160 16208 288
192 16208 224
352 16208 224
352 16192 496
160 16192 240
240 16272 80
240 16272 80
208 16336 80
208 16272 192
272 16208 240
304 16160 384
304 16160 432
192 16240 432
96 16256 320
272 16144 432
224 16144 320
224 16224 128
272 16224 368
272 16240 368
240 16192 464
272 16224 384
144 16256 384
144 16160 320
160 16160 160
192 16144 160
288 16096 480
432 16112 352
304 16176 288
304 16112 432
224 16112 320
64 16208 320
192 16240 272
288 16192 32
288 16208 192
256 16208 256
304 16256 256
288 16192 144
288 16144 224
384 16160 288
256 16192 176
256 16112 192
224 16112 416
208 16192 416
352 16192 352
336 16272 48
368 16192 128
368 16192 128
304 16352 48
208 16304 48
304 16256 160
352 16144 160
496 16144 192
496 16240 192
416 16240 224
272 16176 224
336 16208 288
272 16128 112
352 16224 240
352 16176 272
112 16176 272
144 16192 272
240 16144 304
336 16224 272
336 16208 144
336 16240 64
320 16240 144
400 16192 144
336 16192 96
288 16160 288
288 16128 176
160 16144 352
160 16096 352
192 16112 288
368 16176 752
320 16208 592
320 16192 208
384 16192 464
352 16144 352
480 16208 272
336 16160 288
336 16064 176
304 16064 176
384 16000 352
240 16096 448
224 16112 672
336 16160 240
336 16096 304
272 16096 256
352 16112 256
176 16096 288
176 16144 592
176 16192 544
192 16192 320
144 16288 320
224 16224 304
224 16224 416
288 16176 288
144 16176 176
144 16176 192
192 16112 192
160 16176 112
336 16112 400
272 16224 320
272 16224 256
432 16112 256
448 16032 96
400 16112 160
304 16176 272
304 16160 160
320 16160 16
336 16112 16
400 16096 96
480 16128 240
368 16144 224
368 16144 112
432 16144 112
176 16096 128
240 16080 -64
240 16176 160
240 16176 336
224 16176 336
176 16288 336
240 16288 128
384 16272 144
416 16208 240
256 16224 192
256 16224 256
256 16272 256
224 16272 144
96 16304 -32
112 16176 336
112 16176 336
208 16128 544
304 16176 544
240 16144 384
304 16192 176
224 16224 144
224 16336 256
224 16336 256
240 16304 368
368 16208 448
272 16192 240
272 16144 496
336 16144 496
304 16176 272
304 16144 48
304 16080 240
80 16064 288
80 16112 192
192 16112 304
160 16112 304
256 16160 320
272 16112 304
272 16128 208
272 16128 336
272 16128 336
240 16176 368
272 16144 432
304 16176 704
304 16192 496
384 16192 464
240 16160 464
336 16160 496
240 16144 640
288 16144 416
288 16176 288
368 16176 288
400 16160 352
416 16144 -32
368 16128 176
448 16080 80
448 16144 208
368 16144 112
224 16192 112
272 16208 80
384 16160 80
400 16160 224
400 16144 -48
400 16144 -48
352 16144 112
336 16160 352
432 16144 256
320 16144 240
320 16128 448
128 16128 448
272 16112 288
272 16112 128
512 16048 208
400 16064 80
400 16064 96
256 16128 96
416 16096 160
288 16176 112
336 16240 144
336 16208 384
320 16208 384
304 16224 272
240 16208 80
304 16192 128
272 16272 160
272 16272 192
304 16208 192
432 16176 112
448 16176 112
352 16176 208
352 16096 256
256 16096 96
288 16112 96
448 16272 112
304 16208 336
448 16240 320
448 16240 448
288 16208 448
336 16192 320
384 16176 544
336 16160 416
336 16128 464
288 16128 256
240 16144 256
368 16144 352
256 16144 320
272 16160 352
256 16176 208
256 16176 336
160 16224 336
240 16160 224
272 16112 496
240 16112 336
240 16112 272
416 16160 272
400 16144 -48
384 16176 48
416 16128 160
384 16160 192
384 16192 384
272 16192 384
320 16176 320
160 16192 448
272 16160 736
272 16160 608
256 16256 608
64 16176 512
112 16176 240
48 16208 96
112 16224 144
112 16224 192
160 16288 192
368 16176 448
448 16144 304
352 16176 416
352 16176 368
288 16176 368
208 16224 224
240 16208 -128
480 16128 16
384 16112 144
384 16112 -16
144 16176 -16
384 16160 32
320 16128 192
416 16144 176
416 16160 -16
336 16160 -16
304 16160 -64
256 16144 128
352 16128 16
352 16224 -176
320 16224 -224
272 16128 -224
400 16240 -64
240 16240 16
272 16240 -16
272 16176 128
272 16128 112
336 16128 112
320 16192 160
400 16160 128
304 16208 480
304 16208 512
224 16208 448
160 16208 448
256 16160 304
112 16224 320
224 16240 176
224 16240 208
144 16208 208
240 16160 48
288 16240 48
288 16256 208
304 16208 80
352 16176 -16
272 16224 128
272 16224 64
240 16240 64
272 16240 112
272 16192 112
288 16144 224
288 16112 0
336 16112 0
272 16176 208
448 16128 128
528 16080 224
528 16112 80
480 16128 304
240 16176 144
240 16224 128
304 16224 128
272 16192 176
240 16176 352
240 16096 336
240 16208 256
272 16208 256
256 16112 384
240 16208 272
224 16160 624
112 16192 400
336 16192 64
352 16144 64
400 16112 176
336 16144 64
320 16192 176
320 16176 64
288 16176 64
400 16192 96
336 16144 256
304 16224 144
304 16192 304
320 16192 320
112 16208 320
192 16256 272
288 16192 320
272 16208 448
272 16112 320
256 16112 320
176 16144 736
272 16160 448
256 16160 144
256 16208 256
144 16208 192
192 16288 192
304 16224 400
336 16208 208
320 16224 32
352 16208 208
352 16208 304
432 16144 304
336 16064 176
496 16096 128
464 16176 176
464 16176 240
