startup(x,y,z):(224,16128,272)
2304 14704 5696
4656 14224 144
4080 14912 -432
2512 14880 4768
3104 14656 2864
3360 15824 2032
2832 15408 1120
2096 15680 1920
2096 15872 1712
2192 15872 752
2112 16016 752
1392 16240 -16
1024 16336 624
736 16304 1008
432 15696 1360
896 15984 64
896 16096 608
800 16096 576
-80 16064 576
112 16080 -608
272 16544 368
496 16048 576
496 16368 992
128 16368 192
160 16128 192
336 16288 176
384 16256 560
272 16256 784
240 16336 512
368 16192 -64
368 16192 704
272 16336 704
192 16272 928
256 16160 640
240 16208 32
464 16240 336
464 16240 512
528 16176 752
432 16160 -48
256 16160 -48
432 16176 -96
496 16192 112
400 16128 608
400 16144 416
400 16208 208
464 16208 160
368 16224 160
288 16256 288
304 16256 224
320 16320 576
144 16384 288
192 16400 272
160 16288 304
160 16288 384
304 16224 384
384 16112 560
512 16208 336
496 16256 304
368 16224 368
368 16160 368
384 16080 336
400 16048 240
368 16048 240
272 16128 496
288 16128 240
304 16224 240
304 16176 496
208 16176 176
400 16320 176
288 16320 256
304 16192 640
304 16224 304
352 16192 384
400 16080 288
448 16176 176
448 16208 80
448 16208 -112
496 16208 -112
416 16256 272
368 16256 112
368 16176 176
288 16288 176
288 16192 -160
288 16192 -80
240 16240 48
288 16240 416
192 16240 416
128 16208 160
320 16112 -320
320 16128 -192
352 16128 -384
320 16272 -48
80 16272 -48
112 16256 16
192 16304 304
224 16208 304
240 16192 272
256 16272 336
224 16192 368
224 16160 528
160 16160 320
288 15968 320
336 16064 224
272 16128 64
224 16224 112
192 16224 224
192 16272 112
208 16240 -48
192 16240 96
416 16240 96
560 16240 192
368 16288 -64
464 16272 144
464 16272 0
320 16272 0
400 16240 416
480 16208 112
512 16144 80
448 16128 160
320 16112 288
240 16128 144
304 16144 432
304 16160 464
400 16160 464
432 16096 288
400 16128 256
208 16160 112
96 16256 128
96 16208 144
96 16208 240
160 16144 272
240 16192 32
96 16208 32
192 16192 64
240 16144 400
256 16192 384
256 16160 352
240 16176 288
240 16096 192
144 16096 192
80 16192 320
208 16144 464
160 16192 416
272 16160 432
256 16176 240
240 16096 304
240 16176 368
352 16176 464
432 16240 464
368 16208 576
144 16144 256
288 16352 128
464 16288 224
368 16288 160
272 16208 112
272 16208 96
192 16256 96
128 16176 64
192 16208 112
240 16160 80
272 16144 160
272 16176 336
416 16176 336
384 16208 128
208 16224 528
144 16176 608
320 16352 432
272 16320 320
400 16256 288
400 16256 288
544 16240 288
528 16192 320
496 16192 80
560 16240 304
320 16176 288
320 16176 384
240 16176 400
240 16176 336
112 16176 624
176 16304 624
240 16256 576
464 16320 624
512 16160 640
432 16208 64
576 16384 192
576 16384 496
624 16096 496
592 15888 -96
544 15840 192
0 16432 480
-144 16512 384
32 16512 944
32 16496 1200
368 16496 1200
288 16336 704
16 16320 768
144 16368 320
256 16288 256
256 16048 832
240 16096 496
256 16240 -16
160 16240 240
176 16336 240
336 16128 416
384 16240 -112
384 16128 -224
384 16128 -112
224 16128 -64
176 16208 -64
256 16176 64
176 16160 96
112 16096 48
240 16144 416
144 16160 176
192 16160 368
192 16080 544
160 16080 544
208 16080 80
224 16208 -96
208 16272 336
432 16208 224
432 16192 288
416 16192 224
336 16224 192
336 16224 48
240 16208 48
176 16240 336
256 16272 352
416 16224 320
416 16176 592
368 16192 688
320 16192 640
256 16176 640
176 16208 592
336 16256 192
336 16176 304
288 16192 560
240 16224 368
304 16208 272
304 16208 0
528 16192 0
336 16144 32
320 16208 192
304 16240 64
352 16256 320
352 16256 336
176 16256 288
272 16224 64
256 16224 192
224 16192 320
272 16192 208
272 16208 160
256 16208 224
368 16240 320
368 16240 320
128 16256 272
112 16288 -64
112 16192 128
320 16176 192
288 16240 240
288 16240 192
176 16320 192
176 16240 128
336 16128 -112
368 16128 -80
368 16128 64
400 16128 256
320 16192 256
272 16160 224
304 16208 288
320 16192 320
384 16176 384
336 16096 304
336 16096 272
512 16096 272
480 16128 352
368 16112 432
352 16208 320
256 16176 288
288 16144 240
288 16208 160
256 16208 128
256 16256 320
304 16256 448
240 16208 448
304 16208 432
448 16160 240
176 16176 352
176 16112 208
144 16112 224
304 16176 224
272 16192 288
272 16192 496
352 16160 512
432 16144 448
304 16224 352
304 16224 32
432 16256 32
432 16192 192
320 16224 -16
448 16240 16
336 16208 160
336 16208 16
336 16240 16
416 16320 -176
368 16208 112
336 16240 96
224 16192 112
256 16192 112
256 16192 176
256 16176 176
272 16240 256
192 16240 320
240 16192 640
240 16160 464
240 16176 560
384 16288 512
400 16288 512
320 16288 512
288 16208 432
304 16208 304
240 16208 176
240 16144 384
128 16144 416
160 16208 400
224 16176 400
240 16256 416
272 16160 352
368 16160 288
528 16192 48
480 16176 16
400 16208 -32
400 16192 80
288 16192 80
288 16176 288
336 16112 144
400 16144 240
400 16128 -48
576 16096 192
448 16112 112
304 16144 112
304 16160 256
304 16160 256
528 16128 128
400 16192 144
272 16208 224
272 16208 304
176 16208 240
208 16208 240
272 16160 416
336 16128 208
384 16112 208
208 16192 272
272 16208 16
336 16288 80
320 16192 144
320 16192 256
272 16208 256
272 16224 192
80 16224 336
176 16208 176
240 16224 176
240 16192 416
256 16176 272
240 16112 -80
256 16256 -48
384 16272 176
304 16240 512
224 16192 384
240 16224 176
320 16240 224
320 16176 -176
224 16176 -176
128 16240 -128
112 16240 16
224 16192 16
256 16144 80
144 16208 176
208 16240 128
208 16160 112
112 16160 144
208 16208 144
256 16224 144
304 16176 512
400 16256 400
336 16208 320
400 16176 400
400 16224 400
272 16224 400
448 16304 288
384 16192 400
352 16176 256
352 16176 240
176 16128 288
112 16128 288
48 16144 256
64 16256 432
288 16240 112
288 16176 208
208 16224 48
208 16176 16
128 16176 16
208 16176 128
208 16224 160
352 16208 160
304 16224 80
304 16224 -64
224 16224 -64
112 16320 96
80 16208 448
336 16176 176
304 16176 320
368 16080 144
368 16064 96
384 16064 96
400 16112 272
352 16160 224
304 16160 304
304 16176 288
384 16192 224
352 16208 256
352 16176 304
352 16224 448
384 16224 240
416 16224 240
336 16224 176
400 16144 288
432 16176 176
368 16176 256
368 16192 192
480 16192 192
368 16304 144
320 16288 32
368 16208 192
192 16240 320
160 16240 208
160 16240 208
224 16240 208
384 16272 96
432 16208 224
352 16192 272
352 16240 272
352 16240 160
352 16192 160
256 16176 80
272 16208 176
304 16144 0
176 16160 144
240 16144 -48
352 16096 224
352 16096 384
416 16160 384
352 16240 160
288 16256 32
352 16288 144
288 16208 176
240 16176 288
256 16176 208
256 16176 320
192 16160 320
240 16096 288
240 16128 176
288 16176 192
288 16128 80
272 16144 64
272 16144 304
224 16112 304
240 16112 288
160 16176 144
176 16112 224
96 16128 368
208 16128 480
208 16192 384
304 16192 384
256 16304 320
256 16208 176
304 16128 512
192 16144 432
192 16144 128
272 16112 176
240 16160 320
208 16272 304
224 16288 384
272 16272 256
272 16272 224
160 16304 224
240 16224 192
320 16208 544
224 16192 368
224 16096 320
368 16096 240
384 16192 192
416 16192 448
304 16208 352
288 16256 320
320 16176 176
320 16176 288
384 16176 288
592 16144 288
480 16208 0
320 16224 64
336 16160 -144
336 16176 16
320 16176 336
192 16176 432
112 16144 432
160 16240 320
272 16208 256
144 16224 368
144 16224 576
176 16208 304
256 16224 304
