startup(x,y,z):(160,16240,336)
208 16128 1056
416 16128 992
400 16144 1104
400 16208 1248
208 16128 1280
160 16144 1120
-32 16224 1072
-48 16192 1088
-48 16144 1216
192 16144 1216
128 16224 928
-96 16224 816
0 16224 848
160 16144 880
160 16160 928
240 16160 1184
48 16144 1104
128 16192 928
256 16176 784
272 16128 1040
336 16080 1040
96 16128 1008
240 16208 1072
144 16208 880
176 16192 1056
176 16144 1104
224 16144 1024
224 16256 1024
224 16240 992
256 16224 1008
112 16224 1136
112 16192 912
160 16192 912
160 16160 912
144 16192 1104
256 16160 944
32 16144 1072
64 16112 1024
64 16112 1088
80 16128 912
160 16128 1008
208 16128 976
160 16144 768
288 16144 768
272 16128 912
320 16160 960
160 16208 1072
240 16224 1056
240 16208 1056
208 16208 1056
256 16256 1152
224 16192 688
288 16240 800
320 16128 800
272 16128 1056
336 16144 752
304 16192 784
304 16256 704
240 16288 912
16 16288 912
144 16256 800
128 16224 912
144 16176 816
128 16208 768
192 16192 752
176 16144 864
160 16224 880
64 16256 1008
64 16256 1040
288 16208 1040
304 16272 992
224 16240 1056
288 16224 1040
272 16240 1040
176 16272 960
256 16288 880
128 16256 1024
208 16176 496
16 16160 912
16 16192 1072
272 16192 976
288 16128 976
160 16160 928
-64 16176 880
-112 16160 832
-32 16112 928
64 16192 960
48 16192 992
32 16192 816
80 16160 928
80 16160 848
224 16240 1024
-32 16224 1024
128 16160 1072
-48 16208 1152
144 16256 1120
192 16240 1104
240 16144 1168
320 16160 1088
288 16096 944
224 16128 832
224 16128 816
192 16160 816
176 16256 704
240 16160 832
176 16176 912
128 16096 1072
208 16080 1296
144 16192 1232
96 16176 976
96 16176 1152
192 16192 1152
64 16240 1040
128 16208 1136
80 16240 1184
208 16192 1216
208 16192 1264
208 16224 1152
96 16176 1024
112 16160 960
80 16208 928
80 16176 1024
64 16176 1024
96 16192 912
192 16112 928
208 16112 976
-32 16144 1024
-32 16192 944
272 16224 928
272 16160 912
176 16240 880
176 16208 768
400 16208 656
224 16208 656
432 16192 656
352 16144 832
368 16096 784
208 16096 832
208 16096 912
288 16128 912
224 16176 704
192 16176 832
48 16176 688
192 16112 688
336 16112 880
368 16144 896
352 16112 1008
128 16192 928
128 16192 880
32 16224 880
-208 16256 784
-96 16192 864
96 16192 912
96 16128 928
160 16160 1008
304 16176 1200
224 16128 1152
224 16128 1056
352 16144 928
368 16144 928
288 16176 912
176 16192 944
240 16192 976
272 16256 1088
240 16192 1072
288 16160 1008
208 16176 1024
192 16176 1024
192 16208 1008
208 16208 1120
112 16208 1120
160 16144 976
240 16192 1056
272 16144 1024
352 16240 912
208 16240 1200
208 16208 1120
320 16176 1136
304 16144 1040
304 16144 1056
144 16192 1056
144 16176 1104
32 16176 1152
96 16160 1104
96 16224 1008
32 16208 992
160 16192 896
304 16144 864
224 16160 1008
224 16160 1072
128 16128 1072
208 16128 944
272 16144 1072
288 16192 1024
240 16176 864
240 16176 1024
336 16176 1040
192 16176 768
240 16192 992
288 16256 1104
176 16208 1056
176 16208 960
144 16304 960
240 16224 848
256 16208 784
176 16160 976
160 16224 1072
192 16160 864
96 16128 1072
80 16112 976
32 16128 928
-80 16080 1024
64 16112 1104
64 16128 1152
112 16128 896
112 16208 1024
272 16208 960
256 16176 1024
224 16224 880
288 16224 816
256 16224 800
304 16160 752
480 16160 800
480 16160 816
400 16144 816
160 16144 1088
208 16144 880
128 16288 912
224 16240 864
288 16208 1088
240 16224 1024
128 16224 976
160 16240 1200
256 16256 1184
256 16256 1120
176 16304 864
176 16336 896
240 16256 656
240 16080 832
192 16144 704
208 16128 608
192 16128 528
208 16192 800
112 16176 880
112 16096 976
128 16096 976
112 16192 976
176 16176 928
96 16224 816
160 16192 976
144 16192 1072
112 16176 976
96 16144 1008
224 16160 896
288 16208 736
448 16224 848
448 16224 736
464 16240 736
320 16192 896
192 16192 960
224 16160 896
160 16256 1168
160 16272 944
144 16192 1024
96 16256 1056
-96 16240 992
16 16192 1040
16 16192 1248
64 16176 1248
64 16208 1248
112 16192 1120
0 16160 896
128 16128 800
128 16016 768
160 16096 944
272 16176 944
272 16240 976
256 16240 880
240 16176 880
16 16208 928
192 16176 880
96 16224 864
96 16208 832
288 16208 624
224 16192 624
176 16224 800
176 16208 784
224 16192 816
64 16192 624
208 16176 624
256 16176 912
128 16192 992
192 16064 960
192 16080 1104
144 16080 848
192 16160 976
128 16208 1056
112 16208 992
144 16112 1072
144 16176 1280
160 16176 1280
128 16176 1120
256 16128 1008
384 16112 976
256 16272 1120
256 16192 1280
224 16192 1280
272 16192 976
288 16112 848
240 16208 736
80 16208 832
160 16272 832
320 16272 944
224 16208 928
192 16192 1056
64 16192 1024
64 16256 912
48 16256 912
240 16272 848
160 16224 976
208 16320 1008
96 16288 928
176 16272 928
256 16320 992
-32 16272 880
-16 16272 608
-16 16256 688
112 16208 1072
192 16272 992
160 16224 864
304 16160 864
256 16176 1040
256 16192 1072
160 16112 944
192 16144 1072
192 16160 1040
192 16160 1264
192 16080 1264
144 16176 768
128 16144 1088
160 16112 1008
272 16192 1056
176 16208 752
208 16176 496
208 16160 736
208 16096 928
208 16160 816
240 16144 880
384 16144 880
304 16128 1248
176 16208 1216
144 16176 1024
208 16096 1024
176 16128 1040
320 16192 896
208 16240 816
176 16224 784
176 16224 1152
320 16176 1136
320 16224 1136
272 16192 1136
240 16224 1104
128 16208 896
48 16176 704
240 16160 976
272 16144 832
384 16176 912
384 16160 944
256 16160 1040
256 16160 1040
160 16192 848
224 16144 688
80 16080 912
80 16208 1008
128 16128 960
144 16144 1120
240 16160 1056
240 16160 960
416 16160 1184
352 16192 1184
304 16208 944
272 16240 960
272 16160 992
192 16160 992
192 16208 1024
192 16240 944
208 16192 1040
192 16176 1136
288 16208 1040
288 16224 928
352 16224 928
352 16144 1184
480 16192 1072
304 16256 1072
320 16224 1040
320 16224 1024
304 16144 1200
304 16112 1072
240 16144 1024
176 16208 976
176 16208 1264
144 16176 1264
224 16144 1168
144 16160 1168
304 16160 1120
96 16224 1056
96 16192 1216
144 16192 896
112 16256 960
640 16192 1072
640 16224 1088
176 16224 1040
-112 16160 1040
-272 16208 944
128 16224 880
80 16240 896
80 16256 1136
64 16256 1120
256 16128 1120
176 16224 912
-16 16224 576
112 16240 576
192 16240 576
224 16240 704
192 16224 1008
80 16176 1312
128 16192 864
128 16192 816
224 16192 816
288 16128 784
256 16080 1056
112 16240 976
176 16224 848
176 16224 880
224 16240 880
80 16192 960
224 16112 896
-48 16160 1024
-48 16256 928
256 16224 960
384 16272 1184
208 16304 1168
208 16176 912
304 16096 912
288 16048 816
160 16080 720
160 16112 512
128 16144 784
128 16144 720
208 16096 720
160 16208 912
240 16208 880
352 16208 1008
256 16224 944
240 16144 944
176 16176 976
16 16208 928
64 16288 880
64 16272 816
112 16272 848
272 16176 848
256 16240 960
288 16176 944
224 16224 912
256 16240 1008
288 16176 720
288 16176 1008
304 16112 1376
304 16192 1360
208 16192 1360
304 16208 1552
432 16192 1136
400 16160 1072
224 16192 784
160 16192 832
64 16176 1200
240 16096 832
144 16080 752
160 16112 848
160 16144 720
128 16144 720
48 16224 480
176 16288 800
288 16176 1040
160 16192 1072
176 16208 848
144 16224 912
224 16176 992
128 16160 912
0 16208 976
0 16208 1136
64 16336 1136
96 16256 1136
-16 16256 1024
64 16256 880
16 16176 896
16 16176 800
128 16192 800
128 16128 1152
144 16208 1168
208 16208 1072
128 16192 1072
-16 16160 1184
112 16112 1120
0 16032 992
0 16016 912
144 16016 1168
224 16080 1168
256 16080 864
176 16064 1072
112 16112 880
80 16224 880
