startup(x,y,z):(128,16224,256)
240 16256 1200
208 16320 1504
224 16448 1504
320 16432 1264
16 16208 1264
128 16080 1440
128 16080 1440
-144 16080 1440
-48 15856 1184
-144 15808 1056
320 16144 1024
208 15920 816
128 15904 752
16 16016 880
128 16096 1024
128 16096 784
384 16144 784
224 16096 528
208 16048 816
176 16000 160
320 15984 336
160 15952 208
144 15952 560
160 16048 720
208 16096 752
112 16176 1056
240 16224 1056
240 16160 960
176 16160 848
176 16144 848
112 16240 880
288 16288 992
240 16288 1136
304 16320 1344
224 16304 1424
320 16368 1728
320 16480 1600
32 16480 1600
96 16336 1248
64 16208 1152
160 16336 1136
384 16272 1200
304 16208 1088
336 16096 1024
336 16096 864
160 15968 608
240 16032 784
352 16080 784
336 16128 1104
160 16224 1168
192 16112 1232
192 16160 1056
128 16160 1056
80 16048 1072
224 16160 1184
112 16160 1152
112 16112 1104
128 16096 928
208 16064 1056
208 16064 864
208 16144 864
80 16112 992
240 16096 1120
256 16096 1008
256 16176 1200
304 16192 1168
432 16192 1280
240 16176 1280
208 16144 1296
256 16144 1280
208 16176 1248
208 16144 1072
224 16080 1232
272 16192 1216
272 16192 1216
240 16160 1216
240 16160 832
240 16112 928
224 16176 880
288 16256 1040
208 16208 1104
240 16272 1344
240 16272 1392
160 16240 1392
224 16208 1280
-64 16112 1360
160 16128 1120
160 16128 1120
224 16128 1232
256 16144 1232
208 16176 1120
208 16128 1360
240 16048 1248
256 15984 1104
272 16032 1408
80 16080 1296
80 16144 1392
272 16144 1392
304 16128 1536
240 16112 1584
256 16064 1600
288 16192 1328
288 16160 1344
208 16192 1104
96 16080 1040
144 16080 1200
256 16112 1200
416 16192 992
288 16208 848
208 16160 1120
208 16160 1040
240 16208 1040
400 16240 1024
336 16176 1008
288 16176 1088
240 16192 1216
256 16176 1232
272 16240 1072
272 16192 1264
272 16176 1088
272 16208 1184
160 16208 1184
224 16224 1280
192 16288 1344
128 16192 1008
64 16080 1120
64 16144 1232
16 16208 1216
16 16304 1360
112 16304 1360
192 16288 1456
-16 16288 1488
96 16096 1504
288 16128 1424
160 16096 1264
160 16352 1056
208 16144 1056
224 16224 1392
416 16208 1216
256 16160 1232
240 16208 1056
112 16256 1040
160 16208 1008
160 16208 1072
240 16128 1072
272 16112 1200
240 16096 1120
160 16112 1280
224 16112 1184
224 16128 1136
240 16128 1296
240 16112 1296
288 16112 1296
432 16192 1296
416 16176 1184
480 16192 1344
320 16160 1424
320 16160 1440
368 16192 1408
240 16128 1408
336 16176 1472
192 16192 1296
160 16160 1232
288 16176 1088
144 16096 1232
208 16160 976
256 16208 1008
256 16208 976
144 16192 976
176 16256 1312
144 16224 1040
208 16272 1216
176 16224 1136
208 16144 1088
272 16224 1104
272 16224 1056
240 16240 1056
144 16192 992
336 16192 1040
288 16256 1168
304 16256 1312
304 16256 1392
320 16224 1392
320 16160 1488
272 16176 1328
256 16224 1216
368 16176 1152
256 16208 1072
272 16224 1008
272 16224 1008
336 16240 1008
320 16192 1344
160 16224 1200
256 16160 1232
256 16160 1088
192 16160 1152
160 16128 1168
160 16128 1104
272 16160 1104
240 16192 1264
192 16192 1264
288 16192 1424
272 16224 1632
256 16208 1520
208 16176 1264
304 16224 1216
304 16128 1104
240 16096 1072
208 16080 944
208 16080 1024
160 16128 1024
144 16208 1280
320 16176 1312
400 16160 1328
272 16128 1392
272 16160 1328
400 16160 1296
384 16176 1296
320 16288 1312
240 16304 1296
352 16272 1152
416 16224 1184
288 16208 1136
288 16192 1360
256 16192 1360
336 16176 1184
304 16112 1152
256 16096 832
32 16128 944
32 16192 1280
128 16192 1312
240 16256 1488
240 16256 1648
240 16288 1648
208 16320 1728
192 16352 1616
256 16224 1504
256 16144 1520
192 16144 1200
240 16064 1200
208 15984 1248
448 15936 960
288 15984 1008
192 16016 1104
288 16224 1280
160 16224 1248
160 16224 1424
-176 16160 1424
0 16144 1136
160 16192 1312
128 16176 1104
96 16160 1200
144 16096 1136
144 16176 1136
288 16176 1008
304 16160 1312
240 16160 1120
144 16208 1136
144 16096 1136
240 16096 1136
288 16160 1440
288 16176 1328
208 16096 1360
240 16096 1312
240 16208 1344
160 16176 1360
160 16128 1344
208 16128 1344
384 16096 1392
304 16096 1312
336 16080 1168
272 16144 1280
272 16176 1184
256 16176 1232
320 16192 1232
208 16176 1200
224 16144 1152
208 16208 1056
288 16208 1232
320 16192 1200
320 16080 1280
288 16080 1280
352 16176 1248
352 16112 1120
144 16128 1408
144 16080 1424
176 16080 1424
256 16080 1296
208 16160 1296
288 16224 1168
368 16176 1152
368 16176 1296
368 16240 1392
160 16240 1408
256 16176 1408
176 16176 1424
64 16208 1264
0 16144 1392
112 16160 1328
144 16144 1168
144 16144 1136
144 16144 1200
144 16144 1200
288 16160 1248
64 16096 1264
176 16096 1152
256 16112 1184
304 16160 1152
304 16160 1408
240 16160 1408
112 16080 1392
160 16096 1392
208 16048 1296
80 16208 1360
48 16288 1312
48 16192 1360
128 16192 1360
176 16160 1584
224 16144 1456
128 16144 1584
160 16128 1344
160 16112 1120
288 16096 1376
336 16096 1488
272 16096 1600
80 16240 1600
192 16192 1424
96 16208 1248
96 16128 1456
240 16128 1056
464 16176 1056
288 16144 1152
256 16176 1408
320 16192 1312
80 16128 1440
96 16064 1424
80 16064 1264
80 16064 1392
192 16176 1392
80 16160 1408
144 16160 1456
112 16208 1424
112 16128 1216
80 16144 1056
-80 16144 1056
112 16112 960
80 16080 1120
304 16192 1088
272 16160 1104
240 16144 1488
208 16176 1312
272 16128 1568
272 16160 1248
384 16160 1248
240 16208 1264
336 16160 1184
336 16208 1104
384 16224 1280
432 16240 1120
288 16224 1296
288 16128 1456
288 16128 1456
208 16048 1568
160 16112 1824
128 16176 1648
128 16256 1456
160 16256 1552
224 16176 1552
192 16304 1520
240 16224 1440
240 16224 1136
192 16352 1184
160 16160 1328
160 16192 992
208 16192 1072
256 16256 1072
416 16160 1152
240 16176 1264
256 16240 1376
256 16224 1216
208 16224 1216
160 16064 1200
48 16144 1216
240 16160 1440
272 16128 1328
272 16208 1168
256 16256 1152
256 16224 1216
256 16224 1216
304 16176 944
160 16160 1136
208 16192 1232
192 16096 1456
144 16048 1296
96 16128 1584
64 16128 1520
64 16176 1616
64 16160 1632
96 16160 1632
208 16176 1648
208 16208 1568
208 16208 1264
272 16208 1248
272 16160 1200
288 16192 1280
288 16192 1536
368 16160 1536
288 16256 1904
176 16400 1936
144 16288 1664
144 16256 1520
64 16256 1024
224 16208 1024
400 16176 752
240 16112 944
288 16000 1024
256 16032 1024
240 16096 1072
304 16176 1264
304 16176 1216
224 16256 1216
-32 16176 1296
176 16160 1344
176 16160 1216
192 16160 1312
192 16160 1312
320 16112 1312
224 16176 1456
128 16128 1472
16 16080 1472
144 16128 1552
80 16128 1568
208 16096 1488
208 16096 1472
288 16208 1472
224 16144 1472
96 16112 1424
272 16160 1504
352 16080 1408
224 16112 1472
96 16176 1792
208 16112 1472
208 16112 1440
224 16192 1600
128 16192 1600
304 16208 1376
208 16240 1280
368 16304 1392
272 16336 1904
272 16224 1904
320 16208 1728
336 16176 1168
384 16176 912
400 16144 912
400 16080 928
496 16064 1008
-2432 17456 1008
-2432 16848 912
-1296 16848 960
-144 16640 960
192 16560 1312
32 16464 1616
256 16320 1568
368 16208 1584
368 16192 1584
224 16144 1360
224 16128 1456
272 16128 1456
144 16144 1472
176 16192 1616
192 16224 1632
112 16256 1616
112 16272 1744
208 16176 1472
240 16112 1408
240 16368 1520
208 16192 1520
176 16240 1584
160 16192 1424
176 16048 1456
144 16064 1456
128 16128 1408
176 16096 1392
208 16096 1600
208 16176 1584
256 16144 1584
256 16160 1776
224 16160 1568
240 16128 1568
240 16144 1456
208 16208 1440
192 16144 1616
208 16224 1552
192 16208 1616
192 16208 1664
112 16192 1664
96 16224 1600
304 16176 1552
368 16128 1552
304 16176 1792
400 16176 1648
304 16240 1616
304 16240 1648
432 16192 1568
320 16208 1568
256 16192 1472
240 16160 1344
240 16128 1424
336 16080 1520
352 16064 1584
352 16128 1552
352 16128 1632
