startup(x,y,z):(416,16240,176)
1824 16944 -2576
-544 16464 848
-320 15360 1072
-320 15360 1056
544 15600 1328
0 15936 1328
-400 15888 352
288 15856 160
288 16528 256
1056 16288 176
736 16032 -608
448 16320 -704
-336 14912 736
176 16112 112
880 16224 -688
880 15840 -3360
1424 16480 -3152
-4176 17584 3664
-2768 17440 2848
-656 16432 1760
208 16896 1072
208 16416 2064
144 16416 2272
-240 16416 1776
608 16192 1248
1120 16288 1248
1520 17216 2272
416 17184 3264
1488 17072 2016
1136 16560 80
288 16560 -1248
2032 16144 -1248
2560 16256 -2080
1424 16336 -2512
784 16240 -2544
-272 16192 -1952
-272 16272 -1632
-368 16272 -1632
-128 16384 -1472
256 16304 -1744
144 16304 -1280
320 16080 -1280
784 16240 -1104
944 16208 -160
944 16272 400
832 16240 1328
832 16176 1872
624 16176 2032
448 16208 2032
176 16336 2032
80 16304 2000
80 16320 1776
48 16272 1424
432 16288 752
672 16240 464
672 16240 208
560 16240 208
656 16256 -224
544 16256 -832
512 16208 -1040
672 16160 -1072
576 16224 -928
400 16208 -704
432 16256 -560
720 16256 -176
720 16192 -80
416 16192 224
288 16080 224
272 16176 16
624 16176 336
624 16224 448
640 16128 560
640 16160 624
528 16144 544
352 16160 640
368 16192 512
480 16192 432
624 16208 432
544 16240 176
704 16256 -80
544 16208 240
512 16256 16
512 16192 -320
512 16192 -416
400 16208 -416
464 16240 -352
384 16224 -96
432 16208 -208
368 16208 -160
288 16160 144
416 16160 320
432 16208 128
688 16240 256
560 16240 256
432 16208 256
608 16176 80
432 16240 224
560 16272 256
480 16208 128
480 16208 496
368 16192 0
368 16272 -16
384 16272 -144
416 16240 -144
320 16176 -176
272 16224 -160
352 16208 -176
368 16224 -96
416 16256 -48
448 16192 288
320 16224 400
272 16128 560
272 16224 496
304 16224 496
416 16192 480
368 16208 432
416 16208 432
544 16144 432
528 16208 304
576 16160 -64
448 16192 -208
416 16192 -144
384 16208 -32
560 16144 -80
560 16144 -160
480 16144 -160
432 16224 -160
432 16256 -288
416 16208 16
432 16176 16
448 16160 -160
416 16192 -64
496 16208 80
496 16160 432
448 16160 528
528 16160 528
432 16192 432
336 16176 416
384 16208 288
176 16208 336
416 16240 176
368 16336 80
400 16256 -208
432 16176 -224
480 16176 -224
464 16144 -128
512 16176 -96
528 16144 -48
512 16160 -80
512 16224 -32
544 16272 48
448 16320 368
448 16256 144
416 16256 80
400 16224 80
384 16224 -16
400 16192 96
400 16224 256
432 16208 192
528 16144 336
400 16208 208
448 16160 304
480 16144 352
416 16208 160
416 16192 48
480 16192 48
368 16192 -16
384 16256 -48
512 16256 -208
400 16224 -112
224 16208 -32
288 16224 64
368 16208 160
464 16256 -192
464 16256 -144
416 16256 128
576 16208 160
448 16208 96
448 16208 192
400 16128 464
416 16128 544
352 16192 320
368 16192 320
368 16176 336
416 16240 16
416 16256 48
352 16272 176
480 16256 -288
480 16112 -192
416 16112 -32
352 16128 -32
144 16192 32
352 16128 -32
432 16176 208
480 16160 224
448 16208 16
432 16240 352
432 16272 176
592 16272 176
496 16272 64
448 16288 48
512 16240 208
512 16304 224
464 16240 -80
464 16288 320
480 16272 240
448 16256 224
448 16256 -48
400 16240 -128
496 16240 -128
368 16208 112
336 16224 -16
544 16240 160
448 16256 48
496 16112 48
496 16096 128
496 16160 112
496 16192 224
368 16192 192
416 16160 192
384 16064 112
496 16144 528
416 16128 240
448 16128 176
432 16176 48
416 16144 32
448 16160 160
512 16144 128
480 16208 16
368 16208 176
384 16192 272
400 16144 256
400 16160 256
480 16144 416
544 16160 320
496 16208 272
592 16208 160
528 16208 112
608 16256 32
560 16176 16
560 16176 0
528 16176 32
624 16208 32
544 16144 240
464 16208 160
416 16208 -160
400 16224 160
432 16224 128
432 16272 80
448 16272 80
448 16144 -48
480 16112 -48
400 16224 80
416 16224 64
592 16208 288
528 16144 176
480 16192 176
464 16224 480
368 16176 304
368 16160 352
400 16272 368
400 16320 336
416 16320 144
480 16256 144
560 16256 144
592 16272 64
448 16320 256
448 16208 128
448 16240 64
432 16304 128
432 16272 192
480 16272 -16
400 16352 -16
560 16368 -48
496 16320 112
432 16208 16
480 16208 48
480 16288 32
400 16288 32
448 16288 80
368 16288 32
352 16256 144
384 16208 304
480 16272 368
480 16272 128
384 16208 -16
448 16192 -16
512 16112 112
464 16128 112
464 16192 -48
480 16224 48
480 16304 48
480 16208 -48
352 16208 128
448 16176 128
480 16208 112
400 16208 192
400 16192 288
512 16192 160
512 16192 224
512 16192 320
368 16176 320
400 16144 256
464 16160 320
416 16208 256
480 16192 224
560 16176 128
448 16176 48
448 16176 0
448 16176 160
528 16192 160
560 16208 80
592 16240 128
528 16224 160
400 16224 96
400 16208 96
448 16192 240
512 16192 208
416 16176 208
352 16176 176
464 16224 176
672 16192 80
656 16176 96
656 16144 144
432 16144 -64
496 16160 -64
560 16192 -112
528 16176 352
496 16208 -48
528 16240 -112
512 16192 -80
512 16192 -432
480 16192 -432
416 16192 16
544 16160 176
528 16224 0
480 16240 48
480 16240 240
448 16208 240
544 16128 48
464 16144 208
496 16256 144
400 16208 192
272 16208 80
368 16192 -240
528 16224 0
416 16256 192
608 16208 -16
496 16240 176
416 16160 160
304 16192 288
368 16160 176
368 16160 176
464 16272 176
416 16224 176
256 16224 224
240 16208 160
416 16208 80
432 16224 192
448 16208 224
512 16192 288
448 16096 240
512 16112 0
512 16208 128
480 16208 144
512 16256 80
432 16256 208
400 16288 -64
432 16320 -48
432 16320 16
464 16192 80
464 16256 144
384 16256 128
464 16176 128
656 16176 160
544 16208 208
480 16160 144
352 16160 192
352 16160 -144
400 16160 64
416 16144 64
432 16224 96
400 16272 0
304 16176 192
400 16144 16
400 16160 224
336 16240 208
368 16240 192
208 16272 192
544 16272 176
496 16224 256
512 16224 -160
576 16208 -176
576 16208 -112
496 16240 -80
336 16240 64
336 16240 64
368 16240 96
368 16256 80
480 16240 112
576 16176 -80
496 16144 -80
496 16144 -320
400 16176 -64
528 16192 -256
384 16144 176
432 16128 176
368 16208 176
480 16192 48
448 16160 208
480 16240 144
496 16256 64
496 16224 48
480 16224 48
448 16272 48
496 16176 128
384 16176 -32
400 16192 272
416 16176 112
416 16256 96
560 16256 -96
528 16272 -96
448 16368 48
400 16320 0
192 16240 0
192 16272 48
400 16272 128
352 16288 128
304 16304 96
304 16288 16
416 16240 -32
272 16240 0
336 16304 112
480 16320 80
480 16208 -192
608 16208 -48
560 16192 -48
512 16144 -96
528 16144 128
528 16192 0
512 16128 96
560 16160 192
560 16160 240
432 16176 64
432 16176 64
608 16128 -16
576 16080 -64
592 16192 -80
544 16192 -64
544 16224 64
512 16224 224
416 16096 208
416 16160 208
416 16192 112
416 16288 64
448 16304 160
464 16240 176
544 16208 128
400 16224 96
432 16288 -16
432 16208 64
416 16240 80
496 16288 -128
480 16288 -128
480 16192 80
464 16192 80
512 16176 -160
480 16240 -144
400 16192 -176
608 16160 80
608 16160 208
720 16160 208
464 16240 272
464 16240 192
448 16240 -112
352 16224 -144
400 16176 32
400 16192 192
320 16208 144
432 16208 144
576 16192 -16
432 16192 -112
368 16240 -240
464 16208 96
480 16176 144
480 16240 160
352 16240 160
608 16176 224
480 16224 112
416 16240 304
368 16256 240
384 16256 320
432 16256 192
432 16240 352
448 16240 208
432 16176 208
480 16208 288
480 16224 320
496 16208 112
320 16192 224
320 16224 160
336 16224 224
432 16224 224
400 16288 160
400 16144 352
496 16208 288
448 16240 112
448 16240 80
192 16224 80
240 16256 112
256 16208 256
384 16176 208
