startup(x,y,z):(224,16128,272)
2736 16912 -8736
-5792 18112 5248
-9280 19024 4240
-7248 16976 1120
-1392 15744 -10304
-1392 15744 -7728
-2640 15552 -7728
-5440 16224 -3072
-4208 16544 -2496
-2320 16544 -2448
-2112 16464 -2048
-2112 16464 -320
-704 16944 1392
1360 15808 1248
-32 16208 1248
-96 16272 -288
736 15776 976
2128 15664 1600
2016 16288 1712
2016 16288 0
1520 16144 -192
208 16352 -496
-624 16624 -496
-96 16208 816
480 16432 864
480 16448 656
528 16416 464
48 16560 -256
48 16384 -496
48 16384 -496
288 16272 240
0 16000 448
-32 15936 160
208 16128 192
208 15984 192
240 15984 464
224 15984 336
368 15984 336
688 16144 48
656 16176 448
224 16304 320
224 16208 -240
112 16208 -240
224 16176 432
352 16128 496
464 16240 832
352 16288 592
352 16192 176
80 16128 128
240 16128 304
448 16128 304
352 16160 96
32 16224 80
144 16032 0
144 16032 352
112 16208 352
96 16192 240
112 16176 464
128 16128 192
160 16160 480
160 16128 192
64 16128 192
16 16080 224
144 16224 368
352 16080 304
336 16064 80
336 16064 64
160 16080 256
336 16080 256
496 16176 240
336 16320 272
224 16256 144
176 16192 192
288 16144 352
336 16160 336
336 16128 240
384 16128 240
368 16128 304
320 16224 128
512 16144 288
400 16080 320
400 16032 384
400 16144 176
416 16128 224
304 16128 432
432 16208 432
416 16208 704
512 16144 256
512 16144 176
400 16144 -48
304 16096 -48
400 16064 192
256 16128 -96
0 16176 48
80 16160 208
304 16176 80
304 16176 304
336 16160 304
304 16064 352
256 16176 368
288 16272 288
288 16224 384
416 16224 128
448 16144 128
320 16096 -64
384 16208 -192
336 16256 48
464 16208 32
464 16304 -48
464 16304 -240
336 16320 -240
320 16224 -160
80 16224 96
128 16240 0
128 16256 -192
192 16272 160
400 16272 160
336 16240 368
400 16240 288
448 16128 192
400 16128 320
384 16112 -80
384 16128 112
448 16128 112
112 16176 160
112 16208 320
336 16160 368
336 16160 304
336 16128 160
288 16128 304
176 16176 272
160 16176 416
224 16160 416
240 16176 288
160 16176 16
160 16160 480
192 16160 416
128 16176 416
208 16176 352
208 16192 256
160 16240 320
160 16240 256
192 16192 208
192 16192 448
32 16208 448
-16 16160 368
48 16224 32
160 16144 240
160 16144 112
144 16080 112
0 16144 272
96 16144 80
160 16176 160
192 16176 224
240 16192 128
256 16160 240
256 16160 16
224 16208 16
368 16208 -80
416 16176 16
368 16192 160
368 16192 512
272 16176 512
336 16160 240
176 16128 240
80 16112 144
176 16128 288
304 16080 208
192 16160 320
272 16208 288
272 16208 480
208 16208 480
272 16208 80
192 16224 96
288 16176 112
496 16176 416
336 16160 336
224 16160 368
224 16144 528
288 16192 336
288 16192 304
368 16112 304
336 16128 320
320 16176 176
240 16144 208
288 16208 128
288 16208 144
432 16160 144
304 16128 288
368 16160 288
352 16160 48
288 16208 80
272 16224 160
272 16224 144
208 16160 144
256 16256 224
192 16224 256
256 16192 256
256 16256 272
320 16256 256
384 16224 512
320 16176 512
336 16144 240
288 16144 192
416 16144 320
416 16176 256
304 16176 256
288 16176 96
288 16208 144
240 16256 240
240 16256 160
320 16208 368
368 16176 192
176 16176 96
176 16160 -160
224 16160 -160
352 16176 128
320 16224 208
272 16144 336
272 16064 288
336 16064 448
256 16208 448
336 16176 416
256 16224 464
96 16272 336
288 16240 272
144 16192 304
272 16240 448
272 16160 448
288 16160 448
288 16144 480
416 16176 416
368 16192 224
480 16160 144
480 16144 240
352 16144 160
368 16176 96
272 16224 96
288 16272 208
224 16144 368
192 16240 368
192 16240 368
208 16176 368
240 16208 448
256 16288 368
272 16224 304
272 16224 320
400 16224 176
352 16240 176
288 16240 176
416 16160 336
320 16064 240
256 16128 240
256 16192 336
272 16192 336
208 16176 288
368 16128 208
304 16192 432
144 16208 416
288 16112 304
256 16160 320
272 16160 304
272 16176 432
272 16176 432
384 16176 432
368 16160 912
320 16208 640
432 16176 240
432 16176 224
304 16192 224
480 16176 416
432 16144 416
304 16176 496
384 16224 272
288 16096 352
256 16160 128
256 16160 32
256 16160 32
240 16144 176
208 16160 256
240 16096 288
240 16144 80
224 16144 80
224 16128 -80
272 16160 144
320 16160 240
320 16160 176
336 16112 64
336 16112 80
400 16112 80
368 16112 48
160 16144 80
192 16128 208
208 16112 336
144 16096 480
304 16096 208
272 16096 208
384 16160 80
320 16208 48
432 16192 176
432 16208 208
416 16208 320
288 16208 320
112 16224 400
288 16208 400
304 16144 160
272 16144 64
192 16208 112
304 16112 592
304 16096 384
304 16096 384
320 16224 176
288 16160 304
288 16160 288
256 16240 336
256 16272 144
288 16272 144
272 16176 208
288 16144 352
240 16224 352
288 16240 256
416 16256 208
320 16112 240
320 16368 224
288 16144 224
304 16160 256
336 16160 272
336 16144 144
224 16112 224
224 16112 192
272 16240 320
224 16240 144
144 16192 144
208 16128 192
256 16128 320
208 16144 288
208 16144 368
272 16144 368
256 16208 304
240 16176 240
176 16208 352
320 16256 192
192 16192 192
192 16192 608
240 16192 608
288 16240 224
272 16256 192
224 16160 208
272 16128 176
272 16128 112
272 16144 112
176 16144 240
240 16128 240
192 16048 176
256 16128 144
144 16112 224
208 16176 176
208 16176 384
368 16128 384
272 16224 288
320 16304 384
256 16256 272
208 16240 208
208 16240 352
288 16176 96
416 16160 432
272 16192 432
96 16176 512
96 16176 384
112 16160 176
112 16064 176
208 16064 176
336 16080 160
288 16096 240
192 16192 464
240 16128 448
240 16128 576
144 16160 416
304 16112 224
432 16096 224
368 16160 -32
272 16176 336
272 16240 368
272 16240 304
96 16240 304
128 16256 64
272 16256 128
304 16192 176
304 16112 192
336 16368 304
240 16208 512
272 16208 512
256 16160 320
256 16224 192
480 16128 240
480 16208 192
416 16208 192
272 16192 272
144 16192 224
304 16192 352
240 16224 192
400 16128 160
336 16144 288
336 16176 160
336 16176 256
304 16240 256
288 16304 256
240 16144 448
256 16208 192
256 16208 352
320 16240 352
320 16224 112
336 16176 368
272 16192 -16
336 16160 144
336 16176 304
288 16176 272
352 16112 272
400 16032 256
240 16064 480
272 16176 256
272 16208 272
256 16208 272
336 16224 240
272 16144 112
192 16144 336
192 16208 144
240 16240 160
240 16240 64
368 16160 64
368 16160 160
336 16208 384
464 16192 256
464 16160 224
400 16160 224
336 16256 128
256 16272 288
256 16224 480
336 16224 368
256 16192 416
256 16144 496
288 16144 496
400 16064 368
304 16048 416
272 16176 288
352 16192 416
368 16176 384
368 16112 288
224 16112 400
112 16112 400
240 16112 400
256 16176 304
432 16208 240
416 16256 288
416 16224 64
432 16224 64
400 16192 -112
384 16208 224
208 16208 208
240 16240 272
224 16224 176
352 16192 -16
288 16208 0
288 16192 96
192 16192 96
304 16192 144
304 16192 304
288 16176 304
256 16176 400
256 16176 432
272 16160 432
320 16160 656
176 16176 624
272 16176 448
240 16096 464
256 16144 336
256 16144 256
224 16112 256
288 16192 112
352 16144 304
432 16160 192
368 16176 144
368 16176 224
336 16160 224
192 16080 256
192 16080 416
336 16176 272
528 16112 240
432 16224 272
432 16224 544
288 16240 544
288 16224 512
288 16160 496
272 16240 368
240 16240 288
272 16304 256
368 16272 96
352 16176 -160
352 16176 -96
240 16208 -96
304 16288 -32
400 16304 -32
160 16272 144
160 16272 208
192 16208 208
416 16176 208
272 16192 416
288 16176 224
288 16224 416
304 16192 144
352 16208 352
352 16256 352
