startup(x,y,z):(176,16192,160)
-64 15968 -1488
2704 15600 -5024
2704 15600 -2144
896 15568 -2144
-208 15904 -1024
-400 16304 -256
240 16416 800
-32 15728 256
768 15968 -1760
768 16016 -1216
608 16016 -1216
32 16000 -400
-80 15984 -160
-336 16176 432
-816 16112 992
-816 16112 1008
-736 16064 1008
-528 16096 608
-288 16016 80
64 16128 336
272 16176 -304
320 16192 384
96 16208 -240
96 16272 256
-48 16272 752
-32 16304 752
160 16096 144
80 16144 -80
80 16176 160
192 16192 32
192 16208 368
224 16208 368
192 16192 368
144 16160 432
288 16160 -192
288 16128 -672
336 16160 -432
352 16160 -432
368 16128 -400
-112 16000 720
-592 16304 112
224 16304 352
-352 16000 -304
-256 16048 -16
-256 16048 2624
2416 17824 2624
5056 15968 -1760
2608 15840 -4176
2976 16080 -2768
2912 15584 -3712
2912 15584 -960
880 15792 352
-48 16080 432
960 16112 432
-16 16096 128
-1056 16288 64
-256 16272 -656
-256 16272 -656
-48 16144 -352
-128 16192 496
-336 16176 224
-400 15968 192
-384 16000 384
-384 16032 64
-192 16224 -128
-80 16224 -176
432 16368 -176
432 16224 -208
256 16288 -48
320 16304 256
192 16256 432
64 16240 544
64 16240 288
-64 16128 288
272 16192 80
256 16112 208
144 16112 192
-48 16144 528
32 16160 416
32 16288 1072
-624 16288 1072
-464 16464 608
752 16400 96
400 16320 -272
144 16112 -32
144 16112 704
192 16288 704
272 16240 976
16 16240 976
480 16160 448
592 16224 -448
480 16192 -576
480 16176 -272
320 16176 -272
176 16096 288
80 16128 608
-144 16064 800
-128 16144 464
-128 16160 -96
48 16192 -32
160 16080 32
192 16080 32
16 16016 16
80 16112 384
48 16224 640
48 16176 368
64 16176 128
160 16144 128
272 16160 0
288 16208 -272
256 16240 48
144 16240 192
128 16208 560
128 16208 368
48 16224 368
16 16224 480
16 16240 448
224 16256 48
96 16288 -176
96 16176 -80
128 16224 -32
128 16224 448
32 16240 464
80 16224 256
160 16176 256
224 16160 128
304 16176 -144
352 16224 -256
352 16224 -256
400 16288 -112
384 16192 272
0 16208 288
-48 16112 80
-176 16208 320
-176 16112 -288
80 16032 -224
80 16032 176
-176 16128 176
0 16192 288
-208 16128 352
-208 16096 240
-48 16096 80
80 16096 80
32 16160 -112
64 16096 320
-16 16080 528
80 16112 288
80 16192 432
80 16144 48
288 16144 48
192 16176 -32
-16 16160 -64
256 16160 -96
160 16144 128
160 16144 336
224 16176 336
288 16144 384
224 16160 224
256 16144 32
112 16192 -112
112 16192 0
16 16224 48
144 16160 48
48 16096 480
176 16128 352
272 16192 80
352 16160 48
352 16160 0
144 16192 32
240 16192 240
144 16304 240
32 16224 272
-32 16176 288
80 16208 128
80 16224 96
80 16224 96
320 16112 -64
64 16112 96
80 16272 128
96 16128 224
-16 16128 272
96 16176 304
96 16176 96
256 16096 96
176 16144 16
32 16208 -112
160 16192 -320
160 16208 -384
288 16160 -16
272 16160 -16
384 16112 176
288 16112 16
176 16160 128
240 16176 -32
160 16272 -224
160 16224 64
128 16224 320
176 16160 320
144 16160 224
96 16160 -112
192 16128 64
192 16192 224
0 16192 224
0 16176 128
112 16160 80
256 16208 80
160 16224 208
-32 16240 352
-32 16176 368
176 16176 400
176 16176 400
96 16240 400
48 16224 224
-16 16208 320
96 16208 176
128 16208 96
128 16208 144
112 16224 160
112 16224 272
-48 16208 272
80 16160 304
144 16080 64
176 16176 -64
176 16160 48
176 16160 176
240 16160 176
272 16080 176
176 16080 -96
192 16096 -128
160 16160 176
160 16192 432
160 16160 192
128 16160 192
128 16240 304
112 16208 272
112 16208 224
128 16224 176
128 16128 32
112 16128 32
192 16080 304
208 16144 304
256 16128 320
176 16176 128
240 16176 128
240 16128 16
192 16128 0
176 16176 0
96 16256 288
208 16144 240
160 16144 64
224 16192 112
192 16160 272
160 16096 256
160 16048 144
208 16048 144
144 16192 112
128 16128 304
208 16160 0
160 16192 32
160 16208 16
176 16208 176
288 16144 176
224 16128 112
240 16176 112
224 16128 576
272 16096 208
224 16160 240
224 16160 464
256 16208 464
112 16144 224
240 16160 160
400 16128 48
272 16128 240
208 16176 272
96 16224 288
96 16224 256
144 16192 256
192 16192 256
-32 16224 160
-48 16256 160
32 16208 96
32 16224 256
80 16224 160
32 16208 160
160 16224 16
160 16224 -32
32 16224 160
176 16160 128
176 16192 112
176 16192 240
192 16128 240
240 16144 240
144 16144 144
192 16160 96
304 16224 128
304 16128 320
224 16128 320
272 16096 144
304 16128 144
256 16160 112
240 16112 160
256 16176 208
208 16112 208
208 16160 176
176 16192 192
80 16192 192
192 16176 304
144 16176 352
192 16192 352
160 16176 192
336 16192 400
336 16224 464
160 16224 368
64 16176 368
96 16224 256
80 16240 48
176 16224 -80
176 16208 272
272 16208 272
224 16176 400
96 16176 416
112 16240 320
144 16160 272
128 16112 448
128 16224 416
128 16224 432
208 16240 432
128 16224 304
32 16160 352
176 16176 128
176 16192 160
96 16192 32
160 16192 32
240 16192 208
80 16256 208
48 16240 192
48 16144 320
176 16224 208
176 16224 192
192 16240 192
176 16208 0
192 16224 160
160 16224 -32
160 16208 416
64 16208 224
144 16160 64
96 16160 -16
80 16224 -16
160 16160 -64
32 16192 288
192 16160 288
160 16144 432
160 16176 336
256 16176 208
240 16208 208
256 16128 224
224 16144 288
160 16176 288
144 16224 -32
80 16192 -64
176 16192 224
96 16176 144
96 16176 176
64 16208 176
64 16144 304
80 16144 272
112 16144 336
128 16096 208
240 16064 272
336 16128 432
336 16096 304
336 16096 304
224 16192 112
208 16192 144
208 16160 144
192 16112 144
192 16128 304
16 16128 304
-64 16096 432
0 16080 240
-32 16224 128
-48 16224 128
80 16160 144
16 16176 416
48 16160 224
48 16160 64
80 16192 320
0 16192 320
112 16176 64
80 16160 160
128 16240 352
208 16240 352
-32 16240 400
304 16144 240
336 16144 176
32 16176 256
32 16224 80
64 16224 -48
48 16224 256
48 16240 256
128 16224 192
112 16224 224
128 16128 256
32 16144 256
96 16160 416
96 16208 144
80 16208 144
144 16128 256
128 16176 208
144 16208 112
272 16304 288
224 16256 272
192 16224 176
112 16304 256
112 16256 304
208 16256 288
80 16208 288
144 16192 272
240 16192 96
224 16176 176
160 16192 112
160 16192 64
16 16208 64
128 16160 160
144 16208 96
144 16144 304
80 16240 176
80 16128 496
96 16144 368
96 16144 112
240 16112 112
224 16112 80
208 16160 160
224 16128 -80
160 16160 80
160 16208 240
96 16192 112
96 16224 224
48 16224 384
176 16256 384
96 16256 368
112 16192 384
16 16176 128
176 16176 96
160 16224 400
160 16176 448
112 16176 384
80 16096 240
80 16128 192
112 16128 160
128 16160 160
224 16192 192
176 16256 336
208 16192 160
208 16192 96
272 16176 96
48 16224 304
32 16144 288
96 16176 384
16 16192 288
224 16144 304
144 16192 352
144 16176 304
64 16176 304
80 16224 128
112 16256 -64
64 16208 304
80 16160 368
80 16160 320
16 16160 320
112 16160 320
160 16176 208
112 16192 208
144 16176 112
240 16208 176
144 16272 208
144 16224 -16
32 16224 -16
80 16256 -160
-48 16256 -32
64 16144 0
0 16144 208
192 16192 176
208 16192 64
208 16256 128
208 16272 272
192 16272 272
176 16224 432
192 16224 304
160 16256 416
80 16176 0
80 16224 352
224 16224 288
256 16192 224
272 16192 544
256 16112 544
176 16160 464
80 16144 368
112 16160 256
112 16160 256
272 16192 240
208 16192 240
208 16112 224
256 16272 208
-32 16256 256
-48 16240 176
-192 16224 240
-192 16240 288
-64 16240 112
-96 16224 112
96 16176 240
240 16176 336
