startup(x,y,z):(64,16112,144)
-816 16112 -2528
-1488 15952 -512
-1120 16080 2480
-1120 16080 1712
-1520 15760 1712
-912 16544 864
-416 16640 864
320 16720 -336
640 16576 -480
496 16464 -656
496 16464 1488
-592 16368 1488
80 16480 1088
-896 16304 768
-288 16400 928
-336 16256 16
-336 16080 192
176 16080 -64
80 16208 176
16 16208 176
16 16192 64
-32 16192 512
-32 16080 432
-32 16192 352
-320 16192 464
-64 16192 464
96 16144 -192
-96 16080 -496
224 16112 -448
176 16240 96
272 16160 144
144 16144 144
144 16144 -48
272 16240 -48
224 16224 -336
256 16240 -128
240 16288 288
240 16224 -224
288 16288 336
112 16288 688
-16 16128 80
-64 16112 80
224 16112 80
368 16176 368
560 16112 256
352 16160 464
352 16160 528
384 16144 528
464 16096 0
304 16128 64
128 16256 400
192 16192 176
160 16160 240
176 16144 368
176 16192 368
-32 16192 368
160 16128 0
144 16192 0
112 16192 48
128 16160 -272
128 16080 -176
176 16080 -176
16 16240 272
-80 16176 352
16 16160 352
80 16192 432
288 16224 192
256 16080 32
256 16080 -224
432 16192 -224
272 16128 256
192 16128 304
160 16096 352
288 16064 304
288 16112 416
224 16128 352
224 16160 64
128 16160 -224
192 16208 -224
96 16192 -176
96 16176 160
0 16128 384
0 16096 352
32 16096 -48
208 16160 32
240 16096 -32
224 16096 160
272 16352 368
320 16176 368
288 16144 272
304 16288 304
288 16160 144
288 16112 352
224 16112 320
208 16208 320
256 16192 288
224 16192 256
176 16192 0
208 16176 32
192 16144 48
192 16208 -144
240 16208 -144
352 16208 -272
192 16176 128
128 16240 128
128 16128 272
176 16128 288
144 16160 288
160 16176 208
160 16176 -16
128 16144 96
208 16192 208
224 16128 288
224 16192 256
160 16192 208
272 16096 208
48 16096 160
144 16096 304
112 16192 176
112 16128 320
272 16128 320
80 16128 416
112 16160 224
224 16096 544
256 16016 304
192 16064 272
224 16080 240
224 16080 144
160 16080 144
176 16128 144
224 16096 208
96 16176 272
128 16112 352
176 16144 336
80 16224 112
144 16160 144
144 16144 144
-16 16144 144
16 16128 272
224 16112 224
112 16080 272
208 16192 288
208 16192 256
112 16192 256
176 16080 224
240 16144 336
96 16192 384
16 16160 368
96 16128 192
128 16176 256
128 16224 208
144 16224 208
176 16240 80
176 16128 32
272 16128 224
352 16160 80
352 16176 240
304 16144 160
320 16144 336
288 16144 336
128 16096 80
224 16112 256
48 16096 272
48 16112 176
160 16112 528
96 16128 528
96 16064 368
272 16128 224
192 16096 272
288 16096 352
160 16144 224
160 16176 192
224 16176 -64
288 16080 -16
256 16192 32
160 16176 272
128 16208 224
128 16224 352
192 16192 256
208 16208 320
256 16192 512
256 16128 352
240 16128 352
144 16256 144
320 16208 16
400 16208 128
288 16112 144
320 16128 256
320 16128 208
256 16128 208
160 16192 288
112 16128 224
64 16256 320
128 16176 80
48 16128 64
144 16160 -32
144 16160 288
240 16064 288
192 16064 224
64 16032 464
160 16032 416
160 16048 384
160 16080 368
144 16160 128
144 16160 128
224 16144 128
32 16128 -16
272 16160 80
256 16128 400
256 16160 176
144 16160 400
80 16128 400
-48 16112 528
-64 16224 224
16 16176 176
144 16176 192
160 16128 208
48 16192 64
48 16144 48
80 16144 48
160 16192 144
112 16176 192
112 16192 -112
128 16128 80
112 16064 32
96 16080 96
112 16144 96
112 16160 176
112 16160 224
144 16176 224
128 16208 320
112 16224 416
96 16192 256
128 16208 224
128 16208 96
96 16192 96
64 16144 160
64 16112 464
48 16112 432
192 16128 304
192 16160 48
192 16144 32
176 16144 288
96 16128 288
112 16144 592
32 16176 336
32 16256 352
48 16208 400
48 16208 288
48 16128 192
80 16128 0
96 16144 0
256 16160 -64
192 16224 0
112 16192 -160
112 16192 -352
96 16176 -352
-32 16160 0
64 16144 160
16 16096 272
112 16096 432
128 16144 208
64 16192 -16
64 16128 176
112 16128 176
128 16192 176
32 16144 96
80 16176 304
80 16176 304
112 16176 448
16 16048 448
16 16080 352
112 16160 128
80 16128 320
144 16144 320
160 16208 208
144 16160 336
144 16224 176
128 16224 288
240 16256 288
192 16192 336
208 16160 576
272 16192 256
48 16160 144
240 16128 352
176 16080 320
176 16080 160
288 16176 160
192 16192 -96
416 16240 -144
336 16192 16
240 16160 -16
240 16160 80
112 16144 80
80 16144 96
32 16144 -16
80 16176 -112
112 16208 -48
400 16240 -80
400 16160 0
272 16160 0
160 16176 144
144 16192 432
192 16176 336
144 16144 160
144 16144 176
320 16144 -80
272 16192 112
208 16192 96
288 16160 96
128 16112 96
256 16176 -64
160 16192 112
160 16192 240
128 16240 240
192 16160 224
48 16192 400
80 16144 256
192 16192 224
176 16240 192
160 16208 160
144 16160 256
96 16192 224
96 16208 208
208 16208 208
272 16208 -256
176 16240 -80
144 16176 -16
336 16176 112
336 16160 96
208 16144 240
176 16144 368
16 16144 464
80 16128 464
112 16144 368
64 16096 432
64 16192 176
64 16192 224
192 16192 224
-64 16192 304
64 16240 160
160 16192 336
208 16160 112
144 16192 0
144 16208 240
192 16208 384
64 16160 384
112 16176 288
288 16144 224
224 16192 464
224 16128 240
256 16128 128
160 16224 128
48 16080 112
16 16128 48
112 16112 272
96 16080 96
128 16112 112
128 16112 208
96 16128 208
80 16144 336
80 16176 352
160 16224 176
128 16160 192
128 16160 112
192 16176 160
0 16160 96
80 16144 320
16 16144 320
64 16208 480
112 16160 304
32 16144 336
32 16192 112
48 16192 32
128 16144 32
128 16192 352
272 16160 304
288 16208 256
48 16176 208
96 16160 16
96 16176 144
96 16176 144
64 16176 336
112 16192 288
272 16176 48
192 16256 176
192 16256 320
208 16304 -192
256 16240 -96
160 16272 160
144 16192 304
160 16160 640
256 16160 224
160 16128 560
144 16128 560
32 16176 400
160 16192 560
208 16192 432
144 16224 464
144 16112 272
112 16144 64
80 16144 256
160 16144 256
192 16096 256
272 16112 336
144 16096 416
208 16144 240
208 16144 112
96 16128 112
208 16112 112
64 16160 80
144 16096 176
112 16112 32
160 16112 32
96 16144 128
16 16160 272
64 16176 224
64 16176 256
352 16208 256
288 16224 384
320 16128 208
176 16112 176
192 16128 240
48 16064 256
112 16112 432
112 16112 192
416 16112 192
192 16256 112
176 16176 160
112 16160 176
176 16144 336
192 16144 144
192 16144 176
192 16176 176
0 16176 160
160 16112 272
256 16208 224
336 16176 16
304 16192 192
304 16192 192
288 16176 192
256 16224 144
144 16096 80
160 16128 96
192 16096 32
192 16160 336
128 16160 336
0 16112 352
64 16112 352
320 16240 96
240 16176 -160
224 16208 -160
224 16176 -16
320 16176 288
416 16144 288
352 16192 208
208 16224 240
144 16112 368
160 16144 464
128 16144 208
240 16160 192
144 16144 400
144 16160 256
192 16160 224
272 16096 224
288 16096 160
240 16176 80
368 16192 -48
272 16208 0
272 16208 224
272 16224 176
112 16224 176
336 16192 176
208 16176 368
176 16112 368
112 16192 288
112 16192 272
256 16192 272
304 16160 288
176 16208 128
96 16240 288
128 16224 192
128 16160 304
208 16176 272
16 16160 256
16 16160 448
-96 16176 448
0 16192 176
48 16224 112
304 16176 144
224 16096 96
224 16096 -64
224 16224 -64
144 16208 192
256 16160 160
96 16224 208
272 16256 176
208 16208 224
208 16160 336
208 16160 336
224 16160 224
272 16048 384
240 16112 160
112 16128 416
112 16160 320
80 16176 320
96 16256 288
160 16192 144
160 16096 80
192 16096 80
176 16128 448
224 16176 288
