startup(x,y,z):(224,16128,272)
208 16464 -768
1632 16624 736
2064 16624 5216
2000 17696 1968
1664 18128 -4480
2176 15872 -3696
1568 15632 1952
1568 15632 576
672 15728 576
-16 16336 -3488
-576 15072 -2736
-2992 16208 128
-2992 16400 1296
-1232 16400 1280
592 16208 1280
480 15344 -1904
-544 15888 -1216
-1280 15904 -1264
-608 15888 -2096
-608 15888 -2608
-304 15952 -2608
-960 15984 80
-320 16160 2512
496 16128 -1136
368 15808 208
416 15808 208
272 16112 640
560 16144 -368
384 16272 288
368 16112 576
368 16368 880
640 16368 912
1024 16192 912
672 16176 432
320 16224 272
320 16256 576
320 16208 176
368 16208 16
464 16208 16
384 16224 416
288 16160 320
352 16160 448
352 16176 352
384 16176 320
272 16208 320
288 16192 464
128 16208 192
288 16304 16
288 16304 48
384 16208 144
352 16192 144
304 16160 16
400 16176 96
336 16176 16
304 16176 192
304 16160 272
320 16160 272
384 16160 192
384 16048 160
368 16160 272
368 16176 144
400 16256 -192
288 16256 -192
368 16224 144
400 16128 176
432 16096 192
368 16144 -96
368 16176 -64
416 16176 -64
560 16096 48
400 16176 272
464 16144 304
464 16144 432
368 16208 336
304 16208 80
240 16272 144
240 16208 176
160 16160 96
112 16320 176
112 16240 336
144 16240 336
112 16320 320
208 16240 208
240 16160 352
240 16304 368
96 16288 240
192 16288 160
320 16240 160
304 16208 -16
400 16272 96
352 16224 288
352 16224 256
240 16224 208
320 16240 208
400 16096 96
208 16032 288
208 16112 192
320 16080 272
368 16080 96
432 16128 96
448 16128 208
336 16160 48
256 16144 256
256 16176 272
272 16176 272
208 16192 272
208 16192 224
304 16176 240
304 16032 352
224 16096 304
240 16096 400
128 16048 400
96 16128 352
288 16128 192
240 16144 240
240 16208 320
320 16208 160
256 16240 160
192 16224 208
272 16176 384
240 16224 272
240 16224 272
208 16128 272
320 16048 208
160 16176 256
176 16048 128
208 16144 -16
208 16144 64
432 16224 64
336 16192 368
624 16144 -704
656 16016 2640
656 16032 896
272 16032 896
-80 17152 -2640
2144 17168 1136
3072 16736 -400
720 15616 944
-576 16624 -880
-576 16624 -2800
-256 16416 -2800
-1216 17328 -512
-64 17392 1248
1104 17152 -144
1088 16048 -816
-992 16256 -688
-1344 16336 192
-80 16304 -384
208 16336 -752
16 16288 736
16 16160 544
-96 16160 32
48 16208 16
-96 16416 -112
-96 16288 304
96 16208 -32
96 16208 -256
128 16208 -256
-96 16256 -144
96 16224 -272
416 16240 -80
496 16240 112
496 16192 -128
288 16192 -128
400 16160 272
368 16240 256
256 16224 -16
256 16208 -144
304 16208 -144
480 16112 368
384 16128 240
336 16144 0
224 16208 32
224 16288 48
240 16288 320
368 16208 320
352 16256 96
272 16176 400
352 16240 208
352 16240 368
80 16128 368
144 16192 400
176 16192 224
224 16176 48
208 16256 -96
208 16192 -288
240 16192 192
304 16176 192
400 16192 272
240 16208 368
336 16160 400
336 16144 320
256 16144 320
352 16096 320
256 16144 416
256 16160 368
304 16128 320
272 16224 400
272 16288 352
272 16288 384
304 16224 384
432 16192 432
352 16192 128
384 16128 96
384 16128 240
496 16096 240
448 16128 112
368 16208 80
336 16176 64
272 16192 80
272 16112 224
384 16112 224
272 16240 144
288 16208 160
64 16208 288
64 16240 224
112 16240 224
320 16224 80
192 16208 160
256 16144 272
352 16128 32
352 16144 288
272 16144 336
192 16176 336
208 16160 128
288 16192 80
240 16176 208
240 16176 256
256 16176 256
144 16112 368
160 16160 544
256 16128 576
400 16192 352
400 16176 416
320 16176 416
352 16192 384
272 16208 160
96 16224 320
192 16192 496
192 16192 240
256 16128 240
496 16144 320
416 16144 368
496 16176 192
432 16240 192
432 16240 176
288 16240 256
448 16128 256
384 16176 272
336 16240 32
368 16256 64
368 16256 160
112 16240 160
144 16240 320
128 16208 448
208 16240 464
208 16240 448
320 16240 512
320 16224 512
336 16208 464
304 16192 256
368 16144 512
288 16176 384
288 16176 144
96 16128 144
128 16160 160
352 16176 128
352 16176 96
192 16176 224
320 16160 224
288 16144 112
192 16256 144
192 16240 208
192 16208 416
208 16208 416
288 16128 384
288 16192 352
224 16160 288
224 16160 288
208 16160 352
288 16160 352
368 16096 368
336 16112 288
192 16144 432
176 16176 384
176 16192 144
384 16192 144
368 16128 336
352 16080 304
416 16096 400
416 16160 304
352 16160 352
432 16176 352
416 16160 336
304 16176 224
400 16256 416
368 16144 304
368 16176 416
160 16176 416
288 16224 320
336 16176 240
208 16192 224
208 16208 240
304 16208 272
288 16192 272
416 16224 208
512 16192 256
288 16208 160
272 16192 240
272 16192 112
448 16144 112
512 16208 112
384 16208 144
336 16128 336
336 16176 -112
368 16176 -80
224 16080 64
224 16144 208
32 16144 128
256 16192 128
208 16256 -80
320 16288 224
256 16336 128
256 16336 32
272 16288 32
176 16320 80
240 16272 240
320 16192 320
368 16192 416
368 16176 384
368 16176 224
304 16128 224
336 16208 320
416 16240 288
320 16224 192
320 16176 336
240 16176 336
496 16144 336
512 16160 640
288 16176 592
336 16288 464
544 16240 208
544 16240 48
352 16224 304
336 16224 480
336 16208 560
304 16240 208
448 16208 256
448 16208 160
224 16224 160
320 16192 192
336 16064 192
240 16016 272
224 16112 304
224 16112 160
240 16272 160
368 16368 256
384 16240 208
304 16240 160
336 16144 80
336 16144 208
336 16192 208
320 16176 272
320 16176 128
208 16176 368
208 16208 256
240 16208 144
336 16176 144
192 16272 96
224 16272 96
288 16320 16
400 16176 128
288 16192 128
288 16192 160
304 16176 160
288 16224 336
224 16192 512
80 16256 448
304 16176 128
256 16208 -32
368 16128 112
368 16128 576
400 16128 352
240 16112 352
208 16112 608
160 16192 592
240 16080 160
224 16128 112
176 16080 144
384 16080 144
320 16112 96
336 16144 96
384 16080 32
352 16176 16
384 16208 256
384 16208 224
352 16208 224
400 16240 288
352 16208 256
48 16144 464
112 16192 496
112 16176 448
144 16160 352
144 16176 240
224 16176 240
320 16192 16
144 16192 192
256 16128 464
256 16176 496
256 16176 448
144 16224 576
144 16096 576
256 16160 384
352 16208 368
288 16208 224
368 16240 -32
384 16224 304
384 16224 208
240 16240 208
256 16256 64
272 16240 272
288 16224 64
288 16224 112
288 16224 0
256 16224 0
208 16176 192
160 16256 400
176 16224 432
288 16192 352
272 16176 368
272 16240 208
256 16240 32
416 16304 32
448 16128 -32
480 16096 16
464 16160 -16
496 16192 48
432 16144 272
528 16128 320
464 16176 336
464 16208 592
384 16208 592
400 16224 400
288 16208 144
448 16144 368
400 16240 320
400 16192 288
272 16192 416
208 16192 416
240 16144 448
144 16224 448
256 16272 480
224 16288 256
224 16192 272
224 16240 64
192 16240 64
176 16192 352
384 16192 256
288 16176 16
256 16192 160
256 16192 304
256 16208 368
256 16208 432
352 16128 432
208 16272 416
320 16256 192
160 16224 208
160 16224 256
224 16304 224
256 16192 224
336 16240 560
320 16160 480
320 16208 496
304 16272 256
304 16320 48
48 16256 304
208 16256 336
320 16320 336
240 16240 368
224 16240 240
256 16208 272
256 16224 384
160 16112 400
160 16112 64
304 16080 272
384 16128 352
240 16112 352
336 16176 304
400 16256 80
384 16208 208
384 16208 48
224 16240 48
352 16224 144
288 16208 -48
304 16224 256
272 16224 192
272 16208 176
352 16192 208
240 16192 224
192 16208 224
224 16224 560
224 16208 256
304 16144 240
416 16208 128
240 16208 128
224 16208 0
224 16192 112
160 16176 224
240 16240 240
240 16320 528
240 16320 640
352 16208 640
