startup(x,y,z):(-176,16144,160)
3024 15360 -480
4992 15824 -736
2272 16432 688
-1584 16448 1920
208 16672 2272
160 16672 80
1264 16336 80
736 15616 -2496
944 15408 1520
432 16160 -384
-720 16000 2224
-1600 16208 816
-1600 16720 -2512
-2848 16720 800
-1904 16960 -2336
-1104 16992 -2336
-1024 16624 688
-496 16416 1600
-256 16528 1680
-256 16528 928
-480 16208 928
-464 16208 -1024
-96 16064 128
-16 16032 -128
-496 16208 896
-464 16192 432
-464 16144 240
-112 16144 -816
32 16176 -816
-160 16256 -80
-160 16128 384
-320 16176 256
-320 16176 336
-288 16192 240
-128 16288 240
-96 16240 48
-256 16224 320
-304 16192 352
-224 16256 48
-224 16128 384
-160 16128 384
-112 16144 -464
-368 16112 368
-576 16240 320
-576 16240 192
-384 16240 128
-256 16288 128
-96 16304 -352
-144 16432 64
-96 16352 96
-176 16304 352
-176 16224 544
-208 16224 544
-240 16240 32
-304 16224 -32
-160 16192 -64
-160 16208 448
-304 16272 352
-304 16272 480
-336 16320 512
-448 16240 512
-416 16192 320
-384 16240 288
-224 16256 112
-400 16208 96
-400 16224 320
-384 16224 320
-400 16272 48
-432 16208 368
-432 16256 288
-368 16224 208
-368 16240 -192
-704 16240 -192
-560 16256 192
-416 15952 192
-384 16208 320
-304 16080 -64
-304 16240 -624
-240 16240 0
-112 16128 0
-240 16112 176
-368 16192 192
-192 16208 48
-192 16288 80
-272 16256 96
-288 16256 240
-352 16144 240
-416 16272 224
-272 16240 48
-208 16256 -160
-208 16256 112
-96 16144 112
-208 16208 128
-224 16096 384
-320 16112 576
-288 16192 416
-288 16240 208
-272 16240 -48
-80 16208 -48
-80 16240 -48
-160 16256 -48
-128 16208 -192
-128 16208 -192
-288 16288 -192
-320 16224 48
-288 16256 128
-304 16208 272
-496 16224 384
-352 16176 128
-128 16160 112
-128 16192 64
-192 16192 160
-144 16160 160
-256 16128 544
-272 16160 400
-336 16224 16
-336 16272 -192
-288 16272 -192
-144 16224 128
-80 16240 64
-128 16224 368
-224 16208 96
-288 16176 208
-288 16176 144
-128 16144 144
-256 16128 192
-224 16192 64
-192 16176 144
-192 16192 208
-320 16192 208
-336 16304 -128
-288 16352 -112
-480 16272 -112
-320 16176 80
-240 16112 48
-240 16224 32
-320 16224 32
-320 16160 144
-384 16192 176
-256 16176 128
-256 16176 224
-288 16176 32
-304 16224 32
-368 16272 48
-224 16256 208
-288 16240 224
-192 16160 80
-192 16144 112
-176 16144 112
-224 16192 80
-336 16176 64
-336 16288 128
-256 16240 176
-176 16144 160
-176 16224 16
-128 16224 16
0 16208 -96
-128 16224 -96
-96 16176 224
-208 16224 352
-288 16064 224
-288 16144 400
-320 16144 256
-224 16160 256
-96 16144 272
-256 16144 464
-176 16080 320
-176 16160 368
-304 16176 592
-288 16160 560
-352 16160 560
-272 16160 192
-80 16160 240
-128 16192 128
-128 16240 128
-240 16240 128
-240 16240 176
-320 16288 192
-288 16320 128
-256 16272 -80
-240 16256 16
-240 16192 48
-240 16192 192
-336 16208 192
-384 16224 352
-432 16256 464
-240 16272 224
-240 16272 160
-192 16288 224
-288 16304 224
-144 16224 80
-160 16240 -144
-304 16256 112
-240 16112 64
-240 16240 -16
-240 16240 -16
-512 16256 112
-352 16208 -144
-176 16288 -64
-176 16272 112
-224 16272 192
-432 16240 96
-256 16192 -128
-256 16208 0
-144 16208 64
-224 16208 -80
-256 16064 240
-256 16192 128
-352 16192 64
-272 16224 64
-288 16256 -144
-240 16224 16
-208 16192 272
-176 16160 160
-176 16160 208
-256 16176 256
-400 16176 256
-464 16208 288
-352 16224 208
-432 16128 256
-432 16128 96
-192 16128 96
-400 16224 80
-320 16176 256
-368 16208 176
-288 16096 320
-256 16080 272
-288 16064 256
-272 16176 288
-272 16176 288
-256 16176 288
-288 16224 144
-128 16176 80
-208 16176 80
-208 16176 208
-208 16192 192
-240 16144 192
-288 16176 176
-416 16176 432
-256 16256 336
-368 16272 480
-368 16288 240
-320 16288 96
-272 16256 96
-320 16224 432
-416 16160 640
-416 16128 336
-368 16080 112
-272 16096 80
-272 16112 208
-432 16112 208
-448 16288 -32
-400 16288 -32
-416 16192 240
-288 16240 224
-400 16352 272
-400 16320 0
-272 16320 192
-272 16208 192
-144 16256 416
-272 16304 272
-368 16288 224
-320 16192 240
-240 16192 128
-240 16192 64
-192 16176 64
-304 16240 160
-368 16240 560
-288 16272 272
-288 16272 -128
-272 16240 160
-304 16208 160
-176 16208 224
-240 16256 336
-304 16208 400
-400 16160 128
-400 16160 -32
-240 16160 224
-240 16192 224
-256 16160 192
-400 16160 176
-272 16176 -64
-256 16144 80
-256 16144 80
-240 16224 80
-224 16224 192
-144 16224 256
-80 16224 288
-272 16144 352
-272 16256 48
-144 16256 48
-192 16208 48
-64 16208 176
-80 16208 -64
-80 16144 352
-288 16272 -96
-320 16192 16
-320 16192 288
-208 16160 144
-288 16160 208
-304 16144 208
-256 16224 112
-224 16240 -16
-288 16288 48
-288 16288 -160
-256 16288 -160
-288 16208 32
-160 16208 -16
-208 16208 352
-208 16160 144
-208 16208 32
-208 16224 240
-320 16224 240
-256 16160 32
-368 16224 64
-208 16160 176
-208 16176 80
-160 16176 80
-192 16128 416
-208 16160 288
-336 16256 224
-400 16208 128
-320 16192 528
-320 16192 192
-352 16224 192
-336 16176 208
-240 16160 192
-208 16176 288
-208 16176 224
-224 16176 80
-256 16160 80
-272 16192 48
-240 16192 144
-272 16224 160
-272 16176 384
-272 16224 608
-368 16224 320
-480 16304 320
-448 16240 160
-368 16112 256
-368 16192 -32
-384 16272 160
-528 16272 160
-384 16304 288
-320 16160 288
-288 16128 -64
-272 16112 112
-368 16112 288
-448 16128 176
-448 16272 96
-576 16272 -64
-320 16224 -64
-336 16176 80
-320 16208 96
-288 16208 -64
-272 16176 -48
-272 16176 256
-336 16240 256
-320 16192 256
-208 16192 192
-128 16176 144
-224 16176 112
-224 16176 -144
-192 16288 -144
-256 16256 -144
-224 16272 -128
-272 16160 80
-240 16224 96
-240 16224 48
-64 16240 208
-192 16240 208
-272 16240 304
-224 16144 192
-176 16128 128
-176 16144 48
-80 16144 240
-256 16160 240
-368 16112 272
-112 16080 128
-144 16112 240
-144 16192 304
-144 16256 224
-256 16256 320
-320 16192 320
-240 16224 208
-240 16224 -16
-288 16176 48
-288 16176 192
-224 16176 192
-240 16176 112
-176 16224 256
-208 16144 176
-128 16096 304
-208 16112 384
-336 16288 352
-336 16256 160
-336 16192 16
-208 16192 16
-192 16208 272
-304 16224 464
-288 16192 192
-272 16176 384
-272 16176 416
-240 16112 416
-224 16208 320
-288 16240 400
-208 16160 528
-176 16096 176
-176 16144 176
-208 16144 176
-192 16144 160
-304 16160 176
-320 16112 256
-304 16160 224
-304 16176 368
-288 16176 16
-192 16224 16
-256 16208 96
-224 16160 240
-400 16192 240
-368 16240 128
-368 16240 -128
-240 16176 -128
-256 16224 -96
-160 16160 -160
-144 16176 -240
-176 16208 -16
-176 16208 0
-144 16224 0
-192 16160 176
-192 16064 240
-368 16112 320
-272 16176 480
-272 16112 432
-288 16112 432
-400 16320 496
-400 16256 208
-336 16336 176
-432 16272 208
-304 16144 192
-256 16112 160
-512 16192 240
-400 16192 96
-256 16192 96
-272 16208 16
-320 16192 0
-320 16160 32
-304 16160 64
-224 16112 64
-272 16176 224
-96 16160 256
-352 16208 352
-208 16288 64
-240 16272 96
-240 16272 64
-240 16304 64
-240 16288 112
-64 16240 -48
-368 16256 272
-368 16224 368
-192 16160 496
-192 16144 224
-80 16144 224
-80 16160 16
-288 16128 16
-272 16176 208
-368 16240 224
-336 16128 176
-336 16128 0
-272 16096 0
-304 16208 32
-384 16240 64
-304 16256 -16
-256 16224 176
-256 16224 16
-208 16160 16
-256 16160 128
-464 16192 96
-416 16208 224
-336 16160 208
-336 16192 -16
-224 16192 -16
-288 16240 -256
-304 16272 240
-400 16224 256
-384 16320 336
-304 16208 112
-304 16224 128
-192 16160 224
-192 16240 48
-224 16240 48
-224 16128 288
-240 16160 0
-288 16240 -96
-304 16192 -48
-304 16272 160
-368 16272 64
-288 16288 64
-208 16192 512
-288 16176 480
-224 16144 384
-176 16112 176
-176 16128 112
-16 16128 112
-224 16112 240
-176 16096 240
-160 16112 -16
-224 16208 128
-224 16176 0
-80 16176 112
-144 16192 112
-304 16176 352
