startup(x,y,z):(496,16224,192)
-736 16192 3968
-1456 16320 5968
-2256 16576 6960
-1904 16592 6496
-144 16352 5680
1088 16096 2304
3424 15968 -240
4176 15984 -3408
4272 15824 -6192
448 16608 -3792
-3920 17520 -320
-2464 16176 -5264
768 16576 -7968
128 16032 -8560
1456 16128 -10192
2720 16112 -9568
2304 16080 -8416
1536 16368 -3376
-688 16416 -624
-800 16304 1008
-1024 16256 1152
-688 16160 1408
880 16128 2992
880 16256 3328
1536 16512 3040
1296 16352 3616
720 16192 3392
16 16080 3408
-272 16064 3520
-432 16160 3360
-240 16160 2624
-176 16160 2064
240 16160 1040
448 16208 1040
352 16272 240
736 16224 -464
720 16208 -816
416 16096 -928
400 16160 -816
400 16080 -816
480 16176 -1136
752 16224 -912
576 16272 -1168
576 16224 -1024
688 16208 -400
416 16208 -288
432 16208 -112
400 16272 -112
496 16320 96
464 16224 432
432 16192 576
432 16272 720
368 16304 592
384 16320 592
496 16192 688
256 16240 800
288 16256 928
304 16272 464
336 16288 256
464 16272 32
624 16304 -256
752 16272 -320
448 16240 0
448 16176 -96
336 16176 -32
400 16240 32
400 16224 48
464 16224 48
640 16240 -48
560 16256 368
480 16256 368
432 16272 560
512 16208 592
576 16256 608
432 16272 352
480 16256 224
416 16192 16
416 16112 -144
352 16112 -144
496 16176 -80
448 16272 -272
512 16272 -112
560 16304 -352
416 16256 -368
400 16240 -336
480 16224 -256
480 16160 -176
464 16192 128
400 16192 336
400 16240 256
448 16176 448
384 16176 608
320 16128 608
352 16176 608
368 16160 400
368 16208 336
400 16240 320
512 16256 -16
480 16224 -64
480 16288 -224
448 16304 -144
336 16288 -112
368 16240 -144
432 16288 -304
304 16208 -112
336 16192 -112
432 16128 96
288 16192 16
288 16096 368
416 16096 368
368 16176 288
480 16224 304
336 16208 288
336 16112 160
400 16176 176
400 16224 336
448 16240 320
512 16240 384
512 16272 304
432 16272 304
432 16240 112
384 16272 -96
336 16208 -160
352 16176 32
432 16160 96
400 16224 32
544 16272 128
336 16240 288
320 16256 176
272 16256 192
544 16160 192
544 16192 96
720 16192 96
400 16256 272
400 16256 272
336 16288 272
336 16192 352
416 16208 400
624 16240 240
512 16224 208
528 16256 112
464 16272 16
448 16304 64
464 16224 -80
368 16240 -160
272 16256 16
272 16256 -48
416 16224 -80
496 16208 80
496 16272 64
496 16272 64
496 16256 112
496 16192 -48
512 16320 -64
368 16240 96
400 16272 160
400 16224 224
320 16224 144
432 16224 144
448 16224 288
448 16224 240
272 16176 240
336 16208 272
464 16192 64
480 16256 -176
432 16272 -272
320 16320 -64
320 16320 64
496 16368 64
480 16304 -32
608 16272 192
496 16272 192
432 16304 80
240 16208 320
208 16160 208
208 16240 176
352 16240 368
352 16224 480
288 16096 224
416 16096 16
352 16240 16
464 16256 208
592 16144 224
432 16224 304
432 16224 144
432 16224 240
464 16240 80
464 16240 16
336 16240 160
336 16320 -224
352 16320 -224
368 16240 -112
528 16240 0
576 16208 160
512 16208 80
432 16208 304
496 16176 208
432 16208 -160
432 16128 -192
512 16128 -64
448 16080 384
368 16176 384
304 16176 352
272 16192 144
304 16144 144
352 16208 112
400 16224 32
448 16272 -32
288 16256 96
400 16224 32
400 16256 160
576 16208 16
416 16208 16
400 16176 64
368 16144 128
464 16160 112
352 16192 -32
496 16224 -32
464 16272 16
464 16256 96
512 16256 96
512 16208 112
368 16208 256
432 16208 224
448 16240 240
352 16240 192
384 16208 160
448 16144 96
480 16192 -16
480 16272 16
416 16272 16
352 16336 288
512 16320 208
480 16224 80
544 16288 144
608 16160 96
544 16176 240
400 16288 368
480 16256 432
480 16224 160
368 16224 160
368 16192 160
336 16208 -16
384 16288 -80
416 16224 80
448 16208 96
512 16192 -16
416 16224 288
336 16192 240
320 16064 208
640 16160 112
528 16160 48
528 16128 208
560 16128 64
416 16224 64
496 16160 432
400 16224 160
368 16192 160
368 16192 160
464 16224 -224
448 16160 -176
384 16272 144
400 16304 64
448 16320 64
336 16256 80
336 16272 32
512 16272 64
592 16224 48
640 16256 48
640 16272 -144
512 16272 208
352 16256 208
384 16160 352
416 16192 80
464 16144 240
400 16160 256
496 16176 144
496 16176 144
368 16208 64
384 16256 320
512 16288 320
448 16192 224
224 16240 240
192 16192 304
192 16192 224
304 16192 224
320 16192 288
416 16224 288
400 16208 368
352 16176 64
448 16176 32
320 16224 16
400 16256 -208
416 16288 -112
416 16288 176
384 16256 176
512 16208 -64
432 16224 -16
416 16192 -64
480 16208 -48
336 16160 80
336 16208 144
432 16192 48
432 16160 64
400 16160 64
464 16208 112
400 16240 112
432 16144 208
272 16160 128
400 16208 176
304 16192 192
304 16176 240
304 16176 240
416 16160 176
464 16256 64
464 16192 -48
480 16160 -16
544 16224 0
432 16192 -112
432 16144 64
272 16192 224
400 16176 112
384 16176 -16
384 16128 16
384 16128 0
448 16128 -16
400 16208 -160
384 16208 -160
416 16208 -176
448 16256 64
416 16192 176
416 16208 128
496 16224 320
608 16192 192
528 16272 208
336 16240 16
336 16192 64
432 16192 96
480 16160 96
384 16160 112
464 16224 144
448 16176 96
448 16160 0
384 16272 128
416 16240 144
384 16256 96
352 16256 112
384 16240 160
240 16208 160
240 16192 192
128 16192 240
192 16192 240
224 16224 352
304 16160 -64
464 16144 48
560 16160 176
576 16224 160
608 16176 48
608 16160 32
432 16160 32
480 16144 -144
480 16128 112
368 16208 0
336 16208 -224
576 16160 -144
544 16144 -128
544 16144 192
560 16144 48
480 16272 32
608 16288 32
624 16256 128
368 16208 144
400 16160 176
400 16208 336
368 16224 240
560 16224 -208
592 16288 -208
480 16240 -192
448 16112 -144
400 16240 -16
320 16240 208
336 16224 144
336 16208 64
384 16208 112
416 16208 112
528 16192 112
496 16160 352
480 16176 240
416 16224 -96
416 16160 144
416 16192 -80
560 16192 -32
608 16160 16
672 16160 16
560 16208 64
464 16208 32
496 16144 272
544 16256 272
560 16304 304
560 16320 112
560 16368 0
480 16368 0
384 16352 -48
352 16208 80
368 16176 -112
384 16208 192
496 16192 288
496 16160 400
512 16128 288
432 16128 160
272 16192 -128
368 16160 -128
432 16176 96
416 16176 176
336 16208 112
464 16208 208
256 16176 144
320 16256 -48
320 16256 16
400 16288 112
432 16224 112
432 16224 16
576 16160 80
592 16128 224
560 16208 320
640 16192 192
544 16240 -16
688 16256 96
688 16256 -144
448 16288 -144
480 16256 -176
336 16272 16
400 16256 160
384 16176 272
464 16272 16
272 16208 224
320 16224 400
368 16288 160
368 16224 224
528 16224 192
576 16144 192
496 16176 192
528 16192 272
480 16144 304
480 16208 272
464 16256 496
416 16304 176
336 16272 272
432 16224 16
432 16240 16
432 16240 240
400 16192 240
528 16192 16
336 16176 32
352 16224 48
384 16224 96
528 16272 112
528 16192 48
432 16192 48
432 16224 48
352 16320 -48
464 16224 0
384 16176 96
416 16256 144
464 16176 112
464 16208 128
368 16192 -48
560 16192 -16
544 16176 -16
464 16176 -256
400 16176 -256
560 16224 -48
528 16224 -48
368 16240 144
352 16256 -64
432 16224 -272
368 16272 -112
464 16176 0
512 16224 -16
480 16160 416
432 16128 192
432 16176 208
336 16176 208
480 16304 256
528 16320 240
304 16304 240
336 16208 128
336 16208 96
288 16192 288
352 16192 304
496 16240 304
544 16224 208
400 16224 160
432 16176 192
480 16320 64
480 16144 0
480 16224 304
464 16224 160
528 16192 160
320 16224 176
256 16224 -64
240 16240 -32
320 16272 -192
384 16256 96
368 16320 192
304 16304 144
304 16304 224
464 16224 224
384 16192 240
336 16160 -48
368 16176 224
592 16112 96
