startup(x,y,z):(80,16144,272)
-2000 16944 -240
-6912 14416 10336
-1680 19008 -5600
-2080 18448 -6592
-2048 18080 -1664
-496 17184 416
-592 16976 -640
-7632 16160 8464
-7632 16160 4816
-352 17888 4816
-2272 18112 2336
-256 18464 2064
-1232 17488 208
496 16416 432
496 16032 144
416 16032 144
320 16000 352
560 15968 304
624 15968 304
912 16032 512
608 16160 592
256 16288 384
256 16224 64
160 16224 64
112 16192 176
48 16144 288
304 16208 368
32 16192 144
32 16160 256
64 16160 288
64 16176 240
128 16176 256
-112 16144 256
-16 16112 128
32 16112 32
32 16160 16
32 16080 32
48 16080 32
144 16112 32
144 16096 112
320 16176 160
160 16288 432
48 16240 192
64 16304 192
64 16272 320
128 16272 320
64 16224 96
48 16208 144
-32 16208 400
112 16128 448
96 16112 416
96 16112 288
32 16128 288
112 16192 272
64 16160 320
64 16160 432
16 16144 432
160 16096 160
192 16096 560
128 16112 208
128 16112 112
272 16112 112
176 16192 16
160 16176 256
32 16160 176
80 16112 128
208 16128 192
128 16160 192
128 16160 128
48 16048 128
80 16048 272
224 16080 240
80 16080 160
160 16176 -192
192 16160 -48
208 16144 -64
192 16112 16
192 16112 -16
32 16096 -16
-240 16112 -16
-256 16192 192
-48 16192 160
0 16192 288
0 16192 192
176 16224 192
192 16208 336
96 16224 368
304 16192 528
208 16160 112
112 16160 16
112 16176 64
112 16176 64
96 16176 64
48 16160 256
-48 16176 544
208 16192 496
384 16224 384
64 16208 352
64 16192 288
48 16144 288
48 16208 240
-16 16208 256
-32 16224 256
-48 16208 304
-16 16272 208
-16 16144 160
-48 16112 128
-48 16112 96
0 16192 96
128 16112 224
112 16064 112
176 16016 240
128 16096 -80
-32 16192 112
-32 16192 80
144 16096 80
208 16176 160
160 16176 -16
96 16272 112
240 16288 64
240 16288 304
128 16192 96
32 16192 -224
112 16208 -224
48 16208 -208
0 16176 32
48 16144 224
48 16144 80
144 16064 80
176 15952 128
176 16064 592
256 16080 592
192 16032 368
80 16064 272
96 16048 160
96 16192 -240
96 16192 -240
176 16160 128
96 16224 -128
-64 16256 -48
-64 16144 368
-16 16144 256
32 16144 256
64 16176 -32
0 16224 64
48 16192 0
64 16176 -128
112 16160 96
288 16160 32
288 16112 128
208 16112 128
320 16096 112
208 16112 208
80 16128 240
256 16144 224
256 16192 -96
192 16192 96
96 16224 320
96 16112 320
32 16096 384
32 16160 336
16 16176 320
16 16112 368
-80 16112 368
96 16128 64
160 16112 64
336 16128 -128
240 16160 16
240 16064 224
32 16128 208
32 16112 144
-64 16112 144
-32 16160 224
64 16160 288
48 16192 0
48 16192 144
16 16192 304
144 16272 224
80 16208 288
-48 16176 336
-48 16144 416
128 16128 160
128 16112 192
-48 16112 192
-64 16192 464
16 16208 368
64 16224 448
64 16192 160
80 16208 288
80 16208 288
144 16176 176
256 16128 32
112 16128 240
112 16112 320
208 16160 96
16 16144 288
16 16128 480
64 16128 480
240 16112 272
96 16128 224
160 16192 320
128 16160 272
128 16208 176
96 16160 272
224 16160 112
288 16112 112
304 16112 160
176 16080 512
144 16064 432
144 16128 416
176 16128 416
32 16176 368
32 16208 464
48 16160 320
96 16144 224
80 16112 160
48 16128 224
48 16128 352
80 16160 352
144 16128 384
32 16160 368
48 16112 272
48 16144 288
0 16144 352
-32 16160 352
0 16224 288
16 16192 272
0 16224 112
48 16160 240
64 16192 128
64 16144 -32
128 16144 -32
144 16160 -32
96 16128 240
0 16176 256
176 16224 32
144 16192 64
144 16192 192
112 16176 192
96 16208 272
0 16176 288
-32 16224 320
-96 16096 352
-48 16112 336
-48 16128 224
304 16128 224
288 16192 0
240 16176 32
176 16176 224
176 16208 192
176 16176 352
48 16160 160
64 16160 144
-32 16112 144
160 16128 0
96 16128 160
176 16128 192
176 16128 128
112 16096 128
240 16128 128
304 16128 320
160 16128 272
160 16176 368
128 16128 416
32 16128 480
112 16160 480
64 16128 256
16 16176 48
96 16144 176
96 16144 272
-64 16160 272
-16 16144 128
80 16128 112
16 16144 288
48 16080 400
128 16112 336
96 16128 304
96 16128 464
16 16112 464
128 16160 416
32 16192 400
64 16192 240
64 16192 256
288 16192 224
224 16176 224
160 16192 160
160 16128 272
64 16112 192
176 16112 -16
240 16144 96
176 16192 192
176 16192 240
-32 16192 240
144 16160 224
32 16144 80
0 16192 208
-128 16128 208
-32 16128 208
16 16128 48
32 16128 48
64 16144 208
64 16160 224
96 16112 240
96 16112 464
112 16112 464
160 16160 224
224 16192 336
64 16128 496
112 16096 464
112 16096 640
32 16096 368
160 16096 192
96 16096 192
80 16144 176
128 16128 272
144 16096 272
144 16096 160
176 16096 160
48 16112 352
112 16064 208
48 16048 128
-80 16064 208
80 16144 304
64 16192 96
64 16096 256
112 16096 256
176 16112 16
128 16112 128
-48 16176 160
-48 16176 288
32 16192 80
48 16192 176
128 16128 176
0 16112 48
16 16080 -48
80 16144 -16
128 16096 32
64 16144 144
32 16128 208
32 16128 64
-48 16128 64
32 16016 176
32 16112 368
272 16176 256
240 16144 272
192 16208 192
240 16176 112
240 16128 624
176 16128 624
-80 16128 480
64 16128 352
192 16128 368
192 16096 288
304 16096 496
176 16112 496
80 16128 368
128 16080 -16
32 16112 0
16 16144 48
272 16112 208
272 16112 416
256 16144 416
192 16160 576
16 16048 512
32 16048 464
32 16128 384
144 16128 416
272 16144 416
144 16160 368
128 16208 240
96 16176 272
64 16192 256
48 16128 272
48 16128 480
-192 16064 480
-32 16048 256
0 16096 208
96 16128 128
0 16128 304
0 16128 288
112 16160 288
80 16112 128
208 16144 -16
96 16144 144
176 16208 160
288 16192 176
32 16128 192
112 16128 256
-32 16096 256
0 16096 304
-80 16176 256
-16 16128 144
-16 16080 288
64 16112 368
64 16368 288
-80 16160 288
-128 16112 160
-96 16144 176
-96 16208 80
-96 16224 336
-96 16224 336
-32 16240 240
16 16192 240
64 16176 256
32 16144 176
128 16208 16
48 16192 112
48 16128 160
48 16128 160
-80 16144 -16
208 16144 -64
128 16080 240
128 16064 288
96 16064 64
208 16016 64
272 16176 208
96 16240 288
96 16176 112
144 16160 144
144 16192 368
48 16192 368
16 16304 -48
160 16240 128
176 16128 272
112 16128 256
112 16112 336
0 16112 336
-48 16128 560
-16 16112 112
128 16144 112
144 16112 240
224 16224 64
64 16240 160
64 16208 224
-112 16208 224
96 16064 48
128 16160 64
128 16128 80
160 16176 240
160 16192 240
96 16224 384
48 16224 384
64 16256 384
144 16240 192
208 16224 192
96 16208 96
96 16208 144
192 16128 144
32 16128 256
64 16208 272
-32 16192 240
144 16144 288
80 16160 400
80 16160 320
-112 16160 320
-32 16176 160
-80 16128 288
-80 16112 208
96 16096 416
96 16096 272
112 16080 272
96 16112 160
80 16112 240
112 16064 448
96 16144 304
192 16112 192
48 16080 192
48 16144 112
16 16144 112
32 16144 16
144 16192 32
240 16144 144
176 16192 240
176 16128 304
256 16128 304
96 16112 256
144 16144 352
160 16208 272
240 16208 208
112 16144 160
128 16080 208
128 16144 240
96 16144 176
32 16176 176
112 16112 80
96 16064 320
16 16064 48
64 16032 256
0 16064 144
144 16160 176
144 16144 208
96 16144 208
48 16128 368
80 16208 304
160 16256 208
16 16176 288
16 16128 512
0 16128 512
80 16096 320
160 16144 144
112 16160 160
304 16160 192
176 16064 352
160 16048 64
160 16048 -64
144 16128 -64
0 16176 80
-48 16112 208
112 16160 144
224 16128 96
224 16096 16
128 16144 64
