startup(x,y,z):(-192,16176,96)
-848 15888 2096
-416 16256 1104
160 15920 -1120
-528 15792 -1712
-528 15792 576
-160 15840 576
-480 15904 -848
16 16208 2144
912 16464 176
1856 16112 -368
2128 15888 496
-384 16160 -1760
-384 16336 1280
880 16336 1280
2736 15584 -1472
3696 15632 2352
2896 15616 -320
688 16208 1168
-144 16096 -576
-144 15984 272
-144 15984 64
-48 16016 144
-48 16016 144
-128 15952 1600
-576 16208 192
896 16496 1728
896 16272 -1376
2768 16272 32
2704 16176 32
1696 16112 -752
-48 16160 560
-912 16096 864
-432 16080 640
48 16000 736
48 16144 -784
112 16144 -352
112 16128 -352
0 16096 144
-160 16208 192
-272 16112 320
-272 16112 48
-272 16320 48
-64 16336 -352
-224 16272 -64
-464 16320 48
-192 16192 576
-160 16272 288
-256 16176 112
-256 16176 432
-288 16240 432
-320 16272 112
-368 16192 32
-272 16240 112
-160 16144 -16
-160 16256 -48
-304 16256 -48
-96 16240 192
-192 16144 112
-368 16160 -48
-432 16144 416
-368 16144 160
-256 16192 192
-256 16192 352
-112 16176 448
-112 16208 448
-112 16208 640
-128 16208 640
-272 16336 352
-144 16272 256
-176 16208 384
-368 16208 256
-320 16224 112
-320 16240 128
-288 16240 128
-192 16192 336
-304 16096 256
-256 16064 240
-224 16064 112
-256 16080 48
-320 16128 192
-352 16176 336
-336 16192 208
-320 16160 16
-320 16208 -160
-160 16208 -160
-208 16192 -48
-256 16256 -96
-352 16224 -32
-400 16272 544
-400 16144 144
-256 16144 144
-368 16144 80
-304 16112 80
-320 16304 0
-144 16320 96
-144 16240 80
-176 16240 80
-192 16256 464
-240 16160 -128
-304 16224 560
-256 16192 160
-208 16176 16
-240 16192 208
-240 16208 176
-368 16208 176
-352 16224 336
-416 16224 176
-384 16224 560
-352 16208 176
-304 16224 80
-304 16224 208
-384 16224 208
-496 16176 256
-384 16192 144
-272 16176 64
-272 16112 208
-272 16128 64
-272 16112 80
-112 16112 80
-160 16080 480
-272 16128 320
-336 16176 400
-368 16160 480
-368 16128 240
-176 16128 0
-176 16240 208
-80 16256 208
-144 16240 -112
-336 16288 128
-368 16256 224
-304 16208 416
-304 16208 -48
-224 16208 48
-272 16240 48
-304 16240 -144
-400 16336 96
-368 16224 -160
-256 16192 -16
-400 16224 16
-400 16176 192
-368 16176 -64
-128 16176 -80
-112 16144 32
-240 16208 352
-160 16176 160
-176 16192 176
-176 16240 400
-256 16240 400
-240 16208 368
-288 16240 128
-352 16288 240
-368 16192 384
-112 16208 288
-112 16224 256
-304 16224 192
-320 16224 80
-208 16144 80
-304 16112 112
-224 16144 176
-272 16176 224
-272 16208 256
-288 16240 272
-288 16272 288
-480 16272 288
-496 16208 224
-320 16160 240
-272 16096 112
-272 16128 192
-320 16224 128
-112 16224 128
-144 16192 112
-336 16256 160
-256 16256 224
-256 16256 -32
-192 16128 176
-192 16256 192
-192 16192 272
-224 16192 272
-336 16176 320
-480 16272 240
-400 16208 208
-256 16160 128
-256 16224 -32
-192 16224 48
-176 16288 160
-240 16256 160
-336 16256 224
-336 16256 400
-208 16208 256
-208 16176 352
-272 16176 304
-64 16160 304
-176 16176 336
-224 16224 224
-432 16160 112
-368 16176 48
-240 16208 272
-240 16208 64
-112 16208 64
16 16176 112
-112 16160 -32
-336 16192 192
-224 16256 112
-224 16224 368
-304 16192 272
-320 16192 384
-128 16176 384
-176 16224 144
-320 16240 -16
-192 16272 -32
-352 16272 448
-352 16192 368
-208 16192 368
-288 16224 272
-240 16224 176
-160 16240 -112
-144 16208 -224
-192 16160 16
-192 16176 -96
-208 16240 80
-240 16240 -80
-128 16192 -80
-224 16192 96
-224 16176 336
-208 16144 208
-208 16240 224
-288 16240 160
-224 16256 160
-256 16272 144
-192 16256 16
-304 16208 192
-224 16240 448
-336 16224 112
-336 16224 256
-352 16160 256
-288 16208 48
-352 16240 -176
-416 16320 -224
-368 16224 128
-368 16192 320
-288 16192 320
-256 16144 176
-240 16176 160
-240 16272 80
-256 16272 96
-256 16192 32
-224 16192 32
-224 16192 112
-272 16272 128
-384 16256 128
-384 16224 144
-272 16144 272
-288 16272 368
-288 16288 64
-336 16304 80
-336 16256 240
-320 16256 -48
-256 16192 -48
-368 16224 176
-336 16240 -176
-128 16208 -112
-128 16272 16
-272 16272 -96
-128 16192 -96
-208 16144 -64
-224 16240 304
-160 16208 272
-384 16272 320
-352 16208 320
-352 16304 96
-304 16304 64
-256 16256 64
-256 16208 320
-304 16256 160
-368 16192 112
-208 16192 80
-208 16192 96
-128 16176 176
-128 16144 48
-160 16288 48
-352 16240 32
-80 16160 -80
-128 16144 -128
-128 16128 256
-176 16128 240
-80 16112 240
-112 16048 352
-256 16128 208
-304 16192 208
-336 16208 352
-208 16240 336
-208 16288 192
-208 16288 192
-80 16208 64
-144 16192 272
-208 16192 480
-288 16160 544
-192 16208 112
-288 16192 -112
-288 16192 64
-368 16176 208
-304 16144 256
-496 16208 256
-320 16224 48
-384 16240 64
-224 16208 144
-224 16208 432
-400 16256 176
-144 16240 176
-224 16224 -128
-288 16240 80
-240 16112 224
-32 16144 176
-176 16128 304
-272 16192 112
-272 16192 0
-128 16192 144
-272 16176 144
-352 16208 144
-304 16192 224
-256 16176 176
-240 16112 80
-240 16112 144
-192 16176 144
-272 16208 -64
-176 16176 16
-368 16256 160
-416 16256 -32
-416 16256 96
-352 16240 96
-368 16208 -160
-128 16144 64
-112 16176 144
-160 16176 176
-160 16208 160
-208 16224 192
-208 16224 256
-304 16176 256
-368 16160 160
-240 16176 96
-224 16192 48
-224 16224 80
-224 16240 32
-192 16240 32
-272 16256 16
-144 16208 16
-112 16192 -112
-176 16192 -64
-112 16192 96
-176 16208 32
-176 16208 240
-240 16160 240
-336 16176 160
-304 16288 64
-288 16288 80
-208 16240 128
-208 16160 48
-240 16160 48
-272 16128 16
-224 16096 288
-208 16160 112
-288 16176 240
-240 16288 272
-304 16272 192
-304 16240 64
-240 16240 208
-352 16272 208
-256 16256 224
-272 16208 352
-288 16112 464
-224 16144 464
-304 16144 464
-304 16224 336
-432 16224 80
-352 16224 80
-160 16192 32
-128 16256 272
-48 16224 144
-80 16208 0
-80 16208 -80
-48 16208 -80
-112 16192 -80
-256 16112 320
-224 16144 96
-256 16112 -48
-160 16144 32
-160 16112 256
-256 16112 256
-160 16160 400
-192 16160 144
-288 16080 32
-272 16176 -80
-256 16224 -128
-160 16128 -208
-304 16224 48
-128 16208 192
-128 16208 240
-208 16208 240
-128 16176 224
-176 16128 224
-192 16208 32
-208 16192 16
-208 16224 176
-208 16224 240
-336 16240 240
-96 16176 208
-64 16256 176
-32 16208 96
-160 16160 256
-240 16144 256
-240 16224 400
-352 16224 400
-336 16128 336
-272 16208 96
-320 16208 208
-208 16288 224
-208 16224 208
-304 16176 192
-304 16240 144
-224 16240 144
-288 16224 192
-304 16208 304
-480 16224 176
-480 16224 288
-400 16224 272
-464 16176 272
-336 16288 176
-240 16240 160
-496 16336 96
-448 16192 208
-368 16240 -16
-256 16128 272
-256 16128 352
-272 16192 352
-272 16304 144
-336 16256 0
-208 16240 -272
-176 16240 144
-288 16256 0
-288 16288 384
-544 16288 272
-400 16304 80
-432 16256 80
-432 16240 32
-288 16160 48
-288 16192 -128
-80 16192 -128
-224 16192 64
-160 16256 -80
-240 16240 208
-400 16128 192
-704 16144 352
-432 16064 -192
336 16032 80
336 16032 544
736 16416 544
800 16720 624
496 16480 592
0 16400 624
-384 16192 208
-384 16112 96
-608 16112 96
-384 16144 -96
-720 16240 -144
-144 15904 272
128 15936 464
-80 16192 592
-80 16384 256
-80 16384 256
144 16448 -240
-80 16368 176
-128 16320 -112
-16 16240 224
-16 16304 192
32 16304 400
-96 16240 256
-80 16224 256
-80 16144 192
-64 16160 176
-64 16192 64
-64 16144 160
-128 16224 144
-192 16224 48
-128 16208 48
-256 16288 112
-336 16272 176
-304 16160 112
-448 16208 80
-384 16224 48
-384 16224 32
-208 16288 32
-192 16336 80
-160 16224 240
0 16224 128
0 16160 240
-144 16160 -48
-192 16208 -48
-160 16192 -128
-208 16176 48
-288 16128 0
-160 16080 144
-112 16176 -80
-192 16224 -80
-192 16240 16
-320 16240 -48
-288 16256 -48
-416 16256 96
-176 16240 192
-240 16192 256
-320 16224 352
-320 16176 288
-320 16288 192
