startup(x,y,z):(-320,16160,160)
-5824 17184 -7232
-3296 16848 -4704
-640 16720 448
-528 15920 656
-1216 17824 2640
-1216 17824 3872
1312 16768 3872
2528 16320 -1648
1856 16192 -1376
416 16672 2208
-1280 15872 1296
-1280 16288 5696
3408 15264 -1008
9392 15264 176
6464 16192 176
4144 16032 -848
2032 16304 -1984
-688 15424 1920
-688 15424 1200
-1136 16064 1360
-288 15872 1360
624 16432 -192
96 16128 -800
-352 16192 608
-336 15904 -576
-336 16144 1344
-352 16144 1344
-304 15952 112
272 16000 -256
160 16016 -432
-352 16256 0
-352 16192 544
-416 16192 64
-208 16224 64
-336 16208 496
-272 16208 144
-416 16208 -112
-512 16224 528
-512 16128 96
-208 16128 96
-304 16192 80
-192 16192 -80
-416 16208 64
-416 16240 256
-288 16240 336
-704 16288 336
-464 16224 864
-272 16176 192
-336 16224 128
-512 16208 16
-384 16144 112
-368 16320 496
-368 16224 176
-144 16224 176
-352 16208 352
-192 16160 128
-80 16208 432
-160 16272 176
-160 16176 256
-192 16160 400
-112 16160 144
-224 16144 16
-368 16128 448
-384 16192 448
-384 16144 400
-384 16144 64
-320 16224 64
-352 16224 0
-240 16160 96
-176 16128 -112
-224 16096 256
-224 16144 336
-320 16176 240
-288 16176 240
-16 16256 48
-48 16160 -64
-240 16112 240
-240 16112 144
-256 16112 496
-208 16128 496
-112 16112 336
-240 16160 336
-112 16080 224
-144 16112 96
-256 16160 -32
-256 16160 -16
-400 16176 -16
-384 16160 240
-288 16160 -96
-480 16272 32
-480 16208 208
-288 16208 80
-368 16208 80
-320 16224 48
-416 16208 144
-464 16448 480
64 16384 -288
208 15920 -48
208 16032 -160
160 16032 -160
0 15968 -224
-304 16208 -432
-192 16256 -224
-112 16160 192
-112 16192 80
-240 16272 128
-208 16304 -16
-144 16160 128
-112 16208 -80
-144 16160 80
-144 16160 0
-112 16112 0
-80 16208 128
-64 16128 336
-304 16144 288
-288 16144 240
-288 16144 96
-384 16144 96
-336 16128 96
-384 16160 176
-352 16192 304
-208 16160 272
-208 16096 256
-144 16096 224
-208 16160 224
-368 16144 80
-176 16160 -96
-144 16256 -128
-320 16208 256
-320 16208 352
-464 16192 320
-368 16208 320
-288 16176 80
-256 16096 160
-112 16160 0
-112 16176 128
-224 16176 128
-336 16160 432
-288 16048 320
-112 16000 448
-176 16064 272
-176 16112 352
-368 16096 208
-288 16128 304
-272 16128 16
-240 16240 16
-304 16240 -32
-384 16192 112
-352 16048 96
-352 16160 32
-352 16160 16
-288 16160 16
-176 16192 48
-192 16240 -96
-320 16224 0
-192 16208 96
-192 16192 96
-192 16192 -32
-128 16176 -32
-192 16192 112
-240 16256 96
-208 16144 80
-208 16192 160
-80 16192 48
-160 16144 48
-336 16160 48
-528 16240 304
-368 16336 80
-224 16256 320
-224 16256 144
-96 16256 304
-208 16192 304
-128 16128 288
-176 16144 208
-128 16144 176
-144 16192 80
-144 16192 16
-112 16096 16
-272 16192 64
-256 16208 176
-256 16176 -128
-64 16160 -48
-64 16160 192
-304 16160 400
-272 16160 400
-240 16176 320
-256 16144 480
-304 16192 144
-48 16176 304
-256 16176 144
-304 16224 32
-304 16224 144
-288 16208 144
-304 16240 240
-432 16288 224
-608 16240 224
-432 16256 208
-432 16208 272
-368 16240 256
-256 16240 112
-192 16192 112
-80 16192 368
-208 16208 224
-112 16176 128
-192 16128 304
-192 16144 80
-240 16144 176
-352 16192 176
-464 16176 96
-320 16208 80
-320 16208 256
-304 16176 240
-304 16176 208
-304 16208 224
-320 16160 224
-224 16176 48
-112 16224 368
-272 16176 448
-272 16272 288
-304 16288 256
-304 16128 272
-224 16128 208
-208 16064 208
-288 16176 192
-272 16176 128
-384 16160 96
-400 16144 224
-400 16144 272
-368 16176 272
-256 16192 176
-368 16112 336
-304 16144 432
-272 16208 368
-272 16192 512
-288 16192 512
-176 16240 368
-240 16272 304
-256 16240 112
-64 16192 112
-48 16144 -144
-208 16160 32
-208 16160 -16
-160 16144 -16
-192 16176 112
-240 16128 272
-304 16256 144
-320 16256 160
-320 16304 192
-320 16224 112
-144 16224 112
-112 16240 224
-96 16192 272
-224 16144 192
-272 16160 160
-272 16160 144
-496 16176 144
-336 16080 96
-352 16144 384
-320 16160 288
-384 16096 64
-336 16128 48
-336 16128 -16
-368 16240 -16
-528 16256 112
-368 16224 144
-320 16288 224
-320 16176 336
-240 16176 320
-272 16112 320
16 16096 272
-48 16064 32
-224 16128 256
-288 16160 176
-352 16256 -64
-352 16224 -16
-320 16224 -16
-128 16128 96
-64 16128 80
-144 16208 16
-144 16224 96
-224 16192 160
-224 16192 160
-368 16176 304
-320 16128 448
-416 16080 496
-384 16112 352
-224 16144 272
-176 16160 208
-176 16160 128
16 16160 128
-64 16208 368
-192 16208 544
-368 16224 512
-400 16208 320
-400 16160 432
-176 16160 368
-272 16128 256
-288 16176 256
-352 16208 400
-240 16208 128
-144 16240 272
-144 16240 240
-416 16272 240
-400 16192 144
-416 16192 320
-432 16208 192
-320 16160 320
-320 16160 240
-192 16144 464
-224 16144 464
-112 16240 224
-176 16224 240
-400 16304 304
-192 16352 240
-192 16352 48
-272 16336 48
-272 16224 208
-320 16272 144
-352 16224 192
-352 16144 208
-288 16160 0
-288 16112 -32
-48 16112 -32
-144 16112 112
-176 16096 -48
-80 16096 208
-80 16144 112
-160 16144 0
-272 16160 0
-224 16112 -32
-240 16160 -32
-272 16176 32
-384 16192 -48
-320 16224 128
-144 16240 112
-144 16240 -32
-208 16256 -32
-480 16288 0
-480 16240 192
-416 16240 240
-384 16176 112
-384 16176 16
-304 16192 48
-256 16176 48
-192 16176 192
-144 16176 336
-144 16240 192
-160 16240 288
-96 16256 288
-96 16272 432
-112 16240 320
-112 16160 384
-144 16224 240
-144 16224 -16
-336 16176 32
-240 16208 32
-256 16208 112
-96 16176 96
-256 16224 -112
-256 16224 48
-256 16224 48
-272 16192 48
-80 16176 80
-176 16144 176
-128 16144 96
-128 16176 304
-224 16128 352
-208 16128 208
-144 16128 208
-224 16192 32
-272 16192 144
-272 16240 64
-272 16160 336
-224 16160 336
-272 16160 128
-304 16240 -96
-336 16176 336
-304 16144 320
-304 16192 336
-192 16192 304
-144 16240 352
-144 16320 96
-240 16320 96
-336 16128 320
-144 16160 112
-176 16128 224
-112 16144 224
-112 16192 544
-192 16192 544
-336 16224 320
-288 16272 224
-288 16288 -320
-336 16224 272
-144 16240 112
-144 16192 112
-160 16192 112
-336 16224 160
-192 16144 -32
-272 16160 48
-304 16176 128
-304 16240 160
-448 16240 160
-336 16240 -16
-192 16304 -16
-208 16208 224
-128 16256 112
-272 16224 304
-272 16224 512
-240 16160 512
-400 16208 272
-560 16240 432
-336 16256 240
-336 16192 352
-336 16192 0
-240 16240 96
-256 16224 96
-272 16112 192
-192 16080 64
-224 16064 288
-224 16128 224
-224 16128 -64
-304 16096 -64
-192 16096 64
-208 16000 256
-288 16064 208
-32 16080 384
-224 16096 272
-160 16144 -64
-272 16160 144
-512 16160 144
-400 16288 208
-272 16224 -128
-224 16256 80
-368 16224 0
-368 16176 16
-320 16176 192
-240 16128 208
-416 16192 96
-368 16128 48
-432 16144 48
-272 16256 352
-176 16272 272
-256 16208 272
-256 16208 336
-320 16112 336
-336 16160 304
-304 16240 160
-352 16304 336
-336 16336 256
-336 16240 480
-464 16192 240
-368 16192 496
-352 16256 496
-384 16176 192
-208 16160 128
-224 16176 80
-208 16128 -48
-240 16144 -32
-240 16192 256
-144 16192 256
-240 16224 256
-224 16224 256
-256 16128 32
-288 16144 288
-288 16176 240
-368 16176 240
-480 16208 336
-416 16240 224
-272 16224 -48
-320 16128 -192
-320 16176 -352
-208 16176 -352
-208 16144 -128
-288 16208 16
-224 16176 16
-256 16176 192
-352 16208 176
-368 16176 208
-368 16128 352
-320 16128 352
-224 16096 208
-304 16208 352
-320 16096 320
-208 16160 96
-272 16144 144
-272 16176 -96
-272 16112 160
-416 16112 160
-416 16096 240
-416 16208 288
-288 16144 48
-288 16240 48
-256 16240 192
-432 16160 192
-256 16224 272
-288 16256 240
-208 16240 128
-224 16160 288
-160 16160 176
-160 16160 176
-288 16176 176
-256 16224 384
-256 16224 224
-368 16208 288
-368 16192 272
-352 16192 -16
-304 16176 -16
-320 16256 -16
-176 16112 96
-240 16224 64
-240 16240 96
-240 16192 192
