startup(x,y,z):(-48,15952,464)
48 15936 16
256 15952 736
640 16128 -736
304 16400 -960
-304 16256 1136
-1136 16704 -3024
3760 19904 -4288
3760 17696 -768
1296 17696 -768
-256 16496 2240
-1392 16224 3456
-864 15904 -128
64 16048 -880
64 16240 -432
-128 16240 1424
-80 16080 1312
-32 16080 1312
-240 16288 976
-224 16208 768
-176 16224 -112
-432 16256 -144
-288 16256 176
-112 16208 176
-16 16128 512
0 16064 592
-240 16176 656
-176 16144 560
-80 16192 320
0 16128 256
0 16192 192
-80 16192 128
48 16176 128
-16 16160 432
0 16112 880
-64 16080 896
-144 16064 384
-144 16064 32
16 16128 32
-96 16080 16
-16 16080 16
-80 16144 144
-64 16080 304
16 16080 272
16 16096 480
-16 16048 400
-16 16016 288
144 16016 144
96 16000 144
112 16064 176
16 16080 176
-16 16032 464
-32 16032 528
112 16048 624
-16 16064 528
-16 16064 304
-32 16080 304
-96 16032 320
-80 16128 160
-48 16160 240
-32 16000 320
-32 16000 672
-240 16112 672
-32 16032 816
-64 16032 800
-160 16096 800
-96 16112 656
-32 16128 240
-32 16064 336
-32 16064 64
-48 16064 416
-48 16096 416
-80 16144 352
128 16032 368
-128 16112 272
-16 16080 384
-48 16096 464
-48 16016 464
-48 16016 512
-112 16064 512
0 16064 448
0 16016 352
0 16128 592
-16 16128 432
-16 16128 416
32 16048 528
-48 16080 464
-208 16128 464
-64 16112 336
-144 16144 384
-144 16112 688
-144 16192 624
-160 16112 368
-128 16096 304
-128 16096 368
-240 16176 368
-192 16080 416
-96 16064 464
-16 16032 400
-80 16048 400
-240 16128 352
-160 16192 416
-160 16192 528
-96 16032 528
-144 16128 448
-240 16144 528
-160 16192 384
-112 16144 400
-112 16144 416
80 16032 544
96 15984 512
96 15984 544
48 15936 544
-48 16080 656
-64 16128 432
-144 16160 448
-96 16080 496
-96 16112 512
-256 16112 512
-128 16000 384
-224 16064 528
-208 16016 560
-96 16048 624
-48 16048 896
0 16128 512
0 16080 416
-80 16080 464
-80 16032 416
64 16032 576
48 16016 368
0 16016 464
-176 16096 448
16 16048 288
32 16096 400
-16 15936 592
-16 15936 736
144 15984 736
64 15984 560
32 16032 544
-80 16064 560
-80 16128 288
-80 16128 256
-144 16032 208
-208 16096 288
-208 16128 352
-272 16128 352
-320 16048 320
-192 16096 448
-256 16064 592
-256 16064 528
-240 16032 560
-160 16032 560
-80 15984 384
112 15984 336
64 15936 416
16 15904 368
112 16032 320
112 16048 400
112 16096 384
-64 16096 384
-112 16080 448
-48 16096 352
32 16016 560
-64 16032 336
-64 16080 512
-256 16080 576
-448 16128 496
-368 16112 560
-336 16112 560
-368 16096 496
-160 16096 640
0 16016 752
-176 16016 640
-176 15968 448
32 15968 640
-64 16080 640
-96 16096 368
-272 16144 576
-144 16080 592
-208 16096 560
-240 16016 320
-256 16064 496
-256 16000 304
-240 16000 384
-240 16080 464
-176 16128 464
-160 16112 560
-112 16096 272
-96 16032 416
-144 16064 160
-80 16064 304
-16 16000 416
-16 16000 592
144 16064 592
96 16064 544
-32 16000 448
-96 16032 528
-256 16112 528
-256 16112 656
-64 16032 656
-80 16016 608
-176 16096 816
-176 16032 816
-352 15952 720
-272 15936 736
-176 16032 480
-176 16048 544
-16 16048 544
-64 15984 576
-128 16032 608
-144 16016 784
-208 16144 800
-64 16112 528
-80 16144 480
-272 16112 480
-256 16144 336
-256 16096 608
-256 16096 608
-144 16032 592
-192 16064 624
-96 16112 432
-192 15984 720
-176 15968 208
-176 16048 352
-128 16080 464
-48 16064 576
-48 16160 336
-144 16160 512
-32 16144 512
-32 16176 416
-16 16080 464
-96 16016 688
-192 16112 832
-112 16048 640
-112 16048 400
-80 16128 352
-80 16096 400
-208 16096 400
-208 16048 432
-96 16160 320
-176 16048 528
-112 16032 656
-192 16048 816
-384 16096 816
-288 16096 448
-192 16064 528
-112 16016 672
48 16048 528
-112 16032 752
-128 15968 736
-128 15952 832
-128 15952 832
-144 16064 704
-224 16064 592
-64 15984 544
-176 16016 672
-176 16096 544
-80 16112 592
-16 16080 688
32 16000 624
32 16000 576
48 16000 576
-48 15952 416
-160 15952 576
0 16016 544
-80 16064 560
-80 16064 624
-32 16048 624
0 16000 928
-176 16064 608
-64 16016 608
-176 16160 512
-96 16096 448
16 16016 528
-96 16064 592
-96 16096 592
-144 16160 464
-320 16160 464
-352 16160 720
-304 16096 800
-224 16096 688
-176 16016 608
-16 16016 480
-48 16048 448
-112 15984 448
-112 15984 272
-32 15984 272
-128 16080 416
-240 16128 336
-48 16096 496
176 16064 704
176 16032 592
-32 15968 624
-32 16032 592
-160 16032 704
-192 15984 704
-160 16048 656
-64 16064 576
-32 16096 432
16 16096 656
16 16096 640
-48 16096 384
-192 16096 384
-240 16080 192
-96 16064 240
-128 16048 608
-144 16176 352
128 16176 512
128 16080 672
-144 16080 608
-112 16064 608
-80 16064 560
-192 16032 848
-144 16032 704
-224 16080 576
-320 16032 624
-288 16032 896
-144 16032 704
-144 16032 512
48 16032 512
-112 16064 736
-224 16064 656
-32 16112 432
-80 16096 672
-32 16096 368
-32 16032 288
-32 16096 592
-32 16048 640
-32 16048 544
-96 16048 544
-208 16112 672
-144 16000 736
-64 15952 496
-64 15952 320
-80 16000 448
-32 16000 448
-160 16064 448
-192 16016 640
-176 16032 608
-112 16032 720
16 16016 672
96 16048 656
96 16048 256
-48 16048 256
-160 16064 336
32 16016 528
32 16080 336
-224 16096 320
-224 16032 288
-96 16000 224
-32 16048 256
48 16048 288
-16 16096 288
-16 16112 544
112 16080 352
128 16080 432
128 16064 192
-80 16224 208
-32 16096 448
-80 16112 272
-80 16144 368
-32 16160 256
-64 16192 176
48 16128 176
0 16128 192
0 16128 128
16 16080 128
16 16048 80
-32 16112 272
-176 16192 352
-64 16112 448
-128 16128 384
-208 16000 336
-160 16032 0
-96 16032 192
-96 16032 128
-80 16048 128
-80 16064 368
-224 16064 432
-128 16048 512
-112 16016 544
-112 16016 656
-128 16064 656
-224 16112 576
-224 16112 784
-256 16112 784
-176 16080 576
-80 16064 496
-256 16000 560
-256 16000 544
-192 16048 544
-112 16096 624
-128 16032 464
-32 15968 528
-160 16000 480
-160 16080 544
-224 16112 448
-224 16112 416
-224 16112 528
-80 15968 528
-176 15984 752
-160 16048 560
-192 15968 464
-192 16016 560
-208 16016 672
-48 16032 672
-64 16048 528
-192 16080 336
-288 16096 432
-160 16128 576
-112 16176 416
64 16096 224
64 16048 384
96 16048 512
-16 16048 576
-64 16096 576
-48 16112 400
-192 16144 416
-144 16064 336
-128 16064 448
112 16032 464
-64 16096 480
-64 16048 368
-160 16048 368
-128 15968 352
96 16016 592
80 16000 784
-16 15984 592
-16 16064 624
-160 16064 592
-96 16080 512
-16 15968 800
-224 16064 800
80 16064 528
-192 16080 480
-304 16048 416
-304 16000 608
-144 16000 688
-192 16016 688
-240 16048 752
-160 16064 480
-96 16032 528
-176 16176 448
0 16112 400
-96 16048 496
-96 16112 512
-80 16112 512
-48 16080 592
-96 16128 400
-240 16112 544
-208 16064 576
-112 16080 528
-112 16096 624
16 16096 720
0 16144 368
-48 16144 368
0 16096 160
-112 16192 288
-176 16080 544
-80 16080 560
-96 16096 624
-96 16064 464
-176 16064 560
-160 16016 560
-80 16064 448
-176 16080 528
-128 16048 544
-112 16112 384
-80 16048 400
-80 16096 608
-144 16096 608
-144 16128 192
-176 16080 176
-96 16096 96
-96 16112 352
-272 16112 208
-256 16112 272
-224 16112 224
-288 16032 224
-256 16000 576
-160 16016 752
-176 16048 672
-176 16048 768
-208 15968 608
-48 16032 608
-64 16096 416
-368 16128 576
-192 16080 624
-96 16048 224
-48 16016 720
16 16000 672
16 16080 304
0 16080 304
-80 16112 560
160 16048 624
128 16048 480
112 16096 368
112 16096 224
0 16160 224
-80 16128 288
-176 16064 352
-144 16032 368
-64 16032 368
-192 16048 496
-256 16096 272
-256 16112 512
-240 16096 528
-240 16048 448
-112 16048 448
-112 16080 576
32 16032 384
-80 16064 576
0 16080 672
