startup(x,y,z):(-16,16048,464)
-304 15520 1056
-112 15856 2032
208 14880 3408
1616 15424 -1568
1136 15312 -528
1136 15312 -1232
416 16320 -1232
-368 16752 -1072
-576 16960 -576
-160 16656 400
-160 16656 560
-432 15968 560
112 15936 704
64 15904 496
-240 16048 0
-352 16080 352
-208 16048 192
-192 16128 192
-192 16128 720
-240 16016 720
-176 16016 928
-208 16096 672
-192 16048 512
-192 16016 528
-96 16016 768
-144 16016 352
-240 16064 352
-336 16080 320
-176 16128 400
-48 16064 528
-112 16048 560
-96 16000 512
-96 16112 224
-128 16112 448
-304 16128 448
-192 16032 512
-192 16016 496
-192 16016 816
-192 16064 368
-64 16064 176
-64 16064 384
16 16064 384
-64 16000 496
-160 15984 672
16 15920 704
16 16016 544
16 16016 176
32 15888 176
-112 16016 80
-96 16096 224
-128 16064 432
-208 16000 528
-192 15984 624
-192 16016 512
-240 16016 512
-208 16032 528
-96 16000 496
16 16064 288
-80 16080 400
-80 16080 736
-224 16016 736
-160 16000 608
-144 16016 576
-176 16016 480
-64 15952 720
-176 16016 512
-176 16032 416
-192 16032 416
-16 15968 528
-16 15920 656
-128 15984 576
32 16016 304
16 15968 320
16 15904 560
16 15904 576
-48 16032 608
-80 16080 496
-32 16048 768
-48 16032 704
-48 16000 704
-112 16000 704
-16 15968 592
-128 16016 608
0 16032 480
0 16032 528
0 15984 704
-144 16016 640
-144 16016 816
-288 16080 816
-16 16016 720
32 15904 448
-128 15984 592
-128 15936 432
-16 15936 384
-48 16000 384
-176 15984 480
-192 16048 368
-144 16112 432
-192 16032 432
-112 16016 320
-112 16080 448
-176 16080 448
-336 16032 448
-176 16000 448
-64 16016 352
-208 16128 560
-208 16080 496
-128 16080 496
-48 16128 464
0 16032 752
-64 16032 592
-32 16096 528
-80 16016 368
-80 16080 64
-32 16080 64
-256 16080 384
-224 16032 656
-240 16032 528
-224 16000 336
-96 15968 240
-160 16016 400
-64 16048 240
-160 16048 304
-160 16048 624
-48 16048 624
-160 16080 496
-80 15984 752
-96 16000 688
-96 16080 880
-80 16080 880
-208 16096 848
-160 16112 736
-144 16064 592
-128 16096 512
-496 16112 592
-496 16048 640
-272 16048 496
-320 16064 496
-352 16048 368
-352 16064 416
0 16048 384
0 16112 336
-64 16112 240
-128 16080 240
-80 16048 560
-128 16096 528
-176 16064 624
-192 16096 464
-160 16032 464
-160 16032 464
-256 16048 464
-144 16048 592
-64 16016 480
-16 15968 432
-16 16096 112
-16 16096 112
-192 16144 336
-144 16064 528
-48 16032 688
-176 16176 496
-144 16112 672
-144 16032 704
-128 16032 704
-80 15920 704
32 16016 480
-80 16016 800
-96 16064 512
-96 16000 624
-112 16096 480
-80 16080 464
-80 16064 400
-112 16064 400
-144 16096 352
-256 16112 592
-176 16000 528
-208 16064 624
-208 16000 592
0 16000 592
-64 15968 704
-80 15984 608
0 16032 368
-64 16160 320
0 16096 384
0 16032 480
0 16032 480
-48 16016 304
-32 15952 432
-48 15920 576
-96 15984 608
-96 15952 704
-160 15952 640
-192 15952 640
-64 16000 624
-96 16048 768
-176 16064 480
-64 15968 576
-64 16112 464
-96 16112 464
-48 16064 192
208 15984 416
64 16032 320
-96 16032 432
-96 16032 592
-224 16000 576
-112 16048 736
-80 16016 736
96 16080 656
64 16128 448
-128 16128 96
-128 16128 400
32 16048 400
112 16096 416
48 16048 560
176 16000 384
-112 16032 528
-64 15952 464
-112 15968 592
-256 15920 528
-256 15920 448
-288 16080 448
-176 16064 688
-80 16032 928
-112 16064 464
-112 16016 400
0 16016 352
16 16064 352
80 16048 544
-80 16048 448
-128 16064 656
-16 16080 624
-16 15984 640
-16 15984 512
-176 16032 512
-240 16048 256
-80 16048 240
-96 16048 656
-48 15984 496
-48 15984 736
-112 15984 736
-192 15936 400
-176 16048 400
-128 16000 272
-128 16064 272
-144 16016 416
-144 15968 528
-128 15968 272
-144 15904 400
-112 15968 416
-64 15888 480
-128 16000 528
-128 16048 560
-208 16080 384
-208 16096 48
-48 16096 48
16 16048 160
-208 16112 304
-112 16032 608
-112 16064 496
-304 16080 560
-352 16080 272
-208 16000 464
-224 16000 464
-240 16016 688
-272 16064 624
-176 16064 416
-288 16032 496
-288 15984 384
-288 15984 432
-240 15984 432
-32 15952 336
-48 15984 624
0 16032 784
-160 16096 496
-160 16096 560
-112 16096 336
-176 16080 336
-144 16080 336
-336 16048 448
-80 16096 384
-144 16000 208
-144 16016 352
-256 16016 80
-48 16000 80
-16 15952 0
48 16016 176
-112 16064 480
-160 16064 496
-96 16048 112
112 16016 256
112 16016 448
112 16064 448
144 16032 544
-32 16112 528
16 16048 704
-64 15952 496
-64 16064 448
-272 16064 448
-256 16080 464
-288 16080 496
-144 15984 480
64 15952 448
-272 16000 640
-240 16016 448
-240 16016 432
-208 16096 432
-160 15952 464
-128 16000 576
-144 16032 512
-400 16048 368
-240 16032 368
-256 16032 480
-240 16032 496
-240 16032 400
-160 16064 416
-224 16160 528
-208 16144 272
-144 16112 400
-144 16112 368
-96 16176 368
-224 16096 304
-160 16032 624
-128 16032 576
-80 16000 576
16 15936 224
16 15952 384
144 15952 496
240 15952 496
208 15984 592
144 16032 656
64 16016 528
-16 16048 576
-16 16048 448
208 15984 592
-32 16032 544
-224 16144 544
-160 16000 576
-16 15984 512
-80 15984 368
-80 15984 464
-192 15984 464
-256 16128 352
-208 16016 608
-208 16016 608
-144 16048 688
-240 16032 640
-128 16048 592
-128 16048 480
16 15968 480
-80 16016 528
-336 16096 608
-352 16048 528
-352 16096 128
-208 16096 208
-224 16128 144
-160 16128 144
-192 16064 384
-208 16048 272
-128 16064 400
-368 16064 448
-336 16080 608
-336 15984 688
-224 15984 688
-368 16032 848
-96 15984 672
-256 15984 864
-32 15984 576
-32 15984 448
-32 15984 464
-128 16064 320
-224 16064 336
48 15984 336
0 16064 128
32 15984 560
32 16112 496
-16 16112 512
-144 16064 512
16 16080 288
-96 16080 400
-192 16064 240
-64 16000 336
-112 15968 544
-80 16000 592
-80 16000 736
-192 15952 736
80 16016 704
-48 16080 544
-48 15984 544
-48 15984 496
-16 15984 496
0 16048 384
-144 16096 672
-144 16032 496
-160 16128 496
-96 16048 176
-96 16016 592
-144 16016 592
-176 16128 336
-128 16080 160
-368 16128 352
-192 16000 448
-192 16000 432
-256 16048 384
-128 16048 384
-48 16048 320
-16 16096 448
-80 16080 448
-32 16096 352
-64 16064 560
-64 16096 240
-64 16096 544
-192 16016 544
-160 16016 736
-144 16000 768
-128 15968 672
-128 15936 848
-80 15936 656
-96 15968 752
-80 15968 752
-224 15936 880
-80 15920 896
-48 15968 672
-16 15984 528
-16 16000 512
-240 16000 592
-208 16080 592
-16 16000 496
-192 15952 704
-176 16016 672
-96 15984 688
64 15968 496
64 15968 784
-192 16032 608
-144 16032 528
-192 16016 496
-272 16000 544
-272 16016 592
-192 16016 592
0 16080 320
-32 15984 320
-112 16016 448
-208 16144 16
-128 16032 368
-128 15984 512
-160 15984 512
-112 15984 320
0 16064 544
-128 16096 512
-176 16096 448
-160 16096 608
-160 16112 400
-176 16064 448
-176 16096 464
-112 16096 464
-208 16064 720
-256 16048 352
-256 16016 560
-256 16000 736
-112 16000 704
-240 16080 704
-144 16016 672
-336 16080 448
-320 16048 368
-288 16048 464
-208 16112 304
-208 16064 208
-80 16064 208
-80 16096 96
-288 16112 304
-176 16064 512
-240 16080 512
-240 16048 400
-160 16048 624
-352 16096 624
-336 16112 432
-80 16016 736
-112 15984 768
-96 16064 448
-112 16064 544
-112 16112 512
-80 16112 512
-48 16096 368
-96 16080 400
-384 16112 288
-352 16096 368
-352 16096 592
-240 16096 464
-240 16080 400
-240 16080 400
-112 16048 560
-32 16032 496
-240 15984 320
-240 15952 320
-160 15952 320
-192 16064 208
-320 16016 288
-384 16064 528
-112 15968 400
64 16016 464
-48 16016 560
128 15952 496
128 16000 496
176 16000 496
-176 16080 448
-32 16080 448
-32 16128 352
-32 15984 464
-128 16000 288
-80 15984 288
-80 15984 560
-208 16016 368
-256 16016 560
-128 15904 560
