startup(x,y,z):(224,16128,272)
-3984 12800 -1264
-4528 16656 128
-2464 15552 560
-3232 15504 -2912
-4160 15952 -3104
-4176 16544 -1792
-2752 16176 -1984
-2144 15920 -624
-2144 15920 -96
-2000 16096 -96
-1376 16080 656
-752 16192 160
-544 16128 -32
-336 16288 80
-16 16304 640
176 16288 -80
176 16288 -560
-400 16016 -560
-832 15968 352
288 15792 1488
464 16272 496
464 16128 496
128 16128 -128
96 15936 -128
208 16128 240
368 16256 640
432 16192 48
32 16256 224
144 16224 288
144 16240 -32
352 16240 -32
304 16256 -48
272 16320 -48
16 16368 176
128 16288 320
272 16224 -416
272 16192 -16
368 16160 96
272 16160 224
368 16160 256
272 16096 256
320 16080 -96
320 16176 496
352 16112 512
352 16112 112
336 16288 112
384 16208 0
304 16224 112
320 16160 128
288 16144 160
320 16208 288
256 16208 112
256 16208 272
176 16192 272
240 16128 432
192 16288 224
224 16128 256
224 16208 144
192 16208 -32
272 16272 -32
176 16272 192
224 16176 96
288 16288 32
336 16272 112
320 16288 256
304 16208 96
304 16160 80
352 16160 368
240 16112 368
480 16144 256
624 16128 224
624 16224 80
480 16144 192
448 16320 288
320 16384 320
320 16384 528
272 16272 528
240 16192 400
256 16048 464
144 15968 336
368 16096 208
368 16176 32
368 16176 400
272 16336 400
368 16144 320
368 16128 96
240 16112 240
352 16112 176
288 16256 160
288 16224 208
368 16224 352
304 16240 352
352 16112 480
384 16048 528
352 16112 416
352 16144 400
320 16176 416
320 16176 224
256 16128 224
336 16128 176
368 16160 32
368 16224 80
368 16272 208
160 16272 272
256 16256 272
208 16256 320
256 16160 176
288 16144 240
304 16160 208
288 16176 304
288 16176 400
112 16112 400
176 16016 224
160 16320 -160
192 16336 -16
112 16336 400
112 16144 336
32 16144 336
112 16112 624
160 16224 432
96 16128 368
192 16144 480
224 16208 432
224 16144 320
320 16096 176
272 16096 240
112 16160 240
240 16176 240
272 16112 128
224 16128 144
288 16144 144
192 16128 224
240 16096 -112
240 16096 -384
592 16224 -384
512 16176 -80
544 16240 -32
560 16192 16
304 16224 112
432 16224 -80
480 16192 -80
528 16208 0
384 16112 352
320 16192 320
336 16272 320
304 16272 304
304 16144 352
368 16144 352
272 16128 512
256 16192 416
256 16128 432
288 16080 528
288 16112 576
336 16112 512
352 16192 272
336 16192 480
240 16176 480
192 16160 256
96 16160 240
128 16128 336
128 16096 432
96 16096 160
112 16112 160
288 16176 192
192 16160 208
288 16144 256
368 16224 416
336 16192 288
336 16192 64
464 16192 176
496 16192 176
400 16144 352
384 16096 416
432 16208 -144
512 16224 48
512 16240 48
304 16240 208
128 16256 192
128 16256 176
32 16192 176
112 16256 464
224 16224 16
224 16272 224
224 16304 -32
272 16304 160
288 16272 160
256 16240 336
288 16176 256
192 16208 64
224 16208 320
192 16208 240
192 16144 256
352 16144 160
336 16128 160
304 16176 112
400 16208 48
256 16224 144
256 16304 272
272 16304 224
496 16224 304
320 16208 464
272 16144 352
384 16176 352
336 16208 368
256 16192 144
160 16224 304
160 16176 64
240 16176 64
144 16192 80
352 16144 160
256 16192 192
208 16160 272
176 16192 224
272 16128 560
272 16128 272
400 16128 272
416 16192 400
352 16208 240
112 16144 160
288 16208 160
240 16224 368
240 16176 96
288 16176 -32
192 16176 -32
176 16208 208
160 16224 208
272 16176 144
256 16240 288
320 16224 256
320 16160 64
304 16160 64
320 16112 272
240 16128 224
320 16240 240
288 16272 480
272 16192 224
320 16176 192
320 16144 352
368 16144 352
448 16272 208
400 16224 176
320 16160 192
320 16144 144
416 16144 144
320 16128 144
304 16144 192
288 16128 160
272 16160 240
320 16240 240
272 16192 224
368 16304 464
288 16144 320
288 16112 176
320 16112 176
416 16064 224
352 16160 240
208 16208 160
272 16192 304
256 16208 416
144 16144 208
144 16064 112
240 16064 112
336 16144 112
320 16192 400
384 16192 384
400 16112 480
368 16112 256
240 16160 256
240 16160 384
256 16192 384
240 16144 304
336 16256 304
224 16240 224
240 16208 144
384 16144 224
384 16112 80
368 16112 -64
368 16224 -64
240 16192 176
224 16176 144
176 16112 336
208 16192 304
336 16208 224
320 16240 208
320 16240 112
288 16224 112
304 16192 208
224 16240 384
224 16192 288
224 16160 176
144 16160 112
352 16144 112
288 16144 208
224 16272 128
192 16208 160
240 16112 256
224 16192 352
224 16192 224
272 16192 80
336 16208 80
352 16208 32
336 16160 192
256 16192 176
272 16240 96
272 16240 64
272 16240 192
336 16176 64
288 16240 64
352 16224 320
240 16208 400
240 16224 208
288 16144 80
288 16048 112
384 16048 176
320 16160 176
272 16208 192
336 16144 -96
320 16112 -128
304 16192 112
336 16096 512
336 16144 240
464 16144 368
352 16160 368
336 16160 128
336 16192 176
352 16112 240
352 16112 384
272 16112 208
288 16192 432
192 16208 432
208 16192 352
96 16192 208
160 16192 128
160 16192 256
240 16160 256
288 16208 -32
272 16176 128
144 16128 320
304 16064 272
304 16128 240
272 16080 224
272 16128 320
336 16128 320
288 16192 240
224 16144 496
368 16176 432
368 16256 368
256 16256 368
208 16208 480
288 16224 400
272 16256 432
176 16256 336
272 16176 192
544 16208 32
544 16208 128
416 16304 128
240 16256 192
256 16208 112
240 16176 224
272 16240 48
224 16272 -128
224 16272 144
320 16208 144
240 16160 160
160 16256 272
288 16176 272
304 16208 272
400 16128 144
400 16144 192
368 16144 192
288 16144 240
256 16128 208
128 16176 224
128 16112 272
128 16144 192
320 16208 304
192 16224 272
192 16224 112
256 16256 112
400 16176 32
400 16176 288
288 16176 256
288 16176 400
352 16192 400
304 16128 240
192 16128 80
176 16240 256
224 16192 320
304 16160 240
288 16160 352
288 16160 112
384 16160 112
480 16176 336
192 16144 496
208 16224 576
224 16160 448
224 15904 256
256 16096 256
208 16112 256
224 16160 416
224 16144 416
176 16112 272
144 16192 368
208 16160 256
272 16128 240
272 16128 464
272 16144 464
288 16176 272
192 16160 208
208 16176 128
192 16176 368
176 16160 528
144 16208 352
144 16208 160
176 16208 160
112 16224 128
208 16160 192
208 16080 112
64 16128 224
64 16064 304
176 16064 304
288 15984 96
320 16112 -192
320 16176 256
304 16144 -32
272 16208 -256
272 16224 -112
240 16224 -112
240 16112 144
352 16176 336
288 16112 336
288 16208 416
288 16208 224
336 16176 224
304 16192 208
272 16176 16
320 16176 16
320 16192 80
208 16208 176
208 16208 48
208 16208 384
160 16192 384
112 16336 368
320 16240 48
304 16144 176
304 16192 192
272 16160 256
272 16160 416
224 16112 416
224 16224 192
224 16208 320
288 16208 464
64 16160 400
80 16160 336
80 16160 256
144 16160 256
160 16288 368
144 16288 240
192 16160 304
432 16144 400
304 16208 352
352 16240 192
352 16240 176
496 16160 176
416 16192 256
432 16128 368
368 16208 112
368 16176 432
272 16176 368
336 16080 336
416 16080 336
208 16160 304
272 16144 320
240 16208 496
304 16160 464
304 16112 560
384 16112 560
288 16128 608
224 16208 528
368 16160 448
288 16112 256
544 16112 144
464 16192 224
272 16128 448
224 16240 368
224 16240 224
192 16272 224
272 16272 256
208 16208 384
224 16224 400
224 16256 -32
288 16256 -48
176 16240 -80
304 16240 96
416 16304 96
224 16256 304
144 16176 336
112 16128 352
224 16144 240
224 16176 272
288 16176 112
304 16224 112
352 16224 144
448 16208 64
288 16240 80
352 16208 192
208 16240 240
208 16240 224
96 16256 224
112 16240 288
192 16256 352
128 16192 192
