startup(x,y,z):(-320,16160,160)
896 15856 -2672
784 15776 1776
576 16320 64
-1728 16224 2064
-3408 16240 768
-3408 17152 -3216
-4464 17152 -3216
-2960 17760 1520
-1600 17440 -3312
-1232 16704 272
-16 16112 1936
-16 16112 1984
-336 16416 1984
-912 16304 1424
-256 16352 -1152
544 16176 112
592 15968 -464
592 16272 624
32 16272 624
-80 16208 672
144 16176 -112
-16 16192 -736
-96 16384 -400
-96 16288 -160
-224 16288 320
-320 16176 720
-192 16160 720
-192 16288 544
-48 16208 -224
-64 16192 256
-64 16192 128
-224 16288 144
-96 16192 128
-64 16336 -192
-80 16272 48
-80 16272 320
-256 16336 416
-272 16256 416
-352 16192 432
-272 16112 -416
-288 16192 304
-288 16064 112
-144 16064 112
-192 15968 288
-176 16080 368
-224 16080 128
-160 16128 32
-160 16032 160
-224 16128 320
-192 16128 192
-336 16208 192
-240 16144 512
-272 16176 512
-288 16112 464
-288 16112 160
-192 16128 160
-192 16128 0
-304 16112 192
-192 16176 144
-240 16112 272
-256 16160 144
-256 16160 256
-368 16224 256
-288 16160 272
-400 16224 -32
-368 16128 224
-368 16128 16
-352 16112 16
-352 16176 -112
-224 16128 -80
-240 16240 -112
-144 16224 336
-320 16448 480
-208 16240 128
-208 16192 64
-176 16192 64
-128 16224 144
-320 16192 32
-400 16240 240
-400 16256 0
-352 16256 256
-272 16192 256
-144 16176 256
-320 16224 64
-304 16240 208
-96 16192 208
-96 16240 384
-288 16240 432
-304 16240 432
-224 16240 112
-240 16192 96
-256 16112 224
-256 16096 192
-256 16096 -128
-256 16288 -128
-160 16128 288
-176 16144 -64
-96 16128 0
-320 16144 32
-304 16128 208
-304 16128 160
-320 16080 160
-352 16208 272
-256 16176 352
-256 16224 336
-256 16160 432
-400 16160 432
-256 16128 0
-384 16128 288
-336 16192 -96
-384 16256 32
-384 16256 -192
-224 16256 -304
-240 16144 -304
-320 16144 -160
-256 16240 64
-224 16272 -256
-224 16208 112
-304 16208 112
-256 16176 -112
-224 16160 256
-272 16160 528
-144 16224 -64
-96 16160 272
-96 16144 352
-368 16144 352
-176 16160 64
-304 16144 208
-352 16224 240
-288 16176 448
-288 16160 208
-240 16160 208
-256 16048 208
-352 16096 64
-336 16112 304
-272 16176 -16
-272 16208 -48
-256 16208 -48
-272 16160 -32
-144 16176 -16
-352 16256 240
-320 16208 288
-320 16208 16
-336 16352 16
-272 16352 64
-432 16240 272
-384 16256 144
-240 16320 -48
-64 16288 112
-64 16208 80
-128 16208 176
-256 16192 176
-64 16160 192
-224 16144 256
-272 16160 224
-160 16128 144
-160 16144 -64
-144 16144 -64
-224 16160 192
-208 16208 336
-448 16160 224
-448 16208 240
-448 16208 288
-240 16208 -32
-224 16240 -32
-96 16192 32
-48 16192 240
-192 16208 368
-128 16256 208
-128 16240 416
-240 16240 -16
-128 16240 -16
-208 16240 -16
-208 16192 0
-160 16160 128
-160 16112 272
-272 16112 272
-208 16064 176
-352 16112 -32
-224 16192 -192
-176 16160 -96
-208 16240 -128
-208 16208 224
-288 16208 224
-176 16240 256
-32 16224 160
-144 16192 208
-288 16272 224
-288 16240 288
-416 16240 288
-192 16128 176
-208 16144 32
-208 16176 -32
-272 16160 240
-160 16144 64
-112 16176 16
-112 16176 240
-208 16224 240
-208 16272 272
-272 16272 112
-288 16272 352
-464 16208 352
-464 16208 400
-368 16192 464
-304 16160 464
-192 16144 304
-352 16160 384
-336 16176 80
-336 16176 304
-208 16192 304
-144 16240 320
-176 16224 96
-288 16144 64
-288 16112 352
-336 16112 224
-288 16128 336
-192 16128 336
-208 16096 96
-160 16112 112
-240 16064 -32
-288 16112 32
-288 16112 32
-208 16064 32
-256 16240 112
-320 16256 48
-320 16224 208
-160 16160 -32
-160 16208 -48
-352 16208 208
-240 16224 208
-352 16144 112
-224 16160 112
-256 16144 96
-256 16144 208
-288 16176 208
-224 16160 256
-304 16064 368
-224 16128 160
-480 16144 128
-336 16160 48
-32 16224 240
-256 16224 96
-336 16160 96
-224 16144 256
-96 16160 176
-144 16144 48
-144 16144 32
-224 16160 32
-304 16272 304
-416 16240 224
-416 16240 96
-368 16208 128
-352 16192 48
-352 16192 112
-432 16272 112
-320 16176 -16
-208 16176 128
-112 16176 96
-112 16176 224
-112 16128 224
-320 16112 368
-304 16192 224
-128 16224 224
-144 16144 176
-208 16128 160
-208 16128 160
-128 16064 160
-320 16128 144
-400 16208 48
-288 16160 336
-288 16240 272
-304 16272 112
-320 16192 160
-448 16112 192
-352 16160 256
-240 16080 176
-240 16128 0
-192 16128 -16
-288 16208 -16
-224 16096 96
-192 16208 0
-192 16208 -96
-192 16208 32
-128 16112 32
-224 16176 64
-144 16128 -256
-192 16144 -128
-336 16192 -224
-336 16224 144
-336 16176 128
-240 16176 128
-464 16176 400
-304 16144 368
-272 16112 224
-272 16208 128
-208 16208 208
-336 16272 208
-240 16144 192
-336 16160 320
-368 16192 288
-336 16224 144
-336 16160 288
-192 16160 288
-240 16240 208
-128 16144 32
-256 16256 144
-256 16272 128
-192 16272 16
-32 16192 16
-320 16192 96
-560 16192 256
-400 16176 256
-400 16144 448
-400 16160 224
-352 16160 224
-224 16160 96
-192 16048 96
-256 16128 144
-224 16176 112
-272 16208 16
-256 16160 224
-256 16128 48
-256 16128 -80
-240 16128 64
-304 16240 64
-240 16144 112
-208 16112 224
-352 16176 144
-352 16144 288
-464 16144 288
-384 16112 432
-304 16144 64
-384 16192 240
-368 16144 272
-368 16144 32
-288 16144 144
-288 16144 320
-256 16144 16
-224 16224 16
-176 16304 64
-336 16224 320
-336 16240 16
-224 16160 16
-224 16160 16
-240 16224 208
-304 16240 224
-32 16224 32
-160 16224 176
-160 16128 160
-208 16128 336
-240 16112 336
-160 16080 272
-240 16176 160
-224 16208 64
-224 16208 240
-320 16208 128
-304 16176 128
-480 16224 304
-448 16176 128
-400 16240 -32
-272 16224 -368
-224 16208 -256
-224 16208 -64
-272 16160 -64
-272 16256 -16
-224 16224 -80
-240 16240 -128
-240 16176 32
-304 16176 32
-320 16192 32
-208 16208 160
-144 16176 48
-256 16160 416
-256 16096 464
-256 16352 288
-304 16176 288
-240 16192 112
-144 16144 16
-96 16112 128
-224 16144 80
-224 16144 64
-128 16208 64
-96 16224 64
-112 16240 176
-272 16304 -64
-464 16208 176
-256 16192 160
-256 16160 80
-144 16160 112
-192 16176 112
-288 16192 464
-528 16208 512
-368 16240 224
-320 16192 160
-240 16160 128
-240 16160 176
-176 16144 176
-208 16224 192
-208 16128 128
-128 16160 176
-208 16160 192
-432 16128 96
-432 16096 80
-272 16096 80
-112 16048 80
-240 16128 144
-272 16160 16
-416 16160 128
-336 16176 128
-336 16176 48
-208 16176 48
-304 16128 208
-336 16144 224
-240 16208 224
-400 16160 320
-352 16176 464
-352 16176 368
-240 16192 384
-240 16192 384
-272 16176 368
-160 16192 256
-240 16192 128
-240 16192 224
-400 16192 224
-368 16192 160
-352 16192 288
-368 16208 240
-432 16240 160
-432 16288 16
-256 16224 32
-256 16160 -96
-240 16160 -48
-272 16176 -48
-544 16192 16
-320 16096 176
-288 16224 80
-288 16256 -144
-224 16256 -128
-336 16160 -128
-384 16192 -80
-144 16224 96
-240 16272 112
-272 16208 0
-272 16240 -336
-208 16240 -336
-112 16224 -160
-368 16240 128
-304 16272 224
-304 16240 336
-288 16192 160
-80 16192 160
-32 16192 160
-96 16192 -32
-176 16192 48
-272 16160 192
-240 16176 256
-240 16192 208
-288 16192 208
-224 16112 128
-240 16192 -16
-224 16240 -80
-208 16320 48
-208 16320 -112
-96 16256 -112
-336 16208 64
-224 16128 64
-208 16176 144
-64 16144 80
-112 16144 320
-112 16144 112
-192 16192 112
-240 16192 288
-304 16192 16
-432 16128 64
-432 16160 320
-336 16160 240
-288 16112 240
-272 16224 160
-304 16256 -160
-256 16352 -32
-208 16224 240
-192 16144 224
-192 16144 240
-128 16128 240
-128 16208 288
-112 16208 176
-224 16288 96
-288 16256 0
-288 16256 48
-336 16304 -176
-224 16304 -176
-288 16336 128
-400 16320 224
-368 16256 176
-368 16224 464
-448 16224 464
-336 16160 400
-304 16160 336
-224 16112 -48
-176 16160 -64
-176 16224 128
-288 16224 224
-288 16224 224
-352 16144 224
-256 16096 64
-112 16096 224
-80 16096 176
-80 16048 304
-96 16048 304
-160 16192 48
-320 16208 336
-224 16256 304
