startup(x,y,z):(224,16128,272)
-4880 16480 2848
288 14992 -2464
848 14560 -2464
-2496 15632 -3344
-3472 16400 -2464
-1488 15696 -1664
-1072 15424 464
-1328 15760 -528
-1328 15840 -816
-800 15840 -816
-784 16864 -912
-1696 17424 112
-544 16752 -864
112 17104 1200
112 17104 1824
352 16832 1760
-368 16272 800
-1408 16352 1648
-640 16272 1648
336 16640 640
416 16528 1072
416 16240 128
464 16240 560
352 16448 560
208 16368 304
432 16256 -240
304 16208 -80
144 16144 64
208 16208 448
208 16352 -1280
144 16352 -1280
448 16688 -112
416 16672 928
160 16720 368
176 16304 -304
176 16304 208
32 16208 768
48 16208 768
352 16304 400
320 16304 -512
336 16240 -736
432 16288 80
224 16112 368
256 16096 64
256 16096 32
128 16272 32
256 16144 192
288 16240 320
224 16176 176
272 16240 208
272 16240 64
256 16272 -16
256 16224 128
224 16224 128
176 16240 16
112 16304 400
192 16320 336
256 16240 224
256 16240 384
80 16208 352
96 16160 352
352 16160 224
304 16176 176
400 16272 368
336 16160 256
352 16304 -112
352 16336 208
384 16336 288
336 16176 288
336 16320 512
496 16160 176
544 16048 0
544 16048 400
416 16048 448
144 16144 448
-48 16320 64
64 16208 32
288 16224 256
384 16160 80
352 16224 528
352 16224 368
256 16256 368
320 15856 48
448 16096 80
464 16176 288
320 16128 320
288 16208 -80
256 16304 48
464 16080 -64
400 16240 368
368 16336 464
368 16336 320
416 16160 320
304 16112 304
304 16016 240
336 16112 288
336 16112 464
256 16240 416
288 16160 368
240 16192 96
240 16192 240
288 16192 240
320 16128 192
192 16128 304
240 16128 224
240 16160 -48
176 16160 96
32 16128 96
208 16176 176
240 16192 16
128 16096 0
240 16128 176
192 16176 176
272 16160 160
144 16192 224
240 16192 -32
192 16176 -128
192 16176 208
160 16192 208
256 16112 240
368 16176 320
320 16224 208
320 16128 368
304 16144 304
304 16144 112
224 16272 112
160 16272 96
144 16256 48
160 16144 48
368 16064 16
224 16080 0
272 16032 48
208 16016 128
208 16096 224
352 16096 224
272 16128 64
144 16176 144
192 16176 32
176 16192 384
176 16096 336
176 16176 480
192 16176 480
80 16176 464
192 16112 384
224 16144 416
304 16192 272
320 16224 272
256 16192 224
256 16192 352
320 16176 352
448 16224 192
384 16160 144
384 16112 224
384 16240 288
320 16208 224
368 16288 368
432 16288 176
432 16272 176
400 16240 192
336 16192 96
256 16160 272
256 16160 304
112 16176 304
304 16208 384
240 16144 608
16 16160 528
16 16144 352
144 16096 288
144 16224 96
224 16224 96
208 16176 432
144 16208 432
304 16192 320
304 16208 240
224 16208 304
208 16288 304
256 16240 304
336 16144 496
224 16240 416
320 16240 480
384 16128 416
336 16192 448
336 16224 304
288 16224 304
176 16192 208
272 16176 352
224 16112 400
240 16176 352
240 16224 272
480 16224 208
528 16224 112
320 16192 112
224 16128 272
192 16128 288
352 16176 48
352 16192 0
176 16192 -256
64 16240 -144
208 16240 -64
432 16224 -112
368 16272 224
336 16256 144
336 16272 144
432 16272 208
288 16272 -48
400 16192 -128
384 16224 32
432 16144 -176
416 16160 -16
416 16160 -48
480 16160 -48
512 16112 208
352 16192 144
272 16192 240
368 16224 64
304 16176 32
320 16096 48
320 16096 112
256 16208 112
480 16192 176
400 16112 288
336 16144 112
304 16192 352
304 16096 144
304 16096 416
128 16160 432
192 16176 320
336 16192 320
368 16176 368
416 16224 144
416 16128 240
208 16128 256
192 16048 -256
304 16032 -256
320 16112 -16
176 16128 240
368 16128 176
448 16128 432
336 16144 144
336 16144 64
384 16176 64
352 16144 80
208 16240 48
64 16208 -48
64 16208 80
128 16208 48
336 16208 48
240 16144 32
240 16240 0
160 16224 256
272 16208 208
352 16176 224
352 16176 384
304 16128 384
416 16160 320
384 16080 336
256 16064 368
320 16096 192
320 16096 352
224 16176 352
336 16128 128
432 16176 144
352 16192 112
288 16176 -176
304 16208 -160
304 16208 -112
368 16144 -112
336 16160 -144
192 16224 224
304 16208 304
240 16304 176
112 16240 144
224 16160 160
160 16176 288
144 16208 256
128 16176 224
128 16176 144
48 16160 144
32 16224 256
176 16144 304
144 16128 432
208 16128 416
208 16128 240
192 16128 240
400 16144 192
336 16144 112
368 16208 240
368 16304 400
208 16304 400
96 16256 512
256 16224 464
432 16224 464
432 16160 368
256 16160 256
384 16240 256
384 16256 256
272 16224 224
368 16336 288
368 16304 128
608 16304 128
368 16192 448
432 16176 320
336 16160 16
336 16176 288
368 16176 240
384 16176 240
304 16256 -128
336 16224 96
464 16224 176
256 16240 272
144 16288 256
144 16192 224
128 16192 224
272 16176 160
304 16176 240
288 16128 432
288 16096 368
304 16064 224
304 16144 176
272 16144 160
432 16208 176
352 16208 400
336 16208 400
304 16144 256
336 16176 192
224 16112 192
304 16160 144
304 16176 384
272 16176 448
224 16144 448
48 16192 400
80 16208 256
208 16160 240
240 16256 96
240 16256 208
288 16256 320
384 16160 320
384 16208 304
256 16224 224
256 16176 544
288 16240 368
400 16240 368
320 16304 80
208 16224 160
320 16192 128
336 16144 224
304 16192 432
304 16112 400
304 16016 624
256 16176 432
112 16160 560
240 16224 320
240 16160 -160
288 16160 -160
240 16144 160
256 16192 -32
240 16208 -32
224 16176 176
96 16128 144
96 16144 176
128 16144 176
160 16144 0
192 16176 32
80 16256 128
80 16208 192
176 16112 272
224 16144 160
208 16160 288
208 16192 160
416 16192 160
336 16128 416
432 16176 320
400 16240 512
272 16176 384
320 16176 352
320 16176 368
288 16208 368
272 16160 368
288 16176 432
320 16128 304
400 16112 224
512 16160 192
512 16160 32
352 16096 32
400 16128 304
432 16128 352
240 16096 320
496 16144 224
288 16144 32
256 16160 32
208 16176 96
240 16208 208
480 16176 304
352 16192 592
336 16192 336
336 16192 304
384 16288 304
368 16288 320
320 16256 176
352 16256 96
352 16176 32
288 16176 32
320 16096 256
144 16192 240
256 16080 96
320 16080 320
304 16112 288
304 16224 208
336 16224 208
368 16160 224
336 16160 176
224 16272 256
272 16240 -48
272 16192 304
320 16272 224
224 16224 240
224 16224 256
80 16160 256
176 16208 224
304 16144 -80
304 16128 112
304 16208 224
320 16208 -32
400 16224 -32
512 16112 80
224 16192 288
272 16144 208
256 16176 176
256 16208 192
256 16208 384
128 16240 384
256 16208 48
304 16208 368
288 16128 224
288 16208 400
192 16208 256
400 16160 256
352 16224 96
240 16224 336
352 16272 384
480 16304 176
480 16272 176
384 16272 208
352 16272 208
384 16144 272
288 16144 320
336 16096 592
336 16080 528
336 16080 528
336 16128 496
112 16256 544
272 16176 496
400 16176 256
320 16144 112
288 16112 32
288 16192 352
288 16192 320
400 16144 320
336 16208 320
336 16096 48
224 16112 192
160 16160 224
240 16144 144
192 16240 240
192 16240 128
336 16112 128
128 16256 256
336 16240 256
304 16224 240
304 16160 240
304 16160 240
208 16240 208
240 16208 176
128 16224 336
304 16176 240
304 16192 48
304 16192 -16
160 16224 -16
384 16160 96
224 16176 0
336 16288 96
336 16208 -96
288 16208 -96
384 16256 -96
272 16288 144
176 16288 208
224 16320 96
176 16176 128
176 16224 160
224 16224 160
448 16064 128
320 16096 96
208 16240 64
224 16224 240
224 16160 464
272 16160 464
240 16160 320
160 16144 208
256 16144 544
160 16288 352
256 16224 288
256 16224 128
272 16256 128
288 16192 176
336 16096 480
448 16112 256
320 16176 144
288 16192 384
288 16144 288
288 16128 240
288 16128 160
400 16112 160
