startup(x,y,z):(176,16144,208)
-1152 15616 2000
-3136 14464 3792
32 18368 -768
-176 16480 -1632
-176 16480 -48
-272 14768 -48
208 15520 -480
-80 15680 1520
2176 16704 800
2176 17456 -1328
1312 17456 224
1728 17216 224
304 16896 288
512 16368 384
272 16288 48
-16 16160 96
-16 16192 528
80 16192 528
176 16128 368
32 16112 320
192 16304 368
-16 16192 64
-16 16224 80
336 16256 240
208 16256 240
208 16192 208
96 16192 208
416 16240 256
304 16192 448
160 16224 144
240 16224 112
240 16240 144
288 16240 144
144 16176 -48
112 16144 16
208 16080 -32
272 16176 112
192 16176 256
192 16192 368
144 16192 352
160 16080 352
192 16096 448
16 16128 448
32 16192 320
32 16176 208
80 16176 208
256 16112 304
112 16144 176
80 16096 176
176 16160 80
96 16080 208
304 16144 176
304 16144 448
224 16176 448
144 16224 240
144 16208 48
96 16144 240
80 16144 352
144 16160 288
272 16176 304
272 16176 64
80 16208 64
144 16144 464
256 16128 432
160 16032 176
160 16032 176
272 16080 176
384 16096 64
240 16144 16
144 16176 48
112 16128 32
80 16192 64
144 16096 192
208 16096 160
208 16096 144
240 16096 144
-48 16096 160
208 16128 288
288 16160 480
288 16176 368
208 16176 448
144 16128 448
240 16176 336
192 16192 368
112 16256 112
112 16224 208
112 16208 224
144 16208 416
224 16224 416
144 16208 16
144 16240 32
64 16160 144
64 16144 208
16 16144 160
160 16128 144
160 16128 368
208 16144 368
128 16112 256
416 16064 320
368 16112 224
368 16144 544
288 16144 464
48 16112 464
160 16208 608
208 16144 512
208 16160 464
192 16192 336
192 16160 240
192 16160 0
128 16144 0
16 16160 144
-16 16192 0
112 16112 448
112 16112 320
208 16112 320
192 16128 400
208 16144 496
-32 16112 496
-16 16112 208
0 16176 160
32 16176 64
32 16176 304
192 16096 304
144 16048 432
208 16080 512
224 16144 400
224 16096 368
176 16096 192
352 16128 192
304 16096 352
160 16080 128
288 16176 400
336 16112 288
336 16144 256
352 16144 0
304 16144 32
224 16176 240
288 16192 96
176 16128 -112
176 16112 128
256 16112 96
176 16240 400
192 16144 400
192 16128 304
208 16096 144
144 16128 304
144 16160 32
96 16160 32
-16 16176 256
112 16192 432
96 16208 192
-64 16176 336
-64 16192 208
-128 16240 192
32 16240 192
80 16128 256
256 16128 176
176 16112 304
176 16240 208
160 16240 208
192 16192 576
144 16160 368
144 16112 160
-32 16192 160
80 16096 144
112 16192 208
112 16176 -16
224 16176 144
160 16144 144
192 16144 192
256 16096 80
256 16240 96
240 16208 -64
176 16208 -64
160 16208 -288
112 16176 0
176 16176 -16
208 16288 -64
208 16256 32
192 16256 32
288 16112 64
272 16192 160
144 16224 48
192 16112 288
192 16096 384
224 16096 384
224 16064 336
176 16096 400
192 16096 208
16 16144 288
0 16144 224
0 16160 368
176 16160 400
16 16192 400
144 16160 336
32 16160 208
32 16112 208
32 16112 144
80 16176 144
192 16160 144
160 16144 512
144 16192 432
128 16176 624
272 16128 608
272 16144 304
128 16144 304
128 16144 336
176 16112 400
192 16096 432
384 16080 224
128 16160 400
176 16192 448
176 16080 608
128 16096 432
128 16112 304
32 16112 160
320 16080 160
224 16144 592
128 16128 480
128 16064 448
128 16064 304
192 16064 304
224 16128 384
224 16160 224
352 16048 176
224 16048 224
192 16032 160
192 16032 -64
256 16144 -64
64 16176 256
32 16080 208
96 16096 -96
96 16016 144
160 16016 256
224 16128 256
160 16208 320
128 16160 176
128 16096 304
224 16096 160
272 16016 176
272 16016 0
304 16080 0
320 16112 256
64 16192 112
128 16128 144
128 16112 288
64 16112 288
64 16128 224
208 16160 64
192 16176 224
176 16096 608
176 16112 224
32 16112 224
32 16160 176
240 16064 128
176 16096 304
192 16128 448
192 16128 240
64 16128 240
144 16160 -16
160 16112 320
96 16208 320
128 16224 384
224 16208 432
192 16256 416
192 16256 64
112 16192 64
112 16160 -48
224 16144 -16
176 16176 64
176 16128 432
240 16096 272
160 16096 432
96 16112 432
112 16112 192
240 16080 -80
320 16080 -32
320 16080 80
304 16176 80
224 16080 128
224 16032 176
64 16064 80
128 16112 256
176 16176 224
352 16192 144
352 16112 144
352 16112 144
112 16112 272
336 16144 112
272 16096 -80
272 16160 32
80 16160 256
128 16128 256
160 16112 -128
192 16080 192
208 16128 320
128 16192 384
176 16144 96
176 16144 112
176 16128 112
80 16192 -240
144 16080 64
80 16160 -112
160 16128 -96
160 16128 -48
96 16128 -48
96 16160 256
32 16112 240
112 16128 192
144 16192 128
48 16208 112
96 16160 128
96 16160 448
16 16176 448
64 16176 128
160 16160 128
80 16192 128
112 16176 0
112 16176 64
16 16192 160
64 16192 464
0 16096 464
80 16080 336
80 16144 128
144 16144 48
144 16144 224
64 16176 224
32 16144 336
48 16128 512
192 16096 608
144 16160 272
256 16144 384
192 16176 320
192 16144 656
240 16144 656
80 16176 448
-48 16160 368
128 16208 304
128 16224 272
128 16208 512
192 16208 512
256 16208 240
320 16160 160
256 16160 160
128 16176 192
240 16192 96
240 16176 112
160 16176 112
32 16160 288
288 16128 256
256 16160 368
176 16160 432
176 16160 304
224 16160 304
64 16144 128
176 16096 192
128 16096 288
48 16080 224
160 16192 192
112 16128 144
112 16144 384
128 16144 384
32 16176 144
112 16128 480
176 16112 336
32 16160 288
32 16208 272
112 16240 224
96 16160 144
224 16112 144
272 16128 144
304 16096 96
176 16128 128
208 16112 144
208 16112 192
64 16192 192
96 16128 176
80 16128 96
112 16080 -16
192 16128 -96
208 16144 -48
208 16160 208
160 16160 464
80 16176 320
96 16224 272
144 16256 240
240 16288 240
240 16208 192
256 16208 368
96 16224 368
208 16224 368
160 16112 240
176 16160 320
176 16144 432
176 16128 512
128 16128 512
224 16144 288
240 16096 256
240 16048 304
112 16144 384
112 16192 128
16 16160 160
16 16208 192
112 16208 208
16 16112 208
192 16128 192
48 16112 464
80 16128 336
80 16192 368
112 16192 304
96 16192 304
80 16192 256
208 16192 0
240 16128 80
128 16128 96
192 16112 112
192 16112 240
176 16096 240
176 16112 416
192 16176 368
192 16192 320
224 16272 208
224 16272 112
272 16272 112
96 16208 176
48 16208 272
96 16224 224
112 16176 -48
224 16192 -48
144 16128 -112
144 16128 -128
192 16160 -128
144 16192 128
176 16192 48
128 16160 80
112 16144 208
112 16112 48
112 16176 224
96 16176 96
16 16208 96
176 16256 32
128 16288 176
128 16208 256
128 16208 416
208 16240 256
32 16288 256
112 16224 160
288 16176 176
224 16144 176
208 16240 256
112 16176 288
128 16112 208
128 16112 -160
224 16112 -160
64 16112 -112
288 16128 0
-16 16144 144
-16 16176 160
128 16176 224
160 16192 224
208 16128 144
256 16160 256
176 16176 96
48 16160 528
112 16144 416
112 16144 224
144 16160 224
64 16192 448
-32 16144 448
0 16192 288
0 16160 112
32 16160 112
160 16176 256
240 16224 240
320 16208 352
256 16192 416
64 16112 304
64 16192 256
192 16192 256
240 16224 208
240 16176 432
224 16240 416
224 16176 208
224 16176 112
256 16176 112
192 16240 288
240 16160 336
288 16128 80
352 16112 64
352 16144 208
400 16144 208
240 16208 240
160 16048 320
208 16080 352
144 16112 352
144 16112 112
16 16192 176
96 16192 288
192 16240 288
128 16272 304
80 16288 304
-48 16176 192
-48 16144 272
112 16144 144
64 16128 144
240 16096 32
208 16080 464
192 16128 352
288 16160 336
192 16112 272
192 16112 128
176 16208 128
