startup(x,y,z):(176,16192,160)
-14496 7024 6016
240 22192 -9328
240 22192 2064
-4656 17392 2064
-1712 16576 -1216
-2608 16048 -2288
-1488 16400 -784
-1488 16192 208
-96 15520 256
-512 15520 -5088
1888 16144 -3136
-2544 15184 -1648
-496 15520 -1488
-480 15520 -672
-144 15808 -672
-1184 16032 224
-464 16304 0
240 16256 -336
-336 16224 288
-96 16144 416
-96 15936 -272
-416 15936 -352
-256 15984 -352
-208 16160 224
160 16160 416
96 16096 416
208 16064 320
192 16128 704
192 16128 608
224 16192 608
192 16208 384
240 16256 336
304 16288 336
224 16224 208
224 16176 96
128 16208 192
32 16096 64
64 16096 320
416 16064 320
320 16048 368
304 16048 464
224 16096 416
224 16080 304
160 16080 416
128 16128 416
96 16128 224
96 16176 208
48 16128 176
80 16224 288
128 16192 48
128 16160 160
176 16160 272
208 16160 272
208 16112 304
224 16224 272
96 16192 480
-48 16192 304
64 16128 224
112 16096 80
128 16128 48
128 16080 192
128 16080 64
144 16144 64
256 16112 224
240 16192 208
256 16208 192
208 16112 336
208 16128 368
192 16128 368
112 16144 160
128 16192 208
208 16192 496
240 16208 368
192 16192 352
192 16192 160
224 16176 160
176 16176 112
64 16240 224
80 16096 400
0 16064 432
0 16192 288
0 16224 400
0 16272 80
16 16272 128
272 16224 128
336 16224 272
272 16208 304
128 16192 336
128 16080 320
160 16080 192
160 16192 192
192 16176 48
176 16096 512
192 16160 368
192 16096 160
160 16144 208
160 16160 384
272 16160 480
160 16160 480
144 16176 528
96 16256 416
112 16208 48
128 16176 272
256 16208 464
304 16112 512
256 16160 464
256 16144 144
192 16144 144
192 16208 112
192 16160 208
112 16096 160
224 16112 192
224 16064 336
208 16064 208
176 16144 208
80 16128 -16
224 16160 48
176 16144 288
64 16192 160
96 16208 80
96 16208 240
64 16064 240
80 16144 -96
304 16176 144
336 16128 -48
224 16128 192
224 16272 224
80 16224 192
112 16288 208
64 16288 192
96 16192 192
-16 16176 224
-16 16192 400
48 16144 400
48 16160 96
96 16160 336
112 16112 336
128 16112 64
112 16144 -16
160 16096 16
96 16160 464
176 16288 -48
304 16304 -288
304 16304 -176
240 16368 -176
320 16272 -48
208 16160 224
176 16192 240
144 16176 176
144 16176 304
240 16224 112
96 16128 496
96 16160 304
336 16160 192
336 16128 192
336 16160 416
16 16128 416
0 16192 352
0 16176 336
160 16176 400
224 16160 400
272 16144 352
160 16192 464
144 16192 304
128 16256 224
224 16288 384
224 16208 208
208 16208 432
144 16208 432
160 16112 80
288 16160 144
160 16112 144
240 16112 176
240 16192 272
192 16160 384
192 16208 320
64 16208 416
144 16192 416
128 16160 480
240 16112 336
192 16128 304
192 16128 96
240 16064 336
160 16096 336
128 16112 160
80 16144 256
176 16160 144
48 16112 304
48 16144 416
0 16144 416
112 16176 240
176 16160 224
128 16128 464
144 16080 288
144 16112 240
144 16112 208
112 16208 208
16 16192 176
80 16192 176
128 16144 160
192 16144 208
144 16144 192
144 16192 256
144 16192 256
112 16240 256
0 16064 320
64 16080 208
48 16160 448
96 16208 352
80 16144 384
80 16176 464
48 16176 464
48 16160 384
64 16224 448
128 16256 352
128 16224 240
96 16224 384
128 16224 384
128 16208 288
224 16176 -32
144 16176 64
240 16160 224
416 16160 240
416 16224 336
304 16224 336
224 16256 64
192 16176 240
176 16048 192
144 16128 176
144 16128 240
112 16128 320
80 16144 320
0 16112 144
96 16080 144
192 16032 160
272 16048 96
272 16080 160
384 16080 160
336 16080 160
192 16176 320
208 16224 96
240 16224 48
208 16192 208
96 16192 64
96 16160 336
112 16192 224
112 16160 112
320 16160 112
288 16112 256
304 16176 176
288 16176 0
208 16192 272
208 16144 112
112 16144 16
80 16176 16
144 16192 128
160 16160 16
208 16144 160
160 16064 416
160 16112 384
48 16112 608
-16 16128 608
208 16096 448
144 16160 240
-32 16160 352
224 16192 224
0 16192 384
-32 16192 384
48 16192 240
64 16208 320
-16 16240 224
0 16240 176
192 16208 80
192 16208 -64
112 16176 -64
96 16144 128
160 16224 144
32 16288 80
112 16208 304
112 16208 160
112 16256 192
176 16256 176
112 16192 176
112 16128 384
144 16176 224
256 16112 240
256 16112 544
160 16112 544
160 16208 400
48 16192 272
-16 16272 384
-32 16176 496
112 16176 416
304 16176 512
288 16144 432
288 16144 320
336 16128 320
208 16160 304
160 16192 304
128 16144 272
224 16240 208
224 16208 224
432 16208 224
256 16160 224
160 16128 304
160 16192 272
240 16160 224
240 16192 224
176 16192 224
176 16192 -128
160 16128 128
304 16112 416
336 16160 320
336 16160 96
288 16160 160
176 16208 192
64 16208 192
112 16192 48
336 16144 96
192 16144 16
192 16144 16
192 16256 112
128 16240 288
176 16160 352
224 16192 176
224 16176 80
224 16128 272
192 16144 288
176 16144 288
176 16144 288
240 16144 384
176 16176 288
176 16160 368
176 16160 64
144 16256 48
240 16240 48
176 16224 240
224 16160 192
224 16128 272
256 16160 256
208 16144 320
272 16096 304
224 16176 288
224 16176 144
240 16128 144
256 16160 224
48 16160 304
128 16144 320
144 16112 176
144 16112 128
192 16176 256
144 16176 192
160 16192 192
144 16160 480
128 16176 288
112 16176 432
112 16176 240
336 16128 240
128 16112 288
80 16144 320
96 16144 256
128 16176 416
32 16128 256
32 16144 304
128 16144 320
64 16080 320
0 16096 112
128 16112 208
48 16160 208
112 16128 256
112 16160 160
16 16160 192
64 16112 192
160 16096 256
80 16096 208
208 16128 192
288 16112 480
80 16176 368
80 16176 288
64 16176 288
144 16176 352
240 16160 256
16 16160 272
96 16176 64
176 16128 32
128 16112 80
336 16032 240
288 16144 400
288 16144 384
304 16144 384
272 16240 304
256 16176 352
336 16160 272
288 16160 304
288 16112 352
336 16112 352
240 16144 432
224 16160 464
208 16128 304
256 16144 160
208 16128 32
208 16112 96
288 16112 192
336 16080 192
272 16128 256
304 16176 288
320 16240 384
192 16288 384
224 16224 288
240 16176 256
240 16176 336
224 16176 176
272 16208 176
176 16192 176
144 16208 352
176 16192 272
176 16128 208
160 16128 272
112 16144 272
176 16128 240
304 16128 272
320 16128 528
128 16112 240
128 16128 144
96 16128 144
128 16112 160
0 16080 272
144 16064 272
64 16032 128
48 16064 352
144 16112 272
192 16128 304
160 16096 320
160 16096 608
144 16112 608
160 16176 432
240 16192 336
208 16160 416
256 16112 416
256 16112 368
208 16144 368
176 16080 448
224 16000 336
176 16112 336
224 16176 320
176 16144 224
176 16160 400
80 16160 48
192 16144 48
160 16160 224
192 16112 112
240 16192 320
160 16192 272
160 16192 208
48 16208 304
96 16208 128
112 16176 128
144 16176 192
112 16128 400
96 16064 80
96 16096 80
48 16096 80
128 16128 80
80 16112 -32
144 16112 96
320 16080 144
176 16144 320
-16 16144 304
128 16160 304
128 16160 320
112 16128 320
80 16128 448
128 16128 432
224 16096 480
208 16064 464
208 16112 320
160 16112 176
-48 16176 176
48 16144 336
-48 16144 304
-32 16080 304
64 16096 192
-32 16176 160
160 16160 240
160 16176 400
128 16176 560
128 16096 560
128 16128 256
64 16256 288
128 16208 128
96 16128 272
32 16128 96
32 16048 240
224 16048 240
80 16112 368
176 16096 400
192 16160 -16
240 16160 128
240 16048 448
160 16048 368
112 16112 368
192 16096 112
224 16112 112
176 16144 336
96 16208 96
272 16208 192
16 16224 288
144 16224 -32
208 16192 -32
160 16160 160
208 16080 320
80 16144 272
