startup(x,y,z):(224,16128,272)
1984 15152 864
1520 15520 -576
1840 15600 -528
2000 15696 -1280
2000 16096 1056
1872 16096 96
1248 16096 96
768 15536 -1008
-256 16336 -368
-240 16288 -576
224 16320 208
224 16320 -240
-16 16400 -240
-304 16400 -48
80 16256 -368
128 16128 304
128 16128 560
-48 16112 576
-144 16128 576
80 16080 112
256 16224 176
416 16176 688
416 16112 496
128 16112 128
192 16064 128
128 16208 -16
240 16160 736
288 16272 736
352 16128 576
304 16176 144
288 16064 160
512 16064 208
528 16080 384
528 16080 32
400 16160 32
384 16144 16
320 16224 256
432 16208 416
432 16144 528
384 16144 368
256 16224 368
144 16208 96
176 16208 -64
48 16192 240
128 16192 272
128 16144 192
16 16144 192
240 16112 -16
240 16112 -160
-144 16336 -176
-160 16320 -496
-160 16320 656
-16 16304 656
208 16352 448
224 16272 416
144 16192 -48
272 16256 112
272 16288 480
320 16288 -48
320 16144 -48
112 16192 -160
128 16256 -112
128 16176 -64
208 16176 240
320 16176 240
496 16160 -160
496 16144 208
304 16160 304
112 16160 16
112 16224 80
288 16224 32
256 16224 208
416 16272 224
400 16256 256
400 16208 496
208 16208 480
256 16224 480
288 16192 512
240 16208 496
256 16288 352
240 16144 144
240 16208 208
256 16208 208
272 16288 240
128 16272 192
256 16272 192
256 16240 160
240 16240 160
112 16208 336
224 16240 272
-32 16112 384
96 16128 384
240 16048 432
240 16048 224
288 16064 224
256 16096 80
64 16128 144
272 16208 288
272 16240 512
320 16240 512
272 16160 432
192 16144 96
176 16320 176
336 16208 208
176 16224 144
176 16224 192
256 16160 192
304 16160 176
336 16192 -224
352 16208 80
352 16208 32
336 16208 32
320 16192 224
336 16176 256
368 16240 416
400 16288 544
400 16320 368
368 16320 480
496 16256 480
256 16144 288
288 16208 528
208 16176 384
208 16128 256
336 16128 -32
400 16176 -32
272 16176 -96
272 16208 208
464 16208 384
352 16160 432
352 16112 512
304 16112 512
464 16064 512
368 16144 320
400 16208 160
400 16240 176
320 16240 464
336 16240 464
512 16192 544
384 16176 192
272 16112 240
288 16128 448
288 16192 272
288 16192 368
176 16304 368
224 16192 128
256 16144 64
256 16224 272
256 16128 176
160 16176 208
144 16176 208
224 16208 176
224 16288 160
176 16208 352
80 16224 336
336 16208 224
192 16176 160
192 16176 288
256 16176 288
352 16240 352
304 16144 400
320 16144 272
320 16176 256
384 16176 256
320 16256 96
160 16224 144
160 16144 192
256 16240 16
224 16112 96
224 16112 384
160 16128 384
160 16192 352
224 16144 48
192 16144 -64
224 16032 240
224 16144 224
240 16144 224
288 16240 256
208 16240 96
224 16128 160
32 16112 272
112 16160 304
112 16160 112
272 16176 112
224 16224 272
272 16240 384
416 16208 128
288 16208 208
288 16208 384
352 16208 128
320 16128 192
320 16192 208
384 16240 80
384 16240 0
272 16208 0
208 16144 240
272 16176 176
352 16144 128
320 16160 96
320 16160 32
368 16192 32
352 16176 48
304 16240 112
240 16240 64
240 16224 128
272 16224 48
208 16176 48
320 16240 128
272 16176 384
224 16176 432
224 16176 -16
240 16176 -16
176 16256 272
208 16176 176
112 16176 224
192 16272 112
192 16144 272
240 16144 272
256 16160 192
176 16192 144
208 16240 128
256 16160 112
240 16128 0
240 16128 64
432 16128 64
464 16176 80
448 16176 288
480 16224 128
560 16160 144
560 16160 224
416 16208 224
448 16176 576
368 16256 400
400 16224 288
400 16176 240
400 16176 272
336 16304 272
272 16224 208
64 16192 160
336 16144 352
336 16112 320
368 16112 320
384 16144 384
400 16032 224
224 16288 64
304 16464 160
304 16544 304
384 16544 304
240 16432 304
336 16304 368
80 16208 208
208 16128 320
208 16096 240
192 16096 240
288 16176 448
272 16224 112
352 16288 256
352 16256 192
416 16256 208
464 16160 208
416 16208 288
368 16144 512
400 16192 336
400 16176 128
320 16176 176
304 16544 176
304 16656 384
352 16672 112
336 16608 560
336 16448 624
176 16448 512
128 16336 512
160 16352 240
176 16352 272
208 16240 -48
208 16064 112
224 16064 112
208 15952 672
192 16016 384
192 16128 288
192 16176 272
208 16176 272
192 16272 256
128 16144 336
288 16000 480
400 16000 368
400 16176 544
288 16176 288
176 16064 432
80 16096 240
-48 16304 -64
-304 16400 -304
-304 16400 -416
-96 16224 -416
80 16128 -48
80 16048 80
112 16032 128
96 16080 -192
96 16096 -352
80 16096 -352
96 16192 -112
208 16240 -144
208 16160 96
160 16208 48
160 16208 96
192 16272 96
176 16272 224
144 16304 144
128 16288 144
128 16144 208
240 16144 240
240 16192 240
192 16256 352
304 16176 176
304 16272 176
336 16272 176
224 16256 304
272 16176 256
416 16256 128
208 16192 144
208 16160 112
144 16160 112
208 16096 512
304 16160 272
96 16144 288
112 16160 192
112 16160 0
112 16160 0
160 16224 144
208 16208 112
240 16176 128
240 16160 64
160 16160 144
144 16192 144
288 16096 112
464 16080 0
352 16160 208
352 16160 288
144 16176 288
352 16096 416
464 16160 192
480 16176 48
480 16160 48
304 16160 112
160 16224 112
240 16192 208
320 16176 256
240 16208 448
240 16240 384
272 16240 320
160 16224 320
224 16240 208
352 16240 208
352 16256 256
384 16256 464
288 16208 464
208 16176 368
288 16176 352
336 16112 304
336 16096 320
336 16352 320
400 16256 176
400 16208 80
304 16224 432
384 16128 624
384 16256 512
400 16256 272
320 16208 272
320 16192 336
272 16192 320
304 16176 528
320 16128 496
320 16144 336
288 16144 256
352 16064 256
256 16112 192
144 16128 416
144 16096 256
224 16096 304
320 16080 304
400 16144 416
304 16112 416
128 16160 480
128 16192 496
240 16160 416
384 16160 416
368 16208 400
368 16192 528
288 16128 240
288 16176 464
304 16176 464
368 16208 368
400 16192 496
368 16160 624
272 16176 544
208 16272 128
208 16224 176
224 16224 176
320 16240 400
336 16208 400
224 16176 544
272 16128 608
224 16144 192
256 16208 112
256 16240 160
224 16240 112
304 16224 112
320 16192 144
272 16208 256
416 16224 304
416 16160 560
400 16160 272
368 16160 272
384 16192 368
368 16080 368
336 16128 544
256 16144 464
256 16144 464
336 16192 416
336 16192 -32
336 16224 16
304 16176 192
272 16256 288
272 16240 160
272 16240 256
320 16224 256
256 16240 176
128 16208 160
32 16160 -32
16 16240 112
16 16240 304
96 16192 304
192 16208 240
272 16176 448
80 16192 352
288 16128 368
320 16096 368
448 16144 400
320 16144 496
368 16192 208
320 16256 336
320 16256 208
448 16208 208
320 16272 192
192 16240 288
320 16176 448
320 16176 336
432 16176 224
320 16208 224
304 16208 160
304 16208 -32
304 16240 0
272 16176 16
192 16176 368
160 16096 368
208 16112 448
144 16208 400
256 16192 560
256 16144 576
64 16144 576
272 16128 288
288 16096 368
416 16160 240
416 16144 272
368 16128 16
240 16128 16
368 16128 208
400 16192 288
256 16192 288
192 16256 224
192 16192 272
144 16192 272
224 16128 432
432 16176 192
256 16160 224
256 16176 304
256 16096 368
304 16096 16
288 16176 16
352 16128 0
384 16128 48
416 16144 288
416 16128 16
304 16128 16
288 16128 -128
336 16096 256
416 16160 160
416 16128 144
256 16176 160
224 16176 256
176 16080 256
304 16096 -16
160 16144 112
64 16176 224
64 16208 320
128 16208 320
64 16160 432
128 16160 480
208 16272 304
208 16192 304
176 16192 304
256 16112 304
368 16080 576
304 16144 224
224 16272 320
224 16288 304
400 16288 176
320 16288 176
336 16224 432
320 16112 336
304 16112 320
304 16096 272
240 16096 288
