startup(x,y,z):(224,16128,272)
-2816 16096 1552
-1360 15936 -1920
-448 15584 -1920
-1408 18192 -3632
-2288 18144 -1376
-592 15616 -672
-592 13984 1776
624 13984 1776
-1072 14976 608
-832 15024 -3328
320 15072 352
1376 14960 672
1376 14960 1072
912 15520 1072
224 15856 -128
592 16128 -96
592 15984 1568
592 15984 816
272 16032 816
320 15920 144
528 16256 144
544 16208 448
528 16224 560
528 16176 352
448 16176 0
288 16256 0
496 16112 512
384 16208 432
256 16272 80
256 16272 -496
112 16240 -496
288 16256 -96
368 16208 336
352 16128 16
144 16128 400
144 16128 272
176 16064 272
208 16096 288
256 16064 448
176 16160 672
176 16192 384
112 16192 384
144 16176 -208
160 16160 160
128 16144 192
0 16144 432
0 16144 48
96 16144 48
192 16192 -48
288 16176 48
240 16128 384
320 16224 80
320 16224 0
384 16256 0
304 16192 64
416 16080 304
304 16144 528
304 16128 112
304 16128 96
192 16208 96
224 16208 112
464 16256 224
352 16256 464
352 16240 288
384 16240 288
272 16176 352
336 16192 224
304 16192 144
272 16240 80
272 16240 -64
432 16224 -64
272 16208 0
272 16176 400
400 16144 368
512 16208 304
512 16208 240
416 16208 240
368 16240 0
256 16096 384
256 16176 304
240 16176 -208
288 16160 -48
272 16208 -16
384 16192 112
448 16224 208
448 16224 80
400 16256 80
368 16240 -48
368 16176 256
320 16208 368
320 16224 16
272 16224 48
224 16144 48
128 16096 128
80 16176 160
272 16144 288
304 16144 160
304 16144 384
320 16160 384
256 16112 352
256 16112 304
304 16128 336
304 16128 176
320 16160 176
288 16144 176
400 16208 240
448 16192 416
288 16144 496
208 16192 560
208 16192 416
224 16128 416
128 16160 336
240 16160 176
240 16128 96
240 16128 208
384 16176 208
400 16144 240
448 16144 416
384 16144 432
400 16208 320
400 16208 352
304 16208 352
336 16288 144
336 16224 128
368 16224 128
320 16192 304
320 16192 160
352 16288 160
192 16224 288
304 16208 288
208 16208 288
240 16160 -160
240 16112 336
512 16192 -16
512 16192 -16
448 16192 -16
448 16096 320
368 16000 304
432 16016 128
464 16128 336
464 16160 336
384 16160 288
432 16160 288
464 16160 272
320 16144 400
336 16144 400
336 16128 592
240 16160 496
240 16128 352
320 16128 416
304 16224 416
352 16192 352
256 16192 80
160 16128 256
160 16144 320
320 16144 320
272 16176 32
208 16192 16
224 16160 16
384 16224 208
320 16176 144
320 16176 160
208 16320 160
240 16272 160
48 16240 304
16 16320 208
96 16320 224
96 16320 480
352 16288 448
224 16272 352
304 16240 352
288 16208 368
416 16256 240
336 16240 336
336 16240 256
528 16224 256
496 16112 256
448 16240 304
352 16240 336
256 16160 400
256 16128 208
240 16240 256
160 16240 128
176 16224 128
192 16224 320
224 16208 240
80 16192 320
176 16176 48
176 16160 368
176 16160 368
192 16160 320
336 16160 416
272 16224 384
176 16224 384
192 16192 112
192 16160 48
208 16160 48
224 16208 272
176 16144 160
272 16144 448
272 16144 208
336 16160 208
304 16128 144
160 16128 208
176 16160 144
160 16224 16
240 16208 192
240 16208 80
464 16272 80
272 16272 256
272 16336 304
240 16272 288
176 16256 144
176 16256 448
288 16160 448
304 16192 416
384 16208 160
320 16224 432
368 16176 432
256 16208 288
256 16208 288
240 16144 288
288 16144 96
144 16224 0
208 16336 -48
160 16288 16
160 16304 176
160 16192 176
224 16256 624
272 16256 624
176 16304 384
256 16304 320
272 16192 560
240 16272 416
224 16208 416
224 16208 256
400 16208 256
576 16176 192
608 16272 160
448 16304 256
208 16192 336
160 16144 144
160 16160 160
160 16160 112
320 16192 112
368 16224 176
384 16192 48
480 16192 208
480 16176 -96
432 16176 -96
272 16128 288
240 16064 288
272 16096 320
256 16080 336
272 16128 208
272 16064 256
320 16064 256
352 16128 176
144 16144 288
224 16112 336
416 16224 368
416 16224 528
368 16224 640
512 15632 480
560 15632 480
592 15888 -400
576 16432 -64
416 16384 528
416 16272 416
480 16272 416
336 16096 416
464 16176 448
368 16272 192
320 16320 224
320 16288 -80
48 16176 160
224 16176 192
336 16144 192
320 16176 144
96 16208 272
176 16176 208
288 16160 240
304 16192 160
304 16192 400
224 16176 400
256 16160 272
384 16176 336
304 16192 160
352 16160 304
336 16160 96
336 16160 176
384 16272 176
304 16272 160
352 16256 304
320 16224 128
320 16240 160
384 16240 336
288 16176 336
304 16128 592
288 16112 416
304 16192 192
320 16176 400
320 16208 432
256 16208 560
160 16176 560
256 16176 320
192 16144 224
304 16208 176
304 16176 80
352 16176 80
288 16192 416
448 16064 416
432 15888 272
640 15936 176
608 16000 -48
352 15936 -32
288 15936 352
128 15872 160
96 16064 352
112 16272 32
112 16208 224
16 16256 256
32 16176 224
32 16176 480
-32 16192 256
96 16272 144
112 16224 448
144 16160 320
144 16176 336
224 16192 528
336 16192 528
256 16128 592
208 16160 480
160 16096 464
304 16112 304
640 16176 528
640 16144 512
848 16144 512
640 16208 400
448 16208 304
480 16160 384
560 16080 320
560 16080 224
496 16208 224
496 16224 176
352 16096 192
320 16096 368
384 16080 512
448 16160 336
448 16160 96
256 16224 96
144 16304 272
272 16304 -128
304 16240 80
304 16224 16
432 16224 -64
464 16256 -64
464 16080 -32
416 16080 128
336 16032 224
208 16128 496
208 16144 544
240 16144 240
304 16160 240
256 16208 288
336 16208 192
224 16192 256
352 16176 208
352 16176 224
368 16128 352
368 16128 464
336 16144 464
336 16160 432
336 16208 432
464 16192 288
368 16144 224
368 16160 160
224 16160 224
400 16144 224
368 16208 144
416 16176 16
384 16144 80
496 16192 480
432 16192 432
480 16176 496
480 16176 560
496 16128 560
384 16192 272
352 16128 112
224 16288 64
224 16288 128
48 16288 128
320 16224 304
208 16144 64
352 16080 112
288 16096 128
224 16176 144
224 16144 192
336 16144 192
240 16160 208
272 16176 288
288 16192 160
368 16144 112
400 16144 96
400 16176 192
352 16176 160
336 16176 336
272 16160 336
272 16128 288
240 16240 272
336 16224 368
336 16224 320
96 16224 320
112 16208 272
208 16192 336
272 16112 288
272 16128 160
304 16208 304
304 16208 96
384 16224 96
304 16176 464
416 16224 368
336 16128 272
320 16128 240
336 16144 368
336 16144 384
288 16192 384
176 16176 400
112 16144 320
224 16160 352
208 16208 160
208 16192 560
240 16192 560
144 16096 624
208 16112 480
208 16160 656
240 16256 -80
256 16256 -48
272 16176 -48
256 16144 80
272 16144 176
160 16144 256
256 16112 240
256 16144 256
256 16144 288
128 16240 288
320 16192 432
64 16256 448
160 16256 528
160 16256 384
256 16256 384
432 16224 112
496 16176 192
384 16112 288
432 16112 112
336 16096 128
336 16096 272
80 16112 272
96 16176 112
224 16192 128
272 16192 -32
272 16272 -16
256 16272 -16
480 16256 -320
416 16192 -64
368 16272 0
224 16208 336
256 16192 304
256 16128 224
256 16128 224
224 16240 416
144 16256 352
144 16272 272
96 16256 224
224 16208 192
224 16176 368
208 16144 272
192 16144 192
256 16224 192
224 16176 144
368 16192 0
368 16208 112
192 16208 112
144 16272 -240
272 16224 -128
240 16176 -64
240 16208 480
240 16064 384
352 16080 320
352 16080 528
400 16080 528
352 16144 448
480 16160 144
400 16192 240
400 16192 288
208 16144 336
192 16272 336
288 16240 544
224 16176 416
224 16208 352
240 16240 272
240 16192 384
240 16128 288
272 16128 288
448 16144 144
192 16208 192
256 16208 272
256 16176 352
272 16176 368
336 16144 368
272 16208 320
288 16192 208
