startup(x,y,z):(224,16128,272)
720 18112 1904
2640 16832 4224
6464 17360 2352
6944 15664 7008
6944 14976 5056
4720 14976 5056
1808 14624 3504
1264 15280 4944
2176 14832 5200
176 15584 2448
-416 15920 64
-3024 18304 736
-3024 17120 544
-1056 17120 544
288 17744 3184
-992 18960 2288
-2320 17344 3456
-3264 16448 -1872
-3264 17040 160
-2304 17040 656
-800 16640 1664
-128 16368 992
0 16368 -416
208 16288 -416
288 16032 -48
112 16000 944
112 15968 256
-256 15968 -368
176 16064 -368
624 16064 160
288 16080 -160
368 16048 64
272 16080 -112
288 16128 224
288 16112 -16
112 16112 -16
-160 16224 32
-64 16160 208
208 16224 240
272 16160 448
272 16096 176
288 16096 -352
160 16112 -352
176 16112 240
64 16176 112
192 16192 112
192 16112 80
16 16112 80
-48 16256 272
96 16192 288
0 16288 -80
0 16128 176
0 16128 336
-80 16176 336
80 16160 272
256 16176 -208
208 16208 -272
208 16192 16
288 16192 272
144 16128 416
320 16160 144
192 16240 -32
304 16192 176
304 16192 128
192 16256 128
224 16224 48
240 16160 32
400 16128 144
352 16144 336
304 16128 480
304 16128 320
368 16176 320
528 16208 224
352 16176 320
352 16240 320
352 16240 400
288 16160 400
384 16112 384
176 16128 432
304 16192 368
368 16176 288
368 16224 336
320 16224 336
384 16144 608
352 16160 448
320 16144 128
320 16208 384
272 16208 384
96 16240 80
208 16192 16
208 16160 48
160 16064 -128
160 16016 48
224 16016 288
192 16112 288
176 16128 256
288 16112 32
160 16192 128
160 16192 -32
160 16208 -32
240 16336 80
240 16304 48
304 16240 80
256 16224 176
256 16224 -16
304 16240 -16
352 16192 -64
64 16240 240
208 16176 272
208 16320 176
256 16320 176
320 16304 192
304 16240 400
224 16256 144
240 16272 352
240 16256 432
320 16256 432
144 16160 -112
208 16304 384
144 16240 384
272 16256 240
256 16160 576
208 16112 448
208 16032 80
272 16032 80
224 16240 528
192 16240 640
224 16384 720
336 16272 464
336 16272 400
288 16208 80
240 16064 48
240 16064 144
144 16192 144
208 16240 560
240 16288 368
256 16352 208
240 16208 640
240 16208 944
128 16224 944
112 16368 704
128 16416 224
272 16672 176
80 16336 752
336 16064 1056
336 16064 672
272 16064 672
160 16528 416
96 16512 336
128 16464 592
192 16368 608
144 16288 624
192 16288 768
144 16240 352
176 16160 288
176 16160 128
112 16192 128
320 16112 144
256 16208 48
288 16176 128
64 16160 144
64 16192 -48
176 16192 -144
304 16160 112
208 16128 160
208 16128 448
288 16144 448
256 16160 112
192 16176 48
208 16208 224
208 16192 16
240 16192 -128
384 16160 -128
208 16160 80
272 16160 48
304 16192 144
304 16192 48
352 16176 176
352 16176 0
336 16160 0
352 16176 96
224 16160 208
256 16112 112
240 16224 304
240 16224 432
176 16160 432
176 16176 304
112 16160 288
144 16144 304
192 16224 -16
416 16144 112
416 16144 304
432 16240 304
400 16240 288
272 16208 272
160 16192 416
240 16208 448
240 16256 416
288 16256 416
224 16192 416
240 16112 224
240 16128 192
144 16128 192
128 16144 320
176 16240 208
224 16240 48
224 16176 -48
512 16176 -272
448 16224 -272
80 16240 16
128 16208 -32
128 16192 240
208 16256 -16
224 16256 -112
160 16256 -80
160 16176 256
224 16176 256
240 16224 176
224 16224 192
272 16256 288
448 16160 368
448 16160 384
224 16128 432
224 16160 400
368 16224 400
240 16224 368
208 16208 320
224 16208 224
224 16208 144
352 16144 144
448 16112 352
320 16208 224
320 16224 192
320 16208 112
208 16208 208
208 16112 -16
224 16112 -16
368 16224 240
432 16224 240
384 16176 304
384 16176 320
240 16176 400
208 16208 400
320 16176 528
304 16192 224
336 16160 304
288 16176 304
256 16112 288
256 16144 288
384 16128 288
384 16160 304
192 16192 208
192 16160 176
192 16208 -48
176 16208 -32
432 16192 -32
320 16176 384
304 16176 288
336 16112 288
176 16080 144
400 16128 176
448 16096 400
448 16096 272
256 16192 272
272 16176 240
272 16096 304
304 16000 480
272 16080 48
272 16080 112
400 16080 144
352 16080 368
320 16128 368
320 16176 464
320 16144 416
288 16192 272
288 16192 480
256 16128 480
64 16160 528
208 16048 512
176 16144 240
96 16176 208
128 16160 320
288 16176 288
288 16176 48
208 16208 48
192 16240 -16
320 16240 112
272 16192 256
272 16128 240
304 16128 128
272 16128 128
288 16160 -80
288 16224 -16
304 16112 208
272 16256 96
208 16224 144
208 16224 176
80 16208 176
64 16224 224
160 16272 128
288 16288 160
288 16240 240
144 16240 224
416 16224 224
320 16288 96
368 16208 160
416 16240 160
224 16208 192
240 16144 256
272 16144 224
272 16144 304
304 16176 304
240 16240 256
256 16384 368
288 16288 112
304 16240 64
304 16192 144
320 16272 256
176 16272 176
288 16160 176
336 16208 544
272 16224 432
272 16176 384
336 16176 128
128 16160 128
272 16176 224
144 16192 240
96 16240 208
96 16288 368
144 16272 368
144 16176 288
192 16176 288
208 16352 48
256 16304 80
256 16352 320
256 16256 208
304 16256 128
272 16256 128
240 16160 -48
224 16224 272
128 16128 336
336 16160 432
272 16240 272
272 16224 288
320 16224 288
128 16256 64
160 16192 16
256 16144 128
256 16256 288
176 16208 272
288 16208 272
144 16240 0
144 16240 128
176 16192 208
240 16176 48
272 16128 80
352 16240 208
352 16176 160
352 16176 160
208 16128 208
288 16112 160
192 16176 64
256 16160 144
256 16176 448
256 16160 288
192 16224 256
256 16160 240
48 16160 240
128 16176 64
96 16224 96
240 16112 32
240 16144 80
176 16144 176
400 16208 176
352 16240 384
432 16208 112
416 16224 144
272 16208 192
336 16256 64
336 16256 144
496 16192 144
416 16144 224
368 16208 64
288 16176 176
272 16240 80
272 16240 368
352 16224 368
288 16240 352
240 16288 352
224 16272 320
160 16320 368
208 16176 256
144 16192 240
144 16192 272
208 16176 272
128 16192 208
16 16256 208
176 16224 144
208 16208 64
320 16176 144
240 16160 192
240 16208 256
288 16208 256
128 16176 -32
368 16176 288
400 16160 96
304 16160 256
304 16160 336
224 16192 336
192 16176 384
240 16192 128
304 16160 208
432 16192 272
192 16160 272
192 16160 352
64 16224 352
192 16240 32
224 16160 -128
288 16128 112
288 16144 112
192 16256 272
144 16208 208
192 16208 304
288 16176 304
320 16128 144
416 16160 32
336 16240 64
336 16240 -48
256 16240 -48
112 16176 224
192 16224 240
320 16176 -16
256 16192 16
256 16192 32
288 16224 208
288 16208 176
288 16208 176
288 16224 240
160 16160 496
224 16192 256
224 16144 288
384 16144 416
304 16192 416
448 16208 304
368 16240 464
336 16208 368
304 16240 496
192 16208 464
256 16128 368
256 16144 320
352 16144 320
288 16160 16
256 16208 160
96 16224 160
128 16224 304
128 16192 240
-16 16192 224
0 16208 192
272 16128 192
272 16176 160
320 16240 144
432 16256 112
432 16176 160
352 16176 160
240 16144 160
320 16144 256
240 16144 272
256 16192 288
256 16192 480
224 16208 272
224 16208 320
496 16224 320
496 16128 128
432 16032 32
448 16112 304
448 16208 320
224 16208 288
416 16272 288
384 16224 256
288 16192 224
352 16144 0
320 16192 96
192 16128 256
208 16160 96
128 16304 96
144 16272 368
400 16176 144
432 16144 320
432 16112 288
480 16112 192
384 16272 192
352 16256 416
304 16288 416
384 16256 304
224 16256 384
336 16224 464
336 16240 352
304 16240 752
144 16224 752
288 16144 592
272 16160 608
128 16160 352
128 16128 352
224 16080 288
208 16112 32
192 16112 32
432 16096 -64
400 16112 272
416 16288 272
416 16240 352
96 16240 352
-48 16256 272
