startup(x,y,z):(224,16128,272)
176 16368 -512
752 16000 1184
288 16800 1184
-416 16448 256
-128 16384 -2000
80 14928 -304
-80 15664 1440
-80 15664 1120
976 15744 1120
1344 15600 -1136
352 16752 -848
16 16496 -272
768 16512 32
768 16512 -608
1504 15840 -608
368 15904 1552
384 16064 1632
656 16304 -384
384 16128 -176
384 16160 -16
288 16160 64
384 16064 64
688 16256 -256
800 16304 -96
528 16272 -400
576 16240 320
576 16240 432
544 16144 432
256 16128 192
128 16192 64
240 16256 16
240 16192 -208
368 16112 -144
256 16112 -144
208 16256 -48
384 16192 -64
592 16128 384
592 16224 128
336 16224 192
272 16272 192
304 16224 272
384 16208 336
336 16080 240
336 16112 64
272 16112 0
192 16112 0
192 16208 128
272 16256 -48
304 16208 160
304 16208 -80
208 16112 -80
192 16160 192
192 16128 336
176 16160 384
176 16160 304
144 16160 304
160 16208 272
224 16064 192
304 16112 0
304 16144 400
304 16144 144
416 16176 144
336 16176 384
304 16256 400
304 16176 432
224 16192 464
16 16192 464
192 16112 768
272 16144 304
288 16144 240
352 16160 128
352 16192 80
288 16192 80
304 16208 304
352 16240 320
288 16288 272
288 16192 400
336 16192 432
496 16160 432
288 16160 128
352 16032 80
384 16080 288
384 16080 -128
320 16064 -128
272 16224 112
400 16192 176
384 16176 112
384 16176 256
256 16192 256
368 16176 48
240 16160 48
224 16144 112
192 16192 -144
192 16192 176
208 16176 176
336 16192 192
208 16208 192
224 16240 16
224 16160 416
224 16160 416
240 16128 336
320 16064 624
240 16032 592
304 16144 288
208 16208 96
240 16240 -16
240 16224 240
192 16224 240
272 16256 -48
192 16208 80
256 16160 128
256 16160 96
224 16160 96
464 16048 48
320 16096 208
288 16160 240
224 16192 64
272 16192 112
272 16192 416
256 16144 416
240 16176 192
256 16176 16
288 16144 160
288 16144 -784
-64 16352 -784
144 16080 1952
208 15936 2192
-208 16096 -928
-208 16352 -1456
64 16352 592
80 16496 592
912 16320 1136
784 16208 368
640 16304 400
640 16304 -192
1424 16128 -192
1696 16304 -128
48 16464 -480
-96 17136 16
784 16672 -1024
784 16256 -80
912 16256 -80
416 16496 464
128 16320 -144
400 16272 -304
400 16240 320
272 16240 320
-96 16192 304
-128 16160 -224
128 16160 -592
256 16160 176
256 16160 224
288 16176 224
448 16176 128
528 16208 0
416 16208 272
416 16208 96
448 16224 96
384 16240 -32
432 16144 464
288 16160 288
288 16176 496
432 16176 496
448 16192 128
368 16176 288
368 16256 480
352 16160 480
352 16208 272
128 16208 272
144 16240 112
144 16240 288
208 16208 496
208 16240 368
96 16240 368
16 16192 304
160 16176 416
240 16240 176
240 16176 192
320 16176 -64
304 16192 -64
272 16192 144
224 16160 224
192 16240 368
192 16240 224
320 16192 224
400 16080 304
304 16144 352
272 16176 112
272 16208 192
256 16208 192
320 16192 384
288 16176 416
336 16176 256
336 16176 368
256 16176 288
368 16160 288
256 16192 288
208 16224 144
304 16272 80
304 16272 64
176 16272 64
208 16240 272
144 16176 400
128 16144 384
128 16144 192
320 16224 192
336 16128 80
384 16112 112
320 16128 176
320 16208 560
400 16208 560
368 16208 352
288 16160 208
240 16240 160
496 16272 224
288 16272 288
272 16208 288
448 16272 192
448 16272 96
304 16176 256
304 16176 336
320 16144 336
352 16096 240
256 16128 544
336 16160 288
336 16208 416
336 16256 432
400 16256 432
368 16176 528
208 16208 496
336 16208 352
336 16208 448
384 16208 448
464 16080 176
416 16032 112
352 16064 176
256 16112 96
256 16112 -112
240 16176 -112
240 16224 -32
304 16192 128
240 16160 368
240 16192 336
64 16192 336
160 16176 256
144 16192 -128
128 16128 32
128 16128 0
400 16128 0
336 16144 112
256 16208 240
320 16256 224
320 16192 432
320 16192 416
272 16240 416
336 16192 304
400 16208 96
304 16176 64
304 16240 -48
304 16240 -48
544 16208 -80
432 16176 192
432 16176 32
432 16240 112
432 16208 -16
448 16208 -144
416 16224 -144
384 16224 -96
304 16192 96
352 16144 208
352 16144 192
288 16128 96
176 16224 96
288 16192 64
272 16256 144
192 16192 192
192 16128 528
192 16128 528
288 16144 416
208 16176 368
96 16288 96
144 16288 176
144 16288 160
208 16304 160
224 16208 208
288 16192 64
80 16176 288
80 16192 304
64 16192 224
32 16144 224
112 16240 176
208 16160 112
176 16288 112
176 16144 288
192 16144 288
144 16096 256
176 16128 160
240 16128 240
240 16144 320
240 16144 432
368 16192 432
320 16224 352
240 16304 192
80 16240 320
80 16240 272
112 16320 288
208 16256 288
0 16208 432
144 16272 176
144 16208 320
304 16208 336
384 16224 336
256 16160 304
192 16144 400
224 16192 272
224 16144 240
160 16144 432
224 16160 432
160 16176 304
304 16176 336
304 16160 304
336 16160 304
272 16240 304
272 16160 320
416 16144 352
208 16176 784
192 16176 368
208 16288 368
288 16208 528
368 16256 496
400 16304 320
400 16304 400
352 16208 400
272 16128 208
400 16160 288
400 16112 160
400 16256 48
288 16256 48
224 16272 96
304 16288 80
336 16224 224
256 16192 192
256 16192 48
336 16176 48
272 16128 -64
272 16128 80
352 16144 256
352 16160 96
400 16160 96
352 16176 32
320 16240 48
352 16288 -48
320 16288 128
320 16288 496
272 16240 496
224 16208 416
192 16224 448
192 16208 416
192 16208 480
240 16192 480
144 16160 416
112 16176 448
112 16320 400
112 16208 320
176 16208 240
320 16224 240
256 16192 464
320 16192 352
304 16192 256
304 16176 32
272 16176 32
304 16144 512
352 16144 416
144 16176 272
224 16192 112
224 16192 272
272 16176 272
240 16144 192
288 16240 192
400 16208 272
400 16240 288
384 16240 288
368 16256 272
352 16192 0
240 16160 192
240 16192 176
240 16192 400
240 16192 400
224 16192 464
288 16160 688
96 16128 432
96 16144 272
320 16144 272
320 16144 416
304 16112 256
368 16080 240
368 16128 128
208 16128 0
336 16192 0
240 16128 32
224 16208 224
224 16320 368
224 16320 704
240 16192 704
384 16208 640
160 16208 544
192 16128 384
192 16128 176
256 16144 176
304 16176 112
240 16192 272
400 16192 176
416 16192 304
416 16176 208
320 16176 208
320 16160 224
304 16208 -96
272 16208 -32
16 16288 80
128 16288 176
208 16256 176
176 16256 208
352 16208 256
384 16192 -32
384 16272 208
352 16272 208
320 16224 496
240 16176 448
208 16160 144
208 16144 256
256 16144 256
368 16176 336
304 16176 384
272 16096 160
272 16160 288
272 16160 480
224 16112 480
272 16144 608
240 16144 400
240 16192 544
240 16192 432
288 16192 384
480 16176 384
384 16144 288
288 16256 96
288 16176 208
144 16224 96
48 16224 96
128 16160 256
-32 16128 192
96 16144 176
96 16144 176
288 16144 176
288 16208 320
352 16176 32
240 16176 224
240 16176 176
240 16208 336
288 16256 336
160 16224 48
304 16176 96
272 16176 96
272 16208 128
256 16208 128
96 16192 256
32 16256 368
272 16144 240
272 16192 144
304 16192 144
176 16176 368
128 16208 272
160 16256 544
224 16288 432
224 16288 304
272 16352 304
272 16256 320
256 16288 336
112 16192 176
112 16176 112
208 16176 112
400 16144 160
320 16112 128
288 16160 176
336 16192 0
336 16192 384
352 16208 384
384 16288 240
288 16224 272
304 16272 48
304 16224 208
400 16224 208
384 16176 224
560 16192 208
256 16224 320
256 16176 384
288 16176 336
176 16192 336
320 16160 192
304 16144 128
272 16208 -96
272 16224 -32
256 16224 -32
448 16160 192
336 16208 320
384 16144 224
384 16160 176
128 16160 176
448 16208 160
464 16256 336
176 16192 256
240 16176 224
240 16176 368
