startup(x,y,z):(224,16128,272)
-1968 22592 1616
-656 13936 -7984
-656 15888 -4976
-4160 15888 -4976
-5152 16240 -5392
-4256 15616 -3696
-3792 15760 -2880
-3792 16560 -2368
-3664 16736 -976
-1072 16736 -976
896 15776 2416
-112 15728 -176
-384 15952 -560
0 15744 -16
1136 15632 1264
1328 16288 1056
864 15952 -192
864 15952 1056
704 16064 1056
-144 16448 -32
-896 16656 -192
0 16000 864
784 16336 656
784 16336 848
912 16400 -496
448 16304 -624
96 16224 -624
400 16464 480
1184 16000 240
480 16192 240
480 16192 240
32 16112 240
208 16144 400
352 16096 992
608 16160 848
624 16176 752
368 16288 368
384 16288 336
304 16288 608
528 16272 608
400 16224 464
352 16128 224
560 16208 96
560 16208 0
336 16160 0
368 16304 320
464 16240 288
384 16128 416
240 16096 288
144 16208 32
144 16208 -256
208 16336 -256
176 16192 -176
48 16176 -96
96 16192 16
256 16144 368
256 16144 0
176 16160 0
128 16064 64
288 16032 256
352 16064 272
400 16160 176
304 16128 240
304 16128 336
128 16128 288
144 16176 288
256 16160 240
224 16112 624
352 16096 480
96 16144 400
176 16144 112
256 16144 224
208 16144 224
288 16144 416
400 16192 288
304 16176 416
304 16240 128
288 16240 128
288 16256 368
384 16208 400
480 16192 176
352 16240 160
352 16224 -176
304 16224 80
304 16304 272
336 16304 272
368 16240 208
304 16256 48
336 16176 240
336 16208 400
336 16208 400
80 16256 416
240 16288 576
272 16336 320
288 16272 64
352 16240 -160
272 16192 112
272 16128 176
240 16128 176
128 16128 384
208 16208 192
304 16176 128
304 16128 304
352 16128 240
448 16112 240
336 16256 144
192 16272 96
192 16288 128
304 16256 16
208 16224 240
208 16192 416
320 16192 320
288 16192 320
288 16144 448
336 16160 128
512 16256 -80
400 16240 240
400 16336 320
320 16336 368
256 16224 368
256 16224 368
304 16112 256
304 16144 416
272 16192 272
272 16176 320
400 16176 320
368 16192 448
544 16288 208
368 16176 256
464 16240 192
464 16224 240
288 16224 304
288 16224 368
240 16144 368
208 16160 -64
288 16128 352
256 16112 400
256 16208 176
272 16208 192
384 16160 192
160 16144 208
272 16208 336
320 16240 416
256 16144 160
64 16096 112
64 16096 320
256 16064 320
320 16160 384
304 16160 160
352 16176 224
352 16224 288
192 16224 192
256 16128 192
352 16176 80
304 16192 160
384 16192 208
416 16160 240
352 16192 32
352 16224 96
352 16192 48
368 16192 48
400 16176 512
416 16144 480
560 16192 224
480 16128 160
480 16128 240
368 16192 128
256 16208 128
112 16224 272
144 16176 208
224 16208 336
224 16144 416
256 16144 416
400 16080 352
416 16208 320
352 16144 432
224 16160 288
208 16192 208
256 16160 192
256 16192 464
336 16192 464
448 16112 256
304 16224 320
512 16240 256
512 16272 320
512 16272 192
368 16272 192
224 16256 128
352 16256 160
320 16224 336
288 16208 400
224 16192 336
208 16160 432
208 16144 240
320 16144 240
336 16128 208
352 16096 384
288 16192 208
272 16208 384
272 16208 208
320 16256 208
288 16320 368
288 16208 368
192 16144 256
336 16064 160
256 16192 304
240 16160 192
240 16160 320
240 16208 320
144 16240 288
96 16224 432
32 16096 464
176 16160 288
224 16160 144
320 16240 32
320 16240 -64
304 16272 -64
304 16208 16
208 16192 64
208 16224 256
208 16128 336
304 16128 336
336 16176 400
288 16176 304
336 16240 160
256 16160 208
272 16160 192
272 16192 224
368 16192 112
320 16176 112
304 16176 272
368 16160 192
368 16144 336
368 16144 224
208 16144 224
288 16208 -112
320 16176 -48
368 16224 192
288 16176 272
304 16240 256
304 16240 224
368 16240 224
384 16256 176
304 16256 224
368 16256 240
304 16208 96
304 16208 -48
160 16240 -48
128 16176 144
112 16208 304
192 16192 368
240 16240 464
288 16160 336
288 16256 416
288 16192 320
160 16192 320
144 16192 272
128 16192 304
256 16192 288
256 16192 208
256 16192 160
256 16160 320
256 16160 272
256 16176 272
224 16208 112
256 16192 0
240 16160 160
240 16160 32
320 16144 32
288 16144 -32
224 16096 -48
384 16176 -32
256 16176 128
256 16192 256
176 16192 256
368 16240 80
336 16192 -112
336 16192 48
336 16208 208
240 16208 208
304 16256 112
288 16128 -32
176 16176 -48
240 16112 192
240 16128 272
272 16192 496
336 16192 496
112 16144 368
128 16176 144
16 16176 160
16 16256 304
80 16256 368
192 16240 368
0 16240 416
64 16272 32
208 16256 64
256 16224 192
256 16128 208
384 16128 192
336 16112 192
224 16112 272
224 16160 256
112 16128 160
128 16224 256
128 16128 128
128 16128 128
176 16160 384
272 16096 144
272 16112 240
240 16144 384
320 16224 160
320 16176 176
400 16176 176
416 16192 144
400 16096 208
224 16160 160
224 16128 192
240 16128 96
208 16192 96
336 16160 240
304 16128 400
400 16160 272
320 16112 240
320 16112 240
272 16112 240
304 16144 320
320 16144 272
256 16144 480
336 16224 144
336 16224 240
176 16240 240
336 16144 240
480 16160 352
464 16128 192
288 16208 16
320 16160 -16
320 16160 -32
432 16176 -32
352 16128 80
256 16208 -48
368 16240 -128
368 16192 -112
304 16192 160
224 16192 160
352 16208 224
320 16208 512
256 16144 416
272 16176 288
320 16256 352
336 16192 384
336 16240 416
352 16240 352
384 16160 352
384 16160 176
416 16112 32
352 16224 320
272 16176 256
272 16112 256
224 16112 352
304 16128 352
288 16112 208
224 16208 496
480 16064 416
272 16080 272
272 16080 272
224 16144 256
208 16176 480
464 16160 336
448 16128 96
480 16144 144
480 16272 320
304 16272 320
384 16160 560
208 16112 448
144 16160 304
256 16176 256
256 16160 240
304 16160 240
112 16208 128
224 16192 160
304 16240 288
160 16272 112
240 16224 16
240 16224 208
320 16128 208
240 16160 96
176 16240 400
320 16224 576
320 16224 512
304 16224 128
352 16224 128
320 16192 320
304 16208 176
304 16240 384
336 16192 192
336 16192 448
352 16256 480
400 16256 544
368 16048 544
352 16144 400
336 16160 336
272 16128 368
272 15872 208
272 16112 208
336 16192 320
352 16256 400
512 16208 208
416 16144 304
416 16256 368
288 16256 368
320 16128 640
336 16192 480
368 16160 320
288 16240 224
288 16240 192
400 16176 256
384 16176 256
448 16160 256
400 16240 256
336 16320 112
432 16224 -16
432 16240 144
208 16240 64
368 16208 64
336 16208 64
528 16224 -32
432 16288 0
384 16208 96
384 16112 144
288 16112 336
288 16128 336
352 16128 272
480 16176 64
384 16112 64
384 16128 64
320 16128 96
448 16064 96
352 16112 496
320 16144 304
304 16192 64
448 16192 -64
448 16176 32
576 16176 32
176 16256 416
144 16128 416
288 16176 352
176 16144 352
256 16112 320
256 16160 128
224 16160 128
288 16160 256
320 16144 224
256 16096 224
288 16144 208
432 16144 272
432 16144 416
352 16096 416
336 16080 240
384 16112 304
272 16128 272
272 16128 336
208 16128 336
272 16080 208
256 16144 288
272 16208 32
256 16240 192
160 16128 288
160 16160 144
112 16160 144
224 16160 336
272 16160 336
368 16176 336
320 16240 336
320 16240 160
464 16256 160
256 16224 256
256 16128 256
192 16192 48
208 16272 16
288 16176 144
288 16176 240
240 16208 240
176 16320 96
352 16256 288
144 16176 96
144 16128 272
272 16128 272
240 16112 96
304 16208 96
352 16256 -176
352 16240 -96
288 16224 0
336 16160 -144
336 16176 -64
544 16208 176
368 16208 176
320 16192 320
128 16144 336
192 16224 208
224 16160 208
256 16112 528
256 16160 256
352 16160 256
256 16176 -80
176 16224 176
144 16224 192
144 16080 208
224 16080 96
176 16208 96
320 16160 208
192 16160 240
224 16160 224
