startup(x,y,z):(416,16240,176)
-2048 16464 1872
-1728 15552 704
-688 15584 896
1344 17024 -1472
1296 15728 -1808
1472 17056 -688
3952 16192 -5248
10768 16000 -16016
10768 16560 -4800
4800 16560 -4800
-5472 16656 3280
-8976 15408 6768
-3936 16208 5408
-2304 15232 6752
-3472 15392 4816
-3472 15952 3968
-704 15712 176
928 15712 -256
4384 16096 -256
2816 16448 3040
1504 14960 5312
2640 16272 944
5072 16720 400
2784 16544 -544
2784 16320 -1648
2000 16320 -1648
368 16192 -1552
-288 16112 -3232
-576 15936 -3008
-2544 16336 -1776
-368 15984 -928
176 16368 -2352
176 16304 -1248
-304 16352 -1712
-320 16352 -1712
400 16304 -1520
512 16224 -1472
928 16080 -992
944 16144 -256
944 16304 -240
1312 16336 688
1104 16336 688
576 16320 1856
560 16288 2240
-160 16192 2256
-160 16144 2192
-32 16144 2032
-32 16128 1920
0 16128 1920
240 16080 1344
656 16112 1136
832 16272 736
608 16288 -224
672 16304 -576
528 16192 -592
528 16112 -800
448 16112 -832
208 16128 -832
368 16112 -496
288 16112 -112
432 16256 -656
480 16240 -592
368 16240 -544
368 16304 -592
288 16304 -448
496 16256 -448
496 16272 -64
384 16144 320
384 16192 496
592 16240 528
592 16144 752
448 16144 752
288 16320 960
256 16320 864
368 16176 768
528 16176 832
576 16160 416
512 16160 176
512 16192 224
336 16192 -144
288 16288 -144
384 16320 -608
544 16288 -656
480 16224 -544
480 16208 -400
240 16144 -304
208 16144 -304
272 16160 -64
384 16176 112
528 16160 0
512 16224 -64
384 16192 0
384 16192 -112
272 16224 -112
288 16272 128
208 16272 144
336 16256 32
368 16240 -16
368 16240 128
464 16240 80
528 16208 80
560 16160 -16
560 16256 -16
544 16240 0
544 16320 -32
512 16320 -16
608 16320 -16
416 16208 -16
448 16208 128
448 16176 208
400 16176 112
336 16240 -224
352 16208 -96
352 16208 -96
560 16192 -96
624 16208 64
512 16240 32
624 16240 64
544 16224 176
416 16192 416
400 16272 272
448 16144 256
448 16144 256
400 16256 80
400 16256 80
560 16192 0
528 16208 128
528 16208 -112
512 16176 0
512 16192 -96
432 16192 128
432 16160 128
432 16192 160
352 16208 -80
336 16208 -80
448 16192 272
608 16304 272
608 16240 48
464 16240 -224
544 16304 -224
608 16256 -176
464 16240 -48
256 16256 64
256 16192 96
352 16192 192
240 16176 -96
240 16176 -64
352 16288 -64
592 16176 -96
512 16192 -64
512 16224 -240
512 16240 -208
512 16192 -32
480 16192 -96
384 16272 144
384 16256 144
448 16256 128
432 16304 208
336 16288 272
432 16304 176
432 16208 336
384 16208 352
400 16144 352
432 16256 80
416 16176 48
544 16224 -48
560 16224 160
544 16272 368
544 16240 256
560 16240 288
256 16304 208
400 16256 144
208 16256 144
240 16272 -48
288 16240 48
336 16240 -160
336 16224 -112
256 16176 80
256 16224 208
336 16224 80
400 16224 80
400 16288 224
480 16240 144
560 16272 -64
608 16208 -144
336 16224 16
336 16192 -112
496 16192 -112
400 16176 -16
416 16160 -80
512 16240 160
528 16224 160
368 16160 336
432 16208 128
432 16288 16
528 16288 48
464 16320 48
384 16256 16
320 16192 160
400 16224 -64
416 16208 -80
416 16240 -160
416 16240 64
416 16304 64
416 16304 -80
432 16288 -80
464 16224 -112
400 16256 160
432 16240 240
496 16320 32
464 16288 48
464 16224 80
480 16240 112
544 16256 96
352 16208 -80
432 16224 -144
464 16192 16
464 16192 144
528 16224 144
336 16144 256
496 16224 240
544 16208 160
576 16208 0
464 16256 272
464 16256 128
352 16256 304
336 16240 304
400 16224 160
288 16208 64
176 16256 48
368 16304 16
432 16320 -64
432 16256 96
480 16208 80
544 16208 48
608 16256 48
448 16256 144
464 16128 320
720 16176 160
432 16144 240
272 16112 256
272 16176 112
304 16160 96
352 16176 144
336 16176 496
272 16192 496
384 16112 352
416 16096 576
400 16128 208
336 16144 224
336 16208 192
320 16208 112
288 16240 112
368 16192 16
464 16224 48
288 16208 16
304 16208 112
320 16304 176
320 16208 48
432 16208 112
464 16256 112
432 16192 64
560 16192 64
544 16208 336
576 16208 304
448 16176 176
448 16176 160
448 16208 64
368 16208 112
464 16224 112
464 16192 16
464 16224 -80
384 16208 96
160 16208 128
400 16224 80
384 16256 224
384 16224 176
400 16224 -16
416 16176 112
352 16160 144
352 16192 112
352 16256 112
336 16272 -176
352 16224 -48
432 16192 96
496 16256 272
640 16224 160
640 16176 96
544 16176 -240
512 16176 -240
608 16256 -240
496 16240 -304
512 16208 -240
400 16304 -16
448 16304 -128
448 16320 0
384 16320 64
416 16240 64
560 16272 -80
432 16224 176
496 16192 368
544 16192 288
544 16256 48
544 16256 304
464 16160 224
480 16160 32
608 16160 -256
496 16208 -256
496 16208 -176
560 16160 112
464 16208 0
592 16192 32
464 16272 16
480 16304 128
464 16256 128
384 16224 128
352 16240 -16
352 16176 -64
352 16176 192
480 16144 32
432 16192 192
432 16192 144
304 16224 96
400 16224 96
368 16176 256
368 16176 272
320 16304 240
320 16320 176
448 16320 240
384 16208 176
416 16240 128
464 16208 176
272 16208 48
320 16272 48
416 16224 -32
416 16288 -112
512 16256 192
656 16224 304
608 16192 400
528 16208 448
464 16288 480
400 16336 96
400 16336 112
320 16304 128
400 16192 128
304 16176 80
416 16160 96
384 16176 112
464 16176 112
432 16128 80
464 16144 128
464 16224 128
368 16192 64
352 16192 64
448 16128 48
512 16112 16
576 16192 -64
576 16112 0
336 16176 96
560 16192 48
560 16208 112
448 16208 368
384 16240 272
352 16208 160
400 16208 144
320 16272 144
448 16288 96
448 16208 224
448 16208 304
320 16256 304
320 16304 -64
336 16368 -64
272 16352 -144
496 16240 -48
432 16272 -48
464 16240 48
464 16256 128
464 16176 64
544 16176 208
416 16192 208
320 16176 128
496 16208 224
512 16144 288
560 16144 208
528 16192 304
528 16160 80
544 16160 80
640 16176 384
528 16176 304
592 16160 256
528 16224 160
512 16240 64
576 16288 240
608 16224 80
432 16160 128
432 16176 144
400 16176 -48
544 16256 -48
608 16160 -32
464 16208 320
528 16176 288
464 16160 320
496 16192 128
496 16160 -64
736 16160 -64
592 16208 -64
528 16272 -64
496 16192 -64
640 16224 96
560 16224 128
560 16224 208
384 16176 208
304 16304 240
368 16288 32
544 16240 32
384 16224 112
416 16112 -32
336 16240 64
432 16256 16
416 16176 32
416 16160 32
336 16224 96
368 16224 96
384 16208 192
352 16240 272
400 16208 160
400 16208 48
384 16288 -112
384 16336 -48
352 16256 192
352 16240 64
448 16240 64
496 16288 -32
528 16256 224
592 16224 -112
672 16208 -144
672 16256 -16
640 16256 -176
640 16208 96
576 16240 -144
560 16192 224
368 16160 224
432 16064 32
432 16144 96
272 16192 32
320 16192 32
272 16192 32
384 16208 32
400 16272 -16
384 16256 -16
320 16240 -80
336 16240 208
464 16160 208
432 16128 208
416 16160 176
448 16208 80
480 16192 80
512 16224 128
480 16240 -176
480 16240 -176
368 16208 128
368 16160 128
416 16160 112
448 16176 96
400 16224 144
496 16208 80
496 16208 -48
352 16256 144
400 16208 176
448 16208 160
448 16208 160
368 16176 128
432 16208 32
592 16208 80
560 16192 -48
512 16240 -64
368 16304 -176
368 16288 -304
432 16288 -176
496 16240 176
336 16256 176
368 16240 64
464 16208 432
496 16208 464
400 16240 256
528 16304 304
464 16304 192
464 16336 16
400 16336 256
608 16208 -16
480 16192 -80
576 16208 -80
352 16272 80
368 16256 176
576 16208 64
576 16256 128
448 16192 -32
272 16160 -160
416 16176 16
416 16176 384
288 16208 384
416 16240 544
384 16288 320
592 16256 160
384 16224 224
384 16240 -128
544 16144 -128
544 16176 32
336 16176 176
288 16144 176
560 16208 112
496 16192 368
