startup(x,y,z):(416,16240,176)
48 16352 256
-80 16352 1840
-80 16288 1088
288 16288 992
368 16240 992
480 16128 704
896 16176 -112
1200 16208 -784
912 16320 -1280
-32 16256 -368
-32 16208 512
-160 16208 544
176 16176 192
336 16128 -240
368 16192 -608
688 16240 -704
688 16240 -608
624 16176 -224
624 16160 400
448 16192 864
240 16240 1248
240 16240 832
432 16192 384
624 16208 -112
624 16208 -416
736 16160 -416
544 16192 -672
480 16208 -480
528 16176 -432
336 16192 -112
16 16224 240
256 16112 256
256 16368 -80
384 16192 -208
464 16192 -176
544 16192 -176
400 16224 272
496 16208 480
464 16128 752
432 16144 832
400 16224 608
368 16192 288
528 16208 -48
576 16176 -256
416 16224 -224
256 16224 -112
496 16176 -80
496 16192 64
368 16192 288
368 16240 288
512 16288 336
512 16240 192
448 16240 144
400 16256 224
384 16192 432
352 16192 656
352 16192 496
336 16192 688
384 16208 688
496 16224 512
608 16224 256
480 16224 -48
448 16224 -224
448 16256 -368
384 16256 -432
432 16320 -432
416 16288 -464
384 16224 -464
208 16272 -160
240 16240 -48
256 16256 304
256 16192 400
336 16192 352
464 16208 352
496 16208 384
464 16144 304
480 16208 352
384 16144 432
320 16208 544
304 16224 256
304 16224 48
416 16304 48
448 16288 -80
512 16320 -432
464 16256 -480
352 16256 -464
272 16208 -32
224 16160 144
224 16128 144
192 16128 256
304 16160 176
304 16208 192
272 16208 192
384 16208 176
448 16224 112
384 16192 288
512 16176 544
512 16208 368
464 16240 464
496 16240 448
528 16160 208
544 16192 208
368 16224 176
368 16240 -48
336 16272 -64
288 16240 -240
496 16288 -256
544 16288 -256
400 16240 -48
352 16272 288
1328 16368 -304
272 15712 1024
608 16624 144
608 16624 368
512 16224 368
736 16096 -224
96 16032 576
1440 17616 784
1280 15456 64
432 16512 48
1968 16032 -816
1472 16432 -192
736 16320 192
176 16496 -224
384 16112 -240
448 16144 -96
352 16208 0
352 16160 80
288 16176 496
352 16144 320
368 16144 32
368 16192 -144
480 16144 -160
336 16256 -32
368 16176 48
368 16208 64
368 16224 160
368 16224 128
384 16240 -288
480 16224 -128
480 16224 -320
416 16256 -320
432 16272 -80
416 16240 -48
384 16256 -32
368 16272 -16
464 16208 112
464 16208 160
544 16272 128
544 16272 64
448 16224 -128
480 16208 -64
400 16208 80
400 16192 80
352 16176 16
240 16176 48
304 16192 48
464 16144 144
480 16192 112
480 16256 192
352 16208 32
96 16272 112
240 16272 288
400 16256 288
448 16224 192
416 16176 192
528 16208 144
560 16272 288
544 16256 368
528 16192 192
432 16224 80
432 16208 -16
384 16256 368
464 16256 368
624 16272 224
496 16256 128
496 16272 32
496 16272 112
432 16288 112
336 16256 144
432 16208 240
464 16256 96
448 16240 96
464 16288 192
464 16288 -80
512 16288 -176
432 16288 -32
416 16176 176
464 16176 176
432 16272 464
352 16256 400
464 16208 432
512 16208 320
512 16240 320
512 16240 224
512 16224 96
624 16240 -64
608 16272 -64
528 16256 208
480 16256 -112
384 16256 -112
272 16256 -80
240 16256 48
368 16272 32
400 16256 -80
352 16240 -48
352 16240 -96
480 16240 128
480 16144 -16
480 16272 0
448 16256 0
496 16240 64
496 16160 -16
480 16160 -16
720 16080 -32
528 16128 160
480 16112 64
496 16224 48
544 16240 0
560 16256 128
512 16288 272
336 16176 288
464 16272 128
464 16240 304
512 16240 304
544 16192 128
512 16240 96
368 16272 160
384 16272 16
480 16304 -176
400 16176 -16
256 16160 96
320 16144 -32
368 16144 96
400 16240 176
400 16208 208
416 16208 208
656 16240 256
560 16240 160
320 16240 160
336 16224 96
400 16192 -112
480 16192 128
464 16208 128
400 16208 64
544 16128 -96
496 16208 64
496 16208 48
288 16208 -16
288 16208 112
432 16128 112
368 16160 96
480 16096 -288
496 16144 -288
432 16160 64
400 16208 368
272 16144 224
272 16144 -16
336 16128 32
448 16192 64
496 16192 -32
416 16240 -32
272 16272 -112
304 16176 16
208 16192 256
304 16144 160
256 16128 336
256 16144 320
256 16144 224
368 16144 160
304 16192 160
320 16160 160
352 16240 192
240 16208 32
352 16176 48
368 16256 64
320 16256 96
352 16240 -48
496 16176 304
416 16240 16
464 16240 -96
432 16224 -112
400 16192 32
416 16288 128
416 16240 48
464 16208 16
464 16208 144
256 16256 144
416 16208 16
400 16224 -48
416 16272 0
416 16272 208
352 16320 96
368 16224 112
368 16288 128
160 16256 176
336 16224 192
336 16224 208
496 16240 176
496 16240 -16
544 16208 -16
320 16272 112
432 16256 -16
464 16256 -80
512 16288 0
432 16224 208
464 16192 176
480 16208 128
432 16224 176
320 16336 64
416 16336 64
448 16208 -32
448 16240 -32
432 16240 -64
384 16224 16
464 16112 80
448 16144 96
336 16128 96
448 16144 48
272 16224 -16
336 16288 0
480 16160 0
592 16224 240
608 16128 80
768 16224 32
672 16176 128
448 16240 64
384 16176 -176
512 16288 -160
512 16272 16
512 16272 -96
384 16272 -96
496 16208 -48
448 16160 96
464 16192 32
416 16192 256
416 16208 192
496 16256 48
496 16320 32
528 16224 96
544 16256 -176
496 16208 16
480 16192 80
512 16240 80
512 16272 -16
560 16208 48
480 16208 48
544 16176 112
496 16176 112
544 16192 112
400 16256 112
352 16224 304
384 16240 240
384 16192 320
480 16192 240
432 16192 240
464 16224 160
528 16304 16
400 16256 160
544 16192 272
480 16160 400
448 16176 80
448 16208 480
464 16208 256
416 16192 256
416 16272 352
352 16192 224
384 16192 272
352 16176 176
368 16224 224
352 16208 128
336 16272 64
448 16272 96
448 16240 128
464 16240 -112
432 16240 0
432 16192 -96
416 16144 -96
384 16144 -32
384 16144 304
288 16208 -16
384 16256 -32
400 16224 240
400 16176 192
384 16176 80
416 16128 80
336 16240 16
480 16176 96
368 16144 -16
288 16208 -64
288 16208 32
384 16208 -144
464 16224 0
432 16224 176
432 16240 176
512 16272 224
416 16224 432
432 16208 64
432 16160 0
416 16160 192
464 16080 192
432 16144 32
368 16192 160
400 16224 -16
384 16224 -16
560 16144 112
496 16240 128
496 16336 160
432 16336 160
400 16176 144
416 16224 192
464 16272 48
464 16208 96
432 16256 96
448 16272 96
512 16240 240
400 16176 32
464 16208 -48
464 16160 -96
480 16224 192
512 16224 192
432 16288 16
464 16304 80
416 16256 96
400 16256 -96
336 16336 -64
288 16240 16
448 16240 -96
496 16240 208
432 16144 -16
432 16112 112
480 16112 64
640 16096 64
480 16144 112
432 16208 64
432 16304 32
400 16224 48
416 16144 16
448 16144 -80
416 16064 16
416 16096 -176
416 16160 -48
400 16160 32
528 16160 32
464 16128 48
416 16208 144
464 16256 352
464 16288 -64
480 16224 -112
512 16256 96
368 16240 0
240 16304 16
240 16304 128
336 16304 96
352 16384 96
320 16272 96
336 16192 -32
288 16224 -32
480 16144 160
432 16208 96
512 16176 -16
416 16176 96
432 16192 48
368 16144 80
496 16224 80
512 16176 80
448 16256 256
496 16272 144
288 16224 -32
272 16224 80
288 16208 176
256 16192 176
272 16176 160
352 16176 192
352 16144 -16
352 16144 -64
336 16192 0
352 16256 0
368 16192 112
496 16224 80
448 16336 304
384 16224 160
528 16304 160
448 16288 64
480 16208 208
400 16256 208
336 16224 304
336 16208 304
368 16224 96
464 16192 64
432 16176 272
448 16176 288
400 16160 96
400 16192 464
432 16192 464
416 16112 320
560 16160 144
448 16192 80
496 16240 -160
448 16256 -208
448 16208 -32
496 16208 64
528 16208 -192
528 16288 -192
528 16256 -64
528 16256 -16
480 16304 48
480 16320 48
320 16320 48
352 16256 160
208 16224 208
336 16192 192
