startup(x,y,z):(416,16240,176)
976 14992 -2432
-1456 17520 2640
-3488 16944 3776
-4992 15760 -2880
-480 15840 176
1440 16224 176
4352 13872 -5840
16224 13680 -9424
-9968 16144 11200
-4064 15008 5376
-1936 16000 960
5984 15968 704
5056 16192 8208
1184 15600 -688
-832 16400 -4256
-2352 16496 -2608
-1136 15920 -1504
224 16368 -2176
-416 16352 -1696
-480 16192 -1824
-560 16432 -1808
416 16224 -1424
416 16128 -1744
1280 16128 -1184
960 16368 -480
944 16288 96
944 16288 1872
1392 16208 2336
848 16320 2336
160 16320 2512
-368 16272 2480
-64 16224 2000
16 16192 1984
208 16144 1584
512 16176 1200
624 16192 848
576 16224 240
576 16224 -112
656 16208 -432
480 16240 -784
560 16224 -944
560 16224 -720
96 16272 -720
208 16144 -656
528 16160 -544
336 16320 -656
656 16224 -1104
736 16192 -864
480 16224 -864
480 16272 -576
496 16240 -160
736 16256 624
464 16256 752
288 16160 752
304 16224 464
144 16192 480
208 16176 1040
352 16176 928
432 16272 848
480 16208 560
480 16144 512
544 16144 512
560 16160 304
432 16128 -464
400 16256 -288
304 16208 -448
272 16288 -560
192 16272 -432
304 16288 -240
272 16240 -160
304 16240 -176
304 16240 -48
608 16176 -64
608 16176 -224
736 16336 -224
576 16288 0
608 16192 208
352 16192 -16
240 16240 304
240 16128 192
368 16128 192
336 16144 -64
352 16224 320
352 16096 288
432 16192 320
432 16208 208
400 16208 48
400 16128 48
256 16080 48
352 16128 -96
336 16240 80
400 16208 112
400 16208 272
464 16288 272
336 16336 224
368 16304 144
400 16208 112
480 16224 160
480 16224 -192
592 16176 -192
496 16240 -32
464 16336 96
464 16336 -16
464 16224 224
464 16176 352
416 16176 352
416 16112 368
512 16160 144
496 16144 16
528 16128 -16
496 16176 -224
496 16256 -48
464 16256 -48
448 16272 176
400 16288 384
512 16240 288
512 16224 96
688 16208 96
528 16240 -48
416 16256 64
432 16256 80
432 16256 192
384 16192 192
560 16224 64
464 16336 304
432 16256 368
416 16192 -64
368 16176 16
368 16192 0
368 16208 -144
384 16208 -160
448 16208 -160
384 16224 -224
352 16176 -96
416 16208 -224
464 16304 -336
368 16192 -32
448 16192 -48
416 16192 48
480 16240 128
416 16224 256
416 16128 320
352 16128 192
416 16096 192
480 16080 256
352 16144 352
464 16192 144
368 16208 208
368 16224 192
512 16304 64
544 16256 -64
464 16256 -160
400 16240 -160
336 16288 -80
336 16320 16
368 16336 -32
368 16336 -48
224 16288 176
224 16240 128
336 16240 0
560 16272 0
464 16224 272
464 16176 80
448 16208 80
496 16208 64
384 16208 16
384 16224 128
416 16224 128
480 16176 304
544 16240 256
592 16192 144
448 16208 160
496 16256 208
496 16256 224
448 16240 224
320 16176 -224
384 16240 32
256 16240 16
336 16240 0
240 16288 48
528 16176 -64
592 16128 -80
608 16192 -224
608 16208 -32
496 16208 -224
512 16240 -224
448 16256 -144
576 16256 48
512 16288 80
480 16224 80
480 16224 32
672 16144 32
560 16160 112
448 16176 80
496 16176 128
448 16224 -112
448 16224 -16
496 16224 128
448 16224 128
496 16240 0
640 16320 -80
656 16272 -176
576 16240 64
576 16192 0
368 16192 0
416 16160 -112
608 16128 0
608 16208 112
528 16320 80
528 16224 272
528 16256 -80
512 16272 48
448 16176 64
384 16256 320
432 16240 320
448 16160 368
448 16160 320
384 16128 48
368 16112 32
368 16208 0
432 16208 288
320 16176 176
448 16320 176
384 16384 112
336 16304 0
240 16288 96
320 16256 112
320 16256 -48
192 16240 -48
176 16224 0
320 16256 64
272 16288 128
432 16288 128
464 16320 64
480 16144 0
480 16160 -64
480 16192 -48
480 16192 -112
592 16176 -112
384 16160 256
320 16192 176
400 16176 224
240 16208 208
240 16256 0
240 16256 -512
192 16240 -384
336 16240 -208
448 16272 32
288 16256 -256
288 16224 -16
224 16224 224
256 16208 224
448 16176 -208
384 16160 -112
464 16192 -32
400 16176 224
368 16192 80
368 16192 160
528 16256 160
448 16288 176
512 16208 32
496 16160 0
464 16208 240
464 16256 144
480 16256 208
528 16208 208
368 16192 224
464 16144 208
416 16224 176
400 16256 112
528 16272 208
528 16272 336
496 16224 336
512 16272 160
496 16240 144
544 16208 304
480 16224 288
480 16208 192
480 16240 48
464 16240 0
592 16208 0
528 16208 176
480 16128 272
512 16176 128
480 16176 -112
480 16176 -288
464 16256 32
544 16192 32
464 16160 -32
368 16208 -176
416 16048 48
416 16048 -64
416 16144 -160
576 16144 -416
464 16144 -368
464 16224 -176
464 16128 -48
432 16160 -32
512 16176 -48
464 16240 -128
464 16304 -224
448 16304 -64
320 16272 -64
320 16240 304
464 16240 160
512 16240 224
512 16224 48
512 16224 32
416 16288 32
416 16320 16
464 16288 32
496 16240 0
432 16256 -48
432 16272 192
464 16272 272
496 16192 272
544 16208 32
448 16144 160
432 16176 192
352 16176 240
352 16176 144
448 16224 144
416 16128 144
432 16128 80
432 16208 112
464 16160 -176
464 16192 -64
432 16192 -16
464 16272 32
400 16320 -160
464 16304 64
464 16336 -112
464 16336 -112
592 16304 -144
448 16320 -112
432 16272 -16
320 16208 64
400 16176 160
400 16240 144
432 16240 144
416 16256 80
304 16256 -16
368 16192 -64
240 16096 160
240 16176 128
432 16128 -64
464 16160 16
416 16192 64
416 16240 -48
448 16240 -80
656 16224 -80
384 16272 32
464 16192 -48
480 16192 -80
336 16096 48
336 16160 32
272 16160 80
480 16176 80
384 16160 416
384 16256 192
560 16224 272
432 16208 96
464 16192 64
464 16128 144
352 16128 80
432 16144 80
416 16144 160
432 16112 144
464 16176 32
272 16176 0
272 16224 0
368 16304 -256
288 16304 -112
368 16288 -112
400 16272 128
400 16272 128
448 16352 -16
448 16256 208
416 16256 160
416 16224 160
448 16224 176
304 16176 224
480 16160 208
448 16208 112
592 16208 16
464 16192 208
464 16176 224
448 16176 384
512 16240 384
368 16208 480
240 16160 400
400 16176 112
400 16112 256
464 16160 432
304 16224 272
448 16128 400
384 16256 352
384 16160 144
480 16160 48
480 16176 48
480 16208 176
464 16224 176
544 16224 192
480 16304 80
592 16240 64
672 16240 -176
512 16256 -144
352 16208 -320
352 16240 -64
352 16208 80
352 16208 80
400 16224 48
368 16192 160
432 16208 176
432 16240 32
480 16272 32
560 16272 176
560 16144 176
480 16176 288
512 16160 128
512 16096 96
608 16096 96
608 16192 -48
640 16160 -48
640 16144 -176
416 16208 48
464 16336 -48
496 16384 128
496 16384 416
624 16272 464
624 16272 144
592 16208 144
432 16304 80
464 16336 -96
560 16240 -96
752 16240 -128
752 16240 -64
480 16240 -176
352 16176 -64
368 16176 32
480 16160 32
544 16208 144
688 16128 -96
672 16112 64
608 16176 0
432 16240 16
384 16288 -96
304 16240 224
256 16272 240
368 16272 144
368 16224 32
368 16288 48
272 16288 128
512 16288 128
384 16240 176
432 16256 64
384 16272 304
288 16240 272
256 16208 304
432 16416 304
432 16272 192
176 16272 496
480 16048 496
384 16224 224
832 16304 128
448 16336 400
320 16240 320
320 16432 112
416 16288 112
384 16096 -48
256 16096 -448
160 16032 -976
1008 16352 -1664
1632 16336 -1664
1184 16288 -848
-16 16352 448
32 16176 816
496 16192 416
496 16192 608
640 16144 688
336 16208 640
384 16384 496
544 16384 256
672 16224 256
640 16176 32
416 16224 272
304 16288 656
288 16208 352
288 16208 64
160 16272 -256
112 16320 -256
352 16304 -816
432 16240 -928
400 16256 -736
512 16176 -464
416 16208 -160
400 16176 160
432 16224 304
464 16208 432
608 16288 208
608 16224 640
608 16208 688
608 16272 752
368 16272 752
160 16240 640
304 16256 528
368 16192 256
320 16176 304
368 16192 144
368 16160 176
432 16160 32
288 16224 32
