startup(x,y,z):(160,16224,128)
160 16160 1120
496 16336 1616
976 17328 3376
752 17120 3168
256 16912 2880
-224 16992 3088
32 17152 2560
144 18240 2784
144 18240 3872
272 20848 384
-1888 29328 -1376
-1952 27584 1424
6608 -3248 -400
6592 9984 -7168
-5728 10544 -7680
-5840 12704 -4704
-5840 12704 -1360
-2080 15312 -1360
368 16544 1328
928 16496 2176
448 15888 736
448 15392 -400
592 15392 -400
1072 15328 -464
1584 15200 -160
1264 15312 48
896 15360 80
848 15424 112
688 15456 144
784 15488 512
784 15536 688
624 15536 688
352 15472 1408
96 15424 2416
-64 15600 3008
128 15840 2496
128 15888 3184
352 15888 2672
160 16272 2704
-32 16272 3424
-272 16400 3424
-752 16288 4320
-1376 17696 4928
-2992 25168 2960
-3872 28544 -288
-3616 28576 16
-3616 28096 3152
-480 25968 4784
16 23280 4880
-224 21264 3904
-464 19408 2704
-592 18336 1472
-1360 18032 656
-1824 17552 -624
-1824 17216 -1312
-1984 17216 -2928
-848 15328 -2928
688 14144 -2992
1456 13136 -2080
1888 11776 -1424
2080 10928 -1584
2112 10720 -1680
2176 10800 -1536
1920 11584 -1312
1920 11584 -1280
1680 12224 -1280
1792 12752 -1456
1872 13248 -1296
2160 13520 -1072
2176 13696 -1104
2176 13696 -672
1728 13440 -688
1536 13072 -720
1296 13072 -720
1184 12688 -320
992 12480 -160
672 12352 -192
160 12240 80
160 12240 160
-352 12144 608
-688 12208 608
-864 12352 928
-1024 12512 1072
-1024 12880 1056
-800 13344 960
-752 13856 1104
-624 14320 976
-624 14736 832
-496 14736 560
-368 15232 560
-352 15696 416
-304 16160 192
-256 16480 32
-240 16672 -384
-256 16672 -224
-368 16688 -80
-368 16624 -144
-400 16624 112
-496 16656 112
-448 16672 16
-544 16576 -176
-448 16352 -272
-272 16400 -256
-272 16400 -448
-48 16352 -448
-64 16400 -416
80 16528 -512
0 16720 -496
144 16896 -544
176 17008 -816
176 17136 -736
192 17136 -560
160 17152 -560
272 17072 -432
336 17072 -368
304 17088 -464
160 16992 -432
160 17008 -752
160 16912 -816
160 16768 -512
128 16768 -512
320 16576 -528
240 16480 -752
224 16304 -704
224 16144 -752
224 15952 -624
64 15792 -368
-208 15792 -368
-336 15776 -336
-352 15808 -368
-368 15952 -320
-368 16144 -480
-576 16144 -480
-304 16272 -400
-80 16320 -512
-288 16368 -416
-320 16320 -560
-320 16160 -384
-432 16160 -384
-512 16048 -32
-560 15968 16
-608 15904 192
-752 15904 448
-688 15904 560
-768 15920 416
-800 15920 512
-800 15696 432
-672 15696 432
-512 15600 176
-400 15712 304
-304 15776 80
-272 15840 0
-256 15952 144
-96 16064 0
-96 16080 16
-112 16080 16
48 16112 -96
128 16144 96
112 16080 192
-32 16128 176
-32 16240 64
-128 16240 304
-272 16496 192
-224 16560 -32
-96 16544 -80
-176 16592 -272
-32 16528 -368
-32 16560 -416
-80 16560 -688
0 16560 -688
48 16528 -704
48 16400 -768
96 16160 -528
-160 16032 -304
-16 16032 -48
-176 16048 -96
-320 16048 -48
-528 16032 -48
-752 16096 -96
-688 16064 96
-656 16160 -368
-656 16288 -192
-640 16400 -688
-512 16400 -688
-448 16512 -688
-224 16512 -976
-208 16480 -912
-32 16448 -720
16 16304 -688
32 16112 -656
-48 15952 -528
-48 15952 -320
-192 15840 -320
-352 15808 -288
-608 15952 -224
-800 16016 -128
-688 16112 -272
-688 16112 0
-848 16160 -240
-704 16160 -608
-480 16272 -608
-256 16224 -512
-224 16240 -448
-256 16304 -736
-256 16288 -640
-112 16288 -720
112 16336 -720
16 16208 -560
-160 16128 -704
-176 15968 -576
-400 15888 -368
-544 15808 -432
-544 15728 -128
-624 15728 112
-608 15728 112
-416 15856 -384
-448 16032 -240
-336 16096 -448
-336 16064 -544
-272 16064 -544
-96 16128 -944
-32 16048 -864
48 16064 -992
64 16032 -1056
-80 16048 -1040
-176 16160 -928
-176 16192 -800
-240 16192 -720
-384 16352 -720
-336 16416 -1104
-176 16464 -896
0 16512 -928
0 16576 -944
32 16448 -944
224 16352 -864
224 16352 -944
144 16256 -944
272 16144 -1040
192 16128 -896
48 16080 -800
-16 16144 -912
-16 16128 -768
-256 16128 -608
-272 16224 -608
-192 16240 -880
-288 16288 -992
-208 16240 -928
-32 16224 -896
-32 16192 -1072
208 16208 -1008
448 16144 -880
448 16096 -944
448 16096 -656
320 16096 -656
224 16144 -1104
160 16160 -1072
32 16272 -1152
-64 16368 -976
-208 16256 -992
-208 16160 -1008
-320 16160 -1008
-512 15952 -1040
-352 15600 -1040
-352 15520 -656
-48 15552 -640
-32 15600 -720
-32 15600 -1008
16 15792 -1232
-192 15792 -1664
-512 15952 -1664
-656 16048 -1648
-864 16208 -2064
-864 16208 -2336
-864 16272 -2272
-976 16352 -2176
-864 16352 -2288
-752 16416 -2288
-560 16192 -2352
-304 15808 -2448
80 15440 -2320
240 15200 -1952
336 15120 -1968
192 15120 -2288
192 15120 -2544
0 15488 -2544
-160 15936 -2752
-256 16320 -2576
128 16752 -2640
368 16992 -2416
512 17200 -2768
512 17296 -3520
448 17232 -3888
448 17168 -3808
640 17168 -3808
896 17008 -3904
1168 16816 -3392
1328 16640 -2960
1328 16544 -2864
1440 16544 -3280
1360 16608 -3280
1248 16736 -3360
992 16848 -3680
864 16784 -3920
720 16576 -3648
672 16240 -3232
672 15888 -2704
688 15888 -2704
720 15920 -3072
624 16112 -3344
640 16192 -3392
544 16224 -3344
544 16256 -3040
272 16256 -2736
160 15920 -2528
240 15920 -2192
288 15536 -2192
384 15424 -2224
496 15520 -2192
400 15824 -2304
400 15824 -2480
208 15888 -2352
-16 15760 -2352
-192 15808 -2064
-208 15680 -2128
-448 15632 -1936
-720 15584 -1776
-800 15568 -1664
-800 15600 -1984
-896 15856 -1856
-896 15856 -1968
-992 15904 -1968
-1072 15824 -2080
-1088 15856 -2368
-784 15728 -2560
-784 15712 -2672
-784 15504 -1888
-944 15312 -1920
-944 15312 -1968
-1296 15312 -1936
-1408 15216 -1936
-1328 15184 -2000
-1312 15456 -1616
-1376 15728 -1632
-1280 16064 -1824
-1280 16064 -2304
-1120 16176 -2304
-928 16432 -2288
-752 16528 -2624
-608 16368 -2576
-512 16256 -2288
-528 16288 -2256
-528 16208 -2480
-640 16208 -2496
-832 16016 -2496
-1136 15856 -2528
-1200 15840 -2016
-1424 15616 -2016
-1264 15536 -1760
-1312 15328 -1856
-1248 15008 -2224
-1056 14960 -2416
-848 15152 -2384
-672 15152 -2272
-672 15328 -2416
-512 15328 -2416
-560 15360 -2608
-624 15520 -2448
-496 15456 -2496
-512 15312 -2416
-512 15104 -2528
-464 15104 -2288
-512 15088 -2288
-480 15088 -2288
-640 14912 -2560
-592 14928 -2816
-560 15104 -2688
-352 15104 -2944
-352 15088 -2704
-208 14976 -2752
-224 14976 -2752
-112 14896 -3216
208 14928 -3088
0 15040 -3024
-48 15072 -3280
-176 15040 -3232
-176 15136 -3424
-112 15136 -3232
-128 15280 -3232
-352 15328 -3168
-432 15360 -3152
-336 15424 -2944
-336 15632 -3104
-384 15632 -3248
-144 15616 -3568
-96 15808 -3568
320 16016 -3424
496 16272 -3200
512 16256 -3216
512 16336 -3360
496 16336 -3296
496 16448 -3296
304 16448 -3040
224 16352 -3104
112 16240 -3312
192 16320 -3104
224 16384 -3056
192 16496 -3216
192 16480 -3264
128 16480 -3264
64 16480 -3520
160 16336 -3600
352 16192 -3680
336 16064 -3872
336 16112 -3552
176 16112 -3552
128 15968 -3824
-96 15840 -3680
-256 15744 -3344
-256 15568 -3360
-320 15296 -3248
-512 15104 -3152
-512 14992 -2896
-688 14992 -2896
-832 14944 -2688
-736 14896 -3008
-704 14976 -2752
-624 15056 -2912
-624 15040 -2752
-496 15056 -3072
-496 15216 -3504
-384 15216 -3536
-240 15232 -3536
-272 15120 -3872
-288 15232 -4032
-112 15344 -4288
-112 15344 -4368
48 15520 -4640
96 15728 -4640
192 15856 -4576
432 15824 -4608
320 15904 -4816
256 15968 -4912
-96 16096 -4656
-96 16160 -4768
-112 16160 -4768
-416 16192 -4576
-640 16144 -4464
-800 16240 -4304
-576 16288 -4096
-576 16336 -4064
-864 16336 -4064
-800 16368 -4560
-816 16336 -4800
-656 16432 -4800
-352 16448 -4752
-416 16336 -4832
-128 16272 -4896
-128 16288 -5184
-160 16288 -5184
-144 16192 -4768
-272 16000 -4432
-576 16000 -4256
-704 16064 -4368
-704 16160 -4464
-880 16240 -4448
-880 16240 -4064
-688 16320 -4064
-624 16448 -4256
-288 16512 -4448
-96 16640 -4672
-128 16640 -4368
-48 16576 -4368
-48 16576 -4080
-272 16576 -4080
-400 16512 -3904
-528 16464 -4032
-752 16480 -3792
-720 16480 -3904
-720 16400 -3392
-720 16528 -3728
-640 16528 -3632
-656 16560 -3632
-592 16528 -3312
-384 16544 -3360
-272 16544 -3408
-272 16608 -3360
-432 16608 -3344
-448 16352 -3024
-528 16352 -2752
-672 16256 -2752
-544 16224 -3088
-592 16144 -2544
-320 16032 -2640
-320 15728 -2800
-176 15728 -2960
-32 15632 -2960
0 15584 -3104
48 15504 -3104
80 15424 -3216
-48 15328 -3216
-160 15280 -3152
-368 15264 -3040
-480 15168 -2832
-448 15104 -2896
-448 15104 -2784
-528 14976 -2784
-528 14928 -2896
-304 14992 -2832
-240 15056 -2704
-208 15168 -2416
16 15184 -2560
16 15136 -2672
