startup(x,y,z):(496,16224,192)
-80 16240 1536
-320 16320 2368
-1408 16384 3600
-1808 16448 4144
-1840 16176 3328
-640 16128 3248
-656 16464 3344
-656 16272 3632
-480 16288 2944
1136 16336 688
1136 16336 -432
2480 16064 -1680
3936 15920 -3040
4320 16016 -4544
4320 16016 -5456
3712 16000 -5456
2832 15888 -5952
1600 16016 -6368
1200 16176 -6256
464 16224 -6032
-224 16208 -4944
-1712 16272 -4080
-1792 16224 -2256
-208 16288 -2096
-256 16368 -544
608 16368 224
672 16160 1536
208 16240 2336
976 16208 3184
1088 16224 2912
1136 16080 3792
128 16192 4368
128 16176 4320
-368 16176 3680
-544 16208 3808
-432 16176 2992
-64 16208 2560
32 16272 1488
304 16320 656
304 16208 144
384 16240 -640
576 16176 -992
576 16064 -1088
768 16176 -1232
640 16160 -1392
384 16272 -1296
256 16288 -960
272 16320 -928
464 16224 -448
416 16256 -416
304 16240 -80
336 16256 256
432 16208 608
512 16160 752
496 16144 960
320 16176 1024
320 16176 1088
464 16192 1120
464 16256 944
544 16288 416
288 16240 128
464 16256 -16
496 16240 -208
512 16208 -320
432 16176 -736
304 16208 -704
320 16240 -688
176 16192 -160
432 16208 -80
496 16304 16
496 16304 240
560 16224 240
528 16208 624
544 16224 624
496 16208 608
448 16192 480
368 16064 272
432 16144 -64
464 16176 -288
384 16224 -352
304 16224 -560
448 16192 -656
336 16208 -512
272 16240 -272
352 16192 -48
416 16240 80
432 16176 256
528 16208 208
528 16192 352
480 16192 432
560 16128 432
544 16176 672
320 16144 608
432 16128 592
400 16160 624
352 16176 512
448 16192 288
464 16160 144
464 16160 -416
464 16160 -512
528 16176 -512
448 16208 -544
544 16160 -368
576 16192 -352
464 16176 -48
464 16192 -16
320 16208 32
352 16240 208
256 16192 256
320 16208 464
256 16256 656
352 16208 576
288 16224 512
400 16224 480
464 16288 496
464 16240 304
576 16240 256
560 16240 48
432 16288 -112
416 16224 -336
416 16272 -128
480 16224 -256
640 16224 -192
400 16224 -192
512 16224 -224
528 16208 192
496 16224 -16
464 16208 -144
448 16176 32
464 16224 304
384 16240 464
384 16208 464
384 16208 560
352 16224 560
432 16176 576
384 16176 592
368 16160 496
320 16192 208
320 16208 128
384 16208 128
448 16224 -160
400 16224 -160
560 16272 -176
576 16320 -176
560 16272 -208
480 16128 -112
352 16112 16
352 16128 -48
416 16224 48
432 16224 -16
464 16224 -64
352 16160 16
464 16160 112
480 16128 112
448 16144 256
464 16240 432
416 16288 496
448 16304 144
432 16224 224
272 16144 32
304 16144 -112
368 16160 -64
512 16256 -32
304 16208 -16
352 16256 16
352 16256 -224
624 16256 -224
640 16224 -48
576 16176 64
400 16192 64
368 16176 288
400 16224 256
432 16208 128
496 16192 224
400 16288 336
464 16240 384
464 16256 240
464 16256 240
464 16256 144
448 16224 144
528 16192 320
432 16240 352
496 16192 -64
496 16144 176
480 16160 64
480 16192 -144
688 16112 -64
560 16112 32
560 16080 32
496 16128 -80
640 16128 -176
560 16160 -64
528 16128 64
624 16176 144
512 16176 16
432 16208 48
416 16272 224
304 16256 144
304 16256 240
464 16256 272
496 16256 272
624 16256 96
736 16272 80
688 16256 288
608 16176 240
560 16176 288
464 16208 272
496 16224 160
480 16192 176
560 16128 160
560 16192 160
400 16192 160
448 16160 304
432 16256 336
368 16288 336
480 16224 384
400 16208 208
416 16256 144
160 16224 304
304 16192 320
304 16224 16
416 16224 16
304 16208 -112
528 16272 -48
560 16256 16
464 16256 -80
416 16256 -320
416 16224 -336
432 16224 -256
512 16192 -80
432 16192 64
464 16176 64
496 16192 304
432 16208 112
352 16320 256
464 16208 128
464 16224 160
464 16224 160
352 16224 144
528 16208 224
592 16272 192
704 16240 288
720 16176 288
448 16240 176
560 16240 96
512 16224 16
512 16192 0
448 16096 176
256 16096 480
272 16112 480
464 16192 416
400 16176 240
320 16192 16
320 16288 96
384 16224 240
368 16192 496
352 16208 0
352 16208 288
384 16208 224
272 16176 224
384 16224 208
400 16224 112
352 16192 -96
368 16240 32
368 16208 112
368 16224 160
368 16288 176
384 16288 16
400 16288 16
304 16240 48
480 16256 -48
464 16224 400
416 16208 400
384 16304 288
368 16304 192
368 16256 112
496 16256 80
512 16240 80
368 16128 -96
368 16192 112
352 16144 48
240 16176 80
448 16240 96
448 16240 176
448 16272 224
416 16240 144
432 16240 -32
480 16272 -32
608 16288 16
400 16208 160
400 16240 -16
400 16272 80
448 16272 288
416 16224 288
416 16304 176
464 16208 336
448 16208 144
496 16144 0
464 16176 -112
480 16224 144
448 16240 240
448 16224 496
400 16224 496
512 16240 0
480 16304 64
496 16256 96
448 16208 128
480 16128 0
464 16112 144
496 16192 288
496 16208 128
432 16208 -64
544 16256 -64
528 16272 -80
480 16240 -128
464 16224 -112
400 16192 176
336 16208 96
336 16160 176
336 16208 128
384 16176 80
384 16240 -16
432 16240 208
528 16192 208
384 16112 160
352 16176 496
432 16176 320
480 16256 256
480 16256 144
464 16240 144
704 16288 128
576 16336 32
496 16224 176
480 16208 336
480 16176 192
432 16192 176
432 16160 48
384 16160 144
400 16160 144
528 16240 -32
496 16224 -96
496 16256 144
448 16288 256
416 16256 192
448 16176 16
496 16208 -16
448 16208 -16
448 16208 96
384 16208 96
336 16256 112
352 16240 112
448 16240 112
480 16240 0
320 16288 -160
416 16288 -48
608 16240 -16
608 16208 -32
512 16208 -48
368 16208 -48
496 16160 -192
576 16192 -272
528 16192 112
496 16208 16
496 16288 128
496 16288 80
416 16256 -64
528 16288 -160
448 16144 96
464 16208 -144
416 16224 -32
416 16256 64
384 16304 32
368 16304 176
384 16192 176
384 16192 352
480 16144 208
480 16224 80
416 16144 208
304 16192 208
336 16208 96
336 16208 0
448 16208 0
464 16128 48
384 16224 16
384 16224 -192
512 16192 -112
416 16240 48
400 16288 48
320 16256 128
320 16160 128
480 16224 224
352 16224 -48
432 16256 -48
528 16224 64
384 16240 192
240 16192 320
400 16128 176
400 16240 16
352 16256 -16
400 16256 16
464 16256 240
304 16224 240
384 16208 256
416 16272 256
480 16320 112
480 16208 432
432 16272 176
400 16192 144
496 16208 224
544 16208 48
400 16192 -32
384 16192 -32
336 16288 0
320 16304 96
464 16320 224
464 16288 192
400 16288 48
480 16192 208
496 16192 208
400 16192 208
432 16224 -48
384 16192 32
432 16176 -112
384 16128 -64
400 16080 16
400 16080 -48
528 16224 -48
448 16256 -176
416 16256 80
464 16192 64
480 16208 112
448 16240 -192
400 16208 0
464 16224 96
528 16176 288
512 16272 384
464 16256 -80
464 16256 48
272 16256 176
352 16144 176
288 16176 112
400 16160 64
352 16144 0
304 16208 64
320 16192 224
448 16224 48
416 16208 -176
320 16224 -32
320 16224 -144
176 16304 -144
400 16256 -112
480 16240 64
400 16208 -32
496 16144 -144
624 16112 -64
448 16160 -32
384 16224 -16
384 16224 -96
480 16208 -64
352 16224 -64
416 16208 -80
384 16288 48
224 16256 208
368 16144 160
368 16240 272
480 16240 112
544 16256 96
352 16224 96
352 16208 0
448 16240 -48
464 16240 240
400 16208 336
384 16192 368
384 16240 224
464 16240 272
512 16144 272
288 16224 192
400 16224 272
480 16192 112
432 16240 -144
448 16240 16
336 16224 -16
256 16240 -80
192 16288 -16
320 16304 96
320 16224 16
448 16224 -80
544 16160 16
416 16208 96
384 16128 96
448 16176 64
384 16176 32
544 16192 -80
496 16112 48
496 16192 240
608 16208 -32
400 16224 -32
560 16224 0
336 16176 -208
448 16224 -160
416 16224 -160
464 16208 -64
544 16272 -80
464 16192 0
416 16240 -144
416 16224 -80
432 16224 112
512 16224 128
416 16224 128
528 16208 208
528 16176 144
432 16160 256
