startup(x,y,z):(496,16224,192)
2048 18784 720
-1184 18000 848
-352 17248 1872
-832 15824 528
1728 15200 2512
-528 16240 -1200
480 16128 -1200
304 15616 -1632
1104 16256 -224
2032 17040 -1440
4752 16384 -6864
1792 16384 -3216
1792 16336 2896
-2224 16336 4144
-5232 16352 4144
-944 16256 2176
352 16000 2528
-1664 15936 3216
-784 16064 2496
1376 15584 2256
720 16528 176
720 16320 2784
-1264 16320 2784
-1008 14768 4416
2384 15888 1968
3440 16672 -64
1072 16592 -480
1440 15856 -960
2384 16288 -2864
1520 16192 -3776
336 16288 -3536
-1632 16064 -2384
-1632 16352 -1808
-800 16384 -1712
-480 16384 -1712
-448 16208 -384
-224 16464 -1808
224 16336 -1008
64 16336 -800
512 16352 -496
1136 16416 432
704 16192 640
704 16176 1424
1344 16176 2288
1136 16192 2288
560 16288 2464
-80 16192 2464
-224 16192 1952
-16 16224 1328
256 16144 752
256 16240 -64
144 16240 -128
320 16272 -496
624 16272 -816
432 16320 -816
352 16240 -1088
416 16192 -1616
384 16176 -1520
352 16224 -1088
352 16224 -752
432 16192 -240
384 16160 -240
416 16240 -128
480 16304 416
512 16320 480
416 16304 704
416 16288 768
304 16288 816
528 16272 816
288 16208 896
352 16224 1136
384 16320 736
384 16192 624
384 16208 352
384 16272 -16
448 16240 -192
448 16240 -192
496 16208 -224
400 16256 -224
528 16272 -752
512 16256 -736
448 16176 -544
528 16256 -400
512 16144 -192
528 16160 112
528 16160 416
480 16192 720
304 16240 672
608 16240 672
720 16176 672
576 16192 656
672 16256 640
624 16208 688
512 16192 624
512 16176 496
480 16176 160
288 16288 160
288 16320 -96
384 16240 -304
304 16304 -288
320 16224 -160
304 16128 -304
432 16160 -512
528 16144 -336
672 16128 -272
672 16176 -256
704 16176 112
464 16208 320
464 16192 320
352 16192 544
400 16176 544
448 16240 752
480 16224 848
528 16256 720
576 16224 512
528 16224 288
528 16176 320
480 16176 -512
512 16240 -272
448 16208 48
512 16176 -208
464 16272 -544
384 16240 -496
448 16208 -336
496 16208 -176
496 16224 -224
544 16224 -400
544 16192 0
480 16240 0
448 16256 240
432 16272 352
464 16272 352
304 16240 464
464 16176 576
528 16272 576
496 16352 496
416 16256 320
512 16192 304
416 16192 128
416 16224 0
480 16240 -224
480 16240 -240
448 16224 -96
400 16160 -112
464 16144 -112
432 16176 -48
416 16176 -48
432 16192 -128
272 16208 -64
256 16288 -64
416 16272 160
656 16224 160
576 16144 480
608 16144 496
448 16176 480
384 16256 640
464 16208 192
416 16160 160
416 16128 224
432 16128 256
384 16208 112
512 16208 112
496 16224 112
528 16224 16
416 16176 64
368 16144 -176
496 16144 80
736 16192 -224
528 16192 -208
528 16160 224
496 16160 400
368 16176 304
384 16320 208
304 16320 400
288 16320 400
368 16240 160
320 16240 144
288 16272 -16
304 16272 240
320 16176 176
320 16176 128
368 16112 128
352 16176 -112
480 16240 -112
416 16240 -208
272 16192 -208
288 16192 -48
352 16208 240
416 16256 -160
320 16240 80
320 16224 208
368 16224 208
432 16144 576
528 16192 352
448 16240 336
448 16192 672
336 16128 464
352 16176 416
416 16080 240
304 16224 224
528 16224 240
528 16176 64
480 16176 64
416 16240 16
528 16240 64
464 16192 128
464 16256 -128
480 16208 -240
384 16288 144
384 16208 -80
560 16176 240
560 16224 32
560 16224 -48
672 16256 -48
544 16208 -96
432 16240 -32
512 16288 48
224 16256 128
304 16192 160
384 16176 272
384 16208 256
416 16208 112
416 16208 96
320 16240 96
352 16192 112
368 16144 128
416 16224 48
320 16272 -96
400 16304 112
400 16208 448
384 16144 176
464 16144 -16
448 16192 -16
416 16208 160
464 16320 160
384 16320 176
352 16240 288
336 16208 208
336 16208 80
560 16208 112
432 16240 112
336 16192 224
384 16288 96
368 16224 304
432 16224 224
528 16240 -144
368 16192 96
272 16224 112
480 16240 288
480 16272 112
416 16256 64
400 16208 16
496 16208 48
528 16224 16
432 16272 192
432 16208 128
480 16208 96
384 16176 96
464 16192 64
464 16208 272
416 16160 208
448 16192 -96
512 16160 -16
448 16224 32
448 16224 96
400 16288 96
336 16256 192
480 16192 48
400 16192 80
368 16128 80
448 16160 32
560 16144 -160
416 16304 -224
640 16272 -80
624 16160 128
624 16128 304
512 16128 368
496 16192 368
464 16224 496
352 16176 416
304 16144 256
336 16240 16
480 16224 176
480 16240 -176
416 16240 -48
528 16256 -16
512 16256 -16
624 16192 -176
512 16256 -80
416 16208 -144
272 16192 64
176 16224 0
176 16208 -48
304 16208 -48
384 16176 96
432 16224 128
400 16208 128
336 16256 224
480 16096 160
464 16176 -80
464 16144 -144
432 16160 -128
640 16160 -128
416 16224 160
464 16128 64
464 16208 0
384 16240 64
432 16192 64
400 16176 64
448 16128 16
448 16192 80
448 16192 112
288 16160 -48
384 16208 -48
384 16208 64
368 16240 128
544 16144 -64
464 16176 -64
480 16224 0
400 16240 80
368 16256 96
480 16208 144
368 16240 176
368 16240 80
496 16240 192
544 16224 144
560 16224 144
592 16208 -128
656 16256 -80
656 16240 -176
560 16304 -96
528 16304 -96
528 16240 -48
448 16240 32
400 16208 32
544 16160 -112
416 16128 112
512 16192 256
368 16240 128
400 16192 176
384 16192 0
512 16208 16
400 16208 -16
560 16272 48
592 16192 304
512 16160 304
496 16176 288
480 16176 48
464 16096 -32
512 16096 -32
352 16112 320
464 16192 240
464 16192 128
336 16240 112
336 16272 240
384 16272 208
528 16256 208
432 16256 512
560 16256 240
608 16224 112
512 16240 -128
464 16240 -112
464 16288 224
496 16288 112
512 16208 112
560 16240 112
480 16224 240
496 16240 96
496 16336 64
528 16336 -96
480 16336 -304
224 16336 -304
352 16208 320
256 16160 320
448 16112 336
416 16400 -304
848 16304 -48
96 16240 256
96 16368 208
672 16400 -128
528 16400 112
480 16352 112
288 16368 176
208 16320 160
576 16288 96
352 16224 64
448 16032 -144
1216 15904 -1696
1152 15872 -1760
1264 16032 32
448 16032 736
-256 16112 736
0 15984 704
336 16144 528
192 16128 624
0 16160 816
192 16240 880
704 16192 208
640 16192 -480
1200 16144 -480
624 16240 -240
368 16288 48
272 16288 480
336 16224 464
336 16304 64
288 16304 64
400 16224 -672
576 16080 -672
544 16224 -576
624 16320 -496
864 16256 -352
640 16192 -48
640 16240 688
304 16240 832
64 16272 832
176 16256 992
288 16288 784
592 16160 576
672 16224 352
672 16224 64
512 16288 64
320 16240 48
368 16240 64
448 16256 -128
272 16240 64
304 16256 48
304 16240 32
272 16240 32
512 16144 -64
688 16240 -224
864 16176 -496
432 16176 -208
336 16192 -32
368 16096 480
368 16080 640
448 16080 912
496 16144 912
640 16176 592
368 16192 416
352 16256 96
464 16304 -96
464 16304 -224
512 16320 -224
368 16240 -16
400 16144 96
272 16192 256
400 16256 -144
256 16224 -256
256 16272 -464
384 16288 -576
480 16288 -464
368 16336 -464
528 16288 -144
432 16272 192
544 16240 304
432 16224 512
432 16240 208
352 16240 208
416 16288 -32
400 16240 160
400 16256 48
336 16224 64
336 16224 0
464 16176 0
464 16160 -32
432 16160 -96
352 16240 -64
352 16288 -48
352 16144 208
304 16160 240
448 16160 208
272 16144 208
272 16224 304
320 16160 336
432 16176 128
512 16096 320
512 16128 400
560 16192 304
448 16144 224
528 16160 352
416 16224 80
416 16160 -32
384 16128 -160
512 16128 -160
432 16160 -16
320 16128 -48
320 16080 -96
304 16208 16
304 16208 32
400 16272 80
416 16272 48
480 16240 48
592 16224 208
512 16240 224
464 16224 288
480 16224 224
480 16224 448
464 16240 448
416 16288 96
432 16256 -240
480 16192 -112
544 16240 112
528 16208 48
512 16208 -96
512 16160 96
560 16160 -16
432 16192 -16
464 16192 -288
448 16144 -208
576 16224 -192
544 16192 16
544 16128 240
