startup(x,y,z):(496,16224,192)
-1200 16080 -1808
16 15824 -1712
2720 15920 -1920
592 15920 -384
-784 16160 -384
-1024 16336 -1648
-32 16160 -1888
-128 16192 -720
-1408 15952 -224
-1376 15952 -16
-176 16320 -16
1136 16112 1088
1008 16272 1856
512 16208 2032
144 16016 1552
400 15968 1888
896 16112 1584
1600 16240 752
864 16240 400
1248 16240 320
688 16240 -176
688 16192 80
128 16240 -400
-352 16240 -736
-224 16160 -736
-80 16176 -992
0 16256 -1344
416 16320 -1328
1008 16192 -1280
1008 16080 -640
736 16080 -176
496 16320 -176
624 16288 432
608 16176 672
384 16176 816
384 16208 1072
352 16176 976
304 16208 1168
160 16208 1216
192 16224 896
224 16288 448
224 16272 144
752 16272 -192
944 16176 -176
672 16160 -464
576 16192 -480
480 16112 -416
336 16128 -416
256 16160 -320
432 16160 -336
448 16160 -224
416 16192 -208
416 16192 64
464 16160 64
336 16144 64
304 16176 -96
416 16192 256
496 16256 592
464 16256 736
720 16272 800
528 16240 896
448 16224 800
352 16224 656
288 16256 656
352 16272 512
416 16288 336
448 16224 112
224 16176 -48
448 16192 -464
336 16192 -496
448 16272 -608
448 16288 -704
592 16240 -352
528 16240 -352
512 16272 48
448 16160 48
544 16208 208
544 16240 352
432 16240 400
576 16224 400
512 16176 608
448 16320 624
576 16336 672
592 16240 416
544 16240 464
288 16272 272
480 16272 336
352 16224 336
416 16288 -80
480 16256 -528
608 16208 -352
528 16224 -496
528 16272 -544
528 16240 -720
464 16240 -496
384 16272 -496
416 16160 -176
384 16176 -64
384 16240 80
400 16176 320
432 16128 256
480 16144 288
480 16160 416
432 16160 576
416 16112 576
544 16208 608
400 16208 704
416 16240 368
608 16192 208
560 16304 96
560 16240 -112
528 16240 -112
608 16160 -400
496 16224 -400
496 16208 -256
592 16256 -128
496 16256 -368
608 16256 -400
608 16192 -192
464 16192 -384
304 16192 128
272 16224 128
320 16192 96
416 16192 528
256 16240 384
352 16208 432
464 16192 288
464 16256 320
400 16160 288
384 16160 256
432 16240 256
416 16192 144
288 16160 240
288 16192 192
288 16160 -144
400 16160 -80
432 16160 -80
432 16224 -160
480 16256 -128
496 16224 128
560 16128 0
464 16208 -48
576 16208 -96
512 16176 256
512 16176 192
544 16208 192
432 16240 368
496 16192 336
432 16176 384
464 16144 368
432 16224 368
448 16240 320
496 16240 256
432 16192 288
432 16192 256
576 16224 256
432 16160 96
288 16112 208
368 16304 48
368 16256 -96
320 16256 -48
368 16192 -144
320 16288 -144
224 16288 96
208 16256 32
336 16208 224
448 16240 192
400 16208 416
432 16208 352
384 16256 48
384 16224 240
336 16256 496
384 16256 400
272 16256 400
288 16256 272
352 16288 64
400 16160 -80
400 16192 -240
400 16160 -128
416 16160 48
416 16192 144
400 16304 -112
400 16320 -160
336 16224 -48
432 16208 0
464 16192 80
416 16160 112
480 16160 304
480 16160 304
448 16224 304
416 16208 256
448 16288 16
464 16256 240
464 16256 64
576 16304 -48
544 16320 -48
448 16288 64
384 16208 64
512 16272 80
640 16208 -32
544 16320 16
544 16320 -304
528 16336 -240
432 16272 -64
560 16192 -64
480 16240 48
480 16304 -96
448 16224 80
448 16224 -96
384 16224 -16
560 16176 32
432 16176 32
400 16272 96
352 16256 256
576 16240 128
576 16240 272
544 16240 304
560 16192 304
448 16224 176
288 16224 336
272 16144 16
336 16208 -160
464 16208 -64
368 16256 96
368 16272 -160
368 16272 -128
368 16288 -128
336 16352 -192
512 16304 80
432 16256 64
416 16256 64
416 16160 208
336 16160 32
384 16240 32
384 16288 240
448 16224 160
400 16272 160
512 16256 144
512 16256 160
512 16272 160
528 16256 176
400 16256 128
464 16224 112
240 16176 256
320 16208 96
368 16272 160
368 16272 208
256 16208 208
208 16240 64
352 16160 144
464 16192 352
480 16160 272
288 16112 304
288 16112 528
256 16112 528
368 16192 304
528 16208 192
512 16144 0
496 16176 -32
496 16176 -80
448 16176 -224
448 16128 -224
384 16192 -64
352 16224 -176
480 16192 -144
480 16256 16
416 16240 -128
400 16272 32
400 16240 32
576 16240 32
512 16256 208
512 16192 96
608 16224 64
528 16224 16
384 16208 160
512 16224 144
432 16256 16
432 16176 48
464 16096 64
512 16112 240
544 16080 176
512 16096 272
512 16112 48
608 16112 48
592 16208 16
544 16240 0
416 16176 144
464 16160 -48
416 16160 -16
432 16160 32
352 16176 96
336 16128 32
320 16240 192
448 16304 80
432 16224 -32
432 16160 384
464 16144 416
416 16144 416
512 16160 96
416 16192 80
448 16208 128
384 16272 -144
400 16272 -288
368 16336 -16
624 16240 0
624 16208 -32
560 16256 -96
480 16208 192
480 16224 208
400 16208 336
384 16144 224
288 16160 208
368 16160 208
432 16208 176
400 16224 -80
384 16240 -144
368 16256 96
416 16208 128
320 16224 240
592 16208 48
592 16176 80
496 16224 -64
464 16224 320
496 16224 64
592 16224 144
624 16224 80
640 16160 256
608 16176 144
464 16208 272
480 16208 224
512 16272 112
432 16240 96
432 16256 352
352 16176 272
352 16176 16
480 16160 16
448 16176 -176
576 16240 -96
544 16256 -112
416 16256 -192
464 16192 -48
416 16256 48
432 16224 128
432 16176 80
544 16224 80
464 16224 80
432 16288 64
416 16240 80
400 16272 -80
352 16208 128
352 16176 0
496 16176 -256
464 16208 -128
432 16224 -16
416 16208 16
384 16192 192
336 16176 144
432 16224 -48
432 16224 96
512 16144 96
544 16128 480
432 16208 48
496 16144 240
464 16224 256
464 16160 -64
480 16160 -64
512 16112 176
528 16112 176
512 16144 256
448 16192 80
320 16160 32
320 16128 80
384 16128 208
400 16224 208
304 16256 64
320 16256 -32
400 16224 -272
464 16272 -432
464 16288 -336
480 16208 -128
480 16160 48
176 16160 144
272 16272 144
464 16128 64
464 16176 0
336 16208 128
336 16256 48
368 16256 -112
560 16288 -112
464 16304 32
480 16272 80
368 16224 352
288 16224 272
400 16224 144
320 16240 -16
272 16208 208
320 16272 320
320 16224 112
368 16256 48
432 16272 -176
480 16272 -208
464 16240 -208
400 16256 -48
688 16176 160
496 16208 64
656 16208 -16
656 16176 192
608 16176 288
480 16192 288
368 16192 224
384 16192 32
432 16240 -32
352 16256 64
608 16224 80
608 16208 -112
432 16208 192
480 16192 192
512 16224 -32
432 16208 160
432 16304 288
480 16304 224
576 16240 0
448 16352 208
448 16224 128
512 16224 128
480 16272 160
464 16272 -48
448 16256 -112
464 16240 0
480 16224 112
480 16240 -64
432 16240 64
432 16304 -192
528 16320 -64
448 16288 -64
432 16288 272
464 16272 224
432 16256 208
432 16224 0
560 16224 0
480 16272 0
480 16272 16
336 16224 80
400 16256 112
400 16224 224
448 16224 64
528 16240 64
320 16240 -32
352 16288 -272
448 16192 32
416 16224 192
416 16272 176
416 16272 176
480 16112 96
368 16144 96
528 16208 0
528 16160 112
496 16144 240
496 16144 144
544 16208 144
576 16112 -96
576 16176 -368
464 16208 -304
304 16256 -112
304 16288 -32
384 16288 -32
432 16320 96
592 16256 48
560 16272 -16
512 16240 144
416 16240 48
416 16256 224
512 16256 160
576 16192 160
528 16224 16
560 16256 -16
496 16240 432
368 16288 304
368 16288 352
336 16240 208
336 16272 0
512 16272 -144
336 16320 -144
288 16288 -48
416 16336 -112
464 16304 -528
416 16272 -288
416 16272 -528
384 16288 -528
336 16272 -48
304 16288 192
368 16288 -48
368 16256 -224
496 16192 -128
480 16192 -16
480 16192 -64
448 16208 32
448 16208 192
400 16224 192
496 16256 208
576 16224 192
608 16240 96
464 16288 -80
368 16208 128
368 16160 112
464 16240 -96
432 16240 -96
416 16272 -128
560 16272 -80
528 16288 0
512 16224 112
512 16208 64
