startup(x,y,z):(496,16224,192)
-320 14992 896
352 16576 2064
-160 16416 -2384
1008 16752 -1920
3536 14896 -3408
3600 16656 -6848
-3360 15568 1984
-6048 15968 3088
-1696 16032 4704
-720 16032 4448
-1200 16080 4448
-1216 16192 3232
-128 16848 368
3536 16368 464
464 16368 4176
16 16176 6832
3136 16128 864
4352 16288 -1808
1904 15984 -1040
1904 15840 -2720
1264 15840 -3808
1232 15776 -3808
880 15824 -4272
-560 16080 -4112
-2880 16384 -2128
-704 16416 -1120
-384 16416 -2384
-384 16160 -960
-448 16160 -1408
-496 16256 -176
80 16160 -176
640 16208 -544
1136 16240 -352
1328 16288 1040
1376 16240 816
1296 16320 1200
1296 16240 2912
1072 16240 2784
496 16064 2784
-128 16112 2368
-224 16096 2352
-368 16144 1504
224 16240 784
224 16368 128
480 16256 -48
848 16304 -768
848 16304 -1136
912 16304 -1392
512 16192 -1392
464 16160 -1536
384 16240 -1216
384 16208 -1104
160 16240 -496
112 16272 16
112 16304 240
400 16304 352
544 16256 560
368 16240 784
480 16240 576
480 16304 576
496 16256 384
480 16288 752
352 16240 880
416 16224 912
240 16240 368
160 16208 224
240 16224 -160
400 16176 -704
592 16224 -912
672 16256 -1008
672 16288 -800
512 16288 -800
368 16272 -752
272 16208 -576
240 16256 -80
320 16272 -160
288 16256 224
304 16192 704
416 16224 848
416 16240 880
496 16272 960
560 16272 960
512 16224 1152
400 16208 992
384 16240 816
400 16208 496
384 16224 0
384 16224 -96
208 16224 -240
208 16240 -240
272 16224 -576
368 16160 -720
576 16144 -1056
576 16112 -992
576 16112 -736
560 16144 -432
464 16144 48
464 16144 48
320 16224 416
384 16256 592
448 16240 464
432 16192 864
432 16160 784
512 16208 800
512 16208 672
624 16192 672
640 16128 656
624 16160 464
512 16192 208
464 16192 80
448 16208 80
432 16192 0
448 16096 96
464 16208 -176
448 16256 -352
448 16240 -400
480 16240 -272
496 16256 -160
384 16224 -160
432 16304 -192
336 16288 -192
400 16192 80
432 16160 368
512 16272 512
352 16208 624
368 16208 560
368 16288 448
560 16288 192
656 16240 192
608 16192 240
608 16192 192
512 16128 48
496 16192 -192
528 16192 -64
352 16240 -96
352 16240 -96
176 16288 -96
416 16288 -272
416 16288 -192
320 16256 -144
352 16208 -32
368 16224 128
384 16240 176
368 16240 256
368 16192 160
400 16192 160
416 16224 352
464 16192 560
352 16160 560
432 16192 576
432 16176 432
464 16176 224
560 16080 256
544 16160 256
320 16192 128
352 16208 -96
192 16160 64
272 16240 -272
336 16160 -240
336 16160 -352
352 16112 -352
448 16160 -576
464 16288 -704
288 16256 -528
432 16240 -368
432 16224 -240
416 16256 64
432 16256 256
448 16224 256
432 16160 512
480 16176 608
384 16224 96
416 16176 128
416 16240 192
512 16240 32
528 16304 352
416 16272 352
480 16224 64
352 16192 144
256 16208 16
272 16192 -64
272 16192 -224
400 16240 -224
368 16176 -240
320 16208 -64
224 16256 16
368 16288 -48
416 16240 288
432 16176 176
432 16176 0
368 16192 0
320 16208 144
288 16224 240
464 16176 48
432 16208 112
432 16240 256
464 16240 256
208 16224 160
336 16224 176
400 16176 240
496 16240 288
416 16272 112
464 16224 192
368 16256 144
368 16256 128
288 16224 80
384 16224 -192
352 16240 -192
480 16192 -224
336 16128 -96
448 16208 160
336 16240 208
240 16224 192
400 16192 128
368 16224 176
368 16240 272
224 16240 272
224 16208 240
288 16256 -128
400 16272 -128
416 16288 -48
416 16272 32
592 16272 0
576 16256 0
480 16208 -64
528 16256 -96
400 16288 96
368 16320 -208
368 16256 64
288 16256 64
320 16304 128
368 16272 512
304 16272 352
352 16272 352
336 16240 432
400 16256 512
400 16304 432
352 16304 48
336 16288 48
416 16208 192
368 16208 272
384 16208 192
368 16224 96
368 16160 -160
384 16160 256
432 16176 256
368 16176 80
368 16256 144
416 16192 -48
240 16272 32
240 16176 400
352 16176 400
368 16192 560
384 16240 240
384 16320 32
400 16256 48
448 16240 48
448 16240 96
448 16224 96
448 16304 96
352 16272 -192
384 16256 -208
432 16256 112
432 16240 144
560 16240 144
656 16304 48
656 16176 112
560 16160 -32
384 16176 32
384 16240 -176
448 16240 -80
480 16240 -80
400 16256 0
496 16160 128
416 16256 160
416 16288 208
512 16288 224
432 16256 224
320 16288 208
336 16304 240
432 16240 176
272 16208 160
272 16208 256
432 16208 -48
544 16176 -48
656 16240 -224
576 16240 -144
528 16176 192
704 16192 80
704 16144 128
640 16144 32
560 16128 32
656 16112 128
608 16208 48
496 16128 240
384 16176 32
416 16176 -32
416 16176 112
352 16208 112
352 16160 256
384 16192 160
336 16192 96
496 16192 64
512 16176 288
448 16144 416
432 16128 352
432 16128 144
368 16208 64
464 16256 -144
480 16176 -160
352 16224 -160
352 16256 -256
432 16256 -256
432 16224 -256
560 16208 -256
512 16176 -64
384 16144 368
416 16192 64
336 16208 16
400 16224 144
432 16208 160
432 16208 144
432 16208 352
448 16288 240
496 16256 240
496 16272 160
624 16272 16
512 16288 16
400 16240 80
496 16256 16
528 16208 -128
448 16176 -16
448 16160 144
464 16160 144
320 16240 176
352 16240 0
304 16240 -64
368 16224 -64
448 16240 -32
432 16208 112
432 16256 128
432 16256 240
432 16256 240
448 16224 256
496 16240 416
592 16192 256
384 16256 128
512 16256 48
368 16272 240
352 16208 288
224 16224 96
352 16224 0
240 16224 80
256 16304 48
320 16272 128
304 16288 96
336 16224 80
352 16208 208
416 16208 176
352 16288 32
432 16176 80
416 16160 160
384 16208 -112
336 16176 -48
384 16272 -192
448 16272 32
352 16240 0
528 16224 -32
400 16208 80
416 16176 160
336 16192 16
448 16224 112
256 16208 160
416 16192 144
432 16256 16
464 16224 48
464 16224 368
480 16224 288
272 16192 144
304 16192 64
352 16240 -32
368 16176 16
288 16176 -16
304 16160 -16
320 16176 -176
464 16224 -64
304 16272 -112
304 16288 0
336 16192 48
624 16240 288
640 16208 128
608 16128 128
512 16160 -64
560 16080 -96
528 16224 -32
512 16160 -208
480 16176 80
416 16176 0
464 16208 0
464 16192 16
448 16176 -128
464 16224 80
496 16272 112
448 16256 112
448 16272 80
480 16272 64
384 16240 64
384 16176 16
384 16128 176
416 16128 320
416 16240 96
496 16128 128
480 16128 128
448 16112 240
640 16192 176
608 16272 16
624 16240 -48
464 16256 192
368 16240 256
528 16240 -64
464 16256 192
352 16208 176
352 16192 192
400 16192 64
496 16256 64
528 16176 64
624 16192 0
544 16240 -16
432 16272 -16
432 16224 -64
432 16272 16
496 16256 80
432 16240 112
304 16336 80
304 16336 176
352 16336 176
304 16288 64
256 16208 64
352 16272 -16
304 16304 112
400 16272 112
400 16224 160
384 16224 -144
464 16224 -144
416 16128 0
400 16144 64
448 16128 -80
384 16208 16
384 16224 80
352 16224 -32
560 16160 -32
448 16256 48
320 16272 128
288 16240 208
288 16192 176
224 16272 144
224 16304 48
288 16304 224
272 16224 224
256 16192 160
416 16160 128
432 16208 144
544 16224 -16
544 16176 144
528 16176 144
512 16112 48
512 16192 -48
464 16176 -144
528 16272 -112
496 16240 -176
496 16288 -416
400 16288 -144
352 16240 -144
336 16272 80
368 16272 224
384 16256 512
384 16288 432
384 16288 192
368 16336 192
416 16240 176
480 16272 96
464 16192 -16
624 16144 -16
624 16208 112
544 16208 208
480 16240 208
416 16208 384
336 16208 496
480 16176 272
544 16144 320
432 16224 400
432 16240 224
448 16240 -144
496 16176 -144
496 16240 96
608 16320 96
544 16272 352
576 16240 144
544 16176 32
480 16256 80
480 16208 -144
496 16192 -48
528 16208 208
448 16192 208
464 16176 128
448 16160 80
544 16208 80
544 16144 -32
688 16256 80
512 16208 128
512 16240 48
400 16256 224
