startup(x,y,z):(416,16240,176)
208 19968 12768
832 16064 6704
1440 16064 5760
-2464 15760 5760
-992 15248 912
2928 16416 368
9600 16192 0
8544 16496 848
3760 16080 -80
1856 16368 2864
-192 17760 5808
720 17184 5040
-128 16800 1216
-128 16800 160
-2320 16192 -2448
-2112 16096 -4704
304 15904 -4208
256 15904 -4640
1104 16208 -4640
976 16240 -4288
352 16400 -2848
192 16288 -1120
768 16256 -1328
768 16256 -1840
1040 16112 -1584
704 16336 656
432 16288 1424
496 16288 1952
704 16128 2064
288 16064 1632
368 16080 1472
432 16192 1088
592 16192 960
416 16240 576
432 16224 -32
272 16352 -496
336 16368 -608
288 16336 -672
176 16432 -544
-560 15920 928
-240 15744 720
-240 15936 -384
672 15936 -384
752 15952 -784
736 16128 -1072
816 16256 -1088
496 16288 -992
592 16272 -1248
352 16192 -400
112 16144 400
32 16176 640
80 16208 1040
80 16208 1040
400 16256 496
752 16256 224
880 16192 192
784 16192 960
368 16176 992
304 16144 1184
448 16112 1104
464 16176 1104
448 16288 560
352 16160 256
352 16192 -208
416 16192 -400
256 16192 -192
688 16240 -400
672 16240 -432
624 16224 -432
576 16208 -272
576 16272 -96
544 16304 -176
368 16320 192
352 16224 304
432 16208 224
544 16240 224
480 16208 416
464 16192 384
512 16128 736
512 16128 560
448 16176 560
288 16192 560
384 16208 384
512 16224 432
400 16304 160
432 16288 -144
432 16256 -304
400 16160 -400
192 16192 80
368 16144 -192
336 16256 -320
336 16256 -256
560 16256 -256
464 16240 16
384 16272 -128
416 16256 0
384 16224 144
432 16272 288
448 16224 304
384 16208 336
288 16240 272
240 16240 256
272 16144 320
224 16288 368
304 16256 208
304 16256 160
352 16272 160
384 16208 304
496 16304 176
496 16304 256
560 16320 256
464 16336 64
432 16224 -240
512 16192 -272
512 16128 -240
448 16192 -272
448 16176 -96
272 16256 0
272 16192 160
368 16192 96
608 16208 64
368 16176 48
368 16208 32
368 16224 208
352 16224 192
496 16128 -16
480 16160 -16
528 16224 -224
496 16272 -128
528 16352 -160
528 16304 -16
464 16304 -304
448 16224 -304
368 16288 -160
448 16272 -96
416 16272 240
432 16208 208
416 16224 160
416 16192 -64
496 16192 -32
608 16144 -48
480 16096 128
512 16144 160
608 16160 240
608 16160 160
480 16160 64
400 16208 80
512 16208 0
480 16272 0
368 16288 48
416 16224 -32
512 16256 -32
416 16208 208
352 16128 448
304 16288 368
512 16272 128
608 16256 48
448 16240 -176
496 16272 -176
464 16208 48
432 16272 32
432 16256 160
480 16192 0
368 16176 112
368 16192 80
368 16208 16
416 16176 0
432 16160 0
432 16160 16
528 16176 208
368 16224 64
368 16224 112
368 16224 -160
224 16240 -160
256 16320 112
240 16272 176
448 16224 192
384 16256 96
400 16224 96
272 16224 96
304 16224 96
544 16176 192
528 16240 224
368 16272 192
448 16256 208
448 16256 64
352 16272 -96
560 16288 -96
480 16208 96
480 16224 128
464 16208 -64
432 16288 -144
432 16336 -112
448 16304 32
448 16256 -16
400 16256 64
416 16240 80
448 16240 112
240 16128 16
304 16128 16
336 16064 -80
512 16112 208
512 16160 208
528 16176 48
544 16144 -16
464 16176 32
416 16176 -64
592 16208 -176
528 16288 48
352 16208 160
352 16224 112
320 16208 -16
448 16208 -16
336 16272 0
384 16272 0
368 16208 -160
352 16192 -224
528 16224 -96
528 16304 128
528 16272 160
464 16272 160
560 16224 352
496 16256 240
512 16224 128
400 16192 176
416 16240 160
480 16272 -176
480 16224 224
448 16224 0
368 16368 80
368 16192 96
304 16192 224
240 16192 -32
192 16240 -32
432 16272 0
528 16208 16
416 16272 64
400 16240 -80
400 16256 32
352 16256 32
288 16272 80
496 16240 -48
512 16240 -96
592 16240 48
560 16224 0
528 16208 64
576 16192 144
576 16160 16
416 16160 64
480 16160 112
432 16208 112
480 16240 48
368 16256 256
416 16256 256
400 16176 416
416 16208 128
416 16224 80
464 16224 80
544 16144 -144
464 16176 16
384 16240 144
496 16256 160
400 16304 144
400 16224 80
416 16224 80
384 16176 96
416 16192 256
288 16192 384
368 16240 -176
544 16224 -256
576 16256 -112
544 16288 -192
384 16240 0
384 16208 -96
496 16256 -160
496 16256 32
528 16224 32
560 16256 48
448 16176 64
448 16160 -32
336 16208 64
336 16224 160
352 16224 32
480 16224 32
464 16144 -80
464 16128 128
480 16256 96
464 16208 192
480 16240 64
416 16208 80
480 16240 96
480 16240 144
544 16240 144
400 16240 -128
416 16256 -64
336 16160 112
496 16160 80
496 16144 304
432 16144 320
416 16176 320
352 16112 176
272 16112 128
496 16272 -176
544 16288 -48
544 16160 160
512 16160 64
560 16128 64
448 16224 -144
384 16192 176
496 16240 -32
528 16240 128
496 16128 96
496 16224 0
416 16224 256
368 16256 256
400 16256 128
560 16160 80
544 16224 240
576 16208 112
576 16192 32
576 16192 -32
528 16240 -32
512 16224 16
432 16256 -64
496 16240 -224
384 16288 -160
384 16304 -272
672 16304 -208
624 16336 -208
560 16304 -272
560 16256 -32
576 16192 -32
432 16160 384
432 16160 352
384 16160 320
320 16192 96
368 16208 96
352 16176 96
320 16160 -48
480 16144 -176
368 16144 160
368 16192 160
544 16192 160
512 16160 160
480 16208 208
400 16224 16
400 16240 0
368 16240 256
368 16304 -48
528 16304 -48
448 16224 16
448 16160 16
464 16224 -48
432 16224 64
432 16288 240
400 16288 464
512 16208 464
560 16208 176
496 16208 208
672 16192 32
608 16192 16
464 16208 -16
464 16144 128
368 16144 128
336 16208 272
416 16272 224
448 16192 208
432 16208 192
432 16112 160
448 16112 112
336 16160 64
528 16160 64
496 16192 224
464 16256 192
368 16224 192
384 16208 128
384 16224 64
384 16224 192
448 16160 128
464 16288 128
400 16240 112
400 16256 -64
288 16176 -64
272 16208 160
432 16224 192
400 16176 64
384 16192 64
432 16176 272
480 16112 192
432 16080 128
432 16128 336
384 16224 336
400 16224 176
512 16256 224
480 16272 192
480 16272 192
512 16288 176
512 16256 176
512 16224 16
448 16224 160
336 16240 144
384 16112 -48
560 16176 192
576 16144 128
496 16192 -64
432 16192 96
432 16224 16
496 16224 0
544 16224 128
544 16224 240
496 16160 112
480 16160 224
432 16224 64
512 16192 -64
496 16208 16
512 16176 128
448 16208 112
208 16224 224
432 16192 160
528 16240 160
672 16208 160
576 16224 112
352 16272 96
384 16288 144
432 16240 -80
288 16256 -32
288 16240 112
288 16240 64
416 16224 -144
352 16272 176
400 16272 176
496 16192 -176
496 16224 0
448 16224 32
464 16256 -32
464 16256 32
416 16160 32
400 16208 224
432 16192 16
480 16176 32
496 16224 176
384 16208 192
496 16224 48
496 16208 64
496 16176 288
560 16176 288
512 16192 304
480 16240 304
528 16288 224
352 16288 176
432 16256 416
592 16224 416
560 16256 256
368 16240 208
496 16288 176
496 16240 96
432 16256 -192
416 16256 -16
416 16256 -112
304 16256 -112
400 16288 -416
368 16288 -48
496 16224 80
384 16272 96
496 16304 -96
576 16288 64
576 16208 32
576 16208 32
576 16240 32
320 16208 -128
224 16304 -32
240 16288 192
256 16208 144
304 16224 336
384 16256 240
416 16272 208
416 16224 176
464 16224 272
368 16224 272
432 16176 352
544 16192 320
576 16192 224
432 16240 -16
512 16256 192
512 16240 80
512 16240 176
560 16304 176
416 16272 -32
528 16224 -160
400 16224 -64
352 16288 -16
400 16272 -16
400 16240 304
416 16240 256
368 16144 256
416 16224 192
464 16224 128
528 16240 48
496 16304 160
432 16256 48
384 16240 96
480 16192 224
480 16192 16
464 16208 16
432 16256 64
224 16192 64
384 16192 -80
400 16208 -112
400 16288 -208
384 16272 -80
448 16208 -96
448 16240 160
