startup(x,y,z):(496,16224,192)
944 16240 2608
1232 16208 3376
1232 16144 3232
896 16160 2944
800 16160 2464
528 16176 2464
80 16240 2224
0 16224 1744
-304 16192 1216
-384 16112 208
-304 16256 -1200
-256 16352 -1952
-224 16304 -2592
112 16272 -3360
496 16288 -3872
608 16176 -4144
688 16128 -3984
928 16144 -3904
928 16192 -3792
736 16192 -3728
752 16304 -3280
720 16192 -3280
464 16176 -1504
336 16304 -1504
288 16336 -640
256 16320 -176
80 16256 -32
-32 16176 144
64 16240 384
400 16240 832
528 16304 1216
704 16112 1248
656 16160 1408
880 16192 1328
928 16176 1312
848 16176 1392
848 16240 1504
592 16240 1504
416 16192 1360
272 16144 1376
32 16208 1120
192 16240 960
448 16208 560
368 16240 368
352 16208 96
320 16304 160
400 16208 -32
400 16208 -240
464 16256 -240
496 16304 -80
624 16272 -64
544 16256 -128
496 16256 -176
416 16176 -16
224 16240 64
160 16240 64
240 16192 112
272 16224 -208
256 16288 176
336 16144 128
336 16224 16
464 16224 -16
672 16208 -16
496 16208 272
448 16224 112
368 16224 352
464 16224 208
464 16192 -160
480 16208 48
416 16208 272
448 16240 240
496 16224 256
368 16192 272
400 16160 144
400 16144 160
432 16208 272
400 16256 336
432 16288 464
576 16224 128
576 16224 80
432 16224 176
432 16224 176
432 16240 208
496 16240 -272
544 16256 -48
464 16240 -176
480 16272 -112
480 16240 0
272 16224 -16
464 16160 80
544 16176 160
384 16224 144
352 16176 32
512 16192 160
512 16192 0
480 16240 0
448 16240 112
336 16240 304
272 16160 240
336 16160 320
320 16160 320
400 16240 240
448 16304 80
448 16288 368
400 16224 240
384 16272 48
416 16288 16
416 16224 -48
368 16192 16
432 16192 16
256 16208 128
240 16192 -176
320 16176 -64
336 16208 304
272 16192 272
288 16176 256
224 16208 176
304 16208 208
320 16208 64
320 16240 128
256 16240 48
320 16272 128
448 16352 -272
480 16336 -272
416 16352 -368
496 16192 -128
496 16208 32
432 16192 80
496 16096 64
656 16144 144
640 16160 336
640 16160 240
560 16160 240
496 16144 576
480 16208 320
432 16256 176
464 16208 256
480 16288 192
544 16240 112
272 16256 240
496 16208 112
432 16224 288
432 16224 -160
560 16192 -160
352 16160 -64
320 16224 112
464 16128 96
416 16192 -48
352 16144 128
400 16224 64
240 16208 16
320 16144 -128
384 16160 -96
352 16240 -64
480 16176 0
416 16192 128
352 16176 144
352 16176 -48
464 16160 -48
544 16160 48
608 16176 288
544 16208 144
400 16256 48
528 16224 -48
528 16240 64
560 16240 128
688 16192 128
544 16160 96
448 16192 -32
592 16256 -112
544 16240 -144
352 16240 208
368 16240 208
576 16144 144
512 16176 16
320 16176 48
320 16176 -16
224 16224 -256
400 16192 -256
512 16272 -112
464 16320 32
400 16256 96
480 16240 48
384 16176 16
400 16160 16
400 16160 16
560 16144 16
496 16272 128
464 16272 64
384 16304 -48
432 16272 -224
416 16224 -96
416 16192 -32
416 16192 0
368 16224 80
368 16240 112
368 16144 64
480 16192 192
480 16128 160
448 16128 144
400 16144 144
384 16240 96
464 16288 96
480 16224 -80
448 16240 0
272 16208 112
304 16208 224
352 16192 448
352 16192 240
592 16160 240
544 16192 64
544 16192 16
464 16192 272
368 16128 240
368 16192 304
448 16192 160
496 16240 -144
496 16240 -192
576 16256 -192
544 16272 -320
512 16272 80
496 16144 16
496 16208 -48
384 16224 224
432 16224 224
416 16192 48
496 16176 -32
544 16272 224
528 16336 112
480 16320 96
432 16208 64
432 16208 64
320 16192 64
320 16208 128
448 16240 192
416 16192 176
480 16128 208
368 16288 192
352 16176 64
512 16160 0
352 16192 -64
352 16192 -96
416 16192 -96
368 16128 176
416 16144 0
400 16128 -112
448 16144 -48
352 16176 -80
432 16224 -96
432 16240 -64
304 16240 32
384 16224 144
384 16240 96
352 16240 96
320 16320 32
416 16272 16
384 16288 176
560 16240 96
560 16176 32
592 16176 -160
528 16192 32
592 16176 0
432 16176 -32
496 16176 -32
512 16176 80
480 16240 48
544 16224 80
544 16240 -240
384 16240 -240
400 16352 -176
464 16208 112
496 16176 16
544 16160 112
560 16208 80
496 16208 192
400 16272 288
400 16240 224
256 16240 224
304 16240 128
352 16208 -80
416 16208 -240
464 16224 -80
448 16208 160
448 16208 -112
432 16240 48
464 16224 144
224 16224 144
352 16208 112
384 16208 0
496 16272 256
528 16272 80
544 16320 -64
464 16272 16
448 16272 48
416 16256 96
320 16288 160
320 16256 160
304 16240 -48
288 16240 64
288 16224 64
416 16240 176
352 16240 160
432 16256 -256
496 16160 -16
368 16176 64
416 16160 -32
368 16144 32
496 16160 0
496 16192 -32
528 16192 -32
592 16224 160
544 16176 -32
480 16176 32
512 16160 176
400 16160 -16
368 16208 16
400 16192 32
480 16160 288
448 16160 192
448 16160 192
368 16224 192
464 16240 128
448 16240 16
288 16240 176
208 16240 80
320 16192 160
304 16272 -32
416 16256 0
496 16224 -160
496 16160 -64
496 16144 176
256 16144 -80
336 16160 -80
496 16240 -80
480 16224 -48
432 16176 -80
480 16240 128
480 16224 128
480 16240 96
480 16272 96
352 16272 112
384 16256 112
288 16240 -176
336 16320 16
320 16272 32
240 16288 -176
432 16272 -32
432 16192 -64
384 16176 0
528 16256 -112
416 16224 176
432 16224 176
304 16272 80
384 16256 128
496 16240 160
432 16192 144
416 16208 160
416 16240 128
448 16240 128
480 16080 128
480 16128 224
400 16176 128
480 16224 80
352 16144 64
432 16144 96
512 16224 144
512 16224 208
528 16256 208
480 16304 -32
400 16272 48
240 16272 144
288 16240 256
384 16304 208
512 16288 64
464 16288 144
464 16224 -32
416 16224 32
464 16288 32
528 16192 32
432 16208 0
416 16224 -32
352 16224 288
336 16224 16
512 16208 64
480 16224 96
480 16240 320
448 16240 16
688 16224 16
560 16256 -16
480 16304 -64
448 16240 80
448 16272 160
496 16208 -80
448 16208 -80
288 16192 -48
400 16176 -16
416 16176 -16
384 16160 0
320 16160 16
352 16208 240
480 16224 288
224 16224 272
304 16160 272
352 16144 48
352 16272 -208
384 16336 64
448 16272 128
464 16224 160
352 16272 240
352 16272 144
624 16272 144
592 16272 144
464 16240 80
448 16176 0
400 16128 48
368 16176 128
368 16160 128
448 16128 -16
448 16096 208
448 16144 64
400 16144 240
272 16160 240
336 16208 400
576 16256 128
464 16160 16
480 16224 -48
576 16192 48
640 16240 64
592 16208 224
416 16208 224
416 16272 160
416 16256 -144
304 16240 -176
528 16224 -272
592 16224 -176
624 16176 -128
512 16176 -80
416 16288 -80
368 16272 -48
416 16224 -256
384 16192 240
288 16224 240
304 16208 112
576 16304 -16
576 16352 80
416 16288 80
368 16288 80
352 16208 -112
352 16176 -64
352 16224 -80
432 16224 -160
528 16256 -256
528 16256 0
496 16176 0
464 16240 176
688 16224 96
528 16224 496
480 16256 288
448 16240 336
448 16224 224
512 16208 224
480 16256 96
432 16256 160
416 16160 160
368 16224 224
400 16208 272
320 16128 144
512 16160 96
448 16192 128
448 16224 192
496 16224 -64
464 16256 -144
416 16224 -128
432 16128 192
448 16128 144
608 16032 96
480 16112 96
448 16176 64
448 16176 -64
320 16272 -64
368 16272 -128
448 16208 -224
400 16208 -272
336 16240 -80
352 16272 96
384 16256 -80
384 16192 48
448 16192 144
368 16208 144
432 16304 128
464 16272 0
416 16208 32
288 16240 112
288 16240 -160
176 16288 -160
432 16304 32
416 16240 32
512 16208 80
464 16176 32
400 16176 0
400 16256 64
400 16256 64
496 16096 64
480 16176 16
352 16240 -144
544 16176 -16
448 16240 16
432 16208 64
496 16240 64
496 16240 48
560 16176 48
496 16256 32
