startup(x,y,z):(560,16240,320)
480 16832 1104
1072 16560 1664
864 16256 1696
912 16400 1616
880 16256 1648
912 16688 1344
912 16592 2384
560 16592 2112
1152 16736 2112
688 15520 2368
608 17872 1840
544 16640 2208
320 16800 2704
64 17056 3472
-240 19024 4416
-272 21424 5264
-384 27040 5440
944 26256 7664
96 13760 3344
-1568 14640 3904
816 25360 4912
-3088 20144 2224
-2464 20816 3312
-720 19040 3776
-400 22848 6096
-400 25600 6816
176 23456 6864
-32 23456 5328
-352 15968 2144
-192 15968 2144
560 12736 -1328
1552 10304 -4112
2160 7120 -4832
2688 6544 -4672
3200 6544 -4064
3232 6272 -4064
3136 6592 -3680
2480 7088 -3376
1888 7712 -3136
1488 8320 -2720
1488 8320 -2144
992 9296 -1456
624 9664 -1072
544 10160 -624
432 10160 -624
192 10816 -656
64 11472 -752
64 11888 -656
64 12384 -928
208 12816 -912
368 13616 -944
368 14528 -1136
672 14528 -1264
912 15872 -1104
736 17248 -1104
352 18848 -864
32 20656 -608
-384 22336 -512
-848 23440 -288
-1392 24208 208
-1392 24768 608
-1808 25008 768
-1808 25008 1120
-1952 25008 1120
-1888 24928 1296
-1856 24560 1584
-2112 23824 2128
-1888 23040 2512
-1632 22240 2368
-1296 21520 2128
-1088 20896 1648
-1088 20272 1408
-1008 20272 992
-768 19552 992
-544 18672 336
-352 18160 -400
-160 17520 -880
-16 16912 -1152
-16 16352 -1360
368 16352 -1840
608 15888 -2016
736 15408 -2016
672 14960 -2160
640 14656 -1856
640 14448 -1680
384 14160 -1632
208 13984 -1504
112 13968 -1568
-64 14064 -1360
-144 14128 -1296
-144 14192 -1424
-64 14208 -1408
-112 14208 -1408
-80 14048 -1536
-80 14032 -1472
-176 14224 -1600
-112 14208 -1376
-176 14272 -1296
-176 14240 -976
-80 14240 -1280
-96 14272 -1280
-192 14464 -1312
-416 14752 -1072
-448 15104 -928
-416 15408 -992
-416 15408 -592
-496 15712 -624
-464 16080 -624
-256 16416 -832
-32 16592 -768
176 16688 -800
144 16688 -416
-144 16608 -528
-144 16688 -768
-240 16688 -864
-304 16848 -864
-416 17072 -640
-208 17120 -368
-272 17216 -448
-304 17248 -160
-304 17296 -80
-432 17296 -256
-704 17264 -256
-688 17088 -240
-576 17008 -464
-656 16944 -400
-592 16832 -448
-592 16832 -608
-480 16640 -608
-400 16416 -496
-256 16272 -736
-240 16112 -880
-32 16128 -880
-64 16080 -640
-240 16144 -608
-128 16144 -608
32 16256 -768
-16 16240 -640
-80 16256 -672
32 16240 -608
32 16256 -576
16 16256 -608
48 16128 -608
48 16048 -752
-16 15872 -768
48 15808 -784
160 15104 -736
160 15088 -832
96 15088 -832
160 15104 -1040
112 15408 -864
192 15776 -896
160 15904 -800
160 16080 -560
192 16192 -496
96 16192 -496
176 16352 -384
48 16400 -192
-96 16512 -64
96 16448 -224
96 16464 240
-16 16464 240
-144 16432 16
-80 16480 176
0 16432 0
32 16416 -144
-224 16448 -320
-64 16448 -448
32 16288 -448
-64 16208 -160
-48 16288 -400
112 16208 -704
128 16144 -560
128 16144 -688
192 16192 -688
224 16208 -688
160 16240 -544
160 16416 -832
144 16400 -576
144 16400 -208
80 16416 -208
160 16304 -208
48 16272 -160
48 16272 -480
32 16304 -160
32 16288 -80
-48 16288 -80
-48 16400 240
144 16544 160
224 16560 32
400 16496 112
576 16432 32
576 16256 48
736 16256 0
752 16016 0
368 15888 112
288 15824 16
160 15808 -16
160 15824 -336
96 15824 -256
320 16032 -256
304 16144 -320
336 16224 -208
288 16256 -176
368 16320 -144
224 16320 -128
272 16304 -192
272 16304 -128
336 16288 -128
384 16304 -64
432 16256 -272
432 16112 -336
304 15984 -320
304 15904 -352
384 15904 -528
416 15840 -528
320 15792 -416
464 15824 -432
560 15872 -368
608 16000 -80
576 16112 48
576 16304 240
672 16304 160
592 16512 160
608 16544 352
656 16512 432
608 16576 304
576 16576 368
400 16608 -16
400 16624 -160
480 16624 -96
384 16496 -96
272 16416 -32
224 16336 -112
272 16240 -128
272 16112 -96
208 16112 -96
272 16128 -368
32 16304 -496
-32 16256 -496
-96 16192 -240
-160 16256 -80
-32 16240 -128
-32 16240 224
80 16272 224
144 16224 160
144 16192 48
80 16208 32
80 16320 -32
16 16288 0
80 16272 224
-192 16272 240
-224 16320 240
-16 16272 320
96 16208 32
96 16224 -224
80 16224 -224
96 16128 -96
224 16128 -16
208 16064 -96
464 16000 -80
464 16016 304
560 15920 144
464 15920 144
320 15936 240
544 15872 0
528 15904 -176
528 15952 144
384 15952 96
272 15920 64
304 16000 64
496 16064 80
496 16064 176
496 16064 272
592 16064 240
592 15984 128
576 16000 -48
576 15888 -80
464 15888 -80
368 15920 -32
480 15968 16
400 15872 -160
432 15888 -112
400 15872 32
400 15888 -256
352 15888 -256
288 15936 -256
352 15904 -320
192 16000 -80
224 16064 -368
240 16064 -16
272 16112 96
272 16192 288
144 16192 304
16 16336 304
-112 16480 320
-144 16496 176
-80 16512 144
-16 16560 256
-16 16560 464
128 16560 464
96 16592 416
128 16512 432
32 16448 224
112 16336 64
144 16160 64
224 16192 16
160 16112 48
160 16112 16
48 16080 16
80 16032 160
176 15952 -128
144 15888 0
352 15952 176
352 15952 560
336 15952 576
480 15872 576
512 16048 192
512 16112 96
368 16096 160
352 16096 240
288 16176 256
288 16176 448
464 16288 448
432 16208 288
448 16144 208
288 16256 16
288 16272 48
416 16192 192
256 16192 192
288 16240 96
240 16320 176
240 16272 64
256 16256 80
144 16240 128
144 16240 -128
208 16128 -128
256 16112 -208
272 16016 -272
368 16096 -192
368 16144 -224
368 16176 -128
400 16176 -208
448 16112 -208
416 16192 208
352 16160 160
240 16224 192
224 16288 176
224 16368 224
336 16368 -224
288 16448 -224
320 16352 -80
432 16368 -304
352 16304 32
352 16224 -96
288 16176 -192
320 16176 -272
416 16144 -272
176 16240 -352
48 16208 -288
432 16128 -256
432 16256 -208
320 16256 -240
416 16240 -240
464 16352 -176
256 16368 16
96 16352 208
320 16448 32
320 16448 224
160 16336 224
96 16320 208
-32 16368 -80
-48 16304 0
-16 16384 -128
-16 16336 -48
-64 16384 32
-144 16384 -224
-64 16320 -224
-160 16192 -144
-144 16160 32
-32 16064 0
16 16000 -128
16 15984 -160
32 15984 80
96 15888 80
112 15936 336
176 15888 128
320 15936 0
352 15936 128
352 15968 240
224 15968 240
160 16016 192
272 16096 240
208 16192 272
80 16192 224
80 16224 304
176 16224 160
320 16192 160
304 16208 112
160 16272 192
208 16224 288
272 16288 144
272 16240 288
240 16224 64
160 16224 464
48 16272 464
192 16304 336
144 16304 496
144 16224 240
144 16224 416
208 16240 128
336 16240 128
432 16096 48
464 16048 240
496 16064 32
528 16064 64
512 16096 192
512 16096 -16
320 16208 -16
320 16160 -240
288 16256 256
320 16304 384
144 16336 288
16 16368 208
16 16368 64
32 16400 64
-80 16352 272
-64 16336 32
-16 16240 160
-64 16224 -32
-64 16208 80
-96 16208 80
-128 16224 192
-144 16288 160
96 16384 224
144 16560 304
16 16672 592
-64 16848 672
-64 16848 720
-32 16800 720
32 16848 544
16 16928 608
112 16848 608
32 16736 608
32 16656 560
32 16656 560
32 16672 288
-64 16528 416
80 16416 672
96 16224 688
64 16160 496
64 16064 288
-16 16064 288
-96 16128 320
-48 16000 480
-80 15920 384
-48 15936 256
-48 15936 320
-144 16112 320
-128 16256 464
128 16352 576
368 16512 448
128 16640 368
128 16656 272
176 16656 256
-80 16736 256
-48 16736 304
-208 16592 576
-160 16448 576
-160 16784 -160
-80 16784 32
144 16848 32
-32 17008 80
-176 16944 16
-272 16832 496
-432 16560 848
-464 16352 832
-464 16352 976
-416 16192 976
-288 16096 1104
-128 16016 1104
-128 15984 1312
0 15936 1264
0 15920 1200
-16 15920 1152
208 15904 1152
176 15968 1168
176 16048 1136
208 16112 1296
464 16112 1264
288 16112 1392
256 16112 1392
304 16096 1328
256 16048 1376
288 16144 1024
272 16064 1120
336 16064 1440
336 15888 1696
320 15888 1616
256 15824 1616
0 15712 1872
96 15616 1904
128 15344 1888
128 15296 1984
48 15296 1904
96 15296 1936
64 15296 1936
128 15248 1792
64 15344 1840
-96 15376 1808
-48 15408 1984
-48 15456 2048
