startup(x,y,z):(624,16096,208)
1008 16368 1808
1136 16592 1280
1200 16688 960
1184 16640 960
688 16896 1376
-800 16480 912
-16 15984 1456
304 15920 1440
592 15936 1296
640 16000 1264
640 16128 1280
448 16128 1280
400 16320 1520
160 16320 1968
-16 16400 1968
0 16432 2048
144 16448 2272
112 16464 2128
208 16400 2208
208 16400 2256
256 16288 2416
1568 16160 2416
1296 16064 1904
288 15952 1504
544 15840 1424
560 15936 1328
864 15872 1376
800 15856 1504
800 15856 1536
736 15856 1536
704 15936 1712
560 15872 1984
512 15888 2032
784 15872 2240
768 16400 2112
768 16400 2656
752 16496 2768
752 16448 2768
608 16416 2720
528 16384 2592
512 16272 2752
128 16304 2336
-160 16480 1664
-256 16704 1776
-112 16704 2064
-16 16688 2064
320 16752 2496
704 16864 2752
816 16800 3136
1040 16768 3232
592 16896 3392
560 16880 3376
560 16880 3216
848 16848 3216
928 16816 3152
448 17040 3248
320 17232 3312
528 18912 -304
144 16976 560
128 16816 1936
64 16512 2928
64 16192 3472
160 16192 3456
368 16064 3456
336 16064 3344
448 16064 3216
560 16048 3136
512 15968 3136
-576 17584 608
608 17040 1888
1088 16656 2496
1280 16432 3040
1104 16256 3152
1104 15936 3216
800 15936 3504
544 15872 3648
432 15904 3648
304 15968 3376
240 15904 3152
304 15904 3232
288 15920 3312
80 15920 3312
128 15904 3328
80 15952 3376
128 15984 3264
32 16000 3040
192 15920 3008
320 15904 2960
256 15888 3232
256 15728 3008
-48 15712 3008
-112 15728 2976
-112 15728 2976
64 15760 2912
-224 15472 4128
-80 15264 4976
160 15024 5232
1648 15456 2784
1392 16128 1504
1392 15824 1664
1376 15824 2528
1312 15312 2720
1584 15184 3376
2016 15184 5920
1840 14912 5920
1104 17632 9008
1872 25120 8784
2368 22448 5488
2080 20048 3088
1664 20048 1408
640 18320 1248
-624 15952 1536
-1088 15376 1968
-1168 15376 2032
-576 15296 2032
-176 15728 2400
464 16160 2448
944 16384 2336
1264 16304 1712
1392 15984 1200
1488 15568 192
1504 14944 -336
1584 14400 -512
1840 14096 -368
2144 14176 128
2256 14416 320
2256 14416 912
2432 14608 1408
2304 14960 1840
2272 15168 2096
2432 15344 2096
2592 15264 1952
2720 15264 2080
3008 15024 1936
3072 14736 1872
3216 14304 1520
3120 13776 960
3120 13120 592
3248 13120 592
3280 12544 384
3088 12160 0
2800 12192 0
2304 12416 -592
1888 12624 -848
1584 12528 -1008
1504 12256 -832
1584 12016 -832
1744 11936 -896
1888 11888 -608
2080 12080 -256
2816 12624 -192
3056 12864 -368
3136 12976 224
3152 13392 272
3184 13728 80
3312 13776 208
3504 13680 320
3504 13680 416
4032 13680 672
4544 13776 672
5168 13840 416
5952 13968 944
6608 14176 1296
7232 14208 1904
7584 14224 2208
8336 14320 2272
9040 14560 2368
9648 14864 1872
10080 15232 1648
10384 15472 1120
10384 15552 352
10736 15552 -224
10976 15280 -224
10896 14416 -1264
10880 13648 -1264
10496 12800 -1456
10352 12608 -1424
10592 12720 -1424
10816 13120 -912
11232 13696 -896
11664 14224 -592
11920 14592 -80
11872 14896 96
11984 15280 -208
11840 15280 -464
11936 15504 -464
11872 15760 -896
12144 16208 -1328
12304 16432 -1264
12352 16288 -976
12096 15648 -912
11712 14896 -448
11712 14080 -448
11232 14080 -448
10752 13616 -704
10352 13232 -1056
10128 13024 -1536
10112 12800 -2064
10208 12592 -2224
10112 12384 -2320
10080 12384 -2192
10016 12320 -2352
10048 12288 -2272
10048 12288 -2320
9760 12176 -2320
9872 12192 -2320
9888 12240 -2416
9696 12240 -2320
9488 12240 -1920
9488 12256 -1600
9584 12304 -1312
9552 12400 -1216
9760 12464 -1280
9760 12512 -1360
10192 12608 -1680
10256 12640 -1872
10288 12640 -1872
10384 12624 -1968
10688 12528 -1840
10928 12592 -1392
11184 12592 -1536
11008 12640 -1536
11104 12688 -1632
11072 12720 -1584
10912 12672 -1568
10768 12768 -1744
10768 12800 -1840
10816 12800 -1648
10672 12688 -1552
10496 12720 -1552
10432 12768 -1488
10512 12848 -1408
10496 13056 -1296
10512 13232 -1344
10416 13216 -1504
10416 13152 -1936
10480 13040 -1952
10176 12880 -2064
10016 12880 -2064
9888 12800 -1968
9712 12800 -1888
9584 12848 -1936
9472 12880 -2096
9248 12960 -2176
9104 13088 -2128
9184 13248 -2224
9072 13360 -2032
9072 13360 -1888
8976 13408 -1888
8960 13424 -1776
8944 13264 -1776
8992 13184 -1856
9072 13104 -1584
9232 12928 -1840
9392 12880 -2000
9744 12960 -1856
9744 13024 -1872
9872 13024 -1872
9984 13024 -1920
10128 12992 -1952
10160 13024 -2128
10272 13104 -2128
10272 13136 -1968
10160 13136 -1968
10240 13184 -2000
9904 13152 -1904
10064 13040 -1776
9824 13088 -1776
9872 13024 -1904
9872 12864 -1888
9840 12768 -1936
9696 12768 -1936
9520 12768 -2320
9536 12768 -2368
9568 12592 -2304
9584 12528 -2320
9552 12368 -2352
9616 12416 -2512
9648 12496 -2256
9648 12496 -2336
9904 12544 -1968
9936 12640 -1968
9872 12640 -1872
9840 12656 -1632
9920 12768 -1488
10112 12944 -1488
10368 13072 -1520
10256 13104 -1456
10304 13088 -1600
10352 13152 -1520
10464 13232 -1664
10384 13296 -1824
10352 13120 -1936
10240 13056 -2160
10240 13008 -2288
9824 13024 -2064
9536 12960 -2112
9568 12960 -1952
9568 13040 -1808
9408 13040 -1792
9456 12944 -1792
9424 13008 -1648
9360 12992 -1680
9488 12976 -1776
9536 12960 -1856
9328 13008 -1888
9248 13024 -1904
9120 13072 -1760
9200 13104 -1808
9136 13072 -2016
9136 13072 -1904
9120 12944 -1904
9008 12864 -1744
8992 12864 -1680
9056 12928 -1968
9056 12848 -2048
9376 12784 -1920
9520 12752 -1856
9584 12912 -1840
9824 13136 -1808
10176 13264 -1872
10128 13280 -1840
10128 13280 -2080
10080 13296 -2080
9632 13264 -2128
9536 13136 -2176
9648 13072 -2192
9488 13040 -2208
9168 12960 -2000
9232 12944 -2000
9232 12976 -1888
9248 13040 -1616
9248 13152 -1520
9248 13152 -1680
9440 13184 -1680
9248 13168 -1824
9344 13280 -2128
9648 13168 -2128
9504 13072 -1952
9568 13088 -1792
9488 13120 -1728
9568 13264 -1872
9824 13264 -1872
9648 13280 -1520
9696 13248 -1440
9696 13232 -1600
9632 13312 -1600
9632 13424 -1616
9568 13424 -1696
9440 13584 -1696
9216 13856 -1856
8848 13904 -1856
8576 13728 -1760
8448 13632 -2000
8288 13488 -2048
8176 13504 -2400
8144 13408 -2320
8160 13328 -2464
8160 13328 -2528
8128 13440 -2240
8256 13408 -2240
8464 13488 -1936
8448 13488 -1936
8416 13488 -1856
8480 13488 -1856
8384 13648 -1952
8224 13856 -2048
8000 14000 -2224
7712 14192 -2192
7616 14240 -2352
7600 14384 -2000
7760 14496 -2096
10304 14688 -2336
9184 15392 -2080
9072 15008 -1568
8512 14608 -1072
8480 14160 -1136
8480 14144 -1072
8224 14144 -1072
7840 14000 -1856
7632 13968 -1856
7632 13872 -2064
7568 13616 -2416
7408 13728 -2416
7376 13616 -2240
7488 13792 -2304
7328 13824 -2368
7456 13872 -2064
7456 14112 -2032
7536 14112 -1840
7648 14096 -1840
7760 14032 -1968
7616 14240 -1936
7680 14416 -1808
7840 14464 -1808
7952 14608 -1744
7472 14864 -1440
7344 14496 -1504
7344 14320 -1360
7616 14320 -1360
7808 14224 -1872
8160 14208 -2688
8224 14112 -2848
8240 14096 -2864
7968 14288 -2448
7968 14320 -1920
7984 14352 -1456
7984 14416 -1328
7856 14304 -1008
7728 14304 -1008
7632 14384 -1136
7472 14496 -1296
7456 14592 -1088
7456 14720 -1216
7520 14960 -1280
7600 15024 -1408
7664 14976 -1472
7744 14832 -1360
7904 14736 -1216
7888 14528 -1152
8080 14496 -1200
8224 14512 -1264
8224 14512 -1248
8320 14512 -1280
8464 14592 -1280
8480 14736 -1296
8272 14816 -1232
8272 14944 -1200
8224 14880 -1360
8144 14768 -880
7840 14928 -736
7472 14928 -736
7408 14768 -880
7296 14592 -800
7360 14432 -640
7360 14432 -336
7328 14512 80
7296 14608 -64
7424 14720 -176
7472 14864 -128
7472 14864 0
7584 15344 224
7760 15552 128
8080 15424 176
8224 15232 -48
8528 15040 -320
8592 14960 -576
8416 14736 -480
8064 14576 -560
7824 14352 -560
7392 14272 -208
6848 14032 -208
6464 14016 -208
6112 13968 -288
5792 14080 -384
5520 14144 -144
5440 14256 64
5472 14464 272
5536 14704 496
5536 14688 640
5792 14688 736
6096 14672 736
6176 14560 704
6320 14720 592
6240 14848 976
6352 14960 1024
6352 15104 1024
6512 15104 864
6512 15152 800
6400 15408 624
6176 15424 688
6224 15360 656
6224 15360 352
5952 15536 352
5984 15440 368
5824 15296 400
5488 15344 -32
4576 15216 256
4240 15024 224
4240 15104 448
4288 15104 656
4336 15152 656
4240 15248 512
4208 15536 528
4272 15472 624
4272 15504 464
4160 15424 592
4032 15552 688
4080 15616 608
3888 15616 736
3856 15728 736
3536 15680 784
3536 15456 800
3776 15264 848
3776 15264 688
3936 15216 688
3744 15232 672
3600 15312 768
3488 15376 624
3424 15376 800
3456 15472 944
3504 15376 1040
3424 15376 1280
3440 15504 1408
3696 15712 1424
3696 15872 1488
4000 16128 1696
4432 16400 1680
4352 16592 1760
4448 16592 1744
4336 16736 1696
4096 16720 1456
