startup(x,y,z):(432,16144,1984)
640 16096 -544
832 16112 432
640 16320 1264
352 16416 1264
640 16128 1760
560 16704 1760
544 16704 1856
736 16864 1952
736 16928 2416
928 16864 2368
928 17056 2736
736 17632 3280
688 17632 4656
-2960 16672 4656
-496 17408 4016
480 18480 2656
1312 19344 2368
480 7808 4672
976 14816 2592
976 14816 3168
240 17056 3168
-480 20992 4160
-1408 21312 5984
2336 21296 6000
1792 21408 4896
352 20768 4656
-3392 20192 4736
-3392 19824 4592
-3488 19824 4592
-1968 20384 3952
-5504 13232 -832
-2816 11072 1776
-576 16960 2720
-592 17088 4608
-1296 16592 6304
-1136 16736 7056
-1136 24688 6480
3936 26656 6176
4144 21584 3328
880 12816 -736
816 8560 -4352
848 8176 -5408
784 8256 -5408
784 8688 -4448
416 9072 -3792
0 9488 -3280
0 9664 -2400
-736 9664 -1536
-1376 9584 -1536
-1952 9280 -800
-2208 9136 176
-1888 9088 1072
-1440 9328 1280
-944 9760 1504
-512 10176 1776
-512 10656 1872
-16 10656 2080
864 11344 2080
1520 12032 1856
1792 12656 1584
1776 13088 1520
1776 13296 1312
1824 13296 1376
1984 13888 1328
2176 14032 1328
2288 14144 1200
2416 14400 1120
3040 15360 -224
3248 16048 -720
3248 16736 -1072
3536 16736 -1072
3296 17136 -704
3200 18000 -720
3168 18832 -768
3200 19600 -784
3216 20192 -1008
3216 20384 -1136
3264 20384 -1280
3248 20416 -1280
3424 20416 -1392
3584 20368 -1072
3632 20288 -768
3952 20352 -992
3952 20368 -1024
4192 20368 -1520
4528 20352 -1760
4736 20288 -1760
4720 20160 -2032
4704 19904 -1728
4288 19616 -2144
3680 19216 -2224
3680 18848 -2112
3392 18464 -2176
3136 18464 -2176
2832 18128 -2464
2560 17792 -2784
2288 17376 -2704
2144 17072 -2544
2272 16752 -2448
2272 16496 -2400
2432 16416 -2400
2560 16256 -2272
2816 16160 -2112
2944 15984 -2496
3104 15744 -2256
3104 15584 -2048
3104 15584 -2144
3104 15312 -2144
3280 15072 -2384
3424 14768 -2176
3472 14576 -2224
3408 14512 -1904
3568 14368 -1824
3520 14272 -1696
3520 14272 -1632
3328 14176 -1632
3408 14240 -1248
3584 14304 -1360
3616 14560 -1328
3536 14752 -1152
3536 14944 -1376
3424 14944 -912
3088 15136 -912
3120 15312 -976
3104 15440 -816
3104 15552 -800
3344 15648 -864
3328 15760 -768
3328 15760 -800
3472 15856 -832
3536 15856 -832
3392 16144 -1072
3312 16272 -1072
3360 16272 -1232
3344 16272 -1360
3184 16208 -1184
3184 16048 -1264
3104 16048 -1264
2896 15808 -1072
2864 15696 -1232
2880 15664 -1328
2880 15648 -1392
2720 15616 -1472
2720 15600 -1504
2560 15600 -1744
2464 15616 -1744
2304 15728 -1600
2320 15808 -1424
2432 16064 -1232
2448 16352 -1376
2544 16608 -1376
2608 16784 -1120
2608 16960 -1024
2784 16960 -1024
2848 16992 -1024
2784 16928 -832
2816 16832 -816
2928 16592 -608
2992 16304 -752
3024 16048 -832
2976 15856 -832
2976 15648 -1120
2928 15648 -1184
2992 15520 -1184
3040 15376 -1376
2976 15280 -1568
3040 15136 -1152
3104 15040 -1088
2976 15104 -1040
2976 15216 -1312
2976 15216 -1200
2976 15360 -1312
3056 15360 -1248
3232 15536 -1088
3264 15728 -1088
3216 15984 -1024
3456 16160 -1072
3360 16320 -928
3328 16416 -832
3344 16512 -704
3344 16496 -672
3504 16496 -752
3536 16384 -752
3392 16160 -512
3520 15984 624
3568 16160 464
3568 16496 -304
3680 16496 -304
3488 16560 -752
3184 16320 -816
2880 15664 -656
2864 15680 -640
3472 15728 -1408
3632 15872 -1216
3856 15936 -1024
3680 15936 -1024
3456 15904 -752
3184 15728 -448
2992 15472 -320
2832 15408 80
2544 15568 -432
2400 15920 -656
2000 15920 -768
1984 16336 -768
2176 16560 -368
2320 16688 -32
2560 16560 -64
2320 16592 224
2320 16480 752
2208 16336 1296
1888 16256 1984
1696 16208 2480
1376 16064 2128
1408 16064 1600
1328 16048 1504
1536 16048 496
1616 16576 496
1888 16752 48
2032 16688 288
2144 16528 448
2288 16400 496
2352 16288 432
2352 16112 624
2512 16112 288
2320 15872 288
2112 15744 144
2112 15648 64
2016 15616 48
2000 15504 80
1936 15536 -128
1936 15536 320
1632 15504 752
1632 15632 1056
1584 15632 1008
1744 15872 1008
2032 16176 896
2224 16416 864
2400 16560 592
2512 16592 704
2512 16496 640
2496 16368 768
2496 16368 736
2432 16032 512
2352 15872 512
2528 15808 128
2576 15664 -48
2624 15536 -400
2576 15568 -784
2464 15584 -832
2400 15600 -368
2400 15712 -96
2224 15712 -96
2320 15888 80
2416 16096 80
2800 16160 96
2928 16272 112
3152 16432 304
3216 16656 224
3200 16688 304
3232 16752 320
3232 16736 64
3360 16736 96
3248 16720 96
3040 16560 352
2784 16464 304
2384 16416 320
2384 16448 -128
2528 16512 -368
2432 16384 -496
2496 16320 -704
2416 16208 -560
2240 16160 -544
2192 16144 -336
2192 16032 -96
2096 16032 -96
2176 16032 -96
2144 16096 -48
2256 16176 64
2240 16304 320
2128 16448 432
2208 16496 272
2352 16384 80
2528 16288 128
2784 16176 256
2560 16176 464
2560 16016 464
2560 15824 128
2592 15648 -272
2400 15392 -544
2304 15200 -640
2400 14992 -944
2704 14832 -1136
2720 14720 -1360
2848 14784 -1040
2880 14912 -1008
3072 14912 -864
2896 15088 -656
2752 15280 -656
2656 15536 -384
2672 15856 -272
2800 16112 96
2944 16256 176
3088 16528 528
3088 16656 896
3248 16656 992
3312 16704 992
3456 16848 1104
3632 16784 1008
3632 16752 848
3648 16800 880
3568 16880 768
3408 16912 656
3232 16944 560
3232 17024 192
2944 17024 -16
2896 16944 -128
2608 16784 -128
2368 16576 32
2048 16352 32
2064 16208 -112
2016 16112 -128
1776 16032 -192
1776 16192 -80
1712 16320 -96
1888 16320 -80
1792 16496 -80
2064 16576 -192
2256 16544 16
2480 16384 256
2480 16208 384
2736 16032 320
2560 15920 192
2736 15920 144
2896 15712 144
3152 15648 256
3264 15408 256
3296 15328 64
3264 15264 208
3328 15200 528
3344 15200 352
3344 15200 256
3408 15168 128
3520 15136 0
3552 15248 0
3488 15456 240
3376 15648 240
3280 15664 304
3136 15728 288
3152 15696 112
3296 15712 160
3296 15616 512
3328 15616 448
3520 15568 416
3840 15552 416
3904 15616 304
3920 15632 464
3936 15744 480
4016 15792 528
4128 15792 704
4016 15840 848
3776 15936 720
3776 15936 800
3552 16064 800
3440 16080 640
3424 16032 816
3440 16032 528
3568 15888 416
3664 15680 160
3664 15552 80
3376 15440 96
3008 15440 96
3008 15312 -128
2768 15296 -576
2704 15376 -624
2480 15456 -464
2480 15360 -144
2384 15376 -48
2384 15488 128
2464 15488 240
2592 15488 240
2624 15664 304
2560 15872 304
2704 16064 304
2688 16224 272
2720 16224 464
2720 16384 624
2768 16432 624
2800 16608 592
2736 16608 592
2816 16656 944
2768 16640 560
2864 16624 320
3008 16608 368
3056 16560 464
2944 16496 672
3088 16336 528
3088 16160 544
3280 16160 208
3344 15984 208
3248 15872 288
3168 15680 384
3136 15616 -48
3168 15408 -256
2912 15200 -192
2784 14912 -448
2704 14784 -384
2720 14928 -448
2720 15152 -352
2960 15152 -352
3072 15376 -432
2864 15600 -208
2816 15728 -304
2752 15856 -176
2672 16016 -64
2576 16272 -432
2576 16592 -464
2576 16704 -176
2736 16784 -64
2752 16784 -208
2880 16880 -208
2880 16992 -16
2928 17056 144
2848 17072 176
2976 17072 -128
2880 16976 -16
2640 16896 -16
2704 16848 -48
2640 16752 -160
2672 16720 16
2640 16704 -96
2640 16704 -352
2816 16704 -320
2880 16624 -320
2896 16640 -592
2768 16672 -480
2720 16608 -384
2528 16544 -384
2448 16432 -480
2544 16208 -704
2624 16080 -544
2656 15920 -416
2656 15920 -192
2752 15872 -112
2736 15648 -80
2944 15552 -64
3008 15392 -64
2976 15344 -80
3056 15232 -256
3168 15296 -144
3264 15264 -96
3312 15280 32
3312 15264 32
3360 15264 32
3440 15312 -32
3424 15296 32
3504 15344 160
3472 15264 32
3600 15328 0
3632 15328 -16
3632 15344 -192
3552 15344 -304
3488 15312 -304
3408 15408 -80
3440 15504 -16
3360 15664 -128
3360 15728 16
3440 15728 656
3568 15904 720
3664 15968 720
3824 16112 672
3840 16224 640
3712 16432 592
3840 16576 704
3840 16576 752
3680 16656 752
3664 16528 704
3744 16592 608
3648 16512 624
3600 16384 608
3600 16384 688
3472 16256 688
3424 16144 528
3248 16064 448
2976 15984 272
2912 15920 -80
2848 15872 256
2864 15888 144
2864 15888 -224
2896 15888 -224
2928 15872 -80
3008 15968 -128
3024 15968 48
2960 15936 288
2944 16016 128
2992 16048 192
2992 16144 320
2944 16144 160
3008 16112 160
2960 16048 512
3152 16080 304
3200 16064 400
3312 16016 720
3312 16064 592
3200 16064 768
3296 15872 768
3296 15856 464
3376 15744 288
3296 15824 320
3456 15600 160
3504 15568 160
3504 15568 112
3488 15408 112
