startup(x,y,z):(656,16224,224)
-112 16080 1472
496 16448 1136
640 16528 1104
768 16640 1024
816 16720 864
880 16720 1072
1136 16720 1216
768 15392 368
1376 15392 720
1440 15232 720
1520 15376 880
1328 15568 1152
1264 15680 1152
1328 15760 1056
1184 15904 1296
944 16080 1472
528 15872 1840
528 16064 1680
848 16224 1728
736 16384 1904
592 16384 1744
528 16560 1744
512 16512 1728
416 16400 1728
512 16384 1856
336 16384 1696
416 16256 1584
480 16208 1808
480 16208 2032
656 16144 1776
640 16144 1728
624 16112 1824
656 16112 1888
880 16192 1920
464 16208 2416
288 16320 2144
160 16448 2192
-224 16432 2192
-128 16640 2176
0 16688 2592
144 16704 2272
0 16448 2304
160 16624 2160
160 17680 2688
672 19984 2656
2384 22288 944
1968 18352 6496
-48 15776 5264
592 15920 2624
496 -8352 -4624
240 -4960 -2560
512 10400 -192
1152 12992 1328
656 15456 2464
480 15824 2416
496 15936 2624
400 16112 2528
560 16208 2704
480 16192 2656
336 16144 2432
64 15872 2848
192 15952 2304
208 15840 2128
368 15792 2032
32 15152 1200
640 15136 1792
752 15504 2176
928 15632 2592
928 15776 2816
880 15776 2464
912 15792 2544
544 15904 2688
288 16000 2736
240 16016 2800
240 16000 2416
256 16000 2912
432 16064 3136
720 16000 3088
720 15968 3072
912 16016 3200
912 15952 3360
656 16016 3328
736 16064 3440
576 15968 3328
624 16000 3264
464 16096 3472
400 16128 3600
400 16160 3744
320 16160 3744
288 16096 4976
1008 16480 4368
1136 16480 4160
912 16544 4160
528 16368 3920
496 16128 4000
448 16032 3872
560 16000 3840
672 16000 3520
672 16000 3648
720 15968 3648
624 15936 4032
608 15952 3904
464 15888 3632
192 15776 3424
256 15712 3424
336 15616 3200
448 15568 3056
1024 15376 2400
1280 15248 2784
1488 15360 3328
1376 15472 3552
1280 15600 3392
1056 15504 3200
896 15536 3136
896 15552 3184
832 15552 3184
864 15488 3344
1120 15504 3312
992 15504 3456
976 15488 3472
912 15360 3136
944 15344 3328
928 15312 3344
1104 15360 3312
784 15392 3408
752 15360 3536
256 15184 3792
256 15248 3616
240 15248 3600
464 15312 3600
480 15424 3056
480 15872 3248
320 14160 5088
784 15936 6528
1728 21792 6720
3104 26880 4464
3264 25088 5312
2208 21536 6672
1248 18320 6784
1248 15296 5616
1008 15296 3648
1328 13120 3648
1984 12192 1568
2592 13888 816
3264 13888 560
3728 15472 704
3856 16928 1344
3936 17808 2272
3904 18144 3200
3664 18032 3440
3536 17552 3632
3408 16832 3552
3408 16032 2960
2960 15344 2576
2736 14640 2352
2512 14192 1808
2208 13696 1424
2208 13376 1024
1840 13376 816
1248 13184 912
912 13024 672
656 12880 672
416 12800 608
432 12640 480
624 12720 496
848 12944 816
976 13040 1184
1072 13248 1360
1248 13264 1664
1376 13232 1520
1504 13072 1408
1408 12896 1376
1104 12704 1536
944 12432 1312
944 12352 1056
1152 12400 672
1152 12672 416
1664 12816 432
1664 12736 224
1872 12736 336
2416 12592 336
2832 12544 176
3200 12608 -48
3296 12720 -288
3472 13136 -688
3776 13696 -992
4080 14160 -1520
4528 14432 -1712
4864 14448 -1760
5184 14592 -2128
5184 14736 -1984
5424 14736 -1520
5664 14800 -1680
5888 14896 -1824
6240 15024 -1824
6512 15216 -1056
9536 15648 7488
7312 16064 5568
9632 17888 5568
7648 18512 1568
8896 18816 1440
8240 18256 -1824
8240 18080 -1728
8224 16592 -2352
7904 16272 -2416
7904 16560 -1504
7168 15936 -2896
7168 15568 -2480
7808 17904 -2816
6768 18416 -3632
7424 18192 -3264
8592 16656 -2480
6544 17584 -2736
5920 16784 -2416
5920 16272 -1120
5792 16400 -592
5184 16064 304
4976 15616 528
4880 15552 16
4784 15152 -640
4768 15168 -992
4944 15104 -1840
6160 15632 -2192
6448 15280 -2112
6688 15424 -2352
6928 15568 -2528
7152 15392 -2608
7344 15392 -2832
7536 15312 -2496
7488 14848 -2512
7344 14528 -2336
7200 14416 -2320
6992 14304 -1808
6800 14352 -1856
6800 14256 -1584
6576 14256 -1680
6288 14320 -1392
6448 14784 -1552
6592 15024 -1120
6400 14656 -1328
6464 14432 -1376
6656 14624 -1440
7168 14864 -1360
7264 15376 -1440
7216 15616 -1616
7056 15280 -1728
6832 15184 -1744
6736 14928 -1856
6736 14880 -2080
6640 14880 -2080
6544 14800 -2048
6624 14768 -1840
6672 14720 -1424
6608 14720 -1232
6736 14672 -1312
6848 14672 -1344
6960 14576 -1040
7200 14464 -1136
7200 14544 -1600
7248 14544 -1600
7104 14640 -1584
6960 14624 -1472
6800 14672 -1392
6640 14672 -1232
6528 14736 -1376
6528 14736 -1600
6640 14736 -1504
6608 14752 -1504
6656 14768 -1488
6624 14832 -1616
6640 14864 -1568
6672 14848 -1616
6672 14880 -1712
6720 14848 -1712
6800 14768 -1696
6800 14896 -1568
6816 14896 -800
6688 14848 -1008
6896 14736 -1104
6992 14656 -1568
7088 14624 -1536
7008 14688 -1744
6848 14672 -1584
6848 14672 -1472
6768 14672 -1472
7024 14544 -1456
7024 14544 -1360
6992 14608 -1440
7056 14672 -1536
6912 14704 -1696
6912 14752 -1792
6880 14736 -1696
6832 14720 -1776
6960 14720 -1696
7088 14688 -1696
7216 14640 -1600
7232 14560 -1568
7264 14496 -1552
7264 14560 -1504
7136 14576 -1616
7264 14576 -1600
7088 14576 -1600
6992 14672 -2000
6912 14784 -1952
6896 14752 -1696
6656 14768 -1568
6512 14784 -1664
6512 14832 -1760
6512 14832 -1760
6720 14720 -1760
6768 14784 -1968
6736 14720 -1552
6864 14608 -1600
6896 14544 -1296
6896 14688 -1664
6992 14672 -1696
7136 14672 -1696
7120 14560 -1600
7056 14592 -1680
6992 14736 -1744
7008 14928 -1792
7056 15136 -1696
7056 14928 -1840
6896 14928 -1280
6656 14704 -1280
6592 14656 -1344
6688 14624 -1456
6656 14576 -1552
6608 14608 -1472
6640 14576 -1552
6656 14528 -1632
6720 14576 -1616
6720 14592 -1744
6816 14592 -1648
6832 14736 -1632
6912 14768 -1616
6912 14752 -1616
6976 14640 -1728
7072 14640 -1808
7136 14784 -1808
7248 14752 -1808
7216 14784 -1808
7264 14768 -1728
7328 14688 -1632
7328 14544 -1632
7392 14544 -1792
7248 14656 -1600
7184 14656 -1600
7280 14896 -1504
7264 15120 -1600
7312 15152 -1584
7136 14944 -1344
6864 14800 -1136
7056 14912 -1472
6944 14912 -1472
6944 14912 -1776
6864 14992 -1552
6688 14912 -1552
6736 14768 -1552
6512 14464 -1312
6432 14384 -1792
6672 14512 -1792
6560 14560 -1776
6560 14560 -1744
6800 14560 -1504
6720 14672 -2016
6624 14800 -1888
6848 14864 -1888
6752 15024 -2000
6784 14976 -1824
6736 15040 -1424
6672 15040 -1216
6464 15024 -1408
6464 15024 -1248
6672 14864 -1248
6448 14928 -1536
6432 14832 -1872
6576 14736 -1872
6544 14720 -1744
6560 14544 -1984
6656 14608 -1840
6784 14768 -1376
6720 14768 -1424
6784 14960 -1520
6816 14992 -1232
6624 15264 -1344
6624 15424 -1312
6688 15424 -1312
6576 15552 -1456
6656 15424 -1488
6256 15328 -1760
6192 15200 -1792
6128 14992 -1392
6128 14880 -1440
5776 14768 -1456
5776 14768 -2128
5840 14864 -2128
6240 14864 -1392
6096 14864 -1552
6000 14976 -1520
6080 15120 -1424
6176 15200 -1248
6160 15264 -1616
6160 15280 -1728
6128 15280 -1824
6304 15376 -1824
6512 15328 -1792
6576 15328 -1664
6448 15264 -1456
6496 15120 -1296
6496 15056 -1296
6480 15056 -1296
6416 14976 -1232
6352 14992 -1344
6352 15056 -1360
6224 15216 -1360
6016 15088 -1360
6080 15088 -1360
6032 15088 -1456
6032 15136 -1456
6272 15136 -1456
6352 15200 -1456
6512 15280 -1232
6448 15504 -1232
6688 15568 -1376
6832 15664 -1264
6768 15712 -1248
6768 15712 -1200
6560 15728 -1200
6256 15760 -976
6208 15744 -960
6032 15840 -896
5840 15856 -832
5840 15808 -928
5840 15808 -800
5744 15808 -912
5728 15840 -912
5952 15840 -976
5792 15680 -880
5744 15568 -1040
5760 15456 -1040
5776 15296 -1088
5792 15216 -864
5856 15152 -752
5728 15168 -704
5728 15168 -320
5536 15104 -368
5408 15104 -560
5216 15072 -528
4976 15104 -528
4816 15168 -400
4624 15232 -448
4640 15264 -704
4640 15136 -720
4480 15136 -736
4272 15168 -736
4336 15312 -672
4272 15520 -864
4224 15616 -608
4240 15584 -528
4288 15600 -288
4288 15520 -176
4288 15456 192
4272 15456 96
4320 15376 96
4176 15248 304
4016 15104 560
3936 15008 512
3808 15056 736
3808 15184 576
3728 15184 832
3568 15360 912
3488 15600 912
3424 15840 976
3488 15968 1136
3280 15936 944
3280 15952 1120
3152 15952 1120
2928 16000 1184
2976 15840 1152
3040 15696 1344
3024 15536 1296
3280 15488 1248
3072 15344 1424
3152 15344 1424
3184 15296 1456
3008 15440 1520
3008 15520 1696
2864 15728 1776
2864 15952 1840
2864 15952 2048
2560 16096 2048
2592 16336 1904
2640 16288 2032
2304 16272 2272
2128 16128 2384
1872 15984 2224
1456 15840 2208
1456 15664 2000
1248 15664 1904
976 15552 1904
848 15536 1856
672 15536 1488
736 15280 1488
736 15024 1792
544 15040 1760
480 14944 1760
384 14864 1616
320 14880 1712
560 14768 1760
624 14832 2160
752 14896 2304
