startup(x,y,z):(480,16160,336)
912 16512 1456
592 16448 1872
336 16528 1440
336 16848 1440
144 17248 1376
96 17456 1456
-288 17680 1344
112 18032 1552
-112 18208 1712
-304 18160 2192
-624 17728 2272
-624 17824 1776
96 17824 1776
720 18144 1392
720 17936 1328
2768 16528 1920
3328 15728 1920
2544 16528 1968
1696 17376 1568
800 17760 1456
1488 21424 -1072
1728 17504 -960
1728 17232 -144
992 17232 -144
496 16784 880
112 16464 1792
176 17872 2480
-2304 17376 1088
-2304 16400 1696
-320 16224 2352
1712 16288 2784
1712 16064 2752
800 16064 2752
272 15760 2832
208 15920 3072
496 16288 2992
1008 16000 3008
1008 15744 2848
560 15744 2848
304 16048 3008
656 15936 3168
400 16016 3152
464 16016 3504
768 15952 3440
720 16160 3568
720 16160 3888
1104 16160 4048
1712 16224 4048
1968 16064 4160
1760 16080 4160
1216 16080 4272
832 15888 4128
592 15600 3072
352 15600 3072
464 15472 2800
288 15472 3040
-1344 13968 4544
-2080 14288 3440
-2080 14288 3216
-1552 14880 3472
0 14912 3472
400 15152 3952
208 15536 3824
-400 15600 3760
-960 15456 3152
-752 15456 2576
-432 15376 2944
-32 15648 3120
-32 15344 3760
192 15344 3760
144 15616 4336
512 15680 5008
704 15648 4736
400 15456 4208
256 15344 3792
48 15440 3808
128 15456 3744
128 15504 3872
144 15504 4384
64 15648 4384
32 15616 4720
-16 15904 4832
-144 16192 5104
-352 16656 5536
-352 18144 6384
-608 18144 6384
-3776 28992 2080
-4048 24336 7408
-592 17872 7360
1872 14432 3664
1520 14432 3024
-384 13344 2688
-1216 13248 2624
-1872 13488 2672
-2400 13808 2736
-2752 14224 2704
-2976 14528 2576
-2976 14624 2624
-2832 14624 2624
-2448 14464 2864
-1696 14160 2848
-992 13984 2672
-624 13600 2448
-640 13168 2432
-736 12640 2304
-944 12016 1920
-1312 11376 1840
-1456 11008 1760
-2032 10736 1952
-2144 10736 1760
-2368 11296 2016
-2656 11296 2240
-2768 11696 2240
-2848 12096 2768
-2736 12320 2752
-2480 12528 2752
-2336 12736 2576
-2112 12816 2720
-2080 13008 2448
-2240 13072 2448
-2240 13088 2544
-2432 13088 2208
-2592 13088 2128
-3088 13376 1664
-3088 13600 1568
-3584 13856 1408
-3584 14304 1296
-4256 15360 928
-4528 15536 784
-4544 15792 704
-4464 15696 576
-4672 15872 576
-4864 16192 720
-4752 16512 704
-4720 16640 688
-3952 16336 336
-3344 15200 -640
-2688 14528 -1280
-2224 13872 -1520
-2880 14096 -1664
-3328 15376 -1328
-3424 16192 -800
-3776 17056 -480
-3904 17376 32
-4336 17584 -208
-4384 17648 -352
-4736 17440 -352
-5184 16896 -432
-5616 16240 -544
-5856 15648 -1024
-5856 15280 -2992
-6064 14912 -3888
-5648 14720 -3936
-5488 14720 -3600
-4992 14896 -3136
-4320 15344 -2928
-3856 15456 -2528
-2608 15440 -2528
-2608 15440 -2256
-2256 15296 -2304
-1856 15264 -2464
-1840 15264 -2896
-1888 15264 -2944
-1952 15424 -3456
-2240 15472 -3536
-2560 15536 -3728
-2832 15680 -3552
-3472 15936 -3680
-4368 17248 -3440
-1120 15344 -6432
-1120 13616 -8432
560 16160 -4928
-3776 14912 -5200
-3168 14912 -4896
-3712 14752 -4896
-4272 14960 -4176
-4160 14784 -4384
-4384 15248 -4224
-4000 15232 -4160
-3872 15360 -4240
-3696 15280 -4256
-3696 15120 -4192
-3488 15120 -4112
-3136 15072 -4112
-2944 14896 -4112
-3344 15376 -3952
-3232 15248 -4176
-3040 15376 -4368
-3200 15536 -4320
-3312 15392 -3760
-3232 15040 -4096
-3232 15040 -3952
-3184 15088 -3968
-3376 15168 -3680
-3328 15168 -3712
-3328 15296 -3728
-3344 15296 -3664
-3184 15200 -3664
-3104 15216 -3808
-3088 15184 -3904
-3120 15184 -3648
-2992 15248 -3648
-2720 15264 -3648
-2784 15296 -3520
-2816 15280 -3536
-2816 15360 -3472
-2864 15408 -3552
-2944 15456 -3648
-2880 15328 -3792
-2880 15344 -3760
-2832 15392 -3904
-2864 15376 -3744
-2976 15328 -3744
-2976 15344 -3824
-3024 15312 -3760
-3024 15312 -3760
-2784 14832 -3728
-2960 14880 -3680
-2880 15168 -3216
-2784 15248 -3760
-2736 15248 -3696
-2736 15408 -3568
-2864 15408 -3728
-2768 15456 -3936
-2816 15488 -4016
-2672 15488 -4048
-2672 15392 -4048
-2816 15248 -3728
-2848 15392 -3600
-2944 15392 -3728
-2864 15408 -3952
-2960 15296 -4048
-2976 15328 -4240
-2976 15328 -4000
-2928 15328 -4000
-2928 15296 -3680
-2880 15312 -3776
-2768 15328 -3776
-2784 15328 -3808
-2848 15232 -4032
-2784 15296 -4080
-2784 15312 -4128
-2880 15312 -4128
-3008 15280 -4192
-3040 15344 -4128
-3024 15328 -4032
-2928 15280 -3920
-2768 15344 -3568
-2720 15360 -3536
-2736 15376 -3808
-2944 15312 -3744
-2944 15568 -3904
-2896 15424 -3936
-2896 15360 -3936
-3024 15424 -3840
-2976 15392 -3888
-2960 15296 -3776
-2976 15296 -3824
-3040 15328 -3856
-2912 15424 -3984
-2912 15488 -4064
-2912 15488 -3632
-2864 15504 -3632
-2720 15440 -3680
-2880 15568 -3472
-2960 15776 -3472
-2864 15648 -3648
-2784 15504 -3680
-2784 15808 -3616
-2944 15792 -3536
-2944 15792 -3648
-3248 15936 -3632
-3296 15968 -3632
-3088 16016 -3744
-3392 16000 -3680
-3376 16032 -3712
-3456 15904 -3920
-3456 16016 -3968
-3568 16016 -4096
-3648 16160 -4096
-3648 16240 -4016
-3584 16368 -3760
-3552 16432 -3440
-3376 16560 -3328
-3200 16608 -3120
-3072 16496 -3152
-3072 16496 -3216
-3184 16416 -3216
-3024 16336 -3312
-3040 16272 -3168
-3040 16240 -3104
-3200 16256 -3056
-3200 16112 -3168
-3216 16112 -3072
-3152 16048 -3072
-3088 15984 -2880
-3232 16096 -2720
-3040 16112 -2896
-3216 16192 -2672
-3216 16192 -2544
-3520 16192 -2576
-3472 16192 -2368
-3312 16224 -2240
-3232 16192 -2000
-3104 16160 -1472
-2880 16096 -1280
-2976 16048 -1344
-2976 15952 -992
-3056 15952 -992
-3152 15872 -992
-3136 15696 -1056
-3200 15632 -1104
-2992 15584 -1488
-2848 15488 -1456
-2848 15424 -1552
-2688 15424 -1120
-2752 15280 -1120
-2608 14992 -1072
-2400 14992 -1232
-2384 15104 -992
-2304 15120 -784
-2560 15216 -208
-2368 15216 128
-1952 15408 432
-2064 15264 864
-1968 15184 864
-2128 15056 864
-2128 15056 864
-2240 15056 864
-2208 14880 848
-2128 14832 1264
-2128 14832 1136
-2176 14928 1456
-2112 15088 1232
-2112 15088 1296
-2288 15312 1296
-2368 15408 1344
-2624 15616 1840
-2720 15728 1888
-2672 15824 1680
-2528 15808 1776
-2528 15808 2032
-2240 15648 2032
-1936 15520 2032
-1520 15296 2624
-1232 15200 2816
-848 15040 3088
-592 14960 3328
-592 14960 3392
-624 14704 3392
-784 14704 3408
-1024 14800 3248
-1120 14944 3040
-1472 15136 2928
-1472 15264 3008
-1584 15264 3008
-1712 15264 3568
-1808 15312 3472
-1648 15376 3072
-1536 15536 3360
-1664 15632 3968
-1664 15648 4128
-1536 15664 4304
-1600 15712 4336
-1600 15488 4112
-1376 15488 3840
-928 15184 3840
-704 15280 3648
-448 15264 3360
-304 15120 3456
-800 14512 -320
-1392 15040 -2736
-1408 15264 352
-1344 15248 2432
-1152 15088 3248
-1152 15072 4160
-848 14800 4608
-640 14800 4320
-640 14960 4320
-544 14928 4272
-624 14992 4528
-720 15008 4480
-576 14960 5104
-576 14960 5248
-272 14720 5248
0 14512 4752
96 14320 3888
176 14096 3280
496 13920 3616
368 13712 3344
752 13728 3408
752 13968 4688
720 13968 4688
656 14288 3280
768 14624 3120
688 14528 1712
992 14480 2400
1248 14432 3984
1344 14800 2480
1536 14320 3856
1536 14320 2672
1392 14816 2672
1568 14752 2352
1440 15184 3680
1456 15520 960
1456 15088 1568
2240 16224 -1936
2240 17920 -2528
2976 17920 12576
-3936 12336 12624
-592 13136 11504
352 16704 5936
-2944 5184 11216
-1408 18912 9152
128 16336 7632
1456 14080 6176
2304 15232 3600
2304 15376 3408
2528 15376 3408
2464 15296 3552
2576 15824 4096
2176 16384 3776
1920 16432 3904
2496 14640 4368
2720 16096 3616
2720 13248 4864
1888 13248 4080
2112 14432 3600
512 17696 3600
592 15408 3584
944 14976 2080
512 13296 1424
160 13904 2400
-272 15472 4768
1744 18000 5520
640 17488 5408
640 17488 4176
-2048 15472 3904
-640 15680 3984
-416 15536 3648
-224 15232 4016
-96 15136 4080
0 15216 4032
0 15216 3968
256 15456 3968
224 15120 5712
208 15568 5952
0 15600 4896
-64 15552 3840
-64 15552 3776
-176 15696 3776
-160 15744 4032
-304 15744 4096
-192 15728 4112
-304 15856 4112
-320 15792 4080
-320 15712 4096
-336 15712 4096
-208 15616 4064
-256 15568 4432
-224 15664 4160
-304 15664 4336
-304 15616 4160
-304 15648 4032
-304 15536 3936
-272 15536 3968
-272 15568 3968
-112 15552 3792
-48 15584 3936
-32 15584 3984
-32 15632 3568
-64 15632 4032
-48 15616 4032
-128 15600 4064
48 15600 4320
288 15568 4192
240 15632 4096
160 15584 4000
64 15600 4208
-112 15648 4368
-112 15696 4416
-64 15696 4240
-48 15680 4240
112 15648 4192
176 15568 4144
464 15472 4288
784 15408 4544
1296 15136 4528
1408 14880 4512
1408 14656 4176
1536 14624 4064
1664 15024 3840
1472 15024 3936
896 14880 3936
928 15232 4112
400 15232 4016
704 14864 3792
-2608 12784 3664
-2608 15216 2928
-3936 15216 2928
-2912 16112 5168
-1296 16272 5168
160 16064 4912
928 15680 4144
1072 15520 3824
688 15536 3936
688 15808 4032
48 15808 4048
-272 15968 4032
-416 16032 4032
-368 16080 4112
-144 16016 3920
