startup(x,y,z):(608,16240,224)
528 16832 1952
1216 15712 1472
752 17184 1152
752 17184 1840
288 17360 1840
704 20160 864
176 22176 1632
224 20240 2704
160 19520 1552
160 18496 1136
512 18544 1136
944 17744 1312
992 17296 1152
592 17120 1264
512 16720 1264
512 17840 1040
752 17840 1552
1712 20368 1552
288 24688 2384
800 27424 4096
-2016 20576 4736
-1936 20576 4544
-1376 14768 4544
-2192 12720 2736
-912 13424 2112
2816 14832 1600
1824 15360 448
224 15632 912
224 16640 1584
-192 16640 2352
-1552 20816 2352
-1248 19952 5088
-1952 18032 6976
-2224 16000 8240
-2224 14544 8256
-1136 14544 6688
208 13808 6688
1168 13504 5216
1552 13232 3984
1952 12896 2784
1872 12336 2624
1840 12096 1952
1840 12368 32
2288 12368 -2464
2944 12832 -2464
3232 13104 -4224
3280 12768 -4928
3104 12144 -5280
2800 11424 -4960
2640 10848 -4752
2368 10576 -4448
1872 10688 -3856
1584 10704 -3504
1184 11248 -3424
1184 11952 -3040
880 11952 -3040
864 12384 -2464
608 12992 -2128
448 13632 -1456
144 14304 -1056
-272 14992 -576
-272 15680 -240
-1008 16240 -400
-928 16240 -192
-1312 16528 -1168
-1248 16400 -1488
-1232 16400 -2016
-1040 17600 -2576
-592 17440 -2576
-384 18176 -2640
-304 18928 -2640
-416 20208 -2064
-752 21184 -1760
-688 21536 -1568
-544 21776 -1744
-400 21552 -1680
-624 21904 -2928
-320 20896 -1648
-112 19744 -2400
704 17712 -1456
960 17248 -1632
1104 16912 -1856
1504 16336 -2560
1680 15840 -2848
1840 14976 -3184
1664 14704 -3152
1648 14496 -3184
1680 14464 -3136
1680 14416 -2992
1520 14416 -2848
1360 15136 -2704
1360 15392 -1984
1072 15392 -1984
1312 15584 -1856
1264 15840 -1664
1104 15968 -1696
1072 16064 -1808
784 16032 -1888
544 15856 -1920
608 15664 -1808
448 15584 -1664
880 15664 -1824
1024 15824 -1392
1024 16032 -1440
1168 16256 -1536
1056 16368 -1280
656 16544 -1072
528 16640 -1520
528 16752 -1392
528 16768 -1152
528 16800 -1120
1152 16816 -1136
1152 16816 -1008
1184 16752 -1440
992 16752 -1440
832 16704 -1568
704 16576 -1776
656 16496 -1920
656 16320 -1824
752 16016 -1968
880 15920 -1936
752 15968 -1632
992 16048 -1472
1040 16272 -1392
1056 16416 -1632
944 16448 -1712
944 16512 -1648
704 16544 -1440
576 16416 -1488
272 16416 -1840
176 16400 -1728
288 16256 -1472
32 16192 -1568
224 16192 -1456
320 16048 -1488
400 16016 -1680
288 16016 -1520
320 15936 -1536
336 15872 -1536
240 15856 -1760
384 15840 -1808
288 15760 -1392
288 15808 -1328
144 15808 -1312
224 15776 -1312
112 15840 -1264
256 15920 -1344
336 16096 -1456
496 16224 -1248
480 16224 -1296
480 16224 -1072
512 16112 -1072
384 16112 -1232
240 16000 -1024
112 15952 -1200
48 15840 -1136
32 15728 -928
32 15712 -992
32 15632 -1088
128 15632 -1072
208 15520 -1152
336 15488 -1264
256 15488 -1264
320 15536 -1280
400 15680 -1280
448 15824 -1424
448 15888 -1328
368 15888 -1328
112 15840 -1120
112 15904 -1040
32 15904 -1008
48 15952 -1008
-32 16000 -896
32 15968 -1040
272 15936 -1072
464 15920 -1184
464 15920 -976
576 15904 -976
736 15856 -1024
592 15856 -1008
464 15904 -960
240 15920 -1264
208 16032 -944
112 16176 -832
112 16176 -592
112 16384 -592
16 16544 -688
160 16768 -720
256 16816 -592
400 16736 -672
480 16768 -752
480 16768 -848
320 16720 -848
320 16672 -864
352 16512 -832
480 16400 -832
448 16416 -896
256 16320 -944
256 16272 -1104
352 16272 -944
192 16160 -944
208 16128 -976
384 16080 -1056
736 15984 -1136
768 15856 -880
624 15856 -832
624 15856 -864
864 15952 -864
800 15984 -912
816 16000 -816
624 16064 -752
608 16128 -800
544 16176 -672
544 16176 -624
384 16192 -624
320 16128 -752
336 16080 -768
336 16096 -944
400 16064 -912
400 16032 -752
368 16032 -704
480 16032 -704
352 16000 -704
384 16064 -736
512 16096 -576
512 16208 -784
720 16208 -656
864 16208 -656
944 16272 -768
960 16256 -784
880 16272 -624
768 16176 -544
688 16176 -576
528 16224 -672
528 16192 -672
624 16192 -1008
608 16144 -1024
544 16160 -832
544 16160 -640
480 16112 -944
560 16112 -704
480 15984 -704
768 15968 -944
656 16016 -736
624 15904 -1152
688 15888 -928
688 15984 -816
960 15984 -1008
944 16048 -1008
1072 16080 -1008
1104 16192 -864
1088 16192 -688
1008 16256 -512
1040 16368 -496
832 16352 -752
960 16432 -592
832 16496 -528
704 16432 -160
640 16448 -48
640 16352 -192
832 16352 -192
864 16288 -272
880 16288 -464
768 16288 -592
768 16240 -624
832 16272 -912
832 16240 -576
688 16240 -432
736 16160 -224
752 16240 -224
864 16176 -432
912 16176 -688
848 16176 -848
752 16176 -848
752 16176 -576
592 16304 -576
448 16304 -816
400 16352 -560
464 16352 -608
480 16336 -608
640 16272 -592
784 16208 -528
784 16176 -512
784 16112 -480
672 16112 -448
576 16112 -448
592 16128 -784
576 16064 -784
528 16080 -432
576 16096 -336
560 16160 -496
560 16160 -672
768 16128 -624
752 16112 -624
704 15968 -608
672 15888 -544
608 15968 -592
592 15968 -784
592 15952 -720
560 15952 -560
496 16032 -832
496 15968 -736
304 15968 -736
288 16080 -416
320 16256 -496
384 16256 -560
256 16272 -512
352 16304 -416
352 16224 -352
432 16288 -304
432 16304 -368
528 16304 0
480 16352 0
432 16336 96
368 16368 -16
384 16336 -112
352 16416 -288
352 16416 -480
272 16416 -480
384 16432 -416
368 16352 -208
528 16208 -352
576 16176 -528
336 16080 -544
336 16048 -528
304 16048 -160
224 16048 -160
288 15968 -256
416 16096 -464
416 16256 -576
416 16272 -512
448 16272 -512
448 16272 -432
592 16256 -432
608 16288 -432
752 16256 -560
640 16272 -352
576 16320 -192
528 16256 -320
528 16256 -416
656 16208 -416
704 16224 -656
736 16272 -192
560 16080 -192
656 16144 -224
624 16176 -464
656 16112 -64
608 16256 -192
592 16128 -368
592 16160 -272
352 16160 -272
480 16112 -688
480 16192 -544
368 16096 -304
400 16144 -80
416 16240 -192
544 16544 -736
544 16464 -288
672 16464 48
608 16416 48
368 16432 192
416 16400 416
512 16304 384
512 16384 464
400 16384 112
592 16352 272
560 16352 272
464 16400 432
512 16480 448
624 16560 560
672 16592 624
672 16592 448
624 16464 448
608 16400 656
432 16320 496
416 16208 352
352 16160 384
416 16112 272
416 16112 464
368 16000 464
672 15968 176
704 15952 144
704 15920 320
704 15840 352
688 15840 496
688 15840 400
672 15776 400
480 15744 432
320 15760 528
192 15728 576
112 15840 624
304 15904 672
304 15952 640
320 15952 672
288 15968 672
352 16032 928
160 16080 800
224 16144 656
400 16096 800
400 16144 608
624 16144 592
528 16192 592
480 16208 576
416 16240 464
416 16256 688
400 16256 800
400 16400 768
512 16400 -16
560 16624 -16
688 16544 176
592 16576 688
528 16416 800
464 16256 880
464 16256 752
480 16208 752
272 16128 896
336 16112 928
416 16112 1008
448 16080 912
448 15968 896
672 15968 1136
704 16064 1136
400 16176 1104
432 16192 1248
320 16208 784
272 16160 816
272 16080 720
272 16080 768
432 16080 928
288 16048 928
240 16016 624
272 16016 704
272 16032 768
272 16064 528
304 16064 288
352 16128 288
288 16048 512
256 16048 640
192 16128 800
96 16032 1184
80 15968 928
80 15968 1200
-48 15968 1200
96 15968 1120
224 16016 992
336 16048 1008
400 16064 1088
416 16080 1104
416 16064 1152
544 16032 960
624 16032 592
608 16176 592
512 16336 896
240 16448 880
432 16480 720
336 16432 848
304 16384 960
304 16560 400
464 16560 368
864 16592 752
688 16480 752
640 16320 992
608 16224 1088
416 16064 1344
400 16064 1024
496 16064 1024
688 16112 944
736 16208 944
912 16240 1056
768 16112 1328
720 16000 1472
592 16032 1440
352 15904 1440
352 15808 1568
288 15872 1664
336 15872 1664
400 15824 1792
352 15808 1840
336 15840 2208
368 15872 2016
352 15952 1984
224 16096 1968
224 16352 2096
304 16176 2096
256 16224 2256
192 16272 2288
400 16320 2160
288 16240 2240
288 16208 1984
192 16208 2144
224 16128 2272
320 16032 2272
288 16048 2128
368 15968 1936
352 15856 2128
352 15872 2352
304 15920 2240
384 15984 2240
384 15984 2064
432 16064 2064
560 16080 2128
656 15952 1888
704 16000 1728
624 15920 1760
624 15952 1840
768 15952 2016
800 15920 2016
720 15984 2016
848 16080 1952
704 16144 1888
608 16144 1824
608 16112 1888
