startup(x,y,z):(256,16272,320)
128 18016 7568
3776 18912 8160
944 18912 8160
-320 19424 8144
-496 21168 7872
1456 26784 7232
2448 31120 6736
2384 31120 4608
1360 30384 4608
848 28816 4624
-4864 30736 10608
-8096 11424 13312
-3792 9984 11904
-144 12736 8496
-336 16736 8224
-960 17936 7888
-960 17088 5376
96 17088 5376
48 16848 2704
-1648 20752 7600
-2016 26704 7472
-848 29664 4448
-256 30000 1168
-208 29664 -2128
-464 28400 -3312
432 26912 -3184
432 26912 -1888
1088 24800 -1888
1248 22336 112
848 19824 2192
816 17792 3088
816 17792 3008
624 15952 2512
608 14464 2512
528 13296 1712
256 12192 960
192 11216 720
112 10272 752
-64 9424 880
-64 9424 1152
-416 8816 1152
-688 8448 1632
-1152 8224 1760
-1728 8688 2128
-1728 9568 2416
-2192 9568 2544
-2480 10496 2544
-2352 11328 2320
-1840 11936 2176
-1264 12304 1856
-944 12528 2464
-944 12384 2672
-560 12384 3120
-880 12208 3120
-960 11648 3184
-1328 11376 3664
-1504 10912 4304
-1616 10576 4400
-1616 10176 4608
-1264 10096 4544
-800 10320 4816
-800 10320 5104
-496 10784 5104
-464 11392 5152
-544 12096 5072
-720 12720 5120
-720 12720 5024
-624 13328 5024
-416 13968 5152
-320 14448 5136
-256 14576 4704
-144 14608 4528
-144 14512 4512
-144 14352 4448
-208 14352 4448
-432 14288 4464
-896 14304 3968
-1312 14192 4000
-1584 14144 3808
-1584 14144 4256
-2000 14080 4256
-2240 14176 4560
-2496 14096 4944
-2624 14016 5216
-2640 14208 5200
-2640 14208 5232
-2256 14384 5232
-1872 14960 5328
-1584 15232 5104
-1584 15344 5072
-1456 15344 4944
-1136 15408 5104
-832 15504 5344
-832 15536 5344
-896 15536 5264
-736 15472 5072
-576 15456 5008
-576 15552 5088
-656 15552 4896
-656 15504 4896
-800 15616 4880
-1120 15648 5056
-1152 15680 5200
-1424 15648 5376
-1424 15616 5488
-1712 15616 5680
-2064 15520 5680
-2272 15472 5904
-2304 15424 6208
-2160 15184 6272
-2160 15024 6272
-1968 15024 6416
-1776 14928 6416
-1472 14640 6672
-1344 14272 6832
-1520 13888 6768
-1600 13664 6560
-1600 13600 6320
-1696 13600 6176
-1696 13600 6176
-1696 13776 6096
-1744 14080 6192
-1536 14352 5984
-1504 14672 5824
-1504 14672 5584
-1536 15008 5584
-1712 15232 5504
-1504 15472 5184
-1456 15728 5200
-1616 15840 5360
-1840 15776 5488
-2176 15616 5360
-2176 15616 5424
-2384 15328 5424
-2624 14848 5200
-2528 14416 5328
-2384 14176 5296
-2384 13920 5680
-2256 13920 5552
-2304 14064 5552
-2192 14112 5424
-2128 14192 5712
-2336 14304 5680
-2272 14528 5664
-2208 14720 5696
-2224 14976 5440
-2224 15136 5632
-2144 15136 5344
-2016 15232 5344
-1760 15376 5232
-1696 15552 5184
-1744 15728 5440
-1776 15744 5360
-1808 15744 5248
-1808 15744 5168
-1920 15568 5168
-1728 15296 5184
-1904 14976 5616
-2144 14880 5520
-2144 14640 5552
-2112 14640 5664
-2256 14576 5664
-2096 14592 5776
-1872 14640 5680
-1824 14880 5584
-1744 15152 5600
-1744 15376 5472
-1744 15536 5440
-1552 15536 5440
-1408 15696 5504
-1424 15888 5520
-1312 15856 5536
-1184 15824 5296
-1184 15824 5312
-1328 15808 5312
-1056 15712 5040
-1328 15712 4720
-1184 15632 4640
-1216 15520 4800
-1216 15440 4720
-1424 15440 4720
-1536 15424 4912
-1664 15328 4944
-1808 15136 5280
-1728 14960 5440
-1728 14928 5600
-1824 14816 5760
-1744 14816 5760
-1840 14832 5792
-1808 14736 5744
-1920 14944 5728
-1872 15072 5552
-1872 15216 5712
-1792 15216 5712
-1600 15392 5472
-1600 15520 5264
-1504 15440 5248
-1488 15328 5280
-1456 15296 5104
-1456 15152 4992
-1456 15152 4992
-1424 15152 4976
-1536 15040 4912
-1552 14960 5264
-1472 15040 5264
-1472 14992 5456
-1472 15024 5216
-1472 15104 5088
-1360 15184 5008
-1568 15200 5088
-1552 15056 5104
-1552 15056 5104
-1312 15056 5392
-1312 15072 5392
-1392 15136 5584
-1312 15152 5536
-1248 15168 5744
-1248 15104 5792
-1344 15104 5776
-1440 15184 5776
-1376 15200 5872
-1376 15264 6000
-1312 15232 5680
-1424 15232 5504
-1424 15280 5296
-1280 15280 5328
-1216 15344 5328
-1280 15392 5312
-1312 15408 5184
-1168 15296 5280
-1168 15264 5312
-1248 15264 5296
-1248 15264 5296
-1248 15280 5152
-1184 15248 5040
-1280 15264 5024
-1344 15216 5104
-1344 15280 5184
-1328 15280 5328
-1504 15216 5328
-1456 15296 5120
-1408 15296 5216
-1488 15328 5280
-1488 15280 5584
-1520 15280 5504
-1472 15312 5696
-1376 15312 5696
-1312 15312 5440
-1216 15168 5776
-1296 15120 5536
-1264 15120 5376
-1264 15120 5296
-1472 15024 5296
-1472 15008 5344
-1504 15024 5568
-1360 15008 5360
-1360 15024 5120
-1312 14944 5312
-1424 14944 5312
-1424 15056 5088
-1168 15072 5104
-1152 15248 4832
-1280 15344 5040
-1280 15472 4944
-1328 15472 5120
-1248 15456 5120
-1248 15408 5184
-1360 15392 5360
-1456 15296 5328
-1488 15264 5312
-1488 15264 4896
-1568 15248 4896
-1504 15136 5120
-1648 15008 5040
-1680 15040 4976
-1440 15056 5072
-1440 15056 5264
-1584 15040 5264
-1520 15136 5120
-1424 15120 5120
-1504 15232 5360
-1616 15152 5200
-1664 15168 5216
-1664 15040 5104
-1504 15040 5168
-1584 15088 5168
-1712 15056 5200
-1648 15056 5088
-1504 15088 5168
-1504 15216 4864
-1504 15216 4864
-1472 15200 4640
-1616 15152 4656
-1840 15168 4896
-1760 15200 4896
-1680 15216 5088
-1680 15280 5200
-1792 15280 5200
-1696 15328 5296
-1616 15408 5296
-1648 15488 5056
-1616 15408 5184
-1616 15408 5184
-1552 15376 5184
-1568 15440 4928
-1440 15360 4992
-1616 15376 4912
-1600 15392 5072
-1600 15392 5040
-1456 15392 5072
-1264 15440 5072
-1280 15584 5104
-1232 15584 4848
-1200 15552 4832
-1424 15584 4656
-1424 15488 4352
-1216 15488 4432
-1216 15424 4432
-1136 15408 4608
-1344 15280 4720
-1520 15072 4864
-1504 14928 4976
-1504 14880 4944
-1504 14880 4688
-1264 14912 4672
-1360 15088 4432
-1232 15168 4400
-1232 15184 4352
-1248 15360 4240
-1184 15456 4400
-1120 15536 4352
-1072 15536 4352
-848 15584 4352
-832 15568 4224
-848 15648 4032
-944 15664 4176
-944 15664 4160
-928 15648 4160
-1168 15632 4128
-1104 15696 4176
-1232 15728 4208
-1264 15696 4240
-1264 15776 4400
-1216 15760 4272
-1056 15760 4272
-1008 15904 4288
-1136 15920 4368
-944 15808 4192
-976 15824 4096
-976 15824 4496
-992 15776 4496
-944 15776 4384
-896 15840 4144
-720 15872 3936
-912 15872 4128
-736 15904 4096
-736 15904 3936
-640 15904 3936
-624 15888 4096
-528 16016 3952
-624 16016 4096
-624 16016 4320
-688 16016 4320
-752 16128 4016
-784 16096 3984
-848 16032 4032
-784 15920 3936
-608 15840 3840
-608 15856 3776
-608 15856 3776
-896 15936 4096
-544 15952 4016
-544 15920 4160
-544 16000 3888
-528 16000 3712
-544 15936 3712
-448 15760 3952
-432 15696 3984
-496 15616 4016
-800 15472 3904
-880 15392 3712
-880 15392 3728
-928 15312 3728
-1120 15264 3856
-1088 15168 4048
-1072 15120 3792
-928 15200 3728
-928 15152 3792
-768 15152 3744
-832 15168 3744
-960 15360 3888
-800 15376 3792
-768 15424 3744
-768 15472 3840
-880 15472 3872
-928 15520 3872
-784 15584 3952
-704 15568 4048
-672 15600 4144
-672 15600 4224
-864 15696 4240
-880 15728 4240
-864 15712 4176
-992 15680 4320
-704 15760 4176
-752 15712 4368
-752 15712 4272
-736 15760 4272
-864 15776 4208
-864 15792 4400
-848 15744 4208
-848 15696 4000
-640 15696 4128
-592 15712 4128
-544 15712 4272
-496 15728 3968
-576 15744 4112
-640 15776 4000
-640 15776 4144
-512 15664 4144
-528 15792 4096
-672 15792 4128
-496 15840 4288
-496 15840 4032
-480 15920 4144
-576 16000 4144
-672 16064 3984
-432 16080 3952
-512 16048 3872
-608 15968 3824
-608 15968 3968
-688 15904 3968
-704 15728 3712
-784 15632 3824
-640 15488 4288
-768 15440 4208
-768 15376 4352
-832 15376 4176
-752 15376 4176
-656 15392 3984
-656 15456 3840
-720 15552 3856
-720 15552 3952
-816 15552 3696
-672 15568 3712
-864 15504 3920
-608 15536 3968
-656 15504 4064
-656 15552 4288
-800 15552 4288
-816 15488 4368
-928 15440 4432
-752 15568 4208
-672 15648 4240
-672 15648 4224
-720 15648 4176
-608 15600 4176
-608 15568 4176
-720 15632 4240
-688 15632 4144
-688 15760 4000
-736 15760 4112
-848 15824 4112
-720 15712 4080
-544 15632 3936
-656 15680 4016
-592 15664 3744
-592 15664 3760
-672 15680 3760
-592 15616 3984
-608 15520 4080
-800 15488 4240
-1040 15520 4080
-1040 15472 4000
-848 15472 3792
-816 15488 3792
-720 15536 3696
-704 15600 3648
-688 15632 3744
-688 15648 3792
-672 15648 3536
-608 15728 3536
-592 15728 3632
-432 15680 3744
-576 15728 3680
-656 15936 3808
-656 15984 3696
-704 15984 3696
-720 16048 3664
-624 16096 3664
-640 16208 3696
-448 16224 3536
-448 16224 3568
-448 16192 3568
-512 16240 3584
-432 16192 3360
-384 16128 3536
-400 16112 3552
-400 16096 3632
-416 16096 3744
-608 16000 3744
-608 15872 3888
-672 15792 3888
-480 15824 3968
-480 15776 3648
-448 15776 3712
-416 15712 3712
-528 15808 3712
-480 15808 3808
-416 15744 3712
-288 15888 3696
-288 15904 3712
