startup(x,y,z):(192,16224,208)
112 16976 2240
-704 16640 2192
1056 15840 832
-48 15968 2480
-48 16000 2128
304 16000 2368
1616 15568 2368
-432 16272 1424
1232 16192 -1296
-512 15920 656
-1408 15664 1792
1216 15664 1792
-2016 14160 3024
992 16208 2304
-1152 16080 1776
32 16256 1680
208 16032 1680
-112 16096 1520
-112 15968 1392
-48 16080 1152
-32 16256 1152
304 16416 1392
480 16528 1296
480 16496 1840
352 16496 2304
352 16400 2304
704 16304 3168
1616 15984 3824
2848 20544 -1872
1248 17568 3792
1296 16208 5696
832 16640 3376
3680 17632 2160
3680 18224 96
2656 18224 4624
2272 16800 4624
2192 17040 5776
-864 12768 8032
288 11792 5904
800 12256 3312
832 12256 880
672 13312 -544
512 15216 -1008
-144 15632 -1088
-720 15632 -1088
-1056 15280 -1344
-1088 15424 -544
-736 15568 112
-224 15840 880
32 15952 1072
208 15952 976
448 16016 976
336 16064 1248
176 15888 544
-64 16208 160
-224 15920 160
-576 16000 -48
-528 16000 -224
-608 15488 -208
-608 15168 -432
-672 15168 -432
-480 15072 -576
-560 15152 -592
-352 15216 -592
-560 15344 -176
-368 15360 -304
-288 15392 -288
-128 15776 -240
-336 16240 400
-336 16816 656
-560 16816 304
-768 16928 304
-832 17184 256
-1024 17264 0
-1040 16976 -368
-800 16688 -1056
-736 16528 -1472
-688 16512 -1440
-352 16480 -1872
-352 15792 -1520
-128 15792 -1520
-16 16080 -1440
16 16288 -1488
-160 16352 -1264
-96 16272 -1232
-96 16240 -1104
-224 16272 -1152
-112 16400 -1264
112 16384 -1376
112 16352 -1280
176 16352 -1280
192 16368 -1344
336 16400 -2048
416 16080 -1808
384 16480 -1520
384 16736 -1920
576 16736 -1920
672 16720 -1952
480 16640 -2064
432 16320 -1888
336 16432 -1888
288 16480 -1920
448 16320 -1744
48 16112 -1680
48 15888 -1616
-96 15888 -1616
-240 15904 -1616
-256 15808 -1600
-336 15744 -1440
-384 15760 -1216
-400 15856 -1088
-400 15936 -1088
-272 16016 -960
-192 16112 -1024
-192 16080 -848
-128 16080 -1024
-160 16176 -1024
0 16208 -1216
128 16304 -1408
16 16256 -1104
176 16208 -944
240 16176 -1136
192 16032 -992
192 16032 -912
192 16032 -1056
16 16096 -1056
32 16096 -1040
-416 16096 -992
-512 16192 -784
-304 16080 -784
-304 16016 -912
-272 16016 -560
-288 16032 -672
-128 16048 -672
16 16128 -624
-96 16176 -560
-80 16336 -624
-96 16464 -640
-96 16432 -672
-256 16432 -672
-160 16400 -880
-192 16400 -784
-144 16288 -864
-144 16272 -656
-80 16256 -688
-96 16128 -704
-96 16048 -896
-112 16048 -576
-416 16064 -576
-400 16000 -880
-624 15872 -704
-448 15840 -656
-448 15888 -656
-448 15888 -736
-480 15904 -736
-480 15952 -736
-544 16080 -912
-608 16240 -912
-560 16432 -1120
-496 16416 -1184
-416 16432 -1104
-416 16416 -1184
-528 16416 -1008
-528 16336 -1008
-656 16272 -832
-752 16304 -864
-832 16336 -784
-800 16368 -832
-752 16320 -992
-528 16224 -928
-528 16224 -864
-608 16064 -864
-560 15984 -880
-672 15888 -880
-800 15872 -976
-800 15728 -816
-624 15728 -800
-752 15856 -800
-800 16000 -880
-768 16064 -976
-688 16128 -1200
-592 16240 -1088
-672 16272 -1152
-672 16432 -1216
-672 16432 -1104
-784 16416 -1104
-768 16432 -1040
-752 16384 -1184
-624 16304 -1136
-560 16224 -1312
-560 16240 -1152
-832 16192 -1376
-832 16128 -1136
-992 16016 -1104
-816 15952 -1072
-816 15952 -768
-752 15920 -896
-752 15968 -896
-720 15920 -960
-688 15888 -832
-544 15920 -1184
-480 16000 -1200
-624 16032 -1472
-544 16000 -1088
-608 15984 -1040
-688 16080 -1024
-688 16080 -1136
-560 16112 -1200
-544 16128 -1200
-432 16240 -1328
-496 16272 -1248
-368 16160 -1344
-384 16192 -1360
-544 16208 -1280
-480 16096 -1184
-560 16032 -1184
-560 16032 -1216
-720 15968 -848
-720 15856 -848
-656 15808 -960
-704 15872 -1104
-624 15936 -1008
-528 15984 -1088
-448 16048 -1184
-448 16128 -1088
-464 16144 -1312
-464 16208 -1136
-464 16208 -1136
-224 16272 -1072
-272 16352 -960
-352 16368 -1040
-416 16384 -1008
-512 16352 -1136
-512 16256 -1024
-656 16256 -1184
-544 16208 -1184
-496 16208 -1088
-496 16208 -1136
-304 16144 -1136
-304 16224 -1264
-352 16272 -1200
-512 16304 -1104
-720 16272 -880
-624 16160 -1024
-544 16224 -1232
-544 16128 -1360
-480 16048 -1296
-576 16048 -1376
-576 16080 -1344
-704 16080 -1344
-896 16080 -1360
-656 16032 -1296
-464 16016 -1536
-384 16048 -1616
-512 16176 -1280
-512 16192 -1184
-624 16192 -1344
-720 16256 -1360
-688 16240 -1472
-688 16240 -1488
-672 16240 -1488
-736 16240 -1568
-640 16208 -1344
-704 16224 -1232
-656 16208 -1248
-672 16080 -1104
-672 16112 -1296
-560 16112 -1488
-400 16112 -1216
-672 16208 -1408
-528 16192 -1408
-736 16128 -1248
-832 16096 -1184
-832 16080 -1104
-800 16144 -1216
-800 16112 -1008
-784 16112 -1008
-928 16096 -1136
-768 16096 -976
-816 16080 -1040
-800 16080 -1136
-624 16112 -1232
-688 16064 -976
-688 16080 -960
-688 16080 -1472
-608 16144 -1296
-736 16144 -1216
-752 16256 -1232
-656 16224 -1184
-656 16144 -1312
-688 16128 -1440
-784 16128 -1376
-672 16096 -1584
-720 16096 -1584
-832 16032 -1744
-880 16016 -1584
-864 16064 -1440
-848 16000 -1312
-848 16000 -1440
-768 15952 -1440
-832 16048 -1440
-816 15984 -880
-912 15968 -672
-832 16000 -1040
-928 16112 -1104
-928 16192 -1312
-928 16112 -1008
-816 16112 -912
-832 16144 -912
-816 16176 -880
-912 16208 -848
-912 16208 -1184
-832 16176 -1152
-832 16224 -1312
-912 16224 -1392
-896 16176 -1168
-816 16176 -1088
-848 16240 -1088
-720 16176 -1296
-816 16112 -1056
-928 16080 -1184
-880 16096 -1200
-880 16096 -1376
-800 16048 -1376
-912 16000 -1056
-896 16016 -912
-864 16032 -880
-912 16096 -912
-816 16128 -944
-816 16144 -1040
-864 16144 -1040
-912 16224 -1136
-960 16144 -1168
-976 16176 -1008
-944 16192 -1200
-944 16128 -1104
-800 16112 -1200
-960 16160 -1312
-784 16160 -1200
-784 16160 -1248
-768 16240 -1248
-864 16208 -1280
-752 16144 -1360
-880 16112 -1264
-928 16080 -1296
-928 16096 -960
-1040 16096 -976
-1088 16032 -1232
-1040 16000 -1136
-1136 16064 -1088
-1072 16064 -880
-1136 16016 -880
-1120 16048 -880
-1072 16112 -1056
-1088 16208 -1312
-1008 16208 -1264
-1008 16208 -1360
-832 16224 -1360
-896 16224 -1392
-944 16208 -1376
-960 15872 -1232
-1040 16080 -1232
-896 16000 -1504
-1008 16032 -1296
-1024 15904 -1040
-976 15888 -1056
-976 16032 -1040
-1008 16032 -992
-928 16080 -992
-1024 16112 -928
-1024 16176 -1120
-896 16144 -1232
-848 16224 -1408
-800 16224 -1040
-736 16208 -1216
-816 16272 -1024
-816 16192 -1040
-896 16192 -1056
-992 16096 -1056
-832 16096 -992
-880 16016 -1024
-1008 16096 -1168
-752 16048 -1296
-848 16160 -1200
-832 16080 -1072
-768 16112 -1184
-848 16128 -1504
-848 16128 -1216
-704 16096 -1152
-736 16064 -1152
-688 16064 -992
-816 15968 -1104
-784 15984 -1136
-816 16016 -1088
-768 16016 -1136
-848 16208 -1104
-800 16240 -1232
-800 16240 -1216
-736 16240 -1216
-864 16352 -1328
-944 16400 -1344
-912 16304 -1088
-944 16208 -1200
-944 16096 -1216
-800 16096 -1040
-896 16064 -1008
-800 16048 -1024
-912 16048 -1024
-944 16064 -1136
-816 16000 -1312
-784 15984 -1008
-768 15952 -992
-944 15984 -944
-944 15984 -1056
-992 16016 -1056
-896 16048 -928
-944 16112 -1040
-992 16112 -864
-1024 16160 -864
-1088 16128 -816
-880 16112 -880
-880 16208 -1104
-928 16160 -1168
-928 16176 -1088
-1120 16176 -1088
-1216 16096 -864
-1104 16144 -1024
-928 16160 -928
-944 16080 -912
-1040 16080 -848
-1040 16016 -800
-944 16016 -944
-1088 16016 -912
-1088 15984 -784
-1120 15984 -816
-1136 15984 -816
-1120 16048 -784
-1088 16032 -576
-1056 16032 -432
-976 16096 -624
-992 16160 -624
-944 16256 -1024
-896 16224 -1040
-1008 16256 -976
-1008 16176 -752
-1024 16176 -752
-896 16144 -784
-1088 16224 -880
-960 16176 -960
-1040 16064 -752
-1104 16016 -800
-1216 16112 -944
-1216 16048 -912
-1216 16048 -1040
-1072 16080 -1040
-992 16096 -960
-976 16144 -1088
-1040 16112 -704
-1088 16112 -816
-1088 16160 -944
-1120 16160 -1088
-1200 16128 -896
-1280 16144 -752
-1280 16144 -816
-1200 16128 -816
-1168 16080 -896
-976 16096 -1040
-896 16080 -1040
-896 16096 -816
-656 16224 -384
-848 16080 -928
-1008 16176 -944
-1216 16128 -992
-1216 16128 -1024
-1344 16112 -1024
-1504 16080 -912
-1536 16048 -784
-1312 16016 -800
-1168 16048 -816
-1168 16048 -704
-1312 16080 -704
-1200 16128 -736
-1216 16208 -896
-1072 16256 -1136
-976 16224 -960
-640 16080 -1504
-720 16048 -1600
-720 16080 -1216
-816 16112 -1136
-1008 16112 -1136
-1168 16064 -816
-1360 15840 -416
-1472 15792 -336
-1520 15840 -544
-1152 15824 -736
-1056 16016 -1072
-1040 16128 -1024
-1040 16256 -1216
-1120 16256 -1216
-944 16208 -1040
-1024 16208 -1136
-912 16176 -848
-1056 16256 -784
-1056 16176 -1072
-880 16176 -832
-944 16128 -896
-944 16096 -832
-1056 16096 -832
-1072 16032 -848
-1200 16048 -640
-1200 15984 -336
-1072 16016 -464
