startup(x,y,z):(144,16208,528)
144 16208 1200
96 16224 960
96 16288 1296
272 16240 1152
288 16192 896
224 16208 1008
208 16192 1040
208 16192 1136
240 16128 1136
224 16112 1184
320 16144 928
112 16112 1168
112 16208 1120
112 16208 624
176 16176 832
192 16224 912
240 16272 880
256 16272 896
48 16256 1040
32 16256 1008
192 16096 1088
384 16176 1024
384 16288 1024
320 16288 1024
160 16272 1120
192 16240 1024
160 16256 1136
128 16224 1024
128 16176 1088
128 16176 1088
240 16224 1040
192 16192 1024
288 16144 1184
272 16192 1216
64 16208 1152
64 16240 1216
240 16304 1280
112 16272 1264
208 16272 1168
224 16208 784
144 16272 672
176 16176 1088
272 16176 1088
336 16128 1040
272 16224 1136
160 16176 944
160 16224 1024
64 16160 1008
-64 16128 800
48 16096 784
128 16080 720
-80 16192 928
32 16192 1040
32 16096 992
160 16096 1072
176 16176 1072
176 16160 1008
160 16176 960
96 16192 896
32 16240 864
224 16144 1024
192 16144 1008
192 16144 912
224 16176 800
256 16192 800
128 16192 1040
192 16160 1280
176 16192 1040
176 16256 1024
128 16272 1024
96 16272 896
112 16208 896
112 16256 1056
224 16240 1184
224 16256 1088
272 16208 1072
224 16208 1152
112 16160 1024
112 16176 848
144 16176 960
144 16176 960
192 16144 960
176 16256 960
256 16272 1088
176 16240 992
160 16240 992
160 16240 1072
208 16240 912
176 16144 896
272 16224 864
384 16240 976
384 16176 672
336 16160 512
336 16160 928
368 16160 1120
320 16160 1120
160 16192 1264
192 16272 1328
128 16208 1136
224 16176 1024
160 16176 944
384 16128 944
320 16208 864
320 16224 736
256 16192 1024
240 16192 1024
272 16224 1136
208 16160 1056
272 16192 1104
208 16208 960
144 16208 1008
256 16208 1168
96 16144 1168
144 16128 1152
192 16208 1072
144 16224 1232
240 16240 1328
256 16176 1152
256 16128 1056
224 16144 1232
192 16080 1184
240 16096 1232
512 16128 1120
352 16176 1168
384 16128 1120
384 16112 1072
272 16208 1024
176 16208 1024
272 16160 1040
224 16112 992
288 16128 848
256 16144 1136
176 16288 1232
176 16288 1168
96 16208 1168
192 16128 1136
176 16192 1232
240 16240 944
224 16208 1072
224 16144 736
256 16208 864
160 16160 1136
256 16192 1104
176 16176 1200
192 16288 1264
144 16208 1104
208 16192 1072
208 16192 1056
288 16224 1056
240 16208 976
240 16240 912
-80 16240 1088
80 16128 1168
80 16128 896
352 16128 896
176 16112 880
304 16144 672
64 16080 800
288 16176 880
112 16192 848
176 16128 992
144 16144 944
96 16128 1152
128 16128 1408
160 16128 1408
144 16192 1392
272 16224 1264
288 16208 1296
256 16144 1216
256 16144 1280
240 16128 1280
304 16144 848
160 16224 944
160 16192 976
176 16192 928
368 16176 976
368 16208 1024
320 16208 1024
320 16176 1024
256 16128 1120
240 16096 1248
176 16224 1152
256 16208 1056
256 16256 928
240 16272 928
240 16272 1040
16 16192 1040
112 16224 960
144 16176 1120
32 16176 976
192 16176 1088
192 16192 1120
176 16176 1104
208 16160 1056
304 16128 864
112 16160 864
176 16160 976
128 16208 1040
128 16208 1184
160 16128 1216
176 16128 1088
272 16176 1088
96 16176 1104
96 16224 1168
192 16192 960
112 16256 1200
208 16208 1200
64 16192 1312
176 16176 1520
48 16192 1312
64 16272 1248
64 16272 1344
32 16240 1344
-48 16272 1392
48 16224 1424
96 16224 1232
128 16112 1216
240 16096 1168
256 16016 1120
336 15968 1056
336 16096 1120
304 16096 1216
224 16176 1216
128 16208 1024
160 16192 992
48 16224 1184
48 16160 976
-160 16192 1072
48 16192 1328
16 16160 1104
-96 16192 992
-96 16144 1056
80 16144 1056
0 16160 1200
64 16144 992
224 16208 896
208 16224 1040
144 16288 1152
256 16224 1216
240 16304 1264
240 16272 1248
272 16272 1088
176 16320 1088
192 16240 1088
208 16064 1136
288 16064 1072
192 16048 720
192 16192 960
176 16192 976
176 16256 1024
96 16208 1168
96 16176 1088
192 16176 1040
96 16160 1040
128 16176 1024
224 16176 768
224 16240 928
96 16240 1392
32 16208 1376
192 16208 1456
256 16176 1152
240 16048 1360
192 16048 1360
80 16528 1968
320 16544 1920
544 16384 1600
400 16272 1312
400 16144 1104
464 16144 1104
-832 16368 944
-176 16352 1104
272 16112 1088
512 16192 1040
512 16192 1008
-560 16288 1008
-32 16352 896
112 16288 1232
-176 16144 1408
256 16176 1456
256 16176 1296
256 16240 1184
80 16208 1056
48 16096 1200
48 16128 1216
192 16128 1264
32 16176 1264
112 16128 1216
80 16096 1168
160 16128 1168
128 16176 1216
128 16224 1472
96 16224 1344
144 16112 1056
224 16144 1136
304 16160 1200
304 16160 1296
288 16176 1296
224 16272 1360
272 16192 1216
160 16192 1024
256 16112 960
256 16112 1040
240 16016 1040
272 16048 1024
128 16192 1152
112 16144 1280
96 16224 1280
208 16160 1312
128 16160 1216
192 16208 1264
288 16128 1264
288 16128 1168
288 16160 1168
240 16128 1008
288 16112 1056
208 16144 1104
96 16176 1168
160 16192 1328
160 16192 1456
192 16112 1456
240 16112 1376
320 16144 1312
64 16160 1424
112 16256 1376
112 16176 1600
160 16176 1456
128 16160 1536
128 16192 1472
128 16096 1472
208 16096 960
336 16192 928
416 16240 992
240 16224 1072
256 16240 1216
80 16224 1056
80 16176 1008
208 16176 1040
160 16176 1232
224 16176 1296
272 16144 1376
272 16144 1376
128 16128 1376
240 16240 1344
64 16240 1376
48 16240 1216
240 16144 1408
304 16176 1328
304 16144 1392
224 16064 1408
128 16176 1312
176 16208 1360
176 16208 1424
128 16272 1152
128 16272 1504
112 16208 1504
208 16240 1264
352 16304 1152
240 16240 1200
128 16128 1424
160 16192 1296
224 16176 1184
240 16160 1136
288 16128 1056
288 16128 912
352 16112 912
480 16048 976
256 16224 1120
176 16144 1232
176 16192 1312
288 16208 1392
272 16176 1376
272 16192 1408
272 16192 1184
160 16208 1184
96 16224 1280
160 16208 1232
288 16224 1360
400 16224 1184
304 16176 1184
304 16224 1312
272 16176 1280
208 16240 1200
208 16224 1216
224 16176 1328
224 16176 1520
320 16192 1520
192 16176 1552
64 16192 1552
128 16240 1408
128 16096 1392
288 16096 1392
528 16112 1248
400 16096 992
336 16096 960
272 16112 960
480 16048 976
512 16160 1040
416 16128 1408
288 16144 1456
288 16144 1536
208 16256 1536
112 16224 1360
48 16208 1328
96 16112 1408
48 16080 1472
240 16128 1104
336 16224 1136
368 16064 1136
368 16048 1280
192 16048 1280
96 16128 1264
64 16224 1264
128 16176 1456
256 16208 1392
320 16224 1312
320 16160 1328
336 16128 1056
256 16192 1072
272 16096 1200
272 16176 1232
224 16176 1232
240 16208 1312
240 16208 1424
160 16256 1408
192 16272 1264
208 16192 1216
336 16144 1360
224 16208 1312
144 16288 1536
304 16224 1440
304 16224 1504
400 16192 1504
272 16112 1456
224 16144 1584
176 16144 1504
224 16128 1232
224 16080 1232
256 16176 1200
288 16160 1200
96 16128 1120
96 16176 1232
112 16176 1152
240 16192 1152
336 16112 1184
304 16048 1296
320 16176 1280
320 16096 1344
224 16096 1344
272 16128 1248
240 16192 1408
256 16176 1280
240 16176 1120
352 16240 1120
368 16160 1184
400 16160 1136
416 16224 1232
288 16240 1280
288 16240 1104
272 16224 1104
320 16160 1504
288 16208 1520
304 16176 1424
512 16080 1424
384 16096 1312
288 16224 1280
176 16160 1376
176 16176 1296
48 16176 1120
160 16176 1264
208 16192 1264
304 16064 1168
224 16064 1328
288 16096 1312
272 16176 1248
352 16192 1248
272 16176 1040
240 16192 1344
240 16192 1200
160 16224 1200
304 16208 1136
240 16160 1184
144 16160 1216
160 16112 1328
160 16192 1632
192 16192 1424
208 16096 1696
208 16256 1440
256 16256 1440
288 16272 1216
192 16240 1568
208 16272 1360
208 16240 1280
240 16240 1232
400 16256 1152
384 16192 1280
304 16224 1152
144 16176 1424
144 16208 1424
224 16208 1456
96 16224 1456
-16 16240 1392
208 16208 1296
368 16160 1328
320 16128 1264
320 16160 1248
288 16208 1472
96 16272 1328
192 16256 1216
192 16192 1392
192 16192 1392
224 16176 1376
144 16240 1344
