startup(x,y,z):(480,16208,144)
352 16240 1328
368 16320 896
544 16272 1248
416 16368 1248
400 16432 1328
576 16512 1488
80 15968 1248
96 16000 1120
496 16400 1248
496 16544 1264
336 16544 1264
320 16624 1232
272 16800 1152
800 17600 1280
784 18112 1552
2192 19424 1104
2128 18048 1344
2128 17024 1568
1376 17024 496
96 16032 496
-784 15344 -256
1232 16048 256
976 16144 688
192 15920 640
1184 15776 512
1184 15776 1024
688 15792 1024
304 15168 1184
672 15712 1120
304 15760 1232
416 15664 1296
1296 11472 3632
1120 13712 1344
816 14720 576
816 14880 640
544 15424 768
336 15744 1296
400 15744 1408
176 16000 1408
272 16160 1632
352 16224 1600
336 16176 1712
432 16096 1696
432 16080 1584
528 16080 1712
496 16096 1664
624 16144 1408
544 16160 1520
480 16128 1600
432 16096 1616
432 16080 1568
432 16080 1568
336 16144 1664
320 16176 1696
368 16176 1808
336 16208 2000
336 16240 1696
400 16208 1600
400 16208 1600
528 16192 1680
608 16208 1440
592 16176 1712
672 16192 1728
480 16064 1584
480 16112 1632
544 16112 1184
608 16112 1184
544 16064 1008
592 16064 1136
448 16032 1344
336 16080 1552
416 16096 1552
416 16048 1760
448 16048 1616
624 16192 1616
592 16240 1712
496 16304 1440
592 16288 1504
656 16256 1520
656 16256 1600
576 16208 1600
560 16256 1696
544 16224 1696
448 16160 1664
560 16160 1520
608 16128 1392
608 16128 1296
704 16096 1296
672 16112 1536
656 16208 1440
656 16256 1440
448 16256 1712
448 16192 2112
384 16144 1776
496 16112 1744
496 16112 1616
576 16160 1600
624 16192 1584
512 16240 1632
512 16192 1536
448 16192 1760
400 16176 1760
416 16160 1920
464 16176 1520
448 16160 1520
512 16144 1552
512 16160 1424
448 16160 1584
480 16240 1584
544 16224 1760
512 16240 1840
320 16240 2064
320 16304 1952
400 16256 1920
336 16256 1920
352 16192 1312
384 16128 1312
560 16096 1376
368 15984 1376
336 15968 1360
416 15952 1440
352 16048 1296
384 16000 1312
432 16032 1584
560 16064 1504
560 16064 1824
672 16128 1856
688 16208 1856
704 16224 1760
608 16192 1824
672 16128 1936
512 16192 1728
480 16112 1648
544 16208 1616
544 16208 1408
528 16176 1408
672 16160 1600
608 16192 1760
752 16192 1600
496 16224 1744
528 16144 1808
288 16032 1792
240 16032 1616
272 16112 1936
432 16128 2096
432 16128 2048
592 16128 1696
512 16176 1760
592 16176 1760
512 16160 1536
432 16128 1296
416 16080 1680
528 16064 1760
544 16112 1920
688 16112 1872
688 16192 1664
656 16288 1776
688 16288 1872
848 16288 1936
640 16192 1936
608 16208 1856
400 16112 1760
304 16144 1920
352 16128 1968
496 16144 2160
384 16304 1952
592 16304 1344
624 16352 1520
624 16336 1840
432 16336 2016
208 16224 2016
368 16112 1648
496 16064 1392
672 16144 1632
576 16128 1936
592 16160 1712
512 16016 1904
512 16128 1792
480 16128 1760
464 16192 1760
592 16096 1856
576 16224 1760
624 16128 1760
608 16080 1760
608 16064 1760
400 16064 1776
352 16080 1776
432 16112 1856
384 16112 1664
480 16112 1552
480 16160 1584
464 16208 1904
464 16208 2096
368 16096 2096
480 16160 1744
384 16176 1888
448 16160 1984
400 16160 1904
512 16384 2720
512 16368 2480
560 16368 1968
432 16208 1968
368 16176 2112
384 16160 2064
624 16192 2032
720 16224 2096
704 16208 1936
704 16208 2064
688 16144 1856
608 16032 1712
496 16032 1648
480 16064 1520
368 16000 1664
368 16000 2016
496 15936 2016
592 15968 1984
512 16048 1680
352 16096 1744
640 16048 1744
608 16048 1776
608 16064 1856
416 16064 1984
352 16144 2144
432 16080 2144
336 16112 2000
368 16112 1984
608 16144 1712
560 16144 1952
560 16144 1936
576 16160 1936
528 16240 2096
720 16128 2032
640 16112 2144
544 16112 2208
672 16128 1920
656 16080 2000
656 16096 2112
576 16096 2192
656 16080 2192
624 16128 2176
528 16176 1984
480 16288 2256
512 16240 1856
512 16144 1936
496 16144 1808
576 16112 1808
496 16128 1904
528 16240 2320
512 16192 2544
256 16160 2352
480 16160 2192
400 16192 2192
368 16160 2128
464 16208 2192
384 16320 2128
368 16288 2000
368 16224 2256
512 16080 2368
624 16080 2368
736 16080 2208
720 15936 2224
704 15920 2112
608 15936 2080
608 15856 2016
496 16112 2032
640 15920 2032
496 15888 1984
560 16000 1904
592 15984 2080
608 16032 2048
704 16064 2112
704 16096 2224
448 16096 2224
464 16096 2128
416 16032 2096
496 15984 1968
496 15968 1840
496 15968 2000
496 15920 2064
384 15920 2064
384 16016 2064
320 16096 2016
400 16048 2048
512 16000 2080
592 15904 2160
592 16800 1904
704 16800 2176
624 16400 2208
480 16336 2208
544 16192 2288
512 16112 2208
496 16128 2032
512 16176 2000
512 16032 2000
576 16032 2000
352 16032 2176
240 16112 2208
400 16128 2192
544 16176 2224
544 16192 2416
608 16192 2256
528 16288 2256
336 16272 2256
512 16256 2128
496 16192 2128
688 16112 1920
432 16064 1920
416 16080 1936
416 16080 1952
608 16080 1952
528 16096 1920
464 16128 1632
496 16128 1856
384 16000 2032
352 16048 1952
528 16048 1936
528 16000 2000
560 16000 2000
528 15904 1824
480 15744 1952
400 15664 1872
448 15728 1888
528 15760 1872
512 15600 1760
576 15568 1584
528 15760 1728
464 15424 2016
608 15168 1872
864 15088 1648
864 15088 1696
512 15216 1696
80 15776 1552
672 15984 1584
400 16416 1968
560 16000 1952
1120 16176 2032
176 16480 1968
416 16592 1840
416 16208 2080
64 16880 1760
416 16736 1712
960 15984 1808
848 16048 1904
336 16352 1872
1168 16864 1728
608 16864 1712
176 17232 1952
784 16800 2160
896 16848 2080
896 17056 1904
320 17056 1904
384 16912 2112
352 16832 2000
352 16720 1744
368 16464 1760
432 16368 1744
560 16352 1632
560 16352 1792
496 16304 1648
592 16320 1648
752 16256 1456
720 16368 1616
656 16432 1632
656 16416 1552
768 16416 1664
720 16544 1664
752 16528 1936
784 16480 1936
800 16352 2240
560 16480 2032
608 16672 1888
416 16816 2080
432 16544 2272
448 16720 2032
432 16544 1920
432 16544 1648
592 16528 1648
448 16368 1616
512 16272 1520
512 16112 1520
576 16064 1520
608 16064 1520
720 15680 1488
640 15440 1504
672 15280 1264
640 15456 1200
720 15472 1408
720 15472 1520
656 15488 1520
720 15632 1664
704 15760 1664
688 15792 1728
736 15824 1728
624 15856 1856
672 15904 1952
160 15840 1808
64 15904 1824
480 15904 1312
528 15984 1520
544 16064 1520
560 16032 1696
336 15808 1872
576 15904 2032
528 15968 1888
528 16064 1760
496 16064 1760
496 16048 1888
544 16160 1968
640 16080 1808
544 15952 1904
592 15792 1952
608 15792 1952
480 15888 1904
528 15936 1840
512 15984 1888
512 15920 2016
464 16000 2176
480 16160 2048
480 16160 1984
592 16160 2128
544 16176 2128
368 16256 2432
0 16288 2048
496 16192 1952
848 16288 1984
512 16464 1840
464 16368 1760
464 16256 1760
592 16160 1808
592 16160 1808
608 16128 1824
464 16224 1872
480 16240 2048
480 16208 1840
480 16224 1648
528 16192 1712
560 16128 1856
576 16128 1856
544 16112 1776
512 16064 1952
704 16064 1840
528 16128 1856
528 16128 1824
656 16112 1920
640 16176 1968
576 16224 1920
592 16176 1904
624 16160 1984
448 16064 1936
448 16064 1920
544 16064 1920
592 16064 1616
592 16128 1872
576 16208 1808
560 16192 1904
528 16144 1888
528 16096 1904
528 16096 1680
720 16096 1728
784 16096 1728
704 16048 1728
656 16000 1968
816 15840 2080
928 15760 2192
928 15760 2288
896 15824 2064
752 16000 1952
592 16000 1808
336 16096 1808
304 16432 1792
320 16496 1680
320 16560 1936
304 16576 2048
304 16432 1824
544 16432 1792
640 16320 1792
672 16192 1744
512 16144 1680
464 16160 1760
528 16080 1968
544 16176 1728
480 16112 1904
480 16112 1936
576 16112 1936
608 16096 1920
480 16016 1936
448 15728 1872
496 15600 1776
464 15456 1504
672 15632 1328
416 15792 1536
416 15840 1424
432 15536 1584
624 15504 1440
624 15920 1248
608 15920 1248
640 16144 1216
384 16112 1472
304 16080 1760
272 16128 1712
736 16048 1616
704 16336 2096
432 16080 2448
368 16464 2320
448 16384 2256
448 16512 2160
720 16496 1968
720 16240 2800
400 16240 2800
496 16336 1776
416 16240 1664
448 16224 1600
