startup(x,y,z):(576,16112,304)
1184 16000 512
1264 16144 -48
336 16336 624
864 17152 1824
416 17264 1296
416 16768 1680
352 16768 1792
368 16816 1792
240 17376 2144
176 17440 2160
384 16880 1648
400 16464 1648
288 16336 1936
800 16208 1104
928 16000 1152
768 16336 976
816 16544 1296
1040 17280 1040
1216 17808 720
-448 20320 1600
-912 26480 3008
512 15536 3408
2208 13360 -1760
832 22832 2896
-560 20048 7248
-3888 16528 7648
1888 1280 7040
4832 10992 2000
1536 13616 -16
-960 9360 -496
-880 12368 0
-128 13984 752
144 14464 1152
144 14832 1168
416 14832 1168
672 15360 1232
192 15648 1488
560 15584 1888
384 15680 2192
304 15824 2528
304 15984 2832
80 15984 2832
-48 16096 3344
96 16096 3792
64 16096 4048
-192 16352 4416
-288 16352 4240
-80 16144 3776
-80 16144 3632
176 16000 3920
176 16000 3920
448 15888 3424
496 15904 3408
816 15616 3408
1056 15856 3456
976 15904 3200
624 15984 3136
192 15952 3104
112 15984 3648
112 15680 4176
-240 15680 4336
-400 15568 4336
-576 15520 4560
-528 14624 4416
-80 14944 4048
656 16848 4576
656 17056 5200
784 17056 5104
528 16512 4512
-32 15776 3600
-464 15088 3600
-528 14496 2992
-368 14448 2432
-240 14512 1808
-144 14624 1488
-144 14624 1328
-160 14736 1328
-48 14912 1152
240 14960 1296
624 14784 1280
736 14576 1296
784 14368 1472
944 14528 1584
1264 14768 2176
1264 14912 2304
1424 14912 2304
1248 14944 3008
944 15024 2864
544 15024 3056
256 14912 3200
0 14928 3248
144 14928 3040
288 14928 2768
336 14976 2768
592 14800 2448
800 14640 2064
400 14576 1392
464 14512 1248
320 14448 992
320 14448 -176
256 14112 -336
144 14160 -336
208 14304 -160
432 14560 16
800 15152 160
1168 15680 368
1168 15920 48
1296 15920 256
1344 15904 256
1264 15728 528
1152 15456 608
1120 15152 592
1088 14960 304
1088 14832 -288
1232 14832 -496
1488 14720 -496
1648 14688 -192
1776 15040 368
1744 15056 752
1872 15696 912
1872 16448 704
2208 16448 704
2576 16960 832
2880 17040 864
2736 16576 1008
2704 16544 976
2784 16496 816
2784 16464 656
3216 16304 400
3120 15808 -80
3120 15504 144
3056 15504 -176
3296 15648 -176
3760 15888 -672
4144 16048 -720
4336 16112 -848
4192 16256 -1056
3568 16256 -1424
3216 16320 -1120
2800 16640 -960
2800 17168 -1200
2800 17392 -768
3088 17392 -768
3504 17456 -608
4688 17504 -1168
4864 17216 -1872
5136 16960 -2688
5136 16400 -3296
5232 16400 -3296
5088 15888 -3744
4800 15408 -4416
4480 14928 -5152
4320 14688 -5584
4320 14640 -6064
4128 14640 -6160
4096 14624 -6160
3952 14560 -6640
2016 15216 -6640
3488 14480 -7008
4336 16048 -10352
4336 17680 -3536
5408 17680 -3936
5072 17744 -3936
4864 17312 -5984
4672 17088 -5968
4608 17264 -5744
4896 16192 -5712
4896 15456 -6000
5136 15456 -6000
5568 15440 -5840
6064 15440 -5616
6368 15136 -5616
6768 15104 -5312
6640 15072 -5584
6160 14944 -5888
5936 14656 -5792
5936 14672 -5984
5600 14672 -5984
5328 14576 -5984
5072 14400 -5648
4688 14384 -5520
4544 14304 -5680
4544 14288 -5504
4592 14464 -5744
4592 14464 -5440
4224 14688 -5472
3984 14912 -5472
3712 14928 -5008
3680 14960 -4768
3616 15104 -5072
3568 15040 -4752
3536 14992 -4896
3696 14880 -4880
3664 14928 -5296
3520 14896 -5136
3376 14800 -4992
3440 14672 -5040
3440 14416 -4928
3664 14288 -5056
3664 14288 -5296
3856 14320 -5296
4000 14272 -5424
4096 14304 -5584
3968 14336 -5648
4112 14288 -5824
4176 14256 -5808
4176 14256 -5568
4224 14256 -5456
4192 14320 -5456
4112 14320 -5520
4128 14464 -5376
4080 14656 -5168
3968 14864 -5184
3968 14992 -5152
3968 14992 -5120
3776 15344 -4912
3600 15344 -4752
3376 15296 -4752
3392 15328 -4768
3424 15216 -5056
3472 15152 -5024
3584 15152 -4944
3584 15152 -4928
3696 15120 -4928
3680 15104 -4944
3712 15040 -5040
4000 14944 -5072
4080 14768 -5008
3840 14544 -5008
3840 14480 -4800
4016 14448 -4896
4016 14448 -5072
3984 14448 -4944
3936 14528 -4944
3920 14544 -4896
3904 14560 -4944
3632 14592 -5072
3632 14704 -5088
3632 14848 -5152
3568 14864 -5200
3488 14928 -5152
3456 14960 -5088
3440 14912 -5216
3472 14896 -5120
3552 14880 -5280
3472 14864 -4992
3392 15040 -4976
3600 15200 -4800
3504 15248 -4656
3456 15376 -4784
3280 15424 -4752
3200 15408 -4752
3200 15360 -4752
3168 15312 -4816
4256 15072 -6032
4080 15024 -5760
3584 14752 -5232
3136 14608 -4992
3136 14624 -4880
3136 14624 -5200
3008 14640 -5200
3072 14624 -5440
3072 14624 -5216
2912 14848 -5056
2864 14960 -4976
2864 15120 -4912
2688 15168 -4832
2512 15248 -4800
2480 15248 -4960
2480 15328 -4960
2544 15248 -4880
2576 15056 -4912
2544 14960 -4608
2560 14896 -4480
2528 14944 -4560
2528 15088 -4512
2400 15376 -4320
2272 15376 -4320
2400 15328 -3952
2352 15376 -4048
2480 15488 -4080
2464 15312 -3776
2416 15504 -3936
2416 15536 -3824
2720 15536 -3824
2832 15424 -3616
2896 15296 -4080
3040 15072 -4720
2816 15120 -4608
2816 15120 -4224
2832 15328 -4112
2912 15328 -4464
2944 15632 -4464
2944 15728 -4288
2832 16000 -3984
2768 16224 -3600
2464 16096 -3488
2560 15776 -4064
2560 15776 -4416
2608 15712 -4416
2528 15952 -3936
2528 16032 -3488
2688 16160 -4464
2736 15760 -4288
2736 15824 -4208
2800 15856 -4064
2720 15856 -4480
2832 16016 -4480
2960 15936 -4656
2864 16160 -4736
2928 16464 -4368
2928 16752 -3936
2752 16752 -3408
2656 17152 -3408
2400 17440 -3184
2000 17504 -2880
448 17536 -3424
528 16864 -3456
528 16720 -3952
864 16720 -4416
1184 16656 -4416
1552 16432 -4688
1408 16272 -4400
1424 16096 -3824
1216 15920 -3232
1216 15744 -2800
1152 15744 -2768
1056 15568 -2768
992 15344 -2528
976 15152 -2736
1024 14976 -2960
1232 14784 -3168
1376 14432 -3248
1376 14208 -3232
1520 14208 -3536
1744 14128 -3536
1712 14064 -3312
1696 14080 -3424
1536 14096 -3024
1264 14112 -2720
912 14016 -2768
528 13888 -2304
336 13680 -2192
336 13680 -2112
320 13584 -2320
304 13520 -2320
176 13456 -2272
192 13488 -1920
96 13440 -1824
160 13424 -1616
144 13680 -1584
176 13968 -1200
176 14432 -1136
112 14432 -1104
176 14928 -1104
-48 15520 -704
-48 16064 -464
-240 16400 -400
-320 16592 -624
-320 16592 -1040
-432 16624 -1040
-512 16560 -816
-752 16288 -944
-944 16288 -944
-928 16144 -688
-960 16368 -1056
-864 16368 -1024
-1024 16672 -1024
-976 16816 -880
-848 17104 -1120
-1072 17216 -1088
-1216 17280 -912
-1216 17344 -1232
-1184 17344 -1232
-1136 17376 -1072
-1232 17328 -1392
-2352 18416 6432
-2048 19184 -1680
-1792 18480 -1472
-1936 17440 -656
-1936 17248 -1264
-1872 17248 -1888
-1632 16944 -2240
-1200 16752 -2240
-992 16352 -2576
-800 16624 -2224
-656 16304 -2000
-768 16336 -2912
-736 16256 -3600
-864 16064 -3600
-800 15840 -3424
-656 15680 -1840
-752 15632 -2400
-976 15856 -3008
-1088 16160 -3120
-1088 16336 -3088
-1072 16448 -3472
-1264 16448 -3536
-1360 16464 -3536
-1312 16144 -3216
-1104 15920 -3280
-1504 15744 -3536
-1392 14816 -4144
-1728 14512 -3232
-1728 14704 -3152
-1888 14848 -3616
-1936 14848 -3616
-1600 14352 -4160
-1536 14400 -4016
-880 13776 -5104
-1424 13488 -4480
-1424 13488 -3920
-1728 13488 -3920
-1520 13392 -3936
-1296 13088 -4048
-1232 13616 -4160
-1328 13840 -3744
-1664 14224 -3728
-1696 14512 -3488
-1696 14992 -3488
-1968 14992 -3440
-1344 15072 -3440
-1680 15392 -3056
-1808 15552 -2720
-1104 15440 -3296
-1104 15440 -3712
-1152 15696 -3712
-944 15472 -4016
-1808 15888 -3296
-2704 16768 -2656
-2448 16288 -3248
-2448 17696 -6592
-1568 17696 -6592
-704 18672 -6240
-592 18000 -5728
-896 16944 -4720
-944 15968 -3824
-944 15968 -3504
-1104 15408 -3504
-880 15536 -3408
-720 15856 -3632
-688 16352 -3552
-928 17056 -3760
-928 17056 -3248
-1056 16640 -3248
-992 16352 -3392
-1088 16208 -3568
-1344 16352 -3632
-1344 16224 -3568
-1648 16384 -3952
-1376 16384 -3952
-1696 15824 -4128
-816 10128 -6384
-1888 15584 -3760
-1184 13248 -4880
-1328 15744 -4800
-1328 15520 -4480
-1328 15520 -4480
-1680 15520 -4144
-2048 15632 -3824
-2160 15520 -3824
-2064 15632 -3872
-1856 15648 -4112
-1856 15648 -4064
-1600 15680 -4064
-1520 15728 -4016
-1248 15872 -3984
-1184 15792 -4096
-1184 15760 -3808
-1168 15776 -3792
-1168 16160 -3824
-1136 16160 -3824
-1168 15936 -4064
-1632 15568 -3632
-1824 15632 -3456
-1984 15488 -3344
-1920 15536 -3424
-1920 15600 -3056
-2064 15600 -3056
-1936 15536 -3104
-2032 15808 -2976
-2288 16144 -2720
-2640 16224 -2624
-2384 15696 -2720
-2288 15392 -3104
-2048 16000 -2176
-1584 16304 -2176
-1808 15664 -2512
-1136 14928 -2672
-1232 15200 -2608
-816 15392 -2752
-816 14960 -2368
-1072 14960 -1952
-1440 16160 -1952
-1264 16992 -1600
-1184 16800 -2128
-1296 17552 -2384
-1024 16992 -2752
-992 16784 -2672
-800 16112 -2592
-688 15424 -2848
-544 15376 -3072
-544 15280 -3104
-592 15280 -3040
-592 15264 -3040
-736 15344 -3088
-928 15488 -2928
-1040 15824 -2592
-1152 15824 -2640
-1024 15920 -2640
-928 15872 -2768
-944 15968 -2768
