startup(x,y,z):(144,16256,256)
-288 15600 176
-176 16848 352
-176 17280 944
-176 17280 944
-624 17360 1472
-464 16064 1936
224 16448 1760
368 17152 2080
432 17392 2560
432 17392 2064
-208 19744 2320
-656 20480 640
-2384 21904 2672
-3040 20848 2672
-2352 21040 2640
-864 20800 3264
-1344 21008 3296
-1104 21088 2848
-1104 21088 3088
-640 20224 3088
432 20960 1232
1360 22672 592
1504 27792 -1808
-272 24704 -3328
-272 -3968 -416
-8848 12976 -672
-10000 27680 16912
-1568 17168 -1456
-592 25360 -3040
192 28880 -4624
656 28176 -3632
1008 25200 -1584
1296 21600 -256
1552 18704 592
1568 15472 1952
1696 12736 528
1904 10576 3488
3248 8976 4288
3248 8832 3024
3344 8832 1440
3008 9728 1440
2704 11200 -1104
2128 12464 -2608
1328 13184 -2640
400 13360 -1936
-672 13168 -880
-1792 12944 608
-3280 12464 1296
-3280 12336 1088
-3216 12336 1088
-2848 12752 768
-2864 12544 -32
-3456 13008 1072
-2992 13008 -544
-3616 13280 -880
-4048 13248 -256
-4048 13456 1856
-5744 13392 2160
-4544 12320 -1376
-3856 11776 -3888
-3616 11024 -2672
-3616 10464 -1904
-3360 8880 -1360
-2928 8880 -1360
-9392 20768 816
-6112 12448 -3280
-6048 4576 -416
-5504 2640 3360
-16704 17648 10688
-9056 10544 -944
-5344 6512 -3632
-5616 5696 -288
-4784 5520 592
-4144 5488 -2608
-4992 6800 -3360
-8000 10672 -2720
-8000 13680 -1168
-12048 16928 544
-14256 22224 -2640
-14304 22224 -2944
-15168 22928 -2944
-13696 21888 -3632
-12064 20192 -4560
-10256 18048 -5600
-9776 15568 -5248
-9776 13184 -5504
-8352 13184 -5088
-7792 11456 -4320
-7872 11744 -3680
-7712 12096 -3856
-9408 13264 -1312
-8784 13008 -2272
-8784 13008 -2960
-8096 12336 -2112
-7792 12320 -2112
-6976 12576 -3136
-6704 13008 -3296
-7328 13680 -2736
-6992 13936 -3200
-4656 13760 -4224
-4272 13680 -4224
-6544 13872 -3248
-4736 12624 -1840
-4192 12304 -2736
-4416 12992 -2432
-4416 14048 -1248
-6896 14048 -1264
-6672 14288 -1264
-6288 14368 -1552
-6192 14112 -1824
-6640 14672 -1600
-6640 14608 -1024
-6416 14608 -1024
-6768 14416 -928
-7024 14240 -464
-7152 14240 -240
-6944 14032 -240
-6848 13952 -48
-6976 14016 96
-6976 14144 -16
-6960 14192 32
-7056 14320 -272
-6704 14016 -352
-7056 14640 -80
-7024 15248 608
-7024 13824 -336
-6224 13824 -272
-6064 13616 -272
-6160 13792 -80
-6416 13968 -336
-6656 14256 -176
-6656 14240 16
-6816 14240 -128
-6896 14112 -128
-6864 14128 -304
-6864 14032 -288
-6928 14032 -752
-7040 13968 -640
-7040 14016 -672
-7280 14000 -560
-7408 14016 -640
-7424 14016 -864
-7504 13968 -848
-7664 13920 -768
-7664 13728 -656
-7760 13728 -976
-7616 13872 -976
-7440 14016 -1264
-7504 14096 -1072
-7600 13952 -960
-7696 13968 -1232
-7664 14064 -848
-7792 13984 -1008
-7616 13872 -1008
-7648 13904 -1104
-7552 13920 -1168
-7584 13872 -1104
-7616 13968 -1312
-7616 14016 -1104
-7712 14272 -960
-7648 14080 -928
-7584 14048 -1072
-7568 13968 -1088
-7440 13968 -976
-7440 14016 -864
-7440 13888 -880
-7248 13888 -880
-7104 13840 -864
-7184 13904 -864
-7296 13904 -688
-7264 13984 -768
-7264 13920 -912
-7248 13920 -1024
-7264 14032 -1056
-7504 14144 -752
-7568 14160 -736
-7568 14224 -976
-7536 14224 -976
-7600 14080 -688
-7664 13936 -656
-7584 13888 -592
-7632 14000 -704
-7552 14000 -592
-7424 14016 -736
-7424 13984 -608
-7264 14064 -640
-7152 13968 -800
-7152 13936 -736
-7424 13936 -736
-7376 13888 -592
-7472 13952 -544
-7280 13936 -640
-7440 13984 -704
-7440 13936 -912
-7472 13968 -656
-7440 13984 -800
-7440 14016 -832
-7536 14128 -896
-7536 14096 -848
-7632 14096 -848
-7552 14032 -624
-7568 14000 -592
-7632 14000 -736
-7680 13952 -736
-7696 13968 -528
-7616 13936 -640
-7600 13936 -400
-7552 13904 -320
-7376 13872 -544
-7456 13856 -512
-7504 13936 -688
-7504 14080 -896
-7456 14080 -704
-7504 14016 -704
-7600 14112 -816
-7568 14080 -864
-7408 14016 -736
-7488 14048 -800
-7488 13984 -624
-7536 13984 -752
-7456 14000 -752
-7520 14000 -720
-7520 13984 -816
-7440 14000 -800
-7536 14032 -880
-7312 13984 -848
-7360 13984 -960
-7456 13952 -880
-7456 13952 -656
-7648 13920 -704
-7520 13920 -720
-7536 14016 -592
-7424 14016 -848
-7408 14000 -832
-7408 14016 -848
-7520 14032 -784
-7376 13968 -880
-7456 14048 -784
-7616 14048 -768
-7504 14048 -768
-7424 13888 -1120
-7440 13968 -928
-7376 13920 -896
-7360 13904 -736
-7504 13920 -672
-7472 13968 -736
-7440 13968 -832
-7488 14048 -928
-7488 14048 -1008
-7664 14000 -1040
-7584 14016 -1040
-7376 13968 -880
-7520 14000 -640
-7376 13904 -672
-7392 13888 -688
-7408 13888 -704
-7440 13904 -784
-7520 13952 -864
-7568 13920 -672
-7600 13856 -416
-7568 13904 -544
-7568 13952 -720
-7536 13952 -560
-7456 13984 -560
-7600 13984 -736
-7536 13952 -576
-7536 13968 -864
-7520 13952 -512
-7648 13952 -512
-7728 13984 -704
-7808 14000 -656
-7680 13936 -656
-7616 13856 -528
-7440 13888 -592
-7440 13888 -848
-7536 13920 -832
-7488 13904 -656
-7584 13904 -720
-7632 13952 -304
-7632 13968 -528
-7616 13968 -800
-7568 14064 -800
-7600 14032 -832
-7680 14032 -768
-7568 14000 -896
-7568 14064 -832
-7584 14064 -928
-7504 14080 -672
-7504 14032 -736
-7600 13984 -608
-7632 13952 -608
-7680 13920 -544
-7680 13904 -688
-7744 13904 -560
-7712 14064 -560
-7648 13968 -640
-7424 14000 -640
-7456 13888 -832
-7488 13936 -960
-7440 13984 -752
-7568 13936 -752
-7472 13920 -608
-7472 13936 -672
-7440 13984 -784
-7296 13856 -800
-7296 13984 -752
-7536 13984 -960
-7584 13984 -960
-7504 13888 -928
-7616 13888 -912
-7632 13936 -864
-7728 14000 -832
-7696 13984 -832
-7696 13984 -960
-7600 13968 -800
-7728 13984 -800
-7696 13888 -656
-7568 13888 -832
-7520 14016 -656
-7632 13984 -352
-7376 13888 -480
-7376 13888 -256
-7504 14000 -256
-7360 14048 -592
-7280 14000 -624
-7408 14032 -640
-7600 14112 -464
-7408 13920 -848
-7408 13968 -480
-7296 13920 -752
-7488 13952 -624
-7504 13952 -480
-7696 13920 -480
-7632 14000 -560
-7712 13952 -800
-7600 13936 -928
-7456 13952 -976
-7456 13824 -992
-7472 13824 -944
-7680 13920 -832
-7536 13968 -928
-7536 14016 -848
-7456 13936 -800
-7520 13952 -848
-7520 13920 -816
-7568 13920 -752
-7696 13920 -752
-7536 13888 -752
-7456 13824 -816
-7536 13856 -656
-7584 14000 -800
-7440 13904 -816
-7616 13904 -816
-7664 14032 -736
-7520 13968 -752
-7472 13856 -672
-7488 13856 -848
-7488 14000 -800
-7568 14000 -896
-7360 13856 -896
-7520 13888 -752
-7456 13872 -896
-7360 13872 -784
-7408 13936 -880
-7408 13936 -864
-7504 13888 -864
-7360 13920 -928
-7552 13968 -816
-7616 13968 -800
-7648 13984 -720
-7808 13968 -736
-7760 13936 -832
-7616 13952 -576
-7744 13968 -576
-7568 13856 -672
-7664 13984 -752
-7488 13904 -816
-7632 13984 -768
-7632 13920 -464
-7584 13920 -464
-7552 13920 -400
-7392 13856 -512
-7392 13904 -624
-7456 13936 -800
-7472 13952 -736
-7488 13952 -1152
-7456 13904 -816
-7456 13952 -800
-7392 13952 -672
-7392 13952 -672
-7344 13872 -672
-7456 13856 -960
-7568 13856 -608
-7616 13920 -864
-7584 13984 -928
-7552 13968 -944
-7568 13872 -864
-7568 13936 -752
-7568 13936 -672
-7584 14016 -672
-7504 13936 -400
-7536 13968 -688
-7664 13904 -896
-7712 13952 -736
-7648 13936 -736
-7664 13872 -608
-7744 13952 -672
-7552 13984 -736
-7552 13984 -768
-7472 13936 -768
-7456 13888 -816
-7456 13824 -960
-7456 13792 -768
-7424 13840 -720
-7536 13904 -592
-7520 13920 -704
-7552 13856 -720
-7584 13904 -688
-7552 13776 -656
-7552 13856 -560
-7584 13856 -848
-7456 13904 -848
-7520 13856 -864
-7488 13824 -832
-7632 13872 -592
-7424 13904 -688
-7424 13952 -592
-7648 13984 -768
-7680 13920 -496
-7728 13936 -496
-7728 13904 -544
-7776 13904 -752
-7600 13888 -752
-7696 13872 -640
-7664 13984 -704
-7648 13952 -656
-7504 13872 -544
-7504 13936 -720
-7616 13936 -848
-7680 13936 -784
-7776 13856 -768
-7696 13856 -768
-7488 13840 -896
-7792 13952 -832
-7584 13984 -1088
-7584 13936 -976
-7616 13936 -832
-7552 13984 -832
-7552 14016 -912
-7552 13984 -688
-7616 13920 -464
-7632 13888 -464
-7632 13872 -816
-7616 13904 -752
-7696 13936 -880
-7616 13872 -880
-7616 14000 -880
-7648 14000 -768
-7616 13968 -768
-7728 13984 -800
-7616 13968 -832
-7696 13968 -576
-7568 13952 -560
-7488 13952 -800
-7504 13904 -800
-7472 13872 -816
-7424 13952 -848
-7488 13920 -656
-7552 13920 -704
-7552 13904 -400
-7600 13904 -768
-7632 13968 -592
-7536 14000 -560
-7568 13936 -464
-7504 13952 -464
-7568 13984 -592
-7552 13872 -512
-7600 13888 -608
-7648 13840 -672
-7648 13840 -912
-7616 13840 -912
-7520 13936 -1072
-7568 13904 -704
-7584 13888 -480
-7568 13920 -464
-7488 13904 -352
-7584 13840 -416
-7584 13840 -464
-7584 13888 -528
-7568 13888 -528
-7536 13840 -560
-7568 13920 -752
-7600 13936 -896
-7680 14000 -576
-7552 14000 -928
-7680 14048 -816
-7456 14000 -816
-7456 13920 -656
-7696 13920 -816
-7776 13936 -816
-7792 14000 -784
-7696 13936 -736
-7648 13936 -720
-7744 13872 -432
-7648 13968 -512
-7648 13936 -400
-7712 13872 -592
-7648 13872 -496
-7616 13888 -496
-7632 13904 -608
-7584 13936 -624
-7520 13952 -768
