startup(x,y,z):(464,16144,16)
1024 17008 1664
752 16448 1904
880 16416 1312
448 15968 1488
448 16448 1920
-112 16448 1920
688 16496 736
848 16576 1152
896 16544 1712
896 16416 2048
928 16320 1888
800 16320 1888
720 16320 1840
608 16192 1696
704 16096 1872
592 16096 2000
592 16128 1888
768 16128 2032
816 15984 1552
848 15792 1552
848 15840 1184
880 15744 1104
896 15744 1344
832 15536 1344
880 15696 1520
1168 16880 1808
1168 16448 1968
800 16480 2192
800 16480 2400
592 16864 2400
752 14880 3152
336 15808 3008
368 16112 3264
-544 14976 4080
-656 16352 3152
-496 16384 3216
-496 16592 3504
-224 16592 3456
128 16704 3456
384 16736 3216
272 16880 2928
880 16672 2768
1200 16416 2624
1200 16272 2384
1008 16464 2304
992 16272 2368
896 16272 2368
992 15984 3024
480 16336 2848
960 16240 2992
256 16320 2704
256 16320 2704
-32 16704 2656
48 16704 2848
-272 16592 2848
-912 16592 3296
544 -3040 7248
336 10832 -480
336 15216 -1712
528 15216 1200
1616 16384 2816
2096 16784 2816
1744 16496 3328
1216 16016 3328
928 15696 3568
640 15760 3840
672 15824 4192
672 15824 3888
624 15856 3888
416 15760 3760
384 15584 3616
320 15616 3552
528 15664 3824
480 15760 4416
480 15760 4768
448 15856 4960
464 15920 4624
400 15792 4384
464 15664 4128
432 15760 4048
544 15728 3520
544 15696 3568
752 15696 3824
880 15712 3632
848 15680 3968
672 15696 3904
384 15632 3888
336 15568 3968
336 15600 3840
384 15600 3792
496 15824 3792
560 15856 3984
384 15840 4272
304 15392 5200
128 15296 5280
128 15408 4784
240 15408 3424
432 15872 3424
304 16272 2560
224 16096 3184
-48 15920 3664
240 15792 4032
240 15584 4176
448 15584 3648
768 15712 3648
1008 15536 4032
1248 15728 3936
1376 15968 5360
1376 15968 7568
1520 17424 7568
3984 26160 6384
3072 22240 5456
880 16800 4640
720 16352 3104
752 16544 3104
832 16720 2112
736 16912 1600
560 16784 1152
288 16320 1120
16 15664 992
16 14816 880
-288 14032 704
-288 13392 848
-336 13392 1136
-352 13104 1136
-64 13072 1232
352 13200 1696
656 13984 1520
784 13984 1456
912 14304 1280
848 14512 1280
832 14624 1360
672 14624 1360
448 14496 1456
304 14336 1568
240 14208 1616
416 13936 1296
576 13824 1216
800 13520 848
800 13280 608
880 13280 512
720 13152 512
608 12880 288
688 13040 320
688 13264 240
832 13264 240
1424 13472 496
1776 13616 928
2240 13680 640
2448 13664 800
2384 13632 528
2192 13616 496
1776 13744 624
1632 13968 624
1744 14336 448
2032 14672 448
2304 14736 272
3008 14864 480
3536 14512 624
3536 14912 720
4048 14912 384
4240 15520 304
4912 15568 304
5376 15424 368
5696 15136 480
5984 14560 688
6144 13648 432
6144 13264 528
6384 12928 672
6384 12896 992
6800 12896 992
7120 13024 1264
7584 13456 1312
7968 14192 1440
8592 14672 1424
9104 14960 1568
9504 15088 1376
9712 14800 1280
9712 14576 1056
9680 14016 640
9776 13312 352
9952 13072 -48
10272 13040 -144
10384 12992 -288
10240 12976 -720
10336 12080 -1104
10480 11792 -1488
10480 11856 -1360
10496 11856 -1360
10480 12208 -1248
10624 12544 -1056
10448 12624 -672
10272 12448 -128
10336 12464 -112
10336 12624 -320
10336 12688 -544
10272 12656 -768
10288 12688 -1040
10288 12752 -1200
10160 12752 -1824
10288 12800 -1824
10240 12896 -2144
10224 13120 -2272
10432 13504 -2256
10544 13728 -2256
10288 13856 -2048
10400 13856 -2128
9600 13792 -2192
9600 13792 -2144
9024 13632 -2144
8528 13504 -2464
8080 13296 -3056
7712 13008 -3440
7552 12816 -3712
7552 12800 -3632
7408 12800 -3088
7520 13152 -3088
7728 13552 -2784
8400 14016 -2480
8944 14560 -2480
9232 15328 -2992
9536 15728 -3136
10384 15840 -3040
11872 15632 -2016
11872 15488 -1024
12768 15488 -992
11296 14320 -3136
10368 13776 -3264
10160 13344 -3200
10032 13168 -3120
9744 13104 -3056
9680 12976 -3152
9680 12816 -3360
9568 12816 -3360
9424 12848 -3520
9360 12848 -3888
9536 12080 -4720
9184 11984 -4800
9152 12176 -4208
9600 12512 -3648
10000 12976 -2864
10176 13392 -2608
10112 13760 -2832
10064 13872 -3440
10144 13936 -3520
10144 13920 -3696
9792 13712 -3840
9648 13712 -3904
9648 13328 -3904
9728 12976 -3712
10032 12768 -3808
10128 12672 -3728
10160 12464 -3744
10160 12464 -3536
10320 12464 -3536
10416 12496 -3584
10400 12384 -3456
10400 12304 -3232
10320 12128 -3344
10320 11984 -3472
10192 11776 -3520
10016 11776 -3328
9808 11680 -3312
9712 11728 -3312
9536 11808 -3344
9376 11952 -3440
9392 12080 -3264
9392 12192 -3360
9264 12192 -3296
9408 12448 -3296
9536 12528 -3488
9520 12720 -3520
9360 12736 -3872
9360 12736 -3696
9424 12736 -3568
9936 12784 -3568
10288 12880 -3456
10368 12880 -3376
10464 12864 -3456
10512 12752 -3552
10512 12608 -3440
10192 12608 -3248
10000 12480 -3328
9776 12528 -3216
9360 12688 -3344
9360 12976 -3360
9136 12976 -3360
8912 13136 -3184
8832 13360 -3312
8784 13344 -3360
8944 13408 -3584
9136 13344 -3552
9376 13296 -3600
9536 13232 -3616
9680 13040 -3232
9904 12864 -3232
10064 12784 -3312
10112 12752 -3136
10160 12864 -3152
10576 12928 -3088
10576 13104 -3200
10512 13104 -3200
10304 13200 -3200
10416 13120 -3376
10384 13184 -3488
10240 13280 -3168
10112 13392 -3120
9952 13472 -3136
9936 13536 -3152
9936 13712 -3024
9648 13712 -3024
9440 13888 -2880
9344 13952 -2848
9200 13936 -2800
9024 13840 -3216
8928 13648 -3344
8928 13424 -3440
8928 13232 -3360
8928 13072 -3216
8960 13072 -3216
8784 13040 -3120
9008 13248 -3008
8896 13536 -2992
8880 13232 -2688
8736 13104 -2464
8736 13024 -2592
8768 13024 -2624
8688 12928 -2624
8560 13040 -2736
8560 13296 -2720
8544 13296 -2880
8368 13520 -2880
8048 13568 -2944
8064 13392 -3008
8064 13312 -2848
8080 13312 -2848
8176 13056 -2704
8384 12816 -2592
8400 12816 -2368
8576 12912 -2368
8784 12816 -2336
8928 12976 -2016
9072 13024 -2176
9040 13072 -2224
8944 13216 -2064
8944 13280 -2112
8944 13296 -2160
8800 13296 -2144
8800 13280 -2032
8688 13280 -1936
8400 13296 -1936
8688 13360 -1984
8896 13536 -1808
9024 13696 -1840
8912 13888 -1984
8912 14176 -2064
8976 14144 -1872
8928 14352 -1792
8880 14352 -1680
8720 14544 -1584
8272 14544 -1744
8272 14544 -1872
8096 14480 -2208
7936 14352 -2176
7952 14272 -2176
7920 14288 -2000
7680 14272 -1984
7648 14144 -2064
7728 14000 -1984
7584 14048 -1840
7488 14144 -1696
7328 14384 -1680
7232 14432 -1488
7248 14224 -1616
7264 14096 -1824
7296 14224 -1632
7248 14464 -1712
7328 14640 -1664
7328 14640 -1712
7344 14880 -1712
7328 15072 -1696
7424 15264 -1472
7456 15328 -1456
7456 15344 -1456
7152 15376 -1328
6880 15296 -1168
6400 15216 -896
6384 15056 -1136
6448 14944 -1040
6512 14976 -1232
6400 15104 -1216
6352 15200 -1072
6496 15312 -1280
6496 15408 -1184
6480 15392 -1296
6544 15360 -1280
6560 15200 -1200
6560 15200 -960
6512 15104 -960
6624 14960 -944
6528 14944 -1248
6464 14880 -912
6528 14848 -896
6416 14896 -1008
6160 15008 -928
6032 14992 -832
5760 15008 -816
5616 15184 -1072
5328 15392 -832
5168 15488 -880
5168 15664 -848
4704 15728 -560
4448 15824 -672
4240 15840 -624
4400 15760 -576
4400 15760 -528
4272 15728 -528
4304 15632 -672
4336 15712 -816
4448 15712 -976
4448 15680 -752
4608 15616 -672
4608 15584 -608
4560 15664 -640
4416 15680 -672
4272 15680 -672
3984 15680 -672
3680 15824 -672
3440 15904 -624
3296 15936 -560
2944 15792 -352
2800 15712 -512
2784 15600 -608
2544 15600 -624
2640 15568 -432
2816 15568 -112
2704 15696 80
2880 15776 176
3040 15840 208
3040 15824 384
3168 15824 384
3216 16080 400
3312 15920 400
3392 15936 224
3408 16016 416
3392 15968 432
3360 15968 480
3216 15968 560
3216 16016 512
3200 16000 704
3200 15872 960
2656 15712 976
2656 15712 976
2384 15600 976
2192 15472 1184
2016 15296 656
2096 15248 784
2160 15248 784
2096 15328 704
2176 15408 784
2560 15632 784
2688 15872 1184
3136 16080 1408
3424 16384 1904
3424 16592 1968
3584 16592 2208
3488 16784 2208
3200 16784 2416
2720 16496 2368
2416 16288 2224
2416 16176 2208
2064 16176 2208
1664 15952 2048
1456 15712 2048
1232 15600 1984
1104 15504 1728
960 15568 1904
944 15488 1840
864 15488 1968
832 15360 2176
896 15264 2416
960 15312 2464
1104 15536 2720
1104 15536 2784
1120 15904 3056
1264 15904 3120
1408 16064 3120
1696 16144 3152
1664 16112 3072
1648 16048 3328
1472 16016 3088
1344 15856 3120
1200 15760 3184
1200 15648 3104
1040 15536 2992
944 15536 3040
816 15440 3040
752 15280 3024
736 15088 3024
592 15008 2976
464 14832 3056
304 14688 3200
368 14816 3328
736 14912 3568
944 15008 3664
1216 15328 3808
1248 15552 3888
1248 15856 3856
1344 16032 3792
1280 15920 3920
1360 15824 3808
1296 15712 3424
