startup(x,y,z):(208,16144,384)
144 16192 1056
160 16096 1024
192 16048 1024
-64 16096 816
144 16272 928
144 16272 1248
144 16208 1264
144 16192 1168
144 16320 1216
0 16320 1216
224 16240 1184
64 16320 1248
208 16336 896
176 16272 1024
96 16352 1040
96 16352 1120
48 16352 1072
48 16192 1072
176 16080 1152
320 16064 1280
352 16064 1376
192 16080 1280
160 16128 1248
160 16128 1232
112 16128 1232
208 16096 1200
192 16096 1312
288 16128 1232
112 16064 1376
112 16016 1376
144 16112 1232
96 16112 1040
48 16240 1040
96 16240 1280
224 16176 1408
128 16176 1328
128 16176 1424
240 16144 1424
0 16176 1552
-16 16272 1360
-32 16064 1504
0 15936 1456
32 16000 1264
80 16096 1472
80 16208 1680
-16 16208 1680
-48 16080 1552
-32 16288 1472
-64 16240 1488
112 16240 1424
112 16352 1616
48 16352 1616
16 16320 1568
-128 16336 1600
-208 16464 1552
-160 16560 1344
-256 16064 1680
16 16144 1776
16 16416 1440
128 16416 1536
48 16480 1536
-48 16896 1360
352 16992 1312
288 16496 1504
-16 17040 1712
32 17072 1584
-48 16928 1824
-48 17152 1648
384 17152 1648
528 17056 1696
1408 14080 2640
-1088 14864 3072
128 9392 784
128 9392 1760
48 15168 1760
-480 19008 2464
-704 17984 1968
-320 16752 1392
144 16752 1552
352 16576 1584
352 16576 1664
320 16400 1664
192 16272 1648
-912 15856 1280
-496 15792 1824
-240 15792 1776
-96 15792 1760
176 15824 1760
32 15936 1552
16 15808 1584
-16 15872 1856
128 15856 1632
48 15856 1488
48 16112 1312
-80 15872 1312
-32 15760 1456
-80 15872 1552
-128 15968 1760
-176 15968 1888
-176 15968 1984
-96 15936 2016
-160 15984 2016
16 16032 2128
80 16032 1920
-48 16048 2096
64 16064 1872
64 16096 1952
64 16096 2016
-32 16048 2016
-144 16048 1920
-32 16048 1856
-32 16000 2128
-128 16080 2048
-192 16080 2064
-192 16064 1824
-48 16064 1824
112 16144 1792
224 16096 1968
192 16112 2272
192 16208 2288
192 16256 2352
128 16256 2352
112 16112 2192
64 16016 2272
112 15984 2176
96 15904 1984
-144 15904 1904
-144 15920 1824
-544 15920 1824
-528 16080 1696
-304 16032 1312
-96 15968 1584
-96 15840 1968
-112 15840 1824
-144 15920 1824
-288 16032 1536
-208 16048 1520
-64 16048 1680
-96 16128 1936
-272 16080 2064
-272 16080 2112
-160 16160 2112
-16 16192 2048
-240 16096 2192
-112 16176 1840
-112 16176 1792
-144 16176 1728
0 16304 1728
176 16176 2048
-112 16224 2144
-64 16208 2128
128 16224 2144
128 16208 1904
80 16208 1904
112 16288 1552
272 16272 1840
128 16128 1584
160 16176 1712
160 16160 2000
320 16176 2112
96 16176 2064
112 16176 2064
-112 16192 2208
-16 16176 2048
128 16048 2128
128 16064 2000
224 16064 2000
-48 16160 2192
16 16128 2000
-16 16160 1888
-80 16000 1920
-112 15968 1840
-80 15936 1968
-80 15936 2032
-176 15984 2032
-176 15968 2000
-144 16000 2048
32 15952 2016
32 15952 1968
-80 16032 1968
-16 16096 1936
64 16064 1760
48 16080 2064
208 16048 1888
208 16032 1984
208 15936 2256
192 15936 2256
112 15920 2432
48 15840 2320
-64 15872 2288
-64 15888 2032
-80 15888 2304
-64 15872 2304
-176 15776 2464
-32 15712 2496
-32 15760 2208
0 15808 2128
0 16048 2096
48 16048 2352
192 15952 2304
272 15840 1968
320 15968 1920
96 15792 1952
96 15808 2560
112 15808 2368
32 15856 2368
0 15936 2336
-16 16080 2128
16 15936 2160
48 16112 2096
16 16000 2272
16 16000 2352
64 16048 2352
208 16128 2496
80 16240 2784
0 16384 2896
0 16880 2944
144 16880 2944
-32 17728 2976
-288 18496 2864
-448 20672 2032
-384 22576 704
-224 22960 144
-224 21424 1904
-48 21296 1904
-208 19392 3104
-224 18352 2528
-624 18176 2000
-624 17664 1744
-496 17664 1616
96 17184 1616
592 16736 1712
800 16368 1440
640 16224 1744
304 15952 1792
80 15792 1664
80 15792 1568
96 15440 1568
208 15104 1568
448 14544 1328
480 14160 1424
416 13728 1360
416 13728 1392
528 13376 1328
368 13376 1072
400 13344 1120
544 13376 1328
480 13488 1424
464 13696 1600
464 13872 1760
544 14128 1808
624 14128 1888
608 14208 1888
544 14384 1776
400 14368 1632
288 14416 1600
112 14576 1712
16 14720 1824
16 14976 1872
-112 14976 1872
-304 15104 1872
-240 15280 1744
-64 15472 1664
-112 15632 1680
-112 15648 1632
-32 15648 1632
-96 15760 1408
-144 15904 1392
-176 16224 1488
-384 16320 1568
-384 16272 1632
-208 16272 1632
-160 16352 1904
-112 16352 2096
-112 16448 2096
-64 16432 2128
-64 16448 2304
-16 16448 2192
-32 16608 2048
-32 16608 2016
96 16640 2016
368 16560 2144
352 16432 1936
368 16448 1824
368 16448 1584
608 16224 1584
432 16160 1664
304 16224 1744
128 16272 1648
128 16336 1456
64 16352 1472
64 16352 1520
96 16432 1520
192 16496 1632
64 16448 1648
-112 16432 1696
128 16400 1648
272 16400 1648
272 16352 1696
208 16352 1600
192 16288 1600
16 16240 1568
48 16192 1568
128 16176 1520
-16 16112 1392
-112 16128 1472
-112 16128 1360
-144 16128 1360
-16 16064 1520
-160 16064 1440
-16 15984 1424
-64 15856 1376
-64 15856 1088
-80 15888 1296
-112 16032 1296
64 15968 1328
-16 16000 1360
96 15920 1776
-160 15984 1440
-48 15984 1328
16 15904 1328
-80 15904 1264
-256 15888 1440
-368 15808 1264
-368 15936 1136
-304 15936 1056
-336 15968 992
-144 15968 992
-176 16000 848
-96 16128 960
-208 16176 1264
-208 16224 1136
-160 16224 1136
-144 16224 1024
-176 16256 1360
-256 16288 1184
-368 16272 1136
-368 16256 1344
-336 16288 1344
-368 16288 1344
-304 16272 1392
-224 16192 1552
-224 16080 1600
-240 16064 1296
-240 16080 1024
-224 16080 1232
-320 16080 1232
-256 16160 1248
-304 16128 1264
-272 16096 1200
-208 16128 1264
-240 16080 1152
-240 16080 1120
-64 16096 1120
-112 16128 1232
-400 16192 1280
-416 16192 1152
-416 16192 1392
-352 16192 1392
-464 16224 1600
-416 16272 1552
-416 16320 1568
-352 16224 1488
-272 16240 1248
-272 16160 1360
-64 16160 1360
-192 16144 1360
-208 16112 1296
16 16064 1056
-128 15952 1024
-128 15952 848
-160 16032 848
-240 16064 928
-160 16000 1104
-240 16048 1280
-288 16064 1200
-144 16096 1088
-144 16128 1392
-16 16128 1392
-32 16096 1456
-80 16112 1584
-128 16032 1696
-240 16096 1360
-240 16208 1296
-224 16208 1392
-80 16160 1296
-80 16176 1280
-128 16080 1232
-80 16048 1344
64 16016 1312
32 16000 1424
32 16000 1088
0 16048 576
-80 16080 752
-112 16064 880
-16 16144 1056
-48 16176 1136
-144 16128 1344
-32 16080 1440
-256 16160 1440
-256 16160 1472
-336 16176 1472
-288 16288 1360
-256 16272 1312
-192 16272 1488
-272 16256 1440
-272 16256 1456
-240 16176 1248
-272 16112 1296
-192 16048 1296
-192 15952 1280
-192 15888 1296
-224 15984 1456
-224 15984 1232
-304 15920 1232
-176 15856 1248
-192 15824 1200
-336 15888 1312
-288 15824 1168
-288 15792 1120
-288 15760 1056
-144 15760 928
-144 15712 928
-368 15680 944
-352 15760 1024
-304 15888 1120
-304 15888 1024
-320 15920 1024
-400 15968 1024
-480 15920 1120
-464 15856 848
-464 15744 992
-272 15792 944
-272 15792 880
-272 15968 880
-32 15920 720
-48 15936 720
-64 15952 736
-144 15936 736
-144 15904 928
-304 15904 928
-368 15808 960
-192 15856 848
-144 15744 1056
-208 15776 1008
-224 15776 608
-240 15648 640
-240 15648 864
-208 15584 864
-144 15568 656
-272 15680 528
-288 15760 448
-288 15808 400
-528 15808 144
-304 15904 144
-208 16032 -144
-368 16176 80
-464 16416 560
-320 16464 1344
-320 16496 1248
-128 16496 1248
-32 16496 848
-128 16592 448
-32 16496 160
-112 16400 336
-112 16400 272
128 16304 272
16 16208 416
0 16096 176
64 16080 32
0 16096 96
80 16112 -144
80 16112 -48
160 16064 -48
208 16160 -208
160 16224 -64
32 16368 -112
32 16464 -64
48 16464 -64
-96 16528 -176
-48 16560 -272
112 16688 -448
112 16672 -224
-48 16672 -288
-32 16640 -432
-32 16640 -640
-64 16512 -640
-64 16384 -880
-128 16224 -864
-64 16016 -1008
0 15792 -912
0 15712 -944
-80 15744 -944
-80 15792 -1008
-112 15792 -1008
-144 15888 -752
-112 15872 -624
-96 15856 -688
-96 15504 -608
-160 15504 -64
-496 15040 -64
-320 15184 -1008
-112 15440 -1376
160 15824 -1728
80 16208 -1840
-64 16336 -1600
-256 16416 -1408
-192 16336 -1664
-144 16240 -1360
-96 16256 -1360
-96 16288 -1632
-96 16288 -1744
