startup(x,y,z):(608,16192,256)
464 16192 1024
448 16224 1104
448 16160 1120
496 16160 1120
528 16128 1104
560 16160 1216
624 16144 1360
592 16192 1408
688 16240 1344
576 16176 1552
576 16160 1376
576 16112 1280
640 16112 1344
672 16112 1360
688 16192 1360
608 16192 1376
640 16192 1328
528 16144 1312
464 16160 1600
416 16160 1440
480 16208 1504
576 16144 1584
560 16144 1504
608 16192 1536
672 16176 1568
640 16144 1520
464 16128 1472
544 16160 1392
448 16208 1488
448 16176 1680
368 16160 1648
608 16176 1520
656 16176 1744
640 16176 1744
624 16256 1344
560 16304 1712
672 16288 1696
560 16272 1728
336 16192 1744
336 16192 1744
416 16016 1648
400 16080 1584
352 16080 1776
464 16224 1776
576 16208 1712
496 16160 1728
416 16128 1728
416 16064 1520
528 16064 1600
480 16080 1408
448 16016 1408
480 15984 1424
496 15952 1664
464 15984 1616
528 16000 1840
624 16048 1792
800 16848 1632
864 16720 1728
864 16544 1728
864 16400 1952
864 16320 1904
672 16192 1904
528 16192 1856
608 16144 2016
688 16144 1808
640 16144 1808
512 16176 1936
480 16208 2048
464 16112 1968
480 16048 1888
480 15952 1776
480 15952 1776
512 15840 1616
784 15952 1616
832 16144 2560
592 16288 2128
320 16288 2128
288 16192 1824
368 16176 1712
480 16144 1776
656 16080 1968
656 16080 1840
656 16080 1840
560 16080 2064
432 16096 1968
224 16144 1728
416 16144 1808
480 16128 1872
368 16048 1872
448 16096 2016
576 16096 2048
576 16096 1824
496 16096 1744
480 16176 1744
608 16128 1648
576 16176 1776
400 16160 1808
272 16208 1952
528 16192 1952
288 16176 1920
432 16240 1952
192 16224 1824
192 16160 1728
160 16160 1728
304 16144 1968
176 16240 2032
240 16368 2224
224 16368 2240
224 16272 2096
256 16160 2016
336 16240 1664
560 16176 1664
1552 16784 1744
1328 16336 1984
1248 16112 1968
1024 16016 1984
1024 15632 752
1024 15632 848
960 15392 848
1024 15776 1760
1040 16096 2704
752 16304 2816
512 16288 2560
432 16192 2320
240 16080 1760
240 16064 1456
432 16064 1920
624 16048 1920
688 16128 1760
624 16192 2320
512 16272 2368
320 16272 2176
384 16192 2192
400 16096 1952
400 16096 2112
368 16064 2112
272 16144 2112
432 16080 1888
384 16128 1904
496 16208 1920
160 16240 2192
-32 16256 2368
0 16224 2272
192 16128 2064
192 16016 2384
672 16016 2384
752 16096 2192
912 16096 2032
896 15952 2160
896 15872 2192
896 16000 2016
720 15952 2032
752 16000 1904
768 16000 1936
848 16064 2288
592 16112 2288
768 16080 2432
752 16128 2208
768 16112 2336
768 16128 2288
656 16128 2400
624 16112 2160
832 16160 2160
736 16128 2144
592 16224 2192
592 16512 2048
416 16176 1936
272 16112 2000
272 16112 2240
256 16064 2240
304 16016 2192
144 16016 2096
96 16032 2000
112 16000 2160
112 16000 2176
176 16000 2160
624 15936 2240
624 15888 2288
432 15888 2288
496 15968 1936
480 16000 2064
592 15968 2096
672 15952 2000
672 15984 2096
960 15984 2080
768 16048 2224
688 16064 2224
704 16000 2400
608 16048 2400
672 16096 2384
832 16016 2240
656 16096 2192
656 16160 2304
432 16160 2176
256 16224 2016
368 16176 2016
480 16144 2160
496 16192 2128
736 16144 2112
736 16096 2240
688 16128 2384
688 16128 2432
688 16128 2256
544 16032 2256
624 16032 2256
688 16128 2384
784 16032 2304
848 16064 2288
848 16128 2528
816 16128 2336
800 16144 2256
640 16144 1952
416 16096 1952
320 16016 1952
176 16016 2256
400 16048 2288
400 16064 2304
368 16064 2384
352 16064 2320
496 16080 2272
496 16080 2320
384 16016 2240
432 16016 2368
448 16032 2368
672 15984 2224
560 16000 2304
592 15984 2256
608 16064 2160
848 16032 2000
640 16080 2192
704 16080 2128
672 16192 2160
592 16064 2096
576 16128 2016
576 16096 2224
640 16096 2480
576 16080 2368
656 16096 2256
608 16192 2112
528 16112 1840
720 16176 2048
608 16176 2192
400 16064 2352
512 16080 2352
592 16048 2288
624 15984 2272
432 16048 2128
656 16112 2192
656 16080 2224
576 16080 2288
528 16080 2288
624 16112 2000
576 16112 2144
624 16144 2192
656 16160 2176
720 16128 2352
736 16096 2336
672 16080 2368
672 16096 2496
592 16080 2320
544 16112 2320
528 16128 2368
576 16160 2256
512 16096 2368
448 16080 2288
448 16016 2192
512 16128 2288
608 16128 2384
528 16064 2304
528 15968 2272
608 15968 2272
608 16016 2304
608 16064 2304
544 16128 2320
576 16048 2336
720 16208 2144
752 16080 2112
544 16064 2112
464 16112 2160
464 16048 2176
544 16048 2208
416 16112 2208
592 16080 2096
528 16128 2096
528 16096 2112
512 16096 2112
592 16096 2464
496 16048 2304
576 16112 2608
656 16064 2464
656 16032 2480
656 16048 2192
768 16048 2192
672 16064 2160
576 16016 2864
544 15952 2288
528 15904 1984
528 16032 2240
496 16048 2448
592 16032 2512
448 15968 2368
448 15968 2352
560 15968 2352
640 16016 2352
576 16048 2464
512 16032 2576
400 15984 2320
464 16048 2416
464 16144 2464
320 16144 2320
432 16176 2352
512 16176 2176
608 16208 2176
640 16112 2176
576 16144 2256
544 16112 2128
752 16048 2304
704 16000 2144
496 16048 2208
624 16096 2512
960 16448 2336
992 16416 2240
800 16480 2480
800 16480 3040
272 16480 3040
496 16256 2464
592 16144 2080
496 16064 2256
480 16048 2272
480 16048 2224
576 16048 2304
656 16016 2304
720 16096 2192
640 16016 2192
704 16048 2352
704 16096 2352
736 16112 2288
736 16064 2320
544 16064 2560
656 16144 2560
576 16096 2288
576 16048 2272
480 16032 2528
464 16048 2320
464 16112 2448
432 16080 2176
496 16128 2048
496 16080 2240
416 16080 2240
336 16128 2240
464 16128 2160
656 16160 2336
672 16096 2432
640 16048 2272
640 16304 2144
400 16048 2240
480 16048 2432
416 16064 2432
496 16064 2704
512 16032 2560
464 16096 2352
464 16096 2064
464 16144 2064
640 16144 2064
528 16080 2128
448 16064 2080
560 16032 2096
640 15968 2064
464 16048 2048
624 16064 2064
624 16064 2096
624 16032 2096
656 16032 2304
592 16032 2080
816 15984 2080
864 15920 2128
864 15920 2208
784 16000 2208
688 16032 2336
960 16032 2224
784 16000 2352
704 16128 2272
704 16096 2512
608 16096 2512
512 16192 2384
496 16064 2416
432 16128 2592
304 16048 2480
304 16112 2176
336 16112 2080
448 16048 2080
576 16048 2144
544 16064 2384
592 16240 2272
592 16240 2240
624 16240 2240
544 16176 2464
528 16096 2336
592 16112 2336
704 16128 2368
560 16064 2288
624 16080 2064
464 15968 2224
544 16000 2112
544 16032 2288
608 16032 2288
784 16048 2192
656 16032 2272
560 16064 2208
704 16032 2320
544 16096 2640
496 16080 2288
544 16128 2128
544 16128 2144
592 16128 2272
592 16112 2096
672 16160 2096
480 16080 2176
480 16112 2208
592 16176 2320
592 16160 2432
592 16112 2432
496 16112 2352
624 16096 2352
496 16080 2208
416 16128 1984
352 16144 2032
224 16080 2128
224 16048 2320
160 16048 2272
384 16112 2272
752 16096 2160
784 16192 2048
816 16192 2288
816 16112 1984
640 16192 2144
640 16096 2240
560 16096 2400
384 16128 2400
496 16080 2496
512 15968 2288
688 15952 2176
688 15904 2112
752 15984 2160
464 16016 2192
464 16176 2176
544 16176 2240
672 16144 2064
544 16144 2064
368 16112 2304
336 16112 2400
432 16096 2320
736 16336 2336
736 16048 2192
672 15968 2032
592 16064 2016
592 16064 2160
464 16096 2160
416 16144 2288
416 16112 2384
400 16032 2416
352 16032 2320
352 16000 1984
528 16000 1984
656 16048 2176
736 16000 2224
640 16176 2560
704 16144 2512
896 15712 1776
896 15904 2208
816 15904 2352
848 16080 2352
752 16080 2352
528 16112 2496
496 16144 2400
432 16064 2704
432 16032 2336
416 16032 2048
480 16080 2048
496 16032 2080
704 16016 2048
912 16048 1968
960 16000 2112
944 16064 2192
592 16080 2400
592 16144 2528
608 16208 2560
608 16256 2368
560 15824 1920
640 15936 1888
672 15888 1872
656 15888 2016
544 16032 2032
656 15872 2032
688 15824 2128
560 15568 2368
816 15344 2416
816 14448 3376
832 14448 2224
480 16560 2224
560 16432 2320
608 16272 2608
464 16416 2464
496 16544 1920
624 16448 2528
624 16384 2016
640 16288 1952
672 16288 1952
528 16384 2144
576 16256 2208
672 16176 2032
672 16224 2352
