startup(x,y,z):(160,16144,208)
336 17808 2336
-624 18720 1696
1376 17968 1696
2048 13280 3008
112 15392 6064
160 17648 5904
1200 20448 848
1200 20448 64
1088 23008 64
976 22480 1600
384 22672 -96
208 20928 -336
208 21616 -2544
-1232 23136 -5216
208 23136 -5216
880 20176 -112
368 18560 -1424
-592 15888 1664
320 14960 2608
320 14656 3408
112 14656 3408
-624 16640 960
-16 15232 3376
768 12720 5120
864 12752 3552
864 12304 2208
368 12304 992
32 12672 992
-144 13312 -352
-48 13968 -1440
112 14368 -1712
112 14480 -1712
288 14480 -1632
416 14448 -1632
592 14224 -1712
608 14064 -1312
320 14048 -1280
224 14192 -1280
224 14592 -1824
16 14592 -2064
-176 15072 -2064
-384 15536 -1792
-512 15824 -1008
-608 16048 -128
-464 16032 560
-464 16032 1152
-416 16208 1152
-2480 24432 2368
624 15776 -992
1616 13600 -800
1296 12960 -768
880 11696 -1008
896 11680 -896
896 14912 -1248
912 14912 -1088
928 14016 -1088
688 12480 -928
656 16560 -1360
288 16672 -1312
32 14864 -1504
-64 14816 -1872
-64 17088 -1392
-208 17088 -1824
432 18256 -1824
176 14336 -768
496 19344 -688
-80 18784 -464
-80 15312 -496
-432 15312 -432
-512 13744 -432
-480 15392 -496
-288 17472 -656
-176 17328 -784
112 16576 -768
112 15888 -208
272 15888 -208
496 16096 -208
336 16448 -384
928 17504 -768
640 16736 -448
640 15936 -256
800 15936 -256
544 13584 -128
336 11936 -560
288 12064 -736
-96 12976 -1056
-192 13888 -720
-192 14448 -192
-368 14448 -192
-240 13664 1440
48 13600 1584
80 13904 1456
16 14528 1008
-192 15200 944
-192 15648 1088
-208 15840 944
-176 15840 832
-16 15952 832
-16 15936 768
0 16352 288
0 17680 -704
240 17680 -912
464 18432 -912
800 18432 48
880 18080 1056
1008 17744 1680
1168 17680 1888
1216 17664 1664
1408 17888 1632
1408 17888 1568
1776 17776 1184
2176 17408 1184
2336 17168 912
2416 16976 592
2416 16896 304
2720 16320 464
2720 16272 320
2832 16576 0
2464 16576 0
2016 16896 -608
1632 17232 -896
1600 17168 -352
1872 16784 48
1872 16784 368
2176 16448 496
2272 16160 496
2416 16080 816
2464 16160 320
2272 16144 672
1984 16096 704
1984 15968 720
1712 15968 720
1488 15904 784
1104 15920 848
1024 15856 592
912 15840 816
912 15968 784
976 15968 720
960 16064 720
928 16352 768
992 16464 704
992 16480 608
944 16528 720
944 16528 1136
960 16384 1136
800 16288 1168
944 15984 816
1024 15968 1008
1024 16016 688
1040 16032 752
960 16032 672
1120 16128 672
1024 16304 912
768 16368 896
848 16512 400
1104 16816 -64
1104 16768 -304
1232 16768 -112
1264 16672 -112
1328 16480 432
1552 16416 160
1808 16496 -480
1520 16432 80
1520 16368 304
1440 16368 368
1360 16192 368
1024 16032 480
992 15936 128
784 15872 80
784 15824 448
400 15824 448
272 15712 624
128 15648 848
128 15616 1152
64 15664 1008
64 15792 1040
80 15792 848
-32 15984 848
16 16080 1504
320 16240 1344
224 16352 1424
192 16384 1232
192 16384 1088
224 16336 1088
304 16272 896
352 16240 736
464 16224 752
624 16240 1024
768 16224 864
768 16288 560
768 16288 752
816 16416 752
704 16368 640
736 16544 896
640 16624 720
640 16592 672
448 16592 832
384 16640 832
176 16528 864
192 16400 1072
96 16336 928
96 16288 864
-64 16288 640
-80 16160 640
-32 16032 768
16 15984 784
-64 16032 800
-64 16080 688
-16 16080 1152
-80 15984 1152
0 16032 752
-32 15872 1040
144 15936 672
144 16000 720
192 16000 768
176 16016 768
336 15936 880
384 15952 976
560 16064 848
560 16064 880
480 16016 880
464 16176 944
448 16176 912
304 16208 864
304 16320 768
320 16320 976
272 16416 976
352 16448 896
176 16544 912
192 16496 880
144 16416 896
64 16304 896
0 16352 848
16 16304 752
-16 16080 976
96 15872 816
96 15632 736
256 15632 736
384 15552 848
464 15536 928
400 15104 1072
544 15072 1136
544 15072 1104
688 15248 1104
432 16240 -4624
608 17520 -6752
112 18192 -144
352 17792 304
352 17136 1392
400 17136 1392
368 16832 -1920
80 16496 -2784
-80 16192 -1152
16 16000 -688
16 16000 -1840
256 15968 -1840
240 16048 -1056
496 16384 -896
496 16832 -976
416 17232 -960
416 17584 -928
224 17584 -928
-16 17344 -704
-144 17088 -528
-416 16688 576
-416 16544 1472
-160 16544 -128
176 16848 -128
688 16832 -1888
-976 15728 6800
96 16144 1408
1904 15360 10848
1904 15552 12496
352 15552 6576
1168 16000 6576
1472 16192 -48
1792 16352 -1280
2096 15072 752
2096 13648 3744
2048 13648 3680
1776 13232 608
1424 13808 720
848 14544 -96
288 15424 -256
32 15760 576
160 15824 2192
160 15824 1312
176 16384 128
48 16544 80
-144 16544 1120
-608 16608 1344
-608 16608 832
-720 16672 1648
-976 16144 1648
-1008 16208 1472
-960 16240 1120
-624 16144 640
-624 16128 720
-512 16128 784
-240 16160 784
-352 16032 352
64 15984 672
448 16112 832
448 16112 784
416 16096 784
288 16064 608
368 16016 800
192 15872 864
176 15776 1104
176 15456 896
208 15456 896
240 15200 608
208 14976 288
400 15120 2160
272 15168 1408
272 15168 1232
448 15648 1232
592 16560 800
912 17072 2528
688 17296 4224
192 17024 1872
192 17024 592
-304 17024 352
-368 16704 352
-416 16592 -256
-320 16496 -80
-272 16608 928
-272 16864 1120
-208 16864 1072
-224 16896 1072
368 16800 768
944 16656 512
1104 16432 560
1104 16128 2448
1184 16128 1648
656 16144 1648
560 16288 1280
528 16288 896
416 16352 624
416 16336 816
304 16336 880
48 16240 880
160 16176 880
32 16128 832
-144 16064 928
80 16064 816
80 16064 384
240 16144 384
576 16048 176
736 16000 256
816 15808 304
816 15808 9600
-576 15184 9600
-288 15712 2544
-176 16400 1632
-384 16720 1360
-544 16816 -16
-544 15856 2080
-1232 15856 592
-1328 15536 592
-1456 15648 400
-1328 15776 432
-1024 15920 64
-1024 16368 -368
-1008 16368 -816
-960 16688 -816
-384 16752 1152
-160 16608 64
96 16448 2112
96 16320 320
576 16320 256
960 16208 256
768 16032 512
320 15824 1712
384 15776 -112
384 15728 1376
32 15728 -1216
304 16048 2640
912 16128 2640
928 15952 2752
352 16096 1856
624 16208 -224
624 16272 384
528 16272 384
576 16208 -160
288 15968 -592
528 16288 -832
528 16448 32
720 16448 -480
1216 16624 -480
1968 16624 528
2160 16592 -304
1968 16448 560
1984 16192 304
1984 16208 576
1968 16208 880
1952 16192 880
1888 16528 768
1600 16672 864
1760 16864 784
1760 16976 928
1568 16976 1024
1440 17120 1024
1568 17040 256
1456 17168 -416
1504 16912 128
992 16784 -1664
992 16784 928
864 16432 928
416 16112 128
112 15872 480
-176 15696 1936
-176 15712 256
0 15712 448
784 15888 448
1248 16096 16
1232 16336 896
1568 16032 4000
1504 15520 2240
1504 15264 2064
1280 15264 848
816 15184 848
448 15600 -272
240 16016 -304
-80 16032 528
-144 16032 464
-144 16032 432
-192 15984 432
-192 15872 576
-16 15744 512
128 15888 496
192 16320 560
112 16400 640
112 16256 544
368 16256 1008
512 16288 1008
480 16320 128
544 16400 592
784 16336 960
944 16304 912
1040 16224 752
1040 16176 800
1056 16176 640
976 16256 640
880 16240 576
944 16144 624
816 16208 672
816 16208 320
656 16480 320
-112 16368 1760
-464 16448 1936
-384 16624 1216
-256 16640 304
-16 16656 160
-16 16656 416
192 16656 416
400 16608 320
528 16288 960
640 16080 880
640 16096 336
560 16096 800
432 16208 800
496 16272 352
384 16176 576
400 16128 448
-240 15936 4560
-96 15840 1088
-96 16000 -880
80 16000 -880
-16 16048 -928
-224 15984 720
-176 15984 1088
-64 16112 464
-64 16288 48
-256 16288 288
-400 16384 592
-352 16384 480
-320 16288 480
-240 16400 416
-256 16352 256
-512 16320 384
-400 16320 240
-160 16432 240
224 16400 1088
512 16224 2560
720 16352 1824
464 16560 944
448 16608 80
320 16512 624
320 16720 784
224 16720 1168
-192 16768 1168
-208 16560 1104
-16 16416 1280
112 15872 1296
112 15936 1136
288 15936 896
144 15984 896
48 15904 800
16 16064 560
112 15904 816
48 16096 784
144 16192 752
144 16192 864
144 16400 864
-80 16592 560
-304 16864 624
-336 16784 784
-800 16992 816
-800 17328 944
-112 17408 768
-112 17456 1008
