startup(x,y,z):(512,16176,208)
768 16848 1408
912 17216 2304
608 17504 3312
880 17968 3088
-64 18480 6128
480 14080 5424
240 17840 4320
240 17840 3536
1712 5760 3536
2384 10064 -2432
1888 13520 -640
2464 15536 -2256
1712 19248 -2976
1152 25952 1152
2528 29296 4912
2016 25312 11376
2096 8624 10128
2096 20640 5392
656 18864 -912
2160 25760 -2800
2160 28272 -32
1600 28272 -32
2160 24800 4752
2368 19680 6912
1712 15888 4960
784 13136 2144
-224 11264 208
-672 10528 -1120
-48 10800 -2352
896 11696 -3584
896 12592 -4720
2304 12592 -5968
3056 12608 -5968
3280 11520 -6208
3008 10016 -5760
2848 8640 -5456
2224 7808 -4976
1632 7536 -4384
1072 7808 -3568
704 8800 -2736
624 10192 -1616
512 11616 -608
512 11616 624
432 12800 624
576 13616 1568
848 14336 2384
944 14656 2832
720 14656 3456
720 14608 3376
560 14608 3376
256 14368 2992
-288 13776 1504
-480 13776 1008
-80 13312 1008
416 12624 656
1952 11200 -16
2832 10640 -528
3216 10272 -1072
3616 10112 -1680
4144 10144 -2320
4416 10384 -3248
4816 10480 -5040
4960 10512 -5888
4960 10512 -6208
5280 10288 -6208
5568 10000 -7200
6128 9744 -7200
7040 9488 -7008
7904 9216 -6432
8944 8928 -5968
10336 8544 -6144
11776 8368 -7104
13264 8416 -8464
14688 8288 -8464
15744 5056 -7648
15984 5120 -10400
17136 5936 -14512
17136 6048 -15744
19520 4832 -9808
18576 4608 -11584
18576 4928 -12560
18272 4928 -10112
17904 5376 -10112
17840 4432 -10480
19344 2672 -9680
20400 2064 -6336
20400 -16 -7632
21120 -16 -8400
21104 -1776 -8288
21424 -3216 -13216
20928 -3248 -11184
22464 -2464 -8560
23760 320 -4512
24624 2880 -4240
24128 3968 -5984
24128 4048 -5936
21648 4048 -5936
20128 4144 -7232
15456 3696 -1584
16464 2096 -6304
15360 1376 -6352
14352 592 -6112
14352 576 -5712
13792 768 -5616
14048 592 -5504
14048 1136 -5424
14112 1136 -5424
13920 1600 -5760
14176 1680 -5536
14416 1792 -5408
14704 1504 -5360
14704 944 -5520
15328 944 -5616
15840 304 -5616
15376 -512 -5568
14736 -1232 -6448
13760 -1424 -6800
13744 -2016 -6448
14256 -2448 -6464
14880 -2544 -6944
14928 -2624 -6752
15056 -2272 -6592
14688 -1808 -5920
14544 -944 -5648
15136 -784 -7264
14736 -304 -7104
14352 128 -6512
14352 144 -6400
14864 144 -6032
15056 336 -6032
15888 224 -7728
15616 352 -7200
15120 640 -6656
15296 480 -7088
14272 1024 -5072
14272 752 -6528
14864 944 -6128
14688 944 -6464
15360 464 -6464
15648 544 -6432
16016 -128 -5856
15424 320 -5440
15120 560 -5584
14784 976 -6080
15040 1136 -6368
15040 1136 -6480
15088 1264 -6208
14480 528 -6448
14560 288 -6240
14416 400 -6640
14672 240 -6224
14720 240 -5952
14688 96 -5952
14208 256 -6480
14480 384 -6864
14672 592 -6864
14784 256 -6976
14640 336 -6832
15008 400 -5552
15008 -112 -5424
16048 -336 -5248
16048 -448 -5040
16256 -448 -5408
15984 -544 -5408
15488 -176 -5920
15280 672 -6032
15136 928 -6336
15168 976 -6368
15488 416 -6128
15792 -288 -6432
15792 -1312 -6816
15376 -1312 -6448
15296 -864 -6448
15728 -736 -5520
15184 -1072 -5296
15008 -736 -5360
15056 -80 -5808
15056 208 -5712
14592 608 -6208
14800 160 -5552
14800 64 -4832
15264 64 -4624
15520 80 -4624
15664 496 -4816
15584 752 -4464
15600 2112 -4480
15424 2400 -4800
15088 2528 -5280
14880 2400 -5632
15216 2048 -5296
15152 1664 -5376
15088 1008 -6000
15200 560 -6000
15616 224 -6016
15536 240 -6176
15312 816 -6160
15536 752 -5984
15360 592 -5760
15360 752 -5152
15856 1264 -5472
15856 1264 -5504
15712 1552 -5504
15856 1712 -5488
15376 1728 -6272
15280 1744 -5744
15280 1744 -5088
15568 2048 -4448
15520 2112 -4544
15904 2896 -2832
15904 2880 -2576
16528 2880 -3808
15232 3264 -8272
10416 1008 -8272
11360 -816 -5072
12512 -1248 -6304
13184 -864 -6384
14400 -928 -5872
15104 -144 -5664
15568 176 -5344
15408 368 -5264
15280 624 -5232
15168 848 -5152
15376 800 -4960
15728 -32 -4992
15728 -704 -5168
15520 -704 -5168
14944 -560 -5360
14656 -192 -5488
14720 -224 -5264
14960 -288 -4832
14960 -192 -4688
15200 -192 -4752
14976 96 -4880
15008 240 -4880
14832 336 -4944
14912 368 -4800
15040 224 -5328
15136 192 -5168
15136 256 -5088
14944 256 -5088
14656 272 -4864
14864 496 -4912
14912 976 -5216
14816 1312 -5360
14928 1248 -5840
14928 -320 -4352
16176 -320 -4272
17088 -80 -4272
16704 592 -5152
16288 64 -5600
15616 384 -5664
15456 -80 -5072
15296 304 -5248
15280 240 -5424
15280 352 -5312
15072 352 -4992
15216 352 -4992
15456 400 -5440
15312 304 -5344
15136 384 -5424
15040 336 -5744
15040 384 -5680
14928 384 -5552
14992 400 -5552
15184 512 -5392
15408 464 -5392
15600 480 -5264
15552 512 -5264
15536 496 -5136
15360 656 -5168
15408 816 -5120
15408 816 -5120
15568 928 -5120
15328 624 -4800
15280 592 -5136
15408 512 -5136
15488 512 -5008
15344 624 -5168
15360 576 -5280
15360 576 -5296
15248 480 -4960
15296 544 -5088
15440 512 -4864
15408 400 -4976
15344 416 -4960
15328 384 -5120
15280 480 -5008
15312 560 -5024
15328 640 -4880
15312 656 -4992
15312 656 -4928
15312 688 -5056
15360 656 -5056
15440 640 -4960
15120 720 -4880
15424 720 -4896
15424 672 -5088
15456 672 -5104
15472 640 -5040
15616 576 -5088
15536 624 -4912
15312 576 -4880
15200 512 -4608
15136 576 -4704
15024 608 -4752
15136 624 -4816
15232 672 -4912
15312 656 -4864
15440 672 -4688
15360 624 -4864
15488 560 -4864
15456 544 -5136
15296 528 -5024
15568 688 -4848
15536 720 -4912
15568 880 -5104
15616 736 -4960
15504 752 -4976
15504 880 -4992
15376 880 -4816
15328 1072 -4640
15216 1104 -4736
15216 992 -4736
15280 992 -4768
15376 800 -4656
15280 816 -4736
15296 1008 -4848
15296 784 -4896
15232 784 -4896
15232 448 -4832
15344 400 -4864
15488 240 -4928
15552 240 -4992
15456 336 -4912
15552 464 -5152
15616 624 -5248
15520 672 -5264
15440 656 -4992
15440 656 -5072
15424 800 -4912
15408 864 -4944
15536 848 -4992
15584 928 -5056
15568 864 -4944
15488 720 -4800
15536 576 -4768
15392 512 -4768
15344 480 -4800
15456 464 -4640
15504 624 -4528
15408 688 -4640
15408 688 -4912
15408 608 -4864
15392 608 -5040
15520 752 -5120
15584 784 -5024
15712 832 -5008
15664 720 -4832
15584 656 -4832
15392 496 -4528
15392 224 -4384
15680 -144 -4416
15680 -336 -4672
15600 -336 -4896
15328 -160 -5024
15168 -160 -4896
15216 176 -4928
15392 1152 -4704
15760 1136 -4448
16176 1136 -4304
16688 1904 -4304
17024 2000 -3744
17008 2032 -3568
17168 1984 -2784
15248 2176 -3744
15248 784 -3984
14992 528 -4832
14992 -128 -4496
15520 -1024 -4480
14784 -1024 -4480
14944 -768 -3536
14800 -656 -3440
15440 720 -3024
14544 1792 -4736
17344 3920 -2272
24688 6640 1504
28672 10000 5136
30480 9552 5136
28384 8192 -1120
24368 6336 -8416
20400 5536 -9856
17216 5136 -15168
17216 5424 -8704
15920 5424 -7792
15872 6032 -7792
15152 6720 -14720
15264 6944 -11856
14496 6608 -7440
14400 6464 -1520
12752 5888 -2368
11376 5664 -6240
11376 5664 -12064
8416 7152 -8608
9712 8128 -8608
7040 8352 -13136
7584 7856 -4336
9232 7120 928
8496 7392 -1552
5680 8064 -8000
4048 8256 -10336
4800 8592 -5904
4288 8416 -5408
4288 8352 -9520
3296 8352 -8160
2240 8144 -8160
2048 9248 -10608
2960 8448 -12496
2672 8176 -12000
15760 6384 -8528
4992 6704 -5776
896 7120 -5776
-16 8880 -5360
-352 11664 -4688
-672 13264 -5728
112 15824 -4704
432 15840 -5728
1056 15792 -5696
1952 15920 -4624
2592 16192 -3648
3968 16752 -2544
3680 16400 -1440
3296 16096 -1616
3488 16320 -2448
3472 16848 -2880
3264 16576 -3872
3424 16576 -4464
3488 16400 -4864
3488 16064 -4832
3728 16080 -4640
3888 16080 -5168
4176 15568 -4832
4464 14016 -3728
4352 14016 -3728
4480 14320 -3840
4288 15120 -3904
4288 15568 -4128
4320 16784 -4480
4096 16432 -4896
4096 15344 -4896
3856 14912 -5296
2640 14912 -4768
2976 14544 -4768
2336 13824 -4720
2176 13824 -4800
1936 14016 -4480
1936 14048 -4176
1968 14528 -4128
1792 14864 -3936
1664 15152 -3584
1648 15328 -3488
1808 15296 -3264
2080 15296 -3136
2448 15376 -3088
2848 15376 -2976
3232 15392 -2784
3232 15280 -2960
3344 15280 -2960
3488 15248 -3360
3712 15280 -3664
3616 15264 -3840
3520 15296 -3968
3392 15408 -4048
3424 15472 -4416
3328 15408 -4304
3328 15504 -4384
3040 15552 -4368
2896 15552 -4192
2672 15648 -4192
2592 15680 -3920
2528 15648 -3696
2544 15776 -3328
2656 15776 -3184
2704 15696 -3264
2704 15696 -3040
2720 15632 -3120
2624 15600 -3264
2752 15504 -3264
2624 15392 -2992
2864 15328 -3264
2976 15312 -3360
2960 15328 -3296
2960 15328 -3344
2976 15184 -3344
3008 15280 -3344
2896 15248 -3168
3120 15296 -3216
3152 15408 -3264
3120 15536 -3296
3072 15648 -3200
2960 15744 -3392
2864 15696 -3152
2736 15680 -2976
2688 15648 -2944
2448 15632 -2816
2432 15536 -2944
2432 15360 -3120
2512 15216 -3344
2560 15136 -3568
2560 15104 -3584
2608 15104 -3424
2720 15312 -3424
2752 15216 -3712
