startup(x,y,z):(352,16256,80)
560 16224 1232
528 16128 1168
560 16096 1008
432 16096 1424
224 16064 1424
416 16064 1456
560 16144 1456
432 16208 1408
528 16224 944
704 16176 1184
704 16064 1552
704 16000 1296
352 15984 1056
352 16032 1376
624 16032 1248
464 16064 1248
240 16064 1104
560 16000 944
464 16000 1136
336 16112 1136
368 16080 1168
304 16128 1152
464 16128 1360
448 16176 1184
448 16224 1376
416 16224 1392
432 16192 1392
496 16208 1264
480 16256 1440
576 16192 1440
416 16224 1312
512 16240 1712
464 16272 1392
464 16256 1424
480 16176 1712
336 16176 1664
496 16208 1664
528 16192 1488
624 16192 1408
624 16144 1296
576 16128 1296
560 16112 1152
256 16080 1296
256 16080 1424
304 16096 1424
256 16112 1184
240 16032 1216
400 16016 1216
496 16080 1392
464 16080 1168
496 16160 1424
448 16112 1328
448 16192 1408
512 16192 1472
512 16144 1472
464 16176 1856
448 16160 1712
480 16176 1632
528 16192 1408
560 16176 1456
528 16192 1440
640 16208 1600
544 16144 1792
544 16224 1680
656 16224 1504
656 16208 1728
576 16208 1728
320 16208 1520
352 16160 1200
416 16160 1472
496 16064 1376
480 16112 1392
512 16144 1424
560 16112 1408
304 16208 1408
368 16240 1472
336 16256 1456
224 16256 1376
224 16176 1232
208 16176 1312
480 16176 1488
464 16144 1488
528 16192 1616
496 16304 1792
400 16192 1360
512 16208 1600
560 16192 1696
544 16144 1616
544 16160 1648
480 16128 1584
480 16144 1392
544 16144 1392
592 16144 1328
432 16160 1392
432 16224 1504
352 16224 1440
448 16192 1424
448 16160 1568
640 16144 1616
800 16144 1584
624 16144 1584
576 16160 1360
400 16144 1328
352 16048 1488
256 15984 1440
240 16080 1600
256 16192 1776
256 16192 2032
432 16144 2032
448 16208 1808
128 17392 2160
752 16528 896
640 16352 1216
352 16480 1504
416 16416 1280
512 16336 1328
512 16160 1488
416 16160 1648
384 16112 1648
464 16160 1600
464 16160 1872
400 16112 1856
400 16064 1664
400 16032 1584
432 16032 1696
464 16064 1696
544 16080 1648
592 16112 1600
560 16080 1664
320 16192 1728
448 16144 1552
448 16160 1520
624 16160 1696
544 16160 1664
480 16064 1472
528 15952 1472
576 16000 1408
304 16080 1504
400 15968 1408
400 16112 1136
400 15872 1024
432 15840 1040
624 15840 1040
464 15984 1328
448 16000 1392
352 16112 1328
512 16080 1440
432 16176 1776
432 16256 1712
400 16256 1808
480 16080 1712
592 16016 1712
624 15904 1728
640 16160 1904
640 16304 1520
640 16400 1968
352 16400 1824
512 16064 1824
528 16064 1456
512 16080 1392
672 16032 1264
560 16272 1744
560 16176 1680
528 16176 1984
480 16352 1984
480 16192 1952
576 16016 1808
416 16080 2336
416 16000 2144
432 15920 1808
640 15920 1600
640 16016 1600
448 16240 1984
208 16224 1632
368 16016 1728
464 16096 1632
464 16112 1680
432 16112 1680
512 16176 1632
560 16160 1600
400 16208 1664
448 16304 1536
448 16224 1584
448 16256 1664
336 16256 1632
256 16208 1632
368 16272 1568
352 16320 1424
416 16240 1856
560 16000 1648
608 16064 1840
512 16208 1712
512 16208 1520
448 16208 2000
320 16304 1808
416 16368 1568
624 16272 1568
592 16144 1520
816 16064 1712
768 16032 1440
480 16048 1392
416 16032 1664
416 16032 1392
416 16016 1408
496 16016 1408
512 15808 1776
352 16192 2464
592 16272 1984
736 16192 1536
592 16096 1632
496 16032 1536
496 16032 2320
432 15872 2320
560 16016 1488
496 16256 1664
336 16256 1744
320 16224 1872
368 16224 1776
304 16288 2048
304 16288 2048
528 16128 1312
368 16240 2016
320 16064 1808
320 16240 1776
400 16160 1520
480 16064 1392
480 16128 1552
528 16080 1808
528 16192 1968
560 16192 1968
608 16096 1184
544 16096 1744
624 16064 2032
688 16048 2000
624 16368 2016
608 16352 1840
592 16192 1904
592 16112 1648
576 16112 1648
464 16144 1984
576 15952 1632
368 16032 1856
304 16080 1504
224 16080 1296
272 16032 1360
272 16032 1312
304 16128 1440
368 15920 1440
352 15840 1632
336 16128 2000
464 16368 2224
480 16288 2128
480 16080 1840
528 15936 2384
352 15936 2384
400 15968 2384
448 15680 2112
416 15888 2544
432 16016 2176
432 16192 1984
320 16192 1664
368 16128 1664
480 16032 1424
624 16048 1584
464 16240 2048
416 16352 2336
416 16320 2208
432 16320 2128
608 16272 2128
528 16144 1936
624 16096 1664
560 16064 1552
560 16064 1744
432 16096 1712
432 16032 1936
480 15984 1920
320 15984 2064
384 16112 2064
256 16160 1920
336 16224 1968
336 16256 1968
400 16240 1680
432 16048 1616
496 16048 1664
480 16048 1952
304 16192 1904
512 16160 2016
320 16080 1936
368 16048 1696
368 16048 1920
320 15968 1920
432 15872 2000
416 15920 2048
352 16064 1808
352 16096 1744
336 16112 1744
528 16160 1904
528 16128 1952
576 16128 1952
544 16256 2096
624 15840 2064
560 16048 2368
592 16144 1952
592 16240 1776
592 16128 1776
688 16128 1776
624 16272 2112
592 16208 1888
496 16208 1920
496 16224 1936
400 16160 1856
384 16064 1488
496 16096 1104
496 16112 1552
496 16112 1888
432 16192 2112
512 16208 1936
560 16240 1936
576 16240 1856
560 16192 1792
464 16224 1840
448 16176 1936
448 16176 2096
448 16176 1872
336 16224 1872
352 16160 1824
448 16432 2576
576 16336 2144
496 16160 1712
464 16128 1888
464 16112 1872
496 16112 1872
496 16064 1888
480 16096 2096
336 16160 1968
432 16144 1808
352 16176 1952
336 16064 1920
336 16064 2000
480 16000 2000
544 16000 1936
576 16000 1744
448 16000 1968
576 16032 1728
608 16096 1744
560 16064 1664
560 16064 1552
464 16080 1552
608 16096 1552
544 16096 1312
496 16096 1680
496 16064 1840
480 16144 1744
672 16144 2000
560 16096 2208
672 16144 2208
560 16112 1936
480 16048 2064
432 16064 2048
400 16064 2048
448 16048 1952
448 15936 1808
416 15936 1808
576 16000 1904
464 16128 1936
480 16096 2064
400 16048 2128
464 16096 1824
272 16160 2000
384 16112 2064
384 16096 2128
384 16096 2128
384 16096 2240
464 16144 1744
368 16176 1872
432 16112 1632
464 16096 1712
448 16064 1792
448 16080 1728
448 16000 1936
352 16000 1696
416 16064 1696
432 16048 1552
400 16080 1856
464 16144 2144
512 16128 2080
512 16096 1920
512 16096 1792
496 16016 1792
544 16064 1872
480 16144 1632
432 16080 1824
336 16224 1776
336 16224 1936
448 16224 1936
432 16176 2000
592 16112 1904
544 16176 1920
496 16112 2016
528 16096 1968
512 16096 1840
512 16064 2176
608 16144 2112
464 16176 1920
464 16144 1824
544 16144 1824
448 16160 1888
400 16080 1824
256 16144 2016
256 16208 2160
368 16144 2016
560 16144 2272
560 16160 2320
576 16160 2224
576 16176 2224
560 16192 2048
480 16224 2192
464 16208 2128
416 16176 2048
400 16160 2096
464 16160 1856
576 16176 1888
592 16176 1888
576 16192 1904
688 16176 2096
496 16160 2064
496 16160 1760
368 16160 1760
400 16048 1776
656 16096 1856
656 16112 1840
528 16112 1808
560 16080 1808
544 16064 1920
576 16032 1584
544 16112 1584
496 16080 1776
832 16032 1776
672 15952 1840
672 16096 1920
432 16096 1920
272 16144 2096
304 16160 2064
416 16288 2288
480 16160 2144
480 16224 2096
480 16192 2112
544 16192 2112
624 16144 1936
512 16160 2048
528 16128 2080
464 16112 2000
464 16032 2016
448 16032 2064
512 16048 1920
608 16032 1920
608 16128 1920
528 16096 2192
496 16256 2144
528 16112 2112
528 16112 2096
416 16112 2096
512 16128 2096
544 16112 2256
608 16080 2064
624 16096 2064
560 16112 1904
560 16112 1984
576 16176 2016
464 16160 2016
528 16160 2112
608 16144 2000
560 16064 2112
512 16112 1904
512 16304 1568
512 16304 2160
432 16240 2160
304 16144 2352
320 16144 2208
368 16400 2048
400 16288 2096
400 16288 2096
528 16144 2096
480 16272 1824
720 16144 1824
592 16192 2048
368 16224 1936
368 16112 2048
416 16112 2048
176 16160 1904
368 16160 2096
464 16080 2320
464 16160 2208
400 16176 2160
400 16176 2016
608 16176 1984
496 16096 1984
432 16176 1936
416 16144 2016
416 16160 1984
416 16160 1904
416 16144 1888
432 16096 1888
608 16080 1984
512 16048 2240
544 15984 1904
480 16048 1984
496 16048 1872
704 16144 1824
704 16144 1776
608 16144 1664
576 16144 1664
