startup(x,y,z):(432,16176,128)
304 16448 1280
160 16368 960
2128 15984 1984
352 16096 1200
576 16064 1552
576 16128 944
480 16176 928
368 16176 928
336 16160 1072
416 16192 976
400 16240 1120
448 16240 1088
384 16208 912
320 16176 896
384 16208 880
352 16240 864
352 16240 912
464 16224 912
336 16224 1216
352 16288 1024
432 16192 928
496 16192 832
496 16160 784
512 16096 720
512 16128 832
512 16128 896
384 16128 896
432 16208 768
384 16192 784
432 16176 672
528 16240 1024
432 16240 1024
464 16320 928
480 16176 784
432 16144 992
448 16240 640
368 16352 576
400 16272 576
384 16256 752
432 16288 1056
560 16272 1056
432 16224 944
400 16240 848
400 16256 640
416 16224 800
432 16224 768
432 16224 800
432 16192 800
368 16176 2176
272 16992 2816
192 16992 2816
176 16736 2160
208 16496 2000
256 16400 1296
352 16048 928
320 16224 752
432 16048 496
368 16096 432
368 15936 528
448 15920 272
384 15920 240
384 15888 240
368 15888 512
464 16128 784
400 16192 880
352 16240 752
352 16224 688
464 16208 768
464 16192 912
560 16192 912
512 16144 864
560 16176 976
544 16208 896
640 16224 592
560 16192 864
560 16208 1328
576 16176 1136
800 16016 608
720 15936 592
608 16096 784
608 16400 1520
448 16464 1664
464 16464 1664
704 16352 1024
832 16336 992
960 16432 1040
1248 16320 1312
1344 16400 1104
880 16416 1216
384 16240 864
384 16208 816
480 16208 944
-64 16064 944
-192 16160 1056
-32 16160 1184
272 16032 1008
272 16240 800
-560 16288 896
-560 16240 1120
32 16240 1056
304 16192 1056
496 16160 1056
480 16208 928
384 16208 816
432 15872 80
528 15888 -112
448 15856 368
432 15936 464
400 16096 640
528 16016 608
512 16064 528
416 16208 768
416 16224 704
416 16176 848
416 16176 1088
368 16016 1088
368 16064 480
352 15616 -48
448 15696 688
336 15920 688
480 16016 288
304 16144 0
480 16048 -16
-144 18112 -368
704 17920 -48
816 17504 -80
816 17264 -176
752 17264 -176
624 16896 368
512 16736 832
400 16480 720
352 17024 336
-224 16544 608
0 16704 800
48 16496 1136
48 16496 1008
800 16464 976
496 16864 2400
496 16864 3072
656 16896 1888
912 16544 1200
752 16336 720
496 16400 592
448 16512 1248
480 16720 1680
64 16784 1536
288 16704 1296
832 16928 1168
1184 16544 448
784 16176 192
784 16000 336
688 16000 704
720 16528 704
928 16816 624
384 17216 -192
1136 17072 448
656 16496 448
432 16144 240
432 16160 464
208 15488 640
432 15824 704
432 16144 752
96 16416 864
96 16416 672
16 16496 672
992 16048 896
96 16176 400
784 15984 352
416 16272 576
576 16224 880
304 16384 912
304 16192 736
416 16192 736
384 16096 256
448 16080 368
320 16160 576
400 16304 992
288 16272 1088
320 16320 912
320 16320 816
560 16192 736
416 16336 736
688 16240 1008
336 16192 1024
416 16160 1024
416 16272 1136
496 16576 1024
496 17312 1552
800 17312 1552
592 16544 1264
784 16368 1216
1120 16128 1360
1152 17104 1840
1152 20272 2656
928 20272 416
1664 25376 416
2240 22752 1936
1904 20688 3376
640 20560 2544
-1520 16672 4368
-160 16656 2016
-160 10064 -6640
-16 20048 -6640
1008 20160 -2224
1520 18480 -2224
1552 16896 -256
-2080 15520 432
-1232 17120 1536
-272 16704 1872
352 16256 1472
352 16112 1072
720 16112 384
544 16048 384
592 16016 448
736 15872 256
720 15968 16
368 16112 0
368 15936 144
32 15936 176
-128 15712 176
48 15280 384
96 15152 544
176 15440 656
336 15696 832
336 16192 1232
624 16624 1200
672 16624 1488
832 16848 1488
576 17200 1152
336 17184 992
304 17120 1264
464 16976 1440
624 16640 1184
560 16512 944
560 16512 928
592 16400 928
816 16304 1120
992 16144 1120
1072 15840 816
896 16080 448
1040 16368 656
1040 16368 688
1216 16368 912
1120 16448 912
1232 16720 1296
1936 17104 208
1760 17312 112
1376 16864 448
864 16384 832
864 16144 976
352 16144 816
16 16048 816
64 16128 336
608 16176 -704
736 15840 -752
736 15696 -656
336 15696 -624
128 15472 -656
-224 15296 -432
-912 15344 -432
-1136 15424 -240
-1104 15472 -400
-1456 15728 -256
-1472 15856 -416
-1472 16336 2432
-800 16336 1520
-1056 17072 1520
-1216 17232 288
-1136 17280 272
-816 17184 176
480 15920 1392
528 15840 1184
528 15840 384
576 16064 384
256 16208 112
208 16160 160
96 16320 -32
-32 16352 -96
16 16384 144
16 16336 144
-16 16400 400
-64 16368 384
64 16368 256
160 16240 256
32 16144 272
176 16080 112
240 16016 240
448 15904 256
448 16064 400
176 16064 448
176 16064 448
240 16144 80
304 16288 192
384 16464 400
496 16480 208
496 16496 528
544 16496 384
512 16432 384
496 16384 128
432 16288 -80
256 16128 176
144 16048 -16
64 16128 80
64 16240 112
96 16240 0
144 16288 320
288 16272 320
240 16400 320
416 16368 224
528 16320 64
544 16288 176
544 16272 272
592 16352 112
592 16352 256
528 16368 256
416 16384 384
256 16304 224
176 16192 208
208 16192 480
192 16208 480
304 16304 448
256 16208 496
48 16112 432
64 16096 272
160 15984 352
208 15872 496
208 15872 224
384 16000 272
368 16256 384
352 16208 288
272 16112 288
-64 16128 96
-32 16176 128
0 16192 160
64 16304 272
240 16320 288
96 16432 576
144 16432 528
144 16400 576
64 16368 528
0 16416 384
-16 16416 320
112 16320 320
224 16144 96
240 16112 608
240 16112 512
288 16096 224
352 16128 -32
304 16208 0
368 16240 -32
192 16272 224
240 16224 384
240 16224 384
432 16224 128
176 16272 464
240 16240 224
240 16192 64
192 16288 96
288 16208 64
64 16320 144
64 16256 336
128 16208 416
128 16144 144
160 16144 272
192 16080 272
208 16176 -48
176 16288 288
288 16320 336
288 16368 336
336 16368 240
272 16304 240
128 16224 496
-48 16112 416
32 15952 352
112 15984 336
128 16080 288
112 16160 144
112 17296 -2208
272 16256 -112
416 16256 96
-224 16064 96
-320 16064 400
-112 15968 272
176 16032 256
336 16096 240
272 16112 160
336 16208 304
160 16112 448
160 16112 528
144 16144 560
160 16096 336
288 16096 688
288 16080 688
320 16112 736
192 16176 752
96 16240 416
64 16224 624
64 16144 464
128 16144 336
208 16208 336
208 16208 368
256 16176 432
176 16352 320
160 16320 272
256 16272 272
272 16224 240
304 16144 224
400 16128 192
176 16160 192
176 16176 288
288 16176 240
240 16176 352
-48 16240 608
-128 16240 560
32 16256 560
144 16256 560
112 16240 608
80 16144 560
112 16144 128
128 16160 48
144 16256 144
144 16256 0
16 16176 288
16 16112 192
16 16016 160
32 16000 80
-96 16000 80
-160 16016 64
48 16112 64
80 16384 288
272 16528 272
208 16528 448
160 16448 432
96 16272 144
64 16304 480
208 16400 480
208 16336 400
144 16304 256
144 16304 288
192 16288 288
48 16304 272
32 16176 288
80 16064 48
80 15984 -48
-80 16336 -640
160 16336 144
192 16128 144
176 16256 224
0 16336 208
112 16320 208
144 16288 -16
160 16288 304
160 16240 288
336 16240 448
240 16272 448
80 16384 240
48 16336 240
-16 16224 384
192 16240 304
144 16256 96
208 16336 -192
208 16336 432
192 16144 432
144 16096 304
256 16064 272
384 16160 176
624 16160 48
560 16304 144
560 16288 96
416 16288 96
288 16192 240
272 16160 80
288 16240 144
320 16336 0
240 16256 0
352 16208 32
352 16160 112
240 16160 -144
208 16208 0
496 16224 -48
448 16160 304
272 16176 128
304 16144 16
320 16096 160
320 16096 352
304 16208 352
400 16256 224
224 16240 272
176 16352 400
224 16288 352
256 16208 112
96 16256 32
208 16192 -160
224 16192 -32
240 16144 0
336 16208 -96
272 16160 80
416 16144 64
320 16160 -80
320 16208 -32
416 16192 -64
448 16032 -192
336 16032 -192
224 16144 -160
304 16240 -80
400 16208 -64
304 16336 160
240 16304 512
288 16288 240
288 16288 -48
256 16320 -48
208 16240 272
