startup(x,y,z):(64,16192,352)
-336 17392 3536
96 16848 2496
96 17696 2640
-320 15440 2688
-160 17072 2304
-688 18032 3040
720 18672 2656
-336 20544 3008
-1104 19632 4208
-1104 18784 720
2112 17344 1408
464 17344 1408
672 16544 816
-160 16048 1664
-1040 16112 2416
-1568 16464 3328
-896 18480 6368
-1440 20080 5344
-64 19392 4944
-272 19392 4944
-384 19728 -3648
-1328 22816 3808
272 4384 784
272 13712 4128
704 13712 5216
832 16464 5216
848 17056 3456
336 17200 2192
32 17296 2064
-256 17008 2576
-352 16528 3328
-192 15792 3664
-192 15216 3968
-48 15216 3968
16 14784 4336
144 14640 4288
128 14544 4432
-160 14288 4128
-160 14192 3120
48 14192 2672
-80 14128 2672
-96 14064 1840
-192 14032 1408
-256 14080 1408
-160 14064 1648
-176 14128 1632
-128 14176 1968
-128 14176 1904
-192 14288 1904
-112 14608 2112
16 14928 2160
-48 15312 2144
-48 15504 2832
-48 15648 2736
-16 15776 2864
-16 15776 2928
32 15760 2592
-64 15744 2592
48 15456 2240
256 15168 2112
48 14928 1536
176 14864 1248
176 14864 816
240 14864 816
224 14896 352
352 14896 0
352 14992 -304
64 15040 -256
-80 15104 -432
176 15072 -656
96 15072 -800
16 15200 -800
0 15344 -544
16 15504 -704
144 15648 -560
144 15696 -768
64 15728 -784
368 15888 -976
336 15888 -912
144 15968 -912
-48 16000 -816
64 15776 -960
272 15520 -1520
272 15392 -1728
528 15264 -1408
688 15264 -1408
720 15200 -1232
720 15152 -1632
768 15104 -1648
704 15344 -1568
960 15568 -1552
1312 15456 -608
1312 15520 -240
672 15520 -48
176 15648 -48
144 15968 48
144 16272 112
160 16480 160
48 16688 48
48 16784 64
16 16832 32
16 16704 96
112 16704 320
352 16688 320
480 16624 704
496 16576 608
528 16528 560
464 16608 800
464 16672 768
128 16672 768
-96 16688 880
-288 16640 1312
-240 16608 1120
-64 16544 1104
352 16672 880
384 16816 800
384 16816 912
480 16960 912
464 17184 1008
592 17216 1008
560 17280 864
560 17232 704
736 17232 624
832 17296 624
784 17280 656
528 17136 656
416 17040 768
688 16960 640
640 16864 880
640 16624 736
640 16624 736
560 16528 1056
544 16304 1040
528 16128 864
544 16048 704
672 15968 800
672 15920 800
720 15920 752
704 15888 752
688 15872 800
720 16064 848
720 16064 640
768 16112 416
832 16112 416
1040 16128 96
848 16112 208
768 16032 480
752 15952 800
656 15776 736
576 15840 864
592 15872 1200
592 15808 944
464 15808 944
368 15808 816
544 15856 976
352 15840 1024
256 15968 1040
256 16064 1024
256 16144 912
256 16144 848
288 16128 848
128 16160 848
80 16080 848
80 16048 752
80 16000 992
32 16000 976
176 15904 976
352 15760 1216
432 15840 1040
464 15856 848
512 15904 864
448 15920 1136
448 15920 1024
416 16016 1024
512 16032 960
560 15968 976
656 16000 1024
656 16080 736
704 16080 688
656 16160 688
560 16176 912
512 16128 832
480 16208 784
336 16240 768
304 16304 832
304 16304 944
368 16288 944
480 16320 1008
496 16304 688
480 16240 960
464 16240 1040
464 16240 1136
464 16176 992
624 16192 864
784 16240 864
720 16192 1200
880 16224 960
816 16272 608
880 16336 800
880 16304 800
848 16304 800
784 16192 880
784 16144 832
768 16144 912
608 16192 1040
624 16080 976
848 16096 864
848 16080 848
832 16080 848
672 16064 1056
640 16112 704
384 16144 832
384 16080 672
528 16080 1024
400 16160 1024
384 16112 1008
368 16256 1056
304 16192 1040
432 16320 992
432 16272 992
496 16272 1072
576 16256 1072
592 16336 944
528 16352 1024
496 16256 832
496 16096 816
384 16096 816
368 16208 688
528 16112 912
448 16096 640
480 16064 880
560 16112 688
592 16064 864
592 16048 912
336 16048 1168
384 16144 1024
464 16096 1152
560 16096 1056
320 16080 976
368 16096 928
592 16096 912
592 16080 768
528 16144 848
528 16144 912
416 16192 880
400 16176 880
448 16304 704
400 16320 960
544 16288 912
544 16240 880
544 16224 1056
464 16080 992
480 16080 672
576 16048 672
416 15936 752
400 16048 944
448 16032 1024
448 16032 1040
464 16048 992
496 16048 1104
400 16032 1104
368 16144 1200
448 16160 800
544 16128 736
608 16080 784
512 16096 816
512 16080 912
464 16080 912
496 15984 992
448 15984 944
368 15904 1072
432 15888 928
304 15936 720
304 15776 816
320 15744 1056
320 15760 1168
320 15776 1088
352 15776 1088
176 15808 944
528 15760 1056
496 15728 1168
496 15776 1040
576 15776 912
512 15760 912
512 15808 1072
416 15856 1088
368 15936 1088
432 15952 800
432 15952 864
368 15984 864
480 16000 960
464 16032 1024
352 15952 1088
352 16048 928
544 16048 1152
432 16064 1152
576 16032 992
608 16080 832
608 16208 1088
672 16224 1008
672 16224 896
736 16320 896
768 16400 848
896 16448 608
752 16496 400
752 16432 336
768 16432 592
816 16416 544
816 16416 752
848 16304 864
864 16288 880
960 16192 1056
928 16096 864
928 16096 848
1008 15904 848
912 15936 608
944 15968 784
832 15936 848
864 15920 1056
864 15920 1152
832 15952 1136
880 15984 1136
848 16048 1136
800 16208 928
816 16272 880
1168 16192 672
1264 16256 624
1264 16256 640
1120 16272 640
1072 16336 720
1040 16304 832
960 16256 832
1200 16224 752
960 16288 576
880 16336 768
880 16368 992
592 16368 992
800 16528 1072
912 16528 1200
976 16512 1024
976 16528 848
928 16528 592
832 16560 752
944 16592 944
768 16496 976
800 16544 1072
800 16512 1120
688 16512 1120
752 16576 1040
752 16576 1232
752 16576 1136
752 16560 1120
608 16560 1152
656 16464 1152
672 16448 1152
704 16416 1136
784 16320 1376
784 16368 1376
768 16368 1376
720 16256 912
672 16112 880
784 16032 1056
640 15968 1264
640 15968 1504
400 15968 1504
368 16032 1456
336 16048 1248
304 15936 1440
304 16000 1280
352 16000 1232
512 16080 1296
576 16048 1328
640 16016 1344
640 16000 1328
576 16000 1328
416 15952 1376
608 15920 1424
480 15760 1408
400 15712 1264
400 15712 1280
624 15616 1280
512 15600 1248
432 15648 1152
560 15632 1152
560 15664 1184
432 15664 1472
416 15728 1472
400 15872 1424
416 15952 1360
432 16048 1424
416 16032 1344
416 16032 1232
400 16016 1232
432 16112 1232
432 16240 1232
320 16208 1200
320 16288 1216
384 16288 1360
304 16256 1360
432 16096 1456
544 16080 1504
544 15984 1328
384 15984 1328
448 15936 1296
608 15888 1280
704 15920 1200
672 15952 1136
672 15952 880
480 15952 880
576 15936 816
560 16000 656
560 15968 880
560 15904 1072
640 15904 1072
592 16048 1056
592 16128 1184
608 16128 1248
608 16192 1264
576 16192 1328
544 16208 1328
480 16192 1376
560 16224 1472
544 16224 1408
544 16224 1520
448 16272 1520
480 16272 1584
480 16160 1488
496 16112 1472
496 16144 1120
480 16144 1120
544 16160 1264
704 16112 1328
736 16064 1280
752 16032 896
528 16096 928
672 16032 1072
672 16064 1104
656 16064 1440
576 16160 1440
592 16192 1184
448 16272 1264
560 16336 1104
560 16272 1136
672 16272 1120
944 16352 912
896 16384 1136
896 16384 1200
976 16224 1200
944 16208 944
960 16128 1424
816 16096 1264
800 16144 1264
800 16144 1152
784 16048 1152
816 16032 1056
864 15936 1328
736 15920 1328
848 16000 1248
752 15936 1344
752 15936 1424
752 15888 1424
736 16000 1360
832 16032 1232
832 16032 1280
768 15968 1280
720 15968 1232
784 15984 1216
768 16096 1184
736 16096 864
656 16080 1056
656 16048 1152
672 16048 1152
608 16032 1040
688 16048 1264
688 16016 1312
736 16064 1344
736 16096 1056
656 16144 1200
592 16208 1264
592 16208 1232
608 16208 1232
592 16240 1248
608 16272 1120
704 16272 1232
720 16112 1520
720 16096 1424
720 16032 976
752 16032 976
800 16064 1120
688 16064 1008
688 16080 1104
704 16176 1248
592 16176 1040
592 16176 1296
704 16144 1296
784 16224 1104
768 16240 1072
672 16256 1008
656 16128 1136
656 16064 1040
576 16064 1200
640 15984 1008
720 16032 1008
720 15984 1072
624 16096 1136
704 16096 1040
704 16096 1264
576 16128 1264
784 16064 1328
848 16160 1200
816 16096 896
848 16096 912
