startup(x,y,z):(608,16192,272)
12320 11872 -2752
3072 20064 3984
-1680 20304 5136
-752 20304 3120
-816 20064 672
2032 20928 672
-2352 18144 -3056
1504 9808 -3840
720 10976 -4912
848 12544 -4336
-768 13152 -5968
-320 11648 -5968
48 9008 -6688
-2032 19408 -10432
-400 20704 -5744
-400 19184 -3808
-352 19184 -4048
-672 13040 -3936
704 11808 -1840
4672 11536 6624
3792 16864 9824
2336 15424 4368
1360 15424 464
1360 13424 -1376
1504 13424 -1376
624 14096 -4592
320 14272 -4416
96 14576 -3872
-160 14960 -3472
-240 15344 -2800
576 14496 -1696
576 14496 2544
976 16480 2544
992 18080 10672
1136 16544 2272
944 15104 -2496
464 15168 -2416
832 15328 -1952
256 16288 640
208 16976 2736
208 16480 2032
1936 16480 528
720 16112 -272
592 16080 -32
608 16304 192
720 16304 32
720 16272 -336
672 16208 -224
736 16208 -9568
15856 10080 5600
7728 14544 1232
10672 14640 2640
-1856 17696 3120
-176 17952 3280
3600 17920 2256
3600 17664 1168
1376 17904 480
-288 16160 288
-480 15328 -1088
-112 15328 -2176
80 16192 -2176
624 17040 -1936
80 16512 -2128
624 16208 -1888
240 16096 -2464
736 16928 1056
2704 18064 5328
2032 17664 3920
2032 16608 816
832 16608 -1584
-544 16336 -1680
720 16176 -288
352 16368 1248
672 16384 864
1120 16256 864
656 16176 224
656 16176 256
768 16288 352
672 16320 336
608 16320 288
688 16352 48
688 16352 -128
704 16272 -192
736 16272 -192
768 16320 -224
736 16240 -80
592 16224 144
592 16272 208
592 16272 320
656 16272 320
640 16272 320
688 16208 48
752 16208 48
864 16192 400
720 16288 144
640 16208 176
704 16224 160
640 16224 64
640 16144 80
688 16144 80
2784 15488 -1584
-5392 -2496 7008
-944 9472 -2912
2816 9472 -3152
1136 11584 -3152
896 14432 -2640
960 15936 -288
1392 16752 1456
1040 16656 1136
1040 16416 464
0 16416 464
-112 15952 -64
432 16128 -176
544 16160 224
480 16128 688
816 16064 832
1248 14224 2640
1184 14560 1440
1184 15360 592
368 15360 592
-400 15536 -368
272 15776 160
320 16064 592
400 16224 384
672 16192 304
672 16224 432
528 16224 528
528 16224 528
480 16208 528
688 16240 704
688 16208 256
528 16128 528
528 16192 432
528 16208 368
592 16240 80
464 16320 80
432 16256 32
512 16240 -64
720 16240 -160
656 16240 -16
704 16208 192
704 16208 208
656 16320 208
560 16320 -64
672 16256 96
720 16240 144
656 16160 352
544 16176 384
560 16160 416
560 16160 256
640 16176 256
656 16160 416
960 10320 -2768
1856 7168 4992
1072 9056 9792
1600 9200 2928
48 11568 -1104
592 13856 -1024
592 14848 -1312
640 14848 704
544 16048 704
1712 16688 960
352 16976 960
64 16096 384
1248 16192 544
736 16096 416
672 16144 576
672 16144 448
528 16128 -16
464 16080 -16
656 15968 -256
176 15888 -672
3056 19120 -1392
1552 17760 496
1552 17184 336
928 17184 336
416 16928 304
480 16464 -464
560 16160 -432
560 16208 -192
368 16208 160
720 16176 160
688 16192 -48
784 16224 144
672 16256 16
704 16192 256
704 16288 224
688 16288 224
576 16176 208
592 16304 160
640 16240 -32
640 16240 -80
624 16240 48
560 16192 48
496 16208 -32
400 16240 -32
448 16240 64
528 16208 256
576 16160 496
576 16160 352
736 16176 352
640 16224 192
528 16192 144
560 16192 272
560 16192 608
656 16192 496
784 16192 496
784 16192 400
640 16192 224
752 16192 256
560 16224 128
560 16192 240
704 16192 -13648
-4928 21952 -13648
3216 23408 5152
1776 22864 2496
912 19824 -3840
1360 17728 -944
1360 17200 -864
864 17200 -864
-704 16368 -224
1392 16368 1264
784 16912 1744
544 16752 656
544 16560 1056
1312 16560 1056
928 16528 976
704 16176 944
544 16064 48
784 16000 816
960 16224 64
960 16224 -96
848 15984 -96
896 16112 -608
1328 16384 -2704
48 17152 -2240
112 17072 -1216
112 17072 -304
400 17104 -304
208 16784 64
320 16496 304
64 15984 624
800 15984 448
512 16096 -64
512 16096 272
368 15968 272
384 16400 752
1024 16256 352
800 16112 128
736 16192 160
736 16192 288
640 16192 288
752 16144 -80
624 16176 -256
640 16208 64
496 16224 192
496 16192 320
400 16192 320
560 16192 256
704 16128 208
640 16208 400
640 16160 368
640 16160 528
592 16160 528
544 16192 240
608 16208 368
464 16224 464
480 16256 320
416 16208 224
416 16224 144
416 16224 144
592 16192 80
624 16192 -80
704 16272 -96
704 16176 80
768 16176 80
656 16224 416
640 16240 400
592 16256 384
592 16144 192
672 16304 240
560 16208 320
560 16208 176
736 16144 176
736 16096 112
816 16192 -32
784 16176 -144
768 16208 80
768 16256 -112
704 16256 -160
688 16240 -160
496 16240 -128
608 16240 0
560 16176 160
560 16208 224
560 16208 160
528 16208 160
576 16192 480
592 16176 608
560 16288 128
656 16272 240
656 16272 16
800 16272 16
512 16208 112
672 16224 240
720 16176 176
624 16176 192
624 16208 176
784 16208 176
688 16176 288
688 16112 112
624 16128 336
736 16144 208
736 16144 336
880 16208 192
752 16208 192
720 16192 416
576 16272 512
624 16224 592
624 16256 496
624 16304 512
576 16240 480
576 16240 304
592 16224 304
672 16224 224
768 16224 160
640 16240 112
640 16256 192
624 16224 128
624 16224 144
800 16208 144
816 16160 240
656 16288 48
608 16288 160
528 16320 320
528 16256 400
512 16256 608
624 16288 608
576 16240 624
384 16256 512
528 16272 464
544 16336 256
512 16272 304
512 16256 400
464 16256 192
624 16224 192
512 16144 96
528 16160 -16
576 16096 240
624 16112 256
624 16112 64
704 16128 64
592 16112 256
560 16128 112
592 16144 576
528 16208 576
528 16096 464
576 16096 448
608 16208 448
704 16192 368
480 16224 176
656 16224 208
544 16160 128
464 16240 256
464 16192 448
560 16192 352
576 16224 112
640 16224 112
608 16208 192
752 16224 208
592 16304 336
576 16256 416
592 16240 416
592 16176 384
528 16176 512
752 16176 512
816 16240 352
768 16208 256
752 16112 208
752 16176 144
528 16208 192
464 16208 160
384 16224 160
416 16192 240
448 16224 192
624 16208 64
608 16240 160
624 16208 192
640 16320 112
640 16208 272
544 16208 352
560 16256 352
384 16272 368
512 16320 400
544 16272 384
496 16336 224
496 16304 256
496 16192 336
544 16192 336
624 16128 272
496 16224 224
608 16096 608
672 16208 448
752 16224 272
704 16208 368
672 16272 416
640 16240 352
640 16240 176
736 16304 176
592 16224 80
576 16224 320
544 16224 160
560 16176 96
560 16176 480
512 16256 480
592 16240 304
656 16224 176
656 16192 288
624 16256 480
624 16304 352
624 16304 432
640 16208 432
704 16176 656
688 16176 432
800 16144 288
720 16208 336
720 16304 304
640 16304 304
544 16208 336
480 16208 304
496 16224 208
608 16192 288
624 16160 368
656 16176 336
656 16144 240
560 16144 80
528 16192 80
640 16128 128
576 16128 240
544 16160 368
560 16176 224
624 16192 160
624 16224 432
496 16224 432
528 16240 448
608 16304 96
544 16240 224
608 16208 336
624 16160 256
624 16208 -16
656 16208 -16
528 16256 48
768 16208 144
592 16224 240
688 16176 224
688 16208 256
816 16256 336
816 16224 272
720 16192 112
704 16192 112
720 16224 336
736 16176 304
704 16144 432
512 16160 384
384 16192 416
384 16128 320
496 16128 320
592 16208 128
576 16176 160
672 16240 128
608 16256 96
736 16192 -128
736 16176 -48
656 16176 -48
512 16208 96
544 16176 208
432 16160 256
496 16128 192
480 16304 432
576 16288 128
800 16224 240
800 16320 208
832 16320 208
736 16320 160
528 16272 192
720 16240 160
672 16224 144
672 16144 368
768 16144 240
560 16224 240
624 16224 336
496 16224 272
480 16240 432
544 16160 416
544 16160 80
400 16128 80
592 16176 224
624 16192 208
640 16176 288
752 16208 336
752 16144 368
544 16096 320
624 16096 320
816 16192 64
736 16224 96
608 16240 496
608 16272 416
672 16272 144
560 16272 144
544 16208 -32
576 16224 112
864 16128 112
