startup(x,y,z):(656,16224,352)
608 16272 1152
624 16304 1056
640 16256 800
368 16336 1760
704 16352 1968
560 16352 1408
560 16352 800
304 16096 800
368 15984 960
672 16032 1120
624 16192 1120
624 16256 1152
528 16240 1056
640 16624 1440
640 16784 1488
832 16784 1392
672 16656 1392
656 17280 1856
704 19296 2848
1024 22144 2144
1440 21952 336
1216 20080 944
544 18208 2816
976 15344 5200
752 15440 4480
752 7760 3232
1136 7760 3232
1888 9136 -608
1408 8960 -3568
1216 11968 -3056
1824 14448 -432
2048 16080 2064
1616 17280 3680
864 24176 2304
-256 18480 2112
-864 14448 -960
-752 14160 -2016
-240 14352 -1936
320 14480 -912
912 14864 -256
1072 15280 768
928 15920 1216
928 15920 1408
608 16496 1408
432 16928 1168
304 16992 992
448 16832 896
304 16224 944
272 16224 576
496 15936 576
688 15712 384
736 15552 320
752 15472 432
752 15440 176
560 15056 352
448 14960 688
480 15088 1152
592 15424 1056
704 15904 944
1072 15968 816
1072 16064 640
1072 16064 528
1168 16160 528
1136 16112 768
1072 15936 912
1088 15920 1040
1072 15792 1008
1200 15856 1008
976 15872 768
784 15936 944
608 16000 992
608 16192 1344
560 16192 1344
720 16336 1328
736 16384 1120
592 16384 1168
352 16320 1392
352 16336 1136
272 16496 896
192 16512 768
192 16512 816
272 16512 816
224 16464 496
144 16336 528
304 16384 656
672 16384 592
736 16416 704
832 16336 608
832 16304 864
896 16256 768
832 16256 640
960 16208 640
832 16272 768
592 16240 784
528 16288 880
496 16304 816
496 16304 752
448 16240 752
528 16272 752
496 16128 720
512 16176 768
752 16224 816
704 16208 992
624 16128 976
624 16096 976
496 16112 928
288 16112 928
176 16224 1008
224 16224 608
192 16128 672
384 16304 688
288 16368 896
384 16384 720
304 16464 576
336 16480 624
336 16496 928
256 16496 1040
240 16464 1040
272 16528 880
208 16528 784
176 16544 816
144 16656 1200
48 16608 1184
224 16528 1024
224 16352 1248
272 16352 1152
304 16208 1152
400 16224 1072
512 16064 1200
528 15776 928
576 15632 1056
576 15632 1040
576 15664 1136
448 15808 912
320 15728 896
432 15680 896
544 15632 784
448 15696 960
432 15744 704
432 15744 624
336 15776 624
528 15776 560
624 15664 624
496 15744 608
352 15824 896
320 15760 992
224 15760 784
240 15776 752
240 15776 752
96 16000 752
256 16192 864
352 16336 896
368 16480 1296
272 16656 1296
352 16656 1296
304 16832 1344
304 16816 1520
224 16960 1264
304 16896 1072
256 16800 960
192 16608 1072
192 16512 944
208 16512 944
208 16288 864
304 16144 640
368 15904 688
560 15904 752
688 15808 752
704 15904 592
816 15968 368
880 16080 368
944 16192 480
1280 16304 448
1456 16336 432
1456 16256 368
1360 16256 464
992 16320 528
992 16288 448
992 16320 560
912 16320 560
880 16304 640
816 16304 704
688 16160 704
368 16224 624
224 16208 704
256 16208 624
320 16176 208
320 16192 384
288 16192 480
272 16192 480
480 16192 832
352 16240 832
192 16256 800
208 16288 976
-16 16304 1136
112 16352 1392
176 16368 1216
320 16480 1312
512 16528 1280
480 16640 1024
480 16640 1312
624 16624 1056
720 16512 1056
704 16464 912
448 16352 1248
608 16400 912
720 16416 400
720 16256 528
720 16192 288
720 16208 16
640 16208 240
672 16304 240
336 16272 432
352 16288 544
304 16240 544
288 16176 480
64 16112 656
96 16256 624
112 16320 592
112 16352 608
96 16352 752
112 16240 720
96 16256 672
64 16352 416
0 16304 416
-64 16272 848
-112 16032 1248
-160 16112 1008
208 16336 528
208 16320 416
320 16272 512
304 16272 352
352 16112 352
240 15872 352
176 15744 256
272 15808 48
272 15904 208
320 15904 208
384 16096 528
368 16320 848
352 16352 976
384 16384 880
432 16416 752
640 16416 960
512 16448 960
512 16448 1152
384 16384 1152
240 16336 992
64 16272 992
16 16192 960
16 16112 784
288 16096 784
352 16144 896
432 16144 912
544 16000 864
384 15904 736
384 15904 688
336 15888 576
336 15856 560
368 15888 608
400 16048 688
256 16192 1008
368 16192 1008
368 16208 880
368 16208 1008
320 16192 1008
304 16112 848
256 16192 912
176 16192 832
176 16096 896
304 16096 880
96 16048 880
32 15984 864
128 15936 912
96 15808 672
-16 15888 736
80 15888 896
144 15856 624
144 15792 864
272 15792 704
272 15728 704
112 15792 864
80 15808 1104
-32 16048 1056
-16 16112 1008
-16 16112 960
192 16096 960
-16 16112 960
0 16272 928
-80 16432 944
-80 16560 848
-176 16560 912
-208 16528 912
-128 16448 880
-288 16352 768
-288 16320 432
-160 16416 752
-96 16416 768
-272 16304 768
-208 16320 784
-176 16240 896
-48 16368 656
32 16400 544
32 16400 544
64 16496 800
112 16368 928
272 16352 848
400 16304 912
496 16368 1008
496 16368 1008
688 16400 1008
816 16368 944
928 16336 1040
1024 16400 1168
832 16368 1328
832 16368 1392
896 16368 1392
752 16480 1280
736 16528 1136
528 16560 1104
432 16448 816
464 16352 976
416 16256 928
448 16224 944
448 16208 1008
496 16272 1008
512 16272 752
448 16240 752
656 16176 864
624 16112 1088
768 16112 928
1008 16176 880
1008 16112 1136
1072 16032 928
896 16032 736
1008 16032 736
848 15984 544
704 15952 528
560 15968 528
560 15904 640
592 15904 736
512 16000 736
608 16000 816
512 16080 720
688 16144 1056
816 16272 1008
864 16256 1328
832 16208 1392
832 16352 1216
928 16352 1216
848 16304 864
784 16208 928
928 16144 592
928 16112 688
816 16080 832
704 16000 752
640 15904 1072
512 15984 1056
352 16032 928
464 16048 832
464 16128 720
416 16192 864
512 16192 976
512 16192 896
512 16256 672
528 16304 672
528 16320 848
480 16320 864
464 16352 736
528 16400 1280
496 16448 1456
544 16464 1328
544 16416 1088
432 16464 1168
368 16464 1168
336 16464 1280
288 16400 1280
496 16336 1056
320 16336 1184
400 16320 1344
480 16288 1152
496 16240 1200
416 16224 1200
416 16224 1072
672 16144 1184
560 16032 1184
624 15920 848
768 15888 864
784 16000 864
528 16048 912
576 15936 928
576 15936 1056
592 15936 848
672 16032 848
608 16032 1008
576 16096 1040
368 16112 1200
96 16128 1152
96 16224 1136
128 16320 1088
96 16320 960
96 16320 1120
304 16288 1120
448 16240 1248
384 16256 1216
384 16272 1184
416 16272 1168
416 16176 784
656 16112 880
656 16064 912
608 15984 864
624 15936 736
800 15888 672
736 15888 720
576 15872 880
576 15824 1040
496 16048 1088
400 16192 880
480 16240 960
608 16368 832
544 16400 896
528 16448 1104
576 16464 1152
608 16480 1152
528 16528 1088
592 16512 1008
608 16480 1104
672 16400 1056
768 16480 1040
768 16480 1104
784 16320 1056
672 16176 1120
704 16128 976
720 16096 992
704 16080 1088
672 16160 1088
624 16192 1072
656 16160 944
688 16208 1008
688 16240 1056
848 16240 1056
880 16240 1312
720 16224 1344
688 16272 1264
528 16176 1152
528 16128 1072
528 16128 1168
512 16048 1312
576 15984 1312
560 16080 1056
560 16080 768
560 16112 768
576 16144 720
496 16176 816
544 16240 848
528 16208 1088
576 16144 880
512 16080 832
464 16096 912
528 16128 512
352 16128 784
432 16224 800
432 16208 1168
512 16208 1168
704 16112 1088
656 16128 1040
848 16144 960
752 16128 1008
608 16080 928
528 16160 1264
528 16096 1392
496 16096 1344
544 16000 1296
480 16032 1104
576 16048 832
544 16176 944
592 16144 944
592 16160 752
672 16096 1040
576 16096 1056
544 16144 992
480 16144 992
368 16176 896
464 16240 800
464 16240 944
544 16304 1072
560 16368 960
560 16384 960
608 16384 1008
544 16288 1008
608 16208 944
608 16272 1104
656 16256 1120
688 16256 1120
832 16272 1120
784 16352 1264
752 16272 1344
656 16208 1168
496 16192 1072
512 16144 1056
512 16096 1072
592 16096 1072
592 15984 1184
528 16000 976
480 16000 768
528 15984 896
480 16064 1088
384 16096 1168
448 16160 832
304 16224 896
336 16272 896
336 16240 800
