startup(x,y,z):(400,16240,240)
912 15360 1648
528 16208 1104
304 16752 928
736 16784 832
-1664 12064 4512
-3072 7488 5360
-32 10656 768
2672 15376 -4112
2672 17168 -4720
2720 16432 -2640
944 14448 -736
944 14064 880
320 14064 1200
272 15008 1200
832 15984 560
1056 16336 16
592 15984 336
256 15472 560
160 15392 192
160 15792 -672
176 15792 -816
352 15760 -816
544 16192 -1248
864 16544 -1360
1200 17024 -1232
1264 17392 -1312
1264 21520 -1184
1984 21520 -608
880 17552 80
896 19264 80
1216 17280 736
336 16400 784
0 16272 672
48 16192 608
-48 16128 496
-48 16128 160
-448 16016 208
-944 16016 208
-1776 16160 -464
-1840 16304 -1392
-1328 16000 -1296
-640 16208 -608
1056 16160 -1120
1728 15424 144
1600 16048 1344
1280 16080 1104
1184 15936 1264
1136 15952 944
1136 16064 1072
832 16064 1376
720 16096 1376
816 16048 1296
896 16080 928
816 16160 736
576 16240 752
512 16064 768
512 16096 528
560 16208 64
336 16208 16
496 16240 16
592 16208 272
512 16224 448
512 16272 608
720 16432 672
544 16560 64
384 16496 304
384 16288 688
480 16368 752
608 16368 752
912 16304 272
720 16272 16
688 16288 32
704 16272 -256
592 16272 -192
480 16192 -496
480 16048 -352
240 16048 144
-16 16032 144
-96 16016 128
-272 16192 144
-176 16016 608
32 16160 160
96 16192 32
192 16272 -48
96 16288 176
208 16288 240
384 16304 128
128 16272 96
240 16272 -176
176 16288 -176
288 16272 -272
368 16304 -256
400 16240 0
560 16176 176
560 16176 80
496 16176 32
528 16176 32
464 16224 112
400 16256 480
256 16272 16
176 16256 208
-80 16224 160
-176 16192 304
-80 16144 208
-80 16128 208
16 16128 208
160 16064 304
176 16112 320
336 16272 176
368 16272 288
432 16288 528
352 16384 144
352 16368 128
496 16368 -32
400 16384 -32
480 16256 -96
384 16256 -48
416 16144 -32
240 16176 -96
240 16144 96
352 16144 -128
304 16096 -128
256 16080 -32
160 16096 -128
112 16128 64
256 16096 176
176 16192 112
176 16192 320
176 16144 320
240 16256 256
368 16304 0
416 16384 -48
464 16352 32
432 16352 96
432 16320 144
448 16320 -112
352 16320 -224
272 16272 -80
160 16256 -208
192 16224 -304
192 16176 -176
192 16160 -64
304 15904 -64
368 16080 -256
272 16048 160
208 16176 32
128 16192 128
128 16288 192
240 16320 112
240 16320 144
112 16352 144
208 16224 160
160 16144 -48
272 16208 -32
336 16192 224
320 16240 112
208 16320 320
304 16256 256
304 16160 -96
240 16160 -96
256 16144 -112
208 16160 -128
160 16160 240
240 16128 480
48 16160 464
224 16160 464
224 16112 320
336 16176 96
320 16192 160
384 16208 224
432 16128 160
400 16144 144
400 16240 -64
368 16240 80
240 16224 80
176 16176 160
320 16240 240
272 16128 224
160 16144 464
208 16272 208
112 16272 80
288 16288 192
288 16208 144
432 16208 400
304 16240 400
400 16240 480
448 16256 240
368 16208 112
320 16272 144
272 16256 160
208 16160 272
224 16144 16
224 16144 32
208 16160 32
256 16144 64
128 16112 384
160 16256 80
208 16256 -144
272 16272 0
272 16272 144
256 16256 112
320 16224 112
288 16208 272
384 16272 192
368 16320 112
208 16368 224
208 16352 496
240 16352 576
176 16320 576
208 16224 400
144 16160 144
80 16160 384
192 16160 400
208 16160 -48
224 16192 32
224 16192 96
112 16240 96
320 16256 208
368 16272 272
496 16240 112
576 16256 160
576 16144 32
464 16144 112
432 16144 224
336 16128 224
304 16064 304
464 16176 336
416 16128 176
336 16208 352
256 16272 352
256 16336 368
400 16304 448
400 16272 288
336 16256 224
80 16304 224
144 16304 64
288 16320 64
288 16352 176
288 16272 224
320 16192 176
288 16192 160
176 16096 192
176 16096 -112
192 16144 -112
192 16208 -112
272 16256 160
384 16208 96
384 16240 160
352 16224 160
352 16192 240
336 16192 240
400 16160 208
352 16224 208
288 16288 176
272 16288 416
16 16352 320
240 16352 384
176 16320 480
176 16320 640
112 16320 640
240 16336 416
272 16304 0
256 16208 48
304 16224 112
368 16192 272
368 16208 160
368 16128 208
496 16144 160
384 16144 160
176 16192 16
256 16240 320
288 16224 128
448 16224 336
240 16224 144
288 16176 304
288 16208 240
384 16208 208
400 16224 512
480 16128 224
480 16160 80
416 16160 160
496 16176 -16
384 16240 -16
384 16304 -80
352 16304 -80
304 16368 -32
288 16368 208
224 16400 352
208 16336 32
208 16288 224
208 16288 80
32 16224 128
368 16192 320
128 16176 320
272 16320 288
320 16352 240
464 16304 448
496 16320 208
496 16304 -64
496 16304 48
528 16272 48
528 16272 336
608 16288 384
560 16256 80
480 16240 112
480 16272 160
512 16272 160
448 16304 160
400 16256 -80
384 16208 -32
384 16256 0
400 16320 240
400 16320 368
256 16256 176
352 16224 176
256 16176 32
240 16224 32
240 16192 48
304 16240 160
304 16304 272
208 16304 448
384 16352 448
480 16384 256
432 16288 128
384 16368 192
416 16320 192
400 16256 256
400 16160 272
320 16160 160
272 16176 160
304 16240 160
320 16272 144
256 16208 240
144 16208 192
144 16208 192
176 16112 192
368 16144 32
384 16240 80
352 16288 80
368 16320 304
368 16256 256
432 16256 304
320 16272 464
432 16288 464
448 16224 192
208 16224 384
256 16192 288
288 16144 256
336 16176 -16
336 16288 16
352 16288 96
400 16240 96
432 16208 176
400 16176 448
352 16256 144
528 16208 320
352 16288 352
352 16224 288
288 16224 336
320 16192 336
336 16128 48
320 16112 144
400 16144 256
560 16224 256
528 16128 208
528 16160 128
416 16160 0
352 16224 0
304 16208 144
384 16224 128
384 16240 240
384 16320 192
352 16144 384
96 16144 384
192 16128 256
96 16256 272
192 16144 -64
16 16176 -112
16 16272 32
176 16272 256
416 16208 256
528 16128 192
544 16192 336
432 16240 -64
400 16208 224
400 16208 144
416 16288 144
368 16352 224
384 16256 400
432 16240 192
512 16256 112
464 16176 48
464 16240 -32
544 16240 -32
400 16304 64
256 16320 128
336 16352 208
48 16304 352
128 16256 336
128 16256 112
160 16224 112
288 16144 32
192 16096 64
288 16176 96
208 16192 256
208 16192 160
336 16208 432
240 16208 432
320 16224 320
304 16192 320
320 16208 224
416 16240 144
560 16192 -64
384 16224 144
384 16288 176
352 16288 464
368 16288 464
304 16288 352
320 16288 528
208 16288 448
336 16256 304
240 16224 96
352 16208 128
352 16208 -112
272 16208 -112
304 16144 64
384 16160 -80
368 16176 -96
400 16192 -64
320 16192 160
320 16192 336
496 16192 272
704 16192 272
592 16192 304
544 16192 400
400 16144 144
400 16144 32
208 16128 192
208 16128 224
224 16080 224
272 16160 368
288 16272 336
160 16384 384
128 16416 416
112 16304 400
112 16176 128
176 16176 128
224 16256 416
352 16256 272
384 16272 272
320 16256 368
304 16256 224
304 16256 304
192 16176 352
176 16240 352
336 16240 304
320 16240 224
256 16224 240
352 16112 496
352 16112 448
320 16112 240
288 16144 240
512 16176 256
544 16112 176
464 16208 336
416 16272 144
416 16272 336
448 16272 448
352 16400 448
192 16352 368
320 16304 -32
320 16224 208
192 16288 352
192 16240 448
224 16240 336
336 16176 336
400 16208 464
352 16224 192
448 16176 256
480 16144 128
432 16144 240
432 16128 400
464 16128 448
288 16144 288
384 16176 288
400 16224 304
432 16224 320
496 16208 192
496 16256 176
496 16304 144
416 16304 112
544 16336 112
480 16352 368
416 16368 480
288 16320 640
272 16240 384
272 16240 432
176 16240 432
48 16208 464
160 16240 576
192 16240 528
192 16224 352
288 16128 336
384 16192 480
464 16160 576
368 16192 96
368 16192 -32
352 16192 -112
352 16144 -160
384 16144 144
480 16192 256
736 16080 240
