startup(x,y,z):(592,16176,288)
1504 17088 -544
576 17712 -224
1520 17888 -1200
832 16256 208
720 16608 1280
832 17904 2896
1920 18208 5072
1728 19232 6080
1968 18720 7568
-336 18768 5472
-816 18160 4256
-816 18160 2832
112 11712 2832
-304 12576 992
1200 14560 -816
1472 15792 -1456
752 20128 288
3920 23696 3760
2560 23136 6528
-1248 21360 7088
-1968 20528 9920
-1968 20528 13760
3232 15088 13760
7872 11584 3424
-208 18224 656
-1008 8736 -1616
-2128 7952 -1952
-2080 8944 -4176
-1264 12480 -5632
-1168 13840 -7376
-912 12912 -8096
224 7280 -7584
2560 7296 -5824
2560 8448 -3760
4384 8448 -1376
5744 10880 -1024
6832 10880 -2496
7408 11952 -3664
7376 12960 -4160
6656 12960 -4160
5712 12192 -4272
5456 11216 -4816
5696 9984 -4656
6160 8576 -4352
7232 7808 -3920
8512 7760 -3984
9440 8112 -4752
10496 8400 -5408
10496 8720 -6768
11264 8816 -8256
11776 8816 -8256
11856 8544 -9168
11520 8192 -9760
11600 7696 -10144
9264 6992 -14336
11568 8640 -7856
11568 8592 -12768
9856 8592 -12704
11024 10224 -12704
12384 12000 -11472
13648 14224 -11072
15744 15632 -8432
16384 15120 -7184
17104 13728 -6160
17104 11696 -7104
16048 11696 -9760
15392 9840 -9760
14000 8304 -11408
14976 7184 -11936
15648 8048 -10928
17072 8256 -10352
17392 8112 -9472
16896 6624 -10000
16896 5568 -10192
16624 5568 -10512
16080 4864 -10512
16160 4800 -10352
16224 4560 -10704
15568 5472 -10624
15568 5984 -10448
14192 5984 -10448
13024 6496 -9568
12192 6400 -8992
11984 6896 -8352
12064 6432 -8144
11792 6352 -7856
11792 6352 -7552
11440 6384 -7776
11184 6832 -7776
10992 7200 -7888
10736 7408 -8352
9792 7664 -7312
9792 7440 -6256
9520 7440 -6896
10336 7328 -6896
10448 6896 -7792
10160 6400 -8144
10672 7104 -7584
11264 7536 -7616
11168 7424 -8352
11168 7424 -9376
11328 7376 -9376
12256 7568 -7376
11328 6864 -6608
11344 6704 -7264
11776 7280 -7760
11776 7280 -7968
12304 7456 -7968
12352 7552 -8176
11760 7568 -8400
11616 7408 -8688
11488 7504 -8768
11680 7360 -8576
11680 7360 -8880
12112 6448 -8880
11680 5776 -8992
11248 6016 -8656
11104 6480 -9264
11360 6928 -9392
10880 7328 -8992
10880 7152 -8672
10416 7152 -10064
9296 6688 -9584
9840 7248 -8800
10112 7248 -8432
10528 7424 -8432
10688 7344 -8560
10768 7424 -8688
10480 7520 -8768
11552 7312 -7936
11552 7792 -8080
11680 7792 -8080
12480 7648 -8864
12560 7456 -9488
11920 7456 -9552
10912 7248 -9552
9904 7072 -8896
9632 7696 -9152
10032 7728 -9312
10624 7360 -9136
10864 7424 -9312
10960 7632 -9408
11152 7728 -9072
11152 8320 -9072
11584 7568 -9232
10976 7824 -9104
10976 8112 -8784
10352 8112 -8848
10208 8080 -8752
10224 8080 -8752
10592 8160 -8848
9472 8304 -9568
12080 8272 -8208
10480 8208 -9104
10832 8016 -8704
10688 7824 -8912
8128 8416 -10880
10272 8336 -8784
9264 8528 -9056
9264 8528 -9024
9808 9200 -9024
9776 9232 -8640
10912 8720 -8352
10736 8720 -8544
10928 8656 -8064
11376 8208 -8512
11120 8160 -8432
10592 8944 -8448
10432 9328 -8176
10720 8912 -8448
10848 8272 -8560
10800 7680 -8512
10816 7872 -8592
10736 8064 -8592
9952 8064 -8528
10080 8320 -8512
9936 8704 -8512
10080 8864 -8736
10592 8448 -8864
10960 7920 -8896
10512 8048 -8784
11968 10176 -8784
10928 9856 -9040
10928 9856 -9040
10208 9584 -9040
11200 9568 -7584
9696 9120 -7936
11904 10096 -7248
11904 9440 -7952
9344 9440 -8992
8864 9696 -8992
8784 10480 -9472
9344 9824 -8368
9952 9648 -8352
10640 9648 -8368
10224 9712 -8528
10224 9392 -8160
9088 9280 -7776
9088 9616 -7760
9088 9824 -7712
9392 9824 -7632
9648 9712 -7632
9488 9488 -7776
10656 9536 -7456
10208 10000 -7792
9888 9696 -7776
10144 9904 -7744
9920 9936 -7872
9600 9936 -7808
9984 10176 -7536
9984 9888 -7904
9648 9904 -7824
9728 10080 -7744
9728 10608 -7184
10016 10608 -7184
9696 10080 -7296
10112 9920 -7616
10368 10064 -8048
10144 10032 -8096
9600 10144 -8128
8576 10624 -6496
9392 10240 -6496
9120 11072 -7072
9776 11008 -7200
9360 11232 -6976
9104 11248 -7040
9200 11008 -7104
9200 10688 -7136
9376 10688 -7312
9760 10480 -7344
9936 10528 -7200
9872 10480 -7200
9600 10624 -7264
9360 10848 -7248
9392 10816 -7136
9360 10896 -7056
9536 10800 -7200
9536 10704 -6864
9520 10704 -6864
9552 10784 -7008
9520 10800 -7104
9856 10736 -7264
10160 10784 -7184
10176 10704 -7184
10160 10704 -6704
10096 10608 -6752
9920 10608 -6736
9872 10736 -6848
9872 10832 -6688
9472 10832 -6480
9392 10912 -6480
9440 10912 -6656
9376 11024 -6560
9600 10864 -6720
9568 10864 -6720
9584 10864 -6752
9568 10896 -6656
9376 11088 -6640
9216 11104 -6800
9392 11152 -6816
9504 11168 -6704
9504 11120 -6592
9776 11120 -7008
9856 11136 -7008
9936 11024 -6960
9760 10880 -6864
9888 10848 -7232
9952 10896 -7136
9952 11008 -7104
9872 10912 -6992
9872 10832 -6816
9856 10832 -6704
9808 10752 -6736
9728 10736 -6592
9616 10768 -6736
10192 10096 -7792
10192 10288 -6768
9344 10816 -6528
9344 10816 -7024
9232 11120 -6464
8992 11344 -6288
9456 11328 -6256
9568 11120 -6656
9680 10768 -6672
9936 10608 -6832
9936 10608 -6688
9808 10480 -6688
10128 10064 -7680
9936 10336 -7152
9488 11040 -6560
9200 11344 -6704
9536 11360 -6784
9536 11360 -6880
9808 11120 -6848
9872 10912 -6848
10016 10672 -6912
9952 10672 -6912
10192 10624 -7376
9904 10672 -6848
9648 10896 -6832
9664 10992 -6688
9600 11056 -6896
9584 10896 -6752
9536 10912 -6688
9696 10944 -6784
9920 11024 -6992
9936 11040 -7040
10000 10912 -7136
10000 10912 -7008
9792 10880 -7008
9664 10784 -6816
9552 10736 -6816
9680 10736 -7024
9584 10720 -7088
9664 10688 -7024
9760 10720 -7040
9760 10720 -6928
9856 10704 -6960
10000 10656 -6960
9904 10624 -7008
10176 9984 -7376
10032 10320 -7328
9584 10768 -6720
9664 10752 -6224
9664 11152 -6704
9616 11152 -6848
9776 11184 -6848
9664 11056 -6752
9728 10864 -6768
9760 10672 -7056
9744 10576 -7024
9744 10576 -7056
9824 10544 -7056
9968 10576 -7136
9968 10448 -7200
9856 10512 -6864
9872 10496 -7024
9872 10464 -7056
9872 10528 -7120
9664 10528 -7104
9760 10624 -7104
9776 10720 -7328
9872 10656 -7232
10048 10544 -7168
10048 10240 -7200
10240 10240 -7232
10240 10128 -7232
9840 10096 -7280
9776 10224 -7088
9568 10240 -6992
9648 10176 -6896
9648 10096 -7120
9680 10096 -7264
9680 10112 -7264
9664 10032 -7104
10288 9904 -8048
10112 10320 -7536
9952 10416 -7280
9440 10464 -7408
9456 10752 -6992
9152 10928 -6704
8944 11088 -6880
9344 11008 -7024
9344 10640 -5504
11408 10640 -5504
8880 11552 -7904
9584 11872 -7616
9920 11312 -7088
9872 10832 -7488
9936 10672 -7776
9936 10656 -7648
9776 10720 -7696
9808 10624 -7696
9856 10624 -7696
9712 10448 -7728
9680 10432 -7760
9600 10608 -7536
9680 10544 -7696
9776 10576 -7680
9776 10448 -7488
9552 10448 -7648
9648 10496 -7648
9632 10544 -7280
9680 10560 -7152
9392 10640 -7136
9392 10784 -7232
9392 10720 -7280
9392 10720 -7072
9568 10544 -7328
9600 10672 -7440
9808 10672 -7456
9824 10736 -7456
9808 10608 -7264
9904 10640 -7248
9744 10592 -7168
10016 10464 -7280
10016 10464 -7360
10224 10464 -7152
10336 10480 -7072
9312 10736 -7088
8544 10800 -6784
8976 10864 -6784
9888 11120 -6576
9888 11008 -7168
9648 11008 -6704
10080 11008 -6528
9760 11136 -6528
9712 11008 -6464
9184 10992 -6672
9920 11536 -6000
9088 11968 -6736
8944 12064 -6576
8672 11856 -6464
9440 11376 -6272
9328 11248 -6800
9664 11184 -6624
9696 12592 -6752
9840 11856 -6576
9984 11856 -6784
10320 10576 -7136
10416 10576 -7008
10128 11056 -7008
9744 11456 -6688
9616 11888 -6224
9584 11936 -5808
9504 12320 -6512
10144 12368 -6512
9568 12672 -5680
9056 12480 -5168
8768 12352 -5248
7808 12800 -5344
7808 13088 -5184
7552 13088 -5184
7696 13360 -5280
8224 13536 -5312
8480 12800 -5520
9120 11456 -5488
9472 10832 -6208
9616 10640 -6240
10016 10528 -6704
10352 10688 -6400
10448 10912 -6384
10448 11024 -6256
10448 11024 -6080
10032 11200 -6080
9232 11568 -5440
8848 12192 -5136
8544 13888 -4624
8496 13888 -4512
8224 14144 -4512
8592 13664 -3904
8416 13504 -4304
9168 12400 -4512
9488 12032 -4912
9488 12160 -5200
8944 12288 -5152
8096 12816 -5168
8736 12880 -5472
9440 12768 -5552
9408 12560 -5456
9392 12368 -5376
9408 12192 -4960
9408 11904 -4592
8608 11904 -4448
8240 11536 -4448
8368 11232 -4720
8656 11232 -5088
9008 11728 -5056
9360 12336 -4544
9584 12784 -4512
9584 12784 -4496
9504 13072 -4528
9248 13120 -4528
9088 12960 -4336
8960 12768 -4224
8816 12752 -4240
8800 12832 -4416
8800 12832 -4112
8736 12720 -4080
8688 12720 -4080
8816 12832 -4320
8784 12800 -4272
8688 12560 -4224
8880 12320 -4400
8880 12464 -4384
9120 12464 -4608
9312 12592 -4608
9488 12608 -4592
9552 12576 -4608
9408 12688 -4384
9328 12864 -4496
9280 12944 -4368
9280 12944 -4352
9280 13120 -4352
9312 13024 -4480
9456 13040 -4448
9488 13024 -4704
9600 12992 -4432
9440 12896 -4544
9440 12816 -4128
9280 12816 -3968
9184 12752 -3968
9280 12624 -3776
8848 12896 -3872
8832 12864 -3712
9168 12832 -3696
9584 13056 -3536
9584 13040 -3696
9520 13040 -2976
9728 11952 -3216
9328 11648 -3216
8720 11888 -3600
