startup(x,y,z):(448,16256,272)
240 16768 1920
800 16208 1280
672 15616 1856
672 15616 832
-672 16240 832
784 16272 1168
256 16528 1232
192 16768 1632
512 16960 1456
-48 15520 1488
928 16304 1536
928 17520 1296
528 17520 1296
1520 16032 1152
2736 16352 528
2032 17824 608
1152 16944 944
-128 15488 1536
-128 16688 2032
-64 16688 2032
848 18560 2000
288 16656 1888
128 18848 1280
464 18384 1072
-176 16832 1520
-176 15424 2000
-176 15424 2032
-688 15232 2032
32 14848 1456
176 15696 1104
-288 16512 736
640 17120 832
640 16480 1440
688 16480 1808
1328 14336 1808
544 14560 1712
208 15808 1440
32 17136 1360
192 17312 1968
656 16400 2624
688 16400 2800
832 15872 2800
352 15776 2256
608 15840 2272
304 15936 2080
304 15344 2528
304 15344 2512
128 15248 2336
32 15616 2336
-112 15744 2288
-160 15952 2400
960 15888 2880
1136 15504 3552
400 15600 3392
-352 16192 2656
-288 16960 2928
-608 17088 3216
-608 16816 3808
432 16624 1312
-2944 16624 1600
-1232 15344 1952
-96 15344 2160
224 14816 2160
32 14864 2224
-368 14880 2656
-416 15488 3072
-288 15648 3152
-192 15680 3296
-192 15648 3296
-224 15648 3344
-176 15648 3584
48 15664 3584
384 15536 3392
144 15568 3360
96 15584 3232
-112 15552 3216
-80 15568 3408
-16 15600 3456
-80 15584 3520
-128 15600 3504
-128 15616 3376
-96 15616 3376
-16 15616 3456
64 15568 3520
-64 15680 3680
-144 15808 3648
-192 15840 3904
-192 15760 3888
-64 15760 3840
80 15632 3840
256 15536 3728
128 15568 3680
144 15632 3776
64 15616 3728
-48 15584 3744
-48 15584 3904
-192 15696 3904
-1888 16048 3696
-464 15584 3776
-1040 15792 3456
-1440 16032 3568
-624 15936 4048
-624 15664 4480
-80 15616 5920
560 15616 5920
-112 16736 4752
-16 17296 4192
-1392 6576 5056
-1120 9216 4224
-1120 11680 4048
-720 11680 4208
-384 13616 4208
-336 14624 4240
-320 14944 4368
-336 15264 4256
-64 15312 4048
-64 15376 3872
128 15376 3872
-64 15360 4064
-48 15424 4176
0 15520 3968
32 15520 4096
32 15264 4368
80 15328 4256
432 14976 4256
-288 14928 3920
-576 14672 3936
-352 15120 4144
-80 15712 4304
-96 15936 4576
-96 15936 4640
-32 16048 4640
-80 16176 4784
32 16288 4720
-48 16352 4912
-224 16064 4720
-272 15968 4640
-272 15856 4320
-112 16000 3888
-112 16048 4064
64 16048 4064
176 16128 4064
384 16240 3872
368 16048 3936
304 15856 4224
304 15680 4080
144 15472 4080
-160 15472 4224
-288 15552 4224
-240 15296 4592
-336 15232 4448
-208 15408 4352
-416 14864 4656
-560 14864 4576
-480 15168 4576
-448 15424 4576
-384 15584 4496
-688 15616 4544
-432 15648 4496
-432 15680 4608
-240 15680 4448
-160 15776 4448
160 15616 4208
144 15504 4208
112 15536 4288
-192 15552 4336
-192 15584 4272
-256 15584 4272
-192 15488 4320
-208 15552 4272
-144 15568 4160
-320 15600 4320
-384 15632 4224
-368 15712 4368
-256 15696 4288
-256 15696 4240
-144 15664 4240
-240 15600 4160
160 15504 4048
336 15504 4176
336 15552 4192
272 15552 4368
352 15520 4368
464 15552 4240
304 15632 4240
320 15648 4368
288 15568 4608
288 15600 4576
288 15600 4736
208 15664 4736
448 15696 4560
432 15776 4352
208 15728 4320
112 15680 4320
272 15696 4320
176 15760 4464
160 15760 4448
176 15712 4544
176 15632 4800
128 15632 4800
176 15632 4480
112 15696 4368
144 15648 4496
-96 15568 4256
-48 15568 4384
-96 15536 4528
-96 15584 4320
0 15584 4192
112 15600 4192
208 15616 4160
128 15600 4224
160 15648 4496
192 15744 4384
304 15648 4528
256 15584 4288
256 15600 4320
224 15664 4400
128 15760 4432
128 15760 4624
96 15760 4880
96 15744 4688
-16 15744 4416
-64 15760 4240
-96 15712 4240
-16 15648 4416
0 15696 4416
16 15744 4240
-80 15680 4336
-96 15648 4416
96 15616 4112
64 15568 4320
80 15680 4256
256 15712 4080
256 15712 4432
1136 15728 4768
448 15792 4768
272 15696 4592
320 15584 4640
320 15696 4480
176 15744 4464
48 15712 4368
48 15728 4400
0 15728 4400
0 15664 4608
112 15712 4496
-96 15696 4480
-128 15696 4256
-16 15600 4256
128 15664 4480
128 15632 4400
288 15632 4064
320 15680 4064
224 15552 4128
240 15616 4416
352 15680 4432
368 15648 4496
368 15616 4768
224 15616 4768
192 15584 4640
144 15680 4400
112 15648 4416
64 15648 4496
64 15696 4544
128 15584 4496
128 15616 4496
112 15616 4224
256 15584 3968
272 15584 4080
240 15584 4048
256 15584 4224
256 15600 4368
304 15616 4528
272 15632 4320
176 15632 4304
240 15632 4368
272 15632 4368
16 15616 4368
96 15584 4544
112 15504 4448
192 15568 4480
176 15696 4368
192 15664 4176
144 15648 4400
64 15616 4528
-16 15632 4496
80 15632 4496
96 15664 4304
176 15648 4352
208 15600 4336
224 15616 4336
48 15664 4464
144 15712 4512
96 15664 4432
128 15712 4496
144 15632 4352
128 15696 4352
128 15664 4096
112 15648 4320
96 15728 4320
128 15648 4112
160 15632 4224
80 15616 4288
144 15632 4192
192 15648 4288
192 15728 4432
224 15760 4368
192 15744 4336
192 15744 4432
160 15712 4432
96 15712 4272
192 15696 4368
144 15792 4448
48 15712 4336
176 15712 4320
240 15568 4416
112 15616 4560
192 15632 4432
224 15680 4224
256 15616 4288
256 15600 4272
272 15600 4336
384 15600 4336
240 15632 4384
48 15696 4432
64 15648 4704
128 15680 4608
176 15632 4416
256 15664 4384
256 15664 4448
96 15728 4480
128 15664 4416
128 15744 4256
48 15744 4224
16 15744 4032
0 15664 4032
0 15664 4112
128 15632 4208
336 15584 4336
320 15600 4448
384 15616 4304
352 15584 4336
192 15616 4208
192 15680 4272
160 15680 4192
96 15632 4192
256 15632 4288
96 15664 4288
304 15648 4176
224 15552 4112
208 15600 4128
144 15584 4352
144 15584 4224
128 15584 4192
336 15584 4192
272 15568 4096
208 15584 4320
96 15680 4400
16 15760 4400
96 15712 4288
96 15696 4112
112 15696 4080
64 15696 4080
-32 15664 4352
64 15600 4496
208 15536 4384
160 15632 4240
96 15632 4240
-16 15664 4208
96 15664 4160
192 15632 4208
288 15600 4144
144 15632 4256
144 15696 4176
128 15696 4544
144 15664 4544
304 15664 4320
272 15664 4384
272 15712 4176
160 15664 4288
160 15664 4336
128 15680 4448
48 15744 4224
64 15712 4224
128 15648 4176
112 15712 4336
208 15616 4416
272 15600 4352
144 15600 4368
144 15600 4336
192 15616 4336
64 15600 4272
96 15648 4096
128 15584 4224
144 15584 4112
96 15600 4400
96 15600 4480
16 15600 4320
16 15696 4320
16 15728 4368
128 15712 4368
-32 15728 4336
96 15696 4544
144 15680 4528
48 15792 4752
176 15696 4496
128 15680 4464
128 15680 4448
192 15696 4448
224 15712 4320
192 15744 3872
112 15680 3920
80 15744 4112
80 15744 4208
16 15712 4208
224 15712 4192
176 15648 4240
144 15712 4192
192 15728 4208
192 15680 4000
192 15680 4176
160 15744 4176
112 15712 4176
-112 15664 4064
-112 15696 4432
16 15632 4400
16 15632 4592
80 15632 4624
48 15616 4624
-16 15648 4288
128 15648 4208
0 15664 4384
-80 15680 4288
-80 15632 4528
-32 15664 4608
112 15664 4608
112 15552 4416
128 15600 4496
256 15536 4336
208 15536 4240
240 15632 4320
192 15584 4208
192 15600 4160
96 15600 4160
96 15696 4176
128 15744 4192
80 15664 4224
48 15664 4032
48 15664 4336
16 15696 4304
144 15696 4304
96 15664 4336
112 15680 4336
176 15600 4304
208 15680 4320
240 15696 4064
80 15712 4000
128 15664 4016
128 15696 4176
128 15696 4176
80 15664 4192
64 15664 4240
0 15616 4224
48 15600 4304
48 15584 4256
208 15584 4208
368 15520 4208
96 15584 4352
192 15600 4288
48 15568 4400
96 15600 4240
96 15856 4304
0 15696 4304
-16 15664 4032
32 15664 4320
16 15664 4608
160 15664 4352
160 15696 4352
112 15696 4480
16 15648 4528
48 15600 4528
128 15632 4608
96 15648 4432
80 15712 4256
80 15712 4288
0 15728 4288
48 15744 4576
64 15760 4544
272 15648 4368
128 15680 4368
-16 15648 4272
112 15664 4112
96 15808 4080
128 15680 4096
80 15648 4240
32 15648 4288
32 15648 4352
-32 15600 4304
-32 15520 4304
64 15680 4000
48 15632 4192
64 15632 4192
32 15632 4368
16 15616 4544
160 15600 4288
160 15600 4368
128 15664 4400
144 15664 4400
64 15664 4304
224 15712 4304
256 15808 4304
144 15696 4304
48 15664 4560
