startup(x,y,z):(192,16224,224)
352 16416 1584
288 16352 1568
352 16352 1136
256 16256 1104
240 16240 1056
240 16240 1136
-80 16384 896
240 16128 832
432 16128 832
288 16096 816
144 16000 736
224 16096 896
224 16112 944
-32 16112 944
160 16096 992
160 16096 640
224 16096 512
224 16112 272
176 16080 320
256 16016 448
256 15984 416
160 15984 848
96 16128 848
80 16192 1072
272 16224 1040
368 16176 1120
368 16192 1072
272 16192 1104
32 16208 1104
160 16208 864
224 16176 992
208 16160 992
144 16176 848
208 16160 1024
256 16192 896
144 16144 848
144 16144 1136
176 16112 1088
-32 16144 1088
48 16128 1024
240 16176 976
384 16176 960
384 16128 848
240 16176 992
240 16240 912
416 16240 912
192 16208 1008
144 16240 912
496 16176 848
384 16224 896
80 16224 1024
80 16208 1136
-160 16208 1136
-48 16208 1104
160 16208 752
32 16240 752
-544 16640 528
-1104 16960 144
-368 17824 2752
-368 18464 2144
384 18464 1120
-224 18288 1216
-32 17408 784
64 16640 352
16 16240 -48
64 16096 48
192 16032 544
192 16144 896
192 16144 896
208 16304 1040
400 16368 1312
384 16368 1504
384 16480 1568
400 16528 1440
272 16528 1248
112 16432 1248
64 16256 736
-64 16144 1184
-16 16192 1184
-112 16272 1248
112 16160 928
96 16096 880
112 16080 768
112 16144 832
160 16192 960
160 16192 960
80 16272 560
240 16272 736
192 16128 1232
208 16128 1232
192 16224 1248
464 16256 1040
384 16224 832
384 16352 1264
352 16352 496
256 16144 496
-16 16160 656
0 16208 704
80 16320 800
1504 16240 992
928 16096 976
928 16112 928
240 16112 592
288 16144 592
352 16128 624
272 16096 704
352 16080 784
320 16112 688
320 16160 688
128 16160 688
-304 16176 832
-272 16160 1056
-208 16656 2144
-304 16992 2832
-160 17056 2560
-208 16384 1424
144 16384 1424
272 16128 544
304 15936 128
512 15712 192
576 15824 32
544 15856 256
320 16000 304
192 16080 624
192 16128 800
256 16128 1264
240 16320 1264
336 16512 1840
288 16656 2032
384 16432 1776
304 16512 1712
96 16480 1488
96 16704 1232
144 16432 864
32 16720 976
32 17440 1440
-160 17440 1520
-80 19056 1520
400 23056 -448
528 24080 -1696
1024 22272 -784
-304 20560 1168
-304 20560 1120
-320 18336 1120
3760 18608 -1504
3040 25632 1280
-1984 26736 2944
-2480 31168 6704
-1488 13472 5296
-656 15072 4736
400 18096 3472
192 20432 1584
192 18688 592
1408 18688 416
624 16304 416
368 14752 -208
624 14144 -464
1024 14336 -528
1024 14736 -528
1168 14736 -528
992 15488 -576
784 16288 -816
608 17168 -864
304 17696 -624
304 17936 -400
240 17936 144
96 18128 144
0 18304 640
-256 18496 1328
-208 18400 1888
-208 18320 2144
-96 18320 2032
304 18208 2032
608 18304 1600
720 18288 1808
560 18128 1872
416 17888 1808
416 17376 1472
304 17376 992
192 16544 992
48 15664 608
-432 14352 128
-528 13216 -384
-528 13216 -560
-368 12560 -560
0 12416 -1232
448 12608 -1360
1024 13088 -1600
1872 13616 -1760
1872 14032 -1888
2272 14032 -1520
2288 14320 -1520
2160 14832 -1408
2000 15264 -1424
1760 15664 -1040
1760 16048 -192
1328 16048 -272
864 16352 -272
768 16464 -128
736 16496 -192
880 16544 -224
864 16560 -160
864 16544 -240
880 16544 -112
768 16560 -112
704 16624 96
496 16736 32
288 16768 64
288 16784 0
80 16784 256
-192 16720 256
-368 16544 272
-416 16336 272
-256 16256 -16
-176 16176 -192
-160 16096 -368
-160 15952 -192
-176 15952 -192
16 15776 -128
128 15648 112
0 15536 224
0 15488 -144
64 15488 -96
144 15440 -96
240 15360 -240
160 15200 -176
336 15152 -352
640 15152 -480
640 15152 -576
800 15216 -576
976 15376 -672
1008 15728 16
1168 15952 -240
1168 16160 -144
1184 16160 -144
1072 16288 -256
1120 16368 -288
1120 16384 -384
1264 16528 -384
1072 16624 -512
1072 16704 -832
1024 16704 -832
1232 16720 -752
1136 16672 -752
1120 16560 -816
624 20144 -640
624 20144 -816
448 16064 -816
752 14480 -784
864 14576 -1600
752 18960 -1440
752 16128 -432
976 16128 256
640 19504 256
880 16480 -160
992 17712 -656
912 18224 -752
912 16496 -944
768 16496 -944
912 16480 -1056
1072 16544 -1184
1200 16512 -1296
1136 16224 -1280
1024 16304 -1104
1024 16304 -1104
1136 16192 -1104
1120 16176 -1296
832 16224 -1120
688 16176 -800
656 16160 -880
656 16160 -864
832 16064 -864
672 16080 -896
912 16064 -928
976 16016 -992
1104 16080 -1264
1104 16080 -912
1088 16048 -912
880 16000 -976
736 16176 -1040
736 16176 -1152
736 16064 -1104
656 16064 -1104
672 16240 -1120
240 16160 -1056
240 16144 -1104
448 16224 -1312
448 16192 -1152
672 16192 -1152
896 16256 -1584
960 16224 -1360
1248 16176 -1552
1152 16224 -1296
1152 16224 -1168
1088 16208 -1168
1312 16096 -1152
1328 16144 -1552
1504 16224 -1632
1680 16128 -1616
1680 16208 -1600
1600 16208 -1600
1376 16192 -1344
1200 16240 -1104
1152 16224 -1360
816 16208 -1072
816 16208 -1392
640 16560 -1392
704 15872 -1312
592 15856 -1392
608 16192 -1472
416 16224 -1392
416 16080 -1616
496 16080 -1520
608 16112 -1520
688 16736 -1280
528 16368 -1568
624 15888 -1312
624 15888 -1248
800 15904 -1360
672 16128 -1360
832 16192 -1168
832 16224 -1456
688 16176 -1232
688 16176 -1184
624 16176 -1312
752 16224 -1312
896 16224 -1296
848 16240 -1184
832 16224 -1296
832 16224 -1152
800 16256 -1152
784 16224 -1312
608 16176 -976
768 16016 -1168
768 16256 -1216
880 16560 -1344
544 16560 -1344
496 16288 -1072
768 16032 -1040
1024 16336 -1216
1024 16304 -1136
1056 16304 -1648
1152 16016 -1616
1456 16000 -1920
1456 16128 -1824
1152 16096 -1696
1152 16000 -1200
992 16144 -1232
880 16144 -1232
704 16176 -1296
624 16160 -1280
672 16256 -1264
528 16192 -1200
512 16096 -1200
576 16064 -1168
720 16160 -1264
720 16096 -1408
720 16144 -1248
720 16144 -1168
736 16096 -1168
720 16160 -1264
512 16112 -1120
720 16064 -1072
720 16096 -1216
832 16080 -1344
832 16080 -1232
848 16176 -1232
736 16112 -1056
752 16192 -1056
800 16176 -1104
800 16128 -1248
864 16128 -1408
864 16096 -1232
896 16096 -1232
1040 16128 -1392
928 16128 -1328
960 16160 -1104
960 16080 -1056
1040 16128 -1136
992 16128 -1136
656 16112 -1008
560 16208 -960
752 16208 -768
528 16240 -688
528 16016 -1200
752 16016 -1200
688 16128 -1232
896 16032 -1328
736 16096 -992
688 16176 -1056
736 16144 -1088
736 16160 -1120
704 16160 -1120
624 16176 -1248
592 16160 -1264
592 16112 -1184
720 16112 -1200
720 16112 -1328
720 16128 -1328
752 16128 -1280
896 16144 -1328
944 16208 -1360
1088 16192 -1328
928 16256 -1280
928 16176 -1328
752 16176 -1296
736 16128 -1296
848 16096 -1248
768 16288 -1232
720 16320 -832
720 16160 -656
624 16160 -656
480 16304 -1184
512 15600 -1264
592 15728 -1232
608 16544 -1024
672 16048 -1360
672 16032 -1200
880 16032 -1264
864 16512 -1264
848 16336 -1504
400 16112 -1392
320 15888 -1056
320 15888 -912
272 15872 -1184
272 14976 -1184
320 14768 -1040
64 14880 -1152
-32 14976 -1632
-32 15280 -1296
80 15280 -1232
272 15648 -1232
416 15904 -864
480 16096 -688
688 16128 -480
688 16208 -368
864 16208 -368
1104 16352 -224
1216 16576 -192
1088 16784 -672
1008 16912 -640
960 17072 -608
960 17056 -800
736 17056 -800
608 16896 -736
608 16880 -1184
624 16992 -1216
624 16992 -1104
640 16992 -960
544 17072 -960
768 17056 -1024
832 16928 -896
992 16832 -576
1168 16896 -848
1168 16832 -624
1312 16832 -880
1232 16800 -880
1424 16656 -1008
1344 16672 -864
1168 16640 -704
1168 16640 -816
1152 16688 -1024
1136 16688 -1024
1136 16736 -992
976 16704 -768
1024 16624 -544
976 16480 -880
976 16480 -320
960 16480 -320
992 16608 -464
928 16688 -480
752 16560 -736
752 16384 -640
768 16384 -640
800 16192 -656
656 16128 -544
464 16080 -448
368 15920 -256
368 15792 -272
368 15792 -208
336 15664 -208
272 15680 32
304 15744 96
400 15936 208
400 16112 240
640 16112 240
512 16224 192
416 16064 128
624 15984 160
656 15840 336
656 15776 512
640 15776 400
752 15792 400
704 15712 288
784 15632 544
784 15712 592
688 15808 640
768 15808 640
720 15952 672
848 16032 864
704 16000 784
672 15872 688
672 15840 432
832 15840 528
736 15824 528
768 15824 448
736 15936 304
720 15936 400
720 16016 720
640 16016 912
672 16176 912
960 16304 640
