startup(x,y,z):(160,16208,272)
464 16304 1376
256 16464 1136
352 16480 1296
352 16480 976
512 16352 976
688 16320 800
560 14944 1424
416 15712 992
672 15440 208
-3904 15440 1248
-2576 15760 1248
-992 17552 960
288 17872 1632
1168 17744 2640
1888 18224 2384
1888 18224 1984
1568 17744 1984
3264 17680 1616
1056 17120 1568
3136 17696 5072
3632 17088 3552
3376 17424 1984
256 15408 1280
256 15408 1392
3392 14928 1552
960 15680 1552
-1312 16496 1024
528 17296 1040
-368 16320 1792
-192 15872 1680
688 16064 1600
480 16064 1600
-80 15952 1408
544 15984 816
352 15888 944
320 15824 1040
320 15824 1216
672 15808 1216
400 15664 1264
-32 15456 1008
384 15584 816
544 15584 1104
416 15600 1104
416 15616 1344
400 15776 1504
288 15856 1552
272 15920 1808
272 15920 2176
176 16000 2176
352 15936 2048
384 15888 1984
256 15920 1984
320 15888 2256
288 15936 2256
384 16048 2336
416 16048 2464
400 16096 2752
256 16112 2736
256 16144 2816
272 16144 2816
368 16160 2784
400 16128 2624
304 16128 2560
368 16016 2416
144 16016 2432
-16 15984 2432
208 16192 2272
240 16352 2512
288 16128 2528
288 15984 2688
48 15984 2528
96 16080 2528
384 16304 2592
656 16224 2640
624 16112 2496
512 16112 2368
448 15856 2368
96 15392 2288
48 15152 1920
48 15248 1872
-112 15248 2032
-112 15248 2144
-112 15696 2144
64 16272 2352
96 16800 2864
32 17152 2832
240 17152 2736
752 17344 2736
1200 17104 3104
1056 16880 3520
800 16656 3424
544 16576 3232
544 16576 3664
608 16416 3664
592 16192 4096
656 15456 4144
592 15152 3264
544 15728 4112
768 16480 4112
672 20192 1632
432 21648 1376
-272 -2016 8992
-256 9968 4864
-256 9968 3040
-368 15168 3040
-192 16944 3040
32 17456 3488
528 17632 2816
704 17632 2256
560 17808 1632
448 17712 1184
464 17600 1008
352 17216 1248
352 17152 1536
32 17152 1664
144 17104 1664
112 17072 1872
240 16960 1776
432 16960 1696
656 16544 1696
880 15984 1728
944 15456 1616
864 14768 1376
800 14288 1360
800 14160 1408
704 14160 1008
592 14144 1008
416 14160 1152
416 14128 1456
496 14112 1456
464 13984 1568
192 14016 1856
80 13984 1568
-64 14048 1792
-64 14288 1888
-304 14288 2160
-368 14816 2160
-720 15328 2672
-768 15616 2720
-720 15712 2944
-704 15728 2880
-640 15648 2752
-640 15552 2752
-416 15328 2576
-416 15104 2288
-176 15104 2320
-112 14880 2320
48 14672 2176
32 14608 2128
208 14480 2016
192 14400 2160
32 14240 2048
48 14336 1680
0 14304 1680
-144 14368 2112
-160 14496 2064
-64 14592 1856
48 14752 1904
48 14752 2000
-48 15040 2000
-16 15136 2240
64 15184 2096
240 15200 1984
448 15280 1648
448 15280 1536
704 15344 1536
688 15360 1280
928 15312 1120
848 15280 1040
848 15488 1056
784 15488 1056
704 15712 1168
576 15840 736
448 15696 432
560 15552 512
560 15504 640
240 15504 640
128 15472 736
-112 15232 720
-32 15328 0
80 15552 48
80 15680 320
128 15680 720
-96 15408 1008
-208 15152 1152
-448 15072 944
-304 15072 272
32 15296 272
560 15456 192
960 16704 -864
992 17984 -1152
992 18896 -736
1024 18896 48
1200 19328 48
1392 19040 176
1120 18768 560
1152 18608 688
1392 18480 -224
1520 18544 -912
1520 18544 -1104
1392 18336 -1104
1520 18192 -736
2016 17824 -80
3056 17712 -320
3408 17632 -448
3456 18016 -1088
3232 18128 -1712
2896 18336 -2480
2656 18272 -3104
2400 17824 -3216
2400 17824 -2864
1936 17184 -2688
1408 16624 -2688
992 16080 -2528
752 15840 -2224
640 15648 -2240
672 15664 -1936
848 15680 -2096
864 15648 -2240
720 15584 -2192
848 15408 -2400
656 15520 -2400
592 15584 -2224
784 15776 -2256
752 15920 -1824
768 16016 -1648
896 16016 -1456
816 16048 -1328
912 16048 -1408
1008 16160 -1408
1008 16160 -1520
1232 16256 -1520
1248 16448 -1520
1232 16496 -1344
1520 16480 -1360
1808 16464 -1280
1776 16432 -1216
1776 16368 -1296
1952 16304 -1296
2032 16224 -1088
2064 16096 -976
2144 16016 -1136
2160 15952 -1104
2112 15904 -1072
2112 15904 -1168
2032 15904 -1168
1840 15920 -1536
1776 15968 -1600
1664 16064 -1440
1632 16224 -1344
1312 16208 -1312
1200 16144 -1424
1008 16048 -1504
1024 15936 -1408
1056 15968 -1552
1056 15968 -1568
1120 15968 -1568
1088 15904 -1568
1024 15872 -1584
1056 15840 -1632
1136 15888 -1840
1120 15904 -1840
1040 15936 -1664
1008 15952 -1616
896 16128 -1536
896 16256 -1424
928 16256 -1616
1056 16384 -1616
1104 16512 -1552
1248 16656 -1472
1264 16688 -1360
1328 16592 -1440
1600 16656 -1392
1664 16768 -1568
1584 16960 -1456
1584 17104 -1328
1872 17344 -1440
1776 17600 -1344
1776 17600 -1312
1600 17904 -1424
1664 18224 -1424
1696 18416 -1376
1744 18432 -1440
1632 18256 -1424
1440 18016 -1408
1440 18016 -1568
1312 17616 -1568
880 17168 -1376
928 16880 -1488
880 16496 -1568
880 16256 -1664
800 16256 -1584
560 16080 -1680
544 15808 -1408
544 15616 -1216
400 15616 -1040
432 15456 -1040
592 15520 -1184
528 15664 -656
592 15840 -496
640 15904 -384
640 15904 -384
688 15904 -384
784 15680 -176
1008 15264 -48
1104 14992 48
1216 14848 48
1216 14672 544
1424 14688 368
1392 14608 352
1472 14576 112
1472 14784 160
1504 14784 160
1536 14784 320
1328 14752 400
1216 14784 288
1248 14816 512
1264 15248 672
1248 15248 816
1184 15200 816
768 14928 720
1104 15392 848
1440 16128 1424
1600 16752 1264
1600 17088 784
1280 17088 432
1264 16336 576
688 15632 592
736 15152 432
736 15152 272
1008 15280 112
1168 15552 -272
1152 15680 -272
1312 15648 -288
1312 15568 16
1088 15568 16
800 15616 192
784 15856 48
704 16112 352
672 16064 352
560 16128 432
576 16208 144
528 16288 400
560 16336 128
560 16432 112
544 16432 -144
720 16496 -144
736 16592 -512
704 16592 -368
800 16496 -272
752 16528 -304
944 16480 -128
1168 16496 -400
1168 16496 -240
1232 16496 -176
1216 16400 -176
1344 16352 -192
1104 16256 -32
1040 16144 240
1200 16000 112
1344 15952 112
1312 15936 128
1344 16112 176
1280 16128 32
1280 16128 336
1312 16064 336
1520 16016 96
1440 15952 -64
1280 15952 176
1296 16032 368
1360 16032 208
1328 16192 16
1504 16304 96
1888 16336 272
2192 16448 320
2192 16624 448
2368 16624 448
2384 16960 624
2640 17280 880
3008 17776 768
3552 18336 912
3696 18848 1024
3616 19280 960
3264 19376 1136
2784 19024 1136
2304 18352 1184
1808 17600 1168
1808 17600 1376
1328 16800 1376
672 16320 1312
-144 15920 736
-1024 15664 464
-1856 15536 80
-2736 15392 128
-3536 15216 64
-4368 14864 -176
-4960 14336 -160
-4960 13888 -208
-5520 13888 -208
-5760 13680 -144
-6016 13712 -80
-6176 13904 -144
-6480 14080 -128
-6480 14336 80
-6480 14560 208
-6704 14640 384
-6944 14528 624
-6944 14528 560
-7152 14336 560
-7120 14096 592
-7088 14064 608
-6736 14256 720
-6368 14496 832
-6368 14496 672
-6000 14496 672
-5824 14336 528
-5504 13648 688
-5200 13424 496
-5200 13248 544
-5232 13248 688
-5392 13072 688
-5648 13120 672
-6048 13280 672
-6384 13296 544
-6816 13408 688
-6816 13408 1056
-7424 13168 848
-8496 12992 736
-8928 12816 688
-9200 12704 512
-9200 12704 464
-9344 12688 464
-9440 12784 496
-9648 12896 576
-9792 12944 576
-10048 12832 672
-10096 12832 768
-10288 12144 592
-10160 11792 496
-9632 11376 336
-9632 11216 224
-9360 11216 224
-9040 11216 672
-9008 11344 608
-9104 11424 752
-9104 11648 1024
-9184 11648 1024
-9136 11824 1024
-8912 11888 800
-8576 11584 816
-7968 11584 912
-6912 11520 912
-5680 11792 1168
-4336 12112 992
-2864 12496 464
-1312 12688 304
-1312 12800 -160
64 12800 -224
1264 12992 -224
2272 13104 -768
3120 13488 -736
4400 13760 -784
4400 13968 -912
5136 13968 -640
6048 14256 -640
6912 14352 -288
7744 14592 64
8560 14976 512
9328 15312 992
9392 15312 1248
10464 15488 1504
11776 15328 1584
12128 15280 1712
12128 15248 1568
12352 15248 1504
12464 15056 1504
12400 14864 1776
12464 14784 1504
12352 14720 1328
12352 14800 1168
12448 14800 1216
12272 14576 1296
11856 14512 1360
11648 14400 1072
11648 14480 896
11488 14480 896
11104 14384 704
10944 14032 672
10880 13904 560
10736 13696 256
10736 13696 16
10560 13584 16
10288 13408 -192
10224 13136 -256
10448 13152 -48
10384 13152 -48
10384 13264 240
10448 13312 496
10544 13280 608
10864 13200 720
10864 13056 960
11040 13056 1216
11408 12880 1024
11712 12608 1168
11680 12416 1232
11888 12416 1296
12000 12400 1424
12144 12512 1424
12272 12816 1568
12176 13136 1504
12272 13536 1536
12272 13760 1344
