startup(x,y,z):(160,16128,336)
-592 17568 1808
-1744 18464 1968
-112 19008 1552
-800 20400 -784
-1248 18688 2080
976 20752 2192
960 19888 1424
1664 22400 256
960 22672 512
2048 20688 -1008
-208 15328 1760
48 13920 2688
1120 13184 2000
1120 22016 -2736
2288 22016 -2736
1392 23728 512
2112 22256 1712
2656 19344 144
2528 17616 -1040
2528 16832 -1968
1552 16832 -2512
368 16224 -2368
-944 15312 -2368
-1648 14160 -2288
-2288 13376 -1888
-2192 12816 -1760
-2192 12544 -2224
-1712 12544 -2224
-1376 12544 -2768
-672 13104 -2992
-160 13840 -3216
352 14272 -2976
688 14768 -3408
976 16304 -2992
976 17280 -1920
352 17280 -1920
-112 17744 -464
-208 17952 928
-112 17696 1856
-624 11840 5488
-688 11840 2512
544 11520 2512
208 13808 2880
-288 12656 1600
224 19264 336
-64 18240 -464
-896 16752 -128
-896 17008 -2064
-1104 16912 -2064
-2000 16704 -416
-1936 16320 1024
-1120 16160 1152
-336 16304 1328
-336 16496 1120
496 16496 1120
1120 16624 1184
1296 16720 1008
1152 16880 704
816 16832 640
352 16896 -912
-672 14192 48
-672 14096 224
-672 14096 224
-272 14992 464
-80 15312 384
192 15616 256
144 15680 448
144 15776 464
-112 15856 432
-288 15984 640
-416 15984 640
-528 16160 784
-448 16192 880
-320 16080 560
-320 16016 416
-208 16016 416
-208 15968 224
-112 16048 176
-240 16000 592
-80 16064 656
64 16048 768
144 16096 624
144 16000 688
192 16000 688
224 16192 704
176 16272 720
272 16272 608
240 16240 752
112 16192 608
192 16144 528
256 16064 832
192 16096 688
80 16096 608
80 16016 656
304 16016 656
304 16144 880
272 16144 848
160 16096 992
96 16000 896
96 16848 1664
-752 16848 1664
-768 16400 1168
-480 16256 816
-320 16208 608
-112 16320 432
-112 16256 464
0 16176 320
48 16128 368
48 16128 352
16 16112 352
-128 16096 560
-96 16176 544
48 16160 608
48 16128 912
112 16128 560
112 16160 672
272 16208 672
80 16256 640
112 16288 704
176 16112 560
176 16112 384
64 16112 672
-16 16064 672
144 16064 624
160 16208 752
-112 16096 880
-48 16096 704
-32 16128 704
-32 16128 912
128 16064 912
32 16096 1120
160 16096 784
-16 16160 768
-16 16096 912
128 16096 1216
272 16096 1216
272 16080 1232
288 16096 944
160 16080 752
112 16128 560
96 16192 448
48 16160 656
48 16160 800
0 16176 800
80 16128 736
48 16144 896
32 16128 752
32 16112 912
112 16112 912
224 16128 784
96 16128 528
96 16128 528
96 16144 640
0 16128 704
64 16192 640
64 16128 688
64 16128 688
96 16128 768
208 16112 848
16 16128 608
-32 16160 752
-48 16144 784
-16 16048 640
-16 16048 1088
-128 16048 1088
-112 16112 1056
160 16096 944
256 16144 880
256 16144 752
144 16144 816
96 16160 816
-80 16208 608
-192 16176 736
-336 16128 752
-496 16272 752
-816 16336 1056
-816 16128 1088
-544 16128 864
-448 16368 864
-432 16144 976
-464 16256 720
768 16176 560
768 15840 416
704 15840 416
576 15472 224
208 15968 592
-176 16160 1008
-384 16208 1168
-192 16160 1104
-192 16048 944
-80 16048 944
192 15968 736
256 16016 528
496 16128 416
608 16096 768
608 16032 800
496 16032 800
352 16096 720
192 16160 720
0 16112 432
-288 16048 496
64 16128 544
336 16048 832
336 16080 944
352 16080 896
304 16144 896
256 16096 880
128 16128 704
0 16160 832
-32 16096 784
-16 16128 752
-16 16128 976
96 16096 976
160 16176 848
96 16224 704
-16 16176 576
-16 16192 464
304 16192 464
240 16112 448
112 16176 576
112 16176 576
16 16112 720
0 16112 864
0 16064 784
112 16064 784
16 16096 1168
-96 16128 912
-64 16128 1072
-64 16176 912
32 16176 784
64 16144 784
64 16208 608
80 16224 544
192 16160 688
0 16224 752
-176 16176 800
-176 16176 736
96 16080 736
224 16000 752
176 16016 800
208 16016 864
176 16048 1040
-16 16064 832
160 16064 720
16 16208 592
176 16176 736
176 16176 768
176 16224 448
80 16224 448
272 16192 752
192 16128 880
240 16192 848
176 16144 864
176 16144 768
240 16112 592
208 16112 768
240 16176 768
16 16176 768
32 16176 816
112 16144 720
112 16144 912
192 16080 912
144 16000 912
144 16096 928
96 16160 832
80 16192 800
112 16192 816
176 16144 912
176 16144 1056
112 16128 1056
192 16112 800
304 16112 912
336 16112 656
336 16032 688
144 16032 640
96 16080 640
-48 16112 640
80 16096 512
128 16064 624
208 16096 688
160 16128 704
160 16128 848
32 16144 848
-32 16112 752
48 16192 688
112 16224 736
112 16176 656
112 16176 544
176 16208 544
32 16192 688
128 16144 752
112 16112 672
96 16080 704
0 16112 640
32 16080 816
32 16080 1040
-96 16112 1040
-64 16048 992
-32 16096 1184
16 16096 848
16 16144 720
64 16144 752
16 16256 752
16 16256 752
48 16208 896
160 16144 1056
160 16144 624
160 16192 576
128 16192 576
48 16224 512
160 16256 656
80 16208 560
112 16160 544
48 16144 480
-112 16144 832
-112 16112 736
-160 16112 736
-128 16048 816
-16 16080 960
160 16128 896
160 16176 496
64 16176 864
-16 16160 864
48 16128 784
192 16128 624
-128 16064 800
-112 16032 768
-112 16000 592
-112 16000 928
-96 15952 928
-48 16000 944
176 16016 848
128 16064 832
128 16016 608
128 16016 848
32 16048 848
80 16160 704
112 16272 560
160 16272 672
288 16256 736
320 16208 864
320 16160 848
240 16160 848
112 16208 880
96 16128 640
-96 16208 736
-128 16272 432
-128 16272 624
-16 16272 624
-144 16208 672
-112 16112 512
-48 16080 640
160 16080 576
176 16096 688
176 16096 528
224 16096 528
48 16224 640
-80 16176 816
32 16160 784
-32 16144 784
-32 16176 880
-128 16176 864
-224 16160 768
-32 16144 736
32 16176 496
-64 16192 608
-64 16160 560
80 16160 560
160 16160 736
112 16176 992
0 16176 944
-128 16112 848
-128 16096 896
32 16080 688
80 16064 624
48 16064 624
-48 16096 704
64 16128 400
-16 16128 496
-16 16176 752
-16 16176 608
80 16144 608
96 16128 576
48 16096 848
96 16144 688
160 16096 928
16 16144 992
-16 16112 592
-16 16064 656
32 16064 656
16 16080 816
-64 16128 848
-80 16064 768
16 16096 800
16 16096 1040
-16 16144 1040
48 16128 1072
96 16128 880
16 16144 608
32 16112 672
80 16096 768
80 16096 608
144 16112 608
-48 16160 704
-208 16112 864
-64 16096 912
-80 16048 1024
-80 16048 800
-16 16080 992
112 16080 880
32 16016 880
16 16176 816
-32 16224 1008
-64 16160 896
-64 16160 944
-48 16160 944
128 16176 960
128 16112 864
-64 16048 1120
-128 16032 976
-112 16032 880
-112 16016 880
-112 16016 880
32 16048 880
32 16064 944
-48 16128 1008
-64 16144 896
-64 16144 880
-128 16128 880
-96 16112 960
0 16224 704
-128 16160 976
32 16192 960
80 16224 576
96 16176 672
96 16176 928
-16 16176 640
80 16128 640
0 16064 640
-32 16000 752
144 16112 704
144 16272 384
176 16272 384
160 16304 640
96 15504 1008
80 15808 512
80 15872 704
-48 16096 672
-48 16080 944
16 16080 944
64 16256 912
64 16192 592
-80 16192 752
-224 16096 784
-224 16064 944
-112 16032 704
32 16048 768
32 16048 656
0 16064 656
32 16096 672
16 16080 672
16 16064 752
16 16064 752
-32 16016 1008
0 16080 960
160 16144 720
80 16080 672
80 16096 768
32 16064 736
128 16064 688
112 16064 688
112 16144 768
160 16144 672
176 16208 752
176 16208 960
128 16080 960
64 16096 992
128 16160 784
48 16112 912
0 16048 864
48 16112 864
48 16016 832
32 16048 624
48 16032 624
-96 16032 832
32 16080 784
-16 16112 768
-16 16176 928
-16 16176 928
32 16160 800
160 16144 592
144 16080 544
128 16080 528
176 16128 752
176 16192 912
256 16192 912
240 16176 880
416 16128 688
192 16192 784
256 16224 720
256 16224 704
96 16176 704
80 16096 784
96 16112 656
64 16064 624
32 16048 1024
160 16000 752
160 16000 640
96 16000 640
-64 16064 576
-96 16064 960
-16 16064 912
