startup(x,y,z):(512,16208,256)
448 16256 1120
464 16192 1120
448 16144 1024
384 16176 1104
448 16224 1088
528 16176 1008
464 16176 1216
464 16224 1184
672 16176 1120
800 16208 1056
688 16144 1072
560 16160 912
560 16176 864
464 16176 896
496 16208 912
480 16192 1248
544 16160 1392
592 16176 1312
448 16192 1040
432 16176 1008
512 16016 1040
432 16048 1328
208 16160 1312
288 16160 1120
272 16112 1184
336 16128 864
400 16176 768
672 16224 912
608 16208 784
608 16208 960
544 16160 656
624 16160 656
592 16224 976
800 16256 816
896 16032 336
624 15952 160
416 16000 432
416 16048 736
480 16144 784
528 16192 880
608 16256 1008
608 16256 1024
592 16384 1408
976 16224 1568
592 16368 1120
560 16352 944
560 16224 1104
640 16256 1072
592 16208 1136
624 16288 1008
672 16240 1152
608 16240 912
576 16208 752
608 16208 800
624 16272 1088
560 16272 1008
416 16176 768
368 16176 672
432 16272 576
496 16224 624
672 16208 720
768 16240 848
640 16256 880
672 16240 880
656 16320 880
592 16224 672
528 16272 768
592 16240 800
640 16256 784
640 16256 544
768 16192 624
640 16096 864
432 16336 1520
640 16448 1792
992 16496 1760
912 16272 1360
560 16128 736
576 16064 416
640 16240 624
672 16176 784
688 16272 1232
752 16240 1344
848 16224 1232
-48 15904 160
336 15840 144
512 15840 640
432 16000 848
512 16096 624
672 16080 720
544 16112 640
560 16096 768
608 16192 896
624 16240 992
688 16192 992
688 16160 1008
736 16192 1104
720 16144 896
576 16240 960
608 16224 912
656 16112 816
592 16080 736
656 16032 784
576 16096 928
544 16112 944
528 16096 944
736 16112 944
608 16208 672
496 16192 672
576 16160 704
576 16048 784
688 16032 848
880 16128 1024
512 16176 1040
-16 16352 944
352 16384 1216
256 16224 912
160 16176 1312
448 16224 896
608 16224 928
400 16208 928
400 16192 1344
688 16160 1136
1584 16176 1408
1824 15952 1632
1168 16080 1200
256 16672 1296
240 16224 1040
224 16096 992
272 16128 960
272 16064 928
144 16032 976
256 16080 1056
416 16192 1040
1568 16464 576
1328 16640 800
944 16512 976
784 16416 976
864 16320 1184
784 16304 1328
928 16304 1104
768 16208 1008
688 16144 1008
720 16224 1104
608 16160 976
480 16032 928
80 16176 928
176 16288 1136
480 16272 1264
464 16224 976
592 16272 736
704 16224 912
624 16272 1168
720 16208 1088
720 16160 928
656 16160 752
528 16112 720
464 16176 1072
1104 16208 1040
928 16192 1024
784 16160 960
512 16128 1008
384 16128 1008
304 16192 1008
384 16176 864
416 16128 848
512 16192 864
512 16272 784
256 16208 864
256 16240 960
368 16288 752
336 16224 752
384 16320 896
2240 16608 640
464 16688 992
-144 16688 1536
-144 16416 1856
144 16464 1760
1488 17216 1008
1744 17056 1296
1504 16992 1472
976 16928 2144
1216 19056 2416
1696 19232 2048
1632 17904 2144
944 17936 2192
48 18608 1968
-2432 17120 5488
-608 17424 4880
-288 22368 -3984
608 17376 -3296
1296 16224 -2032
1424 16064 -416
1360 15648 1632
1184 15392 2576
944 15872 2096
512 14304 1184
336 15136 752
256 14928 80
336 16672 -16
912 16208 1040
1040 16336 1440
1040 16640 1408
1168 17248 1456
1744 15984 1024
1072 15760 896
560 15184 320
336 14928 16
128 14720 384
800 15008 1616
624 15184 1296
432 15584 992
576 15856 704
688 16448 -320
816 16928 -944
784 16928 -1072
752 16880 -1072
1840 13168 -1376
1280 19648 576
1424 16288 -944
432 17232 -1040
224 16688 -1280
144 16416 -1408
160 16416 -1216
496 16256 -288
656 16208 -256
576 16080 80
560 16064 160
656 16080 320
624 15984 96
608 15824 416
656 15360 704
704 15168 480
288 14208 400
0 12912 -1008
-384 13696 -1056
-768 14496 -928
-688 14560 -656
-320 14320 -320
48 14192 -208
480 14528 -160
400 15008 -416
704 15520 -224
944 15760 -16
1536 16544 592
1808 16752 768
1744 17280 944
1856 17504 1120
1904 17760 1296
1536 17056 1328
1120 16624 1072
928 15920 944
736 15776 704
656 15696 752
432 15552 816
272 15344 528
272 15392 528
208 15648 640
96 16144 -544
160 16144 -768
176 16240 -1072
32 16320 -1312
368 16496 -1664
448 16512 -1904
512 16512 -1744
640 16480 -1536
1008 16496 -1696
1296 16704 -1248
1424 17040 -1248
1648 17248 -816
1872 17440 -592
1648 17616 -288
1344 17584 96
1040 17504 432
640 17168 1472
368 17104 1728
304 16976 1952
-176 16800 1936
-832 16512 1744
-1120 16256 1408
-1216 15792 1200
-1600 15584 912
-1568 15440 848
-1456 15360 464
-1328 15280 336
-1104 15184 112
-896 15184 -32
-848 15200 -32
-816 15200 -144
-704 15296 192
-448 15568 272
-224 15936 400
-112 16096 608
80 16384 624
192 16544 928
288 16752 896
496 16912 512
528 16912 256
576 16992 -96
608 17024 -192
800 16944 -80
816 16864 128
912 16688 352
960 16512 448
944 16320 480
816 16000 624
720 16064 320
640 15120 592
608 15472 80
208 15952 -272
128 15584 144
128 15376 416
192 15520 272
32 15744 -112
-144 15584 -272
-384 15776 -256
-368 16016 48
-416 16176 -144
-416 16336 128
-368 16432 400
-208 16432 720
48 16448 720
208 16512 944
352 16720 880
448 16832 960
656 16896 976
592 16608 640
672 16480 528
576 16416 -112
176 16304 -288
-176 16080 -192
-352 16032 -544
-512 15984 -704
-288 15792 -384
-416 15808 -480
-336 15856 -144
-144 15984 -96
0 16144 80
-32 16304 0
0 16448 256
0 16656 320
-32 16896 288
48 16864 368
16 16848 240
240 16864 432
336 16800 496
336 16608 416
512 16480 352
496 16256 16
512 16192 -176
528 16080 -432
784 15904 -368
688 15872 -432
576 15872 -528
656 15984 -512
752 16080 -512
736 16160 -560
768 16240 -368
944 16352 -240
960 16368 -160
896 16496 -112
848 16480 -112
736 16480 64
736 16464 128
704 16368 -16
704 16208 160
560 16192 -144
352 16080 64
256 15984 0
176 15888 -64
208 15920 -16
240 15904 -64
224 16000 -208
336 16096 -400
208 16240 -160
288 16240 32
96 16256 160
128 16256 320
128 16320 352
16 16352 304
208 16368 352
288 16304 304
224 16240 192
240 16272 -32
400 16320 -224
496 16544 -736
752 16384 -480
560 16192 -480
560 16032 -384
640 16064 -512
624 16064 -464
608 16144 -448
432 16224 -224
416 16208 -224
304 16352 -144
272 16272 -80
336 16256 0
240 16224 304
272 16208 192
352 16240 160
352 16304 -80
400 16288 32
480 16272 -16
528 16272 192
464 16208 -16
464 16240 -96
448 16272 80
384 16208 16
320 16240 -64
352 16176 -96
320 16176 -32
256 16144 -96
288 16176 -208
336 16144 -128
240 16128 -48
320 16240 0
528 16224 -96
368 16208 -112
416 16224 -64
304 16144 -160
192 16256 64
160 16240 128
192 16224 16
32 16240 112
80 16256 192
256 16240 -96
320 16240 -64
256 16256 -48
208 16304 -16
272 16128 64
208 16144 192
224 16192 80
240 16208 -16
304 16288 80
432 16160 176
512 16080 144
512 16144 144
432 16192 160
448 16240 -80
352 16304 -96
288 16336 32
288 16256 -16
144 16288 192
192 16256 240
192 16192 288
128 16128 304
96 16208 288
160 16224 240
128 16144 144
80 16240 80
208 16192 80
240 16144 192
176 16224 80
256 16208 -48
288 16192 16
352 16192 -80
336 16176 32
320 16176 -48
336 16240 -16
320 16256 -80
336 16176 -96
384 16256 -320
368 16240 -464
432 16224 -256
256 16224 -304
240 16240 -240
304 16160 -64
256 16192 0
352 16256 64
336 16208 176
304 16224 112
288 16208 48
320 16240 -112
240 16176 -160
96 16096 0
256 16160 112
240 16128 32
192 16176 -16
208 16368 -144
288 16288 -32
336 16272 -128
384 16160 80
368 16096 208
304 16112 192
352 16144 -64
416 16048 -208
432 16080 -224
496 16112 -112
592 16160 -144
416 16192 -32
304 16176 -48
304 16096 -160
320 16144 -128
336 16304 0
256 16368 96
144 16160 80
96 16192 128
32 16336 256
272 16208 48
240 16224 160
160 16240 96
64 16240 48
160 16160 -64
144 16176 32
192 16224 112
192 16176 -176
240 16208 48
128 16160 32
128 16160 96
272 16144 112
320 16192 16
336 16224 64
240 16144 -32
