startup(x,y,z):(656,16224,288)
400 17648 4160
-96 18768 6240
-96 20160 6448
1088 20160 6448
1472 16400 6784
6080 19712 6768
4496 19712 6768
4640 24704 6720
5632 28496 8496
6288 -2304 2000
6000 11152 -4784
1856 9216 -4816
-1568 12592 -3072
-3584 15632 -3568
-1520 16416 -368
-1520 16576 2096
-368 16848 2688
-368 22240 2896
1504 22240 3968
1184 23536 3968
-128 16384 7328
-464 9840 8368
-208 7888 5984
-288 8128 2144
-496 8816 -992
368 8832 -3440
368 8016 -5488
2416 8016 -6192
3248 6608 -6192
2752 5472 -6672
2528 4928 -6704
2432 5712 -6016
2400 7936 -4672
2112 10976 -2832
2112 13728 -1696
-704 16672 -288
-704 16496 480
-1584 16496 480
-2080 16288 992
-2208 15920 64
-1328 15152 -1344
-704 15184 -2368
-1184 16224 -2640
-1184 17056 -3296
-1056 17056 -3296
-416 17280 -3744
-48 17408 -3648
32 17264 -3056
128 16832 -3200
480 16448 -4128
944 16064 -4720
944 15488 -5904
1360 15488 -5904
1584 14592 -6880
1440 13040 -7584
1344 12176 -8032
4400 21616 -10480
2848 8912 -6848
6816 20784 -9968
6464 12304 -9136
8480 21664 -8640
7328 13392 -7536
8192 15488 -7232
9712 13184 -7760
9712 12368 -8544
9536 12368 -8528
10928 14976 -9248
10496 12928 -9248
11456 14048 -9168
11696 13296 -8752
12720 13920 -8896
12592 13520 -8864
12080 13152 -8624
12048 13152 -8272
11520 13392 -8272
10480 13360 -6528
9232 13264 -6528
7584 13312 -5696
6336 13408 -4048
5536 13408 -3840
4928 13504 -3840
4624 13472 -3760
4560 13568 -4000
4416 13408 -4368
4416 13520 -4464
4464 13520 -5120
4704 14016 -6240
4528 14016 -6240
4160 14160 -6944
3856 14016 -7136
3712 13904 -7056
4352 14288 -6832
4368 13792 -6528
3584 14000 -6112
3584 14000 -6224
3520 14176 -6720
3424 14064 -6720
3200 14176 -7040
3200 14272 -7232
3216 14176 -7712
3456 14176 -7968
3680 13920 -7920
3664 14016 -7680
3664 14160 -7568
3184 14160 -7568
2224 13952 -6784
2160 14256 -6752
2832 14976 -7456
2672 14576 -7712
1840 12864 -7584
1840 14160 -8368
2096 14160 -8368
2864 14816 -9408
2608 13280 -8160
3888 15904 -6496
8704 14272 -2480
6560 13680 -3392
3984 13888 -3568
3984 13952 -4944
3696 13952 -6304
3392 14000 -7504
3568 14096 -7504
3472 14288 -7744
3440 14192 -7616
3488 14160 -7648
3488 14256 -7632
3472 14256 -7664
3328 14256 -7664
3328 14288 -7632
3328 14400 -7600
4080 14432 -8624
3728 14176 -8336
3104 14176 -7488
2432 14400 -6512
2432 14400 -5680
1888 14512 -5680
1648 14448 -5888
1488 13888 -6912
1792 13648 -7760
2144 14576 -6576
2144 14880 -5184
2704 14880 -5184
2624 13760 -6288
3168 13776 -6896
3344 14320 -6976
5008 16128 -5280
4464 14032 -4656
4464 14032 -5408
2880 14192 -6720
2864 14384 -7568
3136 14464 -7664
3568 14384 -7552
4032 14288 -7488
4032 14128 -7216
4480 14128 -6976
4080 14240 -6752
3888 14320 -6800
3888 14384 -6528
3344 14368 -6384
3136 14272 -6400
3136 14352 -6736
2816 14352 -6400
2528 14368 -6400
2400 14320 -6544
2304 14352 -6592
2112 14464 -6896
1984 14320 -6752
1696 14448 -6656
1696 14448 -6192
1264 14528 -6192
752 14464 -6096
768 14432 -6096
672 14416 -6016
864 14416 -6016
864 14448 -6064
1056 14448 -6064
1536 14416 -6112
2016 14432 -6320
2736 14544 -6736
2736 14640 -6992
2752 14784 -7168
2688 14784 -7296
2800 14752 -7296
2832 14640 -6816
2704 14592 -6976
2656 14592 -6752
2192 14576 -6672
2032 14496 -6496
1936 14480 -6448
1936 14256 -6640
1504 14256 -6464
816 14496 -6464
752 14544 -6512
816 14608 -6512
912 14544 -6192
848 14576 -5760
848 14560 -6048
864 14560 -6048
768 14576 -5856
976 14624 -5952
1232 14624 -5840
1424 14528 -5824
1616 14512 -5760
1664 14528 -5856
1600 14608 -5984
1600 14640 -6112
1776 14640 -6064
1696 14704 -6064
1664 14832 -6288
1728 14912 -6480
1648 14864 -6400
1520 14784 -6560
1344 14704 -6464
1360 14640 -6336
1360 14640 -6416
1392 14720 -6416
1392 14704 -6176
1360 14768 -6320
1152 14816 -6288
1232 14784 -6208
1232 14544 -5904
1472 14544 -5696
1120 14624 -5696
976 14736 -5920
848 14800 -5968
896 14816 -6128
1024 14752 -5760
1280 14688 -5840
1280 14688 -5744
1216 14704 -5744
1248 14752 -5888
1280 14768 -6112
1248 14688 -6176
1248 14704 -6352
1248 14704 -5904
1136 14736 -5936
1040 14720 -5984
1040 14720 -6160
1056 14768 -6080
1072 14784 -6144
1072 14784 -6144
1216 14688 -6176
1440 14720 -6224
1472 14720 -6480
1632 14704 -6288
1392 14688 -6240
1440 14672 -6288
1440 14608 -6240
1376 14688 -6144
1232 14688 -6192
1072 14720 -6192
976 14640 -6112
1232 14704 -6080
1392 14688 -6256
1344 14752 -6368
1328 14720 -6304
1328 14752 -6336
1120 14784 -6320
1072 14800 -6320
1072 14768 -6384
912 14752 -6176
1056 14752 -6176
1376 14752 -6176
1328 14864 -6464
1264 14784 -6320
1504 14816 -6176
1440 14864 -6128
1472 14864 -6320
1472 14864 -6240
1504 14784 -6384
1632 14784 -6256
1712 14736 -6256
1696 14736 -6192
1600 14768 -6096
1424 14880 -6096
1328 14752 -6144
1280 14784 -6240
1296 14784 -6368
1296 14752 -6240
1152 14752 -6256
1280 14784 -6256
1280 14896 -6480
1296 14880 -6160
1232 14864 -6368
1232 14848 -6224
1232 14960 -6192
1008 14960 -6464
912 15136 -6464
928 15104 -6272
992 15280 -5888
720 15744 -5728
992 14336 -5056
1264 15248 -6416
1264 16384 -8032
1184 16384 -7296
768 13888 -7296
880 15584 -6256
1072 13968 -5408
1088 15616 -5504
1040 16288 -5520
1040 14896 -5520
1456 15712 -6000
1872 19696 -6160
2112 19696 -4848
2192 12272 -4848
1952 17648 -6144
2032 18608 -5824
1968 16640 -6112
2320 16240 -6240
2592 17296 -6464
2592 17296 -5984
2672 15472 -5984
2480 17616 -5536
2496 15088 -4992
2704 17200 -6048
2544 15360 -5456
2480 12896 -4384
2480 10976 -3536
2608 10976 -3536
3360 11312 -3008
3456 13008 -2800
3008 15104 -3600
2464 16704 -4080
2464 16704 -3600
2160 17504 -2832
2064 17488 -1552
2336 17248 -816
2624 16256 -336
2784 16256 -336
2720 16144 224
2912 16112 64
2944 16544 -176
2528 17104 256
2528 17696 336
2464 17696 80
2288 18192 560
2272 18256 560
2176 17920 736
1920 17616 672
1536 17200 416
1072 16928 288
768 16704 -192
736 16416 -480
736 16336 -992
768 16336 -1328
880 16032 -1328
1104 15632 -1504
1232 15344 -1888
1360 15152 -1968
1488 14944 -1952
1488 14848 -1424
1536 14848 -1472
1328 14848 -1472
1296 14880 -1792
1376 14880 -1968
1104 14848 -1936
1104 14704 -1904
1104 14592 -1760
1504 14592 -1408
1792 14784 -1408
2176 15200 -1184
2384 15456 -928
2320 15680 -464
2112 15712 544
2112 15968 1312
1584 16256 2080
1376 16256 2080
1104 16560 2176
1072 16816 1872
1136 17024 1728
1280 16992 1568
1504 16864 1520
1504 16720 1440
1328 16720 1344
976 16256 1344
768 15856 1408
640 16016 1776
800 16368 2224
800 16800 2416
912 16800 2416
1104 17184 2288
1008 17360 2384
736 17376 2560
432 17264 2672
384 17008 2480
384 16816 2560
400 16816 2320
592 16576 2320
384 16432 1616
304 16192 1104
544 15904 704
544 15616 704
480 15616 704
144 15296 720
240 14848 656
80 14640 640
48 14704 480
-160 14832 752
-608 15936 -4912
-608 15808 2144
64 15808 2144
80 16496 1472
-224 17712 640
-752 18400 -240
-1088 18128 -208
-1088 17152 1856
-1024 17152 1440
-1152 17072 1440
-1280 16224 2864
-1248 16224 2192
-1120 16176 576
-608 15920 1584
-608 15728 1008
32 15728 1776
576 16000 1776
768 15456 800
1184 15920 -2944
3264 15280 -3072
3904 14784 -688
3904 14432 608
3200 15104 1296
2224 15104 1296
2480 15664 1776
2944 15440 1744
2688 15536 1600
3600 15168 1776
3872 14784 1728
4256 14528 1504
3712 15664 1776
3088 15664 1760
2176 15952 1760
1424 16112 1728
992 16272 1888
720 16096 1632
672 15632 1440
720 15072 1392
704 14768 1248
704 14800 848
720 14800 848
880 13600 832
928 13216 1184
-16 14976 208
-16 14096 -624
80 14096 -384
-32 13216 -384
128 12224 992
-48 11056 880
-256 10336 -1024
-256 11152 2064
624 11152 2064
656 11904 5552
576 12336 368
1024 12848 -2064
2848 12208 -512
4512 20288 -976
4512 12064 -1600
2544 18816 -7904
2544 18816 32
1104 11904 32
1136 16352 4464
2320 17632 7056
2384 19296 8160
2176 19680 6928
2720 20240 3328
2720 8064 4000
880 9968 1744
1040 9968 -1904
-80 15968 -2048
-80 15968 -2944
400 18576 -2944
2720 21120 -4608
7616 19728 -8272
8656 11664 5776
1184 -3264 416
-4592 -448 -4928
-4656 14688 -11056
-4656 14688 -14992
-9360 22896 -11472
-1856 19680 -5232
32 17472 -1344
576 13840 2832
896 16480 3200
544 16608 3392
592 16448 3392
592 16592 2720
480 16592 2720
512 16432 2576
560 16272 2688
1248 16304 2656
1536 16336 2560
1552 16304 2256
1552 16304 2176
1616 16384 2272
1680 16384 2096
1488 16208 1984
608 15824 1984
480 16048 1872
192 15984 1568
288 16064 1424
208 16064 848
320 15888 720
320 15888 496
224 15632 496
528 15056 352
800 15056 -48
288 14864 -624
464 14528 -1088
864 14256 -1840
864 14048 -1392
288 14048 -720
560 12080 -720
1184 11872 -912
