startup(x,y,z):(640,16272,224)
688 17552 5392
144 14032 5168
816 15216 2400
-416 19984 2512
2496 14688 4608
1552 15712 3872
560 17264 1952
-1328 22704 2544
-1232 27680 784
1744 26176 6608
-14960 9312 19584
-7392 -11664 10784
2960 10496 4320
9600 21568 -2672
9440 24224 -3408
4320 17696 464
-192 10688 3152
-1888 4368 240
-2912 6064 -5008
-1776 9712 -9808
-1024 12640 -12448
-1024 11776 -13920
-1392 11776 -15216
-784 3968 -15440
-896 1104 -13920
1392 800 -11872
4768 800 -9376
8240 2544 -7488
11776 4688 -5360
13456 6816 -5360
13808 8192 -3216
13344 8576 -1152
12656 8272 -80
12656 7968 400
9472 7760 432
8000 7184 944
8000 7280 -208
7408 7280 -944
7264 8736 -2096
6464 8736 -2368
6208 7472 -7328
3488 9952 -7328
2464 12272 -10384
3040 13296 -13632
8624 12448 -13728
6656 11616 -14032
8544 13840 -13312
7008 12112 -17184
7008 14192 -16000
9424 11232 -17488
9200 10848 -18592
9200 10848 -688
13712 11968 -688
10144 7536 -2704
11632 20096 3776
12432 18720 688
12496 15056 -3776
13312 13056 -4304
14560 8416 -7360
14560 6496 -8384
16128 3536 -12656
18192 2016 -14368
20064 1536 -12496
20080 1536 -12688
18608 288 -12688
16496 336 -8976
13920 144 -7424
11536 128 -6576
9792 -240 -7936
9536 1024 -7104
9536 1024 -13776
10896 3088 -13776
11952 3104 4352
13232 3104 4352
16000 3248 7584
18848 3008 -9264
19056 1904 -9264
20640 656 -13696
19120 -288 -9040
25888 1504 -7264
29264 3248 -10464
23520 1696 -18544
17216 -144 -18800
13200 -1776 -13744
12912 -2416 -2688
7952 -3552 -6256
10256 -3328 -10736
12304 992 -4080
12304 960 -8208
17536 960 -12176
13520 -2080 -17696
14624 -3472 -17696
15232 -3216 -5568
13840 -3472 -6928
14512 -3344 -6432
12816 -3264 -6592
15440 -2032 -2912
14400 -1600 -2144
14400 -1600 -1840
13392 -1216 -1648
13712 -48 -1648
13824 992 -1232
14048 2048 -1232
14368 2352 -1184
15184 2512 -1968
17520 2864 -3808
17712 2608 -4368
17280 1888 -3888
17072 208 -3056
15856 -1200 -2960
14912 -1728 -2240
15008 -1168 -3584
15504 -1280 -3936
15648 -1440 -3936
15552 -1552 -4064
15456 -1664 -4064
15616 -2064 -3920
15696 -2528 -3904
15568 -3024 -4336
15616 -3440 -4752
15488 -3216 -4672
14992 -2512 -4320
14992 -2480 -5264
14992 -2480 -5072
16528 -96 -4912
17088 816 -4096
16448 1520 -4304
24544 3568 7312
20496 3632 -3136
24544 3568 -3824
19168 3232 -12704
19168 3536 -17808
19216 3536 -7856
14464 3216 -8160
20224 4928 -4032
15552 4832 -6720
17984 5072 -3888
15392 4144 -5600
14720 3104 -5504
18208 2448 -1680
17088 2016 -3760
20320 192 2080
20544 1312 1840
22832 2320 2816
27648 5248 1776
27648 5072 4144
25056 4624 -9392
19680 3744 -9664
13232 3440 -10128
11792 2048 -3280
11728 2016 -2896
10016 3104 -5104
10416 4608 -5024
11568 8288 -5808
10704 8640 -6288
9840 8640 -6288
8992 8304 -4944
8704 7840 -3232
8400 6928 -3200
8656 6848 -3200
9744 7280 -3744
10624 7280 -4592
11504 7088 -4144
11792 6160 -4128
12336 4848 -1824
13696 4480 0
15568 4480 1328
17920 4496 1328
20192 5136 3312
21584 5856 4080
21600 6624 2256
21216 7520 -848
19856 7520 -848
18112 8272 -4752
16976 8752 -4608
15952 10128 -4032
15488 10736 -3664
15488 10736 -3728
14688 11408 -3728
13152 11680 -4816
11312 11392 -5488
10240 9936 -6512
10880 8576 -5456
11680 7792 -4352
11456 8496 -4768
11456 8496 -3568
11856 8720 -3568
11648 8912 -3360
11088 8992 -2800
10144 8928 -2672
9344 8800 -2880
8896 9264 -2608
8560 9776 -1936
8560 9984 -2544
8512 9984 -3152
8720 10128 -2496
10704 10000 -2608
12080 10416 -1984
12080 9888 -3648
14080 10224 -4496
15952 10224 -4064
15504 10752 -4064
12128 11232 -2880
10432 11312 -2912
9408 11568 -3040
9088 11728 -3040
9328 11776 -3008
9936 11728 -3104
10416 11728 -2944
10624 11856 -3088
10624 11824 -2624
10608 12176 -2640
10160 12368 -2800
10160 12816 -2576
9984 12816 -3120
9408 11904 -3248
9360 11456 -3472
8992 11456 -3472
8288 11840 -3760
6864 12512 -3968
6224 12112 -4528
6240 11616 -4992
7184 11696 -5056
7184 11904 -5360
7712 11904 -5360
8000 12128 -4912
8256 11712 -6000
8256 12032 -5504
8464 12768 4816
12160 12768 4816
11792 11568 1328
8720 14112 -7088
10512 17008 5424
11312 16016 -2928
11216 16272 -5216
10592 16816 -5888
10592 16016 -7472
9296 16912 -5952
7088 16416 -5136
7088 16416 -800
7952 15664 -800
10352 15328 3392
9184 15440 816
7552 14752 -2448
6128 14032 -1168
7728 9760 -1952
6336 12576 -6272
3568 13872 -4688
1904 12592 -3120
864 12016 1184
1984 11920 0
1984 13248 -2192
608 13248 -2832
1872 14336 -2832
2208 14784 -3120
2960 15728 -2592
3776 16928 -2672
4592 17984 -2656
4992 17216 -3712
5376 16192 -2544
4880 15264 -2992
4960 14064 -3408
4960 13248 -4352
4896 13344 -4848
5120 13344 -4848
4688 12432 -5472
5040 12208 -5680
5184 13040 -5648
5680 13968 -5296
5600 14448 -5008
5296 14832 -4816
4896 15056 -4528
4320 15088 -4432
4320 15248 -4112
3920 15248 -3744
3168 15120 -3680
3088 14928 -3680
3344 14496 -2896
3664 14224 -3040
4192 13824 -3488
4736 13680 -3776
5344 13616 -4272
5856 13632 -4512
6912 14176 -4656
7264 14800 -5056
7264 16128 -5472
7360 15984 -5824
7216 15504 -6016
7008 15504 -5888
6784 14880 -5904
6480 14608 -5904
6304 14688 -6032
6192 14736 -5936
6064 14416 -5552
5936 14176 -4976
5760 14112 -4624
5568 14304 -4416
5040 14992 -4320
5040 15696 -3888
4336 15696 -3264
3488 15952 -2832
3360 16304 -2832
3200 15728 -2800
3728 15536 -2704
3840 15696 -2864
3968 15696 -2864
3984 15408 -2448
3856 15328 -2880
3936 15376 -2816
3936 15280 -3088
4176 15280 -3152
4352 15280 -3328
4704 15312 -3488
4768 15248 -3200
4928 15136 -3104
5104 15056 -3264
5424 14992 -3312
5392 15008 -3136
5312 14880 -3216
5152 14928 -3152
5088 14864 -3328
5088 14816 -2960
4960 14816 -3040
4688 14384 -3040
4800 14064 -3024
4704 13664 -2864
4528 13216 -2864
5024 14576 -2640
5040 15120 -2512
5264 15008 -2512
5456 15056 -2640
5504 14880 -2768
5632 15072 -2912
5856 15680 -2480
5856 15680 -2416
5648 15632 -2352
5360 14688 -2544
5360 14720 -2560
5360 14720 -2288
5136 14976 -2288
5360 15360 -2112
5600 15344 -2352
5776 15040 -2416
5968 14960 -2528
6176 14896 -2832
6176 14896 -2864
6304 14448 -2864
6256 13568 -3120
6336 13088 -3424
6384 13088 -3424
6240 12864 -3312
6000 12352 -3584
6304 12560 -3056
5360 12880 -3824
5360 13024 -3904
6016 13024 -5264
5584 12848 -5264
5504 12640 -6160
5536 13072 -5056
5200 13664 -3648
6272 14416 -3648
5632 14688 -4016
6688 14800 -5232
6464 15312 -6016
5088 15296 -6912
6016 15872 -4960
6016 16064 -3824
5104 16336 -3328
5184 16336 -3328
5504 16304 -2992
5424 16432 -3008
5456 16432 -3008
5504 16640 -2400
5552 16320 -2688
5280 15648 -2848
5264 15056 -3216
5408 14752 -3312
5008 14752 -2576
4560 14176 -3200
5760 14368 -2480
5280 14464 -2160
5008 14192 -2272
6656 14320 -1392
6656 14432 -1792
6096 14432 -2816
5792 14192 -2768
6592 14256 -1920
6656 14304 -288
6608 13920 -1328
6928 13664 -1408
6928 13392 -2816
6928 13392 -2240
7152 13872 16
7936 13888 -112
7936 13888 -1152
7744 13776 -1152
7856 13856 -960
8016 13680 -576
8000 13728 768
7904 13920 -32
7904 13584 -2464
7488 13584 -2464
7600 13616 -2976
8208 13808 -1888
8560 13408 -2080
8688 13472 -2080
9248 13632 -1568
10208 14016 -96
9872 13776 512
10144 13840 -112
10176 13408 -1376
10560 13408 -2720
10560 13216 -3952
10832 13216 -3952
10992 13504 -4608
11216 13152 -5856
11312 12992 -5088
11504 13408 -5024
11616 13760 -3632
11904 14192 -3216
12016 14688 -3552
12000 14736 -3360
11680 14560 -3312
11472 14400 -2640
11424 14096 -2528
11328 13488 -2464
11408 13488 -2064
11328 13056 -2064
11168 12976 -2304
11168 12848 -2144
11344 12592 -1872
11216 12384 -1664
11216 12288 -1600
10704 12288 -1120
10304 11888 -1120
10288 11712 3872
10880 11824 -2544
10528 11936 -2544
3504 11072 2400
6064 11792 -3296
7168 10352 848
7168 9824 -352
7760 9824 1056
8240 10160 -2512
8112 10944 -2512
8240 10816 -2448
8464 10448 -1984
9376 10432 -80
12048 11904 3984
11600 13456 1264
10816 14272 -1376
10816 14416 -560
10432 14416 -368
9680 14160 -368
9008 13952 -768
8624 14032 -1184
8608 14064 -816
8800 13856 -560
9088 13808 -672
9408 13952 -816
9408 13952 -1600
9792 13952 -1600
10176 13760 -1984
10320 13424 -1936
10192 13120 -2064
9984 12672 -2144
9984 12464 -2336
10176 12544 -2336
10176 12368 -1840
10448 12288 -1600
10544 12032 -1840
10304 12032 96
11184 11840 96
10736 11760 -880
10240 11632 640
9200 12016 -1376
9200 12192 336
9456 12704 2928
11312 12736 1440
11104 13024 1440
10928 12768 576
10560 12960 176
10816 12912 240
10816 12912 -208
10448 12704 -208
10384 12352 -368
10416 12160 -624
10560 12176 -736
10880 12368 -880
11152 12528 -976
11232 12480 -960
11152 12384 -960
10784 12240 -784
10352 12048 -576
10352 12080 -352
10208 12352 -144
9920 12352 -112
9888 12560 -112
9792 12768 48
9952 13104 64
10112 13216 240
9952 12976 272
9776 12752 32
9664 12912 128
9616 13152 144
9664 12944 80
9664 12832 -32
9744 12704 16
10112 12704 128
10288 12736 128
10224 12736 -32
10240 12688 -256
