startup(x,y,z):(592,16192,320)
-928 14528 -336
-960 14992 -1456
1312 16144 2608
704 16896 3472
704 16928 1600
1024 16928 -960
640 16256 -992
896 16160 -448
688 16144 -256
-960 16496 -832
928 16640 720
928 16240 -320
-336 16240 -272
1104 16448 -272
1072 15776 528
896 15840 384
560 17280 992
496 15376 832
784 15616 -160
784 15712 -624
976 15856 -96
880 15856 992
640 16288 992
640 16704 1792
576 16912 1680
720 16176 304
1664 15952 -80
1664 16624 1616
656 16624 3168
176 17360 3168
656 18144 4032
-992 18192 6080
80 18560 7760
-160 20784 8320
592 18304 7936
432 17456 6496
32 16432 4096
-528 22608 3488
-528 27632 6464
8272 24032 8736
-2272 19648 14544
2464 17088 16000
6128 24864 7520
11568 23456 7952
8544 21728 10048
2832 23488 6752
2832 19840 4336
-64 15584 1728
3504 15584 256
9184 11424 -2608
8144 10176 -7120
7392 9472 -7120
6752 6640 -10384
-752 8656 -5872
-7104 6480 -14160
-8416 688 -18992
-4896 -4736 -20976
-2816 -6592 -20288
-2240 -3904 -17392
-2240 -64 -13584
-1696 -160 -13584
-912 2832 -7776
-448 6112 -912
-16 8384 1104
32 11072 2176
-688 13424 2528
-1552 15056 2544
-2400 15744 2800
-2608 15968 3536
-2240 16016 4096
-1680 15744 4608
-1312 15232 4432
-752 14624 3632
-688 14016 2128
-688 13280 736
-768 13280 -848
-784 12640 -848
-288 11936 -1824
96 11312 -2656
512 10800 -3264
992 10320 -3808
992 9920 -4032
1440 9920 -4624
1856 9632 -4624
2224 9360 -5040
2384 9360 -5520
2256 9312 -6352
1648 9088 -6848
1056 9072 -8048
864 9040 -9296
864 9312 -10224
1344 10032 -10880
2032 10032 -10880
2736 11008 -11600
3152 12112 -12016
3520 13424 -12176
4016 15008 -12176
4016 15008 -11872
4336 16688 -10720
4608 20544 -9520
5088 20544 -9456
5760 26096 -9456
6112 30768 -624
5232 30768 -624
5920 7520 10160
3600 -7568 112
4992 12160 -9344
3840 21744 -10720
5152 9760 -4992
5152 6752 2352
3968 10784 4320
2176 15088 880
2176 15088 -800
576 17200 -800
-880 16816 -288
-1648 16128 -144
-3072 14416 7344
-1024 15920 2656
832 14016 3664
832 14016 1952
1488 14304 160
1552 15920 736
2160 15920 -624
2368 16736 -624
2624 15680 -1472
3632 15808 -768
4128 16304 -1168
4832 17296 -2192
4832 15776 -912
5728 15776 -736
5584 15440 -736
5488 16464 -1296
5280 16368 -1264
5616 16288 -1152
5504 16144 -1344
5280 16032 -1472
4912 15984 -1424
4912 16112 -1488
4576 16112 -1680
4400 16016 -1680
4384 15984 -1328
4176 15936 -1280
3904 15808 -1328
3776 15920 -1328
3776 15968 -992
3520 15968 -816
3776 15968 -816
3808 15792 -512
3872 15904 -496
3488 14384 1184
3120 14208 368
3120 15632 1696
3088 15632 1696
2608 15952 416
2848 15744 64
2928 15696 384
2736 17312 416
2048 15680 -80
2208 16272 -128
2208 16368 -368
2224 15728 -64
2400 15728 -64
2432 15456 -320
2640 15088 368
2400 15648 64
2768 16064 432
2768 16368 336
2976 17376 -1008
3456 17376 592
3008 13968 592
2832 14784 784
2944 16304 -320
3328 15712 -608
2976 16160 176
2976 15872 -16
3136 15872 -16
3120 15408 -976
3248 15984 -496
3280 14512 -336
3184 14656 -272
2880 15488 -704
2880 15488 -1248
3200 15248 -1008
3744 15680 -1008
4016 15472 -1456
4160 15616 -1184
4320 15520 -1568
4320 15280 -2016
4496 15536 -1824
4640 15536 -1824
4672 15680 -2032
4784 15504 -2256
5088 15488 -2528
4992 15616 -2352
1072 17088 816
2144 16256 -3488
2720 16000 -4704
4192 17424 -6208
5104 16320 -5024
4960 15872 -6528
5472 16672 -4816
5456 16672 -4528
5488 15072 -4528
5088 15200 -3408
5520 15696 -3136
5472 15360 -2336
5280 15136 -2336
5408 15280 -2336
5264 15120 -2224
5280 15200 -2096
5344 15072 -2016
5104 14640 -2256
5456 15216 -1920
5456 15120 -1968
5536 15120 -1808
5456 15216 -1776
5552 15200 -1760
5648 15232 -1744
5648 15232 -1872
5648 15200 -1872
5552 15184 -1728
5344 15216 -1728
5328 15216 -1760
5376 15168 -1888
5392 15296 -1888
5376 15184 -1984
5328 15168 -2144
5280 15248 -2128
5296 15344 -2144
5296 15344 -2144
5104 15456 -2144
5120 15344 -2304
5136 15408 -2192
5232 15376 -2000
4768 15184 -2128
4768 15184 -2112
4944 15504 -2112
4896 15280 -2128
5008 15408 -2032
4960 15360 -1872
5104 15392 -2032
5104 15392 -2000
5088 15376 -2256
5200 15424 -2208
5104 15280 -2208
5168 15360 -2112
5184 15376 -1872
5136 15360 -2016
5136 15360 -2032
5088 15360 -2064
5264 15296 -1952
5184 15264 -1952
5104 15296 -1680
5088 15392 -1776
5168 15344 -2128
5056 15296 -2048
5072 15344 -2144
5072 15280 -1936
4992 15280 -2048
5024 15344 -2048
5008 15312 -2080
4976 15328 -2288
5040 15360 -2288
5216 15296 -2384
5280 15264 -2208
5168 15200 -2032
5168 15232 -2080
5120 15232 -2192
5184 15280 -2160
4992 15280 -1968
5040 15280 -2272
5104 15328 -2128
5248 15312 -2112
5168 15296 -2160
5168 15344 -2304
5200 15344 -1968
5200 15248 -1968
5248 15264 -2048
5216 15264 -2464
5168 15248 -2208
5328 15248 -2240
5328 15264 -2096
5040 15264 -2176
5024 15248 -2128
5296 15296 -2128
5408 15296 -2128
5296 15296 -2064
5264 15312 -1808
5248 15344 -1936
5248 15264 -2000
5104 15264 -1952
5104 15184 -1952
5232 15232 -2016
5200 15296 -1936
5296 15296 -1952
5168 15216 -1936
5152 15248 -2048
5184 15312 -1984
5136 15328 -2016
5136 15328 -1872
5008 15328 -1920
5184 15248 -1920
5168 15216 -1984
5088 15280 -1744
5168 15344 -1856
5216 15264 -1840
5216 15344 -2336
5280 15344 -2464
5248 15328 -2464
5184 15296 -2240
5184 15344 -2256
5248 15344 -2208
5168 15280 -2128
5168 15264 -2000
5328 15264 -2144
5168 15328 -1840
5232 15296 -1840
4928 15344 -1936
5104 15344 -2160
5152 15280 -2400
5152 15232 -2256
5360 15232 -1984
5088 15312 -1984
5136 15280 -2128
5216 15216 -2112
5056 15264 -1936
4944 15360 -1984
4944 15312 -2048
5104 15248 -2368
5120 15248 -2416
5152 15216 -2416
5152 15264 -2304
5024 15360 -2144
5120 15312 -2064
5120 15248 -2128
5072 15248 -2224
4976 15312 -2080
5008 15312 -2080
5120 15312 -2080
5056 15328 -2000
5072 15232 -2144
4992 15248 -2080
5184 15280 -2128
5184 15280 -1920
5184 15296 -1920
5280 15296 -1952
5184 15264 -2000
5168 15296 -2096
5200 15280 -2048
5200 15280 -2048
5104 15280 -2128
5264 15280 -2128
5200 15360 -1936
5136 15392 -1904
4992 15376 -1920
4944 15328 -1936
4944 15328 -2176
5056 15312 -2128
4976 15296 -2128
5056 15296 -1824
5168 15280 -2000
5040 15328 -2096
4944 15312 -2016
5088 15360 -2048
5088 15312 -2032
5008 15312 -1968
5072 15328 -1968
5200 15248 -1936
5344 15216 -2160
5264 15200 -1984
5264 15296 -1904
5280 15296 -1968
5248 15264 -1968
5280 15296 -2160
5168 15296 -2144
5152 15360 -2128
5168 15312 -2016
5168 15248 -2048
5184 15248 -2048
5072 15344 -1984
5008 15328 -1904
5120 15328 -1904
5152 15312 -1968
5152 15360 -2176
5312 15360 -2080
5168 15392 -2080
5200 15328 -2304
5184 15296 -2192
5232 15312 -2080
5232 15328 -2080
5232 15296 -1936
5264 15296 -1936
5312 15296 -2080
5088 15264 -2048
5120 15296 -2096
5120 15232 -2144
5248 15296 -2224
5296 15296 -2192
5296 15296 -2080
5200 15312 -2080
5360 15296 -1968
5200 15312 -1936
5248 15312 -1984
5312 15280 -2144
5184 15200 -2064
5136 15248 -2032
5024 15280 -2000
5136 15232 -2160
5120 15344 -2016
5024 15312 -1968
5184 15296 -2240
5184 15296 -2304
5248 15296 -2304
5216 15296 -2144
5248 15248 -2176
5248 15280 -2480
5152 15296 -2272
5152 15280 -2096
5200 15280 -1776
5104 15312 -1776
5024 15328 -1792
4864 15440 -2144
4960 15424 -1872
5088 15328 -1872
5088 15328 -1952
5104 15232 -1952
5104 15200 -1856
5104 15216 -2080
5056 15280 -2240
5056 15344 -2080
5184 15296 -2208
5360 15296 -2208
5328 15232 -2096
5184 15200 -1888
5088 15264 -1856
5360 15296 -2320
5088 15312 -2112
5088 15312 -1904
5168 15264 -1904
5168 15296 -2048
5168 15280 -2160
5120 15344 -2192
5120 15360 -2176
5120 15344 -1904
5152 15344 -2096
5024 15376 -2096
5200 15392 -2048
5248 15248 -2096
5200 15280 -2176
5120 15232 -2176
5120 15200 -2128
5168 15200 -2048
5280 15232 -2048
5264 15280 -2096
5216 15296 -2240
5216 15248 -2112
5312 15264 -2352
5200 15312 -2144
5200 15328 -2224
5152 15328 -2224
5248 15296 -2000
5248 15248 -2128
5344 15248 -2112
5184 15296 -2144
5184 15296 -1808
5264 15344 -1808
5184 15424 -2000
5184 15328 -2064
5152 15296 -2016
5248 15248 -1968
5248 15216 -2000
5216 15216 -2112
5136 15264 -2112
5136 15120 -2096
5344 15232 -2176
5280 15280 -1968
5280 15328 -1824
5248 15328 -1824
5200 15280 -1952
5184 15328 -1776
5184 15280 -1712
5136 15248 -1904
5200 15136 -1888
5200 15168 -1952
5200 15168 -1840
5216 15200 -1840
5360 15200 -2016
5312 15264 -2368
5344 15248 -2352
5344 15280 -2224
5296 15296 -2256
5296 15296 -2080
5120 15248 -2192
5168 15248 -2192
5184 15200 -2128
5088 15296 -2352
5136 15344 -2384
5184 15264 -2160
5184 15248 -2256
5248 15248 -2240
5152 15184 -2240
5136 15184 -2240
5184 15280 -2160
5296 15296 -2240
5280 15296 -2208
5168 15232 -2192
5088 15232 -1984
5088 15264 -2080
5184 15168 -2128
5184 15232 -2128
5184 15232 -2064
5248 15264 -2064
