startup(x,y,z):(576,16144,160)
736 16592 1584
928 17024 1824
512 17024 1824
528 17424 2528
608 18400 2080
672 21600 2048
-288 23632 2416
16 22512 2896
-224 20224 4000
32 19248 3056
32 19248 3168
-384 16240 3168
-544 2832 544
432 15776 160
464 13984 -1792
48 16880 -1136
48 21872 -1840
-112 21872 304
-784 21616 1680
-1296 19936 1680
-1504 17776 2304
-1328 15808 2288
-1088 14640 1824
-640 14208 784
-112 14416 -144
-112 14848 -624
432 14848 -624
1072 15248 -1136
1520 15280 -1600
1824 14976 -1760
1968 14528 -1840
1888 13984 -1808
1552 13504 -1584
1552 13120 -1136
1392 13120 -1136
944 13104 -768
512 13056 -480
240 13264 -432
-16 13840 80
-176 14496 336
-176 15120 336
-176 15440 384
-208 15680 432
-400 15680 464
-656 15776 464
-864 15712 384
-1008 15664 128
-1184 15664 160
-1120 15568 272
-976 15504 464
-784 15504 480
-784 15504 624
-608 15552 624
-592 15648 432
-512 15968 544
-496 16176 672
-320 16240 736
-320 16144 624
-160 16144 624
-160 16016 576
-176 15936 672
48 15872 688
160 15904 640
272 15984 464
496 16016 368
496 16016 320
576 16144 48
496 16064 -144
464 16016 -144
272 16112 -208
-80 16080 -352
-320 16160 -512
-320 16192 -928
-528 16160 -1312
-592 16160 -1072
-512 15904 -1072
-400 15536 -976
-336 15536 -1280
-208 15776 64
160 15776 -224
160 15648 -400
496 15648 -400
544 15584 -800
704 15440 -848
848 15376 -1232
896 15504 -1216
944 15648 -1024
1120 15728 -1184
1120 15856 -1184
896 15856 -1184
640 17088 1536
832 13088 -1072
768 13088 -1072
816 19328 7392
1536 14752 928
1792 13056 -1328
1840 13392 -544
2000 13488 -1776
1664 14464 -896
1664 15136 -1120
1584 15136 -1376
1280 15520 -1280
1008 15712 -1280
832 15872 -688
560 15696 -816
512 15792 -128
592 15696 544
608 15808 1104
608 15808 336
576 16048 576
336 16048 576
832 17888 5088
1088 18672 128
1136 19552 -3040
560 19520 -160
560 19344 1472
384 18560 1280
480 17744 816
1264 17744 1664
1296 17392 1664
1520 16704 1072
1632 16080 752
1536 15968 736
1520 16144 832
1568 16320 512
1568 16688 32
1600 16688 80
1616 16784 80
1120 17008 128
560 17024 224
384 17008 -224
272 17120 -128
400 16816 -96
640 16864 -208
640 16720 176
576 16720 208
368 16544 208
336 16560 448
288 16688 464
592 16624 368
752 16400 288
832 16288 480
800 16096 448
784 16144 432
784 16128 512
880 16128 528
784 16160 528
800 16160 656
864 16160 688
928 16176 720
928 16240 752
928 16256 480
912 16256 368
896 16256 576
928 16112 576
912 16192 784
976 16176 672
1024 16240 576
1024 16240 480
1008 16240 448
944 16240 448
848 16368 -16
736 16304 128
736 16384 -128
496 16432 -144
512 16416 0
512 16256 240
720 16256 448
752 16400 448
768 16320 544
896 16336 400
816 16160 320
608 16128 560
608 16128 640
688 16160 640
832 16112 672
1024 16192 752
896 16128 736
736 16144 304
736 16080 368
608 16080 368
544 15888 544
688 15824 864
928 15744 320
992 15808 336
992 15856 0
1136 15856 -96
1376 16064 -96
1488 15984 -240
1840 15856 -144
1744 15824 512
1888 15968 544
1632 15904 832
1664 15936 1296
1776 15936 1616
1632 15984 1616
1712 16304 1024
1504 16416 128
1296 16208 784
1152 16096 1280
1152 16096 1264
1072 16080 1264
1136 15712 1328
1264 15904 1664
1600 15696 608
1520 15808 368
1376 15856 912
1376 15936 1488
1504 15936 1488
1936 16000 688
2192 16160 160
2240 16240 -64
2464 16272 -112
2560 16272 -688
2560 16176 -944
2544 16176 736
2640 16000 736
2720 16048 528
2656 16288 208
2816 16352 -224
2912 16272 288
2992 16144 512
2992 16144 32
3248 16016 624
2688 16320 624
2544 16480 1040
2592 16416 848
2640 16336 400
2720 16208 480
2720 16160 464
2544 16160 448
2432 16272 448
2400 16368 608
2288 16320 688
2400 16064 864
2560 16048 448
2560 15968 400
2560 15872 768
2688 15872 736
2864 15696 736
2704 15760 736
2832 15920 736
3024 15936 720
3232 15824 640
3232 15776 784
2992 15776 880
2752 16240 800
2816 16320 800
2960 16128 432
3136 16016 432
3248 15728 624
3424 15344 208
3616 14992 480
3712 15104 624
3712 15024 944
3520 14944 -112
3472 14944 -112
3104 13744 1920
3600 14832 -960
3136 14256 -688
3376 13216 -1552
4144 15456 -5792
4144 14672 -6032
4128 14672 -6032
3904 13440 -2800
3440 12768 -4048
3216 12240 -6112
4240 13184 6144
4240 13184 6896
2688 9808 6896
2032 8160 3328
1824 8640 -3328
1872 10240 -9104
2144 21440 -6288
2304 13648 -5392
5136 17696 5056
6016 10960 1392
6016 20176 4144
4032 20160 -1888
3840 14528 -1888
4912 17040 -1184
6496 18048 -544
6032 14448 -1904
6096 17440 240
5632 15360 -1008
5136 15584 -1456
5136 15584 -3936
5296 13008 -3936
5712 16096 -2832
5136 15280 -4224
4992 14384 -5024
4672 16976 -4144
4672 15744 -2928
5072 15744 -3552
4304 15616 -3552
3744 16080 -2928
3408 15328 -2096
3968 16112 -1680
3872 15568 -2048
3872 15760 -1840
3888 15760 -1840
3984 15808 -1216
4000 15536 -1040
3920 15632 -944
3952 15472 -768
3952 15392 -848
4208 15424 -784
4208 15424 -896
4304 15680 -1056
4512 15680 -1056
4480 15792 -1360
4416 15584 -1248
4576 15632 -1232
4800 15632 -1168
4608 15552 -1040
4608 15536 -928
4624 15536 -448
4624 15488 -496
4768 15472 -496
4688 15424 -640
4800 15360 -976
4768 15456 -720
4768 15520 -768
4640 15424 -768
4528 15424 -768
4480 15520 -544
4544 15568 -912
4656 15472 -1136
4544 15600 -1280
4576 15616 -1152
4544 15520 -1248
4496 15584 -1456
4496 15440 -1200
4560 15440 -1280
4640 15440 -1280
4704 15472 -1360
4656 15552 -1168
4640 15440 -1248
4720 15344 -1360
4864 15520 -1424
4864 15648 -1392
4736 15648 -1472
4704 15664 -1472
4816 15568 -1920
4960 15536 -1632
4992 15536 -1744
4992 15504 -1664
4896 15440 -1648
4896 15440 -1664
5136 15408 -1664
4864 15312 -1472
4496 15456 -1392
5024 15424 -1296
4704 15408 -1056
4960 15456 -1008
4960 15456 -1024
4960 15440 -1024
5248 15392 -1488
5248 15520 -1504
4912 15408 -1552
5216 15504 -1408
5216 15344 -1552
5088 15344 -1552
5248 15472 -1360
4992 14960 -1728
5504 15520 -1600
5280 15264 -1712
5456 15312 -1728
5456 15312 -1600
5184 15312 -1600
5168 15552 -1728
5344 15408 -1888
5376 15344 -1872
5552 15440 -1792
5504 15408 -1680
5504 15440 -1600
5488 15456 -1664
5456 15456 -1568
5568 15328 -1568
5408 15184 -1600
5424 15248 -1824
5344 15360 -1696
5344 15360 -1264
5168 15376 -1632
5264 15376 -1632
5200 15360 -1328
5184 15344 -1312
5360 15344 -1328
5280 15392 -1408
5408 15344 -1488
5408 15392 -1360
5184 15392 -1344
5360 15296 -1344
5264 15376 -1472
5232 15408 -1600
5328 15344 -1792
5280 15376 -1872
5280 15376 -1776
5264 15392 -1776
5200 15360 -1568
5120 15344 -1488
5328 15408 -1488
5408 15312 -1520
5408 15312 -1296
5280 15264 -1296
5216 15280 -1376
5152 15360 -1456
5248 15392 -1520
5248 15280 -1584
5248 15312 -1504
5296 15312 -1568
5376 15312 -1568
5328 15360 -1648
5344 15296 -1552
5376 15344 -1280
5120 15360 -1360
5312 15360 -1376
5280 15264 -1376
5232 15264 -1584
5184 15248 -1472
5264 15296 -1648
5264 15376 -1648
5264 15392 -1280
5328 15392 -1344
5328 15360 -1360
5328 15296 -1360
5216 15296 -1456
4992 15296 -1376
5216 15264 -1648
5216 15312 -1600
5264 15312 -1648
5296 15360 -1648
5360 15328 -1456
5248 15360 -1600
5376 15376 -1712
5376 15360 -1744
5376 15376 -1760
5232 15376 -1456
5280 15280 -1456
5280 15264 -1632
5376 15248 -1712
5456 15248 -1584
5456 15248 -1520
5168 15296 -1504
5120 15296 -1280
5168 15328 -1456
5296 15360 -1808
5136 15344 -1296
5136 15328 -1440
5136 15328 -1440
5216 15312 -1664
5248 15264 -1888
5056 15248 -1776
5056 15232 -1568
5200 15264 -1760
5248 15264 -1760
5264 15344 -1536
5376 15280 -1568
5264 15344 -1376
5184 15344 -1600
5184 15280 -1408
5232 15280 -1264
5136 15296 -1264
5168 15264 -1392
5248 15296 -1216
5312 15376 -1504
5312 15328 -1472
5232 15328 -1440
5296 15232 -1440
5296 15280 -1536
5376 15296 -1552
5376 15296 -1616
5296 15392 -1584
5296 15392 -1456
5456 15392 -1456
5280 15424 -1440
5344 15344 -1600
5232 15344 -1632
5232 15360 -1792
5280 15392 -1776
5280 15312 -1520
5264 15312 -1504
5392 15264 -1472
5376 15392 -1472
5280 15296 -1408
5280 15312 -1520
5312 15296 -1584
5312 15264 -1328
5232 15264 -1328
5440 15328 -1536
5216 15376 -1408
5280 15312 -1232
5216 15328 -1664
5136 15296 -1680
5136 15296 -1632
5232 15296 -1488
5232 15328 -1488
5408 15328 -1536
5216 15280 -1504
5184 15376 -1488
5184 15312 -1472
5152 15312 -1472
5168 15360 -1472
5312 15312 -1456
5456 15280 -1536
5296 15344 -1632
5440 15408 -1712
5248 15328 -1648
5248 15328 -1808
5328 15344 -1808
5216 15328 -1712
5120 15312 -1456
