startup(x,y,z):(528,16144,208)
-1216 21408 3472
-4064 29840 14112
-17648 27472 2624
-12240 22880 12224
-8016 9968 3008
0 9040 -1600
7456 13536 -5072
13376 13008 -8112
16160 9600 -7248
18560 7968 -8048
20480 9248 -7968
20720 9248 -6848
19568 9824 -6848
17200 10096 -5280
13968 10592 -3840
10800 11440 -2464
7888 12432 -2000
4928 13232 -1664
1984 13760 -1360
1984 14160 -1216
-704 14416 -1184
-2848 14416 -1184
-4528 14432 -1216
-5552 14320 -1472
-5936 14640 -912
-5584 15584 496
-4848 16752 2112
-3856 17712 3792
-2512 18416 3792
-1680 18944 3664
64 18752 3760
1344 17392 2560
1936 16272 2080
13760 15664 15872
13760 15456 6992
7856 15456 6992
6272 14224 496
6416 11856 -2032
9328 11328 2096
10240 12944 1952
8176 15408 -2528
8176 15232 -2384
8608 15232 -2432
8448 14928 -2432
9008 14928 -1824
8944 15344 -1424
8384 15456 -576
7264 15664 -512
7264 15584 -736
6720 15616 -800
5824 15616 -1424
4768 15408 -1424
4416 14784 -2208
4256 13344 -2288
3824 13344 -1024
3648 12736 -1024
3504 12624 624
3680 13200 2752
4384 14928 2816
7024 17520 1904
9424 18848 416
7968 18320 -1856
7968 15408 -2688
8656 15408 -2688
6720 15040 -1472
5424 14992 -864
3712 15776 -2480
4224 15856 -3744
5296 16064 -3024
6048 16576 -2288
6048 16880 -3280
6368 16880 -3200
6128 16848 -3200
6752 16224 -2176
6832 15936 -2688
7312 15920 -2816
7248 15680 -2720
7040 15568 -2352
6464 15696 -2096
6096 15360 -1824
5904 15184 -1424
5840 15152 -1408
5824 15232 -1408
5648 15152 -1360
5568 15088 -1456
5504 15152 -1552
5696 15088 -1536
5936 15120 -1824
5936 15088 -1920
6048 15088 -1776
5936 14640 -1776
5808 14480 -2016
5712 14784 -1760
5840 15072 -1872
5984 15296 -1984
6192 15472 -1984
6320 15296 -1888
6448 15264 -2032
6240 15216 -2016
6192 15280 -2192
6192 15248 -1840
6256 15248 -1840
6336 15088 -1728
6368 15040 -1872
6080 15088 -1632
5888 15120 -1344
5808 15104 -1360
5952 15056 -1968
5952 15008 -1904
5920 15136 -1616
5808 15136 -1440
5840 15312 -1440
5728 15120 -1616
5408 15024 -1376
5536 15120 -1488
5824 15168 -1552
6032 15024 -1856
6384 14992 -2000
6384 15232 -2448
6864 15232 -2400
6896 15008 -1920
6336 15008 -1920
5600 15264 -1632
5808 15088 -1664
5488 15216 -1984
4528 15456 -2016
4560 15040 -1552
5504 15056 -960
5376 15264 -2096
5408 15088 -2144
6048 14752 -2080
5952 14896 -2784
6592 14624 -2240
6592 14800 -2352
6496 14800 -2096
6576 14864 -2272
7312 14624 -2128
7408 14608 -2688
7664 14512 -2592
7504 14640 -2496
7680 14384 -2288
7760 14576 -2752
7584 14512 -2576
7584 14704 -2368
7168 14656 -1952
6640 14656 -1760
6528 14656 -1760
6480 14704 -1760
6384 14688 -1840
6384 14736 -2128
6368 14848 -2112
6496 14784 -2000
6560 14752 -2144
6496 14784 -1824
6624 14768 -2304
6608 14768 -2208
6496 14640 -2192
6560 14688 -2224
6608 14704 -2112
6576 14672 -2096
6592 14672 -2048
6640 14672 -2112
6640 14768 -2112
6560 14768 -1920
6448 14784 -1920
6544 14688 -2080
6480 14624 -2032
6688 14592 -1984
6672 14720 -2128
6672 14752 -1952
6592 14880 -2048
6672 14880 -2048
6672 14896 -1888
6480 14896 -2048
6528 14896 -2112
6704 14800 -2048
6720 14768 -1952
6720 14864 -2016
6720 14864 -2016
6688 14784 -2144
6640 14768 -2176
6624 14784 -2160
6672 14768 -2080
6672 14656 -2096
6608 14656 -2032
6544 14752 -2032
6576 14816 -2176
6656 14736 -2064
6544 14832 -2064
6608 14688 -2032
6608 14688 -2144
6752 14528 -2144
6464 14464 -2080
6528 14464 -1840
6592 14352 -1936
6656 14624 -2128
6656 14784 -2256
6720 14848 -2160
6688 14848 -1904
6592 14864 -2032
6352 14688 -2160
6272 14672 -2528
7184 14800 -2208
6960 15184 -2432
6960 15008 -2064
6832 15008 -2256
6864 14816 -2256
6880 14768 -1952
6688 14624 -1888
6640 14624 -1904
6448 14800 -1888
6368 14864 -1712
6368 14800 -1712
6512 14800 -1920
6464 14848 -1920
6496 14816 -2112
6432 14768 -1952
6512 14784 -1984
6576 14704 -2080
6624 14784 -2080
6576 14768 -2112
6656 14688 -2224
6576 14592 -2256
6560 14544 -1968
6720 14736 -1648
6848 14768 -1904
6736 14960 -1808
6848 14880 -2080
6640 14864 -2080
6512 14832 -1984
6544 14784 -2000
6544 14816 -2000
6544 14816 -1888
6336 14800 -1888
6560 14752 -1952
6560 14784 -1696
6672 14768 -2112
6752 14832 -2048
6688 14752 -2144
6688 14736 -2144
6784 14768 -2208
6864 14768 -2208
7040 14640 -2080
6992 14640 -1952
6896 14752 -2000
6816 14752 -2160
6752 14768 -1952
6752 14816 -1952
6624 14816 -1952
6640 14768 -1744
6656 14704 -1792
6640 14784 -1680
6720 14800 -1792
6608 14816 -1872
6608 14720 -1904
6544 14720 -1904
6720 14656 -1824
6640 14720 -1888
6704 14704 -1936
6496 14784 -1968
6512 14768 -2000
6512 14768 -1904
6336 14896 -2016
6384 14848 -2016
6432 14720 -1904
6384 14704 -1776
6416 14784 -1872
6352 14880 -2032
6352 14880 -1840
6304 14800 -1840
6576 14752 -1920
6848 14688 -2048
7168 14720 -2176
7152 14640 -2304
7088 14720 -2448
7120 14704 -2272
6912 14688 -2160
6912 14688 -2096
6816 14704 -2032
6752 14752 -2032
6624 14704 -2016
6768 14800 -2208
6784 14672 -2288
6784 14672 -2064
6528 14688 -2064
6496 14640 -2016
6720 14704 -2240
6784 14704 -2112
6720 14672 -2192
6688 14688 -2288
6560 14800 -2064
6560 14832 -2000
6608 14832 -1776
6720 14688 -1776
6640 14576 -1904
6752 14656 -2096
6864 14560 -2112
6864 14592 -2224
6832 14608 -2080
6832 14624 -1920
6800 14624 -2032
6784 14624 -2032
6736 14720 -2016
6528 14656 -1904
6576 14688 -1840
6640 14688 -1584
6656 14736 -1744
6576 14704 -1936
6624 14768 -2000
6752 14720 -1968
6656 14768 -1968
6752 14736 -1872
6832 14720 -2048
6784 14784 -1872
6816 14800 -2080
6816 14768 -2176
6688 14640 -2080
6816 14640 -2064
6720 14736 -2128
6832 14704 -2128
6752 14624 -1920
6800 14576 -1872
6752 14656 -1920
6704 14656 -2144
6832 14688 -2336
6832 14672 -2128
6832 14672 -2064
6736 14720 -2064
6704 14688 -2048
6704 14656 -1952
6640 14752 -2096
6832 14608 -1952
6912 14624 -2336
6944 14656 -2176
6864 14688 -2144
6864 14688 -2256
6672 14608 -2192
6752 14656 -2128
6768 14704 -2096
6768 14704 -1968
6688 14736 -1728
6688 14704 -2032
6752 14720 -2160
6720 14720 -1920
6944 14656 -1920
6768 14688 -1984
6784 14656 -1760
6608 14704 -2064
6704 14736 -1888
6816 14752 -1872
6624 14704 -1760
6656 14624 -1840
6784 14624 -1920
6800 14656 -2064
6512 14640 -1904
6480 14640 -1952
6480 14640 -2064
6848 14752 -1888
6656 14752 -2016
6704 14800 -2016
6672 14832 -2144
6672 14720 -2016
6640 14720 -1984
6800 14720 -1984
6784 14736 -2032
6864 14672 -2096
6864 14736 -2016
6832 14736 -2288
6768 14864 -2288
6720 14848 -2208
6576 14720 -1952
6560 14752 -1984
6688 14768 -2032
6800 14784 -1920
6800 14848 -1936
6768 14848 -2240
6752 14752 -2240
6768 14640 -2160
6608 14656 -1888
6640 14624 -2096
6768 14752 -2128
6944 14768 -2112
6784 14736 -2064
6768 14720 -2080
6800 14640 -1920
6720 14640 -1872
6800 14768 -2000
6800 14800 -2192
6768 14784 -2144
6768 14752 -2240
6736 14752 -2240
6864 14768 -1936
6736 14720 -1984
6672 14656 -2160
6768 14736 -2160
6720 14800 -2016
6624 14704 -2080
6624 14704 -1744
6688 14752 -1936
6672 14688 -1968
6544 14752 -2096
6784 14672 -2096
6784 14576 -1984
6800 14576 -1984
6704 14608 -1648
6736 14592 -1840
6640 14640 -1840
6640 14720 -1840
6496 14784 -1744
6624 14768 -1872
6640 14720 -1776
6624 14656 -1904
6608 14672 -1968
6608 14672 -2224
6656 14720 -2224
6688 14784 -2096
6608 14736 -1968
6592 14720 -1872
6640 14672 -1696
6688 14592 -1760
6688 14752 -1968
6656 14704 -1984
6672 14704 -2032
6688 14672 -2080
6912 14624 -2080
6784 14672 -2080
6720 14720 -2256
6768 14752 -2112
6672 14784 -2096
6592 14688 -1920
6688 14736 -1936
6496 14672 -1968
6624 14704 -1872
6816 14640 -1776
6816 14736 -1872
6864 14816 -1968
6672 14752 -1792
6640 14704 -1792
6608 14672 -1936
6736 14656 -2128
6688 14640 -1952
6624 14848 -2016
6640 14864 -2288
6768 14816 -2160
6832 14784 -2272
6736 14768 -2000
6752 14768 -1904
6752 14768 -1872
6480 14720 -1872
6544 14784 -2128
6704 14784 -1856
6608 14768 -2016
6624 14864 -2000
6656 14832 -2048
6656 14832 -1984
6624 14800 -1936
6704 14736 -1936
6736 14688 -2208
6704 14768 -2176
6672 14752 -2320
6704 14736 -1984
6896 14720 -2016
6896 14864 -1952
6896 14848 -2112
6960 14864 -1904
6640 14720 -1840
6448 14720 -1856
6736 14704 -2224
6672 14704 -2224
6608 14768 -2000
6576 14800 -1584
6816 14784 -1936
6816 14688 -2048
6736 14688 -2112
6928 14720 -2112
6752 14640 -2032
6752 14688 -2016
6816 14784 -2048
6608 14752 -1600
6624 14688 -1968
6608 14688 -2192
6688 14752 -2192
6688 14688 -1904
6784 14736 -2224
6768 14752 -2128
6784 14752 -2064
6576 14768 -1984
6576 14752 -1920
6624 14752 -1872
6528 14752 -1872
6432 14768 -1824
6512 14784 -1840
6592 14720 -1920
6784 14704 -1936
6720 14672 -1952
6752 14720 -2160
6656 14752 -2144
6768 14656 -2160
6736 14656 -2016
6784 14672 -2032
6688 14784 -1968
6512 14736 -1968
6480 14688 -1824
6688 14688 -1904
6704 14672 -1952
6736 14672 -1888
6800 14736 -2016
6800 14816 -1952
6736 14704 -1888
6720 14704 -1888
6720 14720 -1840
6672 14640 -1936
