startup(x,y,z):(144,16128,432)
32 16528 1600
-816 15664 2464
-368 15632 1584
-368 16032 1296
176 16032 1008
896 16384 1008
832 16512 1344
960 16288 1712
1184 16544 1824
656 16864 1824
544 15728 3024
192 15936 3440
-1168 16192 2368
-1168 17760 -432
1344 17760 -432
1472 17536 -1168
-224 16944 48
-288 16608 2192
-272 16944 1264
80 16976 1152
80 16672 1408
448 16864 1456
672 16848 1360
496 16848 1360
320 16784 1248
256 16640 752
256 16688 560
0 16704 496
0 16784 784
208 17056 1040
144 17056 1040
352 16896 1408
288 17216 1664
0 17360 1504
32 17264 1664
-448 17200 2016
-496 17216 1968
-496 17440 1392
-432 17440 1392
-640 17344 2288
-320 17520 1744
-144 17376 2112
224 16864 2672
224 -7888 1680
1056 7984 1568
2208 8160 -1840
432 4944 -1440
1088 12256 -864
1360 15056 -1152
1104 15968 -1600
752 16224 -1840
752 16224 -1312
304 16416 -576
160 16416 64
-272 16368 64
-336 16176 544
-576 16000 704
-1536 15808 608
-2160 15216 528
-2576 14448 704
-2704 14000 704
-2704 13712 832
-2720 13712 832
-2112 14016 1168
-1456 14016 1072
-800 14304 1072
-448 14624 1424
-80 14896 1328
368 15216 1760
784 15584 1632
768 15792 1744
512 16048 1808
640 16048 2160
560 16336 2160
480 16592 1888
304 16848 1440
-416 16976 1264
-864 16992 864
-1200 16960 784
-1200 16960 496
-1392 16960 608
-1552 16896 608
-1488 16864 688
-1328 16672 1168
-1264 16592 1040
-976 16416 1024
-880 16400 1056
-752 16288 1088
-528 16256 928
-528 16320 1200
-432 16320 1200
-432 16384 1440
-368 16432 1088
-528 16368 1072
-640 16352 1040
-672 16400 896
-608 16384 672
-720 16320 720
-560 16336 688
-560 16224 816
-464 16224 816
-320 16128 928
-64 16016 832
-400 16016 1072
-400 15952 1248
-400 15824 1216
-272 15824 1312
-304 15856 1312
-208 15936 1040
64 16016 1040
-16 16032 752
-48 15856 752
16 16016 736
16 16160 688
128 16160 768
80 16304 784
0 16368 560
-160 16368 560
-192 16352 544
-128 16384 336
-272 16304 416
-96 16224 320
-320 16096 208
-320 15952 496
-448 15952 496
-448 15792 704
-352 15744 896
-416 15824 912
-368 15872 880
-368 16000 896
-288 16000 1024
-304 16192 816
-304 16192 864
-144 16304 864
-96 16320 592
32 16368 464
-48 16384 528
-48 16384 432
-64 16288 432
-240 16272 704
-352 16176 704
-384 16160 864
-416 16112 768
-464 16096 688
-384 16096 768
-496 16112 864
-496 16176 944
-480 16176 720
-448 16144 720
-368 16064 768
-352 16032 592
-416 15968 624
-352 15888 704
-352 15904 768
-384 15904 656
-256 15904 624
-192 16032 624
-336 16064 480
-224 16032 544
-224 16064 608
-224 16064 848
-256 16320 688
-240 16112 640
-192 16112 640
-224 16176 688
-272 16128 832
-320 16064 784
-416 16096 736
-320 16144 416
-384 16144 496
-384 16096 608
-432 16096 608
-336 16000 496
-400 15984 544
-320 16048 704
-176 16032 848
-176 15984 704
-192 15984 688
-160 16064 880
-176 16064 528
-128 16032 528
-96 16096 640
-224 16064 480
-352 16032 608
-352 16096 176
-176 16096 176
-208 16128 64
-96 16144 272
-144 16096 576
-160 16192 624
-80 16304 688
-96 16256 672
-96 16320 1008
-160 16256 672
-192 16256 672
-48 16144 656
-112 16208 528
0 16256 448
48 16128 656
48 16064 528
160 15984 688
128 15872 688
64 15808 752
-80 15728 912
-240 15792 736
-240 15792 896
-224 15792 816
-112 15824 880
-288 15712 800
-336 15840 800
-192 16080 752
-304 16240 720
-80 16336 800
-80 16464 608
0 16544 528
0 16544 528
48 16560 528
-32 16512 496
16 16528 720
32 16432 752
112 16368 864
112 16368 896
208 16256 896
192 16192 800
64 16128 944
128 16064 768
128 16016 944
64 16016 1008
64 16064 960
0 16064 960
160 16224 976
112 16256 992
176 16192 928
272 16256 896
272 16336 768
176 16384 608
160 16304 544
160 16256 672
-16 16256 672
48 16208 688
96 16256 688
256 16176 768
304 16208 752
304 16144 800
240 16144 592
208 16128 592
80 15936 352
224 16128 720
256 16208 1024
160 16096 1040
-64 16032 784
-64 16032 912
32 15952 912
48 15984 960
80 16016 864
112 16128 848
64 16160 896
32 16080 960
32 16160 816
80 16208 704
80 16304 640
208 16304 640
224 16304 576
160 16288 336
0 16272 480
0 16208 528
-224 16208 288
-96 16160 288
-208 16240 544
-224 16208 672
-160 16112 832
-128 16128 816
80 16048 752
80 16000 736
96 16000 640
64 15968 640
0 15968 688
-64 15968 640
16 15952 800
96 15984 784
-16 16048 1024
-16 16128 896
80 16112 752
80 16160 496
-32 16160 544
-96 16304 544
-176 16432 544
-160 16448 624
-112 16416 528
-112 16352 816
-16 16352 560
-80 16256 512
16 16192 720
112 16144 608
-16 16080 784
-32 16000 752
-32 15968 720
-80 15968 848
64 15920 848
-48 15936 896
48 16048 752
-32 16000 736
-96 16032 1024
-48 16096 800
-48 16080 704
0 16080 928
-96 16080 1200
-160 16016 1200
-176 16096 992
-64 16208 752
-80 16272 880
-80 16288 704
48 16288 576
-112 16400 576
16 16384 704
0 16224 704
0 16144 688
128 16128 848
128 16064 512
96 16064 528
-16 16032 528
-96 15984 576
64 15984 480
16 16000 624
-128 16000 688
-128 16000 720
64 16000 576
0 16032 608
32 16032 656
0 16080 656
-96 16096 528
-160 16208 480
-160 16128 368
-96 16128 656
-128 16064 656
-256 16064 656
-224 16192 864
-112 16304 832
-48 16240 768
48 16144 656
48 16144 720
16 16144 592
-64 16160 592
-128 16144 592
-128 16080 336
-80 16048 608
-160 16048 640
-160 16032 576
80 16032 704
128 15984 704
-176 15984 800
-208 16112 736
-256 16112 704
-208 16208 880
-112 16208 704
-112 16144 816
-96 16144 816
-112 16224 784
-112 16256 736
-96 16160 688
16 16144 784
16 16144 816
32 16224 864
32 16224 832
-32 16272 832
32 16208 704
64 16128 976
-32 16080 800
-32 16128 848
-64 16128 848
16 16112 832
-96 16112 832
-208 16160 1040
-32 16096 720
16 16096 688
-80 16064 624
-64 16112 256
-64 16112 448
-128 16112 448
-64 16112 416
-48 16208 464
-64 16144 480
-64 16096 512
-64 16112 576
-176 16112 576
-48 16032 624
-64 16064 592
16 16128 560
-64 16192 416
-32 16144 464
-32 16144 656
0 16144 656
32 16208 608
80 16256 560
144 16128 704
112 16176 672
128 16208 592
128 16224 720
272 16112 800
272 16112 192
288 16064 192
208 16144 656
32 16128 672
128 16128 592
128 16176 560
144 16176 416
32 16272 416
-16 16256 496
-128 16208 416
-112 16192 448
-128 16144 352
-240 16064 464
-240 16096 416
-160 16096 416
-32 16000 496
16 16112 368
160 16160 208
64 16144 352
64 16128 416
176 16128 320
144 16128 384
176 16128 400
160 16176 400
112 16176 544
128 16208 192
32 16160 304
32 16080 464
-64 16080 304
48 16128 304
-80 16096 368
-128 16144 624
-16 16208 560
-16 16176 464
-32 16080 528
112 16080 528
112 15968 640
32 15984 544
-96 16048 320
0 16112 480
0 16128 448
64 16208 384
64 16208 320
192 16192 320
64 16272 368
32 16256 624
32 16304 480
144 16240 592
112 16208 576
112 16208 672
0 16080 672
32 16128 496
160 16096 336
272 16048 416
176 16048 432
176 16048 688
112 16096 688
144 16048 496
64 16080 496
32 16160 272
16 16144 528
48 16256 512
48 16192 592
208 16192 592
128 16240 576
16 16240 688
112 16256 288
96 16192 512
-64 16112 640
80 16176 608
80 16192 624
64 16192 528
48 16176 528
-96 16192 432
-112 16256 656
-32 16192 448
0 16208 496
0 16208 592
128 16112 592
208 16224 464
224 16224 400
240 16208 496
288 16288 240
240 16224 608
240 16160 656
304 16160 656
240 16032 512
160 16112 592
176 16096 400
-16 16016 592
-16 16000 624
-16 16032 544
16 15968 384
64 16080 416
96 16080 416
112 16016 400
64 16080 736
48 16112 320
128 16112 352
128 16112 176
192 16144 176
112 16080 224
160 16128 416
144 16128 464
128 16144 576
112 16192 512
112 16160 448
192 16160 288
48 16080 288
160 16096 368
96 16016 512
128 16112 384
176 16064 144
