startup(x,y,z):(432,16192,224)
480 16032 2880
-16 17088 -2480
-16 15472 832
2416 16192 976
80 16192 1616
544 16592 1632
512 16592 2192
96 17504 2192
-720 19936 3168
928 18320 1664
-1696 17360 -1536
1232 16432 -1536
208 16400 -2016
96 16384 -1344
400 16240 224
464 16416 1216
464 16448 1232
560 16192 880
464 16432 1072
688 16944 1920
752 16976 1920
-16 16816 1584
480 16112 2400
384 17664 2400
1280 26976 1632
736 27232 8896
-240 25952 5472
1072 23600 576
160 21600 -64
-880 19440 928
-1680 17120 1872
-2000 15232 2208
-1552 14192 1744
-992 13216 112
-544 12576 -1536
-544 12016 -2320
-192 12016 -2320
-112 11680 -2736
32 11344 -2784
0 11872 -2144
-192 12720 -1760
-336 13520 -1664
-496 14832 -1584
-384 16192 -1504
-464 17120 -1280
-800 17520 -864
-1120 17280 -592
-1120 16896 -688
-1088 16896 -224
-848 16560 -224
-656 16416 -208
-352 16464 0
-176 16576 608
112 16960 544
208 17312 352
208 17552 224
208 17728 -48
208 17728 -288
160 17808 -288
512 17680 -256
592 17280 -144
768 16912 -192
816 16672 -240
864 16576 -496
608 16464 -704
608 16224 -832
352 16016 -976
224 15776 -720
256 15680 -576
128 15824 -496
128 15824 -128
80 15888 -128
-48 16128 -352
-272 16272 -528
-384 16208 -576
-352 16112 -352
-400 16112 -128
-400 16064 96
-496 16080 112
-544 16080 -16
-480 16080 -16
-384 16192 32
-320 16288 176
-192 16336 -64
128 16352 -224
64 16288 -144
64 16256 -256
48 16256 -240
240 16224 -416
224 16128 -192
224 16128 -208
64 16096 -208
-32 16032 -208
48 16048 -288
-160 16016 -64
-192 16128 -112
-224 16128 -320
-176 16096 64
-272 16096 -64
-160 16128 96
-160 16128 96
-208 16096 96
-144 16144 48
-64 16176 -48
-208 16224 -96
-192 16240 -192
-240 16208 128
-240 16256 80
-192 16256 80
-80 16208 64
16 16208 -16
112 16208 -128
-48 16224 -352
-128 16160 -304
-128 16128 -288
-240 16128 -176
-256 16192 -176
-272 16176 -208
16 16144 -64
-96 16208 -96
-80 16272 -96
-16 16304 -144
-16 16304 192
32 16320 192
64 16288 0
112 16272 80
-96 16288 176
-288 16224 -80
-304 16224 -304
-176 16192 -112
-192 16208 -80
-192 16208 48
-128 16208 -80
-80 16224 -80
48 16160 -304
-32 16096 -176
-128 16144 -208
-96 16160 -192
-96 16144 -192
-144 16144 -112
0 16192 -112
32 16240 0
32 16224 80
96 16224 80
32 16240 160
0 16288 0
160 16240 0
80 16304 -48
80 16320 96
16 16320 192
112 16192 192
160 16176 0
80 16224 144
176 16272 0
32 16208 -64
32 16208 -64
-144 16208 -32
-320 16096 -32
-112 16128 -144
-160 16208 -112
-224 16176 16
-208 16224 -96
-208 16224 -176
-96 16192 -176
-96 16176 -224
-48 16112 -272
-96 16112 -96
-16 16208 -112
0 16160 144
16 16160 48
16 16208 256
64 16208 256
80 16272 96
0 16256 96
-32 16224 144
64 16208 -48
64 16288 -16
112 16288 -96
96 16288 0
144 16272 0
176 16256 -224
128 16128 -224
0 16128 -160
0 16144 -288
-160 16192 -128
-368 16208 -64
-192 16256 -112
-80 16176 -304
-32 16192 -144
-32 16176 80
-64 16192 16
80 16160 224
-96 16160 256
-80 16192 256
-32 16192 112
-80 16192 48
-80 16160 128
-80 16144 -112
64 16144 -32
-80 16176 -32
-144 16272 -112
64 16304 -80
192 16256 -80
16 16256 -16
16 16256 -16
144 16256 -16
-80 16176 96
-96 16224 96
32 16304 -272
-64 16256 -96
-64 16224 -208
-32 16224 0
-48 16240 -16
-80 16208 -176
-160 16208 -64
-48 16272 -160
-80 16256 -176
-80 16256 -48
-32 16240 -80
-112 16224 176
-48 16224 -32
-48 16224 48
-48 16240 128
-80 16240 32
0 16224 32
-192 16176 208
-80 16128 96
48 16208 464
0 16240 -16
0 16208 -80
-16 16208 -80
-80 16176 -32
64 16240 0
64 16256 32
208 16256 48
160 16208 16
64 16192 -32
64 16192 16
48 16192 208
-48 16224 208
48 16160 80
16 16208 -16
-16 16208 96
-16 16272 -224
-32 16272 -208
-48 16240 80
-32 16272 80
-16 16144 -64
64 16080 -96
144 16048 272
64 16128 160
96 16176 16
192 16064 -112
16 16048 -160
-176 16080 -64
-48 16144 -64
-48 16128 112
-64 16128 -80
48 16064 -80
96 16096 16
96 16192 -208
48 16208 -96
-112 16304 -80
-112 16256 32
-32 16256 32
-16 16240 32
-64 16240 -16
-48 16176 160
-48 16192 416
96 16128 272
160 16192 128
160 16192 -192
96 16192 -192
96 16208 144
160 16192 272
112 16192 -48
48 16176 -80
112 16128 80
112 16112 208
80 16112 208
96 16160 -32
144 16144 -112
80 16176 -64
112 16208 -64
48 16256 -96
48 16288 0
-96 16288 0
112 16320 -160
-80 16256 128
16 16208 -16
0 16224 -16
80 16208 -48
96 16160 -128
96 16128 -176
64 16064 -64
32 16064 -176
64 16112 -176
176 16048 -16
80 16128 208
80 16176 160
16 16240 176
64 16240 192
64 16256 -48
32 16256 32
112 16208 208
16 16192 112
16 16192 0
48 16192 0
160 16128 -32
48 16192 -64
32 16176 -112
64 16224 64
0 16304 176
-96 16256 -112
-96 16096 80
-80 16096 0
-80 16096 -64
64 16096 64
16 16160 64
160 16208 32
176 16224 -208
208 16240 208
16 16192 176
144 16224 48
112 16160 48
-64 16208 -256
-48 16160 -32
-80 16144 16
-80 16144 -80
160 16176 -80
256 16176 -336
112 16256 -272
64 16224 -160
80 16256 96
80 16272 352
176 16272 96
112 16144 176
128 16096 176
64 16064 32
32 16080 48
16 16192 -144
-48 16240 -224
16 16144 -112
16 16112 0
32 16192 16
32 16192 0
48 16192 0
64 16208 32
96 16224 32
96 16192 -208
128 16144 -80
48 16160 112
48 16160 -96
128 16112 -96
-16 16256 32
-192 16224 176
48 16160 256
64 16096 -80
16 16160 -64
16 16160 -96
16 16160 32
0 16160 128
-176 16208 128
-64 16208 192
-64 16256 48
-32 16224 176
16 16224 -16
0 16160 -32
-80 16192 16
-16 16208 0
-16 16176 0
0 16176 0
-64 16192 144
16 16176 144
0 16144 -32
-32 16240 208
80 16224 80
80 16176 48
-16 16176 112
48 16224 -16
64 16224 272
80 16192 272
32 16224 304
80 16192 32
208 16256 -16
208 16224 0
176 16224 80
240 16272 80
176 16256 -96
112 16240 -96
-48 16288 48
-64 16240 96
-64 16272 400
-208 16272 128
-16 16272 128
-48 16240 -192
32 16160 32
-32 16160 -32
-240 16224 0
-240 16224 -48
-304 16112 -48
-224 16112 48
-128 16176 -128
-48 16096 -128
0 16176 -80
-48 16192 144
-48 16288 16
48 16320 16
-32 16320 -16
96 16304 -16
64 16240 224
-160 16288 240
-112 16304 192
-48 16288 448
-48 16272 64
-16 16272 -128
144 16144 -128
112 16096 -272
128 16080 -144
240 16112 -352
192 16000 -176
192 16080 -224
160 16080 -224
224 16144 -80
176 16128 -160
64 16128 -96
32 16112 -32
48 16224 -112
48 16240 -48
-128 16240 208
-208 16320 16
-192 16336 112
-16 16336 112
-32 16320 272
-48 16352 -48
-48 16304 32
64 16304 32
0 16320 32
-32 16272 256
128 16176 208
32 16192 -176
176 16208 -160
112 16192 48
48 16240 64
48 16288 96
-32 16288 96
144 16288 32
224 16288 16
96 16240 80
16 16224 -144
-16 16176 48
-16 16128 16
96 16128 16
16 16096 224
-16 16160 176
-144 16144 160
-96 16160 0
-96 16160 0
32 16064 0
48 16080 128
96 16096 208
0 16080 0
64 16096 -32
32 16208 96
32 16208 48
160 16288 48
32 16288 112
192 16224 176
192 16208 208
96 16192 176
128 16192 224
128 16208 192
64 16208 112
-16 16384 112
96 16336 -128
64 16288 -16
96 16288 128
32 16272 160
32 16272 176
144 16176 176
112 16208 16
160 16256 -64
112 16224 -32
48 16160 224
64 16144 128
64 16144 -16
32 16128 -16
32 16192 128
48 16144 64
48 16256 240
304 16240 192
208 16288 160
208 16224 144
80 16224 32
272 16176 32
144 16192 -48
96 16096 176
-80 16176 144
-64 16192 96
-48 16272 -48
-48 16272 112
-80 16272 112
-16 16336 480
32 16288 464
112 16288 272
160 16336 176
160 16368 416
144 16368 304
64 16368 304
-32 16256 320
-96 16240 320
-80 16192 336
