startup(x,y,z):(432,16176,112)
368 16000 656
368 16112 848
368 16112 960
608 16160 928
528 16192 928
416 16256 944
480 16320 752
528 16208 576
384 16256 704
320 16176 704
544 16080 512
592 16096 496
384 16048 624
384 16048 864
352 16176 864
352 16176 896
480 16176 1056
624 16128 1120
512 16176 1120
608 16288 1088
400 16320 992
336 16272 992
432 16256 752
384 16224 800
384 16272 1072
464 16272 1184
400 16304 1296
400 16288 1296
416 16288 1296
496 16272 1312
432 16256 1184
784 16176 1056
640 16352 976
448 16272 896
336 16160 1296
320 16160 928
288 16208 880
288 16224 992
208 16224 1312
480 16208 1312
288 16128 1056
320 15936 960
384 16000 592
368 16080 480
368 16080 528
368 16080 1008
368 16096 1008
560 16160 1392
512 16176 1072
512 16192 896
448 16112 1072
496 16160 992
448 16192 1120
448 16192 1088
304 16160 1088
256 16176 1408
272 16224 1120
272 16224 928
272 16224 928
320 16224 880
352 16080 944
304 16176 1248
272 16336 1488
272 16256 1488
416 16256 1488
304 16288 960
464 16160 1008
432 16096 1008
432 16144 1136
400 16128 992
368 16112 1216
512 16176 1328
352 16208 1536
352 16224 1200
560 16224 1232
528 16176 1232
272 16192 1184
320 16176 1456
416 16208 1488
320 16256 1312
320 16192 1104
320 15488 560
368 15488 560
512 15888 560
464 15984 704
464 16080 1200
432 16192 1392
448 16224 1536
448 16016 1744
512 15952 1728
288 15952 1872
336 15952 1728
304 16048 1728
336 16112 1584
336 16224 1392
400 16272 1408
384 16128 1280
384 16128 1168
416 16096 1168
400 16064 1024
384 16144 1136
272 16176 1248
352 16224 1600
416 16128 1472
416 16128 1248
400 16080 1248
400 16112 1360
336 16176 1504
256 16240 1328
288 16160 1344
288 16160 1136
272 16192 1136
320 16144 1120
304 16240 1344
288 16176 1280
400 16128 1344
384 16096 1392
384 16112 1360
320 16112 1360
384 16128 1392
464 16144 1344
496 16288 1328
496 16240 1456
496 16032 1184
416 16032 1136
416 16128 1264
496 16064 1264
400 16144 1408
256 16176 1472
304 16176 1504
400 16160 1344
336 16144 1248
336 16224 1264
480 16144 1280
576 16144 1280
448 16256 1280
320 16176 1152
368 16208 1328
304 16208 1344
352 16288 1264
304 16224 1392
304 16240 1328
320 16240 1312
384 16224 1312
480 16160 1280
592 16192 1248
464 16192 1392
448 16176 1440
448 16208 1424
256 16208 1264
240 16256 1264
144 16176 1376
288 16160 1168
320 16144 1088
384 16096 1216
384 16096 1008
368 16160 1008
336 16256 1360
400 16176 1360
416 16144 1552
160 16112 1616
-3328 18256 4080
-3328 17296 1728
-1120 17824 1616
-432 17872 1504
-432 17104 1024
-240 16992 1024
-96 16976 1552
224 16752 1520
256 16480 2032
320 16288 1744
320 16128 1808
368 16128 1616
368 16144 1616
432 16032 1184
544 15920 1152
352 16128 1216
464 16048 1040
448 16160 1408
432 16160 1360
352 16208 1360
368 16320 1360
400 16240 1200
320 16144 1200
144 16096 1136
208 16032 1424
208 16112 1440
320 16112 1440
256 16112 1648
272 16240 1456
352 16256 1392
368 16112 1616
368 16048 1344
352 16208 1248
256 16208 1248
336 16160 1328
400 16160 1584
432 16240 1520
528 16256 1792
624 16208 1408
512 16416 1232
512 16336 1216
496 16336 1216
544 16288 1024
496 16208 1088
464 16224 1312
496 16144 1392
416 16160 1248
160 16208 1312
288 16208 1264
416 16272 1360
256 16224 1344
320 16240 1552
288 16224 1360
320 16256 1472
352 16192 1552
256 16128 1600
336 16064 1472
368 16112 1344
480 16064 1584
336 16112 1280
496 16160 1056
352 16160 1072
448 16192 1072
512 16176 1488
512 16128 1392
496 16144 1264
368 16256 1520
336 16224 1296
336 16192 1360
336 16160 1360
352 16160 1328
224 16144 1328
272 16192 1408
304 16144 1504
240 16208 1552
352 16208 1568
240 16192 1568
240 16192 1536
464 16096 1536
304 16144 1536
512 16128 1296
528 16144 1296
368 16160 1296
448 16208 1280
448 16192 1424
384 16192 1344
320 16128 1520
304 16112 1520
352 16176 1504
432 16256 1712
416 16272 1312
272 16240 1216
272 16256 1456
304 16256 1456
304 16224 1456
352 16112 1504
240 16048 1552
384 16176 1104
400 16160 1312
400 16112 1376
336 16112 1776
304 16208 1776
384 16192 1744
448 16224 1584
528 16144 1488
544 16192 1200
544 16192 960
384 16192 960
256 16208 1248
384 16128 1120
464 16160 1008
272 16128 1456
192 16048 1312
192 16304 1296
144 16112 1584
272 16112 1584
336 16112 1008
-480 17168 2752
-192 17024 1840
320 16192 1232
480 15632 1136
480 15376 960
480 15376 1056
400 15520 1056
432 15808 1216
432 15872 1456
1216 15680 896
656 16288 1360
624 15888 1008
624 15888 960
864 15616 960
752 15648 1040
400 15808 1152
608 15728 1152
704 15648 1200
528 15776 1536
496 15760 1488
432 15776 1600
432 15856 1632
512 16112 1616
416 16144 1680
496 16144 1680
224 16208 1616
352 16032 1328
448 15792 1328
480 16032 1264
560 15872 1456
464 15936 1312
416 15552 1216
880 14976 1200
336 15472 1232
496 16256 1536
496 16144 1312
400 16144 1312
512 15968 1456
592 15568 1152
720 15648 1280
560 15584 1056
624 15648 1248
432 15600 1504
544 15856 1632
544 15856 1536
400 16080 1584
400 16080 1264
336 16208 1568
208 16176 1568
368 16112 1536
480 16000 1616
480 15872 1296
352 15872 1360
336 16000 1456
336 16000 1616
320 15952 1616
288 16160 1664
208 16208 1728
224 16304 1520
272 16336 1600
288 16304 1296
448 16256 1360
368 16304 1392
448 16224 1456
416 16176 1328
416 16192 1248
384 16192 1152
256 16160 1152
288 16160 1296
224 16176 1168
416 16208 1408
448 16224 1184
400 16176 1392
464 16080 1248
608 16144 1296
656 16096 1552
704 16048 1504
656 16016 1280
656 15952 1344
528 15952 1344
288 16032 1264
320 16000 1552
304 16160 1600
112 16176 1584
240 16096 1696
320 15680 1360
384 15712 1408
384 15712 1392
464 15872 1392
304 15952 1392
448 16016 1728
400 16096 1584
416 16096 1584
416 16128 1264
304 16128 1360
240 16128 1360
240 16240 1376
288 16224 1552
352 16080 1456
336 16000 1568
336 16000 1344
448 16000 1376
384 16080 1424
608 16064 1424
560 16096 1488
480 16128 1376
464 16208 1376
432 16176 1552
432 16096 1296
496 16176 1456
336 16256 1456
400 16256 1520
400 16304 1472
480 16304 1472
448 16272 1328
368 16480 1408
240 16640 1728
208 16320 1728
192 16096 1776
336 15904 1536
336 15952 1536
336 15952 1552
448 15968 1376
576 16096 1376
416 16112 1664
400 16128 1744
400 16112 1680
256 16160 1600
192 16160 1728
256 16128 1728
288 16160 1616
320 16176 1680
272 16144 1568
480 16240 1584
480 16144 1520
592 16096 1440
528 16096 1440
640 16064 1264
688 16192 1184
480 16176 1248
464 16160 1600
400 16192 1664
368 16224 1584
368 16240 1488
368 16224 1664
416 16224 1584
464 16192 1584
320 16192 1344
416 16144 1520
416 16128 1744
416 16128 1424
320 16112 1296
320 16080 1376
336 16080 1440
416 16160 1472
432 16160 1408
624 16144 1408
608 16160 1328
448 16160 1520
368 16240 1440
512 16208 1168
528 16224 1216
528 16240 1408
480 16240 1344
320 16240 1344
560 16176 1376
480 16208 1360
592 16240 1088
576 16240 1104
576 16096 1184
448 16096 1248
448 16096 1200
432 16096 1200
448 16144 1200
304 16160 1488
352 16176 1360
432 16176 1504
480 16144 1504
464 16144 1328
464 16144 1376
432 16128 1376
496 16160 1264
192 16144 1472
240 16176 1488
336 16144 1568
400 16192 1360
256 16176 1568
384 16192 1424
432 16144 1552
512 16128 1504
512 16128 1456
448 16096 1600
464 16128 1600
576 16112 1536
592 16224 1280
560 16176 1424
400 16128 1520
352 16160 1328
464 16128 1344
464 16128 1360
480 16208 1552
208 16192 1552
384 16096 1552
448 16096 1600
272 16144 1520
464 16128 1472
400 16176 1328
384 16240 1360
384 16192 1360
496 16192 1232
400 16128 1232
528 16208 1360
544 16240 1376
496 16288 1328
480 16224 1488
480 16144 1312
496 16144 1424
480 16224 1424
416 16144 1424
304 16128 1280
368 16096 1232
416 16176 1440
400 16160 1312
400 16176 1232
544 16176 1440
304 16144 1440
336 16112 1168
432 16064 1280
304 16128 1584
464 16192 1504
464 16240 1440
480 16240 1680
384 16192 1680
464 16144 1680
