startup(x,y,z):(400,16272,144)
256 16624 1200
1888 16544 832
-64 14192 -3184
1728 15152 -2720
1024 15792 592
416 15936 1024
752 16192 1488
432 16192 1760
448 16464 1952
688 16672 1408
976 16640 1568
1280 15824 688
848 17440 1456
1120 21168 2576
2848 21040 5856
1088 -2720 -5520
-2224 18240 -2928
-1472 17616 -608
2080 15120 1776
1616 13808 -1392
-112 13056 -848
-160 13008 -816
80 13472 -1232
608 14368 -1504
912 15232 -1136
2720 17056 7728
1872 17200 3008
1520 17696 496
-112 17328 -400
-112 16832 -448
-800 16432 -384
-800 16304 -336
-704 16320 -48
-432 16448 -80
-384 16640 -208
-272 16704 -272
-272 16688 -240
-112 16448 -80
48 16256 -160
160 16272 -320
176 16304 -352
64 16272 -528
240 16416 -464
400 16464 -288
512 16416 -192
416 16352 -512
144 16240 -464
128 16192 -416
48 16144 -416
-16 16016 -640
-96 15952 -416
32 15872 -192
-80 16032 -128
-96 16128 -272
-32 16320 0
16 16336 80
-64 16416 304
-96 16368 80
-144 16384 144
-32 16320 0
-32 16400 16
64 16272 112
64 16176 -16
144 16176 -256
48 16096 -80
96 16016 144
-64 16096 304
-64 16016 304
-128 16096 -128
0 16192 -288
-80 16208 -128
-80 16224 112
0 16176 48
32 16192 112
64 16240 240
128 16400 272
80 16400 192
272 16480 -32
176 16288 64
160 16208 -16
208 16160 48
192 16144 -64
128 16112 -64
80 16128 -32
0 16128 -32
128 16128 144
112 16112 144
112 16096 176
224 16208 96
128 16224 32
0 16272 64
0 16112 128
48 16160 144
64 16144 176
128 16080 -96
192 16048 112
32 16112 112
-48 16304 112
-16 16288 176
64 16368 368
176 16208 192
96 16272 128
160 16224 64
80 16208 64
32 16192 176
0 16208 240
-48 16256 -16
-80 16256 80
-144 16224 192
48 16176 240
-112 16176 112
-16 16064 96
-32 16048 64
-16 16144 0
64 16128 112
208 16016 112
224 16064 48
192 16256 240
176 16128 224
176 16128 176
144 16048 128
112 16112 128
192 16048 -80
208 16064 112
192 15728 112
112 15952 -272
96 16384 208
64 16640 480
64 16448 272
64 16368 176
32 16288 272
48 16320 352
16 16256 80
48 16144 80
128 16176 16
128 16160 80
176 16144 -32
176 16112 192
256 16112 128
320 16224 -64
256 16224 -48
272 16256 -48
128 16288 -96
32 16240 -64
-48 16208 224
16 16272 272
64 16176 192
-16 16192 144
-96 16176 288
-80 16096 80
112 16096 368
144 16112 400
192 16096 96
224 16144 16
240 16144 144
96 16240 224
48 16288 368
0 16320 288
-128 16240 288
-96 16240 368
64 16208 496
80 16272 592
32 16384 336
-48 16128 144
128 16064 144
144 16016 208
192 16128 96
192 16096 240
128 16096 160
128 16240 80
-48 16320 160
-16 16208 400
224 16320 512
256 16352 496
176 16384 464
112 16352 368
96 16128 144
112 16080 0
112 16000 304
144 16064 240
128 16160 464
64 16240 96
64 16208 352
32 16192 352
112 16160 272
160 16192 528
0 16176 432
-32 16160 208
-96 16240 400
64 16160 320
112 16224 464
48 16160 272
272 16208 432
256 16256 352
176 16240 320
96 16240 288
64 16240 224
176 16272 176
240 16320 96
144 16320 160
80 16304 80
128 16336 288
64 16176 192
16 16176 -80
112 16272 -80
-16 16240 96
80 16272 240
208 16256 224
240 16224 368
240 16240 272
272 16240 272
240 16176 464
224 16304 448
272 16304 384
304 16288 224
208 16224 112
336 16208 208
256 16176 368
128 16176 304
192 16272 192
176 16192 336
160 16224 320
160 16256 320
208 16256 352
208 16304 336
192 16224 288
256 16240 352
448 16304 640
304 16352 400
112 16224 288
16 16080 96
0 15984 -96
0 15888 -48
256 15952 160
96 16096 384
16 16224 384
-32 16256 592
-48 16336 400
-80 16240 416
-16 16320 160
112 16288 192
160 16304 224
48 16320 320
80 16320 448
160 16304 224
112 16240 224
144 16240 144
240 16336 208
272 16304 -80
400 16192 80
400 16208 208
128 16224 256
224 16224 336
240 16176 384
192 16112 304
176 16128 304
144 16144 304
144 16256 48
208 16256 192
160 16240 192
64 16256 416
176 16240 400
16 16240 128
0 16320 320
32 16176 288
112 16176 160
96 16192 144
112 16112 240
112 16096 336
112 16096 384
256 16096 480
96 16192 512
112 16240 464
96 16240 224
-32 16256 240
80 16160 160
112 16192 304
160 16208 496
128 16256 384
208 16304 352
144 16256 64
144 16288 128
128 16224 352
64 16256 272
128 16224 16
176 16208 208
144 16224 272
16 16208 272
112 16224 336
32 16304 400
208 16208 320
208 16240 384
304 16192 352
144 16192 320
176 16224 384
144 16272 384
96 16256 448
80 16176 336
112 16208 400
128 16288 304
64 16304 224
336 16208 272
272 16160 352
192 16128 336
192 16144 368
112 16176 224
64 16256 48
16 16256 160
-16 16256 352
48 16208 496
64 16240 384
-48 16192 528
0 16256 272
0 16224 352
48 16304 528
128 16288 560
64 16224 384
48 16208 176
144 16240 240
176 16224 352
128 16224 448
352 16368 1008
192 16512 736
192 16496 560
-48 16384 480
0 16128 -32
-64 15936 -16
-48 15840 -320
64 16016 160
160 16208 576
112 16384 608
288 16352 528
160 16256 432
128 16224 352
64 16160 192
112 16256 400
176 16160 496
272 16208 560
192 16192 528
96 16240 496
208 16256 400
128 16304 400
80 16272 448
-32 16304 512
64 16256 496
176 16288 368
0 16320 320
48 16320 352
80 16320 352
208 16320 448
128 16176 640
32 16144 384
128 16144 528
96 16048 640
48 16208 496
-16 16256 304
32 16240 336
64 16240 416
208 16144 496
176 16208 368
112 16208 608
80 16272 608
-48 16320 528
-32 16272 448
32 16336 352
80 16208 560
96 16256 528
0 16272 432
64 16224 528
240 16176 400
112 16192 608
96 16160 608
112 16208 496
160 16272 144
208 16256 448
160 16240 496
-48 16288 528
32 16336 528
0 16240 640
64 16192 544
64 16240 416
144 16224 528
224 16224 640
176 16128 528
176 16160 272
256 16128 288
128 16128 400
224 16096 448
64 16112 400
112 16176 272
256 16208 448
176 16208 496
176 16256 464
208 16224 640
80 16240 672
256 16272 576
320 16256 656
240 16208 528
128 16224 608
112 16144 368
144 16176 528
16 16224 272
-32 16160 272
-32 16144 224
-32 16144 80
64 16160 288
128 17104 352
864 17200 32
720 16272 1168
160 16000 1408
-512 15936 944
-640 16112 992
-368 16112 416
64 16256 112
272 16240 160
416 16128 256
176 16016 512
-16 16096 672
-160 16112 320
32 16128 368
64 16208 432
80 16272 352
-64 16224 400
-96 16192 544
128 16352 464
16 16304 528
96 16256 448
32 16192 448
160 16208 368
176 16256 160
208 16240 16
176 16224 32
208 16176 384
256 16128 304
288 16208 368
272 16160 400
80 16160 448
112 16240 304
208 16208 208
128 16192 -32
144 16160 16
48 16208 96
48 16304 288
112 16432 576
16 16272 448
80 16224 384
208 16240 368
32 16256 144
96 16224 176
80 16224 64
208 16240 480
256 16192 528
128 16224 320
96 16256 384
64 16288 288
224 16240 288
224 16192 240
128 16192 400
112 16240 288
240 16224 672
128 16272 640
80 16288 592
176 16336 592
192 16240 576
208 16240 448
176 16192 528
160 16224 640
128 16208 448
48 16272 496
96 16288 384
320 16240 352
208 16256 384
288 16208 416
240 16208 464
352 16176 368
224 16192 48
80 16096 224
112 16192 448
128 16272 464
64 16256 416
64 16224 320
352 16256 496
256 16192 288
224 16160 272
288 16176 432
208 16208 448
176 16208 368
288 16224 368
240 16224 496
304 16128 336
320 16176 592
176 16208 288
208 16144 224
208 16128 352
160 16176 368
176 16176 416
112 16160 544
128 16192 448
160 16192 480
96 16224 432
80 16144 432
160 16224 368
224 16304 336
192 16288 320
144 16304 560
176 16192 352
144 16176 368
256 16208 464
336 16192 480
304 16128 464
176 16128 432
176 16128 528
