startup(x,y,z):(336,16240,192)
480 16208 864
352 16320 864
352 16320 864
448 16256 864
480 16192 784
384 16128 736
160 16192 960
192 16288 896
192 16176 752
304 16176 800
416 16256 736
256 16208 800
176 16208 688
336 16192 688
464 16176 608
480 16096 656
480 16048 432
448 16080 464
432 16064 448
512 16240 576
384 16448 1088
384 16480 1264
352 16448 1184
368 16240 768
368 16144 672
240 16144 768
192 16160 768
176 15952 816
112 16064 1568
112 16144 1472
304 16288 1232
384 16112 864
592 16000 912
464 16160 848
480 16240 1024
496 16416 1232
480 16416 1280
480 16352 1264
432 16352 1264
288 16256 1040
288 16032 880
272 15904 1088
304 15696 1056
256 15936 752
-32 16240 784
416 16480 576
416 16240 448
224 16064 256
592 16080 560
640 15936 976
768 16096 976
752 16096 976
-96 15584 928
32 15712 928
224 15776 976
224 15984 816
496 15968 576
512 15936 528
512 15968 736
496 16128 848
352 16128 1120
464 16128 1088
368 16192 1344
304 16224 1232
544 16224 1024
464 16160 1056
336 16160 1264
480 16160 1136
416 16224 1008
384 16176 1072
432 16128 1152
432 16128 1056
272 16160 1168
272 16160 1344
256 16256 1344
272 16224 1248
304 16192 1024
240 16208 1200
96 16144 1184
96 16144 1104
176 16144 1008
352 16192 1008
464 16208 1312
464 16160 1232
480 16160 1232
496 16192 1216
432 16144 1168
384 16176 1168
432 16192 1216
416 16208 1264
384 16240 1280
384 16240 1328
368 16240 1168
448 16288 1168
416 16176 976
400 16176 1056
320 16128 1056
96 16096 1168
-80 16160 1152
1504 16352 784
624 16288 688
624 16288 1152
752 16288 1152
688 16208 1072
800 16192 1152
576 16192 1184
528 16128 1024
448 16128 1152
672 16112 1136
512 16224 1216
512 16208 1136
464 16208 1184
480 16224 1184
400 16240 784
480 16192 816
416 16240 944
352 16208 960
448 16240 960
448 16272 1024
384 16272 1216
368 16336 1216
464 16240 1232
432 16176 1136
448 16112 1280
512 16176 1232
688 16192 1136
544 16096 1008
544 16064 1072
592 16064 1072
608 16128 1072
704 16144 992
704 16192 1072
464 16128 1056
432 16192 992
304 16256 640
304 16208 1008
256 16208 1008
368 16304 1056
240 16992 2000
272 17104 2384
-32 17904 2816
-336 19312 3024
-336 23584 3072
-800 23584 1696
-160 25776 1696
1024 22592 6640
-1648 16112 7680
-2704 12432 4544
-80 13008 1376
-80 22704 1888
1776 23440 -432
2608 19552 -432
1680 17488 1312
-240 17392 2368
-1024 17200 2768
-560 16768 2016
944 15984 688
1488 15984 592
1152 15936 864
944 16064 864
672 16176 928
672 16224 928
768 16128 1088
848 16128 1200
848 16048 752
688 16048 496
560 16000 464
256 16048 496
240 16160 464
400 16144 672
560 16064 416
560 15888 976
528 15888 960
464 15600 1088
528 15776 1088
560 15872 1456
352 16032 1536
624 16320 1648
624 16304 1600
784 16304 1600
624 16368 1472
608 16288 1520
512 16320 1760
512 17472 1952
304 15840 1280
304 16192 1312
288 16192 1312
400 15952 1296
560 16112 1440
528 16224 1344
752 16640 1104
736 15856 1296
608 16112 912
608 16112 1312
640 16112 1312
928 15952 1584
864 15664 1312
848 16416 1152
880 16432 1040
608 15952 1008
432 16112 976
432 16112 1296
256 16128 1296
144 16768 1264
416 16512 1504
48 15616 1536
-48 16000 1280
-48 15984 1136
240 15984 608
896 15968 608
944 16048 656
1056 15904 656
720 15552 208
560 17424 800
560 17040 352
128 17040 176
656 16192 176
672 16256 192
384 16400 208
464 16736 -208
416 16384 -176
784 16320 16
784 16240 176
848 16256 -80
1088 16256 -304
912 16224 -304
944 16304 -304
688 16416 -208
608 16272 -480
608 16416 -272
544 16000 -160
448 16000 -160
544 16256 -224
688 16240 -384
688 16208 -448
688 16288 48
688 16336 -400
352 16336 -96
-96 16144 -96
-160 16320 32
-224 16496 80
-272 16528 32
-160 16304 432
0 16288 416
-128 16208 384
-48 16368 208
-48 16336 224
32 16336 240
112 16288 240
176 16272 112
160 16256 320
288 16208 144
288 16192 256
272 16192 48
336 16144 48
304 16160 464
256 16144 448
336 16112 464
368 16128 304
480 16144 80
384 16112 224
384 16224 272
384 16224 128
368 16192 128
96 16192 384
352 16208 224
352 16288 208
256 16256 80
208 16272 272
224 16208 192
224 16208 224
224 16288 240
352 16240 352
192 16272 352
256 16160 288
304 16128 64
528 16080 48
512 16160 16
512 16192 240
400 16176 320
384 16176 320
352 16160 624
368 16208 416
400 16224 128
272 16240 -16
240 16256 16
240 16256 64
224 16272 320
192 16176 400
240 16240 304
128 16224 480
48 16256 576
-32 16224 480
208 16272 256
192 16192 272
192 16304 96
448 16304 160
432 16256 160
400 16192 272
400 16240 288
368 16224 240
336 16240 -32
336 16192 256
416 16144 240
416 16144 240
304 16144 560
336 16208 384
336 16176 528
448 16192 240
448 16240 288
336 16208 96
416 16112 48
240 15984 336
160 15984 176
0 16192 176
256 16288 -112
224 16304 48
288 16192 -160
272 16192 192
272 16224 -48
128 16224 -48
-32 16240 240
208 16192 160
160 16224 192
256 16240 32
320 16192 112
352 16192 96
352 16192 112
368 16240 112
256 16224 80
224 16224 16
112 16160 -48
112 16144 144
48 16144 -160
240 16160 -160
160 16288 -80
112 16240 -128
112 16304 32
192 16272 64
192 16336 256
176 16304 320
176 16368 320
224 16368 -192
368 16256 -128
272 16256 16
320 16144 -16
336 16192 32
352 16160 -96
352 16224 -32
528 16224 32
528 16192 32
576 16224 32
480 16224 144
528 16240 176
336 16256 208
336 16256 336
384 16192 336
224 16176 224
240 16096 288
288 16112 240
208 16192 272
208 16240 192
0 16240 112
0 16176 112
80 16208 208
192 16208 352
256 16176 432
256 16208 176
384 16208 192
192 16240 160
320 16192 160
416 16224 272
448 16096 80
512 16144 128
336 16256 144
336 16256 112
272 16288 112
384 16240 48
368 16224 128
256 16128 -128
144 16128 144
144 16192 -64
240 16192 32
240 16224 272
256 16160 272
352 16160 336
272 16176 432
160 16224 320
160 16176 96
304 16240 208
320 16256 160
384 16208 0
288 16272 -144
288 16240 -48
368 16240 128
464 16192 96
288 16192 96
160 16160 -144
160 16208 -96
32 16320 -48
80 16288 128
80 16320 64
160 16320 96
288 16256 96
240 16288 208
352 16256 240
416 16112 240
624 16128 -272
528 16176 -32
528 16160 -64
512 16208 -96
416 16208 -96
240 16320 -240
208 16288 -64
176 16304 80
272 16240 96
192 16208 176
96 16304 288
96 16304 16
128 16320 16
160 16224 80
192 16160 32
256 16272 0
288 16224 112
288 16208 112
352 16208 112
448 16256 256
432 16256 16
272 16224 192
192 16272 208
288 16288 272
288 16272 272
352 16256 448
272 16256 448
240 16208 320
32 16192 272
304 16176 384
320 16176 320
320 16176 288
352 16240 304
368 16240 304
448 16256 336
352 16176 112
304 16256 208
304 16208 352
384 16208 368
448 16224 368
336 16224 320
416 16224 144
272 16256 176
272 16272 192
304 16272 480
128 16256 480
176 16160 352
192 16192 400
336 16144 352
432 16160 352
384 16256 480
368 16224 352
368 16224 240
368 16160 240
336 16224 144
256 16272 144
400 16208 368
416 16176 256
416 16192 208
416 16208 352
496 16208 480
544 16144 480
464 16176 592
288 16304 352
304 16304 240
304 16288 304
256 16288 448
336 16208 448
336 16208 320
240 16336 272
160 16304 480
192 16256 448
192 16240 416
192 16240 528
224 16224 528
272 16192 688
304 16208 576
352 16128 656
352 16160 480
384 16160 496
384 16224 496
432 16224 192
448 16160 160
448 16176 416
480 16176 176
544 16256 240
448 16224 256
288 16288 288
320 16304 224
320 16224 64
320 16224 144
336 16176 144
336 16176 144
384 16208 176
496 16208 176
368 16208 320
256 16224 144
208 16304 256
208 16192 320
224 16144 256
208 16160 176
128 16192 288
160 16240 128
272 16176 224
304 16176 576
