startup(x,y,z):(496,16240,176)
256 16528 1216
1568 16720 -944
-272 17344 -944
800 17184 544
-1120 13280 2112
-544 14816 1552
-608 15200 1392
0 15200 1264
160 15968 1264
288 16592 1568
416 16720 1600
112 16560 2096
-32 16816 2112
176 16960 2000
1152 16288 2064
240 16528 2384
1104 18752 2432
-624 20256 2752
-2800 16176 5440
-2800 17008 3968
-64 17952 3168
-1040 16992 3040
736 18016 3360
-848 17536 3344
-848 17888 2832
-1360 18576 2608
-1040 18576 2608
-1040 19344 3728
-5856 13664 3184
-3712 13968 4400
4240 15360 416
1232 15296 528
1184 15600 1952
1040 15968 3376
1040 16112 3856
512 16112 4096
160 16352 4128
-432 16288 4128
-224 17488 4208
-416 16736 3552
-32 16544 3024
-816 16752 1840
-1024 16448 2144
-64 16192 2512
-64 16368 2512
736 16368 2512
1488 16368 2240
2640 16144 1840
3472 15920 1584
4768 15904 2864
6480 15824 3312
4656 15824 3360
2272 13728 1088
-608 15504 2736
-1664 16464 4640
-1664 20192 -2832
-6000 18080 4272
-3344 17824 5472
-1296 19152 4800
-1296 16944 5312
-1536 16944 2704
-4032 15712 3920
-4080 15584 -4912
-5904 15584 352
-4304 13408 352
-3792 13232 1072
1392 6992 -3536
-2528 9472 2032
-1888 10416 3488
-736 11536 2832
-736 12880 2160
-1216 14992 2080
-144 15248 3824
-1680 15376 2800
-1632 15376 2784
-752 15472 2784
-1616 14256 2416
-608 13840 3776
672 14848 5072
1008 15072 5920
-128 13168 6736
-7968 -9728 10032
-5344 8688 5136
-3712 12448 6528
-1456 15392 5152
-1312 15232 5648
-1088 16880 5392
16 16352 4928
-304 15536 6528
-832 15856 5568
-528 15120 5168
-1008 15088 5536
-1008 15392 5936
-1088 15632 5824
-832 15344 5248
-1120 15616 5360
-1344 15552 5504
-1648 14448 5808
-944 14704 5424
-960 14912 5232
-960 14784 5184
-1664 14896 5120
-1312 15040 5184
-1168 14976 5472
-864 14832 5472
-848 14816 5584
-1088 14848 5616
-1072 14880 5568
-640 14912 5584
-880 15136 5680
-864 15152 5920
-816 15024 5872
-608 14976 5904
-896 15120 6000
-1392 15360 5968
-1696 15360 5472
-1344 15168 5520
-1120 15184 5712
-1216 15200 5616
-1408 15280 5680
-1456 15280 5376
-1568 15280 5360
-1488 15280 5328
-1296 15232 5376
-1040 15040 5744
-768 15008 5616
-960 15008 5728
-976 15008 5808
-1088 15232 5936
-1216 15200 5904
-1152 15184 5872
-1200 15168 5744
-1040 15136 5792
-1040 15024 5904
-752 15024 5904
-688 14992 5648
-752 14976 5648
-944 15088 5408
-1008 15104 5248
-1120 15152 5392
-1216 15184 5504
-1136 15184 5712
-1136 15216 5600
-1120 15168 5712
-1152 15120 5792
-1184 15120 5680
-1088 15232 5600
-1264 15296 5888
-1280 15328 5968
-1280 15328 5664
-1072 15264 5888
-1008 15264 5968
-976 15168 5568
-944 15200 5568
-832 15168 5600
-976 15184 5888
-1104 15264 5712
-1072 15216 5616
-1360 15200 5600
-1296 15136 5808
-1136 15168 5872
-1040 15120 5760
-1120 15120 5696
-1152 15088 5456
-1152 15088 5456
-1072 15072 5456
-1088 15072 5344
-1024 15104 5216
-1008 15088 5472
-1008 15072 5456
-944 15088 5360
-944 15088 5456
-912 15136 5456
-912 15136 5456
-944 15200 5456
-864 15152 5488
-992 15184 5568
-1056 15168 5680
-1136 15232 5520
-1264 15312 5632
-1200 15312 5776
-1200 15312 5712
-1072 15280 5712
-1136 15232 5744
-976 15248 5584
-992 15264 5632
-1040 15184 5552
-1040 15200 5504
-800 15200 5504
-896 15152 5600
-912 15152 5488
-832 15056 5440
-816 15104 5072
-864 15104 5344
-864 14848 5472
-896 15072 5472
-800 15104 5456
-960 15056 5392
-1136 15184 5616
-1104 15264 5808
-1104 15264 5632
-1072 15296 5664
-1056 15184 5664
-1024 15280 5568
-912 15232 5344
-960 15296 5216
-992 15232 5328
-992 15152 5568
-992 15152 5680
-864 15152 5680
-880 15200 5408
-1072 15248 5648
-960 15216 5440
-960 15152 5872
-1008 15152 5728
-1120 15232 5728
-1008 15184 5904
-1024 15264 5728
-1120 15232 5664
-992 15296 5712
-960 15248 5616
-736 15216 5600
-736 15152 5728
-800 15152 5728
-608 15136 5760
-736 15104 5968
-944 15152 5744
-864 15152 5744
-864 15152 5616
-672 15136 5616
-896 15200 5696
-1008 15184 5488
-912 15168 5712
-912 15168 5552
-912 15200 5296
-768 15152 5280
-816 15200 5312
-784 15264 5408
-880 15280 5472
-912 15280 5264
-960 15296 5408
-976 15248 5536
-1104 15296 5680
-1136 15248 5312
-992 15328 5264
-1008 15312 5312
-1008 15312 5312
-1008 15312 5360
-1136 15280 5536
-896 15232 5536
-816 15136 5456
-976 15168 5584
-864 15216 5696
-896 15264 5744
-896 15184 5632
-864 15200 5408
-832 15136 5344
-832 15136 5536
-864 15152 5488
-1008 15152 5488
-1056 15120 5504
-1008 15216 5536
-1040 15216 5616
-1184 15280 5616
-1120 15296 5664
-1104 15264 5584
-960 15232 5440
-896 15440 5360
-1040 15408 5600
-1040 15408 5760
-1120 15360 5360
-1248 15360 5360
-944 15232 5408
-848 15200 5408
-912 15200 5296
-928 15184 5344
-864 15152 5520
-896 15168 5456
-896 15152 5488
-720 15152 5584
-800 15136 5584
-848 15152 5488
-896 15152 5600
-992 15216 5776
-944 15264 5408
-848 15216 5472
-880 15232 5248
-880 15232 5312
-832 15312 5312
-944 15344 5456
-864 15328 5312
-1040 15280 5520
-1040 15312 5600
-912 15296 5392
-928 15296 5456
-928 15216 5312
-848 15216 5312
-832 15184 5248
-880 15200 5344
-928 15200 5504
-1008 15248 5600
-992 15232 5520
-928 15264 5520
-928 15296 5680
-960 15296 5472
-848 15360 5472
-928 15296 5456
-896 15232 5264
-880 15280 4944
-976 15296 5312
-976 15232 5312
-880 15232 5568
-912 15232 5568
-976 15200 5424
-1104 15248 5536
-928 15264 5376
-896 15216 5424
-896 15280 5280
-880 15280 5376
-736 15248 5376
-800 15216 5280
-880 15184 5424
-944 15200 5232
-976 15264 5312
-976 15264 5360
-1072 15296 5360
-976 15312 5280
-1008 15376 5296
-1088 15392 5408
-1088 15360 5264
-1056 15360 5408
-1008 15280 5392
-1008 15280 5520
-992 15200 5520
-1008 15328 5456
-992 15312 5600
-1024 15344 5664
-1024 15232 5536
-944 15264 5232
-944 15184 5312
-1072 15184 5392
-1264 15280 5392
-1088 15280 5584
-1024 15328 5408
-1072 15248 5520
-1104 15200 5232
-1008 15216 5392
-1008 15264 5472
-960 15264 5488
-1136 15280 5712
-1072 15248 5696
-1104 15232 5504
-800 15232 5392
-928 15248 5408
-912 15216 5072
-896 15312 5248
-1136 15328 5392
-864 15312 5376
-864 15360 5376
-992 15360 5248
-1008 15328 5264
-1024 15392 5296
-928 15392 5296
-1024 15376 5136
-1120 15408 5136
-1040 15376 5424
-1008 15328 5456
-960 15296 5360
-960 15232 5424
-896 15232 5312
-896 15168 5312
-928 15200 5376
-992 15248 5536
-1104 15328 5632
-1040 15312 5536
-1024 15360 5440
-1024 15408 5536
-1088 15408 5424
-1152 15280 5424
-1088 15344 5392
-1024 15312 5440
-1024 15248 5328
-944 15280 5664
-944 15232 5440
-976 15232 5360
-976 15232 5296
-944 15232 5296
-976 15232 5232
-1056 15216 5440
-1056 15248 5296
-848 15264 5264
-752 15264 5216
-928 15280 4848
-928 15168 5088
-928 15120 5152
-880 14944 5008
-864 14896 5136
-768 14128 5536
-208 14016 5776
-192 12960 5776
-336 12784 5312
-784 12688 4368
-1392 13136 4640
-2048 12688 4816
-2048 12688 6288
-2192 12704 5808
-2384 12880 3696
-2624 13168 1200
-2560 13504 704
-2560 13056 4800
-2176 13056 4544
-2224 14560 1728
-2128 14624 4016
-2320 16096 4016
-672 11328 11648
-3328 13936 17616
-3168 12912 13136
-2752 15168 4928
-2048 16864 2560
-1184 18272 1728
272 21808 9488
-544 11264 16640
688 20608 17808
-480 18480 15328
-576 16512 10288
-176 15584 5680
288 13952 2784
544 15328 3632
240 15792 4432
-112 15792 4896
-176 15696 4896
-176 15680 4384
-240 15616 4048
-432 15584 4048
-512 15520 4064
-416 15552 3936
-272 15200 3312
-528 15664 2672
-1776 15952 2944
-1328 16016 3904
-1088 15984 4528
-928 15936 4608
-736 15984 4256
-704 16080 4144
-832 16064 3856
-560 17104 4080
-896 15904 4528
-704 16112 5696
-320 15696 5616
-208 15888 5088
-736 15536 4544
-544 15504 4416
-528 15664 4032
-528 15728 4272
-576 15728 4080
-448 15680 4112
-192 15648 4224
-224 15536 4320
-176 15600 4000
-368 15984 4000
-336 16000 4288
-624 15856 4560
-624 15776 4288
-816 15760 4032
-192 16352 3728
-144 16128 3888
-256 15808 3888
-416 15648 3920
-512 15616 4160
-800 15648 4240
-768 15648 4064
-720 15648 4144
-448 15728 4240
-432 15808 4192
-432 15808 4208
-512 15792 4208
-448 15792 4176
-640 15840 4176
-496 15824 4256
-480 15792 3840
-576 15712 3840
-576 15600 3600
-560 15488 3600
-560 15584 3744
-592 15696 4240
-352 15520 4368
-208 15632 4320
-304 15696 4304
-304 15696 4080
-288 15744 3936
-496 15744 3936
-512 15728 3872
-528 15696 3984
-576 15648 3840
-656 15648 4128
-528 15680 4208
-672 15680 4112
-672 15680 3936
-368 15760 3984
-304 15664 4032
-272 15600 4032
-448 15264 3760
-800 15120 3264
-992 15120 3504
-544 15728 3168
-560 16224 2832
-304 15696 4064
-496 15696 4192
-432 15312 4192
-432 15168 3552
-656 14320 3504
576 15552 3696
