startup(x,y,z):(480,16224,80)
432 16288 848
464 16304 800
352 16208 800
384 16224 784
400 16208 368
304 16272 528
384 16416 880
464 16464 1504
464 16576 1600
496 16576 1440
240 16544 1440
288 16240 832
224 16256 864
176 16304 1008
384 16016 240
512 15968 384
512 15968 528
416 16144 992
400 16304 992
416 16288 1120
336 16176 928
544 16064 752
544 16288 1264
400 16384 1616
416 16384 1488
368 16496 1488
336 16496 1344
528 16512 1184
512 16400 1136
512 16384 1376
464 16384 1056
224 16224 1104
480 16224 1104
544 16208 1312
608 16272 1072
432 16256 1056
576 16368 1104
432 16640 1408
432 17152 1952
400 17152 1952
304 16608 1936
960 16096 1536
1344 16720 3296
1312 20576 3296
-8464 26384 48
2720 12016 9168
-2176 14864 7328
5856 27328 896
4880 28560 -336
1616 22320 3328
368 16080 4352
1232 12976 1872
2832 11664 -1408
4240 11712 -3936
5440 12720 -5984
5904 14128 -6656
5696 14896 -6976
5696 14384 -6080
5328 14384 -5008
4800 13392 -5008
4752 12688 -3584
4624 12752 -2528
3904 13424 -2048
3088 14064 -1568
1568 14624 -976
528 15008 -64
528 14528 5872
608 14528 5296
-2752 16016 5296
-3472 17968 544
-2304 18448 544
-1168 17488 112
-1104 16848 624
-864 16208 448
480 16048 2592
1312 15984 1008
1312 15648 1552
2272 15648 3392
3136 15600 3392
2448 15504 1664
2800 14640 512
4128 14272 1600
5616 15952 -304
3936 15232 -1904
8416 14976 576
4800 14784 -1312
12912 14368 8256
12576 15216 4368
8880 17968 -112
8832 15456 32
8832 15456 -576
7472 14896 -576
6368 15168 -32
5584 15040 -64
5232 15024 192
5024 15328 0
4944 15696 -80
4512 16000 -96
4656 15904 144
4400 15744 320
4208 16048 464
4208 15680 320
4176 15680 16
4384 15488 16
4640 15648 -224
4864 15616 -704
5024 15552 -512
4992 15584 -624
5200 15520 -800
5376 15328 -768
5568 15120 -688
5568 15056 -672
5696 15056 -784
5504 14896 -784
5552 14784 -784
5456 14816 -720
5424 15008 -800
5392 15472 -624
5104 15776 -608
5104 15952 -672
4960 16144 -736
5040 16144 -832
5072 16448 -832
4928 16448 -576
4736 16304 -208
4656 16048 -416
4656 15744 -544
4864 15712 -416
4912 15648 -176
4688 15648 -80
4688 15632 384
4704 15648 384
4640 15648 256
4688 15520 -192
4544 15584 -192
4544 15616 -400
4480 15616 -288
4576 15568 -464
4704 15600 -464
4944 15568 -512
2576 13296 1328
3616 14784 0
5344 15728 -688
5344 16672 -1200
5520 16672 -944
5680 16384 -944
4832 15888 -736
4528 15664 -400
4656 15760 -480
5008 15680 -736
5280 15616 -896
5296 15616 -896
5296 15584 -896
5232 15584 -832
5136 15584 -912
5168 15552 -912
5040 15568 -896
5264 15616 -960
5392 15648 -832
5392 15600 -688
5168 15536 -816
4976 15536 -672
4880 15536 -528
4752 15568 -528
4784 15712 -736
4880 15696 -864
4912 15600 -752
4832 15632 -912
4704 15568 -624
4704 15568 -496
4640 15472 -496
4784 15520 -416
4816 15600 -512
4752 15552 -320
4752 15504 -480
4784 15552 -592
4784 15552 -704
4784 15536 -672
4800 15568 -672
4864 15472 -672
4848 15456 -720
4912 15520 -624
4656 15584 -752
4672 15632 -624
4784 15616 -736
4784 15584 -768
4896 15584 -832
5056 15584 -704
5088 15584 -704
5056 15616 -608
5056 15520 -640
4992 15520 -624
4864 15488 -448
4656 15552 -480
4672 15600 -656
4672 15552 -656
4704 15552 -400
4672 15568 -400
4848 15520 -400
4784 15632 -528
4800 15568 -496
4800 15616 -624
4816 15648 -816
4800 15536 -768
4640 15536 -512
4640 15520 -576
4848 15520 -576
4784 15568 -544
4720 15616 -736
4640 15520 -512
4768 15488 -400
4832 15504 -608
4880 15488 -704
4880 15504 -576
4832 15504 -576
4752 15536 -576
4928 15520 -608
4928 15472 -640
4816 15552 -832
4768 15600 -880
4768 15712 -704
4816 15648 -784
4816 15616 -736
4816 15632 -736
4816 15632 -848
4752 15568 -768
4768 15616 -768
4720 15600 -736
4768 15536 -704
4768 15488 -688
4880 15536 -960
4880 15472 -720
4816 15504 -704
4704 15520 -800
4800 15552 -784
4800 15552 -784
4816 15408 -688
4832 15360 -672
4688 15232 -672
4784 15376 -656
4720 15568 -384
4352 15888 96
3792 15888 320
3840 15440 320
4048 16000 -688
4576 15936 -368
4464 15328 -528
4544 15104 -576
4544 15104 -1248
4736 15392 -1248
5760 15232 -432
6016 15120 -1056
6336 15424 -1808
6640 15376 -1888
6256 15296 -1760
6256 15360 -1408
5760 15360 -1104
5376 15328 -1104
5200 15424 -816
5216 15520 -752
5136 15664 -816
5200 15728 -880
5200 15728 -656
5104 15568 -416
5056 15504 -416
5104 15392 -640
5056 15424 -912
5024 15424 -944
5072 15360 -944
5072 15440 -848
5376 15440 -848
5264 15360 -896
5248 15408 -736
5312 15440 -608
5120 15440 -704
5120 15536 -928
5216 15536 -1136
5280 15488 -1136
5360 15360 -1120
5328 15392 -1152
5136 15344 -800
5216 15376 -800
5216 15376 -976
5120 15456 -976
4944 15504 -848
5152 15568 -992
5152 15440 -944
5168 15488 -912
5168 15472 -848
5264 15472 -720
5216 15600 -528
5184 15472 -528
5296 15440 -464
5312 15472 -848
5216 15408 -736
5216 15408 -688
5088 15408 -928
5184 15344 -928
5168 15392 -960
5024 15440 -848
5136 15424 -800
5088 15472 -640
5088 15440 -720
5184 15440 -720
4960 15424 -848
5088 15392 -768
5024 15376 -816
5056 15408 -704
5040 15424 -784
5040 15424 -640
5168 15456 -592
5136 15456 -592
5216 15408 -832
5216 15424 -816
5152 15472 -992
5216 15536 -816
5168 15504 -800
5168 15504 -848
5088 15504 -816
5008 15488 -816
5200 15472 -944
5200 15504 -880
5344 15344 -992
5280 15344 -960
5168 15392 -896
5136 15440 -1072
5168 15440 -1008
5168 15440 -1232
5280 15472 -1232
5120 15424 -1216
5088 15392 -976
5168 15360 -768
5168 15392 -688
5136 15424 -608
5136 15424 -672
5184 15376 -672
5200 15376 -896
5280 15328 -832
5264 15472 -768
5344 15360 -832
5264 15344 -768
5264 15392 -480
5280 15392 -784
5456 15408 -784
5472 15376 -720
5296 15440 -656
5344 15472 -1040
5296 15424 -960
5296 15488 -1152
5248 15488 -1232
5328 15424 -1232
5392 15376 -1024
5360 15472 -1104
5376 15392 -912
5376 15392 -848
5168 15392 -656
4928 15344 -656
4752 15648 -736
5024 15520 -688
5008 15520 -688
5072 15536 -816
5136 15552 -976
5136 15440 -1008
5296 15440 -896
5184 15520 -752
5136 15488 -816
5088 15456 -784
5136 15360 -736
5104 15360 -560
5120 15408 -592
5184 15408 -592
5104 15536 -784
5216 15520 -720
5296 15504 -816
5168 15472 -912
5184 15488 -864
5216 15472 -720
5296 15456 -880
5056 15568 -832
5152 15584 -832
5120 15552 -608
5152 15440 -880
5152 15376 -752
5152 15360 -640
5120 15360 -624
5168 15424 -624
5168 15440 -608
5104 15424 -688
4880 15376 -688
4816 15392 -592
4960 15472 -608
5072 15488 -736
5120 15488 -640
5200 15376 -816
5264 15328 -832
5264 15328 -896
5440 15424 -896
5360 15440 -976
5328 15376 -976
5200 15392 -800
5216 15520 -880
5152 15440 -880
5152 15488 -736
5216 15408 -880
5120 15440 -768
5152 15456 -688
5152 15472 -720
5152 15472 -768
5200 15488 -768
5152 15424 -896
5200 15472 -672
5200 15472 -496
5136 15456 -560
5120 15424 -736
5072 15424 -640
5248 15360 -640
5216 15344 -640
5232 15408 -992
5280 15408 -1040
5232 15408 -944
5200 15440 -816
5200 15472 -752
5328 15440 -752
5216 15536 -688
5248 15552 -720
5136 15584 -752
5216 15504 -784
5072 15424 -416
5088 15472 -608
5088 15456 -816
5072 15456 -768
5152 15504 -768
5264 15440 -640
5136 15424 -832
5184 15408 -528
5056 15408 -528
5072 15520 -608
5104 15616 -784
5120 15360 -656
5088 15408 -688
5088 15456 -720
5248 15456 -688
5104 15424 -688
5136 15488 -816
5072 15424 -640
5232 15392 -592
5184 15408 -720
5168 15408 -704
5168 15408 -496
5024 15440 -704
5248 15424 -704
5184 15456 -656
5120 15456 -672
5072 15408 -672
5232 15264 -464
5168 15344 -608
5168 15344 -544
4976 15328 -544
5120 15376 -720
5104 15424 -832
5200 15408 -848
5216 15440 -800
5024 15536 -784
5088 15504 -848
5088 15440 -912
5088 15440 -704
5184 15440 -704
5104 15472 -720
5184 15488 -784
5264 15456 -720
5488 15472 -720
5632 15328 -864
5632 15328 -752
5344 15488 -752
4960 15680 -448
4736 15520 -480
4544 15472 -656
4784 15584 -512
4848 15504 -784
4800 15504 -656
4800 15504 -656
4880 15584 -656
4768 15552 -368
4864 15536 -400
4960 15520 -656
5248 15504 -784
5152 15456 -736
5056 15440 -608
5056 15504 -288
5072 15504 -400
5104 15488 -400
5088 15440 -464
5136 15488 -672
5056 15488 -448
5040 15456 -752
5168 15456 -704
5104 15424 -656
5056 15504 -784
5184 15504 -736
5184 15520 -832
5040 15520 -768
4944 15504 -768
4976 15552 -768
5088 15536 -688
5120 15536 -624
5024 15504 -656
5040 15536 -960
5040 15616 -560
5072 15616 -656
4944 15568 -656
5136 15552 -800
5168 15456 -704
