startup(x,y,z):(400,16192,208)
592 16000 944
528 16384 752
528 16448 752
704 16448 1088
688 16896 928
880 16096 1344
352 16496 1072
528 16096 1104
432 16384 1184
528 16208 1376
688 16608 1232
720 16864 1392
1664 17152 1424
1440 17632 2048
-1680 16720 896
368 16464 1184
96 15520 1232
352 15040 1504
432 15200 1424
432 15200 1280
464 15904 1344
256 16208 1184
512 15856 1520
608 15856 1200
592 15856 1280
384 15968 1440
480 15968 1440
400 16144 1440
672 16112 1456
592 16256 1376
576 16512 1600
352 16320 1632
352 16336 1680
352 16000 1568
816 16400 1456
736 16432 1504
800 16336 1920
448 16064 1856
448 16272 1376
672 16272 1376
480 16016 1744
496 16256 1328
640 16272 1632
192 15824 1760
224 15872 1664
480 16064 1472
560 16400 1936
640 16784 1712
432 16112 1536
528 15888 1440
528 15968 1488
464 15968 1488
288 15920 1504
272 15952 1488
256 16032 1616
576 15984 1616
688 16112 1536
656 15984 1472
528 15888 1424
592 15632 1584
992 15392 1584
1072 15456 1664
992 15568 2000
960 15776 1952
928 15984 2384
1088 15888 2704
1232 15728 3136
992 15696 3392
1504 15648 3584
880 15568 3824
880 14944 3872
1168 14944 4016
576 14704 4016
2560 14992 2912
3232 15216 1888
2112 15360 2144
-2128 23440 -768
752 17584 6240
1056 10352 5984
1232 8544 6016
32 15552 4640
-1952 14688 3296
-1456 14944 1680
-1248 15008 320
-1232 14944 -304
-1232 14576 -128
-736 14528 64
-352 14544 672
96 14896 1216
-208 15232 1488
-208 15584 1424
-240 15584 1536
-560 15648 1536
-608 15632 816
-448 15888 -192
-160 15936 -1008
80 16000 -1744
320 16000 -2272
2736 14336 -4304
3888 17712 -5360
3984 19280 -5568
4112 18560 -4464
4208 18128 -3872
4208 17872 -3536
3840 17744 -3536
3744 17504 -4208
3888 17408 -4208
3920 17216 -4336
3488 16880 -4320
3024 16592 -4032
2784 16432 -4528
2464 16064 -5424
1856 16128 -5936
896 16064 -6496
896 15936 -5232
-672 15936 5216
-2688 16960 -144
-896 16928 -144
-400 17232 -2288
480 17712 -3184
1152 18000 -2496
2208 18272 -2064
2128 18384 -1712
2128 18352 -1744
2224 18352 -1600
2400 18352 -1600
2480 18288 -1280
2272 18192 -1088
2464 18512 -1136
2176 18144 -480
2352 17824 -400
2224 17424 -128
2336 17168 -16
2176 16768 192
2096 16512 368
2096 16208 624
1728 16208 624
1408 15840 224
1200 15456 144
1264 15008 16
1136 14416 672
768 13936 1120
368 13392 1760
-5552 14880 -5952
-4640 15872 1296
-752 16752 720
-752 15136 80
2480 12864 160
2480 12864 432
528 10928 432
-1056 9856 752
-2624 9968 608
-3424 10656 1456
-3440 11232 2400
-2912 11664 2160
-2400 11872 1920
-1696 12112 1232
-1696 12512 112
-720 13184 -320
48 14032 -688
976 14032 176
1168 14432 176
1632 15008 656
2320 16096 816
2448 17120 1600
2560 18160 1680
3424 19776 224
3744 20832 -128
4016 21168 -336
5024 21872 -1488
5680 21872 -2112
5680 21904 -2480
6480 21904 -2592
7008 21568 -2448
7216 19952 -2256
7120 19952 -2448
6736 19264 -2896
6384 18784 -2896
5888 18240 -3408
5232 17680 -3456
4624 17184 -3392
3936 16672 -2976
3488 16128 -2768
2896 15568 -2464
2896 15120 -1792
2480 14528 -1472
1936 14000 -1248
1936 14000 -224
1152 13456 -224
96 13264 272
-7440 13840 2176
-9088 13760 3648
-5264 15216 11920
-1120 16960 4928
48 15472 -256
48 15472 -32
800 14176 -656
432 13440 -1248
-320 12832 96
-1040 11696 96
-1936 11008 2368
-2816 11744 3776
-3744 13824 4272
-3744 16240 3792
-3504 18240 2976
-2320 19424 2224
-864 19424 2224
544 19792 2544
1040 19392 1648
2576 19632 1648
3184 19824 2160
4432 20032 1168
5392 20112 784
5904 19728 464
6560 19168 -400
6560 18656 -992
6976 18640 -2032
7280 17920 -2752
7600 17152 -2752
7712 16528 -4112
7392 16032 -4496
7040 15712 -4496
6448 15600 -4896
5808 15520 -5216
5184 15376 -5152
4608 15264 -5152
3936 15216 -4912
3536 15136 -4144
2784 15072 -3808
2736 15024 -4112
1968 14640 -2944
1824 14640 -1824
624 14304 -1824
-160 13904 -1392
-880 13312 -944
-1440 12768 -544
-2528 12432 -240
-2528 13792 -2416
-7824 14752 864
-9008 14752 -976
-5120 15456 -976
-3072 14560 -848
-1984 13888 -2736
-1712 12640 -3232
-1536 11216 -2208
-1536 10352 640
-2208 10352 3600
-4240 10512 3600
-5408 11824 5760
-5824 13552 6704
-5552 15312 6512
-3152 20704 2896
64 20272 2864
64 19968 -496
1824 19968 -1408
4832 22208 -1024
4944 21696 -2032
4960 21488 -3296
4496 21680 -3056
4464 21488 -4224
4464 20944 -4736
4512 20944 -4448
4592 20192 -5520
5040 18848 -5520
5424 17936 -3600
6480 17920 -2688
7632 18432 -3936
7680 18656 -5040
7680 18224 -5648
6800 18224 -6288
6096 17568 -6288
5328 16736 -6608
4464 16112 -6528
3728 15600 -6400
2992 15264 -6432
1984 14592 -5648
1488 14096 -5152
1488 13584 -4112
1120 13600 -4112
944 12960 -4016
448 12576 -3520
-256 11984 -2384
-480 11584 -1936
-1792 10624 -624
-1792 9712 496
-2336 9712 1728
-3072 8992 2544
-3872 8816 2544
-8736 20736 10448
-6160 14480 14752
-3200 14208 14272
-3200 10496 9616
-3600 21568 32
-4800 15520 1776
-4496 19904 2976
-4464 6768 6128
-3408 4048 7616
-3216 6800 6432
-3536 11136 3808
-3536 15456 1424
-3504 15456 1424
-3456 18192 1760
-2624 20224 1328
-1776 21072 1728
336 21808 1200
2336 22096 1088
2336 25696 4160
3840 25696 -1856
6752 24880 -5856
8192 24656 -5856
8432 23904 -6144
8208 22064 -7680
8080 20064 -5888
8400 18832 -4640
8960 18384 -4880
8960 18176 -5520
8080 17872 -5632
8080 17600 -5696
7248 17600 -5888
6640 17344 -6112
5792 16608 -5776
5184 15952 -5488
3504 15264 -5008
3504 14848 -4704
2640 14848 -3872
1296 13872 -2944
224 12368 -2400
-464 12368 -1760
-1648 11664 -1760
-2736 11072 -1120
-3568 10320 -480
-4384 9552 736
-10256 11792 2224
-9360 12976 2176
-9360 12976 6320
-5104 13056 6320
-1936 12016 10000
-1584 10448 9600
-2144 9008 6688
-3344 8640 3760
-4528 9536 2832
-4528 9536 3536
-5200 11776 3536
-4656 16256 5888
-3664 16256 5888
-3808 16688 6032
-3536 18208 4800
-1552 20192 1920
80 21200 16
6688 24336 -6480
6688 26256 -8320
9072 26256 -7328
9312 25776 -7328
9312 24928 -6304
9264 23008 -4720
9216 21168 -5504
8544 19488 -5216
7808 18080 -3632
7808 17696 -2832
7680 17696 -3648
7840 18192 -4608
7664 17936 -5200
7328 17936 -5312
6816 17312 -5312
6320 17040 -5920
5488 16736 -6016
4208 16064 -5552
2496 14704 -5136
1072 14064 -4656
1072 13264 -4160
48 13264 -4080
-976 12848 -3520
-1856 12304 -3520
-2576 12032 -3136
-3248 11824 -2400
-3968 11312 -1424
-12816 4016 11264
-14320 5824 15920
-14320 8400 18880
-10416 8400 14064
-6448 10656 14064
-3792 11248 7568
-2240 11136 1792
-1280 11104 1456
-864 11024 3648
-64 15872 6992
-640 14400 3120
-640 14048 8688
-768 14048 6992
-1552 15552 6992
-2272 17168 5968
-1376 18480 4064
-160 20288 2688
1344 20544 976
2368 19808 -128
3152 18656 -432
3632 17824 -720
3488 17504 -1008
3552 18800 -2160
3632 19616 -3664
3984 19616 -4544
4416 19936 -4544
5120 20048 -5232
5616 19840 -5392
6032 19600 -4784
6464 19344 -4416
6480 19056 -4160
6256 18832 -4112
6000 18672 -4512
5280 18416 -4560
4720 18400 -4432
4720 18512 -4560
4496 18560 -4464
4544 18560 -3728
3680 18176 -3728
2640 17248 -2304
2048 16320 -1312
1088 14976 -288
-288 13760 -64
-912 12784 784
-1552 11904 1744
-2032 11136 2976
-2032 7840 -2336
-6192 7840 2528
-4144 6896 2528
-992 6416 -3568
-2032 7536 -1648
-3376 10192 -128
-3568 10512 864
-4656 12032 112
-6000 7408 752
-6480 15536 1120
-6912 18192 2720
-6912 10944 3456
-7088 10944 1024
-6752 7040 1024
-4960 7456 976
-3408 9008 0
-2240 10832 -688
-1824 12256 -1552
-1264 13488 -1760
-816 14496 -1136
-320 15616 -240
528 17216 -464
528 19008 -496
1312 19104 -496
2464 21104 -432
3696 22912 -432
7936 24480 -1680
9376 27488 1840
9760 26960 -1744
9728 25920 -4192
8912 23952 -3936
8512 21808 -3184
8864 20176 -1472
8864 19056 -1104
9264 19056 -1104
8608 18432 -1904
7568 18032 -3184
6416 17920 -4480
5200 17712 -4880
4016 17264 -4512
2880 16528 -4176
2320 15664 -2976
736 14272 -1840
-224 13216 -1504
-224 12384 -848
-1360 12384 -848
-2752 11680 -288
-3536 11072 96
-4496 10528 576
-11616 11152 -5856
-10816 11600 -3008
-7264 14160 -1504
-3728 13056 1088
-2784 11408 848
-2784 11408 736
-3376 9632 944
-4704 7840 1888
-6192 8624 2512
-7024 10368 2816
-6400 12480 3696
-4688 14688 3440
-2592 16496 2224
-912 17616 1632
-912 18800 480
544 19456 960
1472 20544 528
2592 20544 528
3776 21744 256
4544 22384 1296
5840 22976 800
9952 25552 -2016
10640 25680 -4784
9920 24432 -5440
9376 22576 -5152
9040 20416 -5184
9040 20416 -3456
8864 19136 -3456
9264 18576 -2992
8896 18272 -3568
7728 18000 -4160
6848 17696 -4944
6848 17728 -5600
5360 17360 -5600
4592 16720 -5152
4592 15744 -4528
3488 15744 -4032
2640 14752 -4032
1472 13776 -3280
0 12976 -2912
-1568 12160 -2480
