startup(x,y,z):(464,16144,288)
480 16224 944
640 16256 944
768 16224 1088
512 16336 1264
416 16384 1168
496 16352 1328
528 16416 1312
528 16416 1584
336 16512 1584
528 16688 1552
448 16624 1472
384 16720 1392
-688 16128 832
32 16480 1232
256 16512 1328
16 16432 1328
16 16368 1360
-96 16416 1680
256 16416 1424
-176 16432 1424
368 16544 1504
240 18288 1712
848 19264 1376
1424 18112 2960
512 17120 3312
304 16912 2528
304 16688 2016
512 16688 2016
64 16368 1696
-224 15888 1696
416 16048 1584
352 15952 1472
352 15904 1328
-80 15904 1328
-640 15968 1328
-512 15728 1120
-416 15760 1488
-16 15712 1280
-96 15872 1584
-144 16000 1408
-144 16016 1360
-128 16016 1344
-96 16176 1344
2592 19248 -1952
1392 18864 -1152
896 18032 320
608 17296 1184
560 16864 1456
560 16480 1648
320 16480 1504
464 16064 1504
368 16112 1536
16 16336 2016
272 16224 2096
432 16272 2192
432 16208 1904
624 16208 2224
400 16176 2224
432 16240 2256
368 16240 2064
720 16096 1792
496 15888 1872
496 15856 1584
64 15856 1520
-720 15632 1520
-176 15792 1856
384 15520 2064
352 15152 1552
80 15008 912
-32 15664 1312
-64 15552 1392
368 15856 1616
288 15408 1328
64 15376 1392
-112 15744 1584
-112 15616 1776
-48 15616 1776
128 15984 1664
176 16784 1504
208 16864 1728
448 16368 1984
304 16336 2080
304 16384 1856
528 16384 1856
0 16464 2320
-320 16416 2432
-512 16448 2064
-672 16256 1968
-672 16272 1648
-784 16272 1312
-512 16272 1136
-64 16224 1136
96 16128 992
304 16112 1040
592 16048 752
736 15936 336
736 15936 48
960 15776 -144
1024 15568 -144
1376 15376 -288
1600 15104 -480
1440 15072 -640
1472 15088 -480
1328 15248 -560
1328 15248 -432
1136 15808 -448
1344 15808 -608
1344 16000 -608
1168 16240 -864
1200 16416 -960
1088 16528 -1104
720 16656 -1184
240 16544 -1328
240 16432 -1488
-528 16432 -1280
-1040 16160 -1280
-1584 16032 -1552
-1952 15904 -1536
-2240 15776 -1712
-2480 15792 -1280
-2512 15728 -928
-2512 15728 -528
-2528 15712 -320
-2304 15456 272
-1840 15456 592
-1344 15664 944
-768 15664 944
-48 15616 1664
528 15584 1920
1248 15776 1584
2240 15776 1216
3248 16016 1216
4128 16080 1328
4464 16224 1344
6368 16080 0
7360 16016 416
6960 15776 1952
5952 16208 2624
5344 17312 2000
5344 17312 688
5536 18464 688
6016 18992 544
6176 18944 784
6688 18432 1328
7136 17616 1888
7760 17024 1856
7952 16720 2000
7952 16416 2000
7920 16208 1760
7488 16208 1440
6768 16064 1440
6224 16064 992
5808 15776 432
5440 15504 352
5072 15232 -144
4448 15072 -32
4448 14912 256
4176 14960 -384
2720 14992 -736
2720 15168 -1088
1792 15184 -1024
1040 15184 -1024
496 15296 -944
112 15600 -848
-272 16048 -720
-752 16320 -608
-1600 16384 -288
-1600 16160 112
-2352 15808 192
-3168 15232 128
-3824 15232 320
-4656 14832 320
-5216 14512 -160
-5232 14256 -800
-5408 14224 -1280
-5296 14224 -1152
-5040 14176 -1040
-4688 14160 -688
-4096 14096 -352
-3872 14016 672
-3648 14272 1360
-3504 14800 1920
-4976 14960 13488
-4976 15920 12880
-4992 17552 6192
-6736 17552 6192
-1472 20288 3984
-4080 19824 3024
-7616 19072 4528
-7344 18064 3984
-5808 16416 7424
-2144 15488 5296
-2144 15008 2048
7136 14752 -208
8416 14896 320
8800 15088 336
8800 15376 624
8672 15376 112
8464 15648 112
8224 15792 -160
8640 15456 -336
7584 14880 944
6544 15104 1152
6624 15904 80
6592 16608 -816
6672 16928 -544
6992 17008 -16
6992 16976 480
7264 16976 752
7616 16960 752
8448 17296 832
8000 17184 608
6992 17056 544
5872 17072 -256
7712 16384 2816
4928 16848 2448
2848 17232 1312
1360 17136 144
-448 16496 -1616
-448 15872 -2064
-2160 15872 -2064
-3808 15472 -352
-5664 15248 -352
-6464 14576 192
-6896 13808 192
-7568 13136 48
-8304 12880 816
-9104 12736 1328
-9488 12928 896
-9760 13056 640
-9824 14192 96
-9856 14080 -80
-9424 13104 272
-9424 12192 608
-8720 12192 928
-8272 11936 928
-7856 12304 672
-7168 12864 -256
-6832 13664 1472
-6096 14352 1872
-5136 15344 2544
-4000 16336 3936
-2592 17136 5440
-2592 17568 3264
-1040 17472 2208
848 17472 5984
3152 15808 5984
5216 15008 4160
3936 15488 8368
7264 15280 3600
8864 15616 -448
9376 15984 -656
9376 15984 304
9696 16240 304
9728 16512 16
9744 16848 16
9904 17024 -1456
10176 17104 -2160
10288 17040 -2400
10336 16752 -2176
10288 16384 -2112
10272 16192 -2272
10272 15936 -2480
10400 16048 -2480
10496 16000 -2272
10640 15840 -2432
10672 15536 -2464
10720 15456 -1712
10160 15520 -1504
9664 14896 -4448
9360 13984 -4896
7744 12656 -5536
5664 11664 -5232
5664 10864 -3392
3840 11008 -1424
2256 11008 -1424
800 11520 -672
-192 11920 -704
-1632 12784 -1248
-2816 14016 -2304
-2176 16016 -1184
-3904 18704 -6928
-5648 19136 -6656
-7648 18656 -3536
-7648 17472 -1712
-8416 17472 -1712
-8832 16048 -704
-8720 14528 -2416
-8864 13200 -5904
-9360 12096 -5376
-9584 11216 -4080
-9696 11040 -5184
-9744 11152 -4880
-9648 11456 -3056
-10320 7440 -6208
-8800 6944 -1984
-8800 6944 656
-7888 17360 -4768
-7200 21824 -4768
-8480 13376 480
-7056 12560 1968
-5136 13696 3296
-3504 14720 3424
-1760 14208 2768
1584 15904 -560
3008 16976 -960
4752 17488 -992
5744 17280 -128
5744 16384 80
6576 16384 -48
7488 15424 -48
8080 14464 -608
9328 13808 -1760
10752 12800 -2624
11376 12688 -224
11296 13984 80
10880 13984 -1184
10672 15520 -1184
10704 16720 -1888
10112 16208 -1024
9904 16048 -1040
10608 16928 -1056
10800 17664 -1264
10800 17984 -800
10736 17904 -192
9408 17424 128
8576 16944 320
8576 16448 128
7440 16448 128
6064 15888 48
4688 15104 -480
3584 14400 -1552
2224 13840 -1840
2224 13504 -2016
-368 13280 -2416
-2064 13504 -2896
-3072 13488 -3632
-3408 13536 -4208
-4624 14080 -4432
-4624 14480 -3648
-5536 14480 -2624
-5776 14688 -2624
-5552 14448 -1968
-8288 15664 8512
-8432 14928 9824
-9184 14448 5200
-9184 14448 2080
-10096 13408 -240
-10768 11584 -2144
-11744 11392 -3280
-12176 11392 -4416
-12048 10624 -4416
-11616 10672 -3936
-11824 21664 -1120
-10400 10560 272
-8912 6288 432
-7296 2624 1152
-7776 11664 3248
-8480 20112 4592
-6288 16400 5744
-3584 12080 4368
-3584 12080 3152
-912 11328 3152
720 13984 2400
2976 17168 1456
5280 19568 1184
6704 20288 736
7888 19504 80
7888 19504 -64
8624 17664 -64
8960 15440 -560
9456 13392 -32
9584 12432 -32
10016 12128 320
10064 12560 608
10208 13200 704
10208 13936 448
10624 13936 624
10736 14336 640
11120 14720 640
11424 14944 528
11616 15120 640
11760 15008 1040
11696 15024 1520
11376 15136 1776
11376 15088 1744
10864 15088 1744
10224 15056 1824
9280 15040 1552
8768 14496 1792
8352 14416 1472
7536 14528 1184
7536 14640 752
6560 14640 -16
5840 14784 -16
4528 15056 -528
3024 15392 -1824
1280 16176 -2192
-400 16560 -1840
-400 16336 -1632
-2512 16432 -1360
-3584 16432 -400
-3968 16448 624
-4160 16128 624
-4352 15568 928
-4800 14912 864
-5344 14368 240
-5904 13984 -1488
-5904 13760 -2560
-6784 13488 -3904
-7520 13488 -3904
-8576 13136 -4704
-9808 12912 -4864
-11296 13760 -4224
-12304 13584 -6368
-12304 13328 -5616
-12192 13328 -3632
-11328 13664 -1728
-14672 23152 8080
-11344 16560 5376
-9296 9024 9584
-4640 13344 1968
11600 20208 -6128
14496 19696 -6928
14672 18688 -7008
14240 20384 -80
10160 11984 8496
-7264 9040 8368
-17312 10400 7696
-17312 15424 1712
-19136 15424 1712
-1264 17296 784
-1088 19504 -3104
-4336 16528 13600
-608 14720 8912
4096 13168 4064
4096 11312 -1088
8080 11312 -1456
9840 11472 -1456
8896 11536 -320
8048 11376 16
7872 11520 32
7328 12800 -528
6656 14160 -640
6656 14160 -208
6208 14736 -208
5984 14784 240
5648 14640 352
5008 14640 -64
4752 14976 0
4784 15120 -208
4512 15584 -96
4512 15584 4464
7712 21168 5744
7712 20576 3312
6544 20848 3312
4928 20720 2464
2560 19776 -1376
384 18880 -2368
-1424 17456 -4608
-1648 16832 -5680
-1456 15776 944
-1456 15776 1760
-1488 14848 1760
-2096 14624 5856
-2640 15360 2976
-3248 16192 3008
-3664 16416 1648
-3616 16384 288
-3616 16128 -976
-3376 15936 -1312
-3184 15936 -1312
-2992 15856 -1808
-2896 15952 -1808
-2976 16208 -1744
-3104 16256 -1456
-3248 16144 -1328
-3312 16128 -1248
-3312 16128 -1504
-3088 16080 -1504
-3296 16144 -1424
-3248 16480 -1552
-2896 16672 -1648
-2160 16768 -1280
-1104 16688 -944
-176 16496 -496
-176 16128 -224
1104 16128 -224
2240 15696 -384
3136 15200 -240
3328 11952 -384
5520 12256 -960
7456 11792 16
7456 11456 864
8944 11952 1120
9696 11952 864
10032 12592 864
9808 13040 832
9808 13520 976
9744 14128 928
9744 14608 1152
9664 14608 1120
10048 15104 1120
10208 15408 1360
9936 15328 1776
9920 15568 1120
10000 15968 1008
9808 16192 848
9808 16336 960
9488 16336 912
8880 16624 912
8112 16768 848
