startup(x,y,z):(480,16224,240)
1328 16784 4192
1408 17360 5456
1024 18576 6192
16 20432 2128
-992 20064 4240
-1168 15888 2304
-1536 15968 -224
-1536 19584 192
-800 19584 192
-1936 21936 1136
-1600 20704 1120
-208 19968 -416
-736 18560 352
-768 18016 2320
1920 18048 2848
1072 18128 2912
-2672 12832 2976
-4384 21328 48
-3872 22464 -3344
-3872 20496 -4640
-2384 16832 -4432
-624 16832 -3312
512 13712 -3312
928 11744 -2224
672 11120 -1392
688 11296 -2448
992 11536 -2448
1504 11952 -3408
1808 12400 -3584
1888 12368 -3232
1888 12400 -2688
2096 13536 -2384
2304 13536 -2512
2496 14688 -2384
2336 14816 -1776
2256 15552 -2272
2112 16112 -2272
1664 20368 -896
1072 976 304
-16 16816 5728
16 15664 -1040
1520 16832 -320
1328 16672 -352
736 16576 -656
736 16432 -464
112 16432 -464
0 16368 -224
272 15808 -960
64 15808 -960
16 16080 -1024
-272 16016 -960
-144 16416 -752
0 16112 -976
64 15872 -1008
288 15616 -1248
256 15840 -816
256 16064 -400
240 16064 80
80 16128 80
80 16016 -144
80 16224 320
160 16192 768
272 16224 960
128 15840 480
-288 15840 112
-272 15904 112
32 15648 -448
32 15968 -672
-128 16272 -128
32 16432 -224
144 15936 -480
144 15568 -560
48 15840 -352
64 16000 -464
288 16144 -528
384 16160 -416
416 16208 -160
400 16208 144
576 16192 -16
496 16144 16
368 16176 0
304 16240 96
192 16304 0
304 16320 144
304 16320 48
384 16240 48
272 16320 80
304 16256 304
224 16256 -80
464 16016 0
240 16336 176
80 16288 112
80 16288 80
-112 16288 -112
112 16368 -208
400 16192 -16
352 16208 80
224 16224 48
288 16160 64
64 16144 -96
128 16064 304
368 15952 304
704 15952 384
960 15984 592
960 15984 144
864 16192 144
352 16064 192
128 16192 -48
96 16208 32
528 14736 -32
1184 15264 -448
1200 13408 -1904
1040 13568 -2048
864 14416 -1264
496 15424 1136
352 16272 816
192 16688 1856
192 17184 1408
-64 17648 1632
-80 17728 1696
-96 17552 1248
0 17488 560
48 17568 656
48 17568 512
192 17552 512
160 17040 496
400 16800 464
400 16800 528
544 16432 576
672 16336 576
592 16176 480
528 15952 480
480 15728 208
512 15664 80
592 15776 0
512 15856 16
480 16080 240
352 16240 80
432 16256 208
432 16352 192
512 16368 192
560 16416 -32
576 16560 0
576 16560 0
496 16416 384
544 16416 368
416 16272 368
336 16256 352
432 16208 320
592 16208 224
624 16160 128
560 16048 352
400 16208 352
432 16176 288
432 16128 80
544 16128 192
752 16128 304
768 16160 416
768 16320 272
624 16320 272
576 16352 304
480 16368 480
416 16288 576
320 16208 544
272 16272 464
384 16272 368
464 16112 256
528 16080 176
512 16032 144
320 16064 192
320 16064 192
432 16064 192
384 16112 336
464 16176 416
464 16288 480
416 16448 496
448 16640 608
560 16528 448
592 16320 368
384 16256 384
512 16288 208
512 16224 384
576 16224 464
560 16304 400
448 16272 560
560 16208 224
624 16128 288
624 16080 272
592 16080 272
448 16032 272
592 16064 336
432 16080 368
608 16240 384
704 16256 496
720 16336 192
816 16288 336
768 16176 368
768 16176 384
688 16240 448
624 16272 448
432 16272 384
512 16304 384
464 16352 144
336 16304 64
288 16192 128
272 16256 128
320 16160 -32
320 16112 112
336 16112 112
464 16224 112
528 16208 -80
496 16288 -80
496 16256 320
496 16208 352
496 16208 432
608 16176 176
672 16144 160
496 16240 304
672 16224 496
528 16208 656
592 16256 528
592 16416 320
528 16416 320
480 16448 416
608 16288 432
544 16208 400
512 16144 400
512 16128 400
416 16128 144
512 16144 144
448 16208 176
432 16288 368
512 16288 448
448 16288 224
448 16288 -48
592 16384 -32
592 16256 128
512 16176 192
384 16176 288
352 16144 288
480 16176 352
464 16272 256
432 16384 240
592 16320 608
752 16336 400
688 16336 272
784 16224 352
880 16176 224
880 16144 208
736 16144 48
608 16192 -64
480 16144 -112
224 16144 -48
368 16176 -48
352 16208 256
336 16288 176
368 16288 160
320 16336 112
320 16448 -32
336 16448 -32
432 16240 272
416 16224 272
432 16144 160
304 16192 176
416 16240 192
416 16240 144
464 16304 176
368 16368 144
368 16288 128
416 16288 272
288 16288 320
304 16256 320
352 16176 288
496 16208 304
496 16240 320
576 16224 304
592 16224 368
592 16240 336
528 16240 464
592 16352 464
640 16352 368
640 16256 256
592 16224 336
480 16224 16
480 16064 0
272 16064 64
272 15920 64
256 15968 208
320 16016 192
336 16016 192
288 15920 48
288 16032 128
496 16032 128
432 16096 144
592 16048 352
672 16208 224
256 15504 624
384 16048 208
464 16320 256
464 16368 288
720 16384 320
672 16336 528
672 16336 672
592 16032 672
496 16240 496
800 16352 384
944 16272 272
880 16288 384
880 16240 176
800 16240 128
816 16160 128
704 16112 288
512 16208 336
480 16368 224
752 16512 208
752 16544 464
608 16544 496
608 16528 320
448 16464 336
448 16320 336
576 16240 240
512 16240 112
304 16240 320
304 16224 384
384 16192 416
448 16176 528
448 16144 304
448 16128 368
448 16128 480
400 16128 560
416 16160 560
608 16160 496
576 16272 368
560 16224 320
544 16208 384
560 16192 432
672 16224 128
464 16224 336
560 16272 256
528 16224 352
624 16208 576
752 16240 496
752 16240 400
752 16336 288
544 16224 400
496 16192 144
464 16192 144
592 16144 256
352 16128 112
368 16096 48
432 16016 0
432 15968 -208
528 16064 240
448 16240 480
416 16416 528
416 16368 448
432 16368 448
592 16320 352
592 16352 96
576 16336 0
624 16464 -128
640 16512 -32
560 16448 192
560 16400 240
464 16352 208
464 16256 240
304 16176 416
480 16160 416
480 16112 480
432 16080 464
448 16080 208
448 16016 0
448 16080 288
448 16032 208
576 16032 240
544 16176 288
528 16176 320
592 16176 432
512 16192 432
512 16080 400
640 16064 368
576 16096 0
576 16160 64
432 16080 192
512 16080 272
432 16128 272
400 16240 192
448 16336 192
304 16416 192
272 16384 416
256 16384 448
464 16352 336
480 16320 288
480 16304 -16
480 16304 224
576 16272 224
608 16304 160
416 16288 272
400 16240 240
432 16272 240
496 16192 -16
560 16208 224
640 16144 64
480 16160 112
480 16192 224
448 16208 288
400 16208 64
480 16240 64
368 16400 592
432 16272 336
512 16256 16
448 16256 16
496 16192 224
400 16256 288
528 16208 592
512 16208 672
448 16272 272
448 16144 368
528 16208 368
512 16224 272
576 16240 256
528 16224 288
576 16176 224
656 16160 464
560 16176 400
656 16208 400
656 16224 304
544 16224 272
480 16224 48
432 16240 240
336 16352 112
384 16256 272
432 16208 256
528 16176 192
576 16160 144
464 16080 -32
464 16128 0
464 16224 288
528 16336 432
528 16320 464
432 16272 432
464 16288 592
512 16096 544
592 16112 496
512 16160 416
448 16160 464
496 16144 192
432 16144 304
448 16096 496
560 16144 240
576 16032 304
528 16256 272
512 16336 272
336 16336 496
384 16272 144
288 16288 80
432 16288 192
448 16352 288
512 16352 384
592 16240 384
704 16224 272
848 16208 416
960 16192 400
960 16240 192
1024 16240 192
928 16352 -96
832 16352 240
752 16256 304
672 16336 384
560 16304 416
560 16272 576
464 16272 432
512 16272 352
512 16224 416
528 16224 224
528 16160 384
432 16160 384
240 16320 480
304 16256 224
496 16144 -64
352 16112 224
416 16160 176
352 16160 400
448 16176 240
384 16176 320
528 16112 400
528 16160 464
480 16160 464
560 16096 368
656 16256 432
656 16256 160
496 16256 160
608 16272 352
544 16320 576
496 16352 432
544 16352 208
528 16256 80
528 16208 192
496 16208 384
528 16224 384
496 16208 528
544 16176 528
576 16128 448
656 16032 528
592 16176 208
656 16336 304
640 16272 608
592 16256 528
592 16256 544
592 16144 544
592 16144 480
512 16208 416
