startup(x,y,z):(416,16240,192)
-96 17136 2512
-928 18064 2080
432 19728 1184
1792 19264 1808
336 19664 672
2512 19056 720
2512 15184 960
-576 13696 1120
-1328 14016 1664
-608 14016 1968
752 15072 1520
-1136 15568 2432
-320 21472 2256
976 24336 1968
976 23536 1680
1808 23536 1680
-1072 19712 4352
-1968 13184 8544
-1936 7792 7232
0 7488 2432
1264 12720 -3520
2640 15312 -6416
2400 16304 -8512
960 15504 -7616
-656 14096 -4672
-656 13248 -2448
-1696 13248 -1744
-1648 12864 -2160
-1472 13216 -2160
-1280 13616 -2256
-800 13856 -1456
-304 17760 -192
912 8304 -3408
288 6144 -2112
1648 20704 1232
1648 17456 800
2016 17456 800
2528 16272 -112
2656 16416 -624
2528 15744 -384
1936 15536 -288
1712 16160 592
1712 16160 992
1568 17264 992
1248 16624 640
976 16176 400
816 16448 528
784 16528 800
784 16192 352
832 16192 112
848 16032 112
1104 16192 368
1056 16176 320
928 16000 416
736 16160 752
464 16192 608
464 16304 432
368 16304 -128
512 16480 -128
800 16112 208
1264 16064 368
1136 16080 640
928 16208 224
944 16304 320
832 16224 368
864 16128 144
880 16016 80
864 16144 0
1024 16144 80
976 16176 -80
1120 16240 64
1168 16288 -32
1024 16208 64
1040 16208 64
736 16208 -16
848 16224 96
848 16256 32
928 15968 256
848 16304 160
848 16336 -416
944 16336 -416
832 16272 -480
880 16304 -352
944 16304 -240
1024 16288 -192
928 16368 -400
912 16464 -192
864 16448 -224
800 16368 -128
848 16256 -192
720 16160 -240
624 16112 -176
624 16176 -48
544 16192 64
560 16192 96
672 16192 112
272 16160 256
288 16208 272
320 16288 272
416 16240 288
496 16176 512
400 16208 448
528 16240 480
672 16256 224
608 16208 256
480 16192 320
480 16192 192
656 16288 192
496 16256 64
544 16208 448
560 16192 416
544 16192 416
784 16208 288
736 16272 304
704 16240 240
752 16240 304
720 16176 416
720 16144 240
608 16192 128
448 16240 112
544 16176 288
544 16208 304
688 16192 368
560 16128 608
528 16144 640
464 16176 368
480 16224 368
368 16160 352
368 16288 272
528 16192 304
688 16192 512
512 16240 512
400 16320 496
608 16304 448
672 16336 288
672 16192 304
816 16192 272
832 16208 272
768 16160 160
672 16208 48
656 16176 432
512 16160 464
560 16160 464
480 16160 224
496 16144 288
496 16128 160
784 16128 224
656 16128 288
672 16128 288
480 16112 464
512 16128 432
320 16096 176
80 16144 352
176 16160 528
304 16176 768
240 16128 528
240 16064 800
304 16192 592
496 16336 368
496 16336 304
528 16496 352
512 16496 368
480 16352 432
496 16272 368
512 16288 464
528 16288 592
464 16192 592
608 16112 368
624 16048 672
432 16064 688
496 16112 656
496 16096 848
496 16080 544
496 16256 640
480 16208 608
576 16160 544
512 16144 384
512 16144 144
400 16160 144
464 16144 208
464 16688 384
400 16352 480
576 16144 496
624 16400 496
544 16272 336
560 16208 320
592 16208 416
768 16208 336
752 16192 352
560 16240 320
560 16240 464
640 16272 464
768 16368 320
720 16400 384
624 16400 416
656 16384 672
624 16304 608
560 16256 496
416 16272 576
448 16176 416
512 16176 576
608 16128 528
608 16224 352
848 16240 272
688 16224 256
656 16160 400
560 16080 192
640 16080 144
576 16096 272
624 16160 272
576 16192 208
512 16304 336
544 16352 432
512 16448 400
496 16480 656
304 16352 432
352 16288 352
336 16272 320
560 16208 352
640 16160 368
704 16112 272
784 16080 320
688 16160 256
624 16192 288
688 16224 448
640 16128 240
512 16192 240
416 16160 416
528 16208 352
480 16224 352
528 16176 304
512 16160 256
576 16176 336
608 16080 368
480 16112 336
256 16224 384
176 16224 576
480 16288 320
480 16320 432
336 16368 496
336 16336 624
176 16336 752
256 16384 752
496 16336 656
576 16320 496
624 16368 320
592 16368 272
704 16368 336
752 16304 384
752 16192 48
752 16160 224
736 16160 48
832 16096 336
736 16064 288
592 16064 288
624 16064 304
544 16128 240
416 16144 512
304 16160 576
240 16144 464
240 16144 368
320 16080 320
240 16112 512
512 16032 304
448 16000 368
368 16048 352
608 16096 272
608 16096 560
512 16096 512
624 16192 512
624 16304 528
752 16384 368
720 16352 496
752 16320 560
768 16320 512
784 16256 624
656 16304 448
656 16304 400
368 16304 288
336 16240 432
336 16144 432
304 16144 112
288 16144 224
336 16192 368
368 16176 336
368 16176 224
432 16208 352
464 16208 416
464 16224 416
496 16224 448
608 16176 160
624 16112 304
672 16144 80
592 16144 336
656 16144 352
608 16192 352
560 16224 256
352 16288 400
352 16288 528
480 16272 528
512 16336 400
544 16272 288
656 16288 448
752 16208 544
704 16192 416
704 16208 368
864 16208 128
784 16224 224
736 16144 208
720 16176 208
528 16224 256
432 16272 592
512 16272 640
480 16288 560
480 16336 352
592 16304 240
480 16304 240
592 16288 64
592 16224 304
544 16176 448
496 16208 448
480 16256 576
496 16224 512
496 16240 304
480 16128 176
672 16128 176
640 16272 464
480 16224 624
544 16176 512
544 16176 432
528 16144 464
528 16128 224
608 16128 304
528 16192 304
608 16176 272
544 16112 176
480 16144 192
432 16224 128
432 16224 112
432 16352 368
384 16240 288
416 16192 464
560 16192 480
592 16272 480
592 16256 528
688 16240 608
656 16304 544
560 16352 320
560 16320 640
624 16320 480
464 16416 480
496 16352 384
480 16352 304
592 16240 416
752 16288 320
672 16208 256
640 16128 320
640 16096 112
592 16096 112
528 16080 272
528 16048 176
496 16064 288
608 16048 128
576 16192 128
624 16176 208
624 16176 192
736 16192 176
720 16192 400
624 16192 400
592 16288 560
608 16352 416
784 16352 656
800 16416 592
736 16320 320
736 16320 192
704 16256 192
688 16256 336
672 16320 176
624 16272 224
688 16352 480
624 16224 352
496 16288 400
464 16176 368
464 16176 80
336 16128 80
368 16080 -48
528 16080 -32
768 16112 16
704 16176 144
672 16224 352
672 16256 400
736 16256 480
624 16256 480
560 16320 400
576 16304 352
480 16336 336
416 16272 496
480 16304 672
624 16272 416
672 16256 272
672 16256 208
592 16304 208
736 16240 144
672 16144 240
672 16112 176
688 16096 192
736 16048 272
736 15984 288
672 16048 96
672 16048 -64
624 16096 -64
544 16112 64
432 16192 304
400 16240 240
240 16224 432
256 16272 608
256 16304 400
352 16304 416
496 16288 416
608 16416 448
624 16384 528
656 16320 512
608 16320 544
432 16160 528
400 16112 496
400 16080 496
480 16080 320
560 16048 320
496 16000 272
368 16000 144
448 16000 112
384 16064 192
352 16112 240
352 16176 208
192 16176 208
336 16208 48
544 16256 208
560 16288 48
688 16272 272
688 16336 432
752 16304 416
752 16304 256
608 16320 352
576 16384 416
560 16400 416
480 16400 624
416 16464 368
528 16336 352
400 16192 464
464 16112 304
464 16080 224
496 16080 112
528 16080 112
688 16128 144
704 16144 144
592 16144 336
608 16160 496
656 16128 432
656 16128 160
656 16160 160
704 16080 480
608 16128 384
576 16176 400
608 16224 352
608 16384 288
368 16384 384
432 16480 384
624 16384 480
608 16336 640
496 16352 720
512 16256 480
512 16272 352
576 16272 368
560 16160 368
640 16096 416
832 16000 336
784 16080 144
672 16128 224
672 16160 256
640 16160 416
672 16112 416
608 16272 -16
704 16336 288
592 16256 320
576 16208 256
576 16160 208
816 16160 208
608 16208 272
560 16272 656
640 16256 448
672 16304 224
448 16320 176
448 16368 176
576 16368 176
672 16256 576
704 16304 656
688 16288 656
560 16272 480
560 16192 544
512 16192 352
608 16144 352
512 16048 304
432 16128 384
432 16224 384
464 16160 496
464 16240 256
576 16240 448
352 16256 448
432 16272 496
496 16288 480
496 16352 400
720 16144 544
