startup(x,y,z):(464,16160,112)
544 16400 880
400 16336 736
384 16256 720
368 16240 832
384 16464 1264
288 16512 1296
288 16784 1760
608 16912 2224
608 17264 2032
832 17296 2080
832 17296 2592
176 16656 3760
2624 16720 112
1616 19520 112
880 26032 1952
-10000 17392 7856
-12336 17440 12320
7200 28848 -4368
8704 31696 -1200
4560 31696 9408
1760 25952 9408
2848 19120 11664
1296 16912 1232
768 16000 -2752
608 14624 -4960
672 13136 -5536
432 12352 -4640
432 11744 -4000
576 11744 -4224
1648 11968 -2144
2432 11856 -2144
3424 11568 -3120
4464 11344 -3952
4272 10848 -3952
4528 10384 -4688
4528 10480 -3376
4336 10480 -1824
3920 10640 -1824
3568 10624 -2736
2832 10800 -3056
1296 10720 -2976
-48 10688 -2304
-1616 11152 -192
-1616 12560 2208
-3056 12560 5536
-4672 15184 5552
-5584 17152 4896
-4800 18272 2496
-2608 18832 1488
-1136 17792 1168
-944 16352 928
-944 15632 592
-256 15456 176
672 15776 -208
1568 16064 -176
1568 16064 224
2000 16224 176
1904 16144 176
1632 15616 -112
1760 15136 -528
2336 14688 -592
2912 14448 -1008
3456 14576 -1120
3568 15008 -800
3744 15408 -624
3744 15632 -480
3808 15632 -608
3712 15840 -608
3840 16000 -592
4048 16256 -864
32 11968 -32
32 13408 -1456
-32 14416 -2000
960 14416 -1904
1632 14656 -1904
2224 15120 -1424
2672 15456 -896
1664 14800 -5472
2016 14848 -4752
2592 14592 -3904
2592 15904 480
4400 15904 480
3920 16128 -304
4352 16752 800
4016 17072 -32
4368 17904 784
3440 17488 -800
2640 16544 -1952
2928 16320 -1392
2928 16320 -1408
3280 16320 -64
3808 16576 -64
3792 15840 -1424
4816 15696 -288
5008 16016 128
5312 16128 -256
5248 16000 -864
5552 16064 -544
5552 15888 -688
6096 16416 -144
5792 16400 -448
5680 16400 -912
5936 16496 -880
5696 16272 -1264
5696 16272 -1520
5472 16240 -1520
5360 16272 -1056
5472 16784 -880
5616 17104 -816
5616 16272 -1152
5648 16272 -1296
5728 15744 -1296
6016 15616 -1520
6032 15536 -1456
5776 15456 -1520
5424 15312 -1424
4848 15520 -1024
4848 15728 -896
4640 15728 -992
4560 15824 -976
4688 15824 -976
4592 15744 -896
4688 15664 -864
4656 15792 -912
4672 15888 -944
4704 15920 -896
4704 15872 -976
4608 15920 -832
4656 15920 -800
4928 15792 -800
5152 15696 -1056
5072 15280 -848
5344 15104 -880
4944 15488 -1088
5168 15008 -1200
5616 14752 -1200
5616 14560 -1200
6192 14912 -1456
6352 15232 -1392
5760 15232 -1392
5920 14912 -1360
6176 15056 -1568
6080 15072 -1408
6016 14960 -1232
6176 14992 -1424
6176 14896 -1488
6224 14896 -1504
6320 15008 -1504
6144 15040 -1408
5968 15104 -1152
5888 15248 -1152
5920 15168 -1232
5712 15168 -1136
5600 15152 -1024
5824 15264 -1088
5840 15264 -1168
5680 15216 -896
5520 15232 -864
5440 15216 -1008
5264 15232 -832
5408 15280 -944
5472 15312 -1264
5472 15312 -1120
5536 15296 -1216
5632 15296 -1200
5680 15280 -1200
5728 15248 -1216
5728 15264 -1376
5840 15184 -1552
5744 15168 -1440
5744 15104 -1424
6064 15104 -1296
6080 15120 -1296
6432 15168 -1280
6576 15152 -1344
6128 15280 -1296
5184 15248 -1152
4880 15472 -992
4880 15472 -1584
5216 15216 -1584
5568 15088 -1616
5904 15104 -1520
6000 15104 -1216
5616 15120 -1168
5424 15296 -1184
5424 15520 -976
5120 15520 -1072
5152 15440 -1072
5120 15376 -912
5408 15360 -1088
5584 15328 -928
5712 15296 -1136
5712 15296 -1264
5520 15376 -1264
5584 15344 -1104
5696 15168 -1200
5920 15056 -1408
5808 15120 -1312
5888 15184 -1344
5888 15216 -1360
5872 15200 -1456
5936 15200 -1456
6080 15056 -1696
5936 15056 -1392
5920 15056 -1520
6000 15120 -1376
5952 15088 -1264
5952 15120 -1296
5760 15120 -1328
5920 15200 -1328
5792 15264 -1488
5776 15264 -1392
5744 15232 -1456
5744 15216 -1280
5808 15184 -1056
5808 15168 -1408
5648 15168 -1408
5568 15136 -1264
5696 15152 -1232
5776 15200 -1408
5712 15264 -1568
5792 15232 -1456
5792 15216 -1584
5712 15184 -1504
5648 15168 -1568
5872 15168 -1568
5744 15200 -1360
5792 15152 -1264
5808 15088 -1344
5872 14928 -1376
6032 15008 -1456
6048 15008 -1408
6048 15008 -1360
6208 14896 -1376
6288 15008 -1648
6288 15072 -1664
6208 15072 -1392
6112 15008 -1392
6288 14848 -1408
6432 14896 -1552
6336 14864 -1536
6144 14896 -1488
6016 14960 -1584
6032 14976 -1664
6064 14944 -1440
6144 14944 -1376
6000 15040 -1216
6016 15216 -1584
6016 15280 -1456
6112 15232 -1408
5968 15248 -1504
6016 15248 -1280
5792 15216 -1280
5920 15120 -1408
5952 15008 -1424
5936 15088 -1344
6000 15200 -1296
6000 15072 -1280
6000 15040 -1456
6016 15040 -1456
6128 14976 -1296
6320 14992 -1488
6432 14976 -1776
6144 15040 -1776
5952 15040 -1632
6128 15104 -1520
6160 15008 -1552
6160 15008 -1568
6048 15008 -1536
6016 14992 -1536
5952 15008 -1536
5824 14944 -1360
5888 14896 -1312
6032 14944 -1456
6080 14912 -1536
6048 14944 -1392
6048 14944 -1568
6192 14944 -1552
6128 14848 -1552
6208 15008 -1616
6160 15152 -1616
5968 15152 -1632
5952 15136 -1344
5856 15136 -1408
5856 15184 -1392
6048 15168 -1312
5856 15200 -1344
5952 15200 -1344
6032 15216 -1504
6080 15248 -1600
6112 15104 -1920
6224 15104 -1808
6208 15152 -1648
6208 15024 -1536
6208 15024 -1536
6032 15056 -1328
6192 14944 -1600
6208 14944 -1472
6256 14864 -1680
6144 14928 -1616
5888 14912 -1632
5904 15056 -1408
6000 15040 -1440
6000 14944 -1584
5984 14944 -1696
6128 15008 -1696
6032 15200 -1488
5952 15232 -1536
5920 15152 -1648
5984 15008 -1536
5968 15120 -1488
5984 15216 -1808
5984 15184 -1584
5968 15072 -1408
5968 15008 -1136
5936 15008 -1344
6176 14992 -1344
6208 14976 -1424
6208 15072 -1392
6096 15120 -1344
6096 15248 -1584
6224 15152 -1648
6240 15008 -1792
6336 14992 -1520
6336 15040 -1456
6288 15040 -1440
6240 15008 -1440
6256 14960 -1376
6240 14960 -1456
6160 14944 -1168
6352 14800 -1408
6416 14768 -1568
6368 14880 -1632
6368 14928 -1808
6256 15040 -1600
6288 15040 -1504
6128 15008 -1504
6192 15024 -1552
6144 15056 -1392
6048 15088 -1664
6080 15136 -1680
6080 15152 -1360
5952 15152 -1504
5952 15104 -1584
6112 15104 -1600
6112 15008 -1600
6240 14992 -1472
6208 14976 -1552
6080 15088 -1584
6080 15120 -1328
6080 15088 -1344
6096 15056 -1472
6080 15056 -1504
5920 15136 -1504
6000 15104 -1504
6000 15120 -1616
6032 15072 -1472
6144 15120 -1632
6128 15056 -1568
6128 15072 -1600
6272 15072 -1520
6272 14960 -1696
6240 15056 -1616
6224 15040 -1792
6272 14944 -1600
6272 14928 -1840
6288 14928 -1824
6176 15024 -1536
6096 15088 -1536
5984 15104 -1536
6080 15056 -1360
6128 14912 -1504
6272 14848 -1664
6272 14848 -1680
6272 14864 -1680
6192 15088 -1568
5936 15248 -1600
6096 15232 -1568
6048 15136 -1472
5968 15216 -1472
6000 15184 -1568
5968 15088 -1360
6000 15040 -1504
6144 14976 -1568
6032 15040 -1536
6064 15024 -1520
6064 15088 -1360
6160 15056 -1392
6128 15120 -1392
6112 15152 -1472
5952 15120 -1328
5936 15056 -1264
5952 15088 -1216
5888 15168 -1168
6080 15088 -1344
6064 15184 -1680
6032 15104 -1552
6064 15008 -1520
6048 15056 -1360
6064 15136 -1488
6064 15136 -1504
6160 15024 -1408
6144 15056 -1440
6144 15088 -1328
6192 15136 -1440
6256 15088 -1456
6128 14992 -1488
6016 15072 -1488
6080 15088 -1376
6128 14992 -1472
6192 15088 -1472
6128 15040 -1504
6128 15104 -1488
6112 15120 -1456
6048 15056 -1456
5968 15136 -1328
6048 15088 -1456
6128 15072 -1168
6128 15088 -1408
6048 15088 -1184
5984 15088 -1328
6096 15088 -1200
6144 15120 -1328
6144 15040 -1376
6256 15040 -1456
6288 15072 -1456
6240 14960 -1520
6288 14960 -1520
6160 15040 -1408
5968 15104 -1360
6096 15088 -1552
6128 15056 -1808
6192 15056 -1776
6096 15136 -1760
5968 15184 -1584
6032 15120 -1472
6032 15120 -1328
6032 15056 -1328
6160 15104 -1424
6064 15072 -1312
6000 15040 -1456
6112 15040 -1792
6144 15024 -1552
6112 15008 -1120
6208 14960 -1120
6016 14960 -1376
5824 15056 -1392
5968 15024 -1248
6112 15072 -1472
6048 15072 -1504
6128 15040 -1392
6128 15120 -1392
6176 15120 -1440
6192 15072 -1488
6192 15072 -1488
6032 15168 -1488
5936 15184 -1312
6016 15072 -1200
5808 15072 -1088
5984 15120 -1344
6112 15040 -1376
5952 15088 -1344
5952 15088 -1424
6112 15280 -1216
6048 15280 -864
6032 15136 -864
6080 15072 -976
6048 15104 -1136
5936 15152 -1360
5968 15088 -1360
5984 14960 -1440
5808 14992 -1312
5824 15152 -1312
5824 15152 -1280
5920 15328 -1232
5968 15184 -1232
6128 15136 -1264
6112 15248 -1312
6192 15296 -1440
6256 15216 -1424
6256 15216 -1424
6192 15056 -1200
6448 15040 -1200
6224 14976 -1232
6240 14944 -1264
6240 14896 -1184
6272 14896 -1264
6336 14944 -1280
6336 14928 -1152
6304 14928 -1200
6240 14992 -1200
6400 15024 -1360
6448 14880 -1328
6400 15024 -1360
6384 15024 -1312
6256 14976 -1360
6224 14976 -1360
6272 14912 -1152
6240 14944 -1648
6192 15024 -1632
6288 15040 -1632
6288 15024 -1488
6272 15024 -1344
6192 15024 -1168
6304 15008 -1232
6368 15008 -1232
6336 15008 -1248
6256 14992 -1408
6080 15248 -1472
6032 15120 -1216
6016 15040 -1248
6224 15024 -1360
