startup(x,y,z):(160,16176,400)
-480 16336 2480
448 16880 4080
-304 17424 4400
736 17808 4400
64 17808 5168
464 17696 4928
192 17536 4688
656 18048 3584
624 18592 2016
624 18976 2272
464 18976 2272
1728 18928 2960
1104 18736 3248
1872 18016 3824
1296 16592 4896
864 14896 5184
832 13520 8304
-2736 11504 12688
-2736 11504 13792
-128 11184 13792
624 13424 11216
1504 16464 9760
2960 12112 13456
2864 10240 10928
2864 10048 6096
2352 10048 1552
1344 11056 1552
432 12384 -1200
-128 13440 -2736
-432 14368 -3056
-256 14896 -2928
-256 15360 -3248
176 15360 -3024
384 15760 -3024
352 16000 -2976
112 16160 -3168
-64 16176 -3360
-192 16160 -4128
-192 15712 -3760
-352 15712 -3696
-384 15440 -3504
-288 14848 -3504
-64 14352 -2976
32 14224 -1776
32 14224 -1280
-224 14368 -1280
-304 14560 -320
-352 14864 432
-208 15040 992
-208 15072 1632
-224 15072 1792
-160 15808 1712
-256 15808 1712
-400 16208 1520
-224 16640 1040
48 16944 592
48 17168 480
304 17168 480
400 17440 512
560 17744 544
784 18016 672
800 18304 720
800 18304 800
656 18512 928
608 18512 1008
800 18576 1008
848 18608 1120
1024 18384 1040
1040 18240 1136
1024 17968 896
1024 17648 1040
944 17648 1040
960 17216 1280
960 16944 1280
880 16688 1360
976 16464 1152
976 16240 992
976 16144 848
992 16144 848
976 15984 736
848 16032 848
752 15952 816
752 16032 976
832 16032 784
800 16160 784
784 16048 560
816 16032 416
720 15824 576
448 15584 800
448 15248 928
416 15248 1120
528 15232 1120
512 15168 1120
256 15168 1312
224 15168 1168
224 15152 1472
256 15152 1472
368 15184 1376
320 15136 1424
432 15152 1328
448 15072 1248
304 15088 1536
304 15216 1520
160 15216 1520
272 15392 1360
144 15744 1136
144 15968 880
144 16096 960
176 16096 1072
176 16064 1072
128 16144 1008
112 16144 928
160 16192 960
32 16176 1008
48 16144 1072
48 16160 1040
0 16160 784
176 16112 784
304 16208 592
336 16160 512
368 16128 768
368 16256 784
272 16256 896
352 16368 1024
416 16368 1024
336 16416 928
256 16352 688
208 16336 944
208 16208 1024
112 16208 1024
176 16208 976
160 16288 768
320 16256 928
288 16288 848
288 16256 752
416 16336 672
416 16336 560
368 16336 560
416 16320 720
528 16320 672
640 16384 640
640 16384 880
528 16384 880
656 16416 784
656 16384 800
592 16384 704
480 16224 752
256 16160 912
256 16160 992
176 16160 944
80 16192 944
-16 16160 720
144 16176 784
128 16128 624
128 16144 768
176 16144 768
224 16064 624
176 16000 656
128 15984 672
192 15936 720
224 15888 624
240 15824 528
240 15824 1040
0 15792 816
16 15792 528
-96 15792 672
-128 15712 992
-112 15760 976
-112 15760 816
64 15760 800
64 15904 800
48 15984 560
-16 16000 336
32 16080 288
96 16032 496
96 16032 608
208 16032 608
256 16032 544
288 16112 544
512 16128 576
512 16144 720
480 16176 800
448 16192 480
432 16192 480
480 16240 912
448 16256 528
464 16368 544
464 16432 576
320 16432 576
208 16480 736
256 16400 864
240 16320 608
16 16176 624
16 16160 816
16 16048 960
0 16048 960
128 15968 832
192 15872 864
208 15968 800
208 16096 960
160 16096 960
192 16272 848
304 16384 880
368 16448 512
144 16480 640
144 16496 688
128 16384 784
128 16384 864
-80 16256 864
16 16176 1152
144 16064 1008
112 15952 800
0 16032 864
0 15968 896
16 15968 896
-80 16032 752
16 15952 896
48 15920 880
64 15936 896
-32 16000 800
-32 16000 592
-128 16064 592
80 16112 640
48 16032 544
208 15952 672
64 16032 544
64 15952 416
128 15952 416
96 15984 368
48 15984 528
-64 16048 496
-48 16256 400
112 16160 496
112 16160 384
208 16128 384
336 16144 352
256 16240 208
176 16272 288
176 16192 160
64 16192 80
224 16208 80
352 16224 144
416 16176 208
400 16272 432
368 16368 576
368 16400 160
336 16400 160
208 16496 160
400 16432 240
208 16320 64
240 16224 208
240 16224 400
256 16192 400
96 16176 432
0 16192 480
80 16176 272
128 16224 400
80 16208 352
80 16256 368
96 16256 96
208 16256 96
96 16240 240
-16 16320 208
32 16320 272
320 16352 224
320 16336 192
384 16304 368
352 16304 432
368 16288 432
384 16320 432
352 16272 448
352 16144 368
352 16144 624
368 15984 624
320 15984 624
384 15968 176
368 15872 432
208 15904 512
224 15968 320
240 16032 576
240 15984 944
432 15984 944
336 16048 640
464 16032 400
224 16016 528
224 16096 400
224 16096 432
240 16288 432
304 16400 480
256 16416 368
160 16368 368
-64 16320 304
-64 16336 256
-16 16336 336
32 16272 336
144 16176 416
80 16096 320
80 16112 336
80 16128 384
224 16128 384
240 16016 96
288 16064 96
240 16176 16
336 16160 -176
288 16144 192
272 16208 272
272 16224 368
176 16224 496
240 16192 496
208 16192 704
32 16032 704
-32 15968 608
-112 16032 608
-16 16032 736
-16 16032 416
16 16112 416
288 16112 416
272 16112 384
240 16208 464
240 16208 736
368 16192 784
272 16304 784
352 16352 528
400 16352 656
336 16384 480
304 16416 240
256 16320 240
256 16176 208
240 16176 208
272 16160 336
112 16048 336
80 15968 304
112 15888 304
192 15920 448
176 15952 544
128 15920 544
192 15888 336
192 16000 608
224 16000 608
272 16080 752
336 16208 640
304 16304 528
304 16384 368
224 16368 304
224 16368 304
304 16432 432
320 16304 512
400 16304 464
320 16240 512
320 16160 496
256 16128 480
256 16128 608
272 16048 784
336 15952 784
320 15904 560
384 16000 688
416 16112 624
416 16128 512
352 16128 528
384 16096 528
432 16096 528
400 16080 464
384 16144 432
480 16224 416
480 16208 240
352 16208 240
320 16128 528
256 16112 368
240 16144 144
208 16128 208
208 16128 240
96 16048 -16
224 16048 64
112 16064 64
96 16064 400
128 16128 368
128 16128 512
128 16128 560
48 16080 560
160 16112 576
176 16224 112
288 16192 288
288 16256 208
192 16176 576
176 16192 432
240 16192 432
176 16320 480
272 16192 400
240 16256 272
240 16288 320
192 16288 320
192 16336 240
240 16288 176
192 16192 64
176 16208 240
144 16096 288
112 16096 208
112 16080 32
144 16080 32
192 16048 240
128 16064 496
48 16208 624
0 16192 576
0 16192 544
128 16160 544
80 16208 512
224 16288 448
144 16240 384
160 16240 400
208 16240 368
208 16240 544
144 16272 544
32 16272 464
192 16208 304
176 16288 224
176 16288 224
-16 16224 224
48 16128 560
32 16016 512
32 15952 400
-208 16016 464
-64 15968 384
-64 15968 512
-32 16016 512
-32 15984 448
16 15984 464
48 15840 688
48 15968 608
80 15968 784
32 16064 784
48 16144 784
-48 16176 576
16 16240 384
48 16400 240
128 16368 384
128 16368 256
176 16416 256
208 16400 304
224 16336 416
160 16192 416
160 16112 480
192 16112 480
128 16112 352
128 15984 352
112 15952 480
160 16032 416
128 16080 464
192 16096 592
192 16000 416
240 16000 336
176 16048 336
176 16128 64
144 16176 432
32 16128 384
64 16064 336
64 16080 400
128 16080 544
16 16128 544
112 16192 448
144 16224 272
144 16096 400
176 16144 496
320 16144 448
256 16080 448
-16 16128 272
80 16112 144
192 16128 160
192 16112 144
288 16112 96
288 16016 176
144 16016 176
128 16048 112
240 16032 208
208 16048 16
80 16064 96
80 16048 176
96 16048 176
256 16096 -64
128 16048 -96
112 16032 192
80 16112 400
-16 16192 240
-16 16192 288
112 16192 64
272 16256 64
240 16256 160
272 16128 128
48 16208 -32
48 16240 80
-16 16240 -16
48 16224 80
80 16208 80
-64 16176 48
32 16064 -288
192 15968 -448
336 16000 -272
336 16064 32
192 16064 160
304 16096 160
336 16112 80
272 16224 160
288 16192 112
304 16256 64
208 16240 96
208 16240 0
0 16192 0
-16 16144 256
96 16032 176
-32 16000 256
-32 15936 240
80 15936 80
32 15952 80
