startup(x,y,z):(480,16240,208)
576 22560 1424
-208 22128 1408
512 19760 1408
-320 17584 2192
-1104 15824 4480
272 11568 6640
1552 11056 2976
1952 18624 -1088
4576 21616 -5440
3152 20848 -5520
1936 18384 -3728
1248 16112 -1584
992 14432 -112
736 13424 400
416 13344 -304
416 14240 -512
304 14240 -592
368 16784 -304
320 16528 -384
128 16256 -640
-240 15808 -1296
-240 15808 -1344
-336 15696 -720
-512 15968 -720
-640 16352 -128
-832 16848 -384
-880 17200 -768
-704 17168 -1168
-496 16960 -1376
-496 16656 -1344
-48 16464 -1072
528 16368 -1168
528 16224 -1104
608 16224 -1088
528 16240 -1088
496 16448 -960
688 16496 -960
832 16528 -912
928 16448 -624
1264 16384 -624
1456 16384 -880
1600 16256 -656
1712 16240 -224
1680 16144 -208
1632 16176 -16
1632 16176 48
1488 16176 48
1616 16224 224
1280 16320 336
896 16256 496
960 16320 400
752 16432 400
672 16512 384
672 16512 272
624 16544 224
528 16416 192
528 16416 400
496 16400 400
688 16272 416
608 16336 272
576 16304 384
544 16224 720
560 16192 368
560 16160 240
336 16048 336
304 16016 192
304 15824 208
304 15936 304
288 15936 304
240 16048 304
176 16128 448
224 16160 448
336 16144 368
384 16240 176
384 16272 272
256 16272 464
208 16272 384
304 16160 208
256 16176 320
256 16304 464
-32 16304 464
-176 16288 480
-64 16288 528
-112 16240 736
-16 16336 592
192 16352 400
352 16496 224
608 16512 320
608 16496 160
464 16496 160
576 16464 224
624 16368 368
512 16288 368
464 16176 384
416 16240 256
448 16112 176
416 16064 208
432 15968 -224
544 15904 -224
608 15936 -192
496 15968 -256
384 16000 16
336 16144 -48
448 16240 0
240 16384 -144
416 16384 240
416 16432 272
432 16416 320
240 16400 256
160 16384 320
160 16304 128
-32 16304 128
-176 16208 112
16 16176 80
80 16144 112
32 16176 -96
128 16176 -16
240 16224 -64
0 16144 192
64 16032 160
64 16048 224
112 16048 224
160 16048 288
384 16160 464
160 16256 416
256 16400 592
144 16448 688
144 16400 512
304 16448 592
304 16448 576
112 16368 384
160 16464 384
112 16352 384
64 16208 208
240 16144 240
256 16080 400
272 16080 432
272 16016 288
384 16096 544
224 16064 336
176 16096 256
128 16160 400
112 16176 560
96 16224 432
112 16208 480
80 16176 608
80 16128 400
304 16112 592
384 16240 448
416 16272 384
416 16352 256
432 16352 480
304 16272 576
224 16272 576
112 16208 656
112 16192 416
192 16096 272
144 16032 272
32 16000 432
96 15936 400
144 16080 416
144 16128 352
48 16256 496
96 16336 496
-64 16304 512
-64 16384 592
-80 16384 848
128 16416 800
208 16368 688
96 16304 592
112 16320 464
176 16208 672
208 16288 512
208 16304 368
128 16304 400
128 16240 400
112 16192 704
-64 16192 656
16 16112 672
-48 16160 656
-32 16144 704
64 16144 672
64 16176 576
48 16176 752
-32 16176 752
80 16176 656
128 16176 496
160 16176 464
240 16160 720
288 16096 576
240 16032 608
384 16112 560
160 16208 528
144 16192 640
-80 16176 624
32 16176 960
80 16192 880
96 16240 784
144 16304 608
224 16336 352
352 16320 480
352 16272 592
272 16256 560
192 16256 672
144 16176 672
208 16080 960
96 16064 656
32 16080 608
-16 16128 688
160 16224 496
160 16304 704
-144 16304 704
0 16272 656
0 16320 640
80 16336 656
-48 16288 576
-176 16304 496
-176 16320 448
-240 16320 320
-112 16384 320
96 16320 480
176 16192 496
96 16192 432
192 16160 416
96 16176 608
-32 16176 768
-32 16256 656
-128 16256 656
-176 16192 736
-32 16160 512
112 16224 496
192 16272 576
160 16224 704
144 16224 752
-16 16192 720
48 16256 864
48 16160 640
48 16240 592
0 16240 912
-64 16304 912
-112 16352 720
-16 16288 624
64 16256 496
-80 16192 704
-80 16096 672
-96 16032 464
-96 16016 576
64 16080 768
48 16080 544
192 16096 544
224 16144 624
-80 16144 688
-48 16224 848
-48 16256 768
-48 16256 720
-160 16320 704
-112 16304 704
-64 16320 528
-112 16320 608
-288 16272 608
-16 16256 832
-16 16208 560
48 16208 560
16 16112 624
128 16192 592
96 16224 672
192 16240 208
176 16352 528
176 16288 624
128 16288 560
128 16304 560
64 16288 640
-16 16288 288
0 16256 416
0 16224 496
48 16160 320
-48 16160 320
-48 16064 192
-64 16080 384
0 16080 656
-112 16144 592
-112 16080 512
0 16080 496
-160 16224 496
-128 16208 384
-192 16176 288
-272 16064 304
-112 16032 304
-112 16048 752
-96 16224 896
96 16224 720
48 16352 432
48 16512 432
16 16560 336
-32 16416 624
-32 16288 128
-32 16176 288
-32 16176 416
48 16096 416
112 16080 336
-16 16112 352
-32 16144 368
-96 16128 112
-192 16144 320
-80 16128 368
-80 16224 160
16 16224 496
48 16160 496
48 16208 32
96 16144 16
128 16192 240
128 16224 304
224 16304 304
96 16304 784
160 16272 784
64 16288 704
48 16272 736
-160 16224 672
-160 16160 768
-160 16192 688
-80 16192 688
-64 16224 672
0 16304 400
48 16272 576
32 16320 608
32 16304 416
-112 16304 320
-240 16336 384
-224 16240 288
-336 16208 288
-192 16160 112
-224 15968 208
-96 15904 144
-96 15968 432
-64 15968 304
-48 15968 288
32 16032 304
-32 16096 464
-80 16064 432
-144 16224 448
144 16256 320
32 16272 288
128 16256 208
128 16416 272
48 16416 416
64 16544 416
-32 16496 368
-208 16496 496
-224 16480 368
-128 16368 432
-256 16256 624
-192 16064 704
-448 16032 464
-304 16032 400
-512 16016 400
-272 16080 304
-400 16112 448
-224 15952 880
0 15936 480
0 15952 368
0 16032 528
-128 16032 608
48 16128 672
48 16128 560
16 16096 560
240 16144 576
192 16208 512
0 16192 560
0 16160 480
112 16240 528
112 16240 480
112 16224 480
112 16240 592
-48 16384 720
0 16432 464
-80 16448 560
-80 16448 624
-272 16288 624
-224 16208 656
16 16192 368
-16 16128 272
48 16144 304
0 16160 416
0 16112 512
-144 16112 416
-224 16176 416
-32 16144 272
80 16256 336
64 16320 272
96 16272 384
96 16320 384
96 16320 352
64 16288 336
64 16256 416
-16 16256 416
64 16272 336
64 16400 288
128 16464 352
128 16480 576
128 16432 448
-96 16432 192
-176 16432 64
-272 16272 384
-352 16192 432
-144 16192 352
-272 16224 288
-240 16272 192
-256 16272 320
-224 16336 432
-352 16288 288
-320 16272 576
-176 16272 448
0 16208 528
32 16208 528
-32 16208 480
-16 16240 784
-144 16352 736
-224 16304 832
-176 16432 752
-16 16416 848
-16 16416 704
48 16400 704
64 16368 720
80 16272 800
224 16208 784
224 16064 592
208 16016 384
208 16016 384
64 16048 384
0 15968 400
-80 16016 576
-112 16064 496
-128 16144 560
-128 16176 752
-144 16176 752
-128 16336 656
-112 16304 576
-112 16320 512
-128 16320 560
-96 16320 592
-96 16432 496
-208 16432 752
-224 16352 592
-192 16368 592
-160 16320 448
-80 16272 448
16 16256 288
16 16256 336
-32 16144 336
-48 16080 144
0 16016 416
32 15936 304
0 15936 528
0 16016 464
-64 16016 208
-80 16176 208
-112 16256 352
-128 16272 448
-192 16288 128
-192 16272 512
-128 16336 464
-16 16336 512
-16 16352 512
0 16320 464
-16 16304 448
-160 16288 400
-64 16288 432
-64 16272 624
-320 16272 624
-320 16208 560
-112 16080 608
-160 16032 400
-160 15984 512
-80 16064 464
-80 16000 416
-160 16000 416
-160 16064 288
-272 16064 192
-96 16080 96
-192 16112 240
-304 16176 416
-304 16176 320
-368 16240 320
-288 16288 416
-416 16256 512
-288 16352 400
-288 16352 448
-288 16288 128
-176 16288 288
-240 16368 288
-208 16336 384
-320 16400 448
-224 16384 384
-224 16224 368
-224 16224 416
-176 16224 416
-128 16112 368
-96 16112 608
-144 16176 272
-304 16160 288
-272 16144 288
-272 16176 304
-256 16176 304
-160 16128 96
-256 16160 192
-208 16208 272
-128 16208 368
-128 16208 544
-112 16272 480
-192 16320 480
-64 16352 720
-32 16320 576
