startup(x,y,z):(400,16192,32)
224 16192 736
496 16032 848
496 16320 1120
560 16320 1120
704 16960 1072
816 16896 1392
864 16800 1440
688 16672 1376
640 16480 1104
816 17472 352
816 17008 304
848 16528 528
656 16336 784
464 16384 704
448 16352 1120
672 16352 1200
512 16256 1200
592 16224 928
704 16288 1088
512 16288 1088
-144 16224 1072
112 16208 1040
224 16208 928
448 16288 1072
288 16320 992
352 16352 1232
352 16304 1488
288 16304 1488
336 16256 1248
320 16208 1152
256 16112 1200
288 16096 1504
304 16240 1616
304 16256 1360
432 16160 1376
448 16160 1328
464 16208 1424
464 16208 1664
368 16176 1664
720 16256 1424
960 16112 1568
496 16288 1664
192 16208 1616
368 16160 1776
544 16112 1792
384 16144 2032
272 16192 1936
256 16288 2224
432 16352 2560
480 16256 2784
512 16352 2688
432 16320 2688
432 16304 2928
496 16304 3152
448 16352 3120
464 16352 3088
448 16272 3088
432 16240 3104
400 16304 3248
400 16240 3232
416 16192 3136
400 16144 3152
496 16128 3344
576 16016 3504
608 16000 3408
480 16032 3392
384 16016 3488
304 16016 3456
304 15968 3440
432 16016 3376
368 16016 3376
160 16064 3424
176 16048 3440
96 16064 3264
64 15984 3072
16 15920 3408
16 15824 3504
176 15776 3392
544 15760 3488
-576 15088 3584
-576 14848 3568
-112 14848 3712
80 15088 3712
64 15280 3840
80 15424 3824
416 15488 4000
448 15488 4000
512 15552 4368
576 15568 4448
544 15552 4448
432 15552 4288
432 15664 4656
368 15648 4512
352 15536 4496
352 15440 4608
368 15424 4672
368 15360 4976
160 15312 4784
96 15392 4784
-128 15344 4592
-128 15424 4608
-256 15456 4736
0 15456 4928
256 15360 4928
208 15168 4976
544 15104 4864
544 15024 4848
640 14912 4976
608 14960 4912
528 14944 5072
752 15456 4384
720 14960 4912
-144 15984 4976
-144 17744 4928
512 16256 6160
-400 16256 5856
-480 16720 5856
-1328 17264 5504
-1280 15872 5600
-1488 16496 5088
-1248 15680 5312
-448 17472 4528
496 15680 4832
64 15200 4672
544 15248 4192
544 14496 4480
928 14992 4752
2144 16176 4400
1632 21456 1856
1584 21456 3536
1072 16320 4160
1456 15296 4880
1680 14656 5472
1680 14656 5696
1040 14704 5824
1040 14704 6208
1344 16256 6304
-256 16528 6304
-848 16000 6256
-608 15472 6032
-32 15056 5824
368 15024 6304
400 15136 6304
288 15104 6016
-64 15104 5856
-48 15136 6048
-224 15184 6144
-224 15168 6400
-272 15056 6560
-304 15056 6288
-176 14928 6288
48 14896 6080
64 14784 5952
144 14832 5952
112 14912 5984
224 15008 5984
288 14992 5952
336 15024 6176
384 15040 6064
528 15104 6000
416 15136 6240
400 15120 6128
208 15120 6208
224 15136 6080
224 15152 6336
272 15152 6144
176 15104 6144
112 15088 6272
320 15024 6336
384 14960 6192
544 14992 6048
480 14944 6080
512 14928 6176
496 14848 6000
464 14864 6416
608 14928 6272
640 14848 6016
640 14896 5984
544 14896 5984
464 14928 5984
400 14960 6080
384 14992 6176
480 15072 6224
464 15072 6224
384 15088 5952
416 15104 6128
304 15088 5920
320 15088 5920
352 15088 6000
384 15040 5984
448 14992 6144
384 15008 6128
416 14960 6016
416 14944 6064
384 14880 6000
400 14896 5952
432 14880 6096
304 14944 5904
304 15024 5856
304 15104 6032
352 15072 6064
352 15056 6032
384 15040 6240
384 15056 6192
400 15104 6160
400 15104 6368
288 15040 6368
272 15024 6320
192 14992 6176
288 15056 6128
208 15104 6080
464 14960 6096
560 14912 6224
592 14992 6128
608 14944 6368
432 14976 6080
416 14960 6032
464 15056 6000
400 15104 6048
400 15088 6336
368 15088 5744
496 15104 5744
608 15008 5888
480 14928 5840
416 14992 6032
320 15040 6128
368 14992 6160
368 14992 6144
432 15040 6144
560 15024 6016
480 14944 6032
560 14976 6016
528 14992 6000
656 14960 6000
656 15024 6096
608 15024 6080
560 15072 6064
496 15056 6064
528 15056 6000
400 15104 6000
624 15120 6064
448 15104 6192
480 15120 6144
448 15136 6208
368 15120 6016
368 15072 6064
496 15072 5856
480 15088 5856
416 15088 6016
368 15072 6112
496 15056 6096
432 14976 5952
416 14992 5872
320 15040 5872
352 15056 5936
400 15008 6048
352 15040 6256
352 14992 6128
320 15088 6128
288 15104 6096
288 15104 6224
528 15056 6224
512 15088 6080
592 15136 5936
592 15120 6080
400 15136 6064
368 15104 5824
384 15120 5872
272 15088 5824
272 15088 6240
352 15104 6176
288 15024 6176
352 15072 6048
336 15040 5696
288 15024 6032
224 15072 6032
368 15008 6000
416 15104 5728
336 15104 5936
240 15152 5920
240 15120 5920
400 15120 5920
400 15008 5920
480 15024 6128
464 15088 5824
496 15104 5808
496 15088 5888
656 15088 5888
544 15136 5968
512 15136 5936
464 15072 5936
480 15088 6032
592 15152 5840
512 15024 6000
480 15072 5776
480 15024 6240
464 15024 6240
656 15104 6048
576 15040 5872
464 15120 5840
320 15040 5808
288 15072 5872
224 15168 5680
256 15088 5728
256 14992 5760
272 14992 5760
256 15056 5888
304 15104 5856
112 15152 6032
336 15120 6176
336 15168 6128
400 15168 5728
432 15120 5728
448 15136 5904
400 15104 5904
368 15056 6208
256 15056 6128
0 14976 6048
0 14976 6432
32 15072 6160
176 15056 6160
304 15104 5792
400 15088 6096
320 15168 6144
208 15088 5936
288 15120 6080
416 15072 6096
464 15088 6064
464 15088 6096
464 15088 5904
352 15088 5904
432 15008 5984
320 15056 5920
480 15120 5552
464 15056 5664
480 15008 5936
480 14992 5584
400 14992 6048
256 15024 6048
224 15136 5968
240 15104 5648
272 15104 5760
288 15104 5984
288 15104 6032
256 15152 6000
176 15152 6000
112 15072 6160
192 15072 6352
288 15056 6112
304 15040 6112
432 15120 6016
544 15152 5808
304 15104 5952
304 15072 6000
240 15072 5904
192 15056 5760
240 15040 5824
368 15040 5808
320 15104 5760
240 15120 6048
208 15136 5920
352 15056 5824
320 15088 5824
352 15056 5616
320 15120 5840
320 15104 5760
224 15088 5792
272 15136 6080
320 15136 5984
384 15104 5984
400 15072 6352
320 15120 6176
336 15120 6000
320 15120 6144
352 15056 6064
256 15040 6016
240 15040 5936
352 15056 5776
368 15072 5936
368 15056 5664
288 15056 5776
352 15024 5776
464 15024 6096
192 15120 5760
160 15136 5968
160 15152 5936
144 15136 5808
336 15136 5856
464 15072 5968
528 14992 5856
368 15008 5856
400 15056 5888
448 15088 6080
336 15120 6000
336 15024 5824
320 15024 6016
288 15008 6016
448 15040 6240
304 15056 6336
400 15072 6112
304 15056 5904
304 15168 6032
320 15040 6000
272 15040 6048
224 15072 6048
240 15040 6032
224 15104 5824
272 15056 5856
368 14992 6048
368 15056 6000
160 15104 5952
288 15104 5952
384 15040 5776
208 15072 5872
240 15072 5968
480 15040 6032
304 15072 5904
304 15088 5648
192 15088 5648
224 15120 5856
256 15040 5936
240 15024 5904
336 15056 5696
288 15088 5680
288 15168 5696
288 15168 5744
432 15104 5744
448 15072 5776
368 15120 5824
240 15104 5856
192 15232 5904
192 15200 6016
32 15200 6000
-16 15152 6000
144 15120 5664
320 15152 5664
400 15072 5776
384 15024 5648
320 15072 5520
224 15072 5968
240 15104 5984
240 15072 5968
48 15104 5920
192 15104 5920
48 15152 6112
96 15120 5984
208 15120 5984
128 15024 5648
208 15072 5520
208 15024 5824
208 15024 5904
240 15088 6016
240 15024 6016
128 14784 5856
128 14640 5856
160 14368 5984
272 13888 6064
48 14000 5904
64 13824 5600
144 13600 5616
-32 13088 5296
208 12784 5024
-16 13328 5168
-16 12496 5408
320 12496 5408
0 13456 4992
1632 13632 5792
1136 14512 5104
1392 15392 5104
1424 14608 5536
5552 16400 7488
3696 18128 6688
2224 16960 6512
816 16624 5632
-64 16320 5344
-384 15984 5616
-384 16352 5696
-416 16352 5696
-1712 15536 7040
-1120 15488 6336
-272 15504 5952
272 15408 5568
320 15312 6048
128 15296 5744
16 15104 5680
16 15168 5328
48 15104 5472
224 15136 5728
304 15120 5872
464 15280 6032
464 15296 5824
464 15296 5584
576 15248 5584
528 15280 5328
560 15264 5504
576 15280 5584
592 15216 5488
768 15184 5440
576 15184 5312
576 15232 4976
400 15280 5280
288 15264 5280
208 15168 5216
96 15168 5408
-32 15152 5408
80 15168 5536
240 15104 5616
224 15120 5488
240 15040 5424
240 15040 5392
272 15040 5392
240 15120 5344
