startup(x,y,z):(656,16096,272)
-512 16816 -2416
-1360 16304 -528
-1616 16112 -1936
-1616 15408 -1776
-864 15408 -1776
176 16080 -176
512 15872 16
-2496 18672 -4976
-2496 11120 -11280
-2912 9344 -9280
-496 9344 -9280
544 11632 -4192
976 15744 -1984
1392 16816 1936
688 17184 640
960 16752 -1056
960 15840 -1360
992 15840 -1696
1200 15424 -1696
1536 15616 -1248
1328 15936 -704
-2112 14944 -7408
-2112 16928 -5216
-624 16928 7072
5984 16320 7072
6272 16272 2192
1936 15600 2192
16 16064 -2112
2656 16800 3552
3632 16224 -1328
4288 16416 -3248
3024 16752 -1120
3024 16128 1808
2112 16384 1920
1120 16384 1920
1168 16368 -368
688 16096 -2048
864 15760 -1632
304 16176 -832
3504 16752 3328
3632 15888 1968
3632 16000 2432
3232 16000 2432
2128 16240 2160
1392 16304 96
880 16656 -176
1664 16464 2496
1280 16288 1984
96 16032 -944
-48 16144 -1280
-48 16144 208
608 16224 208
864 16112 1168
624 16064 928
272 16160 80
272 16224 -624
224 16224 -80
560 16208 -80
864 16288 592
896 16128 896
800 16128 224
736 16144 -688
688 16128 -832
688 16048 560
752 16048 1184
1040 16048 1184
832 16064 416
864 16128 -528
880 16112 -160
912 16096 384
912 16096 592
800 16080 592
816 16096 -368
720 16176 -368
768 16176 96
816 16160 640
816 16096 224
608 16112 -304
608 16112 -16
672 16112 320
784 16064 320
752 16128 384
656 16272 304
576 16240 16
544 16256 -144
944 16160 352
944 16192 384
816 16192 384
800 16080 64
640 16224 -32
480 16192 64
480 16096 176
480 16144 256
336 16144 496
576 16144 496
560 16176 304
560 16096 176
608 16080 272
736 16080 224
784 16144 224
784 16144 304
832 16144 304
752 16176 160
864 16144 288
784 16208 464
800 16240 368
800 16256 -80
768 16208 160
704 16176 352
688 16160 304
752 16096 224
624 16112 96
672 16128 288
672 16128 240
704 16160 384
688 16224 384
592 16192 16
624 16160 -48
640 16128 -48
688 16080 208
7152 17248 10448
8448 22288 12960
8448 20144 7120
5920 20144 32
2832 16400 32
1984 13952 -1104
1840 14992 -672
1792 14432 -2192
1776 15056 176
1328 16896 2208
1392 16944 2640
1392 16192 1552
768 16192 1552
816 16400 528
272 15920 -720
-672 16208 -8048
2304 15968 -128
2304 15744 7568
1520 15744 4624
-96 16032 4624
-912 16368 -1088
3200 16432 3968
3056 16512 -544
1840 16192 -4176
432 16704 -16
432 16528 1952
1312 16528 2240
1472 16032 2240
992 16224 96
192 16304 -1568
-240 16240 -1568
288 16384 1280
288 16320 2224
720 16128 592
704 16128 1552
1072 15888 1552
1184 16112 1968
768 16016 240
512 16000 -320
240 15904 -640
240 16176 -256
480 16384 672
832 16384 144
816 16176 144
208 16320 256
-192 16192 -1120
-96 16192 -1136
272 16112 304
528 16192 1200
688 16400 288
688 16208 -672
416 16208 272
784 16128 128
784 16256 128
736 16224 144
688 16176 240
736 16208 256
656 16176 -160
640 16064 -176
640 16048 448
816 16048 448
784 16048 432
688 16096 96
544 16128 32
496 16128 64
672 16208 272
672 16208 544
736 16112 -672
448 16128 -7936
-4272 15760 -7936
-4640 17168 560
-4208 15648 -4160
2880 14320 -3184
2880 16272 1264
4224 16272 1264
3536 15520 2144
1888 16496 1296
1872 16432 1152
1680 16336 1248
2048 16064 1024
2064 16176 2544
2064 15952 1072
1440 15952 1072
1392 16000 -288
1856 16064 368
1568 16160 592
656 16064 -464
640 16128 544
640 16256 1088
528 16256 1088
448 16080 -704
608 16192 -832
832 16272 208
624 16224 416
848 16320 448
848 16240 224
848 16128 -256
688 16128 -256
832 16272 112
864 16304 592
720 16240 -80
544 16176 -80
688 16208 448
720 16144 560
720 16112 256
848 16144 432
800 16112 64
720 16000 -16
720 16128 368
720 16016 144
624 16016 432
656 16096 432
816 16144 608
624 16160 400
624 16064 224
800 16096 336
688 16128 480
688 16176 -208
640 16176 192
816 16064 192
784 16160 336
96 16032 -1104
176 15888 -192
176 16176 464
96 16176 736
320 16304 656
448 16464 544
384 16368 544
304 16128 -448
560 16208 48
720 16128 -464
720 16096 192
720 16096 192
736 16160 416
736 16144 272
688 16160 -128
832 16208 272
848 16112 256
736 16080 -48
896 16144 208
1008 16240 496
736 16224 176
736 16192 112
736 16192 -160
592 16224 -160
736 16080 16
704 16144 464
912 16192 704
800 16224 448
624 16176 16
624 16144 -112
560 16144 128
656 16080 128
464 16064 -416
432 15888 64
1056 16208 1184
928 16640 496
928 16208 304
704 16208 304
528 15856 -96
448 16288 -288
-96 16080 704
-240 16160 608
256 16512 160
256 16448 432
224 16448 288
320 15952 288
448 16160 192
544 16288 112
656 16208 -96
736 16112 480
736 16112 -432
544 15488 -10016
1184 15792 -1584
1152 15792 9008
2304 15056 9008
1968 16272 5744
1344 15952 416
800 16272 -1008
1008 16816 800
1008 15616 -2720
1248 15616 192
3552 16080 192
4064 16464 1216
3552 16400 2208
2272 16080 560
1328 16080 -1872
800 16272 -2352
720 15760 -1040
720 16512 704
1392 16512 704
768 16304 352
976 16192 464
912 16176 1456
704 16176 688
-320 16064 -464
-768 16032 -1200
-768 16096 -1520
-128 16096 -1520
464 16000 32
640 16144 352
288 16112 -176
96 16208 -1136
96 16048 -816
304 16048 352
832 16064 352
896 16128 704
896 16176 592
1008 16096 480
864 16128 464
560 16128 -64
560 16112 80
592 16112 80
640 16224 352
560 16192 400
528 16256 -80
448 16112 -48
672 16112 416
672 16368 608
800 16208 352
688 16208 -80
704 16144 16
704 16144 160
896 16112 176
896 16192 192
880 16192 112
912 16176 112
848 16096 144
720 16128 -64
768 16080 144
704 16096 464
864 16160 432
720 16144 240
720 16144 16
672 16160 -224
576 16160 -224
528 16176 64
656 16160 192
816 16176 32
768 16064 128
768 16048 208
800 16096 384
800 16096 336
784 16096 320
624 16080 320
768 16096 176
688 16112 -160
624 16096 -224
624 16096 -192
640 16160 -192
512 16176 -64
640 16208 32
800 16208 160
544 16176 192
608 16160 352
720 16160 480
720 16160 288
800 16112 288
736 16128 208
592 16128 144
672 16176 112
656 16240 112
656 16160 16
704 16160 16
544 16112 0
624 16144 160
624 16080 240
720 16096 560
880 16096 496
880 16096 384
784 16096 176
736 16032 176
688 16016 -32
720 16128 128
816 16176 368
768 16160 480
736 16208 272
816 16128 16
816 16160 112
800 16160 80
768 16224 80
848 16160 80
768 16208 192
848 16192 208
992 16160 336
944 16208 320
944 16208 432
976 16176 432
880 16192 144
800 16176 144
688 16160 128
656 16096 272
608 16128 304
608 16128 320
736 16096 224
624 16064 224
688 16032 272
752 16112 96
688 16160 336
688 16160 240
624 16144 176
624 16080 176
672 16080 176
736 16208 48
768 16080 208
720 16048 -144
720 16016 -160
720 16048 16
656 16048 16
736 16160 -96
736 16192 -96
720 16208 -112
608 16192 48
608 16240 112
640 16144 240
640 16144 384
640 16112 384
640 16096 144
656 16144 320
768 16112 448
768 16144 336
656 16144 224
704 16096 224
736 16144 96
656 16128 32
608 16208 160
656 16208 448
784 16224 416
752 16176 336
768 16160 256
768 16160 0
896 16192 0
976 16176 -16
752 16192 464
832 16048 368
816 16080 240
736 16064 240
656 16112 160
560 16128 32
624 16176 80
704 16176 -256
768 16160 176
752 16048 256
752 16096 720
768 16096 720
624 16160 592
624 16096 560
592 16096 512
640 16176 656
592 16144 336
512 16192 240
512 16192 112
560 16176 112
576 16192 128
640 16144 -16
672 16096 112
768 16032 256
768 16032 368
752 16128 400
768 16128 96
768 16144 96
720 16144 192
656 16224 272
656 16208 224
656 16112 160
656 16112 288
560 16128 288
640 16112 320
608 16096 384
672 16064 464
720 16112 48
896 16144 64
896 16112 -16
640 16192 96
672 16192 96
688 16224 0
832 16144 224
720 16176 176
848 16096 272
848 16144 448
752 16144 448
704 16096 240
592 16128 384
608 16128 384
672 16192 192
752 16128 224
672 16160 320
672 16160 48
704 16080 48
688 16080 128
768 16144 160
656 16112 320
