startup(x,y,z):(656,16096,272)
-976 15904 -4208
3472 17376 4192
3472 17392 7424
3456 17392 4400
1456 16480 4400
32 16800 1184
-2656 16160 144
-4192 15984 -3712
-3264 15872 -4816
-1456 16176 -1968
-1456 16176 592
-256 15984 592
304 16160 -96
208 16128 -96
-512 16032 -1824
-768 16112 -1776
-48 16016 -144
320 16160 464
208 15616 624
208 15888 2000
416 15888 2000
112 16016 240
208 15680 -1936
320 16032 -848
1168 16368 1472
1168 16432 1536
992 16432 -880
304 16416 -880
352 16304 -1360
736 16368 528
976 16128 1104
912 16176 496
928 16272 -224
928 16272 -656
528 16288 -656
624 16224 192
960 16112 528
896 16128 1184
720 16160 528
720 16160 -432
688 16160 -880
640 16064 -880
976 16032 512
1120 16096 1136
832 16032 576
656 16112 -240
656 16112 160
608 16144 160
672 16128 400
832 16080 432
848 16176 128
848 16176 -64
688 16144 48
784 16176 32
736 16176 32
624 16192 -32
672 16176 -128
672 16240 -112
672 16128 -48
672 16176 256
736 16176 -192
784 16176 -192
736 16224 -320
688 16192 -160
752 16128 320
768 16144 320
736 16224 192
736 15968 160
672 16048 160
704 16048 496
928 16048 304
832 16032 48
848 16128 -16
848 16128 288
608 16096 304
576 16096 160
672 16128 -96
576 16192 -160
736 16160 -64
736 16144 336
800 16144 336
768 16112 448
720 16192 224
688 16128 112
736 16160 96
736 16144 656
672 16144 656
800 16064 272
688 16096 272
640 16144 160
496 16176 144
784 16208 -32
784 16160 208
736 16160 208
752 16192 64
704 16144 16
816 16144 192
816 16112 208
816 16112 256
688 16112 288
656 16128 272
656 16128 272
816 16128 272
896 16080 352
560 16048 400
560 16048 432
544 16048 192
624 16048 384
592 16112 384
656 16096 176
5120 16368 7344
7024 18800 4096
6928 17536 -1808
5600 14384 -5056
5600 14400 -4128
4704 14400 -4128
4336 14672 -304
3472 14928 -224
2064 15680 -800
1648 15920 64
1648 16400 640
1872 16400 384
1392 16208 416
1168 16224 496
1232 16336 240
576 15760 -1536
-112 16016 -5568
-112 15504 -2144
1024 15504 -2144
2320 15344 5904
2768 16128 4880
2032 16192 1152
-176 16240 -464
-176 15632 -2496
-832 15632 -3152
-288 16208 -864
1184 16208 -864
1568 16368 -384
1792 16128 1504
1024 16224 256
512 16224 -1328
512 16224 -1936
320 16048 -1936
896 16000 464
1104 16064 464
1712 16064 592
1712 16272 3312
2576 16512 3936
2576 16224 96
1040 16224 96
368 16304 -1552
1056 16288 160
1488 16304 1456
1488 16208 336
736 16064 -1120
736 15936 -704
672 15936 -704
1152 16128 512
944 16032 608
624 16080 -160
640 16144 16
832 16208 608
832 16176 704
848 16176 704
816 16112 704
864 16080 896
672 16096 -32
496 16160 -816
496 16128 -272
672 16128 -272
832 16160 928
896 16160 1040
880 16064 320
560 16080 -480
640 16144 -144
640 16128 160
832 16128 160
816 16144 544
640 16144 48
592 16208 -32
688 16144 336
688 16144 272
576 16240 272
624 16208 288
688 16192 320
784 16144 176
496 16192 240
496 16144 96
592 16144 96
816 16096 -96
704 16176 -160
736 16176 0
624 16128 192
528 16112 224
544 16144 304
752 16208 96
608 16176 80
672 16064 400
736 16096 96
736 16096 112
592 16112 112
688 16128 144
736 16080 160
736 16160 240
656 16128 416
656 16128 112
720 16112 144
720 16144 224
576 16144 224
624 16144 304
768 16144 256
816 16112 80
816 16112 -16
656 16112 176
720 16144 176
720 16128 176
752 16160 -272
656 16160 -256
496 16160 -64
528 16144 256
528 16144 384
672 16144 384
672 16128 208
624 16144 112
704 16176 0
704 16176 80
688 16176 -160
672 16208 -160
720 16192 64
736 16144 336
592 16160 272
640 16160 -64
928 16208 -16
928 16224 -32
816 16224 128
720 16192 128
608 16112 144
624 16000 48
688 16064 256
672 16128 288
672 16128 352
624 16016 192
672 16112 288
752 16144 288
640 16096 144
592 16000 288
672 16096 304
672 16096 272
736 16144 400
720 16176 1056
1088 15872 1056
1600 16160 1120
1792 16048 1040
1440 16320 672
1056 16112 672
-1024 15936 -2992
-1024 16640 -5120
-2560 16640 -5120
-3616 14352 -10848
-1952 11760 -6256
-368 14752 288
288 16944 3104
288 17264 3856
656 17264 1440
-288 16640 1440
0 16064 -1088
16 16304 -1216
512 15920 48
784 16112 576
784 16208 416
928 16208 416
848 16000 -128
480 16144 -320
736 16208 416
688 16304 624
688 16256 512
480 16256 128
464 15456 -2144
16 15456 -2144
-864 16400 -1632
-1104 15888 -480
-352 16048 96
-352 16304 -1008
-160 16304 -1008
32 15936 -336
144 15984 -496
336 15984 -128
560 16208 32
560 16160 304
688 16128 0
688 15872 -48
640 16080 -48
736 16144 288
864 16096 128
992 16048 592
992 16048 944
1136 16048 576
896 16048 576
704 16016 576
608 16176 208
560 16368 416
640 16288 352
800 16240 288
752 16208 176
752 16208 272
464 16160 272
576 16160 432
752 16080 496
944 16064 336
896 16064 208
896 16064 -80
800 16032 0
752 16000 176
704 16128 144
768 16160 432
768 16176 512
768 16176 464
672 16080 464
720 16112 368
624 16096 368
624 16128 240
576 16144 160
576 16144 -128
608 16192 -128
560 16192 -112
624 16128 -64
784 16080 -48
832 16048 304
832 16128 304
832 16128 304
768 16144 96
688 16128 32
720 16096 528
624 16112 224
624 16176 112
640 16176 128
720 16144 -224
704 16112 -224
720 16128 -368
672 16176 112
864 16160 368
864 16176 400
656 16176 400
512 16160 352
656 16112 352
640 16144 208
672 16192 48
720 16176 16
688 16128 32
768 16208 96
768 16208 160
752 16144 160
736 16128 176
576 16144 224
528 16144 208
528 16160 112
528 16160 112
592 16224 -128
704 16144 0
816 16160 -304
768 16160 -224
624 16176 32
624 16160 -32
656 16160 -32
640 16080 176
752 16176 288
656 16144 96
656 16240 192
656 16240 400
608 16160 400
560 16112 272
592 16112 336
640 16144 224
720 16144 336
656 16176 256
656 16160 240
608 16160 192
624 16224 192
496 16160 272
672 16208 336
768 16160 336
768 16176 240
832 16176 240
752 16192 112
688 16096 -32
784 16080 -160
800 16016 -64
784 16096 -16
784 16096 -48
832 16096 -48
736 16064 144
736 16096 64
736 16048 160
736 16032 368
688 16064 256
688 16128 320
656 16144 208
608 16144 240
576 16144 240
448 16080 320
448 16128 304
448 16144 304
608 16144 144
704 16096 144
704 16192 96
640 16096 96
704 16080 0
704 16112 48
816 16176 -80
704 16176 -144
688 16224 -144
736 16144 48
704 16208 -80
704 16080 144
704 16080 -208
624 16192 -208
736 16192 -16
688 16112 -48
720 16096 -64
720 16080 -16
640 16160 48
640 16160 -32
656 16112 -32
832 16080 -240
512 16080 160
448 16160 160
448 15904 144
560 16048 352
640 16080 352
656 16160 192
672 16096 144
608 16144 288
608 16160 384
624 16160 432
720 16112 432
752 16080 144
672 16176 352
672 16144 -320
416 16128 -432
416 16192 -64
640 16192 160
784 16304 160
1072 16144 320
1104 16192 656
1104 16224 720
912 16112 432
912 16112 64
800 16112 64
608 16176 -256
864 16144 160
928 16032 384
880 16128 560
880 15872 128
816 16112 128
704 16128 -384
880 16144 -32
896 16240 272
1024 16144 448
848 16208 400
848 16208 48
560 16192 48
464 16128 -416
592 16176 -368
640 16080 272
640 16112 544
816 16112 464
608 16160 464
608 16160 48
464 16224 -80
848 16208 80
768 16144 320
768 16064 496
720 16064 496
656 16144 432
688 16160 288
768 16112 288
816 16128 352
816 16064 288
848 16176 240
816 16192 112
720 16208 -176
720 16208 -224
720 16240 -224
832 16176 432
880 16112 528
832 16144 336
768 16112 224
704 16192 96
704 16192 256
752 16144 256
800 16128 208
832 16112 160
736 16192 -16
752 16160 160
752 16096 528
752 16096 576
640 16128 576
592 16144 528
560 16080 432
576 16080 16
576 16144 -32
704 16144 -32
752 16240 208
816 16176 0
784 16144 176
912 16208 144
784 16160 240
784 16160 -16
720 16144 -16
688 16112 -256
880 16112 -16
816 16144 -80
