startup(x,y,z):(656,16096,272)
-2736 13440 -8688
512 12208 2128
2304 16592 2128
2416 16768 1664
3936 15760 2528
3280 15696 560
1936 15840 -1104
1616 15712 -400
1616 16048 928
1936 16048 1168
1216 16464 1168
1312 16064 752
-3728 15184 -12752
-3680 17472 -4800
2928 18128 13824
3904 16176 5168
-2544 16144 -416
-224 14768 -3008
-2784 14768 -5040
-3072 16960 -5040
-3280 16752 -3952
-1392 16464 656
-1024 16080 1696
-512 16704 -1456
-512 16704 -3904
-1232 16112 -2352
-784 16176 960
-32 16272 960
752 16672 1472
656 15952 1584
1216 16624 3840
976 16272 2352
976 16224 288
528 16224 -576
432 16208 -1376
352 16016 -1376
512 16208 -592
704 16192 720
880 16160 960
448 15952 -32
480 16160 -1008
480 16160 -32
640 16112 -32
768 16240 704
-272 16256 512
1360 16480 1808
2256 16048 672
2256 16048 832
2688 16048 832
1984 16160 -720
1712 15968 -720
1056 15600 -416
1264 15664 608
1008 15792 -256
1008 15936 -1472
400 15936 -1472
656 15920 176
1056 16112 544
800 16048 416
752 16208 432
752 16240 96
624 16176 -240
624 16144 144
672 16144 144
672 16080 432
672 16112 -144
592 16144 -144
592 16128 -64
656 16128 112
624 16160 112
656 16192 448
640 16192 512
432 16128 -144
528 16192 -304
560 16160 160
608 16080 64
672 16112 -48
672 16256 224
704 16256 160
768 16128 160
688 16160 256
656 16144 -16
592 16192 -96
592 16224 112
2080 17344 1296
2064 20384 6528
2064 20384 1376
-512 19840 1376
-32 16016 704
544 16224 -880
656 15824 -1184
656 15824 -320
720 15824 -144
544 16048 -144
560 16032 208
384 16176 80
96 16240 160
192 16416 304
192 16288 320
496 16288 112
560 16112 112
800 16096 240
912 16080 576
944 16064 304
976 16080 -64
976 16080 272
880 16064 384
816 16096 272
688 16160 272
544 16144 32
512 16160 -240
560 16176 -16
560 16176 288
672 16176 2976
3584 16880 2976
3056 16512 -1952
2016 14272 -3824
2016 14944 -1728
1184 15392 2336
1184 17200 3504
1440 17200 160
384 16944 160
-576 16000 -928
-784 15328 -2160
-160 15808 -1472
-80 16208 -368
480 16000 464
480 16000 144
912 15920 144
528 15936 -80
560 16112 -80
-3552 16272 -6560
-1824 18512 -4128
6096 17568 10016
6096 17040 13440
6896 17040 6096
3056 16624 6096
640 17104 -384
1232 16688 -1728
-3200 15024 -4704
-3200 16240 -8096
-4800 16144 -5248
-4800 15808 1024
-1680 15808 1792
-816 15936 1904
128 16528 -496
-608 16304 -2720
-608 16304 -3584
-704 16304 -48
-336 15888 -48
512 16256 1680
928 16176 1600
1680 16224 3200
1648 16288 2272
1056 16128 112
736 16144 -464
736 16144 -928
480 15856 -928
720 16032 -304
704 16448 464
752 16112 384
752 16112 -592
528 16112 -1104
80 16176 -1216
2832 15696 1984
2928 16432 3616
464 16624 1968
-2048 16560 800
-1280 16848 768
-752 17008 336
-752 17008 -48
-256 16544 -48
-384 16400 144
-352 16368 -752
320 16160 256
512 16224 400
160 16384 240
48 16240 304
304 16368 560
336 16368 272
240 16160 272
496 16224 -80
944 16240 592
848 16176 432
768 16096 288
768 16064 -80
880 16064 -80
1184 16016 64
1168 16064 432
912 16096 464
768 16128 80
800 16048 112
752 16064 592
752 16064 688
688 16128 688
480 16208 112
496 16256 48
688 16112 256
736 16176 64
736 16176 48
752 16112 160
688 16224 160
448 16160 144
400 16112 336
528 16160 272
528 16160 160
624 16160 160
672 16160 160
688 16144 272
640 16240 384
816 16144 720
720 16128 256
704 16176 240
704 16176 624
736 16176 624
672 16224 496
688 16192 384
800 16144 48
704 16096 48
592 16112 176
592 16096 352
800 16096 352
800 16080 560
736 16096 240
624 16176 144
688 16160 112
608 16112 48
608 16112 336
672 16112 336
656 16128 64
688 16224 128
464 16240 -160
704 16144 -96
704 16176 144
576 16176 272
624 16176 208
624 16112 208
608 16160 128
592 16256 240
656 16176 432
656 16160 336
816 16160 336
752 16176 192
672 16144 64
672 16208 192
672 16128 240
672 16464 -2928
-128 12496 752
-2256 12496 9328
-2592 16992 9328
-3184 19456 4848
-2544 17424 432
-1776 16192 -368
-1776 16192 -832
-1488 16304 -832
-1216 16576 -1696
-704 16096 -1120
-336 15840 -96
-240 16144 -208
-160 16208 -144
-160 16256 0
-224 16256 -4224
-2272 16240 -4224
-400 17728 -304
3424 17232 5936
3744 17248 7024
1120 16352 3328
16 16864 1024
16 16864 2576
-208 16800 -2640
-480 15664 -3296
608 15840 -3296
640 16080 -2000
832 16208 304
832 16192 400
816 16192 -448
624 15984 -448
112 16112 -2192
128 15984 -1296
544 16160 624
544 16176 384
640 16080 208
1040 16000 2384
1728 16000 2384
1712 16000 2032
1168 15968 640
848 16112 -32
848 16192 -1056
480 16192 -560
464 16272 -560
576 16368 -352
624 16160 80
416 16240 -160
192 16208 -1120
496 16176 -512
496 16160 560
992 16160 560
1056 16112 1024
960 16176 880
880 16048 912
880 16112 448
688 16112 128
512 16128 128
768 16192 320
688 16224 304
688 16208 160
512 16192 -272
576 16096 -64
576 16096 752
864 16096 848
800 16080 848
688 16160 448
576 16160 -112
576 16144 -288
528 16144 160
528 16144 544
736 16144 528
752 16176 304
768 16192 256
672 16208 224
816 16176 304
816 16096 688
864 16096 672
736 16128 672
624 16112 336
624 16112 32
352 16112 16
416 16128 208
528 16160 112
592 16160 128
592 16160 160
512 16160 160
592 16224 256
704 16144 528
784 16224 544
784 16208 384
736 16208 384
704 16176 192
704 16096 -48
592 16112 96
576 16112 160
672 16144 160
672 16176 208
656 16176 208
720 16208 -272
800 16096 -112
912 16064 288
848 16096 368
848 16080 560
880 16080 368
592 16112 368
576 16240 64
624 16128 48
496 16048 32
496 16112 144
496 16112 96
592 16160 -208
720 16160 16
720 16128 16
864 16144 352
864 16064 256
832 16144 288
736 16192 224
816 16160 192
912 16144 224
912 16144 352
688 16064 352
464 16128 -224
400 16208 32
544 16256 -16
544 16256 80
448 16224 80
640 16176 96
672 16208 160
656 16192 80
560 16224 96
640 16240 352
640 16208 416
880 16208 416
768 16208 304
704 16176 288
624 16128 -32
704 16144 -160
704 16128 0
720 16128 0
768 16208 80
752 16160 240
800 16208 -128
704 16176 48
688 16096 48
688 16096 416
672 16128 416
752 16208 416
704 16208 160
880 16160 208
880 16112 144
832 16112 224
912 16240 224
832 16288 128
848 16176 48
752 16176 -112
688 16192 -64
688 16176 -112
736 16176 176
768 16192 176
736 16144 336
832 16176 512
736 16176 320
784 16128 240
528 16080 256
752 16080 48
752 16160 272
864 16160 144
784 16176 144
784 16096 128
736 16096 -48
736 16176 144
736 16176 16
736 16144 64
640 16096 64
592 16192 112
640 16192 224
672 16080 336
704 16080 592
784 16144 144
736 16208 -208
736 16224 -64
736 16224 -64
736 16080 16
688 16016 16
816 16032 128
784 16128 0
784 16192 160
608 16192 160
672 16176 112
656 16128 224
816 16144 160
736 16192 96
672 16160 64
672 16176 224
704 16176 224
736 16160 304
800 16112 512
752 16192 432
704 16128 128
704 16064 224
752 16032 192
752 16032 224
528 16080 224
592 16176 288
672 16128 256
752 16224 176
736 16176 32
688 16144 144
688 16160 368
688 16160 368
656 16032 0
608 16112 128
592 16144 256
672 16160 256
832 16160 48
832 16160 112
736 16160 112
704 16192 240
720 16160 16
704 16160 64
704 16160 64
704 16256 224
672 16256 368
800 16176 240
672 16176 288
672 16144 288
768 16128 128
784 16096 192
768 16160 112
768 16160 160
624 16160 160
624 16128 -64
784 16144 112
752 16112 176
912 16064 176
784 16128 208
816 16128 192
816 16080 256
768 16080 400
608 16064 400
592 16032 160
560 16128 320
736 16096 608
736 16064 240
608 16064 -80
608 16224 -80
528 16192 0
608 16176 80
608 16176 48
416 16160 208
528 16128 224
704 16128 208
704 16176 240
720 16176 240
768 16176 192
768 16096 -48
768 16048 144
720 16064 96
816 16112 0
816 16112 -96
672 16128 400
672 16128 192
736 16192 192
752 16256 112
784 16176 -144
624 16160 112
