startup(x,y,z):(432,16288,192)
496 16160 672
128 16080 1008
336 16080 800
320 16080 864
464 16176 864
528 16176 720
448 16256 736
448 16272 1136
80 16224 1136
240 16608 1936
608 17120 2576
592 16416 1872
208 16112 1248
224 16272 752
320 16304 464
320 16176 208
48 16176 384
112 16176 384
144 16032 416
320 16032 416
1184 16272 592
1008 16416 336
880 16384 416
672 16240 512
656 16208 400
704 16208 624
1216 16320 880
528 16368 784
624 16464 1024
496 16368 800
496 16224 608
400 16224 768
352 16160 592
272 16048 560
320 16272 800
528 16320 1040
528 16192 1008
528 16160 976
528 16128 1040
512 16144 992
576 16144 832
528 16224 816
608 16192 976
480 16240 1024
240 16464 368
576 16512 544
720 16416 736
560 16384 736
272 16128 864
416 16160 816
400 16128 976
400 16128 976
608 16128 816
544 16144 992
592 16192 864
272 16176 592
304 16208 480
272 16224 512
272 16208 736
336 16256 768
480 16208 784
336 16272 864
432 16224 928
432 16224 1088
400 16208 1088
416 16192 1168
384 16256 992
448 16240 944
464 16144 896
496 16192 928
512 16288 1072
576 16208 656
528 16208 880
544 16144 880
400 16192 896
320 16224 816
400 16192 976
512 16192 976
608 16256 960
592 16192 1008
512 16208 1040
480 16240 880
448 16176 1024
448 16176 672
448 16224 784
512 16288 1056
496 16288 1008
368 16208 896
368 16192 864
384 16208 928
256 16176 928
352 16224 928
432 16144 960
464 16160 912
400 16176 800
400 16176 1008
448 16240 1008
784 16208 912
800 16224 928
1040 16464 1424
-336 16432 2496
-160 16352 2096
-160 16320 848
192 15856 608
560 15856 608
272 15920 144
400 16080 560
304 16048 608
336 16096 672
336 16208 672
336 16192 512
400 16192 608
272 16304 1568
272 16544 1568
240 16592 1680
400 16400 1296
496 16144 1264
496 16000 1328
480 16304 1632
608 16368 1456
608 16560 1488
512 16544 1584
304 16240 1488
304 16544 1744
48 16848 2512
-32 17968 2512
16 20064 2800
-640 21856 2416
-1824 21616 2368
-1200 18848 2016
-336 16848 1200
-80 15040 288
208 15040 -368
272 14896 -368
432 14704 -352
560 14432 -48
384 14400 400
688 2272 -2592
1008 992 -4144
1008 6176 -4176
1360 6176 -2640
944 14304 -816
352 15488 64
352 15968 320
352 15968 432
320 16208 432
448 16144 800
400 16128 800
320 16064 688
-624 15456 1104
-160 14832 1056
176 14832 1216
192 15504 1056
80 15504 1056
-224 13424 1664
-384 13632 1936
-480 14304 2016
-1168 21440 6864
1344 15120 1632
880 18192 1232
656 16320 224
512 15872 496
512 15872 1040
-688 17504 1088
-752 15280 -208
-528 14048 -688
-464 14848 112
-464 16240 64
32 16240 416
592 16912 512
432 13952 512
720 11728 80
816 12608 -112
896 16240 -16
768 17424 400
464 18912 960
-128 17216 2256
-128 16336 2224
-272 16336 1312
-96 16080 1312
-16 15840 1328
48 15840 800
0 16080 240
80 16016 -208
240 16464 -240
240 16656 -528
368 16656 -832
448 16640 -832
368 16704 -976
160 16880 -944
-208 17072 -928
-480 16848 -960
-736 16896 -1088
-816 17104 -1008
-592 16736 -928
-464 16496 -1040
-288 16176 -944
16 15584 -928
544 15168 -768
688 15664 -800
720 15872 -576
576 16160 -704
384 16208 -1008
144 16160 -1008
-80 16112 -1344
-128 16000 -1344
-240 16192 -1296
-368 16224 -1280
-224 16352 -1424
-288 16480 -1264
-288 16480 -1104
-64 16672 -1040
-48 16800 -1088
32 16256 -1056
0 15872 -1408
-96 15968 -1264
-224 15872 -1408
-432 15712 -1280
-432 15760 -1600
-416 15760 -1584
-480 15696 -1584
-544 15728 -1472
-624 15872 -1328
-592 15920 -1120
-448 15904 -1104
-288 15936 -1088
-288 16112 -1376
-176 16272 -1552
-128 16272 -1552
0 16336 -1328
-32 16384 -1216
-112 16320 -1072
-112 16368 -944
-160 16368 -928
-192 16160 -928
-224 16256 -928
-128 16336 -1184
48 16288 -1296
112 16144 -1184
80 15984 -1296
272 15984 -1536
272 15984 -1520
496 15984 -1520
416 16080 -1568
400 16176 -1376
336 16144 -1248
336 16224 -1392
256 16256 -1392
256 16256 -1216
208 16384 -1216
160 16336 -880
192 16320 -1344
336 16192 -1312
272 16160 -1296
272 16112 -1408
272 16112 -1296
176 16160 -1296
80 16192 -1648
48 16176 -1408
-16 16096 -1136
-80 16112 -1136
112 16048 -1184
176 16112 -1392
176 16368 -1344
128 16160 -1344
64 16160 -1344
0 16144 -1472
80 16112 -1488
64 16176 -1552
64 16192 -1728
-128 16144 -1680
-32 16144 -1408
-128 16128 -1408
-176 16192 -1088
-176 16208 -1120
-128 16112 -1152
-128 16112 -1168
-48 16176 -1248
16 16224 -1152
16 16112 -1136
96 16112 -1104
-96 16080 -1088
144 16016 -1088
48 16128 -1136
16 16192 -1152
96 16208 -1280
80 16240 -1536
96 16176 -1344
16 16208 -1552
160 16208 -1536
-16 16144 -1360
96 16064 -1232
144 16112 -1296
96 16048 -1360
96 16128 -1248
-32 16128 -1424
-32 16112 -1424
-32 16032 -1008
-16 16032 -960
48 16000 -992
160 16128 -784
160 16160 -656
96 16160 -912
176 16112 -1008
224 16176 -1056
224 16240 -1424
240 16144 -1184
256 16096 -1296
144 16160 -1440
144 16256 -1184
32 16304 -1328
64 16304 -1392
192 16336 -1376
32 16400 -1376
80 16304 -1616
96 16272 -1536
64 16304 -1360
80 16192 -1248
16 16176 -1200
0 16096 -1120
-80 16064 -1120
-32 16160 -1312
16 16224 -1184
64 16208 -1168
96 16128 -832
240 16112 -976
128 16112 -944
64 16272 -1104
-96 16304 -992
-144 16352 -800
96 16208 -880
96 16144 -928
128 16144 -1104
144 16080 -1104
48 16176 -1056
272 16224 -928
416 16256 -624
384 16224 -624
352 16112 -480
352 16128 -704
336 16128 -704
240 16176 -720
240 16096 -768
96 16176 -976
16 16240 -752
16 16272 -720
160 16272 -656
224 16288 -656
48 16272 -656
16 16224 -496
112 16208 -864
272 16176 -912
272 16176 -1024
80 16176 -1024
128 16160 -880
224 16064 -816
0 16048 -720
112 16080 -688
112 16128 -752
-80 16192 -1056
-112 16192 -1056
-128 16080 -816
-16 16112 -880
-64 16064 -848
-176 16080 -752
-16 16080 -800
-16 16192 -992
0 16192 -992
160 16064 -896
128 16128 -1072
48 16192 -960
-224 16192 -960
-224 16224 -1136
-272 16144 -1072
-256 16144 -1136
-112 16160 -1136
-112 16144 -976
-80 16288 -1024
-32 16304 -1312
-16 16272 -1040
-16 16240 -1104
-96 16240 -1104
-112 16224 -1184
-128 16192 -1168
-112 16144 -1056
-160 16192 -1296
-96 16176 -976
-64 16192 -1024
-64 16192 -1152
-112 16192 -1184
-96 16192 -1120
-16 16048 -1120
-128 16128 -1040
-80 16176 -1216
48 16080 -1408
128 16192 -1184
128 16192 -1024
0 16256 -1024
-32 16192 -1280
-64 16240 -1232
-64 16240 -1136
80 16224 -1152
80 16176 -832
128 16176 -832
-32 16176 -864
80 16224 -992
-48 16304 -1136
-80 16128 -896
16 16128 -896
16 16128 -1056
-80 16096 -1056
-80 16048 -1040
-16 16080 -768
32 16080 -960
80 16160 -976
80 16112 -1216
112 16112 -1136
112 16256 -1232
112 16224 -1120
96 16208 -640
16 16176 -752
16 16144 -864
-32 16144 -848
-64 15984 -992
-144 16160 -880
-112 16304 -1040
-192 16368 -1200
-192 16272 -1104
-64 16192 -1040
-80 16160 -912
-80 16160 -1040
80 16176 -1040
96 16176 -1024
176 16064 -1072
-32 16144 -1040
0 16144 -992
-64 16128 -1104
-64 16224 -880
16 16240 -944
80 16176 -1056
96 16128 -1152
96 16112 -976
64 16096 -944
32 16112 -608
-80 16080 -688
-128 16112 -752
-64 16096 -784
-64 16096 -928
80 16240 -928
-64 16240 -848
32 16256 -976
-96 16256 -768
-96 16288 -960
-192 16272 -864
-272 16240 -896
-272 16176 -1008
32 16176 -1024
-144 16320 -1024
-144 16192 -1056
-64 16144 -992
-80 16096 -976
-16 16128 -848
-48 16128 -688
-48 16112 -608
112 16112 -528
-16 16096 -528
-112 16160 -720
48 16272 -672
32 16288 -672
32 16112 -640
16 16192 -816
-16 16144 -880
-32 16320 -1152
32 16336 -944
32 16432 -800
304 16432 -880
192 16352 -880
128 16336 -816
208 16352 -1008
112 16272 -752
144 16240 -896
144 16272 -816
144 16208 -976
48 16176 -1168
48 16224 -880
16 16224 -880
16 16176 -704
48 16144 -720
112 16128 -496
48 16080 -512
48 16048 -624
0 16080 -640
0 16080 -912
-96 16112 -912
-128 16064 -880
16 16016 -880
-128 16064 -736
-256 16112 -736
-256 16160 -816
-224 16160 -816
0 16144 -1184
112 16240 -1184
-32 16416 -1200
48 16320 -1168
16 16288 -1376
-64 16288 -1376
-160 16224 -1104
-160 16128 -1008
-160 16128 -928
-112 16112 -928
-96 16144 -880
48 16160 -1056
