startup(x,y,z):(432,16304,240)
1056 16800 832
496 17104 672
-208 17360 1040
5408 18336 1536
16 15856 1920
16 15520 2064
944 15520 2064
512 16192 2000
704 16192 2016
864 16240 1408
1120 16352 1232
480 16816 1504
768 17088 2432
592 16736 2928
-128 18560 3344
976 18944 3728
1056 17904 3712
1056 16784 4000
1104 16784 3264
656 16640 3264
240 16032 2656
-1392 14912 2720
-1984 16752 -608
0 17648 336
2544 19200 -352
2768 18224 2688
2768 15984 5024
2032 15984 5024
384 16400 3376
-3152 15376 1104
-1248 14560 1040
-816 13424 1024
80 14512 1024
4352 21312 1968
5088 7232 2336
3152 3504 5088
3152 17184 6592
5456 17184 1632
2736 15280 1632
1760 12400 -48
1248 13216 -400
1376 19344 7488
1680 21232 7776
816 15808 2080
816 15712 -1344
-240 15712 -944
176 13952 192
1152 15152 656
928 15152 656
832 15280 2032
848 15536 2816
896 15920 3152
1520 16752 3664
1520 16752 1520
464 17152 2592
1728 14672 12416
16 20528 12416
2736 20688 5280
5920 15488 -2752
3216 12912 -704
16 13056 -1856
-2064 14784 1088
-2064 19952 5792
-2368 19952 5792
-1456 23840 6304
-2688 18560 11712
-448 18352 5840
240 17568 1152
224 18544 -4160
-480 14320 1264
-1776 12096 4720
-1776 14192 -144
-2864 14192 3440
-3296 12192 4832
-7760 14896 4832
-3424 11856 -16
-3024 10560 352
-3552 9552 992
-4736 9296 3488
-5568 10064 2384
-7120 10864 3472
-3472 11136 4032
-3472 10816 5488
-1632 10816 4240
-1584 10592 4240
-1312 10944 3440
-624 12544 3568
2864 14560 3440
3232 14480 5360
3232 14368 4224
3424 14368 4000
592 13744 3552
-736 13552 3552
-448 8144 -336
-1440 6544 2048
-3952 10176 6512
-3952 13296 592
-768 16224 -1920
1408 16224 15072
-3024 15952 10320
-2512 18080 8848
-2432 17680 7728
-2400 17792 6352
-2048 16128 3392
-2160 15664 2032
-2288 15696 2336
-2288 15696 3072
-2464 16192 3856
-2688 16448 3888
-2720 16384 3840
-2560 16192 3840
-2544 15936 3536
-512 16320 1840
-128 16416 2032
-288 16160 2528
-464 15744 3040
-672 15584 3344
-944 15584 3264
-1200 15504 3664
-1184 16000 3696
-1104 15712 3728
-1136 15504 4016
-1264 15600 3968
-1552 15696 3840
-1888 15808 3600
-1872 15856 3824
-2032 15824 3776
-2048 16272 3504
-2048 16208 3760
-1712 16208 3760
-1792 16112 4000
-1728 16000 3968
-1696 15952 3856
-1632 15872 3680
-1472 15776 3680
-1408 15728 3520
-1536 15696 3408
-1536 15696 3520
-1728 15696 3264
-1600 15696 3200
-1632 15744 3312
-1632 15808 3088
-1568 15712 3184
-1392 15760 3248
-1392 15776 3360
-1312 15776 3488
-1456 15808 3648
-1456 15744 3760
-1440 15744 3760
-1648 15808 3408
-1600 15824 3216
-1696 15856 3248
-1728 15792 3088
-1728 15760 3216
-1808 15712 3312
-1808 15680 3376
-1760 15680 3376
-1744 15728 3520
-1712 15648 3520
-1584 15696 3600
-1632 15648 3584
-1744 15760 3520
-1632 15760 3776
-1600 15728 3808
-1520 15760 3344
-1456 15776 3584
-1456 15792 3488
-1296 15792 3504
-1504 15792 3568
-1504 15792 3600
-1552 15808 3200
-1488 15776 3232
-1552 15824 3232
-1584 15792 3504
-1472 15728 3440
-1648 15776 3568
-1536 15840 3616
-1504 15792 3696
-1648 15776 3648
-1440 15728 3472
-1328 15664 3552
-864 15600 3680
-1200 15632 3792
-1456 15680 3680
-1520 15728 3472
-1520 15680 3696
-1472 15680 3680
-1248 15584 3504
-1104 15712 3504
-560 15376 3744
-896 15552 3632
-1152 15648 3568
-1328 15824 3552
-1056 15632 3744
-1184 15776 3696
-1664 15872 3424
-1680 15952 3440
-1680 15808 3568
-1776 15808 3568
-1840 15792 3408
-1776 15712 3184
-1760 15712 3296
-1824 15680 3296
-1920 15664 3056
-1808 15680 3088
-1872 15776 2992
-1648 15664 3104
-1824 15744 3280
-2032 15696 3232
-2032 15696 3296
-2064 15840 3296
-1952 15776 2960
-1568 15760 3088
-1440 15648 3264
-1440 15728 3344
-1440 15680 3280
-1248 15680 3280
-1440 15712 3232
-1504 15776 3392
-1488 15792 3536
-1424 15712 3600
-1104 15600 3584
-1104 15632 3600
-1424 15744 3760
-1328 15776 3632
-1408 15824 3568
-1408 15856 3680
-1520 15856 3536
-1392 15872 3536
-1312 15840 3616
-1392 15792 3872
-1440 15872 3696
-1584 15856 3760
-1488 15856 3648
-1568 15840 3552
-1568 15808 3568
-1712 15808 3568
-1648 15744 3872
-1408 15776 3712
-1296 15728 3600
-1264 15776 3392
-1344 15728 3568
-1344 15712 3568
-1152 15712 3760
-1264 15712 3760
-1296 15712 3680
-1408 15664 3520
-1312 15600 3584
-1360 15712 3328
-1488 15696 3296
-1488 15696 3392
-1536 15696 3392
-1600 15584 3344
-1712 15712 3408
-1680 15728 3216
-1584 15792 3040
-1632 15760 3168
-1568 15760 3168
-1568 15712 3424
-1472 15712 3504
-1632 15696 3504
-1568 15856 3328
-1440 15792 3248
-1456 15888 3328
-1360 15888 3232
-1360 15760 3456
-1392 15760 3344
-1216 15696 3344
-1056 15696 3264
-928 15632 3472
-608 15664 3232
-640 15712 3152
-640 15552 3184
-864 15552 3344
-1040 15632 3344
-1008 15696 3424
-1168 15728 3408
-1344 15712 3312
-1456 15728 3328
-1456 15840 3632
-1632 15840 3824
-1760 15888 3824
-1824 15872 3648
-1776 15904 3504
-1872 15984 3792
-1760 16064 3664
-1760 16016 3728
-1712 16016 3584
-1440 15952 3584
-1520 15904 3504
-1664 15920 3696
-1536 15968 3840
-1552 15952 3504
-1552 15888 3728
-1568 15888 3504
-1408 15920 3504
-1392 15840 3424
-1312 15824 3376
-1328 15744 3232
-1280 15744 3136
-1248 15744 3104
-1248 15824 3024
-1200 15760 3200
-1264 15760 3200
-1088 15744 3136
-1040 15792 3120
-1056 15760 3200
-1008 15744 3264
-992 15808 3040
-1104 15872 3472
-1072 15776 3280
-1056 15904 3280
-1104 15888 3392
-1104 15872 3216
-1232 15872 3344
-1184 15888 3344
-1296 15936 3392
-1200 15968 3584
-1088 15888 3680
-1072 15824 3504
-1072 15824 3408
-1056 15824 3456
-1280 15936 3488
-1280 15872 3392
-1360 15872 3392
-1440 15904 3040
-1376 15792 3024
-1312 15792 3104
-1360 15792 3104
-1360 15808 3296
-1328 15936 3264
-1328 15936 2992
-1344 15920 2992
-1312 15968 3072
-1392 15968 3072
-1344 15776 2416
-1344 15568 1680
-1280 15344 1488
-1168 15568 2576
-1024 15968 3936
-1536 16224 4400
-1504 16224 3936
-1920 16160 3936
-2112 16000 3248
-2112 15984 3120
-1680 16016 3216
-1584 15952 3312
-1584 15808 3328
-1296 15808 3104
-1184 15840 3344
-864 15648 3344
-704 16032 3104
-1024 15968 2832
-1216 15824 3056
-1216 15808 3008
-1312 15808 3280
-1376 15840 3280
-1232 15808 3568
-1104 15824 3248
-1040 15792 3104
-912 15856 3264
-912 15824 3376
-1008 15824 3408
-944 15904 3408
-1104 15888 3648
-1072 15920 3456
-1600 16176 3456
-1648 16032 3424
-1648 15840 3520
-1328 15712 3088
-816 15712 3088
-704 15712 3072
-736 15728 3056
-848 15952 2736
-1184 16016 2928
-1312 15952 3168
-1296 15856 2768
-1248 15872 2800
-832 15840 2432
-880 15968 2880
-1408 16112 3088
-1456 16096 3360
-1264 16032 3360
-1056 16256 3840
-960 16176 3840
-960 16080 3632
-960 16080 3344
-896 15936 3072
-1056 15760 2960
-1056 15776 2816
-1088 15776 2944
-1056 15808 2880
-1152 15904 3168
-1136 15920 3040
-1136 15968 2928
-1200 15904 2896
-1232 15920 2864
-1232 15952 2752
-1328 15840 2736
-1344 15760 2624
-1376 15792 2688
-1248 15792 2608
-1120 15776 2864
-960 15776 2864
-1120 15856 2960
-1296 15840 3168
-1232 15824 2960
-1200 15936 3216
-1008 15872 3024
-1056 15696 2912
-1200 15568 3200
-1200 15808 3168
-1024 15808 3088
-928 16000 3088
-864 16032 3392
-976 15968 3360
-896 15824 3280
-832 15760 2928
-736 15520 2928
-624 15552 2928
-672 15856 2752
-576 15792 2640
-528 15952 2576
-624 15952 2816
-800 16048 3040
160 16064 3984
560 17824 3280
-720 16880 3184
-848 16480 3504
-784 16144 3504
-784 15872 3456
-768 15872 3456
-736 15840 3120
-768 15808 2800
-704 15824 2784
-960 15968 2848
-736 16048 3056
-640 15952 3248
-640 15984 3232
-592 15920 3344
-592 15920 3280
-640 15888 3280
-592 15968 2784
-544 16064 2832
-720 16000 3008
-784 16016 3280
-816 16000 3328
-896 16096 3392
-1040 16112 3392
-992 16048 3136
-704 16000 3232
-640 15952 3152
-640 15952 2896
-768 15952 2960
-704 15904 2896
-576 15936 3120
-608 15952 3104
-736 16032 3120
-608 15920 3040
-608 15984 3136
-720 15984 3488
-720 15920 3264
-624 15984 2992
-544 16016 2992
-512 15952 3072
-544 15920 3136
-592 15888 3088
-672 15872 3104
-672 15920 2848
-672 15984 2704
-736 16016 2816
-720 16016 2896
-832 16048 2896
-752 15984 3104
-768 15888 3216
-784 15936 3200
-576 15904 3200
-576 16000 3040
-544 16000 2960
-432 15936 2960
-560 15808 2896
-560 15792 2896
-640 15824 2736
-624 15872 2528
-480 15936 2720
-624 15872 2944
-624 15872 2912
-496 15920 2912
-672 16048 2928
-656 16016 3232
-736 15968 3152
-672 15872 3168
-784 15872 3040
-784 15776 3136
-720 15776 3264
-672 15888 3264
-640 15968 3264
-640 16064 3200
-752 16048 3024
-544 15904 2944
-544 15824 3024
-704 15824 3008
-768 15856 3008
-1024 15856 2896
-880 15904 2848
-848 15920 2720
-848 15968 2768
-848 15968 2896
-1040 15968 2800
-816 15888 2800
-944 15888 2768
-1056 15952 3136
