startup(x,y,z):(368,16192,160)
448 16208 1040
480 16224 1024
272 16176 944
448 16176 1072
432 16192 1056
464 16160 1248
448 16160 1248
464 16112 1120
432 16208 1056
416 16256 880
400 16240 832
288 16208 976
416 16144 880
432 16160 1040
368 16160 1056
496 16064 1104
400 16080 1104
512 16128 1008
512 16096 960
512 16144 1008
464 16192 1008
528 16144 928
528 16192 896
576 16192 1056
384 16192 1088
352 16192 1040
320 16240 848
368 16240 848
480 16208 1056
512 16160 1024
528 16160 1120
544 16144 1072
480 16144 960
448 16128 1136
544 16224 1216
464 16240 1184
464 16224 1200
384 16176 784
384 16176 800
384 16176 1024
352 16192 912
336 16192 816
256 16192 848
416 16240 848
320 16176 1040
384 16176 1040
480 16176 992
464 16176 1136
464 16480 1584
592 16720 2400
592 16512 2592
432 16512 2368
240 16416 1872
240 16704 1872
352 16816 1312
-16 17968 2048
-272 19920 2928
-544 26048 1248
1088 26896 1456
3664 23360 2272
-7984 17056 2272
-4768 16224 2288
7232 24432 -8848
7296 28544 -7872
1296 27344 4560
-1056 19488 7408
4320 12576 -4496
5120 12960 -4496
3168 12368 -4656
1392 12256 -4624
976 12928 -4720
1024 13456 -4704
-32 10000 -5024
96 9744 -4544
688 11568 -4400
544 12432 -3728
1728 16144 336
1728 16144 1616
-4944 15728 1616
-2912 15712 3360
-3232 16048 1456
-2480 16640 480
-2288 16832 -176
-2576 16896 -800
-2576 16912 -1360
-2768 16912 -1344
-2704 16656 -1504
-2432 16928 -1632
-2240 16928 -1632
-1824 16704 -1280
-1920 16880 -1104
-1696 16736 -1184
-1216 16464 -1232
-1216 16240 -752
-976 15520 -2032
-976 15520 -1680
-304 15536 -1680
160 15760 -1760
288 15552 -1968
304 15504 -1568
1056 15680 -1440
1392 15616 -976
1504 14976 -1280
1504 15424 -1328
1360 15424 -848
976 15968 -32
1920 15968 -992
1392 16256 -992
1872 16416 -176
1968 17168 224
1600 17168 -288
1136 16960 96
384 16048 608
-640 15232 864
-656 15136 704
-640 14592 400
-624 14752 464
-624 15440 80
-976 15440 448
-224 15728 448
-624 15936 -64
-448 15952 544
240 16352 1072
320 16608 832
528 15472 480
976 14512 208
976 14608 -240
7696 15296 9504
2688 18384 1648
2688 20352 4576
9952 18496 -1376
7440 17536 -1344
6080 16848 -2128
4064 16320 -928
4064 16320 -32
2608 16064 -32
1792 16000 544
1696 16272 816
1792 16336 768
2048 16240 480
2144 16144 448
2368 16160 384
2464 16144 128
2624 16000 0
2480 16128 -96
2352 16080 336
2112 16080 400
2112 16128 304
2144 16128 448
2064 16064 608
2272 16064 608
2320 16048 432
2416 16000 480
2480 16016 240
2352 16032 320
2528 16112 128
2384 16160 -176
2496 16080 -208
2496 16096 -144
2528 16096 -368
2352 16160 -496
2624 16128 -368
2768 16064 -384
2704 16096 -384
2528 16064 48
2464 16064 48
2512 16032 -224
2416 16160 -320
2592 16080 -128
2704 16112 48
2704 16176 -16
2832 16176 -16
2512 16112 256
2256 16112 256
-5104 10096 5568
-1040 14176 496
3664 17856 -1264
1968 15696 -32
1072 14688 112
1104 14624 160
1408 14928 -384
1408 15088 -704
1408 15088 64
2176 15040 -928
1456 15104 -928
800 13952 -464
2144 14816 -464
2688 15824 -1200
2224 14656 -848
1920 14256 -880
1616 13648 -1152
1840 11360 128
-544 16688 -7312
-2640 17408 32
-304 19744 2048
-304 18352 1472
3136 18272 1456
2880 18912 560
2880 16848 512
880 16848 512
1184 16192 0
1568 16496 -1216
3952 16464 32
4448 16704 -560
4016 16896 -1504
4320 16320 -1904
4416 16272 -2432
5120 16128 -2288
5024 16160 -2656
4960 15936 -2352
4960 15936 -2352
4832 15968 -2112
4448 15920 -2112
3664 15824 -1664
3024 15856 -1200
2768 15968 -1024
2688 16160 -800
2688 16224 -784
2592 16096 -656
2768 16016 -832
2768 16016 -928
2976 16048 -928
2992 16000 -1056
2992 16016 -1248
2864 16016 -1072
2784 16032 -800
2720 16032 -640
2688 15984 -736
2688 15952 -1056
2688 15952 -1120
2848 16000 -1184
2960 16032 -1104
2912 16032 -1024
2912 16096 -1088
2880 16032 -1088
2848 16000 -1312
2848 15952 -1200
2944 15968 -960
2880 15984 -864
3120 15920 -976
3072 16000 -1072
3024 15952 -1312
3152 15872 -1328
3040 15872 -1056
3040 15920 -928
3120 15920 -928
3248 15936 -1136
3040 15952 -1088
2896 16048 -1056
2816 16128 -912
2896 16096 -1088
2736 16016 -992
2800 16016 -1040
2832 16080 -944
2736 16096 -896
2736 16064 -912
2640 16064 -1024
2816 16016 -1024
2944 15952 -1056
2944 16000 -1024
2976 15984 -912
2816 16016 -848
2768 16032 -992
2800 15984 -928
2848 15968 -912
2960 15856 -1040
3040 15952 -1024
3040 15936 -928
2928 15936 -928
2944 15904 -800
2992 15936 -912
3136 15952 -960
3104 16016 -1120
3008 15936 -960
2992 15888 -1024
2960 15904 -1072
2960 15920 -1136
2960 15920 -1136
2960 15872 -1152
2960 15920 -880
3040 15920 -880
3024 15968 -1232
3120 15984 -1232
3056 15936 -976
3168 15968 -1120
3152 16016 -1024
2752 16080 -960
2704 16032 -912
2656 16016 -832
2704 16016 -832
2848 15920 -864
2832 16016 -864
2720 16080 -752
2832 16016 -1232
2800 15984 -1072
2928 16000 -976
2656 16080 -960
2576 16032 -928
2576 16048 -912
2576 15968 -800
2832 15968 -992
2992 16000 -992
3056 16048 -1184
3072 15904 -1152
2896 15904 -1360
3024 15952 -1360
3040 15936 -1328
2960 15984 -1104
2896 15968 -1136
2944 15936 -1008
2944 15936 -608
2896 15936 -608
3040 15888 -816
2896 15920 -800
2704 15920 -864
2864 15952 -928
2896 15984 -1008
2896 16000 -1232
2912 15984 -1216
2816 15952 -1152
2816 15952 -1184
2880 15952 -1024
3024 16080 -1024
2960 16016 -1008
2928 16000 -1088
2992 16000 -1024
2960 15984 -944
2912 15984 -1248
3024 15984 -1168
3040 16016 -1200
2912 16016 -880
2912 16016 -800
2928 15968 -800
2992 15984 -880
2976 15968 -1024
3024 15984 -1024
2816 15968 -1056
2976 16032 -1168
2832 15984 -1232
2896 15968 -1264
2976 15968 -1136
2992 15808 -848
2944 15968 -1152
2944 15984 -1024
2960 15984 -912
2768 16032 -912
2960 16048 -944
2928 15984 -944
2912 16000 -1216
2928 15984 -1408
2864 15984 -1376
2976 16000 -1360
2864 15920 -1248
2880 15968 -1264
2960 15936 -992
2960 15920 -1024
2944 15920 -1024
2912 15904 -864
2864 15840 -864
2784 15968 -688
2576 16048 -672
2800 15984 -816
2944 15920 -912
2928 15952 -1152
2848 15984 -1152
2928 15968 -1088
2976 15904 -1296
2960 15872 -1072
2896 15952 -1104
2960 15952 -928
2928 15904 -848
2928 15984 -976
2928 16016 -864
2880 15968 -832
2880 15952 -816
2912 15952 -784
2864 15952 -784
2880 16080 -1040
2880 16032 -1104
2848 16080 -1216
2896 16016 -1072
2976 16000 -1168
2944 16000 -1120
2864 16032 -1040
2976 15936 -1040
2816 16032 -912
2928 15952 -1136
2960 16016 -1104
2896 15984 -816
2832 15920 -896
3008 15856 -960
3008 15920 -1040
2864 15904 -1024
2880 16048 -1024
2880 16032 -1056
2864 15968 -944
2928 16000 -1040
2720 16048 -1088
2880 16032 -1152
2960 16016 -880
2960 16064 -960
3120 15952 -1168
3120 16000 -1264
3072 15952 -1136
3072 16000 -1088
3040 16000 -1008
3072 15968 -1008
2992 15936 -864
2880 16032 -928
2896 16096 -1008
2896 16064 -976
2800 16048 -912
2832 16032 -720
2832 16016 -768
2800 16000 -880
2896 15984 -1232
2896 15984 -1200
2800 15952 -944
2832 15920 -944
2896 15968 -976
2800 15968 -976
2880 16032 -1008
2944 15952 -848
2976 15904 -880
3040 15968 -1168
2960 16016 -1168
2976 16032 -1152
2848 16016 -1024
2848 16016 -992
2960 15936 -992
3008 15968 -1120
2928 15904 -1376
3136 15920 -1216
3040 15952 -1056
2896 16000 -1216
2944 16000 -1168
2928 16016 -1040
3008 16048 -960
2960 15984 -832
3024 16016 -864
3024 16016 -1184
2752 16032 -1184
2864 15952 -1088
2800 15904 -1056
2784 15968 -1120
2864 15968 -912
2848 15952 -640
2864 15904 -640
2864 15888 -912
2832 16032 -1120
2832 16032 -1008
2848 16048 -992
2800 16016 -1088
2800 16064 -1424
2848 16016 -1216
2896 15984 -1056
2896 15984 -1024
3056 16000 -1024
2992 15920 -1072
2992 15840 -976
2896 15904 -992
2800 15952 -1072
2864 15936 -1072
2880 15968 -1200
2992 15936 -1200
3040 15936 -1408
2992 15840 -1280
2752 15888 -1152
2960 15904 -1008
2848 15952 -1168
2864 15952 -848
2848 16016 -1168
2896 16016 -1072
2848 15968 -1232
3008 15920 -1120
2880 15952 -800
2880 15984 -912
2880 15984 -1120
3056 15968 -1072
3120 15920 -992
3120 15952 -1088
3152 15952 -1120
3136 15920 -1120
3072 15984 -896
2928 16016 -976
3056 15968 -832
3168 15984 -1072
2976 16112 -1248
2976 15920 -1136
2928 15920 -1008
2832 15984 -960
2832 16032 -960
2864 16032 -1152
3056 15952 -1152
3104 15968 -1056
3024 15936 -1040
3088 15936 -1296
2992 15968 -1248
2912 15968 -1104
3024 15920 -1312
2928 15952 -1264
2800 15984 -1232
2688 15984 -1136
2896 16000 -1152
2928 16000 -1296
2880 16000 -1200
2848 15936 -1296
2816 15872 -976
2896 15936 -1088
2896 15920 -1136
2928 16032 -1088
3008 16032 -976
