startup(x,y,z):(448,16144,352)
1040 15296 -352
480 15680 -1248
-1616 15376 1328
-1616 15024 -1056
-1744 15024 752
160 16704 752
1168 17824 2384
3104 17376 2512
1312 16912 400
1312 16256 144
-480 16256 144
-576 15680 -768
-608 16096 -128
320 16144 560
1024 16128 528
1024 16096 512
1312 16096 -384
736 15968 -384
-64 16032 -192
-288 16112 -272
-224 16256 416
-224 16256 192
480 16272 192
752 16192 560
688 16240 176
480 16176 320
272 16128 352
240 16096 528
336 16144 496
528 16304 368
528 16288 48
544 16288 48
368 16192 544
192 16160 464
208 16160 528
208 16240 32
368 16240 0
448 16208 0
480 16240 256
416 16240 240
384 16256 240
288 16176 176
288 16176 -16
256 16160 -16
448 16144 176
480 16128 64
400 16112 -48
400 16208 64
352 16208 64
336 16192 320
384 16176 592
496 16176 400
416 16176 320
416 16256 432
368 16256 432
304 16304 368
496 16208 336
496 16224 256
656 16224 336
640 16224 336
560 16208 640
544 16176 288
464 16176 336
416 16224 336
416 16224 400
224 16272 400
432 16208 560
368 16160 272
544 16112 112
544 16160 192
416 16160 192
400 16144 304
528 16176 160
592 16208 176
448 16192 336
400 16128 320
400 16128 592
272 16208 592
368 16192 272
304 16208 384
352 16256 384
352 16192 448
464 16192 448
512 16208 336
480 16176 288
448 16224 256
464 16144 272
464 16144 208
368 16144 208
384 16160 336
496 16128 320
448 16160 192
480 16160 224
480 16160 64
384 16176 64
368 16144 128
400 16192 272
448 16112 320
432 16128 160
432 15872 208
432 16080 208
368 16160 208
288 16160 240
224 16176 176
272 16240 176
272 16288 208
272 16288 208
272 16192 432
352 16144 352
368 16224 112
384 16240 160
384 16224 368
512 16224 112
352 16320 224
224 16224 256
352 16128 256
400 16208 176
400 16208 304
528 16208 304
432 16224 368
272 16224 352
368 16272 272
368 16192 256
368 16192 400
384 16144 400
384 16192 448
368 16128 384
432 16128 384
432 16160 400
432 16160 416
432 16160 416
448 16128 592
400 16144 496
384 16112 464
400 16144 368
400 16144 512
432 16160 512
368 16192 384
336 16256 352
352 16208 304
400 16160 192
400 16160 288
576 16160 288
480 16128 208
336 16176 368
144 16256 416
368 16192 176
368 16192 336
464 16192 336
416 16144 256
416 16192 -32
576 16128 48
576 16160 512
480 16160 464
464 16144 464
592 16208 320
496 16288 480
384 16176 640
384 16304 320
432 16304 320
624 16272 272
560 16288 256
528 16288 144
320 16208 240
320 16208 224
288 16176 224
160 16208 176
240 16208 208
416 16208 240
416 16208 288
400 16288 304
464 16288 304
480 16240 416
416 16272 384
416 16224 288
368 16192 16
368 16256 -48
528 16256 -48
560 16224 -48
528 16208 208
480 16160 208
480 16128 256
432 16128 400
384 16160 400
352 16208 320
464 16128 400
448 16192 608
448 16112 352
448 16112 -16
352 16144 80
368 16112 80
384 16112 96
352 16160 304
464 16144 272
512 16176 80
512 16176 -192
480 16208 -192
400 16192 -128
400 16176 -64
352 16240 -16
352 16256 -192
320 16256 -192
256 16256 256
272 16224 272
352 16256 240
544 16224 336
544 16208 368
416 16208 368
400 16240 320
336 16240 256
384 16128 496
256 16144 384
256 16144 352
464 16192 352
368 16224 144
240 16272 400
288 16208 272
432 16112 240
432 16112 528
528 16144 528
512 16224 448
464 16160 544
480 16192 304
336 16224 368
336 16224 432
320 16192 432
272 16176 192
368 16176 48
544 16176 48
544 16224 112
432 16224 176
448 16160 176
416 16160 656
400 16160 704
400 16208 608
400 16224 416
352 16224 416
272 16192 384
432 16192 208
496 16144 96
432 16176 192
432 16192 272
448 16192 352
464 16080 352
432 16096 400
208 16128 512
304 16144 368
304 16208 224
272 16208 224
576 16176 256
416 16176 208
256 16160 480
256 16128 352
496 16128 320
432 16176 320
416 16128 96
336 16144 352
368 16192 320
368 16128 368
384 16160 288
384 16160 400
432 16112 400
480 16176 592
496 16224 544
464 16192 272
464 16224 272
512 16224 272
496 16272 16
416 16224 -144
368 16224 528
400 16256 320
400 16192 -64
400 16192 272
304 16144 272
224 16192 160
352 16144 384
320 16192 384
320 16192 0
336 16192 -256
464 16144 -192
400 16112 160
400 16208 48
320 16272 176
320 16288 272
288 16288 448
352 16272 448
544 16208 432
336 16144 176
336 16192 288
336 16208 -48
368 16208 96
384 16272 96
416 16224 -80
448 16144 352
384 16256 352
384 16192 432
384 16192 144
400 16272 144
416 16272 176
480 16176 400
512 16160 288
608 16240 288
512 16208 432
432 16176 464
368 16144 480
288 16176 400
288 16160 416
272 16160 416
336 16176 448
416 16128 112
544 16112 128
544 16160 352
496 16160 288
544 16192 288
448 16096 400
304 16016 336
256 16160 304
256 16160 512
320 16160 304
512 16128 304
432 16208 272
304 16192 240
272 16160 464
272 16224 336
240 16224 336
384 16224 96
352 16208 128
400 16160 64
416 16160 272
416 16176 432
384 16176 432
416 16272 256
352 16224 304
432 16144 176
416 16128 368
416 16176 352
352 16176 352
416 16256 160
416 16144 176
400 16192 160
336 16272 112
336 16160 224
352 16160 192
336 16160 192
320 16240 320
320 16256 304
368 16144 384
368 16048 368
448 16048 368
448 16096 432
384 16064 368
272 16144 240
320 16144 608
320 16144 352
432 16160 352
352 16160 144
272 16240 304
368 16192 288
368 16208 336
272 16208 192
304 16256 192
224 16304 128
176 16304 224
288 16192 256
288 16240 192
288 16240 -144
336 16256 -144
240 16272 0
448 16112 96
416 16144 80
416 16128 32
560 16128 32
384 16096 304
480 16144 336
304 16176 448
272 16096 304
272 16096 192
256 16096 192
208 16128 256
240 16176 48
368 16192 192
416 16144 208
416 16144 32
448 16192 32
240 16112 304
288 16080 416
448 16144 240
448 16112 288
432 16112 368
304 16160 368
592 16128 304
624 16160 272
448 16160 240
448 16272 272
304 16272 272
384 16320 240
416 16256 240
288 16224 192
288 16256 -96
320 16256 80
448 16224 80
336 16176 320
384 16192 336
512 16144 224
480 16160 192
480 16160 176
464 16176 176
496 16144 272
576 16096 288
432 16096 320
432 16096 304
512 16112 304
416 16208 240
416 16160 592
400 16160 416
400 16192 336
416 16128 208
448 16128 208
464 16144 416
400 16064 560
432 16096 448
432 16064 368
416 16208 144
368 16256 320
288 16208 400
192 16224 80
192 16192 192
224 16192 224
240 16192 224
352 16192 -32
304 16192 320
432 16224 272
480 16272 16
192 16240 208
384 16192 304
384 16160 320
176 16160 368
176 16160 368
144 16160 192
304 16160 256
384 16128 224
384 16112 176
352 16112 176
448 16016 528
384 16112 416
160 16160 400
160 16160 416
384 16192 448
544 16192 448
496 16160 464
336 16256 320
384 16304 176
448 16208 256
448 16192 240
432 16192 240
480 16128 208
448 16192 208
512 16176 144
448 16176 256
448 16176 464
400 16176 464
416 16128 672
432 16160 640
480 16160 176
368 16160 368
368 16192 224
384 16192 224
384 16144 288
224 16192 352
352 16224 80
352 16224 240
272 16224 256
256 16224 256
224 16240 400
320 16320 480
304 16288 464
304 16224 256
384 16224 304
272 16208 304
288 16240 304
320 16240 384
160 16224 560
160 16208 320
368 16208 320
352 16192 256
400 16224 288
400 16192 560
496 16224 400
496 16304 352
496 16304 352
448 16256 352
352 16272 256
160 16240 208
224 16224 288
224 16224 176
288 16160 176
336 16112 240
512 16000 256
480 16032 304
576 16064 384
576 16144 192
496 16144 192
336 16128 240
240 16112 400
192 16128 816
192 16160 560
272 16160 400
304 16144 400
256 16144 464
352 16096 672
352 16128 352
352 16128 192
