startup(x,y,z):(464,16096,208)
-208 21680 2032
336 21152 2480
176 19520 1904
1584 17232 1904
960 15520 2032
704 14128 1024
1168 13040 1072
800 12736 528
800 12528 560
560 12528 768
592 12560 768
704 12656 736
864 12928 1072
736 13392 1408
736 13744 1808
144 13984 2016
-208 13984 2272
-576 14176 2160
-784 14256 2064
-3360 23328 -5520
224 12592 3984
352 11680 3616
-176 11456 2512
-224 13488 1776
64 14704 880
176 15712 -48
480 16608 -880
4432 16912 -6896
4304 17840 -9152
2064 14240 -10480
2064 11568 -7200
1136 11568 -7200
976 11056 -4656
1088 11744 -3936
1184 16032 -2752
1280 20544 -1824
1280 19856 -1776
1744 19856 -2160
2496 19200 -2592
2560 18560 -2592
2624 18832 -2656
4368 16672 -2384
3744 14944 -2880
1664 17680 -2144
800 17328 -2064
1136 16560 -2944
1024 17280 -3200
432 16960 -3696
256 16832 -3984
112 17008 -3760
112 17216 -3056
368 17360 -2080
512 17152 -1200
1200 15904 -1120
656 14880 -224
96 15392 528
-240 15216 1408
-240 14608 2480
304 14608 3344
496 14000 3344
-3344 15296 11408
448 17680 11056
3760 15840 8480
4432 14672 5904
4432 15216 4576
3248 15216 2272
2560 15088 672
1584 15088 256
192 15696 256
-928 15968 -144
-1856 15920 -80
-2288 15392 496
-1824 14768 1280
-976 14160 1376
-192 13840 1072
-192 13840 400
608 13712 -432
1200 13712 -432
1616 13904 -1584
1696 13936 -2048
3504 17584 1872
4848 19792 5984
4736 19392 2864
4256 19264 400
4256 18368 -912
3696 18368 -2400
2928 17632 -2400
2288 17088 -3760
1664 16352 -3968
2160 15568 -4256
2400 15904 -6160
-304 17280 -5376
-304 18016 -2448
80 19024 -480
1872 19024 -480
2944 19760 496
3520 20176 96
4000 21008 -912
3600 21088 -576
3264 20448 -16
2656 19264 640
2656 17712 1168
2096 17712 1168
1088 15984 1632
-3216 14640 -4400
-2336 14240 -4576
-3808 14608 -4592
-2880 14432 -4560
-2880 13632 -3456
-2144 13632 -1968
-2848 12832 -1968
-2784 12128 -768
-2800 11616 880
-2768 11504 2720
-2816 12000 3664
-2976 12576 3712
-2896 13200 3408
-2704 13968 2960
-2400 14128 2400
-2400 16320 -3808
4272 7104 -4288
-1312 6912 -4288
-3936 14336 -6224
4400 14944 -5424
3360 18512 -5824
2096 20592 -4736
3536 20656 -2816
4192 3472 4064
7776 5216 -1248
9008 11296 -3760
9008 14112 -5504
8464 14112 -5504
5600 15600 -5696
2656 16144 -4816
1408 16272 -4240
624 18864 -3296
1680 20672 -2768
4816 20528 -3680
6080 20960 -5024
6080 13344 -5744
4208 17248 -5904
2752 17248 -6768
1552 16832 -5648
192 16832 -5648
-496 15168 -4912
-960 16288 -3392
-1136 16176 -1584
-976 15664 240
-432 14432 -704
-8256 14016 14016
-6736 16400 14064
-5616 14208 15584
-1584 15904 11680
-560 17664 5968
-624 16640 1760
-1584 16640 576
-2720 16000 576
-3600 13792 2080
-3680 13328 4160
-3856 13648 4064
-3616 13648 4064
-3488 13584 3200
-3216 13616 1808
-2208 13728 1552
-320 14784 -1728
736 15792 -2720
896 16336 -2768
2848 16848 -3840
2848 16848 -2480
1392 11456 -2480
2944 19248 -3040
2000 25952 -1312
6112 18896 -4368
6672 18960 -6496
5440 18352 -6480
5440 17264 -5136
4800 17264 -4608
5056 16976 -2304
3488 16016 -2304
1984 16592 -2352
1440 17696 -3664
1776 18816 -3696
1664 19152 -3776
2368 17584 -4512
2368 17584 -4880
1792 17584 -4880
720 19456 -4592
-672 17376 -2992
-1408 17584 -848
-2672 14560 848
-2368 16144 1552
-1600 15552 2576
-1696 8480 8304
1920 11792 6352
-1952 11792 2080
-3776 14128 2080
-4432 15200 176
-2576 16560 -1472
-2160 15520 304
-2704 15200 1904
-3072 14256 3184
-1200 12768 1792
-1200 12592 2176
-1968 12592 2064
-544 13968 2064
176 15664 1760
-64 16480 992
-400 16608 -176
-96 16400 -896
1008 17040 -1632
1008 18256 -2112
2352 18256 -2112
3360 8064 -2608
5120 9216 -2800
6032 12224 -3504
6144 14784 -4016
5456 16688 -4464
5456 17488 -4832
4576 17584 -5376
3920 17584 -5200
3168 17632 -4176
2288 17952 -4176
2016 17856 -3264
1888 19040 -2448
-1840 16160 -1328
-1200 17104 -2288
-1744 17792 -2784
-2176 17872 -3392
-2176 15264 -3520
-3008 16032 -2752
-2432 16032 -1392
-2416 16032 -1392
-2976 15648 -624
-3600 15008 -144
-4144 14608 1088
-4288 14208 2368
-4096 14144 3696
-3472 13536 4112
-3472 12880 3984
-1824 12912 3392
-848 13216 2672
-240 13216 2672
112 14064 1344
-304 14384 1728
-752 19184 2448
-688 16704 3376
-496 14640 3184
-320 13984 2176
-784 17344 704
6624 13120 1648
3504 19888 1648
2912 20320 -272
2768 18304 -3984
928 20416 -8224
976 20832 -8976
976 19648 -9040
1280 19648 -7248
2064 18336 -7232
848 17424 -5216
144 16640 -3392
112 16464 -2752
656 16528 -3104
992 18064 -2912
992 18064 -3184
928 18720 -3184
1184 18768 -2832
1984 22736 -2880
2080 24544 -2608
544 15216 -3424
-80 17584 -3280
224 21120 -2560
-672 15744 -1216
-560 17168 -144
-560 18208 1216
128 15552 3024
3200 11104 752
-2112 14272 3808
-1840 17728 -4080
2000 18208 -3200
3744 18656 -4336
3120 17920 -4768
3120 16512 -4272
1968 14224 -3392
64 14224 -3392
-1648 12352 -2480
-2672 10816 -896
-2640 9872 160
-2000 9616 848
-1200 9920 1216
-400 10464 1072
-400 11376 592
272 11376 432
592 11968 432
688 12480 -224
496 13056 -1232
4288 15408 -1072
1952 15952 7888
2304 14816 -1760
-1616 17472 -7696
-3184 17968 -5936
-3184 19008 -2080
-1616 19008 -2080
1168 20384 624
3568 21888 2064
5952 23488 1472
5136 23536 1056
3840 11200 320
3840 16528 -2416
3632 16528 -2416
3312 19520 -4624
2080 18224 -5264
1248 19568 -3424
304 19168 -1872
1088 18608 -1360
1696 17328 -848
1696 15664 -752
5280 15664 -752
4048 15424 -1168
1248 15920 -384
1280 15872 16
416 14656 288
416 12416 592
-976 12912 528
-3040 12448 2768
-1456 11392 1696
-3024 11360 1104
-3024 11360 2400
-1120 12112 -672
-2512 10144 -544
-2192 11344 -1456
-1088 12032 -240
-1520 12176 1744
-1952 12880 2384
-1952 12880 7616
-864 22192 14624
-208 20672 12944
336 20528 7744
256 20480 3056
288 20368 -416
4448 15312 -2336
1024 13680 -8320
1024 11136 -7472
-224 11136 -7472
224 11664 -4896
2656 14576 -3056
4704 17552 -1920
5584 19824 -832
6160 21312 -656
5712 21952 -1264
5712 13440 -3152
2112 13648 -4640
2896 13648 -4640
1936 15728 -5152
1216 17216 -5056
624 16784 -5024
784 16960 -4128
976 17472 -3440
1440 16800 -3040
1440 16464 -3344
864 16464 -3344
1360 14624 -2448
1264 14624 -1280
928 14048 -1280
832 13328 -400
2192 12640 -240
-5376 5296 4096
-5376 9968 2064
-1888 10208 2480
-4560 10208 7280
-3648 11264 7280
-1312 12992 -1632
224 14064 -1632
368 13968 -3264
-832 13360 -1872
-1008 13536 2912
-1376 14960 3440
-1376 16800 3856
-1616 17568 5168
-1680 17568 4080
-2144 17776 4080
-1904 17520 3728
-1264 17200 2336
-720 17216 1296
352 17648 -288
1184 19056 -2304
1184 19056 -6592
1056 17840 -6592
976 12112 -5392
4672 -1216 -1024
5888 10976 -2592
5712 16464 -1392
5712 21664 -1248
6112 21664 -1248
6000 22960 -1248
5504 22416 -1904
4080 23344 -1600
4064 22224 -4240
3280 18432 -5040
3280 18432 -3744
2064 18912 -3744
1360 19504 -2896
1456 19104 -2016
1504 18416 -2000
1488 18496 -1568
1520 17536 -1280
2592 16480 -1376
1712 16112 -1536
608 16384 -1520
192 16208 -1088
-1264 14368 992
-1920 12240 2288
-1744 11760 3472
-2576 10608 2288
-2112 12624 1104
-832 13680 2272
-832 13824 1120
-288 13824 512
-528 13600 512
-992 13648 368
-1376 13808 672
-1488 13712 992
-1328 13776 1344
-928 13968 1328
-528 14464 1120
48 15120 944
-1200 23888 7984
2064 21392 -4448
3376 21216 -3856
2896 17520 -4816
2768 14448 -4608
6032 14976 -5632
6032 15920 -5568
6864 15920 -4528
5728 16272 -4528
4944 16672 -3568
3664 16736 -2960
4128 16256 -1888
3312 15344 -1296
4048 17104 -2560
1776 18192 -3088
320 18336 -3104
-144 17744 -2784
-848 14592 -1824
-5536 23616 7808
-9136 10208 11168
-6208 10064 7248
-384 11664 2416
-384 18656 5216
1200 17904 7760
-160 18880 4480
-592 13824 2400
-448 13136 2336
-448 13936 2336
-1088 13936 2496
-1440 15328 2496
-1296 16896 2736
-720 18224 2704
-208 19152 1728
3984 19968 -496
4128 18320 -1936
7472 21536 -4368
5680 20400 -4800
3664 15968 -4480
3488 17328 -4976
3360 17504 -4544
2816 16816 -4032
2896 15904 -3616
3088 15136 -3008
2960 14720 -3008
3120 14560 -2752
3072 14880 -2608
2864 15056 -2608
2416 15120 -2560
1536 15296 -2512
208 15808 -2064
-144 15568 -2752
-2128 11856 -736
-2752 13360 -432
-2032 14448 -4736
-992 14960 -2848
-304 15536 3152
-224 16416 3152
608 14896 2064
144 15536 2256
-256 15584 3856
-256 15952 4848
-992 15952 5024
-2000 16336 5024
-2288 16848 4432
-2752 16112 9504
-2608 15760 7152
-256 16592 7152
1392 17936 3520
2448 18864 1104
2368 19024 -4608
6112 20688 -10736
6576 22656 -6304
6576 19728 -5840
5392 19728 -7072
3920 15904 -7072
3328 17232 -6480
3280 18144 -5696
2944 17712 -4832
2480 16992 -4048
2160 16992 -3424
1920 16880 -3280
1760 16848 -3280
1584 15936 -2912
1840 15040 -2768
1968 14432 -2176
1584 14144 -2096
1120 13776 -1968
