startup(x,y,z):(464,16224,160)
640 17088 496
240 17296 1456
1072 16848 2672
32 17456 2768
32 17552 2944
736 17728 4416
-32 17840 5072
-32 19184 5056
-2112 19184 4944
304 13968 4944
-352 16064 1488
400 16576 672
240 15856 240
240 15904 -64
112 15904 -240
768 16608 -240
768 17696 784
1376 17984 1088
3808 25312 1936
8704 21968 13600
14064 12800 17520
2400 6224 -2240
3888 19440 -2240
288 16192 -4288
-6544 14544 -5600
-6544 14544 -2224
-6544 10704 -3328
-7952 10208 -3328
128 10416 -2896
-416 10464 -352
-416 10464 -176
-1968 12288 -80
-3280 13664 0
-4080 14128 464
-4704 14496 512
-3552 15696 32
608 17216 -5920
1616 17680 1072
880 19680 3856
2240 26160 1504
2208 20016 3760
1584 17920 4384
368 8704 4432
-800 7776 4896
-2320 7152 6080
-2320 7808 6448
-2656 7808 4352
208 18496 4608
-1296 17392 1968
-1296 17392 880
-336 17920 880
160 17872 1648
-304 16080 5504
-304 16096 4352
-816 16480 3184
-624 16480 3184
-208 17488 1840
-48 18256 4352
-176 17808 4048
-240 17040 4032
-240 16736 4992
-1248 14624 8608
-1248 11904 4880
-1008 8416 6016
-1168 176 3008
-224 -2352 8912
896 3392 10208
896 7584 7520
96 7584 3680
-1520 12672 1936
-3168 12288 2528
-8784 11392 -384
-8784 14560 -3488
-5824 14560 -3488
-3232 15344 -912
-928 14416 1152
160 11072 1248
1312 10352 2672
80 10896 -1376
-720 12176 1104
-1488 11904 3312
-1488 16784 704
6016 16784 704
5360 19264 -208
1264 20528 8144
624 19264 3760
272 18272 4592
-1360 18448 6128
-2144 18944 7744
-896 19808 6816
-928 19088 5216
-1696 17440 4848
-1696 16544 3728
-2320 16544 2400
-2480 16080 2400
-2000 15984 1520
-1808 16000 1232
-1680 16064 1248
-1920 16128 1776
-1712 16064 1856
-1136 15792 2160
-1136 15712 2416
-784 15712 2496
-800 15696 2496
-1088 15760 2192
-1136 15808 1888
-1136 16016 2016
-1168 15936 2688
-1200 15872 3184
-912 15888 3520
-912 15840 3360
-656 15840 3120
-832 15792 3072
-928 15808 3024
-1120 15808 3344
-1440 15776 3344
-1840 15536 3008
-2704 14848 3520
-2336 15376 2880
-1824 15664 2144
-1200 15312 2000
-1424 14928 2416
-1456 14976 2448
-1600 15072 2592
-1600 15408 2816
-1328 15408 2816
-1312 15920 2880
-1168 16096 2816
-1440 15776 3520
-784 16368 2848
-416 16544 2208
-416 16256 2688
-896 16304 2768
-896 16352 2800
-944 16288 2800
-1024 16288 2784
-784 16256 2784
-800 16208 2848
-1024 16272 2928
-976 16336 2752
-960 16464 2592
-960 16384 2688
-1008 16384 2384
-1088 16448 2384
-1200 16384 2672
-1264 16320 2720
-1216 16352 3056
-1072 16048 2816
-1088 16048 2544
-1120 16128 2496
-1152 16128 2544
-1168 16064 2672
-1168 16064 2864
-1216 15856 2832
-1232 16000 2832
-1136 15952 2864
-1040 16032 2688
-1152 16064 2784
-1136 16064 2832
-1136 15856 2832
-1232 15888 2640
-1088 15888 2688
-1136 15984 2688
-1008 16064 2736
-912 15952 2688
-880 15840 2656
-736 15808 2736
-512 15728 2688
-1184 15536 3360
-896 15680 2912
-896 15744 2544
-880 15744 2544
-1008 15840 2336
-1280 15712 2224
-1280 15776 2144
-1408 15888 2240
-1424 15984 2208
-1472 16000 2144
-1472 16016 2112
-1504 16016 2208
-1472 16016 2208
-1568 16128 2400
-1712 16272 2064
-1744 16304 2096
-1760 16256 2352
-1760 16176 2448
-1680 16176 2448
-1632 16304 2352
-1488 16208 2272
-1280 16240 2096
-1120 16272 2080
-1088 16336 2272
-1088 16304 2480
-992 16304 2480
-880 16304 2432
-928 16096 2368
-1072 16064 2176
-1216 16128 2240
-1216 16128 2320
-1312 16096 2480
-1296 16096 2480
-1344 16048 2368
-1328 16208 2208
-1136 16128 2272
-1056 16128 2352
-1008 16032 2320
-1008 16048 2160
-992 16048 2096
-1088 15984 2096
-1040 15968 2272
-1056 15952 2256
-1056 15952 2368
-1088 16032 2304
-1088 16032 2304
-1184 16000 2304
-1312 16080 2288
-1392 16048 2384
-1344 16096 2384
-1264 16000 2368
-1264 15984 2480
-1200 15984 2480
-1328 16112 2416
-1328 16080 2224
-1024 15872 2064
-752 15952 1728
-928 15680 1968
-592 15872 1920
-416 16000 2192
-416 16240 2624
-624 16240 2624
-752 16176 3136
-752 16032 2768
-720 16000 2704
-992 16032 2400
-992 16032 2192
-992 16032 2304
-1216 16032 2304
-1312 16016 2304
-1328 16064 2352
-1168 16000 2352
-1008 16000 2464
-928 15984 2576
-928 15920 2528
-928 15952 2400
-864 15952 2432
-752 15968 2192
-752 16000 2432
-720 16048 2496
-720 16032 2432
-864 16016 2496
-848 16016 2352
-912 16000 2352
-1056 16000 2160
-1120 15984 2064
-1088 15984 2112
-1088 16112 2048
-1200 16160 2160
-1360 16160 2464
-1472 16096 2464
-1360 16176 2672
-1216 16128 2432
-1040 16032 2512
-1152 15904 2672
-1360 15856 2256
-1104 15856 1728
-1040 15952 1728
-1168 15952 2192
-960 15872 2112
-944 15760 2240
-880 15776 2368
-992 15776 2416
-1040 15936 2272
-960 16096 2048
-960 16048 1888
-816 16048 1888
-896 15872 2304
-960 15856 2464
-800 15952 2512
-896 15968 2688
-816 16064 2400
-1056 16064 2160
-1056 16160 2064
-1056 16160 1968
-944 16384 2176
-1152 16384 2480
-1280 16496 2480
-960 16368 2256
-896 16208 2432
-896 16000 2624
-944 16032 2496
-1152 15904 2416
-1264 15904 2080
-1376 15904 1776
-1376 15904 1712
-1472 16000 1792
-1344 16112 1984
-1344 16128 2016
-1232 16160 2160
-1184 16160 2400
-992 16080 2400
-1008 16096 2400
-1008 16096 2352
-992 16064 2336
-1008 16048 2400
-960 16000 2256
-944 16112 2272
-1040 16160 2288
-1024 16112 2192
-1024 16112 2160
-896 16096 2160
-1040 16160 2000
-1136 16032 2352
-1120 15888 2240
-992 15920 1856
-1248 15984 1792
-1344 16016 1936
-1344 16128 2064
-1296 16160 2224
-1264 16160 2224
-1328 16144 2336
-1104 15984 2256
-1168 16000 2576
-1168 16080 2496
-1168 16032 2432
-1040 16032 2576
-1120 16000 2576
-1104 15984 2288
-976 15968 2272
-976 15952 2320
-1088 15968 2368
-1056 15904 2416
-976 15856 2400
-976 15856 2544
-1104 15776 2544
-1232 15792 2352
-1120 15856 2400
-1184 15936 2272
-1184 15984 2352
-1280 16064 2336
-1296 16224 2416
-1296 16208 2464
-1248 16208 2416
-1168 16224 2416
-1296 16160 2288
-1328 16064 2304
-1376 16080 2256
-1376 16032 2096
-1344 16032 2000
-1280 16080 1936
-1136 16032 1936
-944 15968 2208
-912 15936 2176
-736 15888 2416
-608 15888 2784
-608 16000 2720
-880 16000 2720
-960 16144 2384
-1104 16208 2416
-1120 16192 2544
-1104 16144 2368
-1024 16032 2304
-1024 15904 2208
-880 15920 2304
-1088 15920 2272
-944 15936 2272
-1024 15936 2400
-1024 15920 2512
-832 15920 2352
-624 15872 2368
-624 15680 2496
-768 15680 2496
-928 15552 2368
-1088 15600 2160
-1296 15808 2320
-1184 15952 2240
-1168 16032 2320
-1264 16000 2304
-1424 15952 2704
-1264 16064 2176
-1168 16224 2064
-1440 16336 2032
-1696 16128 2144
-1696 15984 2176
-1680 15984 2320
-1296 15888 2320
-928 15808 2128
-752 15760 2064
-800 15760 1888
-896 15792 2176
-944 15808 2128
-912 15856 2368
-1024 16000 2368
-1120 16048 2336
-1120 16064 2416
-1072 16064 2528
-1088 16176 2528
-960 16224 2464
-1104 16224 2432
-1008 16160 2432
-960 16192 2496
-1024 16192 2464
-1008 16160 2576
-1008 16144 2288
-1008 16176 2176
-1040 16176 2048
-1120 16160 2048
-1216 16128 2256
-1152 16160 2224
-1312 16144 2240
-1376 16144 2224
-1328 16096 1856
-1328 16032 2016
-1248 16016 2208
-1248 16016 2064
-1088 16032 2064
-1200 16016 2192
-1216 16000 2176
-1280 16032 2144
-1184 16032 2208
-1072 16032 2000
-1120 15968 1984
-1056 16032 2016
-1104 16032 2048
-1104 16016 1792
-1008 16016 1792
-1072 16016 1984
-1040 16064 2064
-1136 16048 2224
-1088 15968 2272
-1136 16016 2384
-1056 16032 2400
-1056 16048 2304
-1120 16048 2448
-1200 16032 2448
-1248 16112 2336
-1248 16096 2256
-1360 16048 2592
-1408 16048 2352
-1328 16080 2272
-1328 16080 2208
-1104 16032 2208
-1136 16080 2208
-1072 16080 2208
-1152 16096 2064
-1024 16000 1984
-976 15936 2288
-1040 15952 2064
-1040 15952 2064
-1072 15984 2304
-1216 16048 2080
-1264 16000 2224
-1328 15936 2112
-1328 15952 2032
-1376 16096 2128
-1376 16128 2096
-1360 16128 2016
-1312 16208 2000
-1232 16208 2000
-1120 16096 2224
-1136 16048 2176
-1008 16112 2192
-960 16064 1936
-1008 16080 1920
-1072 16016 2080
-928 16048 2400
-960 16048 2192
-992 15984 2192
-1024 16000 2080
-1072 15984 1904
-1040 15904 2144
-944 15952 2064
-960 15952 2048
-928 16032 2160
-1168 16064 2224
-1168 16096 2064
-1072 16048 2176
-1024 15984 2208
-864 15936 2400
-928 15840 2272
-912 15872 1920
-1024 15904 1872
-976 15936 2192
-1216 16000 2416
-1088 15984 2416
-1088 16032 2144
-1200 16048 2432
-1184 16000 2192
-1232 15936 2096
-1184 15984 2032
-1232 15968 2016
-1232 16048 2032
-1296 16048 2032
-1280 16112 1984
-1168 16032 2176
-1296 16016 2016
-1200 15968 2080
-1312 16000 1872
-1216 15968 2000
-1216 15952 2048
-1232 16048 2064
-1296 16096 2112
-1120 16064 2112
-1168 16112 2224
-1168 16144 2176
-1312 16144 2176
-1248 16080 2256
-1184 16064 2208
-1376 16128 2160
-1504 16176 1968
-1664 16192 2128
-1584 16176 2112
-1584 16064 1920
