startup(x,y,z):(464,16208,288)
560 16480 1344
688 16528 1568
1008 16736 1632
1296 16672 1616
1104 16624 1856
464 15808 1200
128 16368 1088
-64 16288 1680
-176 16784 1904
1008 18880 2624
1008 25728 2736
3440 27008 -2112
2064 21728 3344
1264 8000 7488
-416 14464 1264
-1168 21632 -4368
-128 18336 -3408
1056 17920 -336
1056 17920 1680
1072 17600 2256
1072 16848 2256
672 16320 1104
576 15936 720
464 16080 1248
640 16144 1536
528 16096 1616
544 16000 1328
560 15968 1392
560 16048 1600
640 16048 1488
656 16128 1488
576 16080 1488
448 15984 1248
448 15888 1008
480 15856 1168
592 15856 1392
592 15888 1600
576 15888 1296
512 15872 1280
688 15872 1280
944 15888 1296
944 15920 1744
1248 15808 1888
1280 15856 2128
1136 15840 2560
1136 15344 3008
592 15344 3744
944 14384 3744
2128 16640 4576
2992 17744 4480
1952 18240 4672
912 15040 4016
192 16736 4144
192 17296 3808
-352 17296 3280
-544 17008 3280
-336 16528 2320
-240 16080 1424
-160 15744 800
-384 15328 304
-368 15104 -336
-256 14928 -656
-256 14672 -672
-96 14656 -480
240 14512 -224
624 14528 -224
624 14800 -32
560 15200 -160
592 15472 -608
624 15872 -1168
624 15984 -1552
912 15984 -2064
1296 16112 -2064
1760 16112 -2208
2160 16064 -2112
2448 16064 -2256
2544 15920 -2976
2784 15792 -3776
2784 15872 -4288
2496 16096 -3728
2064 16096 -3888
1552 16128 -3888
1056 16304 -5296
704 16464 -5344
448 16496 -4624
528 16768 -4624
960 24704 -2960
656 18224 -3184
1968 15424 -3008
1696 20688 -3808
2240 18048 -2464
2704 16240 -1680
3216 16144 -1408
3456 18992 -1808
3456 18320 -1552
3472 18320 -1184
3600 18048 -1184
3792 17872 -896
3680 17328 -992
3600 16464 -944
3456 15536 -448
3392 14432 144
2784 13872 608
2336 13824 880
2336 13968 1040
1744 14384 816
2096 14384 1520
1152 14752 1520
32 14928 2208
-2544 23792 13168
-2160 17520 12432
-1104 13600 8912
-1312 13968 1520
-2144 14528 -1120
-2496 15104 -1808
-2000 14672 -1472
-1456 13936 224
-1232 13120 1952
-1232 13120 3264
-1200 12320 3264
-992 11952 3712
-1104 11808 4208
-1088 11984 3872
-992 12320 3136
-928 12640 2016
-928 12864 1568
-1328 12864 1184
-1568 12944 816
-1488 13152 816
-832 13504 -352
-3280 17520 32
5120 16528 1200
4432 16928 -2000
4432 14944 -6336
2368 14944 3360
1312 15008 3360
1696 18560 -4208
656 15056 -3296
3008 17008 -3408
4320 18496 -2048
5312 20640 -1616
6048 21168 -1904
6048 21168 -2352
6240 22032 -2352
6368 22368 -2880
3888 21616 -1984
5904 20032 -3504
8160 18752 -5376
8160 18832 -4768
6304 18832 -3104
5408 18672 -2288
6288 17808 -2288
5808 17152 -1840
4224 16688 -1648
2880 16480 -1424
2880 16256 -1216
1968 16256 -1248
1088 15712 -1248
96 15040 -224
-1120 14336 720
-1664 13600 1072
-2320 13024 1952
-2720 12512 2480
-6752 12864 1312
-5536 14016 880
-2080 13568 496
-1024 12016 -448
-2400 11056 -752
-3888 10672 -400
-4544 10624 1024
-4544 10624 2448
-4448 10672 3008
-4144 10832 3056
-3936 10944 2480
-3680 11168 1728
-3680 11648 1088
-3088 11648 320
-2320 12272 272
-2560 13040 608
-1968 13824 1168
-1232 14832 1248
-1088 18784 3072
3632 19264 -8912
2096 20896 -9456
896 23984 -6416
896 28320 -416
4912 22656 -992
7200 13584 -2848
9840 14752 -5072
9280 17984 -4624
8512 20224 -3968
7600 20016 -4032
6912 22624 -4672
6480 22192 -4032
9232 20048 -4720
8832 18816 -4368
7072 17824 -3424
6400 15760 -3360
5824 15760 -4304
4480 14768 -3824
2624 14768 -3504
960 14176 -2432
-624 13360 -2432
-2400 12736 -1264
-3408 12208 -176
-4096 11760 864
-4832 11616 2176
-4224 11824 1632
-6976 11984 176
-6976 12752 176
-8128 12768 160
-7968 12976 144
-6432 12768 848
-5280 12256 2096
-5072 11792 2976
-5088 11344 4032
-4784 11248 4400
-4784 11440 4720
-4704 11440 4560
-4384 12384 4560
-4240 13712 4496
-4384 14576 4448
-3632 15312 3312
-2704 15984 2464
-1232 24320 13888
1456 18512 3408
6320 18160 -6912
5808 11200 -10352
5808 18928 -6048
6096 18928 -12192
4176 18752 -12192
11536 928 -8528
8848 10832 -6528
9712 15200 -5616
11168 18432 -5568
10240 19344 -5152
9168 20576 -6288
8448 22672 -6624
7104 20000 -6640
6176 20000 -5856
5936 19520 -5856
5904 18704 -6384
4688 18192 -5664
4208 17664 -5312
3888 17472 -4992
3552 17312 -4816
2224 17248 -3920
2224 16624 -2704
960 16624 -2048
-144 15920 -2048
-784 15184 -1920
-1408 14384 -1104
-2016 13456 80
-2560 12384 1280
-2880 11424 1728
-3184 10464 2432
-3184 5200 7504
-2384 5200 2464
-4320 7072 2464
-5088 8544 3184
-5984 10320 2032
-6672 11888 -960
-7040 12528 -912
-7040 12416 0
-7104 12416 2672
-6640 11792 2672
-5696 11232 4640
-4400 10880 5408
-3600 10992 4736
-3056 11024 4672
-3136 11520 3968
-3136 12336 2976
-2800 12336 2032
-1008 14752 784
-480 15808 144
208 16928 -384
880 18224 -752
4368 23008 4304
4592 22864 -4784
7376 23840 -2016
7376 24064 -4672
9632 24064 -5904
10032 24224 -5904
10848 22048 -11920
7472 19392 -7392
5904 18912 -6416
4688 20384 -4992
4656 20576 -4288
5088 21648 -4160
5504 21008 -3440
6064 18416 -3360
6256 18416 -3360
5440 17344 -3872
4080 16416 -3920
2512 15680 -3664
752 15360 -4240
-576 15088 -3984
-1600 14464 -3488
-2240 13712 -2464
-2576 13216 -1664
-3040 12672 1344
-4288 11920 2592
-4768 11264 4224
-4768 10848 5664
-4928 10848 7536
-5392 15472 7536
-6080 12304 6672
-4896 10208 8272
-3936 10208 5984
-3504 10944 5984
-3616 11824 3456
-3936 12640 1952
-4448 14512 2912
-4288 14576 4272
-4288 14688 3136
-3584 14688 2368
-2448 15280 2368
-960 15952 1280
288 16528 256
1456 17120 -336
2528 17728 -1152
6144 19664 -4704
8352 21776 -3472
8352 21280 -3152
7840 21280 -3152
6960 21040 -5504
5264 20448 -7120
4544 20304 -7040
4048 20112 -6912
3488 23488 -6848
3488 23488 -5904
3328 24288 -5600
3920 24128 -4896
4528 22640 -3824
4528 20704 -3152
4832 20704 -3152
5376 18880 -2720
5568 17104 -2496
5408 15936 -2224
4192 14640 -2144
2688 13680 -1840
1664 13056 -2080
384 12544 -1552
-624 12032 -816
-624 11696 240
-1792 11696 240
-2672 11376 1232
3248 11600 8080
-560 12464 9888
-3376 13968 4976
-4960 15408 6064
-6544 15920 672
-6544 15920 2336
-6368 14640 2336
-6240 13216 2272
-6528 12288 1200
-6000 11616 1264
-5056 10992 2320
-4528 10560 3680
-3856 10864 4608
-3856 11840 4624
-2896 11840 4016
-2016 13456 3360
-976 15424 3360
480 17232 2528
1552 18048 3328
3120 18864 2256
4544 19728 720
5408 20096 192
5408 20464 -768
6576 20608 -768
7296 20608 -1712
8112 20800 -1712
8128 21024 -2256
8048 21072 -2640
7680 20960 -3024
7136 20576 -3440
6432 19888 -3584
5904 19104 -4160
5168 17776 -4528
4624 17776 -4528
3856 17264 -4576
3248 16768 -3904
2416 16320 -3504
768 15296 -2816
768 15024 -2256
-144 14736 -1936
-656 14384 -1392
-1200 14384 -1392
-1936 13856 -448
-2528 13120 432
-3056 12464 1312
-3584 11808 1856
-4352 11248 2768
-4864 10944 3520
-4832 10944 4624
-5488 10976 4624
-5728 11312 3232
-6496 11760 3488
-7072 13104 3488
-6896 14112 3952
-5968 14048 4864
-5664 13760 5584
-5664 13584 5488
-5008 13600 4704
-5008 13696 4176
-4096 13888 3456
-3488 14336 2752
-2928 14480 2512
-2096 14784 1872
-1296 15072 1184
-400 15584 48
-400 16192 -448
448 16192 -448
1056 16960 -1808
1712 18080 -2272
2688 18896 -2464
6144 20080 -3296
7952 21632 -5888
8432 22096 -7344
8432 21696 -7040
7536 21536 -7856
7536 21536 -8544
6336 20432 -8544
4592 18736 -8816
3152 17488 -5856
3280 17200 -4256
4176 17744 -4672
4640 18576 -4672
4624 18960 -4800
4576 18976 -4896
3552 18448 -4384
1984 16864 -3216
880 15968 -2064
-464 15232 -1136
-624 14528 -224
-752 13728 288
-1152 13168 944
-1680 12592 944
-2144 12176 2432
-2736 11760 2768
-3216 11760 3104
-3840 11856 3104
-4400 11888 3792
-5136 11920 4688
-5744 11888 4960
-5744 11888 4912
-5808 11888 4912
-5616 11824 5232
-5216 11824 4256
-4288 12080 3680
-3728 12432 2992
-3344 12928 2000
-3344 12928 1824
-2464 13504 1168
-896 15728 1792
1232 18128 1296
2592 19888 64
4112 21408 -112
5232 22816 -720
5232 23824 -1376
6208 23824 -2272
6976 24432 -2272
8240 23600 -2976
8480 22400 -3792
8704 20960 -4464
8512 19536 -4992
8128 18320 -5312
8128 18320 -5712
6560 16640 -5856
5552 16208 -5744
4656 15888 -5184
3456 15488 -4256
1456 15424 -3744
832 15328 -2304
-64 14752 128
-1072 14752 1408
-2176 14272 1328
-3216 13728 2640
-4832 12672 4512
-5392 12176 5328
-5392 11584 7824
-3312 11680 6192
-5264 13136 3056
-6192 13600 160
-7120 12944 352
-7536 11968 2864
-6992 11232 5184
-5888 11120 6352
-4768 11328 6480
-4768 11568 6112
-4000 11568 4944
-3600 12624 3648
-3040 12624 2224
-2304 13424 2224
-1600 14544 1248
-688 15280 928
272 16064 896
1088 16864 624
1584 17552 560
2560 18336 -208
3312 19440 -736
4336 20640 -832
5472 21584 -1024
6704 22400 -1200
7664 22912 -1184
9200 23168 -1760
9280 22800 -2352
9280 22064 -2800
8896 21120 -3216
7104 20000 -3600
6048 18832 -4048
