startup(x,y,z):(448,16224,80)
528 16208 1184
368 16272 1152
368 16192 1168
368 16224 976
288 16224 976
368 16192 1104
576 16064 1168
496 16096 1344
368 16160 1328
448 16112 1056
352 16176 1248
368 16208 1296
384 16080 1200
336 16144 1200
336 16144 1136
224 16128 1136
304 16144 1344
432 16128 1216
528 16064 1472
432 16160 1472
576 16176 1360
336 16240 1360
320 16336 1488
464 16256 1472
720 16256 1216
768 16240 1104
768 16160 1232
592 16160 1024
560 16176 1152
416 16192 1280
304 16176 1312
128 16224 1280
128 16224 1376
368 16160 1376
512 16160 1328
576 16176 1184
576 16160 1232
496 16096 1328
464 16176 1424
464 16224 1232
480 16224 1360
480 16128 1360
416 16240 1360
384 16224 1264
480 16224 1056
608 16176 1280
416 16192 1424
416 16176 1216
464 16160 1168
400 16160 1136
448 16240 1136
464 16208 1472
464 16096 1840
480 16128 1792
480 16096 1600
384 16112 1456
384 16144 1264
496 16144 1264
560 16176 1024
400 16096 1264
352 16208 1344
384 16208 1568
528 16192 1360
480 16096 1200
496 16144 1216
512 16208 1488
464 16176 1552
464 16256 1712
432 16256 1728
464 16224 1856
208 16240 1536
448 16240 1648
432 16240 1552
480 16240 1552
512 16176 1360
592 16160 1392
416 16160 1424
384 16112 1616
272 16160 1472
224 16048 1312
288 16112 1472
416 16112 1536
368 16144 1440
480 16352 1440
416 16304 1520
496 16272 1584
512 16320 1536
448 16336 1616
448 16336 1456
480 16288 1792
576 16176 1792
752 16032 1728
800 16032 1760
624 16048 1744
512 16112 1648
512 16192 1552
320 16192 1584
224 16256 1584
272 16288 1760
304 15984 2480
560 16080 1712
576 16032 1424
576 16032 1312
544 16032 1312
720 16096 1472
560 16128 1424
576 16144 1648
608 16064 1776
512 15968 1568
512 15984 1472
496 15984 1552
416 16048 1552
480 16080 1696
400 16240 1760
800 16192 1664
624 16208 1536
624 16208 1504
560 16064 1408
448 16112 1408
368 16112 1728
416 16176 1792
464 16096 1632
672 16080 1536
608 16160 1232
432 16112 1616
544 16128 1792
512 16080 1712
512 16128 1936
496 16096 1936
512 16128 1520
528 16128 1648
528 16192 1888
416 16192 1952
448 16128 1952
512 16064 1664
464 16080 1552
448 16064 1728
448 16064 1824
704 16064 1936
528 16128 1936
496 16048 1760
432 16096 1648
448 16176 1664
272 16160 1888
368 16240 1760
432 16224 1696
432 16128 1776
528 16128 1744
624 16112 1744
608 16128 1792
624 16192 1680
496 16256 1744
512 16112 1856
512 16112 1808
464 16128 1808
560 16128 1728
576 16192 1728
672 16240 1568
592 16192 1536
560 16064 1440
752 16016 1520
704 16032 1840
640 16128 1744
640 16128 1744
656 16080 1568
608 16128 1680
672 16080 1776
720 16128 1520
672 16128 1664
672 16000 1472
560 16000 1472
560 16112 1888
592 16128 1760
672 16224 1808
576 16176 1888
560 16192 1920
560 16096 1744
416 16096 1744
448 16096 1744
400 16096 1696
384 16080 1792
464 16096 1728
640 16176 1776
528 16160 1776
464 16112 1648
528 16208 1856
528 16208 1808
448 16192 1680
592 16160 1680
592 16144 1696
656 16144 1728
432 16144 1792
528 16192 1792
528 16224 1712
544 16224 1712
560 16112 1136
528 16096 1536
560 16144 1632
576 16176 1648
512 16176 1776
512 16176 1776
432 16192 1776
576 16160 1776
736 16176 1744
576 16112 1712
560 16096 1872
496 16080 1888
496 16000 1792
496 16000 1632
592 16032 1488
432 15968 1488
480 16096 1616
624 16048 1600
544 16144 1648
576 16096 1584
608 16096 1760
608 16096 1856
816 16048 1856
672 16096 1776
672 16064 2000
656 16176 2032
656 16160 2128
624 16144 1968
624 16080 1952
496 16080 1952
480 16032 1888
544 16128 1808
688 16128 1760
672 16144 1728
672 16160 1968
768 16160 1968
544 16192 1984
576 16144 2112
624 16160 1888
800 16112 1952
736 16160 1744
752 16432 1488
752 16352 1296
448 16352 1296
448 16160 1680
528 16160 1920
400 16160 1792
400 16160 1808
368 16048 2016
672 16048 1808
528 16144 1808
512 16208 1728
560 16144 1680
576 16160 1904
608 16176 1520
544 16240 1680
544 16240 1680
640 16192 1584
480 16192 1728
624 16192 1840
480 16288 1824
432 16352 1824
464 16368 1504
560 16272 1312
720 16128 1488
688 16080 1760
688 16080 1760
656 16160 1760
608 16160 1840
528 16144 1856
576 16160 1872
576 16128 1952
656 16048 2000
656 15984 1920
704 16032 1872
592 16080 1856
544 16080 1856
528 16144 1856
512 16144 1728
368 16160 1824
464 16160 1904
480 16096 1664
560 16112 1856
560 16080 1600
496 16080 1888
496 16032 2080
464 16176 1936
464 16128 1888
608 16128 1888
608 16160 1712
592 16096 1856
704 16080 1760
560 16160 1680
560 16080 1776
576 16032 1920
576 16032 1776
528 16112 1776
928 15664 2480
400 15664 2480
112 15760 2016
352 16000 1936
400 16160 1936
464 16144 1904
560 16144 1968
560 16144 1856
752 16112 1984
784 16064 1984
592 16208 2112
704 16256 1872
544 16112 1968
576 16080 1808
608 16144 1808
512 16160 2000
480 16256 2000
608 16192 1968
688 16160 1904
688 16128 1712
384 16896 2576
400 16448 1920
416 16336 2112
416 16304 2048
384 16304 2448
368 16240 2448
496 15952 2096
576 15856 1904
720 15872 1936
720 15936 2096
704 16048 2048
560 16112 2032
656 16160 1840
656 16032 1936
608 16032 1936
560 16160 2064
512 16128 2032
480 16096 2064
576 16064 1872
576 16064 1824
384 16064 1840
432 16064 1904
528 16144 1920
416 16176 1920
512 16160 1936
512 16080 1856
608 16096 1904
608 16128 1872
544 16128 1904
512 16144 1904
640 16176 1888
656 16192 1872
496 16176 1968
432 16176 1824
512 16128 1808
512 16096 1872
592 16080 1760
592 16080 1872
528 16128 1872
576 16064 2144
432 16064 2064
464 16096 1792
464 16096 2080
512 16016 2080
608 16016 2064
528 16048 2064
608 16096 2032
544 16112 1936
624 16096 1872
624 16096 1744
496 16160 1744
592 16144 2064
560 16144 2144
624 16096 1632
624 16096 1840
608 16144 1760
640 16144 1760
592 16208 2000
1152 16240 2432
496 16032 1968
496 16080 1456
672 16080 1776
672 16048 1920
512 16048 1808
544 16112 1808
640 16048 1712
688 15984 1888
432 16064 1616
528 16160 1792
528 16192 1760
688 16192 1984
576 16160 1984
480 16192 1984
448 16096 1888
592 15984 2304
592 15984 2128
592 16016 1856
464 16016 1888
416 16032 1888
464 16064 1552
656 16176 1936
560 16176 1776
480 16192 1728
512 16160 1728
544 16096 1872
720 16096 2272
640 16016 2032
640 16080 1680
544 16080 1680
384 16160 1744
512 16160 1808
592 16192 1872
512 16128 1792
512 16112 2032
528 16128 2080
528 16128 2016
448 16096 2016
496 16160 1616
320 16208 1808
448 16176 2016
640 16224 2048
640 16208 2256
688 16208 2192
640 16048 2192
528 15968 1952
448 15984 1872
560 16064 1920
576 16096 2000
416 16208 2048
528 16304 1920
528 16240 1984
464 16240 1984
464 16272 1904
608 16176 1888
672 16128 1920
672 16080 2096
320 16320 2016
320 16384 2048
272 16384 2192
368 15872 2192
640 15696 1968
656 15760 1888
672 15904 1824
1072 15440 1984
1072 15824 1568
720 15792 2016
640 15792 2128
416 16016 2128
336 16128 1936
512 16080 1904
368 16160 1968
496 16096 1904
496 16144 1824
592 16144 1824
624 16112 1856
656 16160 1728
464 16064 1808
512 16064 1824
560 16032 1712
560 16048 1568
464 16048 1568
464 16144 1680
528 16080 1712
560 16096 1744
624 16112 1840
624 16112 1904
688 16016 1904
608 16160 1888
624 16080 1824
464 16032 1552
480 16096 1648
336 15952 1920
336 15952 2080
320 15984 2080
544 15936 1872
752 15792 1824
656 16096 1648
656 16416 1744
480 16416 1744
432 16336 1872
432 16352 1968
432 16096 2016
480 16112 1808
480 16112 1920
336 16112 1824
576 16064 1824
560 16064 1840
624 16112 1808
528 16144 1616
528 16272 1616
528 16288 1936
592 16288 2016
496 16192 2016
336 16096 2048
320 16048 1904
400 15984 1792
352 15904 1904
480 16000 2224
480 16128 2128
848 16128 2128
800 16256 1872
688 16400 1664
720 16352 1824
768 16288 2032
768 16224 2144
864 16224 1936
912 16160 1936
816 16176 2160
624 16128 1904
368 16176 1904
432 16176 1840
432 16192 1920
496 16192 1920
464 16160 1680
432 16160 1760
448 16096 1776
336 16000 1760
336 15840 1792
336 15760 1552
288 15760 1648
