startup(x,y,z):(128,16144,288)
288 16624 1328
256 16816 1280
-176 17024 1232
96 16704 1376
176 16448 1440
176 16304 1184
64 16304 1344
64 16256 1216
192 16256 1232
384 16368 1232
256 16496 1328
240 16352 1648
96 16544 2096
96 16544 2544
80 16832 2544
144 16688 2288
256 16432 1568
112 16704 1424
-80 17040 1328
-112 17424 1616
-288 17104 1552
0 17200 1232
0 16880 944
256 16880 944
-80 16624 544
-240 16304 720
256 16592 640
352 16608 560
352 16608 656
320 16512 880
272 16544 1328
32 16528 1328
-176 16496 976
-112 16832 1120
160 16880 1232
160 17056 1712
0 17056 1712
-192 17024 1424
-304 17088 1216
-352 17120 64
-48 -3760 4848
-144 10912 2224
-416 -336 1120
-320 8640 -848
-576 13184 -1728
-576 13184 -608
-656 14560 -608
-384 14848 896
-80 15600 1008
176 15600 1360
416 15456 2128
416 15456 3024
384 15440 3664
464 14912 3184
800 14912 3184
864 15616 3568
1360 14240 2288
1424 15264 2288
1440 17856 2064
1440 20384 1584
1296 20384 416
912 20096 416
368 18928 -480
176 17824 -768
-48 17184 -336
-240 16944 -320
-544 16208 208
-768 15616 832
-768 14944 1488
-560 14944 1488
-288 14240 2336
96 14080 2640
448 14016 2592
608 14368 2320
608 14800 2288
720 14800 2032
752 15568 1776
560 15904 1504
160 15904 1504
-320 16096 1472
-416 15968 928
-704 15728 1072
-704 15504 1216
-688 15504 1312
-592 15360 1600
-320 15264 1600
160 15280 1728
272 15248 1712
480 15456 1744
576 15776 1888
576 15888 1696
576 16048 1440
544 16048 1440
688 16112 1408
576 16176 1840
480 16208 1824
320 16224 2064
320 16288 1888
192 16288 2192
144 16304 2144
-32 16416 1904
32 16560 1904
192 16624 1952
160 16640 1680
288 16672 1424
288 16672 1632
176 16848 1632
128 16896 1984
32 16864 1920
-112 16640 1648
-96 16368 1568
-64 16224 1552
-48 16144 1552
96 16096 1456
96 16096 1632
-128 15952 1632
80 15920 1568
112 15840 1568
160 15856 1568
128 15808 1328
128 15776 1184
128 15776 1184
48 15728 1360
192 15856 1344
64 15920 1392
0 16000 1520
0 16112 1760
0 16224 1536
-112 16224 1536
-144 16192 1504
-96 16272 1248
-16 16224 1216
-208 16144 1520
-224 16144 1424
-224 15888 1600
-224 15904 1728
-224 15840 1664
-96 15840 1664
-64 15792 1776
112 15808 1520
112 15824 1408
112 15888 1440
256 15888 1680
288 16096 1728
272 16176 1776
192 16240 1616
208 16128 1792
240 16048 1488
128 16000 1408
128 15936 1552
160 15936 1552
160 15920 1520
96 15888 1456
96 15840 1520
-32 15952 1504
-32 15952 1408
144 16112 1344
192 16144 1168
144 16272 1200
272 16192 992
256 16176 720
224 16128 944
224 16128 1296
176 16096 1296
128 16000 1376
48 16032 1600
160 15888 1616
208 15856 1424
208 15872 1216
352 15872 1360
288 15984 1456
288 15984 1136
400 16064 1136
320 16096 1312
480 16128 1376
320 16176 1104
320 16176 1232
48 16128 1152
96 16128 1472
208 16096 1472
144 16016 1264
256 15968 1264
288 15952 1376
304 16096 1232
384 16112 1216
384 16112 944
432 16240 944
512 16160 1184
480 16160 1216
400 16240 1296
576 16208 1248
576 16224 1136
576 16096 1296
464 16032 1248
272 16032 1248
352 16000 1296
400 16096 1344
240 16144 1472
240 16208 1248
400 16240 1264
560 16240 1264
560 16224 1152
576 16240 1168
656 16192 848
560 16144 992
528 16176 768
592 16096 928
528 16128 1200
528 16128 960
512 16064 960
384 16048 944
384 16016 1088
592 16160 1072
640 16112 1280
640 16160 1152
608 16128 1088
608 16224 1248
368 16224 1184
400 16224 1184
320 16240 1520
112 16176 1504
96 16144 1520
96 16224 1408
352 16112 1632
272 16112 1328
192 16208 1328
304 16176 1216
416 16144 1328
400 16016 1232
400 16080 1248
448 16080 1168
384 16192 1168
544 16192 1168
464 16320 1120
464 16256 1168
400 16256 1232
448 16128 1232
528 16064 1216
464 16064 1104
448 15888 1200
352 15904 1280
352 15904 1296
224 15888 1296
160 15904 1360
160 15968 1008
176 15968 1488
176 15952 1248
368 15952 1248
128 15920 1232
176 16096 1216
288 16160 1296
256 16224 1344
176 16208 1296
160 16224 1200
64 16192 1152
64 16192 1392
176 16192 1392
112 16320 1488
272 16176 1424
208 16224 1280
384 16176 848
448 16144 848
336 16128 816
240 16064 816
224 16032 864
80 16000 944
112 15936 1488
112 16032 1504
112 16032 1504
160 16064 1008
0 16032 1264
224 16032 1200
496 16064 1104
384 16192 1184
432 16288 1216
368 16352 1024
368 16352 960
224 16352 960
272 16304 928
272 16288 1232
240 16272 992
240 16240 1056
384 16240 1040
464 16144 1040
528 16000 1008
432 16064 1136
432 15952 1232
480 15904 1248
416 15936 1072
416 15936 1008
512 16000 1008
368 16016 848
320 16032 800
512 16048 944
352 16144 1120
352 16112 1056
304 16112 1056
240 16240 1312
320 16256 1312
256 16208 1312
192 16320 1168
320 16384 912
288 16336 704
288 16304 784
352 16304 784
288 16240 656
304 16192 864
256 16080 1104
320 16096 1152
352 16080 1104
272 16080 912
272 16032 912
256 16032 912
240 16032 944
160 16048 992
208 16080 720
208 16064 896
272 16064 784
384 15920 960
208 15904 960
256 16032 976
256 16064 976
240 16064 992
144 16080 704
176 16048 848
176 16304 752
400 16144 752
544 16192 1040
416 16160 1040
352 16096 912
448 16048 976
448 16048 928
272 16112 928
144 16160 1200
320 16160 1200
240 16112 1040
384 16048 1120
352 16016 1072
352 16048 784
368 16048 784
336 16160 720
416 16080 688
416 16000 688
384 16000 848
384 16032 976
336 16000 1008
384 15984 1104
384 15984 1056
496 16016 1056
400 16064 944
368 16080 1072
464 16032 1056
464 16048 784
480 16048 1104
304 16144 1104
304 16272 944
352 16272 784
352 16240 752
416 16144 912
368 16128 912
368 16128 864
256 16160 864
336 16224 896
400 16144 1264
448 16128 1120
448 16080 928
544 16080 672
592 16112 672
560 16192 800
592 16160 944
528 16176 1248
576 16192 800
416 16224 848
416 16224 848
400 16304 848
288 16400 848
336 16288 976
288 16224 1024
192 16160 816
304 16208 896
336 16240 896
320 16176 896
320 16176 880
272 16208 976
192 16160 1040
192 16160 1024
272 16224 1024
320 16192 672
400 16208 976
400 16000 1008
400 16112 960
336 16112 800
336 16080 928
256 16048 832
256 16048 800
368 16032 800
384 15984 784
528 16032 960
496 15984 928
496 16080 624
400 16080 624
384 16128 672
304 16208 544
240 16176 592
320 16208 624
256 16208 944
240 16256 928
240 16256 864
384 16208 864
416 16208 832
464 16112 1056
256 16160 864
336 16144 784
336 16160 848
352 16160 784
512 16160 864
432 16160 864
544 16144 944
480 16192 896
320 16144 880
320 16208 784
240 16208 704
400 16240 704
368 16176 832
288 16048 1072
224 15840 976
224 16000 816
256 16000 720
176 16016 1104
240 16016 1104
240 16032 816
304 16016 736
352 16112 736
352 16160 608
368 16160 608
224 16288 848
304 16272 864
272 16320 720
128 16192 896
112 16112 976
224 16144 944
240 16128 688
240 16128 784
400 16096 784
368 16112 752
304 16096 816
352 16064 848
320 16080 896
320 16080 992
304 16080 992
240 16048 992
368 16032 992
368 15984 880
272 15952 1088
288 16016 1088
288 16000 1088
320 16000 1088
416 16032 928
384 16064 832
224 16096 1232
384 16096 1200
384 16144 720
288 16144 672
176 16128 928
224 16128 928
272 16176 816
336 16048 848
480 16096 928
480 15920 896
416 15920 768
192 16000 768
224 15984 608
192 15984 576
80 15904 816
80 16000 896
256 16016 912
256 16080 960
288 16080 960
256 16128 896
192 16080 992
128 16048 1008
128 15968 960
304 15968 1120
80 16032 1120
144 16064 1088
256 16128 896
288 16112 832
288 16096 736
256 16096 1040
304 16112 1088
304 16160 1120
144 16160 1120
128 16192 1008
176 16128 1024
160 16176 912
272 16160 992
416 16112 992
320 16288 832
336 16160 704
320 16112 704
288 16208 800
240 16176 976
192 16128 960
192 16128 1104
128 16176 1104
192 16256 1024
256 16112 1152
336 16176 928
464 16096 960
480 16032 944
336 16064 1184
400 16080 752
