startup(x,y,z):(96,16208,400)
720 18096 1456
560 22640 4352
768 14096 4352
1056 18160 3712
1600 19696 3872
1104 18960 2672
320 18480 992
2384 18480 16
64 17232 1200
-304 16208 1776
224 16560 1392
224 16160 576
304 16160 288
-96 15872 288
-64 15792 240
80 15936 624
-144 15888 528
368 15872 688
256 15872 784
112 16176 784
304 16208 688
-432 15888 416
-224 15824 416
528 16800 800
48 16944 544
48 16944 1072
1104 17840 1072
896 19552 1088
-560 18432 3488
-208 19024 2448
-1632 18832 608
-1632 19344 2784
112 19408 2784
1344 16768 8752
1680 18992 9424
2784 25824 3232
224 30768 5712
432 25696 5344
960 16496 3968
16 18752 1152
-896 20048 -272
-1408 20096 -816
-528 19104 -1824
560 18064 -2848
656 17840 -2880
656 17760 -2672
560 17760 -2416
656 17616 -2560
944 17008 -2400
1200 16000 -2432
1328 15408 -2800
1536 14656 -2672
1536 13872 -2576
1520 13872 -2112
1392 13264 -2112
1376 12416 -1392
1200 12176 -1104
928 12128 -880
928 12128 -528
768 12176 336
384 12272 336
-64 12512 304
-240 12864 912
-560 13104 1104
-560 13264 1888
-784 13264 1904
-992 13152 1904
-1024 13328 1616
-1376 13504 1248
-1168 13664 912
-1168 13920 912
-1088 13872 416
-1008 13968 416
-992 14016 464
-656 14128 256
-432 14352 48
-320 14672 -112
-320 14880 -112
-112 14880 -112
224 15104 -48
288 15312 80
608 15504 -112
608 15664 176
672 15712 208
784 15712 -160
832 15872 -160
896 15808 -176
880 15904 -432
784 15968 -512
1136 16288 -1424
1136 16288 -1712
1248 16416 -1712
1136 16336 -1664
960 16448 -1280
1072 16704 -1088
1168 16880 -1040
1264 16912 -720
1264 16512 336
1040 16512 -464
1408 17456 -464
1216 18208 -1808
1312 18496 -1520
1712 18928 -1440
1520 19264 -1024
1520 19264 -640
1024 19632 -640
1088 19920 -464
1216 19888 -400
1056 19856 -640
944 19536 -464
736 19328 -416
736 19328 -640
624 19184 -640
512 18912 -368
368 18464 32
288 18016 208
288 17616 144
208 17616 -208
240 17184 -208
288 16672 -368
432 16224 -544
448 15808 -832
608 15504 -800
608 15296 -672
704 15296 -672
816 15136 -880
816 14944 -800
1088 14736 -1104
1088 14752 -1248
1024 15008 -1232
960 14928 -1232
816 15008 -1152
816 15120 -1120
896 15264 -1136
1008 15504 -848
880 15696 -256
880 16032 -48
976 16032 512
848 16080 512
768 16192 400
832 16352 544
752 16592 432
752 16848 352
864 16768 160
1024 16912 160
1040 16896 16
1184 16880 -80
1120 16848 -240
1056 16784 -400
1056 16672 -368
1312 16672 -368
1264 16432 -512
944 16384 -624
928 16304 -864
928 16208 -880
992 16160 -896
752 16160 -896
720 16016 -1072
656 15872 -768
688 15776 -656
384 15744 -160
384 15744 -352
288 15744 -352
144 15824 -96
288 15936 320
336 15968 304
336 16016 512
464 16016 256
384 16144 256
384 16272 432
560 16272 288
576 16384 112
528 16384 -64
528 16384 -208
528 16368 -208
880 16320 -880
720 16400 -736
720 16384 -752
704 16384 -800
640 16352 -800
496 16320 -640
640 16288 -608
608 16240 -384
608 16240 -512
480 16240 -512
560 16176 -448
448 16192 -288
528 16112 -96
528 16176 -16
544 16176 -80
400 16288 -80
304 16288 -32
320 16272 96
256 16352 464
288 16304 624
288 16384 656
544 16384 624
688 16416 624
656 16352 320
544 16336 592
544 16256 272
512 16256 -32
640 16144 -32
704 16032 -208
720 15984 -544
704 16032 -496
704 15984 -544
688 15984 -400
864 15936 -400
864 16016 -512
992 16016 -464
896 16000 -272
896 15984 -96
928 15984 -96
880 16096 0
704 16096 144
672 16144 240
672 16144 -16
672 16144 128
688 16144 128
704 16096 112
704 16192 224
576 16160 -48
608 16128 240
608 16160 16
528 16160 16
672 16336 -16
640 16368 368
720 16432 240
784 16464 240
784 16416 304
736 16416 304
528 16224 240
432 16272 256
496 16144 288
496 16144 0
480 16144 -288
432 16096 -288
496 16000 -288
544 15904 -736
416 15920 -624
304 15872 -544
304 15968 -656
336 15968 -656
480 15984 -480
560 16128 -352
736 16208 -288
704 16208 -48
704 16208 -16
896 16224 -16
736 16128 192
736 16224 32
768 16288 80
768 16352 64
784 16352 96
736 16432 96
768 16464 416
784 16496 432
912 16560 400
896 16592 352
896 16592 416
688 16592 416
704 16560 352
544 16512 336
528 16336 224
560 16224 -128
560 16224 -208
448 16128 -208
496 16016 -272
496 16064 -272
464 15952 -528
528 15968 -336
528 16048 -160
384 16048 -160
288 16016 0
432 15968 208
464 16000 192
272 16112 144
352 16128 256
560 16208 336
672 16256 64
736 16256 64
704 16192 128
736 16240 288
768 16304 64
880 16352 80
880 16352 128
1008 16320 256
832 16224 32
832 16304 32
704 16352 32
624 16432 -96
464 16448 -32
416 16336 64
368 16384 -16
256 16320 -224
240 16336 -256
176 16224 -352
128 16224 -432
112 16256 -400
112 16256 -496
144 16272 -528
96 16368 -464
240 16400 -464
256 16448 -592
416 16544 -432
368 16624 80
368 16624 272
640 16896 272
752 16848 64
800 16880 80
1040 17008 -112
1216 17168 48
1296 17216 192
1296 17216 128
1264 17200 144
1360 17280 144
1392 17120 288
1440 16976 416
1536 16944 144
1536 16944 -48
1600 16784 288
1408 16688 288
1376 16656 240
1312 16416 304
1136 16368 368
1104 16160 816
960 16064 496
960 15984 432
1072 15984 688
768 15776 688
656 15728 624
592 15552 304
464 15440 432
256 15376 272
256 15296 512
320 15296 624
176 15232 624
32 15200 592
-16 15104 848
-192 15152 1088
-192 15184 1168
-144 15184 1168
-160 15200 1184
-352 15200 1360
-464 15168 1232
-464 15120 1200
-464 15104 1168
-464 15104 1120
-304 15104 1120
-288 15296 1040
-176 15504 1280
0 15664 1216
112 15888 992
112 15888 1104
352 16000 1104
544 16112 1008
656 16352 912
864 16464 1120
864 16544 528
944 16544 288
880 16464 64
784 16512 -160
688 16496 -160
688 16496 -368
752 16592 -352
752 16592 -192
752 16608 -96
784 16608 -96
528 16544 528
528 16480 768
320 16400 640
240 16288 720
256 16272 960
16 16224 1040
16 16208 1296
-96 16208 1216
-224 16144 1216
-240 16224 1056
-16 16224 1168
80 16240 1312
80 16288 1168
16 16288 992
96 16288 1264
160 16288 1264
256 16224 880
272 16272 880
336 16416 832
1200 16416 656
944 16272 832
944 18864 -352
640 18864 -352
800 19248 128
864 19616 1040
736 19120 960
512 17376 -32
416 16048 -432
320 15584 -336
320 15840 2768
-416 15840 544
-1264 16464 544
304 16288 -2688
1920 16336 -2096
1296 16816 -1360
1296 16544 -896
448 16544 -128
-32 16304 -128
96 16256 640
320 16384 1360
352 16320 1360
304 16352 1344
336 16304 1296
432 16128 1488
688 15440 1536
592 15776 1584
384 15904 1296
256 16000 1152
384 16112 1168
384 16144 1136
384 16176 976
272 16048 1456
608 16048 1456
624 15824 1376
688 15920 1040
1168 16000 112
1936 15312 -2096
1936 15312 -7584
2480 16736 6928
-9360 15088 2928
-1200 16176 2928
-96 15824 3600
-592 15216 4096
-608 14064 2880
64 13376 1856
736 13632 1328
736 14032 976
1040 14032 976
464 15312 1056
176 15328 976
3104 9776 -10192
832 10288 -1936
832 16064 2688
816 17584 5328
656 20272 3744
1424 20272 3744
-1040 21056 1904
880 18624 1008
1104 16624 -160
1104 15248 -976
720 15248 -976
288 15104 -1008
-336 15312 -544
-288 16064 224
-304 16240 752
-304 16000 1040
-416 16096 752
-416 16032 112
112 16032 112
624 16464 400
1088 16864 272
976 15728 496
416 16544 -80
416 16544 -208
736 16464 240
832 15952 240
-384 16192 -176
-576 15952 -320
496 14080 -2384
5680 16944 -1936
2032 11904 -1552
2032 15744 144
-5168 15632 144
-112 19136 7584
-448 19760 8768
-112 17808 2768
-80 16592 1424
96 16256 432
-16 16128 192
336 16032 368
336 16224 640
112 16224 640
80 16192 496
32 16128 416
144 16112 96
144 16512 16
-320 16512 192
144 16272 192
32 16368 -16
0 16240 240
16 16224 -32
64 16176 176
-32 16160 160
-32 16176 208
48 16176 208
80 16272 128
208 16080 512
128 16160 656
112 16160 416
112 16160 384
176 16336 384
128 16272 320
16 16304 208
48 16256 384
144 16240 256
128 16176 96
160 16144 160
160 16144 16
464 16192 16
288 16240 160
32 16240 336
0 16064 384
-64 16112 208
