startup(x,y,z):(208,16160,240)
-2848 14992 2560
608 16768 6720
608 21216 8256
3648 21216 8256
480 24720 3856
992 30608 1840
1024 32144 2000
-4656 25680 7904
-3872 -3472 -9456
-3872 14592 2064
5776 18848 2576
2464 16080 -1424
-416 11024 -576
-416 11024 -448
-2064 6736 -1968
-1136 4128 -3472
544 3424 -3472
1792 3952 -4800
2544 4368 -6208
3120 4144 -7504
3760 3552 -8032
4192 2672 -8128
4192 3904 -8144
5136 3904 -10512
7424 4544 -10512
6128 5872 -13728
1568 7248 -10480
1520 8288 -8112
6640 -13680 -3168
448 -22144 -5696
-800 -10576 1536
3312 -22416 -12640
6704 -17696 -11920
8864 -23392 -15680
7568 4624 -9840
6368 10288 -9392
3872 656 -7888
1456 5904 -6912
64 17200 -4400
224 18016 -4608
224 18016 -4608
144 15280 -4608
128 14496 -4832
448 15088 -8192
-160 15664 -8192
-336 16032 -6928
-224 15600 -6576
64 15136 -5872
688 14896 -5088
1216 15088 -4528
2240 15616 -4096
2208 15424 -3904
2208 15136 -4096
2512 14832 -4352
3248 15040 -4384
3632 15040 -4624
3776 14816 -4464
3776 14880 -4800
3664 14880 -4928
3552 15184 -4928
3536 15184 -5152
3696 14720 -5136
3792 15088 -5440
3664 15424 -5456
3616 15136 -5344
3392 14992 -5024
3280 15024 -4752
3136 15184 -4880
3024 15120 -5024
3024 15120 -5056
2992 15120 -5056
3232 15072 -5376
3216 15152 -5504
3072 15136 -5536
3120 15136 -5600
3152 15120 -5440
3088 15216 -5440
3120 15184 -5456
3232 15088 -5456
3552 15424 -6048
3328 15616 -6000
3088 15408 -5744
2800 15376 -5088
2800 15344 -5168
3008 15344 -5312
2832 15280 -5312
3104 15216 -5264
3344 15152 -4944
3648 15136 -4640
3728 14928 -4368
3728 14672 -4288
3808 14832 -4288
3648 14880 -4208
3744 14912 -4128
3792 14960 -4464
3904 14992 -4640
3936 15024 -4768
3968 14960 -4544
3904 15024 -4864
3952 15072 -4608
4000 14992 -4192
4112 15024 -4432
3920 14992 -4240
3920 14992 -4368
3808 15040 -4368
3712 15072 -4048
3536 15136 -4496
3440 15168 -4496
3456 15216 -4400
2944 14896 -4096
2592 15168 -4384
2336 15104 -4288
2336 15056 -4512
2688 15056 -4704
3200 15072 -4704
3328 15136 -4560
3440 15136 -4608
3344 15184 -4560
3424 15168 -4512
3264 15248 -4576
3200 15232 -4592
3040 15184 -4576
2864 15168 -4592
2864 15248 -4688
2672 15248 -4528
2736 15184 -4528
2608 15248 -4704
2800 15328 -4896
3168 15392 -5200
3168 15392 -5136
3632 15392 -5040
3696 15344 -4864
3600 15312 -4848
3376 15248 -4912
3312 15200 -4928
3296 15232 -5024
3376 15328 -4960
3616 15216 -4752
3552 15248 -4640
3472 15216 -4544
3472 15232 -4512
3136 15248 -4384
3136 15200 -4304
3152 15248 -4256
3152 15248 -4176
2992 15248 -4176
3008 15296 -3968
2976 15312 -4000
2992 15296 -4032
3264 15264 -4192
3264 15216 -3904
3312 15216 -3872
3600 15168 -3744
3600 14928 -3552
3792 15088 -3648
3776 15088 -3584
4048 15120 -3584
3952 15184 -3664
4000 15008 -3776
3984 15056 -3712
3728 15024 -3600
3760 15024 -3648
3536 15104 -3648
3616 15136 -3472
4064 15584 -3920
4176 15344 -3920
4192 15104 -4176
3840 15328 -3600
3536 15520 -3632
3680 15456 -3664
3680 15264 -3824
3632 15232 -3584
3360 15232 -3584
3024 15392 -3728
2864 15472 -3488
2784 15152 -3680
2720 15136 -3856
2688 15376 -4160
2704 15632 -4096
2576 15536 -4016
2512 15344 -4032
2512 15344 -4032
2320 15328 -4224
2496 15344 -4192
2576 15328 -4192
2688 15456 -4320
2864 15488 -4272
3008 15600 -3984
3104 15680 -3984
3248 15648 -4112
3264 15680 -4032
3152 15776 -4208
3600 16048 -5024
3600 15856 -5872
3072 15856 -5200
2944 15792 -5200
3072 15600 -4672
3184 15520 -5504
3584 15472 -4832
3632 15648 -4400
3728 15984 -4368
3776 16336 -3904
3696 16448 -3856
3696 18080 -4528
3632 18080 -3680
3520 17728 -3680
2608 14832 -3344
3568 18944 -4672
3408 20000 -5312
3776 22064 -5952
2592 20928 -5744
1120 13968 -4416
2592 19248 -5424
4096 23872 -5168
3216 15312 -3696
3312 16224 -4080
3312 16224 -5040
3440 14768 -5040
3664 15216 -5840
3584 16128 -6144
3280 16352 -6096
2656 15552 -5600
1312 13952 -4304
-80 11984 -2896
-352 10752 -1040
-12224 7344 9136
-6528 10288 3936
-6528 13936 -192
-1504 17344 -416
160 17344 1168
-192 20752 4416
1664 22736 7296
4112 21616 7824
4112 20560 8224
5440 20560 8224
6880 24272 -7536
5136 21936 -7008
1872 18592 -1152
640 20080 2704
640 21744 2288
1712 21744 1040
2496 21424 3472
1616 12688 4832
2080 12688 2160
2384 11440 1296
96 11808 592
-80 11888 3776
1824 11424 6096
2768 11856 3008
2768 11856 240
2240 12448 240
1152 13088 -688
752 15088 768
496 15072 -1520
592 19424 -6400
848 19376 -6400
-1984 14528 4960
-2640 16976 32
1472 18304 -960
-1120 17552 1152
-1120 15568 -1872
-1696 14240 -2864
-912 15696 -6240
-1520 17200 -3568
-1520 17392 -1856
-2400 17392 -832
-2096 15520 -864
-752 15232 80
-144 15920 3056
3504 15120 3712
2352 15712 3536
576 16176 7120
576 16544 4256
-144 16416 4496
1296 16096 4544
1824 15984 4288
1824 16048 4720
1776 16048 4416
1040 16240 4416
512 16160 4128
560 15952 3440
544 15808 3024
288 15744 3056
288 15744 3408
192 15856 3408
288 15920 3328
400 15856 3056
400 15872 2960
288 15872 2960
352 15920 3056
352 15808 3120
160 15728 2720
-16 15568 2272
-16 15552 1792
-240 15552 1792
-576 15504 1232
-544 15344 992
-224 15344 816
464 14928 560
208 15056 560
-160 15168 720
-272 15168 544
32 15136 272
384 14688 80
384 14688 -272
656 14608 -272
1056 14176 -1376
928 12496 -2352
-720 10256 -3040
-1984 5376 -3040
-2320 -2864 -3488
-544 -6384 -4624
-4752 13136 -8240
-1216 -7088 -4336
2112 832 -7024
1536 14352 -448
-832 22288 2064
-16736 1648 1584
7952 16928 -15120
-2240 12624 -11488
-6656 15552 -11488
-5840 16928 -6240
-2624 16320 -5040
-1232 16064 -2864
-448 16112 -1280
-448 16048 -1392
-384 16048 -608
-688 16000 -608
-464 16064 -256
144 16224 -432
288 16272 -432
-112 16304 320
-112 16160 144
288 16288 -208
32 16288 192
32 16256 512
-128 16256 512
192 16384 -112
224 16304 0
192 16288 112
256 16208 -48
240 16192 112
208 16240 304
48 15888 288
176 16080 272
176 16080 16
720 16208 16
336 16256 400
464 16288 384
16 16400 816
16 16320 304
128 16048 16
192 16096 96
272 16112 0
128 16256 448
0 16176 384
80 16176 160
368 16224 144
336 16320 48
-32 16096 160
-160 16272 400
-32 16256 688
0 16288 496
192 16048 -528
192 15744 -384
608 15744 -208
384 16000 -208
96 16064 64
-112 16128 256
-304 16160 128
-304 16064 224
-144 16064 192
16 16192 336
80 16192 288
112 16192 128
96 16160 128
272 16208 32
128 16272 160
240 16192 176
176 16192 192
176 16240 16
176 16240 16
336 16224 240
192 16224 368
80 16256 400
48 16208 256
224 16128 384
96 16144 352
80 16192 368
80 16208 352
80 16208 432
192 16128 432
192 16272 352
192 16288 192
128 16288 304
128 16208 560
64 16176 448
192 16224 384
128 16240 320
208 16096 192
208 16192 192
160 16192 192
272 16144 224
176 16240 320
272 16208 448
192 16192 384
272 16192 352
160 16256 272
112 16224 96
224 16208 480
288 16224 304
288 16208 416
96 16208 208
16 16240 208
224 16256 208
224 16208 304
96 16224 256
64 16208 384
64 16240 512
128 16224 368
176 16224 480
160 16144 336
160 16144 240
176 16256 240
160 16240 128
96 16240 144
32 16272 256
32 16208 112
160 16208 240
208 16192 272
160 16224 384
160 16224 448
112 16224 224
224 16272 224
192 16256 224
112 16272 352
144 16240 272
144 16288 128
160 16288 128
208 16272 224
224 16208 176
64 16208 336
176 16224 224
288 16304 192
288 16256 48
224 16176 496
224 16128 736
176 16128 496
144 16160 496
96 16256 512
144 16224 320
272 16240 240
304 16192 288
368 16176 368
304 16176 320
224 16192 368
112 16272 352
272 16288 304
272 16160 352
208 16160 368
208 16080 368
240 16144 288
112 16208 64
48 16208 256
176 16176 304
96 16208 384
240 16128 320
240 16208 288
160 16224 176
176 16144 240
144 16192 144
304 16192 400
304 16224 304
224 16208 464
288 16240 368
240 16240 336
128 16240 288
32 16272 288
80 16256 144
64 16240 208
96 16240 -176
176 16240 16
176 16240 112
432 16192 112
304 16176 160
192 16176 192
128 16160 208
80 16176 208
144 16160 80
64 16160 400
96 16240 272
96 16224 240
80 16224 464
112 16160 464
176 16176 352
128 16224 288
128 16208 256
160 16240 192
144 16240 160
208 16176 192
176 16192 240
192 16192 320
192 16224 -32
192 16224 112
128 16192 112
304 16256 160
240 16256 160
224 16208 400
272 16160 464
160 16208 384
160 16192 400
160 16144 656
