startup(x,y,z):(256,16240,352)
-1584 13584 944
320 16144 2480
512 17648 2480
128 18656 4240
-1424 4112 4240
1712 10832 5600
-1792 12640 6000
-2384 13760 4512
-1408 13344 5024
-1408 16160 2416
1728 16256 2416
5184 27088 -1552
2768 18416 4800
528 13008 19504
912 21008 8624
-384 23488 2784
-2544 23664 -1248
-2976 21024 -3168
-2976 17552 -3888
-1776 17552 -3792
-464 14528 -3792
384 12160 -3360
352 10576 -3072
0 10176 -2496
0 10688 -2496
-176 11344 -2672
0 11808 -2880
288 12160 -3136
496 12160 -3328
832 12544 -3328
752 13024 -2960
800 13616 -2464
848 14032 -2128
544 14512 -1584
272 14896 -1344
0 15264 -864
0 15264 -448
-288 15664 -448
-512 16224 -96
-640 16704 48
-592 16944 -224
-592 17056 -288
-576 16896 -560
-560 16896 -560
-656 16576 -736
-464 16352 -976
-416 16096 -1424
-272 15872 -1392
-32 15632 -1376
304 15520 -1472
304 15456 -1664
528 15456 -1664
576 15472 -1568
608 15552 -1360
736 15680 -1360
528 20496 -1200
528 12976 -2384
864 12976 -480
800 8384 -960
1632 7168 -960
1152 19904 1376
2160 12432 -1232
2400 9824 -1280
2096 21232 400
2272 13552 -1904
1520 23040 -704
1584 14048 -1888
1584 14048 -1344
2816 22336 -1344
1776 21312 -2464
1488 14960 -2464
1632 13744 -2208
1552 15984 -1712
1408 16768 -1888
896 16208 -2160
896 15696 -2160
416 16016 -2032
240 16416 -1984
64 16512 -2000
-288 16240 -1872
-288 15984 -1824
-384 16192 -1600
-384 16192 -1664
-512 16144 -1664
-176 15792 -2464
16 17312 -2816
432 16592 -2816
704 15920 -2224
704 15632 -1760
928 15632 -1760
832 15936 -1776
752 16320 -1632
576 16368 -1952
784 17040 -2688
608 16864 -2176
544 16320 -1296
688 16208 -592
688 16208 -704
800 16304 -704
976 16016 -1056
1056 16864 -1280
1072 15488 -1632
912 14480 -1200
912 16080 -1664
1008 16528 -1296
1008 16016 -976
1184 16032 -976
1200 15840 -880
1136 16016 -1232
1168 15344 -1184
1168 16544 -1840
832 16176 -1952
832 16176 -1952
976 15440 -1600
1200 15488 -1184
1216 16048 -928
1376 16320 -624
1328 16304 -768
1184 16192 -688
1184 16400 -976
1136 16400 -1136
896 16080 -1136
640 16064 -1248
784 16128 -1392
736 16192 -1328
640 16064 -1200
528 15472 -1264
528 15664 -1152
528 16544 -1408
448 16544 -1408
384 16448 -1552
256 16176 -1456
112 16000 -1296
112 16096 -1376
-112 16096 -1088
-240 16256 -1088
-336 16240 -976
-128 16112 -1024
96 16032 -896
224 16192 -848
144 16240 -768
320 16192 -864
320 16208 -720
464 16208 -720
800 16176 -768
1008 16448 -784
1232 16448 -704
1200 16288 -736
1200 16016 -496
1280 16032 -384
1376 16368 -480
1248 16352 -624
1056 16352 -624
1280 16064 -608
1408 16064 -592
1536 16336 -480
1568 15328 -112
1600 14864 -144
1600 12960 -864
1472 12960 -864
1248 13088 -1168
864 13888 -1136
464 14784 -1136
-192 15440 -976
-672 15728 -528
-928 16000 -496
-1008 16144 -400
-1056 16144 -64
-1104 16304 -64
-976 16560 272
-832 16464 576
-688 16480 272
-256 16448 208
144 16512 160
544 16512 192
544 16512 352
896 16656 352
1056 16928 272
1184 17056 192
1280 17008 448
1280 16960 640
1328 16832 608
1280 16832 608
1264 16816 624
1296 16880 592
1264 17120 544
1104 17104 336
1232 17184 160
1088 17200 -288
1088 17184 -160
1040 17184 -160
928 17168 -320
432 17504 256
352 17440 480
352 17312 608
192 17312 768
288 16736 912
416 16736 784
640 16416 784
816 16256 672
1008 16048 432
1024 16000 368
1024 16000 0
1232 15968 0
1216 15936 -128
1200 15840 32
1072 15792 128
864 15920 304
624 16016 416
592 16256 528
592 16256 432
400 16400 432
272 16464 688
304 16432 752
400 16416 416
400 16496 416
560 16432 512
560 16432 752
416 16400 752
448 16400 1120
656 16480 1120
448 16512 1280
224 16336 1504
1792 20800 9072
688 18800 1184
688 18800 -896
-48 17616 -896
16 16512 192
608 15888 1904
1792 16992 -144
1312 17312 64
528 16960 -272
96 16432 3072
96 16720 1824
816 16720 3072
816 16640 3072
1104 16928 2864
1008 17056 2608
816 17232 2224
816 17136 2096
736 17136 1456
864 16976 1456
656 16352 816
528 15712 1024
432 15536 1024
352 15424 1248
96 15536 800
608 15520 -480
-3248 14928 4192
-3248 18144 112
-1920 18144 -1616
-784 20128 -1616
-2096 -160 5520
-1376 10128 3344
-544 14576 2608
5536 2192 -4032
6672 1008 3120
3776 9840 240
3776 15104 -1280
3184 15104 240
-336 13440 240
608 16864 2496
464 16704 3584
448 16832 4160
592 16816 4144
-128 16400 4032
-1968 16304 3264
-1968 16256 2864
-464 16256 2832
368 16240 2832
-48 16112 2560
192 16112 2112
400 16128 2384
400 16192 2608
320 16192 2880
192 16128 2288
0 15888 1808
256 15984 2400
256 16064 3008
560 16064 3008
400 16272 3488
112 16288 3568
368 16256 3040
352 16080 2400
352 15936 1792
240 15936 1792
112 15760 1168
144 15760 1376
64 15840 1472
-32 15728 1632
-48 15600 1552
48 15648 1168
48 15648 1088
-384 15696 1088
-496 15840 1440
-368 15920 1120
-16 15760 560
-1808 12736 2752
-1952 12736 1808
-1728 13984 -1872
-1808 13984 -1632
-1440 12608 -1632
-176 12448 -2688
992 11360 -2704
-1728 7344 -2816
-2352 3680 -4528
-80 -1104 5376
4784 -1104 -3584
3360 -3232 -3584
4736 -16608 -1152
-4128 2384 -6704
-7136 2592 -9328
-6176 12864 -10848
12464 19648 10896
22560 25040 -9984
5776 17856 -7792
-7504 14400 -6368
-3616 13472 -5456
-272 15600 -1056
-416 15696 -416
-768 16048 -96
-320 16160 176
80 16144 -48
240 16192 560
80 16144 400
96 16176 256
112 16256 352
176 16224 432
-64 16208 368
-64 16208 -48
112 16112 -48
288 16096 -80
368 16208 144
128 16336 128
128 16272 80
96 16272 -176
-432 16256 -176
-96 16336 -176
96 16336 0
128 16336 -176
128 16288 32
192 16272 320
192 16272 128
64 16240 336
-64 16240 336
112 16320 64
96 16256 -16
224 16288 -16
160 16288 -32
48 16464 -336
-240 16320 64
-240 16400 -544
-128 16400 -544
160 16464 -96
272 16560 224
400 16240 96
240 16208 -32
240 16272 16
176 16272 16
-80 16416 416
-16 16544 288
48 16368 160
80 16288 80
256 16016 80
208 16160 80
-96 16304 432
-96 16304 224
64 16320 224
288 16128 -144
384 16288 160
272 16208 288
32 16240 432
32 16144 336
112 16272 -112
288 16272 -368
464 16208 -368
192 16240 -224
208 16256 -16
272 16288 16
272 16272 32
160 16272 208
304 16064 208
176 15952 288
128 16000 480
144 16160 224
320 16288 288
336 16112 208
336 16208 496
160 16208 496
96 16240 304
176 16240 -160
128 16368 352
16 16288 640
96 16192 192
128 15936 160
128 15968 496
32 15824 384
16 15920 352
-32 15920 128
160 15936 128
48 16208 608
208 16240 464
224 16352 448
224 16352 224
304 16176 448
288 16256 448
208 16176 224
112 16032 208
304 16192 208
256 16160 512
80 16256 96
176 16272 -64
176 16272 -48
192 16304 -48
192 16192 176
112 16112 96
384 16080 656
384 16096 176
80 16096 -208
-224 16064 112
-160 16064 112
112 16288 336
64 16144 560
656 16208 112
656 16336 240
688 16336 288
624 16288 288
432 16192 176
208 16144 224
208 16384 480
208 16384 416
160 16480 -64
160 16592 112
352 16592 112
-448 16160 336
304 16560 -160
208 16496 -784
176 16576 192
48 16448 400
48 16352 80
160 16352 -16
-160 16192 -16
-768 16064 304
-512 16048 112
400 16304 0
-592 16336 240
64 16432 496
64 16432 672
-128 16656 672
-192 16224 496
576 16176 -96
-272 16096 240
-256 16288 464
-256 16544 336
384 16144 352
-192 16128 144
496 16128 304
304 16256 304
288 16224 336
32 16176 160
128 16224 288
128 16272 320
48 16272 400
224 16288 400
176 16240 400
144 16208 320
160 16288 256
240 16256 0
352 16288 80
352 16256 224
432 16256 224
272 16256 32
256 16192 0
208 16240 -16
208 16272 160
208 16272 224
176 16272 224
176 16304 224
256 16272 256
272 16208 384
224 16192 256
128 16192 496
128 16144 400
48 16208 416
16 16208 416
144 16224 320
128 16224 240
64 16144 352
80 16160 432
32 16256 272
112 16144 144
112 16080 384
176 16080 240
176 16160 240
240 16160 48
320 16096 240
112 16128 320
112 16144 368
144 16144 544
208 16144 544
208 16208 480
320 16192 400
304 16208 448
224 16224 384
320 16192 336
320 16176 368
272 16176 368
208 16224 432
240 16192 576
176 16304 288
128 16304 416
208 16272 224
