startup(x,y,z):(96,16224,384)
432 16448 1168
288 16624 1312
384 16544 1872
304 16896 1840
160 17056 1696
128 17120 1536
128 17008 1152
96 17008 1152
-368 14720 400
32 16720 176
1760 16784 800
512 17136 720
512 17136 304
896 18048 304
944 17008 48
656 16704 -720
1088 15488 -1184
1088 15808 -784
800 15808 -304
400 16304 -304
560 15792 -80
192 16000 128
208 16336 272
208 16448 624
208 16448 816
272 16336 816
464 15936 896
528 15616 784
544 15552 416
336 15744 240
336 15744 -48
384 15984 -48
336 16192 -352
176 16208 -96
64 16208 -112
0 16240 224
0 16240 3680
-1072 14640 3680
-416 15664 1808
-80 16208 1264
272 16384 1120
272 16944 1072
272 17600 1008
96 17600 1008
-272 18464 1152
1456 16224 3664
-96 17712 3264
-368 18272 3920
-304 18736 4384
-304 19648 5888
1216 19648 5888
976 19376 4832
-240 16480 4208
1040 768 -5488
1488 15840 -9728
1328 22368 -10144
1328 24224 -6400
320 24224 -6400
-848 23696 -1792
-1184 21808 1920
-496 19200 4144
1552 17184 5232
1696 17184 2800
2656 15568 2800
2240 14528 1344
1136 14368 288
448 14640 -960
672 14912 -2144
1024 14672 -2880
1104 13888 -3072
992 13072 -3168
992 13072 -2544
864 12656 -2544
720 12720 -2000
592 13312 -1872
384 14016 -1376
384 14736 -1008
32 14736 -1088
-112 15296 -1088
-224 15792 -928
-400 16144 -736
-336 16288 -560
-384 16320 -208
-320 16512 -48
-320 16352 16
-208 16352 16
-64 16208 -224
64 16080 -512
96 15808 -528
416 15536 -496
576 15392 -608
576 15392 -528
512 15360 -656
576 15360 -768
528 15472 -768
480 15472 -608
352 15424 -544
304 15472 -640
304 15472 -560
112 15344 -560
-128 15360 -368
-192 15488 -432
-304 15520 -432
-464 15600 -304
-528 15616 48
-640 15584 -128
-640 15584 -432
-640 15552 -432
-656 15536 -832
-640 15456 -912
-544 15328 -864
-640 15296 -736
-544 15168 -464
-416 15040 -464
-352 15184 -800
-160 15296 -800
-144 15440 -816
-16 15504 -1008
-96 15632 -992
0 15680 -896
0 15760 -880
80 15760 -880
448 16096 -784
576 16416 -576
816 17680 -1296
1184 19248 -1920
1184 20032 -1200
1120 20032 -1200
384 19952 -64
48 19216 512
-432 18640 528
-624 18016 304
-624 18016 48
-656 17616 48
-400 17392 0
-112 17312 -336
176 17280 -576
464 17248 -1008
464 16992 -1008
704 17104 -1008
720 16864 -1072
736 16784 -1424
752 16592 -1808
752 16464 -1616
528 16464 -1616
640 16256 -1792
976 15904 -1728
944 15984 -2624
848 16400 -1984
848 16528 -2432
672 16528 -1408
688 17008 -1408
480 16848 -1712
256 16576 -1632
-80 16336 -1200
-80 15984 -1072
-400 15984 -1072
-560 16096 -736
-544 16256 -1040
-384 16432 -944
-512 16560 -1072
-672 16592 -848
-672 16416 -720
-736 16416 -720
-848 16288 -432
-736 16192 -624
-400 16192 -448
-256 16160 -544
-256 16160 -480
-192 16208 -480
-64 16192 -496
144 15936 -384
448 15600 -752
448 15296 -512
576 15296 -448
704 15040 -416
672 15008 -416
400 15152 -624
176 15360 -352
96 15568 -400
96 16080 -384
128 15872 -384
48 16080 -128
-144 16400 -560
-432 16720 -32
-384 16752 -592
-384 16752 -640
-368 16496 -560
-400 16496 -96
-256 16448 -96
-224 16448 32
-272 16368 -512
-208 16256 -592
-208 16240 -576
-320 16240 -768
-384 16208 -768
-192 16272 -800
-128 16288 -1168
-48 16128 -1264
0 16192 -944
-32 16192 -784
336 16128 -816
336 16128 -960
560 16192 -960
544 16096 -1184
208 16080 -768
368 16112 -672
592 16240 -672
448 16240 -576
448 16224 -464
320 16288 -256
384 16288 -80
384 16288 -32
192 16368 -32
80 16384 -144
-192 16384 -512
-304 16288 -592
-304 16224 -640
-192 16224 -432
-256 16256 -432
-80 16192 -416
-80 16112 -608
-80 16032 -512
-112 15936 -496
-32 15920 -592
-96 15952 -336
-96 16016 -480
64 16016 -480
448 16032 -256
272 15472 16
544 15296 400
720 16032 -304
720 17072 -736
-32 17600 -624
-32 17360 -800
-320 17360 -800
-240 16848 -736
-80 16128 -176
-64 15792 -96
112 15840 -240
112 16064 -496
240 16064 -496
336 16336 -384
288 16496 -208
384 16432 -336
192 16224 -32
112 16096 -656
224 16128 -304
224 16160 -256
208 16160 -256
240 16256 -400
512 16288 -320
336 16336 -128
384 16224 -400
176 16192 -416
32 16032 -272
64 15984 -416
0 15952 -352
0 15952 -208
32 16064 -208
-64 16208 -80
-160 16320 -80
-224 16352 64
-224 16288 32
-224 16288 240
-288 16160 240
-368 16176 272
-352 16208 16
-272 16192 144
-128 16240 112
-80 16272 112
144 16400 128
256 16432 192
256 16432 64
272 16336 64
480 16272 160
592 16272 272
608 16144 224
448 16144 96
400 16208 48
384 16176 -32
384 16240 -192
416 16240 -192
224 16240 -128
48 16144 -240
0 16080 -64
0 15984 -192
80 15984 16
0 15984 16
224 15984 -80
48 15888 -16
48 15856 -128
-48 15856 160
0 16112 -288
0 16160 0
-160 16160 -112
-272 16256 -112
-256 16448 128
-224 16432 80
-256 16496 -80
-288 16432 -112
-272 16464 -160
-192 16416 -320
-112 16384 -304
-112 16240 -304
-96 16240 -304
-256 16224 -288
-192 16336 -560
-192 16416 -512
-192 16400 -192
-384 16272 -224
-384 16272 -288
-560 16272 -288
-336 16096 -256
-336 16048 -304
-336 16192 -192
-512 16192 -16
-496 16112 272
-320 16048 176
-320 16048 256
-336 16016 256
-272 16080 144
-48 16080 96
80 16128 144
144 16192 320
144 16256 496
112 16224 528
48 16240 224
-16 16240 224
64 16160 256
-32 16224 320
64 16208 224
64 16240 112
160 16240 32
272 16128 32
272 16160 64
176 16096 32
16 15936 -128
-80 15936 -48
-112 16096 -32
48 16176 -96
48 16176 -96
112 16064 -96
144 15984 -144
112 15984 -384
80 16096 -208
32 16224 -208
160 16256 -256
240 16208 -336
208 16128 -256
176 16080 -32
176 16096 -176
128 16096 -208
-64 16032 -208
-128 16112 -432
-144 16272 -400
112 16176 -480
112 16224 -64
128 16224 -368
176 16240 -48
288 16144 144
176 16032 144
208 16064 112
144 16272 -144
32 16432 96
32 16432 176
64 16416 176
96 16400 368
112 16272 208
272 16208 144
144 16256 160
144 16256 240
320 16128 208
320 16128 144
416 16128 144
464 16112 272
304 16176 144
224 16336 432
224 16336 608
208 16272 608
224 16336 656
144 16256 544
96 16288 368
64 16160 352
96 16128 288
48 16048 272
48 16048 176
48 16048 176
192 15968 192
176 16016 144
288 16128 128
288 16272 352
352 16272 272
272 16320 352
240 16416 352
128 16592 368
304 16656 368
544 16704 160
528 16736 80
448 16992 -32
448 17072 -416
336 17072 -416
80 16896 -176
64 16864 -96
64 16848 -32
-64 16816 112
16 16960 176
48 17056 320
144 17184 480
144 17184 592
32 17248 592
48 17360 640
-64 17424 688
-112 17376 576
-112 17376 320
-320 17344 320
-384 17616 -160
-368 17808 -320
-176 17888 -1088
-16 17888 -1328
32 17744 -1200
-64 17472 -960
-64 17472 -656
0 17216 -656
144 17008 -192
400 17040 240
736 17312 592
736 17696 624
1120 17696 -5264
896 17984 -5264
-112 19200 -3792
240 20128 -1856
976 19744 -1392
1584 18240 -768
672 17392 -3328
272 17504 -2128
272 17504 -672
-512 16560 -672
496 15584 -1600
800 18816 -5504
240 22912 -9360
400 25872 -14960
-928 21936 -3376
-512 22800 -4400
432 20400 656
432 20400 3456
960 17952 3456
1056 16144 -1584
352 14960 -2096
-208 14480 -2512
-208 14608 80
-576 14608 2256
-848 14320 2256
-1024 14048 2608
-528 14160 1952
-192 14720 1440
-16 14288 592
80 13952 496
-352 14256 800
-352 14800 768
-256 14800 768
0 14944 784
128 14896 800
464 15568 608
464 15776 688
720 15808 800
720 15520 848
656 15520 1280
544 15120 1280
480 15248 1296
448 15296 880
368 15248 816
368 14944 768
368 14944 768
496 14224 1088
400 13424 2288
160 13920 2032
16 14480 1504
-112 14128 912
-800 15504 976
-800 14400 1248
-240 14400 1248
128 13584 352
176 13776 1776
224 13760 1248
688 14592 -2304
688 14592 944
16 14864 2512
224 14656 4176
624 13984 5808
352 13984 -3184
-384 14416 -3184
-64 12960 -5504
-2912 -112 -2864
-1632 -5040 -272
-1760 -5040 1488
-1888 -10240 1488
-624 -8528 4384
48 -4544 -448
3664 8144 -4640
-496 14864 5680
448 22176 -2864
4400 23456 464
4688 21760 2176
4688 19680 8304
3216 19680 11392
3136 20032 11392
1264 20880 12992
-3968 21088 9856
-704 22240 9680
2624 22416 5408
2608 19280 3952
