startup(x,y,z):(208,16144,304)
128 16176 976
128 16064 1136
64 16064 1200
256 16048 1040
176 16064 1056
208 16080 944
208 16048 704
192 16048 704
208 16048 608
112 16048 912
160 16048 992
176 16048 976
176 16160 1280
240 16176 1104
224 16128 1200
96 16128 1248
32 16144 1248
224 16144 1104
128 16064 1120
128 16048 1168
32 16048 912
-16 16128 912
32 16096 976
0 16112 1136
208 16080 992
208 16128 976
240 16080 1008
240 16080 1024
112 16080 1024
128 16128 1152
240 16128 1072
256 16016 1152
256 16112 1104
128 16112 1104
-80 16112 1312
-48 16144 1248
144 16128 752
176 16096 864
144 16080 928
144 16128 1008
48 16128 1008
64 16096 1040
-48 16016 1056
128 16032 1040
128 16080 960
160 16080 864
192 16128 864
112 16176 592
128 16160 1024
96 16224 976
48 16144 976
208 16080 1200
208 16080 1040
304 16096 1040
160 16096 1008
368 16096 880
352 16000 976
352 16032 832
112 16032 928
208 16096 928
176 16096 720
192 16080 880
224 16096 1008
112 16048 784
64 16080 976
112 16128 848
112 16128 1024
112 16112 1024
192 16160 1008
144 16208 864
144 16224 816
144 16176 960
128 16176 1136
48 16192 1136
32 16048 1136
-80 16112 1024
112 16144 592
176 16096 816
176 16128 752
128 16128 752
144 16112 512
80 16064 816
96 16096 768
96 16112 752
240 16112 848
448 16048 848
368 16096 1008
144 16112 1104
192 16096 1120
144 16192 1296
144 16160 1296
32 16160 1296
160 16144 1232
112 16192 1216
48 16160 1152
32 16224 1024
32 16144 1056
80 16144 1056
144 16128 1104
176 16016 1104
176 16016 944
112 16080 960
208 16096 880
208 16048 896
64 16048 896
112 16064 1056
128 16128 944
192 16080 848
288 16064 800
288 16112 976
160 16080 912
160 16080 912
112 16080 912
-160 16144 1104
-16 16112 1360
128 16096 1040
128 16144 1136
64 16144 896
176 16128 896
128 16080 800
240 16016 1360
240 16064 1216
-48 16080 1024
-48 16080 848
0 16208 848
64 16144 960
64 16160 816
64 16160 848
64 16160 1056
160 16144 880
304 16064 880
192 16048 1008
0 16048 880
192 16032 912
112 16016 912
112 16064 1008
288 16064 1008
144 16128 1024
272 16144 992
288 16048 1184
288 16096 1392
272 16096 1088
128 16128 1088
176 16144 992
176 16048 1088
288 16048 1008
272 16064 912
304 16160 1056
304 16160 1008
320 16144 1008
192 16176 880
112 16144 704
96 16128 688
112 16112 848
112 16112 1040
128 16208 1040
-16 16224 1040
0 16208 960
80 16096 1056
144 16080 1296
224 16112 1024
224 16144 976
256 16144 992
256 16128 992
144 16128 864
48 16064 1152
-32 16144 1120
-32 16176 896
-16 16176 896
128 16176 992
-16 16160 1088
0 16096 1088
16 16128 976
-16 16064 992
64 16064 1008
64 16064 1312
-32 16080 1456
-48 16128 1456
0 16080 1312
48 16080 1024
128 16080 1024
112 16096 1088
112 16208 1232
128 16208 1232
80 16240 1088
80 16144 992
240 16208 1056
240 16128 1248
192 16128 1120
192 16144 1120
-32 16128 1040
0 16160 896
112 16080 928
112 16080 928
16 16032 960
16 16032 1248
-96 16112 1248
48 16080 992
128 16096 912
272 16112 752
272 16048 800
112 16112 976
176 16112 976
-16 16032 1168
32 16144 864
128 16112 944
192 16144 976
16 16080 848
16 16144 880
16 16144 912
16 16192 912
64 16128 816
112 16112 752
128 16064 1056
128 16096 1152
32 16096 1104
96 16192 1104
16 16176 1312
128 16224 1312
176 16112 1216
240 16096 1104
64 16160 1024
64 16160 1008
144 16144 1008
112 16112 672
128 16128 848
256 16112 912
240 16096 896
240 16096 944
96 16128 784
80 16128 784
160 16064 800
176 16128 1088
192 16128 1312
192 16176 1312
160 16176 1312
160 16064 1520
16 16128 1200
128 16176 1360
112 16064 1008
288 16016 944
288 16032 704
352 16032 624
320 15984 624
176 16032 624
144 16032 640
320 16096 688
224 16080 832
224 16080 1456
208 16080 1456
256 16176 1472
112 16224 1376
224 16144 1184
272 16128 1216
48 16064 1136
48 16160 1056
48 16160 960
272 16144 960
400 16160 864
240 16224 1088
272 16064 1008
272 16048 912
144 16048 1184
80 16112 976
256 16096 1440
208 16064 1440
128 16096 1168
-80 16176 1040
-80 16192 1152
16 16192 1008
-128 16176 1008
48 16160 1072
192 16080 992
224 16064 1056
224 16064 1376
208 16112 1392
272 16112 1280
256 16112 1280
240 16064 1248
0 16160 1184
-80 16096 1248
-80 16080 1152
224 16080 1152
144 16160 1120
128 16112 672
224 16080 576
144 16080 800
144 16096 1008
160 16096 992
160 16096 1088
80 16112 1088
80 16128 1248
192 16128 1168
144 16160 1216
144 16160 1104
192 16128 1008
336 16016 1008
256 16048 1056
144 16064 1200
96 16080 1296
176 16128 1264
128 16096 1168
128 16064 960
144 16064 960
144 16096 832
0 16128 960
0 16064 816
0 16064 992
-16 16064 992
112 16048 992
0 16096 1024
32 16112 800
192 16048 1072
208 16080 1056
160 16112 1168
160 16112 1152
240 16144 1152
96 16208 1136
48 16224 1152
16 16192 1104
16 16096 1136
112 16096 1136
144 16080 992
192 16096 1024
112 16080 912
48 16096 992
160 16064 1312
160 16096 1312
112 16096 1312
208 16096 1120
112 16096 1296
192 16096 1280
144 16160 1104
144 16160 1072
64 16160 1072
288 16096 976
272 16032 1056
176 16080 1040
192 16128 992
96 16032 1088
96 16032 1152
224 16032 1152
256 16064 1024
96 16048 832
-80 16096 1008
176 16096 1008
32 16096 1024
80 16064 992
96 16128 1088
160 16128 1088
128 16112 1056
128 16080 1040
112 16160 1008
112 16208 1056
112 16208 1056
256 16112 992
112 16128 672
144 16080 880
224 16112 1008
128 16096 1056
128 16096 976
-112 16192 976
48 16096 1136
0 16256 1312
80 16224 1104
80 16224 1088
80 16144 1088
224 16144 880
208 16112 1280
352 16064 752
224 16096 880
288 16096 960
288 16096 912
80 16096 912
16 16048 864
-32 16048 864
112 16112 864
112 16192 912
240 16192 880
160 16160 880
-16 16128 1040
16 16176 896
208 16144 976
96 16112 1216
112 16048 1440
112 16048 976
144 16032 976
16 16048 976
240 16128 928
256 16160 1024
192 16208 1072
192 16144 976
144 16144 992
144 16160 1200
0 16224 1040
48 16160 944
128 16160 944
80 16240 864
112 16160 1232
176 16128 1152
208 16144 912
208 16144 848
208 16128 624
160 16112 624
176 16064 880
112 16096 736
208 16096 736
144 16096 784
80 16048 848
80 16048 1008
64 16048 1008
16 16144 704
-64 16128 832
-32 16160 912
0 16160 1104
0 16160 736
64 16112 736
48 16128 944
96 16080 976
192 16096 896
128 16096 1152
128 16112 1072
128 16112 1392
112 16064 1392
208 16096 1232
64 16144 928
48 16160 1008
48 16128 1008
0 16128 1008
128 16112 1040
256 16112 1088
256 16080 1424
288 16112 1360
208 16128 1232
208 16080 1152
224 16080 1280
144 16096 1280
160 16080 1152
-16 16048 1168
80 16096 1168
80 16144 1024
112 16144 864
224 16080 704
336 16080 848
336 16112 848
240 16112 1056
112 16176 1264
96 16160 1296
96 16160 1008
48 16128 1008
-144 16016 1040
48 16032 944
48 16048 1104
0 16112 1168
64 16112 1216
64 16144 1104
128 16144 1008
48 16096 1008
64 16080 1312
160 16128 1248
160 16144 1184
112 16144 1136
0 16192 1136
80 16208 1088
64 16112 928
160 16096 896
128 16128 1120
304 16064 896
304 16064 672
288 16144 672
352 16160 656
176 16144 864
144 16048 928
144 16080 976
96 16080 816
96 16160 816
16 16176 928
176 16128 1008
64 16128 1088
128 16176 1024
128 16144 848
112 16144 848
112 16240 736
112 16160 1216
-48 16176 1232
208 16112 1072
32 16112 1216
80 16000 1216
96 16048 1152
128 16032 976
32 16160 928
112 16176 976
144 16208 1088
144 16208 1264
160 16160 1264
224 16144 1120
160 16080 976
64 16112 608
64 16080 832
-16 16080 992
112 16096 992
32 16096 1264
-64 16064 1296
-112 16128 1328
-32 16112 1184
-32 16192 1120
0 16192 1120
144 16176 1120
16 16208 1040
16 16160 1424
16 16144 1296
32 16144 1120
