startup(x,y,z):(-128,16064,608)
-384 15328 3968
-2096 17280 2864
-2384 16576 2864
-464 16656 960
-368 16192 -992
-288 16160 -272
-288 15952 1296
-96 15952 1280
-240 15696 1280
64 16032 880
-192 15936 784
-368 16016 -96
-368 16128 -304
-176 16128 -304
-160 16112 -176
128 16048 -48
-80 16032 848
-144 16032 1072
-144 16032 1008
0 16032 1008
-16 15968 624
-96 16032 224
112 15984 336
112 15920 496
16 15920 640
32 15936 640
-80 15984 848
208 15952 544
144 16000 256
144 16048 112
-32 16048 112
0 16016 480
-272 16048 464
-48 15984 592
-144 16112 560
-144 16192 272
-192 16192 240
-304 16096 240
-352 16000 368
-256 16016 512
-304 16080 688
-304 16048 528
-208 16048 464
-272 16000 464
-208 16016 112
32 16032 64
-16 16016 320
-16 15936 352
16 15936 352
-96 15920 352
-160 16048 496
-224 15984 624
-224 15952 432
16 15952 496
32 15952 496
-256 16016 448
-336 16080 528
-368 16080 688
-320 16128 656
-320 16016 400
-192 16016 400
-224 16000 272
-240 16112 240
-128 16144 352
-128 16080 496
-176 16080 512
0 15952 512
-80 16000 608
-64 16096 448
-224 16144 432
-224 16144 272
-256 16144 304
-64 16032 304
16 15952 544
16 16032 480
-32 16080 352
-32 16000 320
-64 16000 368
-128 16000 368
-64 16000 624
16 16048 400
-64 16064 400
-176 16112 432
-176 16048 400
-112 16048 400
80 16032 240
32 16048 304
-48 16112 192
80 16000 144
80 15856 272
96 15856 272
-64 16064 224
-128 16112 560
32 16000 448
-96 16080 560
-96 16064 400
-128 16064 400
48 16080 336
-80 16160 432
0 16000 576
0 15984 480
-96 15984 272
-224 16048 272
-96 16032 352
-112 16016 448
-176 15968 592
16 15936 512
16 15936 528
-128 15936 528
48 16016 512
0 16000 480
-64 16064 112
-64 15984 512
-16 15984 480
-48 16000 480
-176 16080 608
-272 16144 576
-336 16112 496
-336 16048 704
-272 16048 752
-256 16016 752
-192 16000 720
-272 15920 736
-112 15920 432
-112 15968 336
-96 15968 336
-128 16048 416
32 16016 448
-80 16096 432
-192 16112 368
-112 16064 432
-112 15984 320
-96 15984 320
48 15968 304
-64 16032 48
-32 16096 320
-32 16064 128
64 16064 128
-80 16096 -32
-96 16144 208
48 15904 240
-32 15968 176
-32 16016 640
-128 16016 640
-208 16080 704
0 15984 448
32 16032 464
-64 16000 320
-64 15952 400
-96 15952 592
-112 16048 592
0 16064 496
64 15984 608
48 15952 896
48 16064 624
-64 16064 384
-16 16080 384
-16 16096 448
-80 16048 640
-48 16064 720
-48 16064 752
-48 15936 752
176 15968 720
128 16016 688
-96 15952 704
-272 15968 608
-272 15904 720
-128 15904 720
-16 16016 592
-192 16000 544
-112 15968 448
-112 15984 416
-128 15984 480
144 15936 480
240 15952 528
176 15984 560
96 16032 256
-64 16032 288
-64 16096 400
-240 16096 768
-128 15984 1040
-192 16064 1040
-144 16016 672
-256 16016 672
-160 16032 400
-160 16048 752
-80 16048 576
-64 16112 576
-192 16112 608
16 16016 544
-96 16016 384
-176 16000 464
-176 16000 688
-64 15984 688
-192 16144 608
-32 16032 320
-176 16064 544
-176 16032 704
-288 16032 272
0 15968 272
-64 16000 512
-128 16000 512
-64 16016 400
32 16016 496
32 16016 688
96 15952 688
-112 16016 224
-144 16016 544
-64 16000 480
-64 16096 512
-96 16064 512
-208 16064 208
-160 16064 208
-128 16048 304
-288 16144 336
-176 16064 160
-176 16048 512
-192 16048 432
-48 16048 432
-64 16048 464
-176 16048 368
-64 16000 512
-64 16048 704
-160 16048 832
-240 15968 832
-112 15968 752
-256 15984 608
-128 15984 224
-256 16096 592
-256 16112 384
-160 16112 256
-48 16080 256
-160 16064 368
-176 16048 320
-192 16064 288
-144 16016 416
-144 16016 320
-144 16016 320
-256 16096 368
-144 15984 528
-192 16032 608
-192 16032 384
-208 16032 272
-176 16112 272
-112 16064 336
-96 16000 384
-176 16032 352
-192 16016 256
-192 16016 176
-128 15968 176
-144 15936 240
-144 15968 208
-144 15984 144
-144 15936 496
-256 15936 544
-160 15952 544
-176 15952 496
-192 16000 528
-320 15968 496
-320 16016 512
-240 16016 448
-144 16016 448
-176 16064 560
-240 15984 784
-144 15968 608
16 16000 448
0 16032 416
-32 16000 560
-80 16032 768
-80 15952 544
64 16032 592
48 16032 592
-160 16080 400
-96 15984 512
-16 16016 448
-288 16064 368
-288 15952 640
-112 15952 416
-112 15984 416
-96 16016 528
-128 16032 304
16 16048 384
16 16048 384
-128 16048 384
-128 16048 528
-16 15952 512
32 15968 592
80 16048 592
80 16000 464
240 16000 464
160 16000 464
-96 16048 256
-96 16000 496
-96 15936 416
0 15936 512
-208 15952 512
-208 15952 576
-160 16016 432
-16 15968 480
-16 16000 512
-224 16000 0
-112 16032 160
-16 16016 192
-160 16016 208
-160 16048 304
-96 16048 352
-80 16000 352
-128 16112 448
-160 16160 432
-16 15984 368
-16 15920 576
32 15920 736
-32 15936 736
-176 15920 400
-48 15968 400
16 16048 448
16 16048 464
96 16064 464
-48 16032 576
-112 16016 640
-112 16048 784
80 16032 688
-112 16192 480
-112 16208 416
-112 16128 544
-240 16128 544
-240 16048 560
-64 15968 512
-352 16048 608
-352 16000 560
-192 16000 528
-240 16016 528
-192 16032 640
-256 16080 480
-144 16080 752
-176 16032 672
-176 16032 528
32 15936 528
128 15952 432
48 16016 432
-64 15984 272
-64 16000 288
16 16000 288
64 15904 448
-64 15920 336
-64 16000 528
-96 16032 416
-96 15968 544
-32 15968 288
-176 16032 304
-256 16112 400
-80 16032 448
-208 16048 464
-208 16048 480
0 16096 480
-192 16112 608
-240 16112 432
-176 16048 592
-176 15936 800
-192 15936 720
-160 15968 720
-256 16080 656
-192 16080 400
-160 16128 400
-160 16032 448
-48 16032 448
-32 16032 576
48 16080 528
32 16080 304
-64 16080 368
-64 16080 592
-240 16080 528
-368 16080 528
-320 16032 592
-48 16000 288
-144 16032 496
-144 15984 208
-48 15984 208
-224 16016 656
-112 16064 608
-64 16064 240
-96 16016 352
-96 16048 720
-240 16048 640
-240 16048 640
-288 16032 704
-272 15984 736
-240 16032 400
-144 16032 256
0 15968 256
-128 16032 384
-176 15952 448
-144 16000 448
-32 16064 544
-32 16080 288
-16 16080 288
-64 16064 240
48 16048 224
-48 16016 272
-48 16048 352
-112 16048 464
-224 16016 464
-176 16048 304
-144 16016 384
0 15968 528
0 15968 208
112 16016 208
64 16016 224
-96 16048 480
-160 16064 496
-112 16032 512
-112 16032 272
32 15984 272
-144 16080 608
-144 16080 720
-112 16080 800
-112 15920 688
-128 15920 688
-160 16032 384
-144 16096 608
-32 16064 288
-176 16000 336
-96 15936 464
-96 15936 320
-96 15904 320
-224 15904 400
-64 15888 432
-160 16000 480
-160 16000 464
-320 16000 624
-304 16016 624
-64 15968 496
-80 16000 464
-256 15968 448
-256 16016 288
-208 16016 288
-80 15984 512
-80 16128 368
-48 16080 416
-48 16048 752
-80 16048 992
-128 16032 992
-384 16032 784
-400 16048 800
-128 16064 528
-128 16128 592
-320 16128 336
-224 16128 480
-16 16048 304
-160 16064 304
-80 16000 352
-80 16000 144
-112 16032 144
-176 16048 336
-160 16048 560
-160 16000 576
-160 15984 768
-128 15984 800
-288 16048 800
-48 16064 624
-48 16032 672
0 16016 592
0 16016 656
-64 16064 656
-96 16016 528
-16 16000 368
-32 15984 496
80 16000 544
80 16064 384
64 16064 560
144 16080 560
112 16000 672
0 15968 720
-64 16016 784
-64 16016 736
-208 16032 736
-176 16080 624
-128 16144 656
-96 16112 560
-96 16064 640
-192 16064 464
-176 16064 464
-160 16128 560
-96 16080 464
-48 16128 448
-48 16176 496
-448 16176 496
-288 16128 448
-48 16000 176
-64 16000 544
-32 15936 512
-32 16096 464
-304 16096 464
-176 16016 352
-192 16096 384
-464 16080 512
-288 16080 336
-288 16080 432
-304 16112 432
0 15952 560
-64 16112 608
-96 16096 496
-96 16032 336
-48 16032 336
48 15984 336
112 16000 416
-32 16032 400
-32 16000 336
-32 16000 320
0 16000 320
-96 16000 448
144 16032 240
