startup(x,y,z):(688,16160,176)
656 16128 -1152
-1808 16816 -3392
-2976 16144 2704
-5056 16464 4464
-2896 15232 3600
-1232 16320 1344
-1232 16544 1472
688 16544 1472
608 15808 224
-208 16080 -176
-304 16128 -1312
-608 16256 -1440
-608 16256 -1472
-16 16320 -1472
208 16512 -1152
448 16544 416
528 16272 976
384 16240 1472
384 16192 912
384 16192 208
352 16240 208
384 16128 -224
480 16144 -672
368 16224 -192
368 16224 -192
544 16240 64
400 16240 144
448 16224 224
640 16144 80
672 16160 352
560 16160 416
640 16144 768
640 16144 736
560 16192 736
496 16208 512
576 16128 112
592 16128 -16
592 16176 -32
640 16176 -224
640 16208 -224
592 16224 -144
608 16176 192
560 16112 240
640 16176 512
688 16240 640
688 16288 704
512 16288 192
624 16320 192
624 16240 -32
592 16288 -464
640 16224 -560
640 16272 -432
656 16272 -432
608 16160 432
576 16208 464
608 16176 592
848 16208 656
704 16240 384
704 16304 336
560 16304 336
576 16208 176
432 16192 -16
480 16240 -400
448 16176 -176
560 16176 16
560 16240 352
816 16240 352
816 16160 672
800 16128 880
720 16176 688
672 16160 144
672 16160 128
704 16128 128
656 16128 -256
656 16112 -192
560 16144 160
528 16112 272
528 16080 336
560 16080 192
672 16096 192
640 16080 256
752 16160 160
800 16128 160
800 16144 0
624 16144 0
688 16128 -112
560 16128 192
688 16080 224
560 16144 432
688 16208 576
576 16176 416
560 16160 416
624 16112 384
560 16080 288
512 16096 48
512 16112 -304
528 16144 -320
352 16144 -32
256 16080 -32
480 16144 -144
624 16176 -112
720 16176 192
720 16160 320
848 16160 224
656 16080 224
640 16096 96
752 16112 0
832 16128 0
832 16160 -112
768 16160 -32
864 16224 -32
688 16064 0
736 16160 128
832 16256 64
832 16208 192
672 16208 144
752 16192 144
896 16208 112
928 16240 128
880 16208 80
880 16192 320
832 16128 256
672 16128 256
592 16240 240
720 16192 16
608 16176 -16
608 16176 48
608 16176 -48
816 16176 144
672 16176 144
640 16256 256
784 16224 160
832 16160 336
736 16176 256
736 16208 128
912 16208 208
768 16128 208
704 16160 368
656 16208 176
640 16272 224
688 16240 16
688 16240 144
800 16160 144
832 16144 176
752 16048 224
864 16080 -128
672 16144 -48
720 16208 -240
720 16208 112
544 16224 112
464 16224 80
624 16240 144
656 16192 80
656 16192 176
656 16192 128
608 16112 128
640 16080 80
688 16048 192
640 16128 192
656 16144 48
656 16176 32
688 16176 32
912 16128 32
832 16192 304
752 16208 352
768 16208 192
768 16160 0
736 16160 0
608 16192 -192
608 16240 -32
576 16320 160
624 16272 48
624 16256 400
624 16256 512
640 16224 304
736 16224 304
704 16192 192
688 16176 80
688 16176 -192
688 16160 48
688 16160 80
720 16096 80
592 16112 -240
528 16144 -64
624 16096 352
720 16160 448
720 16176 336
816 16176 336
672 16160 192
832 16192 144
816 16240 352
752 16256 288
752 16288 80
752 16272 32
656 16272 32
608 16256 48
656 16176 320
752 16112 208
752 16128 32
752 16128 -48
784 16176 -48
576 16240 16
720 16192 144
704 16128 240
704 16256 224
816 16256 0
784 16240 0
624 16176 -64
672 16176 112
736 16224 48
688 16208 -240
640 16208 -240
512 16224 -32
704 16224 240
944 16160 128
944 16112 32
816 16096 96
768 16096 96
608 16080 48
624 16176 -48
784 16160 64
720 16192 112
720 16208 304
768 16208 304
640 16176 112
704 16112 336
592 16112 224
592 16064 288
576 16064 336
704 16096 336
656 16128 160
688 16224 160
656 16192 80
624 16144 336
624 16144 288
736 16144 288
640 16096 432
656 16112 272
656 16176 336
656 16128 336
704 16128 208
672 16112 208
640 16144 192
640 16176 272
704 16256 32
720 16192 128
720 16176 368
736 16176 368
656 16176 368
688 16128 608
560 16096 352
672 16096 160
672 16112 -48
624 16112 -112
784 16192 -112
640 16160 176
768 16192 128
736 16160 272
736 16176 208
720 16176 208
576 16208 272
624 16192 48
656 16160 -80
672 16160 -32
672 16160 144
656 16144 -64
720 16112 -64
592 16144 208
656 16112 288
656 16112 128
656 16080 320
544 16080 320
672 16176 160
624 16160 192
448 16192 240
448 16224 112
688 16224 384
704 16208 384
528 16192 416
640 16096 272
688 16160 208
736 16192 80
736 16192 96
832 16224 96
720 16144 128
672 16208 176
688 16176 416
688 16256 336
688 16256 336
768 16224 160
720 16176 176
768 16096 208
784 16080 64
768 16160 160
656 16128 352
656 16128 304
752 16112 304
704 16208 192
800 16240 368
720 16208 368
720 16208 528
576 16256 272
640 16160 272
496 16144 208
624 16208 240
736 16176 208
736 16144 128
736 16144 112
704 16224 112
576 16240 96
736 16160 -192
880 16208 -96
880 16176 -176
784 16176 -32
800 16080 -32
720 16080 16
624 16144 176
608 16192 96
640 16192 160
640 16192 480
592 16224 480
656 16240 320
848 16192 656
784 16192 256
784 16176 32
880 16176 32
672 16192 112
608 16208 224
752 16224 -48
688 16192 112
688 16160 112
704 16160 208
736 16144 160
576 16096 144
672 16128 384
672 16144 144
624 16144 144
592 16176 -112
816 16112 80
864 16128 112
736 16160 304
736 16128 -96
720 16128 224
784 16128 224
896 16160 208
944 16192 -96
1024 16112 32
1024 16096 304
880 16096 304
848 16176 272
832 16224 416
672 16272 192
720 16256 64
720 16224 240
752 16224 240
816 16128 208
688 16112 240
672 16240 304
672 16272 160
624 16272 80
720 16272 224
640 16192 192
640 16192 128
624 16128 128
624 16176 368
512 16128 272
528 16016 80
528 16064 0
528 16064 -48
640 16080 -48
720 16144 368
880 16176 256
800 16176 224
800 16144 224
768 16144 272
592 16112 272
688 16192 304
848 16224 272
672 16160 304
640 16176 240
640 16176 96
608 16240 96
672 16192 400
560 16256 400
640 16208 272
640 16192 528
608 16192 256
544 16192 256
720 16128 336
656 16128 160
752 16176 -288
752 16112 112
832 16112 112
816 16128 160
736 16192 80
704 16192 320
704 16144 336
688 16144 480
720 16128 224
736 16160 176
672 16208 160
720 16176 288
656 16240 176
656 16160 128
656 16160 128
592 16160 144
720 16176 144
608 16176 320
672 16192 256
672 16192 288
720 16192 304
576 16192 304
656 16192 352
512 16208 80
528 16208 176
576 16224 464
576 16112 368
672 16112 -16
672 16192 -16
608 16192 128
672 16224 -96
640 16224 16
640 16272 -80
640 16272 -208
704 16304 -208
864 16224 80
736 16112 -64
656 16096 -96
656 16160 64
624 16160 208
672 16160 208
720 16176 192
656 16176 144
624 16144 176
624 16208 304
768 16208 304
752 16144 304
720 16144 -112
816 16176 16
752 16208 -144
752 16192 -80
784 16192 32
832 16160 32
816 16176 64
784 16192 192
720 16176 144
720 16208 64
688 16208 64
752 16208 288
720 16176 304
768 16208 0
720 16224 48
720 16272 112
544 16208 256
608 16176 112
704 16176 -80
704 16192 -272
640 16208 -112
656 16208 -112
544 16176 96
624 16192 112
736 16144 384
800 16160 368
800 16096 144
736 16096 144
544 16096 224
672 16000 304
624 16144 448
624 16224 272
640 16224 288
672 16144 288
704 16176 256
528 16176 192
496 16256 336
496 16256 304
560 16256 224
624 16240 224
672 16128 272
720 16128 176
544 16112 320
544 16096 400
640 16096 400
704 16112 320
592 16128 288
512 16144 48
544 16208 112
544 16128 192
608 16128 32
592 16080 32
624 16144 128
640 16192 256
672 16144 208
672 16144 128
640 16144 128
640 16112 240
640 16176 336
560 16160 256
624 16192 -32
624 16096 48
544 16096 -304
688 16112 -304
752 16112 -272
736 16192 112
688 16272 256
688 16224 80
720 16224 80
688 16240 128
672 16208 272
864 16128 176
800 16080 0
800 16096 -48
848 16096 -16
