startup(x,y,z):(704,16128,176)
-3296 15936 -2752
-3344 16256 -2304
-3168 16448 1120
-1248 16496 2208
-1248 16304 -544
1232 16304 -544
2528 16000 -2464
1456 15952 -2272
1120 16272 -208
-272 16032 1216
528 15952 -272
528 16016 -768
816 16304 -112
816 16416 1040
816 16416 1104
944 16224 1104
1136 15952 -224
1008 15984 -496
976 16224 256
656 16224 640
656 16224 160
1072 16112 160
976 16112 -112
1264 16144 64
1040 16032 96
1120 16128 -112
1072 15968 -336
816 15984 96
944 15984 528
1072 16112 528
736 16080 368
816 16176 272
608 16192 224
864 16192 448
864 16192 192
576 16208 192
608 16240 -208
736 16160 -208
768 16192 -608
608 16208 -448
672 16176 -384
672 16176 128
800 16208 128
528 16256 448
576 16176 512
592 16192 272
512 16320 272
528 16256 448
576 16224 80
656 16208 -80
656 16208 -160
608 16320 -160
608 16192 -128
720 16160 -176
720 16208 -64
720 16224 64
704 16224 176
576 16224 288
640 16256 288
672 16208 240
688 16208 240
688 16112 16
624 16160 16
-384 16176 -3248
-384 16048 -1728
-528 16048 -2128
-2912 16368 -2128
-224 16672 928
-1376 16096 1024
-144 16160 1888
-144 16496 2256
448 16720 1952
1088 16336 1504
1088 16336 -496
0 16096 -496
496 16128 -784
272 16224 -1328
1120 16096 336
1120 16048 224
-1456 16048 224
-1808 15776 -784
-1984 15952 -2320
-1728 16144 -2848
-896 16240 -1856
-720 16272 -992
-608 16064 -608
-608 16064 -496
-464 16064 -496
-16 16160 1488
320 16064 1376
912 15952 992
912 16080 848
1312 16080 848
416 16048 112
208 16048 -848
288 16080 -1936
512 16288 -2080
864 16384 -1328
704 16272 -224
704 16272 768
544 16288 768
512 16144 368
688 16176 640
672 16192 928
752 16240 1104
784 16144 1216
688 16176 576
640 16176 -176
640 16240 -1040
656 16240 -1040
832 16272 -1088
736 16272 -784
752 16240 -176
560 16240 -80
608 16208 144
608 16208 416
624 16240 416
736 16208 592
656 16144 592
592 16096 400
608 16144 80
560 16240 -256
560 16288 -560
752 16288 -304
832 16208 -384
768 16192 48
704 16192 592
848 16144 592
848 16144 496
720 16192 256
720 16224 336
848 16224 336
784 16208 208
1008 16240 -96
720 16208 -160
720 16208 -192
736 16320 208
784 16320 208
704 16288 464
704 16160 400
656 16256 496
880 16224 432
720 16240 368
720 16192 352
960 16192 -848
544 16224 -848
944 16272 -1280
848 16480 -96
1728 16544 2320
736 16160 800
624 15984 -416
624 15984 -672
176 16240 1776
496 16240 624
288 16304 624
656 16288 -1136
560 16272 -2192
752 16288 -1136
752 16256 1040
1040 16256 1120
992 16128 1120
1536 16112 48
1056 16304 -304
912 16240 384
880 16256 960
880 16272 896
1024 16240 416
1024 16240 208
1408 16288 208
1104 16208 272
800 16208 -208
768 16208 -720
640 16240 -224
640 16320 208
800 16320 208
592 16256 368
656 16160 176
464 16144 320
608 16144 656
448 16192 800
448 16144 352
672 16144 96
784 16144 80
768 16176 0
768 16176 -80
640 16208 64
640 16176 208
624 16176 144
544 16176 80
464 16176 80
688 16176 96
752 16224 272
736 16240 592
736 16208 352
736 16208 128
816 16320 128
720 16240 -128
1072 16256 -80
976 16176 48
976 16160 160
864 16080 176
704 16128 384
624 16048 336
624 16160 160
768 16160 -2592
32 16464 -1376
-32 16560 -432
1552 16544 1632
1168 16720 1920
1168 16720 3072
896 16288 2144
544 16160 1504
288 16160 1504
144 16096 144
160 16176 -336
624 16304 112
624 16240 -448
976 16240 -1616
2496 16064 -1616
2224 16032 -2432
1440 16064 -1152
912 15952 432
1008 16160 2080
1520 15968 1328
1360 16144 320
1360 16144 592
1024 16320 592
672 16400 1248
1072 16336 1808
960 16368 1744
960 16416 1024
1216 16416 1104
1440 16352 1104
1776 16272 592
1968 16240 -288
1440 16176 -448
1264 16128 -608
1088 16192 -640
1088 16192 -208
784 16192 -208
816 16240 288
848 16208 1120
784 16160 1008
656 16112 800
752 16160 816
656 16192 656
656 16176 384
544 16128 16
544 16128 -544
480 16240 -544
480 16272 -576
560 16272 -432
528 16256 -256
656 16192 -336
656 16176 80
672 16176 80
848 16112 528
704 16144 768
720 16096 768
752 16192 496
768 16240 496
800 16288 64
800 16288 -176
816 16272 -176
624 16256 -352
624 16128 -304
624 16112 176
720 16176 192
720 16176 96
704 16144 -96
720 16144 64
576 16192 64
640 16144 352
640 16080 384
544 16224 480
544 16224 336
608 16128 -64
656 16096 -64
704 16144 -80
608 16192 -176
592 16240 -112
752 16208 0
688 16160 176
688 16096 224
752 16096 224
624 16112 352
592 16176 240
672 16112 0
672 16144 0
768 16096 192
752 16096 240
704 16112 240
784 16096 704
768 16112 448
752 16112 304
736 16144 496
672 16192 176
672 16208 -192
736 16208 -128
720 16144 -128
672 16176 80
656 16256 208
528 16144 304
528 16208 288
736 16208 208
736 16224 288
752 16224 352
832 16128 352
768 16160 128
864 16160 -176
768 16192 -128
768 16192 -48
640 16272 -48
592 16224 80
640 16192 240
832 16160 64
800 16112 352
624 16224 640
688 16192 432
688 16192 96
672 16160 96
656 16144 -192
448 16192 -256
576 16144 -80
576 16144 96
592 16144 96
640 16192 128
768 16128 224
768 16112 112
736 16240 128
816 16160 112
816 16144 32
704 16144 -80
768 16192 -80
656 16144 -144
624 16160 128
624 16208 -112
848 16288 -96
848 16224 -64
816 16144 -16
816 16176 -80
784 16176 -80
576 16208 -16
656 16176 -96
688 16192 96
752 16192 272
736 16224 352
736 16224 304
704 16224 304
576 16176 256
576 16192 256
576 16192 -64
688 16192 128
656 16096 -112
704 16112 -64
704 16176 32
800 16176 32
752 16128 -32
656 16160 -336
736 16128 32
704 16176 208
704 16176 304
672 16080 64
640 16080 64
688 16112 64
672 16112 80
768 16128 0
864 16128 -48
864 16128 -16
752 16176 -16
656 16240 -160
656 16240 -112
800 16240 -272
736 16144 -16
704 16192 -16
800 16144 288
800 16144 240
816 16112 240
672 16112 16
800 16112 -272
720 16160 128
720 16096 -80
656 16096 -32
720 16064 -128
672 16176 -128
608 16288 -160
608 16240 64
576 16208 400
656 16176 400
640 16288 416
640 16224 -48
656 16224 -48
752 16176 112
752 16112 160
496 16144 416
416 16112 336
416 16080 112
496 16336 80
688 16128 48
656 16128 224
608 16144 224
768 16224 144
720 16128 96
672 16144 64
672 16144 128
640 16160 128
576 16160 96
704 16160 224
720 16176 560
720 16224 496
672 16272 384
672 16224 96
752 16224 -128
816 16192 -128
736 16160 -240
768 16080 -80
768 16144 256
848 16144 272
784 16160 272
704 16112 240
752 16192 112
688 16176 192
736 16176 144
752 16176 304
752 16176 64
800 16176 64
752 16224 224
880 16256 240
640 16160 192
672 16160 240
672 16160 64
608 16112 256
736 16112 256
560 16160 320
624 16192 304
592 16160 160
816 16144 176
736 16208 208
736 16176 160
944 16176 160
768 16160 192
800 16144 288
720 16208 160
624 16256 192
688 16208 192
688 16160 208
672 16176 256
640 16176 -96
656 16272 96
656 16272 32
656 16304 32
720 16208 256
656 16240 144
640 16192 16
656 16192 128
656 16128 112
800 16064 256
800 16064 192
672 16128 192
656 16192 448
592 16176 448
816 16208 336
816 16208 208
896 16208 208
688 16288 208
560 16288 -64
640 16240 208
672 16128 0
784 16208 64
736 16240 -32
736 16240 -176
816 16144 -176
864 16128 0
736 16128 80
816 16144 64
816 16176 240
704 16176 224
608 16192 0
816 16192 0
864 16192 96
816 16128 96
608 16112 -16
496 16128 176
704 16144 128
704 16176 160
592 16176 144
752 16176 144
800 16224 128
688 16208 -16
624 16256 -16
624 16176 -144
752 16192 -96
784 16176 -64
784 16176 224
944 16192 224
896 16208 112
704 16224 256
672 16176 288
672 16144 144
752 16144 304
768 16128 304
800 16160 432
592 16208 336
688 16144 176
672 16128 288
704 16240 208
704 16240 352
480 16112 352
656 16192 176
608 16224 16
624 16208 96
688 16208 64
