startup(x,y,z):(704,16128,176)
736 16256 3168
624 16176 0
416 16336 -1760
416 16416 -3232
-464 16416 -3408
-192 16208 -2528
256 16080 -2528
144 16288 -1408
864 16208 560
720 16192 1008
640 16032 1472
640 15872 1264
864 15872 1264
816 15936 1200
640 16048 1648
480 16128 1056
320 16208 32
320 16320 -448
432 16320 -1040
608 16400 -304
608 16400 400
704 16320 400
688 16224 640
864 16176 176
800 16128 144
800 16128 -32
992 16128 96
960 16080 96
768 16032 176
752 16064 336
640 16048 384
656 16112 16
656 16192 48
624 16192 48
688 16176 48
720 16256 288
944 16128 432
864 16128 592
864 16128 656
752 16112 656
768 16144 224
720 16192 272
880 16160 0
848 16128 -240
848 16160 -320
704 16160 -320
560 16240 -320
640 16256 -192
704 16240 384
688 16224 480
688 16272 368
672 16272 352
576 16320 224
560 16320 224
656 16288 32
864 16192 -96
688 16112 48
656 16240 192
656 16240 400
640 16224 400
768 16208 832
800 16160 704
608 16160 720
624 16208 448
640 16240 320
528 16256 128
528 16160 -96
496 16160 -352
624 16144 -352
576 16128 -128
704 16096 128
736 16048 384
736 16112 416
736 16112 64
832 16112 64
928 16144 -48
752 16128 128
720 16080 32
656 16112 -192
624 16096 96
624 16096 160
672 16096 160
688 16128 400
928 16208 320
848 16176 288
832 16176 192
832 16176 80
768 16160 32
640 16160 -32
816 16160 -32
704 16096 96
656 16112 0
624 16208 208
624 16160 272
496 16160 272
592 16144 240
704 16128 272
688 16080 384
640 16112 288
640 16128 288
640 16160 208
704 16160 240
576 16192 240
640 16128 192
592 16128 144
432 16176 192
432 16160 208
512 16160 208
400 16176 208
672 16160 128
544 16176 -144
576 16160 128
560 16208 160
608 16224 320
672 16224 288
672 16160 288
768 16160 288
784 16096 224
800 16096 336
960 16112 304
768 16144 160
768 16192 160
720 16112 16
736 16080 -48
736 16080 16
704 16224 16
720 16240 208
720 16272 144
736 16240 0
736 16240 0
704 16192 0
752 16256 -32
704 16208 144
672 16160 96
528 16128 192
640 16192 48
816 16144 160
816 16144 304
704 16112 304
720 16144 240
704 16176 240
928 16208 128
928 16192 0
800 16192 0
800 16080 112
624 16144 80
688 16176 112
768 16112 64
944 16128 64
944 16112 192
768 16112 -32
720 16192 -32
656 16144 -128
640 16128 -16
672 16192 32
672 16192 16
800 16160 16
752 16208 80
672 16176 32
704 16224 32
944 16240 16
640 16240 -16
624 16208 256
624 16208 544
576 16176 544
512 16112 320
624 16128 416
704 16160 160
736 16240 64
720 16208 96
752 16176 160
752 16176 0
896 16224 0
736 16240 -128
672 16208 288
656 16192 368
656 16208 64
672 16208 64
688 16208 288
656 16192 144
656 16144 144
576 16144 0
560 16208 256
560 16176 144
640 16176 144
688 16176 128
768 16224 80
736 16176 -32
768 16176 -256
768 16176 288
848 16160 32
896 16144 48
752 16160 80
736 16240 256
752 16224 208
704 16224 528
704 16288 448
688 16288 -64
704 16160 -32
800 16224 -224
880 16160 -112
816 16176 -48
800 16176 16
800 16176 224
784 16032 224
736 16000 -112
672 16064 -32
640 16096 -32
576 16112 -80
640 16096 80
640 16160 160
640 16160 16
800 16160 16
816 16160 176
672 16192 80
544 16128 192
544 16096 336
800 16160 352
800 16176 192
768 16176 192
592 16208 160
592 16176 96
640 16192 208
640 16208 240
768 16208 256
624 16160 256
640 16240 320
464 16176 96
560 16224 -64
624 16240 -32
592 16224 64
592 16224 224
720 16224 224
560 16208 256
672 16208 400
656 16256 320
656 16208 192
608 16208 208
640 16208 208
496 16192 144
608 16080 288
720 16240 272
704 16192 224
768 16160 176
768 16192 224
656 16192 208
704 16176 208
752 16176 320
720 16192 288
800 16192 208
736 16288 320
736 16288 0
592 16288 128
688 16208 224
816 16208 432
688 16240 432
608 16240 400
592 16160 608
560 16160 384
560 16192 304
496 16192 336
608 16144 336
608 16208 288
688 16128 416
640 16160 256
784 16144 272
704 16176 160
704 16176 208
736 16224 208
784 16160 32
736 16128 96
656 16128 -128
832 16160 -144
768 16160 -144
720 16224 160
720 16224 -176
688 16208 -96
816 16176 256
816 16192 288
960 16192 128
880 16128 128
784 16160 96
800 16240 -64
656 16192 -96
656 16128 -80
736 16128 -80
560 16224 208
704 16208 208
688 16144 16
752 16288 144
752 16160 352
752 16128 320
672 16128 32
688 16080 32
656 16048 48
480 16112 48
688 16144 -160
656 16256 16
656 16256 16
544 16224 64
768 16208 128
640 16208 128
608 16240 240
704 16192 32
608 16192 512
640 16128 336
640 16128 304
608 16144 304
608 16112 112
608 16080 240
720 16192 240
672 16128 240
704 16176 256
704 16096 80
784 16096 80
736 16096 64
720 16112 -176
752 16112 48
752 16224 96
704 16224 336
608 16192 336
832 16224 272
736 16240 272
720 16224 192
640 16224 -80
512 16096 80
512 16160 80
640 16160 80
528 16080 64
576 16112 -112
720 16224 -336
704 16144 -16
704 16144 80
672 16192 80
752 16176 352
672 16208 320
672 16192 432
608 16128 384
704 16128 368
704 16160 304
784 16160 112
784 16160 112
784 16112 112
752 16144 128
752 16176 16
880 16160 96
880 16176 496
784 16160 336
864 16176 208
864 16176 400
816 16176 400
640 16160 368
688 16192 464
656 16208 96
656 16240 240
736 16240 128
800 16240 128
784 16224 80
784 16192 32
832 16192 240
784 16128 64
752 16176 208
624 16160 -80
624 16160 -112
640 16160 144
784 16160 224
832 16192 176
768 16256 16
784 16192 96
784 16176 -48
752 16128 16
704 16128 64
816 16176 64
736 16144 -32
768 16160 -80
784 16208 -336
784 16208 -208
800 16192 -208
816 16128 80
720 16048 0
704 16144 384
592 16128 80
640 16160 64
784 16208 128
784 16208 -64
752 16176 -64
640 16192 240
512 16288 224
512 16208 432
512 16208 176
736 16064 144
656 16112 400
768 16112 304
576 16112 288
720 16128 -32
896 16144 0
672 16160 48
672 16128 224
864 16128 160
800 16208 160
704 16224 128
592 16208 304
752 16192 256
944 16160 624
944 16144 544
1088 16224 400
1088 16224 288
992 16160 288
880 16224 48
752 16288 128
688 16352 80
688 16160 272
688 16160 272
576 16048 240
656 16080 240
816 16144 64
720 16160 160
576 16112 208
624 16096 48
624 16096 208
768 16080 208
912 16160 16
736 16256 96
672 16224 -64
672 16144 0
464 16144 112
640 16112 112
528 16256 272
576 16288 48
912 16224 112
784 16144 48
784 16144 208
704 16128 208
656 16160 528
656 16080 400
720 16128 208
672 16144 160
672 16160 208
672 16160 96
560 16144 96
608 16160 -32
672 16144 144
592 16160 240
608 16208 224
608 16176 208
544 16176 400
688 16096 400
640 16224 352
736 16176 176
672 16208 256
672 16192 288
624 16192 480
688 16160 480
656 16224 48
496 16192 0
256 16208 -96
256 16112 64
320 16112 64
400 16160 128
912 16112 688
928 16112 176
832 16080 -208
832 16176 -304
688 16176 -304
752 16160 -256
848 16192 32
816 16288 176
624 16224 400
624 16224 352
576 16112 352
688 16192 368
528 16208 -80
800 16080 -256
576 16096 16
576 16080 304
672 16016 416
672 16048 608
672 16048 304
608 16144 304
592 16176 352
512 16176 96
592 16224 -144
592 16224 -64
608 16144 -64
512 16128 176
656 16112 128
736 16160 352
704 16064 544
704 16048 592
688 16048 528
736 16144 528
704 16176 160
912 16224 -288
864 16144 -208
864 16128 -96
848 16128 -96
864 16112 112
800 16176 96
912 16112 112
768 16080 160
752 16080 256
752 16080 544
688 16192 544
544 16176 480
592 16176 496
704 16160 80
640 16176 224
640 16176 176
704 16192 176
752 16160 464
912 16064 176
800 16096 144
