startup(x,y,z):(688,16160,176)
2656 15504 1072
1504 15488 -64
928 15968 -1888
656 16144 -2208
656 16144 -1840
544 16064 -1840
512 16016 -1392
848 16176 -304
864 16128 432
864 16176 864
928 16176 864
1136 16112 944
1136 16224 1200
1136 16192 1296
1024 16176 912
1008 16112 448
896 16096 -160
896 16096 -544
864 16096 -544
640 16176 -368
480 16176 -112
384 16208 -112
400 16272 -176
400 16240 -336
512 16160 -224
576 16176 208
688 16176 208
848 16096 480
880 16112 624
752 16192 752
672 16208 336
672 16224 32
656 16224 96
656 16176 96
784 16208 128
720 16192 432
720 16128 304
784 16176 304
576 16240 64
576 16192 128
576 16256 256
688 16256 -16
784 16272 -16
672 16288 -64
736 16240 160
960 16240 400
960 16192 880
736 16192 640
816 16128 368
832 16128 320
816 16096 320
736 16176 80
832 16208 -288
720 16240 -448
720 16272 -336
704 16272 -128
752 16240 -128
752 16160 -384
624 16176 -128
752 16192 -80
816 16128 288
656 16096 368
656 16096 240
720 16096 224
784 16160 224
816 16144 304
720 16128 32
656 16096 224
688 16160 96
688 16144 272
608 16144 272
656 16080 480
592 16128 368
592 16192 336
784 16192 336
784 16352 496
640 16288 112
640 16240 -64
688 16256 32
768 16208 32
816 16192 48
816 16192 272
864 16160 592
864 16144 464
672 16144 96
688 16192 96
640 16160 96
624 16256 0
672 16144 -160
672 16144 -80
528 16208 -80
480 16272 208
496 16192 224
736 16128 176
672 16112 144
752 16160 208
752 16176 208
576 16176 240
624 16160 240
704 16128 48
688 16064 -48
512 16096 48
576 16144 16
576 16144 288
672 16112 288
576 16208 192
560 16208 64
624 16208 80
832 16272 128
688 16272 80
688 16192 272
784 16192 144
736 16240 144
544 16208 288
512 16208 320
656 16208 192
656 16272 288
576 16208 320
528 16208 224
480 16224 224
576 16208 192
624 16160 352
560 16160 208
656 16112 208
656 16160 96
624 16160 304
688 16256 304
864 16112 224
784 16256 272
640 16224 256
608 16224 128
704 16144 64
704 16160 112
720 16160 -48
800 16160 -48
848 16176 160
704 16176 256
720 16160 96
624 16192 208
624 16144 64
656 16144 80
560 16144 176
560 16224 176
640 16208 352
720 16208 256
752 16144 80
752 16192 64
704 16192 64
800 16128 32
768 16144 384
816 16080 272
624 16080 240
576 16080 -16
576 16176 -32
576 16144 48
720 16144 96
864 16096 96
832 16160 96
736 16128 288
688 16144 320
688 16192 32
768 16192 -80
736 16240 -80
624 16240 288
560 16144 288
624 16160 304
672 16176 192
688 16240 352
688 16240 336
656 16160 336
784 16208 96
736 16176 320
752 16176 240
688 16128 192
640 16112 128
544 16144 80
608 16192 128
608 16128 400
704 16128 192
832 16128 192
752 16224 112
576 16176 240
592 16192 160
624 16192 -64
624 16192 -48
800 16160 -48
992 16144 32
880 16112 96
832 16176 64
800 16192 32
960 16160 -16
960 16192 -96
1024 16192 -32
960 16208 -32
816 16256 144
752 16192 208
608 16112 256
608 16176 208
608 16176 208
736 16272 224
672 16224 224
672 16160 256
576 16160 160
608 16208 80
688 16176 256
688 16176 336
640 16208 336
656 16224 432
624 16240 368
576 16240 352
608 16176 368
720 16192 336
704 16144 448
704 16208 48
704 16208 48
736 16144 96
768 16064 48
704 16112 32
976 16176 48
864 16144 -64
864 16208 -64
640 16208 -48
656 16240 0
784 16176 32
768 16208 32
544 16192 48
512 16176 208
544 16256 208
544 16144 48
768 16144 48
720 16128 48
736 16064 528
688 16144 208
928 16176 144
912 16240 80
736 16208 320
736 16208 96
768 16160 96
704 16176 -16
816 16128 -32
800 16048 16
672 16176 64
672 16176 -96
752 16176 -96
736 16208 320
656 16192 272
752 16176 176
928 16112 -48
672 16064 192
672 16144 208
720 16144 384
624 16160 384
784 16144 288
752 16240 80
688 16240 224
672 16240 256
672 16240 384
592 16144 416
640 16144 160
736 16224 160
768 16144 32
656 16240 32
752 16192 -192
816 16224 -48
800 16272 -176
800 16240 -112
928 16240 144
720 16208 144
656 16144 160
576 16160 128
640 16224 176
416 16240 128
560 16176 416
704 16224 96
704 16224 288
816 16192 288
752 16176 144
944 16240 32
768 16240 -64
688 16208 -16
656 16208 112
736 16224 144
736 16224 -80
656 16240 -80
448 16208 176
576 16224 -160
624 16176 224
624 16144 112
592 16144 288
640 16144 288
688 16192 576
624 16192 368
768 16208 240
768 16144 208
736 16096 320
736 16192 192
720 16192 288
720 16160 288
720 16144 320
720 16096 320
704 16144 304
736 16128 336
736 16176 336
800 16176 448
688 16160 256
768 16192 96
768 16192 272
800 16224 272
832 16176 144
832 16176 176
816 16192 160
672 16224 208
688 16160 160
688 16128 64
816 16128 224
864 16160 176
848 16160 416
800 16112 416
832 16080 256
832 16128 336
880 16208 128
880 16208 -16
816 16096 240
720 16144 240
704 16240 240
784 16176 176
736 16224 0
688 16224 -16
608 16144 144
608 16192 448
528 16192 432
736 16176 432
720 16224 176
512 16208 144
624 16208 144
624 16176 272
752 16176 272
688 16256 272
784 16176 144
800 16192 128
768 16192 144
784 16144 384
896 16224 256
896 16176 176
832 16176 176
672 16256 224
752 16208 320
720 16176 272
640 16176 304
736 16176 352
720 16208 416
768 16208 416
704 16304 208
720 16256 208
656 16144 -144
688 16192 -48
704 16176 32
704 16160 240
736 16176 128
784 16176 128
720 16192 80
704 16192 64
704 16192 144
672 16160 -32
720 16080 -16
720 16096 -32
736 16096 -16
768 16208 -16
784 16224 -16
736 16224 96
688 16144 368
736 16112 176
768 16160 176
752 16096 48
752 16128 352
688 16128 272
592 16288 272
672 16288 224
784 16208 96
784 16144 144
688 16176 -144
752 16176 -144
720 16304 -80
656 16208 384
688 16144 288
544 16144 112
688 16144 288
768 16112 304
768 16112 128
816 16192 128
768 16160 288
656 16128 -112
608 16240 80
608 16224 48
688 16224 192
624 16272 192
496 16304 144
688 16176 0
704 16176 64
704 16112 176
640 16048 144
640 16048 256
640 16096 256
704 16192 -48
704 16336 32
560 16272 192
736 16192 -16
704 16272 -96
656 16224 112
688 16128 96
688 16048 192
688 16048 192
768 16112 80
880 16192 -32
816 16240 112
784 16208 80
784 16208 -64
720 16192 -64
720 16208 -192
752 16240 -96
864 16240 -208
704 16272 -272
592 16288 -64
592 16240 -128
688 16240 -128
736 16224 -336
736 16112 -96
704 16192 -96
960 16128 160
784 16128 48
784 16160 48
496 16128 -80
608 16080 -112
640 16096 112
640 16096 208
720 16096 144
896 16064 144
784 16096 256
816 16224 96
784 16112 96
784 16112 -160
704 16192 -160
688 16240 32
608 16224 -224
544 16240 -112
608 16192 -144
608 16192 160
528 16176 160
752 16176 0
768 16128 48
592 16224 144
592 16224 112
512 16192 128
512 16192 80
592 16192 448
688 16208 448
688 16240 384
656 16256 384
752 16240 256
640 16256 320
560 16192 112
560 16192 256
672 16192 256
640 16160 128
576 16224 80
656 16240 -32
672 16160 224
832 16112 304
576 16128 304
672 16128 112
608 16144 112
640 16144 240
640 16144 304
720 16160 352
720 16160 304
704 16160 304
736 16080 544
592 16144 496
672 16224 368
768 16144 0
752 16256 160
736 16240 -96
736 16240 -32
576 16240 -32
608 16160 -256
-304 16064 -848
-1696 15792 -976
-1360 15760 -608
-1360 15968 -368
-1040 15968 -640
-352 16256 -1312
48 16240 -1312
32 16032 -1312
160 15952 -1584
-32 15840 -480
-176 15952 256
-176 16000 928
144 15952 800
176 15952 480
480 16048 528
688 16016 528
752 16064 96
880 16128 -192
944 16128 -752
880 16160 -832
848 16128 -880
848 16128 -368
1056 16128 544
1104 16064 544
800 16096 1104
848 16192 832
576 16112 224
