startup(x,y,z):(688,16160,176)
-6304 13776 -1264
-7664 12880 4672
-1904 13040 -576
-1504 14544 -576
2960 16528 1728
2496 15488 192
1968 16528 1440
976 16288 -2240
-256 16064 -3648
-96 16304 -3648
288 16368 -3264
448 16384 -1872
944 16176 368
1024 16384 3840
1024 16384 4208
432 16208 4208
688 16256 3024
640 16144 656
640 16160 -1008
464 16336 -1040
464 16336 -160
432 16272 -160
640 16304 -272
592 16272 -272
320 16256 -192
560 16112 208
560 16144 944
640 16144 1488
752 16080 1488
864 16224 1408
480 16176 160
336 16272 -640
336 16352 -1024
288 16352 -688
464 16304 -688
448 16272 -16
512 16160 656
672 16240 992
784 16224 816
784 16224 352
768 16224 352
672 16144 272
752 16224 400
368 16176 336
560 16096 96
560 16160 -256
672 16160 16
608 16160 16
704 16112 384
672 16192 640
768 16160 1056
752 16144 688
752 16144 224
720 16208 224
592 16176 288
576 16128 272
688 16176 256
688 16144 48
736 16144 -240
608 16240 -240
720 16208 -128
752 16144 48
608 16224 240
608 16192 464
784 16192 496
928 16160 496
768 16160 208
688 16272 -32
752 16128 -112
752 16112 -352
704 16112 128
592 16112 128
736 16224 48
768 16176 272
656 16208 416
656 16192 304
688 16192 368
720 16144 368
672 16144 144
736 16192 -64
704 16144 96
688 16160 -32
688 16160 -32
848 16160 -32
768 16144 144
608 16176 336
624 16160 496
784 16064 208
784 16144 256
720 16144 256
848 16192 80
704 16192 48
640 16112 -112
768 16144 -224
768 16144 -32
768 16144 -32
576 16224 176
576 16208 144
704 16208 304
624 16176 48
624 16208 304
688 16208 192
672 16240 192
608 16112 224
704 16112 256
640 16160 128
640 16080 160
768 16080 224
720 16176 240
608 16208 352
704 16192 176
688 16176 16
816 16112 208
848 16144 0
848 16112 144
768 16160 112
784 16240 -32
704 16192 -64
704 16192 144
672 16144 352
672 16160 256
720 16160 256
624 16128 48
704 16144 80
640 16224 192
704 16176 288
560 16176 288
656 16176 480
736 16096 416
640 16128 272
640 16128 -16
656 16176 -32
656 16176 160
720 16208 160
816 16144 112
800 16176 224
704 16144 128
640 16160 208
640 16160 144
800 16112 144
864 16080 144
720 16096 -112
752 16144 -240
704 16128 -112
704 16160 -208
800 16160 -208
848 16192 -144
704 16208 16
704 16192 112
768 16192 448
768 16240 352
672 16240 96
688 16256 96
656 16176 288
704 16144 -48
784 16144 208
784 16096 256
736 16096 304
896 16096 304
816 16128 64
800 16128 16
704 16128 368
704 16192 112
592 16192 112
464 16144 272
384 16240 208
416 16192 32
592 16240 112
592 16192 160
784 16192 160
592 16176 304
592 16192 288
592 16144 336
528 16064 448
528 16320 96
560 16192 96
464 16176 256
784 16192 32
720 16192 -48
672 16224 -48
672 16256 64
704 16256 64
768 16192 64
688 16192 160
672 16288 -48
624 16256 -96
624 16272 -64
752 16272 176
816 16112 176
864 16128 -128
832 16096 48
704 16112 -16
704 16112 -96
736 16112 80
928 16064 80
784 16048 176
816 16128 240
720 16176 224
720 16224 176
768 16224 176
816 16176 96
768 16112 336
672 16176 272
672 16224 224
672 16208 352
688 16208 368
608 16176 368
656 16112 272
624 16176 -112
672 16144 320
672 16128 528
656 16128 528
672 16176 400
480 16208 256
544 16288 48
544 16224 112
544 16096 368
688 16112 416
688 16112 96
832 16192 96
896 16192 224
816 16192 112
816 16096 464
816 16128 400
784 16128 400
656 16208 192
640 16224 304
720 16208 176
656 16192 112
656 16160 96
608 16160 272
736 16192 272
704 16144 400
672 16176 320
832 16192 176
832 16176 384
800 16176 384
640 16160 368
688 16176 336
752 16224 352
672 16240 352
672 16112 480
672 16112 480
656 16096 304
704 16064 256
688 16112 192
480 16208 64
752 16208 64
816 16144 -256
912 16192 -144
704 16160 352
704 16128 224
704 16176 256
512 16176 256
944 16240 560
752 16128 144
448 16240 -144
256 16256 32
256 16256 -32
288 16192 -32
384 16272 160
496 16160 240
272 16160 192
272 16096 0
240 16096 112
512 16192 112
592 16176 16
608 16160 320
768 16112 192
768 16160 272
752 16160 320
752 16112 320
800 16096 144
848 16000 208
800 16080 256
656 16112 272
656 16112 96
848 16128 96
752 16160 144
800 16112 272
544 16160 80
592 16160 128
592 16160 192
640 16080 192
592 16064 144
608 16176 -48
624 16288 16
672 16208 128
672 16208 208
656 16208 208
704 16176 368
544 16176 128
528 16224 -48
496 16224 208
496 16224 240
528 16256 240
720 16208 144
816 16208 64
720 16240 48
592 16208 32
592 16208 32
656 16288 32
640 16192 112
704 16224 -256
640 16224 -176
640 16224 208
592 16224 0
592 16224 0
624 16176 -64
560 16208 32
560 16176 -32
560 16176 0
640 16176 304
608 16160 304
640 16208 208
544 16256 96
576 16256 64
656 16320 208
656 16320 288
512 16240 288
640 16192 160
688 16128 -112
816 16128 160
816 16256 -80
752 16256 -256
832 16128 -256
688 16144 48
704 16080 208
448 16192 336
576 16176 320
576 16160 256
656 16160 256
624 16224 272
704 16208 400
560 16192 272
560 16240 336
576 16240 224
608 16192 224
592 16176 144
608 16176 256
656 16256 224
704 16288 64
704 16240 400
704 16240 400
464 16160 256
528 16160 16
704 16208 48
704 16240 16
704 16240 32
560 16256 32
656 16208 256
592 16224 96
720 16208 224
784 16144 608
784 16144 544
608 16112 544
736 16192 400
672 16240 352
768 16192 656
768 16256 416
800 16256 416
768 16112 416
736 16160 -16
608 16080 128
608 16112 16
592 16192 144
592 16192 224
672 16192 224
800 16176 224
848 16112 272
848 16176 224
800 16176 160
768 16176 160
736 16288 256
816 16160 160
656 16272 192
704 16128 128
704 16144 128
624 16144 -112
480 16160 -112
416 16192 160
656 16112 288
656 16128 160
640 16224 208
640 16192 288
736 16192 112
864 16176 112
784 16240 128
688 16256 80
704 16192 96
688 16192 160
688 16192 112
736 16192 112
704 16176 352
672 16208 368
672 16224 528
640 16192 528
640 16160 352
656 16160 240
752 16272 240
720 16176 0
656 16176 192
688 16176 16
688 16128 -64
592 16128 -128
496 16176 -128
560 16128 0
672 16128 112
768 16144 464
768 16224 160
672 16224 224
800 16224 224
720 16192 352
784 16144 272
672 16224 -80
672 16240 112
640 16240 224
576 16160 224
608 16144 32
704 16240 -208
768 16224 -384
736 16192 -176
736 16192 176
592 16096 176
640 16064 160
784 16112 -144
880 16032 208
800 16080 144
800 16080 256
624 16176 256
640 16112 64
816 16112 176
672 16096 64
672 16160 96
592 16160 320
672 16112 320
656 16128 16
736 16176 0
592 16160 -32
592 16144 -176
592 16144 -176
784 16144 -80
688 16192 -64
608 16144 96
736 16144 -128
736 16208 0
672 16208 0
704 16224 -240
560 16160 32
768 16144 288
704 16096 176
704 16096 96
672 16224 96
832 16192 -16
736 16128 160
832 16208 192
688 16224 256
688 16224 176
672 16208 -80
720 16176 -64
672 16208 80
560 16224 32
512 16160 0
512 16192 128
640 16192 128
576 16208 176
528 16192 272
688 16128 -16
672 16128 80
672 16208 -80
832 16208 96
736 16144 96
800 16128 144
720 16176 416
784 16080 224
784 16144 144
688 16144 144
768 16176 -240
752 16176 -80
800 16176 128
800 16240 64
688 16256 -176
656 16256 -176
656 16288 -80
656 16240 -192
672 16208 -208
560 16176 -32
560 16176 -224
672 16128 -224
720 16176 -192
768 16112 64
512 16240 48
640 16224 128
784 16224 48
976 16144 48
864 16032 128
624 16096 272
656 16176 352
656 16224 288
704 16224 288
624 16208 112
704 16160 80
672 16160 -16
672 16240 64
592 16240 0
624 16272 0
608 16176 32
688 16192 96
672 16192 464
656 16256 272
656 16176 352
736 16176 352
