startup(x,y,z):(704,16128,176)
3552 13648 7680
2160 15856 3712
80 14624 3280
80 17392 5264
432 16816 2432
-1856 16384 -544
-2912 16384 1360
-2256 17328 1360
-2704 16576 -2688
-1040 16032 -2928
-2480 15056 -7856
-2480 17328 -6720
-4256 17328 6304
-2208 19520 6304
-3152 20928 10768
1216 19120 8864
1088 17808 3904
2320 17136 2080
4240 15504 5408
-896 14432 2448
-896 13840 -5360
-1840 13840 -5360
-3376 13904 -7920
-4464 15216 -12688
-2752 16352 -11728
-2000 16336 -6512
-2224 16192 -3104
-272 16864 4016
-352 16048 4384
1344 16080 4016
1344 15248 1680
2848 15248 1632
3008 15632 1632
2704 15696 1952
2192 16048 2400
1312 16032 1008
880 16096 -1184
880 16096 -2624
208 16224 -2624
464 16288 1152
-336 16016 1552
368 16064 1472
-32 16192 -768
720 16240 -1392
720 16240 -1680
832 16032 -640
672 16048 -640
688 16224 528
848 16240 912
912 16144 944
848 16144 368
768 16304 144
768 16304 384
800 16224 384
656 16176 1088
832 16032 1072
688 16064 736
688 16016 -624
512 16016 -592
464 16000 -592
304 16080 -608
288 16144 -560
368 16208 -672
336 16336 -672
416 16208 -128
544 16128 368
544 16128 1456
624 16144 1456
816 16160 1488
560 16304 1264
688 16304 672
688 16432 240
688 16416 -240
784 16336 -352
768 16192 -368
768 16192 -352
656 16224 -352
704 16160 -288
704 16176 32
704 16176 256
704 16176 608
768 16144 608
736 16144 896
480 16112 704
608 16096 688
496 16064 304
576 16064 -16
576 16144 32
624 16144 144
576 16160 144
672 16176 176
576 16160 208
656 16176 432
656 16176 400
656 16176 416
640 16288 416
608 16272 256
624 16240 -128
656 16272 -48
464 16224 256
464 16224 304
544 16224 336
656 16096 336
640 16112 480
784 16208 -64
704 16208 16
704 16256 96
672 16256 96
608 16208 16
736 16208 128
736 16208 192
672 16240 128
800 16240 -32
704 16208 384
704 16208 544
704 16208 544
608 16208 352
624 16176 400
768 16256 192
752 16272 240
992 16240 48
816 16192 -64
720 16208 -288
720 16176 -112
896 16176 192
752 16176 192
752 16176 224
592 16144 432
608 16224 160
656 16176 176
656 16176 64
672 16128 64
640 16192 64
688 16160 160
752 16144 160
768 16176 192
720 16224 288
768 16256 320
768 16256 192
768 16224 192
800 16096 176
608 16112 320
624 16192 256
688 16192 144
656 16192 160
768 16224 176
768 16224 32
640 16096 32
800 16224 192
800 16224 336
688 16192 112
688 16208 0
800 16208 112
576 16272 112
544 16176 80
720 16256 -80
784 16256 -64
832 16224 32
656 16192 96
656 16192 336
528 16176 336
608 16256 192
672 16144 192
608 16176 176
720 16240 128
672 16224 144
672 16128 -16
736 16144 0
736 16240 176
656 16240 176
720 16192 240
656 16128 464
800 16256 320
800 16144 368
704 16144 160
784 16128 160
736 16192 352
624 16224 112
688 16192 -112
576 16192 80
752 16192 176
752 16160 400
544 16160 400
560 16224 -80
544 16192 160
688 16160 368
656 16192 320
656 16192 208
736 16080 208
912 16128 80
800 16144 -32
704 16240 -32
736 16144 144
752 16128 112
752 16064 128
848 16064 -384
768 16112 -272
688 16192 -144
816 16208 96
848 16272 32
880 16192 -80
880 16192 112
784 16240 112
832 16240 208
736 16240 208
768 16224 272
880 16176 176
944 16176 288
944 16176 208
848 16176 -112
848 16144 -112
880 16192 -32
848 16208 272
800 16208 192
720 16208 128
752 16192 256
688 16192 112
688 16176 32
688 16176 48
656 16160 48
592 16128 80
704 16160 192
752 16144 112
768 16176 112
768 16176 -160
688 16224 -16
672 16160 64
736 16160 64
736 16160 160
528 16160 240
736 16048 240
736 16128 288
544 16128 288
576 16192 240
560 16288 272
560 16272 224
576 16288 256
656 16256 80
736 16160 64
656 16176 144
656 16176 224
672 16208 224
672 16192 -48
752 16112 128
736 16144 80
736 16144 -80
736 16144 -256
864 16176 -256
864 16224 -240
816 16224 160
688 16320 272
768 16176 256
768 16176 192
832 16192 192
816 16192 352
864 16192 80
720 16192 240
720 16208 256
784 16208 240
720 16192 240
624 16192 128
848 16208 32
768 16192 416
832 16144 240
832 16256 256
672 16256 256
704 16256 -176
704 16192 -224
720 16160 272
720 16176 304
672 16112 144
800 16112 144
720 16144 16
704 16144 80
608 16112 272
672 16112 208
752 16096 96
848 16080 96
672 16144 -16
672 16160 144
704 16160 16
704 16176 -80
640 16176 48
528 16208 48
544 16240 -80
528 16240 64
624 16192 192
624 16256 208
624 16256 128
752 16272 128
800 16192 176
816 16160 192
880 16208 160
880 16208 240
640 16240 240
752 16256 128
752 16240 32
816 16208 -128
864 16128 48
864 16160 432
784 16160 432
688 16208 336
768 16096 224
816 16080 256
816 16048 16
832 16048 16
672 16160 16
784 16256 -32
832 16288 -80
864 16208 32
848 16256 0
848 16192 -224
784 16192 -224
832 16224 -272
912 16208 -64
752 16112 256
752 16112 240
912 16112 240
864 16048 240
768 16144 272
768 16112 176
688 16176 400
688 16160 288
608 16160 304
816 16160 304
688 16128 -64
656 16144 -224
624 16160 80
624 16176 64
672 16176 64
608 16128 64
704 16176 112
592 16128 384
640 16224 336
640 16208 96
576 16208 96
544 16256 416
720 16256 304
816 16208 112
816 16144 112
704 16144 336
704 16144 336
672 16096 288
592 16128 432
608 16224 272
608 16160 208
720 16160 208
608 16080 352
736 16112 176
896 16144 80
688 16240 16
688 16240 288
672 16240 288
624 16192 0
608 16288 48
640 16256 -128
704 16192 -32
704 16192 48
688 16240 48
800 16240 32
688 16288 192
736 16240 144
736 16320 288
688 16320 64
688 16192 64
704 16160 160
544 16256 96
624 16208 48
624 16112 96
608 16112 336
608 16176 208
480 16224 208
512 16176 48
592 16080 256
624 16160 192
624 16160 128
704 16160 128
720 16192 240
736 16192 272
752 16192 384
912 16208 432
912 16208 -144
912 16192 -144
768 16144 288
592 16144 256
688 16208 128
688 16176 112
576 16176 16
704 16064 16
672 16128 -160
768 16176 -80
736 16192 -64
736 16144 144
864 16144 144
688 16048 224
656 16176 160
624 16224 -96
592 16208 -224
736 16144 48
784 16112 48
672 16128 -64
672 16160 0
736 16176 80
736 16160 176
704 16160 112
752 16064 112
656 16256 256
624 16336 80
640 16288 -48
768 16320 -16
768 16192 160
752 16192 160
784 16208 176
800 16176 320
688 16224 -80
688 16096 128
656 16096 48
528 16240 48
640 16240 64
608 16272 304
624 16256 -48
624 16208 112
608 16208 32
656 16272 32
784 16224 32
704 16224 320
640 16192 144
640 16192 48
752 16144 48
688 16160 32
720 16176 64
624 16224 -80
704 16208 -64
704 16208 80
832 16208 80
688 16192 112
656 16224 208
720 16128 96
720 16144 112
864 16144 112
832 16128 -224
704 16128 -48
688 16144 192
672 16160 288
672 16144 512
656 16144 192
688 16224 192
672 16272 480
528 16240 224
656 16208 224
656 16208 192
704 16144 192
576 16144 -144
560 16128 16
720 16112 48
784 16176 208
768 16192 96
768 16192 -16
800 16240 -16
752 16176 -240
960 16096 -32
800 16208 48
800 16192 384
720 16192 384
704 16192 448
688 16176 384
800 16176 432
736 16208 384
736 16208 528
784 16208 272
640 16240 272
736 16112 240
736 16112 64
656 16192 112
656 16192 256
592 16192 256
640 16240 320
640 16160 272
768 16080 64
720 16144 16
720 16144 176
656 16144 256
752 16192 256
704 16224 192
624 16224 -80
576 16288 64
576 16288 336
608 16240 336
656 16144 240
704 16160 128
688 16160 64
624 16192 160
624 16240 144
704 16240 144
656 16272 -16
560 16256 64
640 16208 144
736 16224 112
736 16224 160
672 16080 160
736 16112 16
736 16096 288
672 16192 144
544 16176 240
544 16240 128
544 16240 256
864 16208 256
880 16240 128
832 16272 128
736 16144 208
736 16144 464
784 16144 464
