startup(x,y,z):(704,16128,176)
5472 16816 5952
4448 17696 3328
2064 17024 3328
688 15760 2160
704 16896 -1168
1616 17184 -1152
2048 16112 -80
1088 15728 224
-800 16256 -3120
-208 16512 -4272
-208 16512 -9760
-1152 15680 -9760
-2128 13152 -9488
-5376 12816 -128
-3712 12976 3488
-3712 15248 4272
-208 15248 -2432
-1600 15904 -2432
1856 16960 -2224
1456 17648 -816
1072 17296 2416
1024 16384 -1072
-1632 16048 -3584
-1632 16800 -5424
-2992 16800 -6800
-1632 17024 -6800
-1856 17072 -4448
-656 16352 -848
-16 16640 3616
48 15760 4832
48 15760 5504
656 15600 2320
432 15632 -1648
656 15632 -1648
512 15840 -3440
528 16160 -2512
640 16272 -1456
384 16320 -240
384 16224 160
480 16224 352
512 16064 576
832 16240 1168
720 16368 1712
432 16448 1392
704 16352 208
704 16352 -592
144 16288 -512
-416 16288 -512
-48 16320 -576
400 16368 -528
640 16336 -96
928 16416 -96
928 16304 368
1024 16208 752
992 16256 1328
1008 16256 1616
1072 16240 1616
928 16272 1520
560 16208 768
544 16352 64
544 16352 -464
672 16272 -464
624 16160 -528
400 16080 -688
416 16128 -656
384 16096 -400
288 16208 256
464 16208 688
464 16208 592
512 16208 592
624 16240 416
672 16192 160
736 16160 64
752 16192 144
752 16112 -32
816 16112 -32
896 16208 16
768 16256 -176
736 16256 -176
736 16208 64
720 16240 416
720 16192 416
800 16192 416
816 16080 352
768 16144 224
704 16192 64
752 16144 112
768 16192 16
768 16144 224
592 16208 368
768 16112 352
656 16160 464
464 16192 400
464 16208 240
480 16176 32
528 16176 32
448 16176 64
784 16208 -128
704 16128 64
704 16128 224
752 16144 128
848 16128 224
848 16128 304
672 16176 304
704 16112 272
672 16240 288
768 16160 240
752 16096 256
752 16208 48
720 16208 48
624 16224 -80
704 16240 -176
784 16256 -176
688 16240 144
720 16208 112
720 16240 320
720 16160 416
576 16160 416
688 16192 16
736 16192 368
512 16208 224
528 16224 96
672 16208 -160
560 16208 48
592 16192 96
592 16192 -48
736 16128 176
592 16160 176
752 16240 384
880 16192 48
672 16128 304
672 16128 448
624 16128 336
576 16144 336
704 16096 -32
736 16160 -32
832 16208 -176
720 16176 80
672 16224 0
736 16272 80
736 16272 96
832 16208 96
656 16272 160
720 16240 -32
784 16256 -144
656 16224 -128
720 16208 -16
736 16224 16
736 16272 -16
672 16272 -16
800 16240 -160
832 16224 -96
800 16208 -16
720 16208 160
832 16208 -16
800 16160 0
640 16192 -16
608 16192 -16
768 16176 0
656 16208 48
496 16192 144
496 16176 128
768 16176 128
768 16128 352
736 16144 208
752 16096 368
736 16080 544
736 16144 640
752 16112 320
640 16096 48
800 16096 48
672 16112 256
672 16192 192
672 16208 16
720 16144 16
720 16176 448
848 16176 336
912 16160 336
864 16144 496
816 16144 320
704 16112 224
688 16144 336
640 16208 -48
640 16224 -96
560 16224 -144
592 16208 -144
656 16208 -144
704 16144 -48
688 16224 -16
864 16144 176
864 16192 64
848 16192 0
768 16208 -80
608 16208 -80
656 16176 256
736 16160 432
624 16128 432
656 16112 352
656 16112 160
784 16160 160
800 16192 96
880 16144 256
864 16176 48
784 16176 192
832 16192 32
672 16144 64
672 16144 -32
672 16240 -32
624 16272 -48
688 16256 128
656 16176 176
768 16176 16
768 16176 144
800 16176 144
768 16176 112
752 16208 112
704 16224 128
704 16176 96
624 16160 192
640 16160 304
640 16080 208
640 16080 208
752 16176 -64
816 16112 272
928 16192 320
800 16208 256
800 16208 400
672 16144 352
672 16208 288
640 16208 288
672 16224 32
624 16160 48
464 16144 256
656 16240 -112
592 16176 96
592 16176 -80
704 16160 -80
512 16160 160
624 16144 64
672 16192 64
656 16192 144
640 16272 208
816 16256 176
816 16256 16
720 16256 16
608 16272 -96
624 16224 0
688 16192 96
704 16208 144
704 16208 -16
752 16192 192
800 16192 144
704 16176 144
640 16256 176
816 16224 192
720 16272 80
720 16176 48
784 16176 48
688 16208 144
704 16224 48
608 16208 0
640 16176 -80
640 16192 16
576 16160 96
576 16160 208
512 16304 208
592 16224 304
656 16192 464
704 16240 240
736 16256 272
736 16256 288
800 16256 128
704 16192 0
880 16272 16
768 16144 -144
736 16128 -64
688 16208 -32
688 16208 112
784 16208 128
688 16128 128
736 16224 208
896 16176 96
768 16144 336
768 16128 80
752 16144 128
688 16176 96
656 16176 80
608 16192 80
656 16208 -144
688 16144 0
688 16192 16
688 16192 -48
912 16240 -48
640 16224 112
880 16208 96
608 16192 112
672 16256 128
720 16224 -112
800 16160 -80
800 16160 0
720 16208 0
768 16192 32
784 16144 176
592 16160 240
688 16160 96
688 16160 64
848 16176 64
784 16240 160
656 16192 80
608 16208 128
480 16176 64
400 16160 -176
400 16112 80
512 16112 128
544 16176 128
656 16144 256
688 16208 304
608 16208 256
608 16144 224
608 16144 240
688 16192 160
656 16160 208
656 16160 256
608 16128 256
688 16144 240
720 16160 208
592 16112 144
560 16160 192
560 16144 112
560 16144 224
592 16192 224
448 16160 96
496 16176 144
560 16192 -128
704 16192 -256
560 16160 48
560 16176 160
592 16176 160
560 16176 256
560 16192 208
688 16192 48
576 16128 112
576 16144 496
656 16112 32
672 16128 -48
688 16128 -64
656 16192 -64
640 16256 80
640 16224 128
640 16224 176
752 16224 96
816 16208 96
736 16208 -48
608 16144 0
704 16128 112
688 16128 -32
656 16192 48
800 16160 -48
800 16080 -176
608 16080 -32
544 16160 -32
368 16192 -176
480 16128 0
624 16048 288
624 16112 240
640 16112 64
656 16176 64
912 16240 144
800 16208 144
848 16192 384
672 16176 512
608 16128 416
704 16144 112
704 16144 112
672 16176 96
864 16192 96
592 16176 32
512 16208 272
576 16112 144
464 16144 16
592 16160 144
592 16160 288
688 16176 288
736 16160 96
736 16176 144
704 16160 -144
672 16160 -16
672 16208 48
640 16208 112
720 16160 16
672 16144 -96
736 16128 -16
816 16176 128
752 16160 0
752 16160 16
832 16112 16
768 16160 128
576 16224 256
752 16208 160
688 16224 272
688 16224 576
736 16160 496
832 16128 224
704 16144 224
800 16128 176
736 16160 352
672 16112 32
672 16176 336
544 16176 448
592 16112 448
784 16128 368
704 16128 160
704 16224 -16
832 16208 160
832 16272 80
656 16256 112
656 16256 64
704 16224 64
736 16224 112
880 16160 160
736 16176 80
672 16160 448
688 16144 368
688 16144 368
800 16112 368
848 16144 224
736 16112 224
640 16224 432
656 16080 240
608 16192 336
608 16112 384
624 16112 384
768 16096 240
736 16096 416
672 16160 560
640 16128 384
640 16176 336
608 16096 304
608 16032 80
752 16032 80
672 16160 144
720 16112 64
832 16112 -160
768 16096 112
768 16112 64
800 16112 32
832 16144 32
736 16256 176
672 16304 48
656 16208 -64
528 16224 0
640 16224 208
640 16128 176
704 16128 192
784 16160 192
704 16160 144
720 16176 176
752 16192 -16
752 16208 0
672 16208 128
656 16192 16
608 16192 240
608 16160 240
560 16144 160
704 16224 192
672 16224 112
720 16112 80
720 16112 16
768 16176 16
736 16224 256
512 16192 160
704 16240 16
640 16224 80
576 16144 224
816 16208 176
816 16208 48
832 16240 48
768 16208 96
864 16128 240
768 16160 96
672 16192 64
672 16192 160
608 16176 160
560 16256 144
704 16240 240
672 16192 48
704 16176 256
608 16192 96
608 16160 192
704 16160 192
640 16128 336
640 16176 272
640 16192 96
496 16096 176
672 16128 -32
672 16096 160
608 16080 160
608 16080 80
576 16080 80
544 16144 16
608 16176 144
672 16112 240
784 16160 352
784 16112 352
752 16112 352
560 16176 144
608 16192 256
656 16144 32
752 16112 -144
736 16208 -80
736 16208 256
688 16192 208
