startup(x,y,z):(752,16160,112)
-208 16176 -2208
-1152 16144 -2880
-1152 16144 -864
-304 16240 -864
352 16416 1856
2128 15264 2096
2672 15312 3120
3264 15536 2016
3264 16144 1232
2320 16112 1056
752 15952 -224
208 15952 112
688 16240 112
1088 16192 -1056
960 16064 -1056
1184 16160 -1776
1184 16048 -960
1280 16304 448
1152 16144 448
1264 15952 624
1136 16176 1648
1216 16080 912
1168 16096 368
864 16144 48
896 16192 -128
896 16192 352
576 16208 352
720 16192 -528
768 16272 -496
656 16224 -560
928 16224 -448
928 16224 -80
672 16144 352
976 16176 912
880 16176 912
1120 16112 880
976 16080 704
896 16016 768
1008 16144 560
912 16144 528
800 16176 528
752 16144 128
752 16176 80
784 16208 -160
784 16272 16
816 16128 224
816 16144 240
768 16144 176
768 16128 176
752 16144 176
880 16176 0
816 16176 -144
816 16176 -448
800 16176 -448
768 16144 -80
752 16144 -32
672 16160 32
704 16240 176
656 16272 256
576 16256 256
576 16240 224
560 16240 224
816 16080 -32
816 16176 -368
896 16112 -464
848 16208 -240
848 16144 64
640 16176 192
752 16160 224
752 16176 272
592 16176 384
608 16192 384
560 16144 464
544 16160 464
496 16128 144
496 16048 32
576 16048 32
624 16096 208
720 16096 432
688 16080 528
832 16144 336
864 16128 -128
864 16176 -160
736 16176 -160
704 16160 -416
800 16176 -464
832 16064 -208
720 16176 -352
752 16096 -96
720 16128 0
720 16208 336
560 16288 0
624 16288 0
672 16224 -64
560 16208 64
560 16240 -144
512 16176 112
512 16176 256
528 16176 0
608 16064 160
576 16144 128
704 16144 112
656 16064 32
896 16112 -64
912 16064 80
912 16048 -208
592 16048 -208
480 16128 -368
496 15984 -288
624 16032 -144
688 16016 256
688 16144 208
672 16144 208
800 16192 272
896 16160 80
784 16160 80
784 16128 320
704 16096 224
688 16176 208
688 16176 208
736 16176 208
784 16144 128
720 16160 224
800 16112 144
800 16128 272
800 16160 240
736 16144 128
736 16208 -384
608 16208 -384
784 16208 -224
784 16176 -48
736 16160 -64
576 16176 16
640 16192 16
640 16176 128
800 16176 128
720 16128 272
656 16176 416
768 16080 464
704 16080 480
656 16128 480
720 16112 320
720 16112 -144
720 16208 -144
816 16176 176
800 16240 160
720 16256 368
720 16304 352
688 16304 224
848 16144 224
800 16144 384
896 16080 384
768 16064 144
768 16064 416
624 16112 608
560 16144 208
672 16128 240
688 16128 240
560 16224 192
544 16256 128
544 16224 32
608 16208 112
656 16176 272
656 16160 64
688 16160 112
832 16208 112
672 16176 -32
592 16192 240
592 16224 16
592 16192 -160
608 16192 -176
544 16208 -176
656 16240 -144
624 16208 -144
640 16288 16
672 16256 112
640 16192 96
576 16224 -48
576 16224 32
592 16256 -80
656 16208 -80
608 16240 32
672 16240 128
720 16224 256
720 16240 288
704 16144 256
704 16144 112
800 16112 112
800 16176 -144
1040 16192 320
1072 16192 480
976 16128 320
976 16128 -32
848 16128 -32
800 16192 -64
816 16208 112
816 16224 128
832 16272 288
912 16192 160
848 16160 288
848 16160 80
832 16208 80
688 16192 -16
784 16160 -80
848 16144 32
784 16176 -16
784 16096 -80
720 16096 -32
704 16064 208
720 16064 208
736 16080 160
592 16064 176
448 16128 160
448 16096 240
592 16096 144
720 16144 144
688 16192 496
784 16240 304
816 16272 352
768 16192 480
640 16208 352
640 16064 144
640 16320 336
624 16208 224
752 16160 224
768 16176 272
816 16128 80
800 16176 16
736 16160 80
736 16192 384
752 16144 288
736 16112 48
736 16144 192
736 16144 272
624 16192 272
560 16160 128
608 16160 272
608 16144 576
624 16192 80
560 16192 80
624 16144 272
688 16176 528
688 16224 496
720 16144 608
720 16064 608
736 16016 560
736 16128 720
768 16128 720
752 16128 352
768 16096 416
768 16160 480
816 16064 320
816 16128 416
784 16128 368
768 16144 80
768 16144 208
800 16192 208
656 16160 320
736 16112 160
672 16112 256
672 16080 112
672 16080 16
720 16176 16
784 16192 304
784 16208 272
720 16176 16
672 16096 64
640 16096 64
640 16080 -112
736 16080 192
688 15984 192
656 16032 48
672 16080 32
688 16128 176
688 16224 112
816 16224 -160
880 16160 96
816 16160 240
816 16240 240
672 16208 208
448 16176 256
560 16192 336
560 16128 48
512 16128 80
576 16128 80
624 16144 48
608 16176 128
592 16096 176
688 16144 176
672 16048 304
672 16096 304
864 16128 304
800 16128 304
736 16144 128
720 16112 96
768 16112 64
864 16208 112
864 16208 -48
848 16112 -48
944 16160 96
832 16128 32
800 16192 -176
720 16160 32
640 16192 96
640 16064 80
720 16064 16
624 16192 16
576 16112 -256
560 16112 -16
592 16128 176
544 16112 384
544 16144 288
736 16208 192
736 16208 336
800 16208 336
784 16176 480
816 16144 304
784 16208 224
672 16192 208
608 16144 160
608 16144 16
752 16208 16
608 16128 144
752 16144 160
656 16176 16
592 16144 -144
656 16128 48
656 16176 560
672 16176 560
736 16208 432
688 16224 240
560 16192 416
608 16192 192
608 16160 240
608 16160 48
656 16192 -64
624 16208 -64
448 16080 208
608 16192 224
624 16192 32
496 16256 272
496 16176 320
432 16176 336
544 16208 336
528 16176 336
624 16224 80
400 16208 112
464 16224 176
672 16112 528
672 16112 432
672 16112 544
800 16048 544
624 16128 320
656 16176 432
592 16208 208
592 16192 176
672 16192 176
768 16208 208
800 16192 176
768 16128 304
688 16176 -32
688 16160 -64
720 16176 -256
720 16176 -224
752 16080 -160
640 16112 -160
672 16240 -64
800 16176 -48
592 16224 96
608 16160 -96
624 16144 48
768 16144 112
768 16192 144
832 16192 144
768 16240 -80
768 16240 128
800 16160 -48
800 16176 32
768 16176 224
624 16208 224
624 16224 384
592 16288 416
576 16224 416
544 16208 144
672 16208 144
704 16192 256
704 16208 192
592 16208 192
704 16192 240
720 16112 448
512 16112 352
512 16080 272
608 16080 224
688 16144 304
656 16144 304
800 16096 176
720 16160 192
752 16176 -64
688 16192 64
688 16192 48
624 16176 48
656 16208 224
656 16224 384
624 16176 480
576 16128 368
624 16176 224
672 16208 368
672 16208 384
736 16208 384
704 16256 240
656 16192 304
816 16064 192
800 16064 -16
800 16144 112
672 16144 112
768 16128 64
752 16112 64
752 16144 64
720 16160 128
816 16176 128
704 16176 256
704 16176 112
800 16208 112
688 16208 272
624 16240 96
656 16208 -16
656 16224 64
672 16224 176
640 16192 336
624 16160 128
704 16112 128
672 16112 256
592 16128 416
800 16112 16
752 16096 32
752 16096 240
688 16112 240
736 16096 144
688 16128 160
832 16112 48
800 16144 -80
784 16176 32
720 16176 0
720 16176 144
768 16160 144
640 16192 208
624 16176 48
656 16176 176
656 16176 320
736 16176 80
832 16192 80
704 16224 192
800 16144 160
752 16128 48
768 16128 224
688 16144 -208
688 16192 -32
688 16176 -96
752 16176 -96
784 16160 -368
720 16224 -96
800 16160 -32
752 16224 0
752 16112 -96
672 16144 96
544 16144 192
544 16144 304
560 16160 304
448 16160 336
640 16144 272
656 16160 288
672 16112 144
672 16112 128
784 16144 128
752 16128 288
768 16112 336
720 16208 304
656 16208 272
704 16192 352
736 16224 336
736 16224 96
656 16160 96
624 16144 144
672 16208 128
832 16192 64
832 16192 176
880 16192 48
752 16176 96
720 16144 -32
784 16096 -32
672 16048 176
736 16080 208
768 16128 192
768 16240 16
816 16240 256
736 16208 256
640 16176 -80
752 16144 128
704 16112 96
800 16112 240
480 16144 288
480 16208 352
736 16208 352
672 16256 144
592 16144 144
752 16080 0
656 16128 208
656 16096 192
768 16096 192
672 16112 80
592 16064 208
560 16144 416
