startup(x,y,z):(704,16128,176)
544 13136 -6592
-2448 12240 -4992
-5744 12240 -5888
-6080 13376 -5888
-4224 14368 -4672
-864 16480 -1520
1104 16992 -1200
1104 16720 -1472
1168 16720 -1472
448 16768 -1136
576 16208 -2112
1264 16224 -2544
1792 15968 -1424
1584 15920 -320
1584 16096 -208
1120 16096 -224
1008 16000 -224
976 15952 304
976 15856 -224
848 16048 -336
848 16112 -400
864 16112 -208
992 16128 -208
1056 16224 -432
896 16144 -192
736 16256 176
704 16192 400
704 16192 400
592 16112 400
560 16096 512
624 16192 736
768 16192 448
768 16096 224
800 16096 0
816 16128 0
880 16080 -112
656 16080 -208
688 16032 -256
608 16096 -16
608 16032 352
672 16032 352
736 16048 240
624 15968 80
768 16000 -16
768 16096 144
800 16096 -64
688 16160 48
832 16176 -1056
544 16160 -1056
704 16304 -976
304 16320 -1344
1040 16224 -544
1152 16064 208
1152 16064 896
1120 16160 896
1040 16032 1056
912 16032 1504
912 15968 912
1728 16304 2944
1728 16560 2784
-352 16432 2784
-1008 16016 -192
-1680 15936 -2480
-2112 16256 -3760
-816 16528 -3248
-816 16400 -1856
-176 16400 -1856
-48 16192 -928
560 16240 704
416 16160 1264
576 16176 2384
912 16064 1824
912 16064 1424
1120 16208 1424
1056 16208 1600
1024 16272 1824
928 16160 992
1216 16144 -512
1216 16144 -1712
1072 16144 -1712
992 16240 -1552
848 16272 -848
736 16304 -208
672 16304 -400
672 16304 -80
720 16304 -80
896 16272 672
768 16144 992
688 16112 1120
688 16080 848
688 16112 496
688 16112 496
576 16192 96
528 16272 -304
640 16144 -304
496 16176 208
496 16192 560
448 16192 320
544 16160 320
672 16160 464
624 16240 192
672 16240 320
672 16192 0
704 16192 0
752 16208 64
576 16192 48
624 16208 96
736 16176 96
800 16192 592
800 16192 752
800 16192 512
656 16192 352
592 16112 352
448 16176 144
464 16192 160
576 16224 -112
576 16272 -496
576 16272 -496
624 16192 -32
720 16144 160
656 16160 240
800 16144 448
800 16144 416
864 16176 416
688 16192 144
672 16208 400
688 16240 96
688 16240 -112
640 16240 -144
528 16160 -144
624 16160 16
672 16208 0
736 16144 192
848 16208 400
848 16144 576
816 16144 480
720 16144 480
768 16096 352
944 16112 64
944 16160 16
944 16192 -368
704 16192 -464
720 16192 -464
640 16160 -96
768 16192 96
800 16240 272
608 16160 560
608 16128 272
688 16128 272
672 16208 272
592 16272 144
656 16176 336
752 16176 176
752 16192 64
736 16192 -64
640 16240 -64
704 16256 -240
704 16272 128
656 16304 160
576 16336 208
576 16176 240
656 16176 464
608 16160 464
704 16176 176
656 16208 96
480 16224 160
480 16208 320
400 16208 128
576 16208 128
640 16160 144
528 16144 256
768 16144 400
768 16208 160
752 16208 448
704 16144 448
752 16224 64
672 16176 16
656 16176 224
656 16176 256
752 16176 352
752 16192 352
656 16144 272
592 16144 224
640 16192 128
640 16208 176
624 16208 96
768 16208 96
720 16224 -224
624 16272 -112
784 16208 -96
784 16096 16
752 16096 496
624 16096 496
608 16208 400
768 16224 304
784 16208 464
784 16160 288
832 16160 176
720 16192 176
656 16192 304
672 16176 176
656 16208 240
656 16192 208
752 16192 32
720 16176 32
688 16240 128
736 16208 192
720 16176 240
640 16256 272
640 16256 400
704 16176 400
608 16256 272
480 16176 224
480 16160 256
480 16208 144
624 16208 -128
608 16192 -128
736 16128 -128
896 16128 -96
816 16144 256
704 16208 128
704 16256 192
880 16256 192
864 16192 144
784 16208 320
832 16176 128
704 16304 224
704 16128 336
672 16128 128
672 16144 128
544 16176 80
448 16128 144
608 16176 176
608 16240 -80
656 16240 -80
624 16208 128
672 16208 128
656 16176 0
688 16224 112
704 16144 128
640 16224 96
656 16208 -32
736 16208 -288
688 16192 128
688 16192 304
736 16112 304
736 16176 352
688 16160 320
688 16192 240
704 16176 352
704 16176 496
624 16208 496
640 16224 48
640 16176 80
720 16208 -16
752 16176 192
752 16192 384
784 16192 384
784 16112 272
576 16144 208
704 16144 336
704 16176 240
736 16176 352
576 16144 352
544 16048 288
720 16128 208
768 16224 128
640 16224 128
640 16224 208
720 16208 208
752 16176 480
752 16160 128
720 16128 400
720 16160 432
720 16160 288
640 16176 288
656 16208 304
848 16208 16
720 16192 144
720 16192 32
704 16192 -64
672 16096 -64
688 16080 -48
592 16080 160
704 16160 112
704 16160 144
544 16176 144
544 16176 320
496 16208 -48
640 16144 240
720 16240 176
576 16176 240
576 16176 400
560 16144 400
768 16208 144
736 16144 192
720 16176 272
720 16160 272
720 16160 -240
784 16208 -176
704 16240 -48
720 16144 288
704 16192 240
704 16192 -16
704 16192 -64
688 16112 -64
720 16160 -112
736 16160 -48
752 16192 144
752 16192 224
576 16256 224
624 16208 -64
688 16112 -64
864 16096 16
752 16160 128
752 16192 288
784 16192 288
832 16176 176
768 16160 112
624 16128 -144
624 16112 -160
640 16112 544
608 16112 544
576 16128 352
528 16144 480
496 16240 256
496 16224 192
624 16224 112
864 16192 112
800 16080 32
784 16048 160
720 16128 80
720 16160 272
688 16160 384
784 16160 384
880 16192 208
800 16160 256
752 16160 288
752 16144 192
896 16144 32
1024 16176 32
832 16192 16
752 16208 -256
736 16192 -64
736 16160 -32
704 16160 -32
656 16288 -48
736 16112 272
672 16160 304
560 16144 208
560 16192 240
592 16192 368
576 16192 368
624 16160 464
656 16112 240
816 16096 192
816 16064 96
736 16064 192
784 16160 192
768 16144 144
720 16224 80
720 16192 32
768 16128 0
752 16192 -128
720 16192 -16
736 16144 -16
704 16144 16
672 16096 -208
752 16128 -192
752 16192 32
592 16192 32
656 16144 -160
704 16208 -48
608 16272 80
592 16192 80
608 16144 48
736 16160 208
736 16192 416
704 16192 416
560 16192 224
640 16192 224
672 16160 192
816 16160 64
816 16112 352
720 16112 304
608 16144 304
720 16240 336
784 16288 288
752 16160 208
720 16176 80
672 16144 16
672 16192 176
544 16192 176
544 16224 112
608 16208 192
672 16128 -16
736 16128 512
736 16112 432
752 16176 352
720 16112 128
656 16112 96
656 16112 208
496 16128 208
592 16224 32
720 16176 144
768 16160 208
512 16224 176
640 16144 256
704 16144 256
752 16160 480
640 16112 288
576 16128 336
768 16160 144
784 16112 192
704 16128 144
704 16128 368
752 16080 368
720 16080 304
768 16176 64
672 16176 224
672 16112 160
752 16176 96
624 16192 144
624 16160 560
752 16160 560
928 16144 208
928 16176 96
832 16176 16
576 16192 48
672 16208 144
672 16208 144
800 16176 128
912 16192 128
896 16160 224
736 16128 288
672 16128 224
576 16160 48
576 16128 16
576 16128 16
672 16176 128
640 16176 400
688 16112 400
720 16144 400
720 16144 160
656 16144 128
704 16176 224
720 16128 -80
656 16128 80
688 16064 80
848 16128 160
848 16208 240
896 16144 240
896 16144 320
704 16144 192
640 16112 192
656 16096 288
752 16096 240
720 16144 -96
768 16144 16
672 16208 -176
560 16176 -112
560 16176 64
560 16176 64
768 16080 96
688 16096 80
832 16080 144
912 16160 16
912 16160 -48
736 16208 -48
736 16176 160
736 16176 416
736 16128 416
688 16160 240
832 16240 0
688 16240 16
688 16240 32
784 16272 112
768 16256 112
816 16160 -16
816 16128 176
560 16144 176
656 16160 208
656 16192 192
688 16192 80
672 16256 80
640 16208 -176
704 16240 64
800 16320 80
800 16288 96
704 16288 304
656 16288 304
768 16256 160
816 16128 16
688 16144 16
736 16192 368
688 16208 400
688 16176 400
688 16176 496
592 16176 160
672 16176 160
736 16144 320
784 16128 80
752 16144 176
720 16224 -48
832 16096 0
832 16096 96
800 16112 96
784 16048 112
736 16128 336
672 16144 -16
624 16240 -16
624 16208 0
