startup(x,y,z):(752,16160,112)
624 11056 -192
2112 15808 1888
7296 19344 5584
8608 17904 2944
6976 18256 2944
2272 17904 400
816 18384 2352
464 15712 2112
416 15600 512
0 16656 224
0 16688 928
-64 16688 928
-224 17168 672
400 16784 -32
240 16864 320
80 16704 576
80 16480 1936
416 16480 2032
112 16496 2160
528 15232 1504
-1200 15232 -1008
-2272 15056 -1008
-3520 14944 -2304
-4032 15488 -3888
-2288 15952 -3936
-2288 15952 -3120
-320 16448 -2256
704 16320 -2256
1344 15968 -912
1056 16112 -352
592 16160 128
784 16128 336
992 16320 736
992 16304 1456
1136 16304 1456
912 16288 2624
784 16192 2384
688 16144 1024
800 16112 -16
800 16080 -496
624 16080 -416
704 16096 -416
608 16160 -160
704 16240 -208
704 16192 0
736 16160 -16
720 16240 272
720 16176 640
928 16176 640
800 16208 896
512 16208 576
464 16192 112
800 16272 -240
800 16224 -112
688 16256 352
720 16288 432
720 16288 256
944 16240 256
768 16176 400
784 16112 560
960 16144 448
960 16224 416
848 16224 144
784 16224 144
768 16192 -48
736 16208 -224
656 16208 32
752 16208 288
816 16128 352
832 16080 576
800 16080 320
832 16112 608
832 16112 352
912 16144 -160
944 16192 -16
848 16176 32
704 16256 -240
576 16208 -80
784 16192 -160
816 16064 448
816 16064 496
752 16064 496
752 16128 368
704 16160 160
704 16176 -48
816 16176 0
816 16176 80
832 16176 -96
752 16128 -96
672 16144 48
848 16176 48
832 16144 -96
736 16064 144
544 16160 432
640 16160 400
640 16160 208
880 16096 208
816 16096 176
832 16096 16
768 16160 -32
768 16176 -112
704 16192 -144
672 16176 144
672 16208 576
688 16208 576
816 16096 880
784 16192 640
864 16080 432
672 16160 -32
672 16128 16
656 16128 16
608 16272 160
736 16224 32
720 16224 144
672 16192 144
640 16080 128
656 16144 96
672 16192 16
672 16224 -224
800 16144 -48
752 16192 -48
784 16160 80
768 16128 -96
544 16192 32
624 16192 -112
592 16224 112
592 16128 128
640 16128 128
672 16192 -80
752 16176 128
912 16160 304
912 16160 288
912 16192 416
880 16192 416
880 16208 320
912 16176 400
896 16192 -48
816 16128 -16
320 16144 -288
416 16128 -304
416 16096 -144
400 16096 -144
448 16176 320
496 16240 176
624 16256 288
640 16160 160
608 16176 192
608 16176 416
688 16128 368
688 16160 304
688 16160 352
800 16160 352
768 16160 256
560 16096 -48
592 16144 192
560 16160 64
560 16128 208
512 16144 224
608 16128 112
672 16176 64
672 16176 -48
656 16160 -48
736 16096 208
832 16128 192
752 16208 240
704 16112 80
704 16160 256
704 16160 368
736 16208 368
656 16160 368
720 16176 368
608 16176 416
784 16192 416
768 16112 320
768 16096 464
720 16064 224
720 16064 144
816 16160 144
736 16176 256
800 16128 176
784 16176 128
848 16208 240
864 16176 176
880 16240 144
880 16208 336
736 16208 336
704 16176 -48
704 16224 64
880 16192 32
704 16208 112
704 16176 160
496 16176 352
576 16208 256
752 16208 288
720 16208 288
688 16176 192
672 16160 192
576 16096 208
656 16064 112
656 16064 272
592 16144 80
688 16208 80
688 16224 112
752 16224 16
688 16112 96
480 16176 96
576 16176 48
640 16192 -80
736 16240 -224
672 16144 -96
672 16144 -48
624 16192 -48
704 16112 112
784 16192 128
624 16160 96
576 16176 96
544 16144 80
672 16112 432
672 16160 128
640 16160 128
656 16224 -160
688 16192 -48
704 16272 0
608 16192 32
816 16176 160
816 16208 -48
736 16208 64
704 16192 0
688 16192 80
720 16192 80
848 16144 128
832 16128 160
672 16176 112
672 16176 400
688 16160 64
720 16144 64
720 16224 -32
704 16096 224
688 16112 176
736 16224 64
736 16272 48
640 16272 112
736 16176 112
624 16160 48
640 16080 48
656 16064 192
768 16112 448
768 16112 416
608 16112 304
672 16080 256
672 16144 256
688 16144 256
624 16192 -16
656 16176 -384
624 16272 -464
624 16208 -224
624 16160 0
688 16160 0
768 16080 240
720 16144 160
704 16128 272
736 16192 240
768 16144 288
672 16160 128
672 16128 128
528 16128 128
464 16192 224
544 16224 64
608 16240 -112
688 16144 48
784 16160 208
784 16160 336
800 16160 64
864 16240 96
832 16240 96
672 16176 96
736 16112 288
672 16128 -64
672 16112 -32
608 16112 112
592 16112 112
848 16096 128
736 16128 208
592 16096 272
688 16080 368
832 16128 240
768 16144 160
768 16144 160
736 16176 80
672 16144 -208
672 16192 -48
704 16096 176
672 16192 128
672 16144 112
640 16144 112
704 16224 80
672 16176 80
736 16176 160
736 16176 160
672 16160 112
736 16192 96
672 16192 -64
672 16208 0
592 16176 192
624 16176 192
464 16192 144
608 16192 176
656 16128 208
768 16160 64
656 16208 256
704 16192 80
704 16144 592
704 16144 592
608 16144 432
640 16224 -16
640 16208 -192
688 16144 256
688 16192 32
656 16192 -480
720 16144 -48
784 16144 352
864 16064 352
784 16176 176
816 16128 64
560 16144 288
672 16144 -16
608 16144 -16
720 16128 64
768 16176 0
800 16176 -48
688 16192 272
720 16160 208
752 16128 480
752 16128 288
704 16112 288
768 16144 272
704 16144 416
496 16112 352
496 16304 224
528 16304 208
512 16224 208
544 16272 368
576 16224 224
528 16176 272
448 16272 416
480 16288 272
576 16272 304
576 16192 256
624 16192 288
512 16160 288
656 16192 80
768 16096 64
928 16176 16
800 16192 80
784 16128 32
784 16176 0
704 16176 0
576 16176 48
528 16144 64
672 16176 -48
560 16288 112
560 16160 96
592 16160 96
768 16192 416
624 16160 192
656 16208 256
704 16176 160
704 16208 16
592 16208 -16
592 16144 48
576 16144 208
736 16112 208
656 16144 208
640 16096 224
688 16192 224
688 16192 288
672 16192 64
752 16160 240
656 16160 16
608 16192 16
560 16208 48
592 16160 176
608 16144 192
608 16144 144
720 16144 144
784 16144 64
672 16112 256
688 16112 192
688 16160 128
752 16144 176
864 16080 160
864 16144 224
864 16128 272
672 16128 272
736 16176 80
848 16192 112
784 16208 32
688 16192 160
688 16192 96
672 16048 96
720 16224 128
736 16224 -16
784 16208 -112
688 16240 160
656 16224 192
656 16192 656
656 16192 432
736 16128 432
832 16112 272
736 16160 176
672 16176 -144
768 16160 -16
640 16176 128
704 16160 240
528 16128 384
528 16160 160
576 16160 96
544 16176 96
592 16176 32
656 16288 48
688 16240 112
688 16128 208
704 16128 176
672 16176 176
624 16192 -32
640 16128 -32
640 16112 -16
720 16128 160
784 16096 272
784 16080 208
752 16080 208
688 16240 256
560 16128 96
736 16064 80
720 16144 -16
704 16128 48
672 16176 160
656 16160 16
656 16160 16
688 16160 16
624 16192 144
656 16224 0
768 16208 80
768 16192 96
768 16192 32
560 16128 32
608 16128 128
608 16080 240
720 16064 256
720 16144 128
656 16240 128
656 16192 64
656 16192 160
720 16240 352
656 16192 352
672 16160 240
736 16144 304
720 16160 240
752 16128 208
720 16144 176
704 16112 64
704 16112 160
496 16160 160
624 16176 -80
736 16240 160
720 16176 528
720 16208 208
800 16128 96
704 16192 64
784 16112 160
768 16080 176
704 16144 80
608 16224 48
624 16096 112
624 16096 32
416 16240 32
592 16192 -112
704 15984 288
736 16064 -32
784 16096 96
784 16096 -176
656 16144 -160
640 16224 0
640 16224 -16
656 16224 -16
784 16176 -256
656 16240 -208
512 16240 -272
512 16256 -48
656 16192 -32
608 16192 -32
560 16128 64
656 16080 192
688 16176 64
672 16192 16
768 16208 80
704 16208 192
704 16208 144
720 16208 144
640 16208 160
624 16272 160
720 16160 272
880 16144 112
880 16144 80
816 16144 224
752 16256 0
784 16256 336
704 16096 336
704 16128 240
816 16048 160
768 16112 112
768 16112 16
