startup(x,y,z):(688,16160,176)
7424 17312 7200
5472 18304 4128
2656 19456 3552
2656 20560 3232
-976 20560 752
-2768 18432 752
-1424 17344 1008
512 17296 1216
1552 16560 1312
1552 17104 464
256 17104 -176
-208 16896 -176
-288 16592 -272
832 16336 544
1504 16352 1696
1520 17120 2208
1520 17120 2400
1616 17088 2400
1984 18128 7280
1728 17648 4128
3328 16640 4288
3952 16704 1024
3728 16624 -1152
2928 16400 -2480
2928 16336 -3040
1712 16336 -3040
1248 16352 -944
640 16256 544
480 16112 720
736 16032 592
624 16032 528
784 15968 960
384 15984 1520
384 15984 976
48 15984 976
80 16128 720
112 16112 64
288 16000 -320
384 16080 -256
384 16080 -80
352 16064 -80
432 16176 -144
528 16320 -704
432 16336 -464
768 16256 -160
752 16208 448
752 16160 1024
864 16160 1024
768 16128 1120
672 16080 512
624 16144 -16
528 16192 -480
528 16160 -128
688 16160 400
544 16224 768
560 16176 720
592 16224 720
544 16160 768
592 16144 704
640 16192 192
640 16192 -224
704 16208 -224
656 16192 -304
624 16176 -320
688 16160 -448
768 16144 112
736 16080 944
752 16080 736
720 16096 736
624 16160 384
656 16176 240
688 16208 368
688 16176 256
592 16208 -96
544 16208 -96
688 16240 -672
656 16288 -544
720 16208 -240
704 16208 336
960 16224 432
800 16224 544
784 16224 544
640 16208 496
576 16160 512
672 16160 176
640 16144 0
640 16144 -176
608 16240 -176
704 16224 -224
736 16256 -192
560 16208 176
640 16176 480
640 16176 560
688 16192 560
656 16128 272
592 16128 48
816 16160 0
560 16192 -64
752 16176 -336
784 16160 -32
688 16144 96
704 16208 64
672 16128 256
672 16128 272
704 16096 272
672 16112 320
736 16096 224
640 16096 192
624 16096 272
624 16032 96
624 16032 96
720 16112 -32
768 16176 -64
768 16160 112
784 16208 64
784 16240 144
720 16240 144
768 16208 -144
736 16256 192
672 16256 48
688 16272 112
688 16256 144
640 16256 144
768 16176 128
736 16192 336
608 16192 560
672 16208 240
672 16240 -64
720 16240 -144
752 16304 -144
688 16288 0
768 16256 -176
512 16272 -64
688 16224 -32
800 16224 -32
736 16320 -112
832 16176 96
704 16176 320
592 16160 336
592 16176 448
608 16176 80
592 16272 80
576 16240 0
592 16288 -128
656 16224 208
656 16272 224
752 16272 176
752 16144 176
752 16064 112
752 16080 64
720 16240 48
720 16176 176
768 16176 176
832 16160 192
896 16176 96
848 16128 160
784 16144 0
784 16176 320
736 16176 176
880 16160 176
688 16112 256
832 16096 368
928 16112 176
928 16192 -16
768 16192 272
720 16176 272
720 16256 64
768 16256 112
656 16192 112
656 16112 160
656 16112 304
832 16144 304
640 16192 368
736 16208 240
784 16192 208
784 16176 352
784 16096 176
704 16096 176
736 16080 480
672 16224 160
608 16192 96
656 16192 192
656 16176 400
624 16176 400
720 16112 288
816 16128 160
800 16160 272
736 16160 176
736 16160 32
608 16176 32
608 16176 -144
528 16272 -176
576 16272 -112
576 16224 224
672 16224 112
800 16192 112
720 16176 304
672 16192 144
800 16144 256
720 16144 112
720 16144 208
512 16192 208
560 16112 48
704 16176 240
528 16160 32
528 16160 16
592 16208 80
560 16208 80
656 16160 -48
704 16080 80
496 16128 64
400 16128 80
400 16128 176
496 16128 176
704 16144 112
800 16192 240
768 16160 224
768 16160 320
688 16144 400
528 16176 464
720 16208 544
864 16160 336
736 16176 240
736 16144 -64
704 16144 -288
800 16160 -288
752 16176 -448
688 16160 -224
624 16192 16
624 16160 0
672 16160 96
544 16208 96
848 16224 208
752 16160 176
784 16128 304
784 16144 144
768 16144 144
672 16192 368
704 16064 208
736 16064 32
736 16064 368
704 16112 160
720 16112 160
816 16096 256
672 16064 176
608 16176 240
688 16144 224
688 16240 -32
720 16240 112
656 16240 112
720 16304 112
672 16176 -96
928 16224 16
784 16224 112
688 16224 224
640 16224 224
720 16192 192
832 16208 112
800 16256 80
624 16160 128
624 16160 80
496 16240 80
480 16208 0
528 16192 80
640 16096 128
640 16144 176
736 16144 320
848 16144 320
752 16112 16
784 16096 64
768 16128 16
800 16208 -32
800 16224 32
896 16224 96
912 16208 96
768 16144 208
768 16224 112
672 16176 160
672 16224 -80
720 16224 -80
608 16240 -16
656 16208 -16
560 16208 48
592 16192 -48
592 16240 -128
656 16240 144
672 16192 144
768 16176 192
816 16208 208
752 16240 320
688 16176 160
688 16176 160
480 16224 160
496 16128 32
592 16096 96
704 16192 48
784 16256 64
784 16256 32
784 16240 32
656 16224 128
736 16160 336
720 16096 192
720 16128 336
720 16128 304
816 16096 304
720 16176 272
688 16160 -128
560 16128 0
496 16112 128
496 16160 288
448 16160 288
688 16160 128
496 16144 128
496 16160 352
608 16176 352
608 16288 304
656 16288 288
672 16192 208
720 16144 112
688 16144 -64
736 16112 -64
528 16192 224
624 16192 432
832 16192 400
832 16192 224
720 16256 224
848 16240 64
672 16288 32
688 16208 144
800 16176 144
720 16160 96
768 16144 -32
768 16144 0
784 16128 0
832 16176 -64
784 16128 240
800 16112 160
800 16176 32
736 16176 128
608 16128 112
512 16096 96
608 16080 224
832 16176 304
816 16176 -32
752 16128 32
752 16128 240
784 16128 240
752 16160 256
720 16128 352
800 16160 112
624 16224 128
624 16160 176
512 16176 352
656 16160 256
752 16160 256
560 16192 128
560 16160 96
768 16176 112
736 16112 160
736 16112 480
640 16224 384
576 16192 384
768 16240 256
656 16272 176
592 16240 32
704 16208 48
656 16320 80
704 16240 32
704 16208 320
672 16208 320
704 16192 224
576 16224 128
688 16080 -16
448 16160 -16
656 16144 -48
656 16144 16
672 16080 -16
672 16080 128
672 16016 128
752 16144 64
656 16128 160
624 16128 48
736 16128 240
912 16176 96
832 16208 48
832 16208 224
768 16208 240
656 16176 240
640 16096 272
656 16176 288
736 16144 96
736 16064 128
544 16064 128
672 16128 208
784 16144 -32
720 16160 64
800 16128 128
752 16192 192
752 16192 192
624 16240 192
624 16144 112
624 16128 288
672 16176 320
768 16192 144
768 16192 112
896 16096 112
752 16160 -272
624 16112 -240
592 16144 32
656 16176 48
656 16096 224
704 16096 352
720 16128 352
528 16096 304
624 16112 144
592 16096 288
592 16160 144
736 16160 144
640 16128 240
656 16144 208
752 16096 128
816 16160 128
736 16240 -128
768 16192 32
672 16160 48
672 16160 304
800 16208 304
624 16128 176
560 16096 112
544 16144 -32
544 16160 144
512 16160 320
608 16160 320
640 16112 112
624 16160 176
560 16160 160
624 16224 128
736 16160 256
656 16128 64
656 16128 288
624 16096 288
688 16208 448
672 16144 640
768 16096 384
720 16080 384
720 16112 304
864 16112 208
672 16176 240
752 16176 240
784 16224 480
768 16160 432
816 16176 304
720 16192 240
720 16192 80
640 16176 80
640 16144 16
640 16176 48
608 16192 -64
592 16144 -112
672 16128 96
752 16144 144
752 15888 -96
816 16096 -96
784 16160 48
752 16192 176
640 16208 80
688 16208 384
688 16208 432
592 16208 432
768 16144 208
784 16208 208
720 16144 272
544 16144 208
560 16192 352
624 16128 352
624 16128 176
736 16176 160
656 16128 160
544 16144 32
592 16064 48
704 16096 128
752 16096 112
688 16128 96
688 16128 -128
720 16128 -128
880 16160 -64
784 16192 -176
848 16224 -288
848 16208 208
864 16160 64
784 16160 64
832 16160 16
912 16240 208
816 16160 80
736 16128 224
608 16128 320
656 16112 208
656 16112 0
752 16208 0
656 16208 80
720 16288 -48
768 16256 128
640 16192 -128
640 16160 64
544 16144 272
656 16160 336
656 16160 224
656 16224 224
848 16240 112
880 16224 32
784 16208 96
784 16208 160
