startup(x,y,z):(752,16160,112)
2096 16624 2288
1760 16272 1120
1936 16272 -48
1936 16272 -48
1312 16432 -496
880 16336 -704
880 16160 -1568
880 16128 -384
336 16128 304
16 16032 304
512 16160 1168
288 16112 1264
320 16144 1040
192 16112 640
560 16160 144
560 16192 -272
752 16192 -784
784 16256 -784
880 16256 -512
704 16192 -352
768 16096 80
672 16048 624
672 16080 848
608 16176 304
608 16064 -272
304 16064 -528
288 15936 -528
208 16080 -432
592 16176 -304
448 16304 80
448 16208 128
528 16208 128
432 16224 336
864 16208 320
768 16128 336
944 16192 272
1168 16128 608
1008 16160 144
1264 16240 224
1088 16240 -144
928 16304 -144
896 16208 -416
800 16240 192
768 16192 -128
784 16208 256
592 16208 -16
624 16208 112
528 16288 48
528 16224 -80
592 16224 -64
768 16224 -64
752 16144 -32
736 16096 -32
736 16096 192
768 16128 192
768 16128 384
640 16128 384
720 16144 256
816 16144 192
768 16144 224
672 16208 256
736 16144 224
736 16192 528
736 16192 480
624 16176 480
528 16176 400
688 16144 528
656 16176 304
736 16176 480
736 16208 448
816 16208 96
816 16192 256
800 16192 256
864 16128 96
784 16048 128
912 16064 208
912 16096 288
784 16080 224
784 16080 224
768 16128 144
736 16080 192
752 16160 480
768 16160 288
848 16192 352
656 16192 240
656 16192 192
832 16144 192
800 16112 0
560 16160 -176
560 16192 48
560 16224 96
624 16160 128
624 16112 80
672 16128 192
672 16112 160
560 16112 336
624 16080 336
784 16064 224
816 16096 240
592 16128 160
592 16096 144
432 16096 384
496 16080 384
704 16112 288
832 16192 224
656 16208 64
784 16176 16
672 16144 96
672 16080 -144
608 16080 -144
704 16096 -48
656 16096 64
864 16144 16
864 16160 -16
864 16112 -80
656 16016 -80
576 16080 144
448 16080 144
480 16144 160
592 16192 -304
608 16192 -240
768 16176 -256
768 16160 -240
736 16160 -112
816 16176 -112
688 16208 -96
720 16096 192
752 16144 160
576 16144 256
560 16112 272
688 16192 160
688 16192 176
608 16128 176
416 16128 176
592 16112 368
720 16208 160
800 16160 160
704 16160 -224
720 16144 -16
768 16128 256
768 16144 80
784 16144 -160
624 16208 -160
688 16128 -192
832 16144 -128
832 16128 64
832 16176 208
768 16176 208
624 16064 240
736 16176 480
608 16176 304
688 16208 96
592 16240 -64
624 16208 -160
624 16208 0
880 16112 0
896 16128 0
640 16176 -64
544 16224 -96
592 16240 16
592 16288 192
608 16288 304
528 16176 208
704 16176 208
640 16128 240
720 16128 352
704 16096 16
672 16144 64
672 16160 240
736 16160 320
768 16144 320
592 16112 336
704 16080 368
640 16112 256
688 16144 48
656 16144 96
656 16144 144
752 16096 144
736 16112 272
688 16144 416
544 16224 288
544 16160 256
464 16160 288
576 16176 288
496 16208 80
464 16208 96
432 16192 96
544 16224 16
432 16112 272
480 16160 16
592 16224 0
592 16224 -128
640 16192 -128
672 16208 -48
640 16160 -32
704 15984 -32
640 16096 0
656 16080 -48
640 16096 192
640 16096 64
736 16096 64
560 16256 80
704 16176 0
576 16160 -32
576 16128 64
640 16128 112
672 16144 112
816 16192 48
624 16176 176
672 16128 192
688 16112 32
816 16144 -96
656 16192 -16
656 16176 32
704 16176 -128
768 16224 -128
848 16176 -144
832 16096 96
592 16160 272
672 16192 288
672 16256 320
576 16160 240
576 16160 256
464 16192 256
672 16208 -32
544 16240 -80
528 16224 144
624 16224 -160
688 16192 -160
688 16128 96
784 16176 304
704 16144 288
752 16112 208
720 16144 48
672 16144 176
672 16096 160
784 16096 -32
784 16160 -32
624 16144 144
576 16176 16
544 16240 192
544 16192 144
464 16192 176
688 16224 160
736 16192 208
704 16224 208
752 16224 160
784 16176 304
688 16096 128
688 16096 336
560 16064 288
704 16128 288
576 16128 64
624 16080 16
656 16080 256
736 16144 112
720 16160 224
768 16096 304
768 16096 480
656 16128 480
592 16208 224
512 16256 224
608 16272 0
608 16224 128
576 16224 192
592 16288 192
656 16240 192
672 16192 112
576 16256 16
640 16192 128
608 16128 352
608 16064 256
736 16064 208
752 16048 208
704 16112 160
672 16192 256
688 16240 176
752 16224 16
752 16224 64
720 16176 16
784 16112 288
784 16176 96
672 16176 96
688 16112 144
720 16112 336
624 16240 160
672 16208 96
560 16144 80
560 16144 80
752 16112 80
768 16096 176
912 16096 176
848 16176 48
720 16128 96
832 16176 -32
832 16176 -32
784 16176 -32
800 16144 16
784 16160 192
784 16128 80
848 16144 80
864 16224 96
896 16176 160
880 16224 32
880 16224 144
816 16224 160
640 16240 160
720 16128 96
720 16096 -32
720 16112 192
752 16160 288
752 16160 144
768 16144 144
624 16160 240
560 16224 240
624 16208 256
368 16208 384
512 16128 208
512 16032 288
592 16032 288
608 16032 368
672 16128 320
736 16128 -32
800 16096 32
576 16176 -112
592 16160 -256
608 16240 -336
704 16224 -64
704 16224 16
480 16192 16
640 16160 32
704 16240 0
672 16240 -80
624 16256 -144
624 16256 192
704 16160 192
688 16192 -64
672 16192 16
672 16192 -192
672 16208 208
864 16208 64
864 16192 144
672 16192 272
784 16144 160
944 16208 -192
768 16192 0
800 16208 16
784 16176 112
688 16176 64
768 16144 0
768 16128 0
704 16128 0
672 16128 112
656 16176 240
720 16160 256
624 16224 208
624 16288 208
688 16288 112
624 16288 112
640 16256 448
736 16112 448
736 16144 416
800 16240 256
736 16160 48
736 16128 288
832 16128 288
752 16064 256
752 16096 224
784 16080 208
736 16208 240
752 16160 192
656 16176 272
768 16176 32
624 16176 96
624 16176 48
640 16272 48
752 16272 240
736 16160 400
688 16144 144
752 16080 48
752 16080 144
592 16096 144
576 16112 160
688 16112 160
816 16176 208
800 16112 480
912 16128 496
912 16128 288
896 16208 288
832 16112 176
768 16160 96
784 16128 208
816 16160 -32
880 16112 208
624 16192 320
848 16240 240
848 16240 512
1056 16144 512
784 16208 544
800 16256 352
736 16112 464
736 16112 576
768 16064 560
672 16064 560
608 16080 272
512 16080 -128
672 16192 -288
7408 21680 8560
2752 16160 768
-272 16624 -1712
-272 16624 -3168
-2944 16528 -3168
-4576 14784 -2544
-1472 17552 -1696
-1344 15936 -1872
-1392 16960 592
-1392 16560 1056
-1968 16288 -1680
1344 16352 -2016
1344 15552 -3104
1392 15552 -3104
1456 16128 -1216
2128 16160 1232
1472 15952 2288
1472 15888 2560
1808 15728 1648
1472 15728 1648
1216 15616 752
640 17584 8704
208 17792 4560
3936 18000 -1072
4544 18224 -1072
3008 17024 -3744
976 16528 -4896
-624 16368 -4144
80 16256 -496
80 16000 3008
-304 16000 3008
496 16320 2896
960 16272 1632
240 16336 1664
384 16192 1984
624 16320 3968
448 16112 2640
448 16096 1840
624 16096 -1104
416 16176 -1104
416 16240 -2224
320 16336 -1440
800 16224 -1408
800 16112 -160
720 16112 -544
784 16128 -528
736 16112 -112
768 16064 -112
976 16112 272
912 16112 1152
1152 16112 1312
1152 16112 624
1008 16224 -160
864 16288 -1088
720 16240 -1104
704 16128 -400
576 16096 368
496 16096 1024
560 16128 784
560 16144 592
576 16144 -432
784 16128 -352
736 16128 -496
784 16128 -608
720 16112 -320
720 16080 -240
736 16080 -48
736 16208 272
736 16176 656
640 16096 656
720 16176 976
544 16144 736
768 16208 320
768 16240 -112
752 16240 -112
736 16192 0
656 16256 -32
624 16320 -336
608 16224 -304
656 16144 -112
752 16096 320
736 16080 624
736 16080 848
688 16080 848
672 16096 960
704 16144 288
720 16176 -128
720 16160 -384
672 16160 -256
672 16128 -256
720 16160 -384
800 16144 80
720 16192 288
768 16176 336
704 16160 352
704 16192 720
688 16192 720
896 16016 416
768 16096 -128
640 16096 -480
656 16128 -512
656 16096 -528
672 16128 -112
560 16112 16
560 16192 384
