startup(x,y,z):(2304,16752,1680)
-720 15952 2272
272 15808 1952
800 15792 1552
1024 16064 2352
1024 16192 2816
720 16128 2816
464 16544 2320
992 16320 2160
1008 15792 2160
800 15696 2288
848 16528 3616
960 17200 3888
512 17296 3792
176 17040 4192
240 16928 4224
288 17008 4192
-224 17792 3680
-1152 18720 4112
-1280 18832 4704
-656 17184 5888
320 2384 5504
-448 12032 5664
-2416 16432 976
-2768 16288 1152
-1776 15328 1584
192 16304 2592
1072 15984 2656
624 15536 2464
128 15408 1808
-272 15040 1392
208 14752 1472
1520 15216 2208
1744 15088 1792
1760 14992 2320
1760 15040 2592
1008 15264 2848
576 15264 3024
144 15408 3200
-320 15792 4096
-1248 16032 4720
-1840 16096 4896
80 15968 5296
-304 15776 4976
-1248 15616 4272
-1520 15568 3936
-1232 15536 3200
-1056 15504 3184
-1040 15312 2944
-400 15312 2784
-592 15360 2896
-1200 15376 3312
-1888 15744 3472
-1904 15312 3808
-1008 15680 3328
4352 15456 5456
4720 15888 5584
1424 15936 3568
-1744 15248 1552
-2640 15168 2272
224 14864 3120
-352 15040 4752
1104 15872 4448
-1904 13584 6992
-1696 15792 4016
-384 15888 4016
512 16608 4896
1568 14592 4432
2304 14432 4448
1616 16928 3824
2064 17744 3568
1760 19728 944
1568 18272 1104
1280 16656 3680
-656 16480 4144
-1216 16624 4368
-1376 16672 4096
9936 16992 3424
128 17200 3648
-1264 15952 3600
2608 16416 1104
2608 16416 384
4816 14896 3344
6288 14496 3328
6336 13840 2880
5840 14032 1328
8544 13856 -2656
9840 11904 -2192
15264 13680 1040
8576 14544 3200
7136 14208 3936
6832 15312 3072
6016 15856 944
-4880 13840 10384
-528 16112 5776
-528 16016 4304
1792 15856 3136
2160 15888 2816
2672 16064 2064
2976 15792 1696
2992 15904 1888
3408 16320 3008
3616 16320 3040
3568 16176 2880
3392 16400 2832
3280 16592 2928
3440 16640 2992
3600 16496 3072
3760 16192 2912
4160 15856 2896
4544 15696 3104
4944 15504 2816
4960 15440 2544
4800 15616 2736
4784 15584 3072
5008 15504 2976
5152 15312 2576
5200 15088 1888
5024 14944 2000
4688 14384 2080
4464 13600 1632
4144 13264 1216
3456 12032 912
3424 11520 96
3008 11520 896
2032 11408 -320
1168 10992 -1088
2464 11776 -1632
2768 13312 0
-96 13328 3040
896 18848 7808
3552 25312 -1600
5744 25312 3072
6432 18064 2816
5856 15888 3120
6912 11968 6448
7312 4704 6944
5872 5184 1488
6544 17200 -1008
7088 15360 -4848
10800 17824 -2848
9536 16784 -3008
5984 17360 2208
3904 21040 1136
2784 22560 -240
3088 24080 976
4560 22768 -2016
4800 24704 624
4976 18352 -336
4704 14080 -16
176 20832 3040
2432 18384 3824
-1344 18512 7664
-7184 19152 2224
-2064 18816 160
416 18016 848
1232 17648 1936
1824 16864 2816
3056 17280 2400
3056 16512 1840
2928 16400 832
2848 16128 448
2928 15312 608
3184 15744 160
2320 17312 448
1808 15696 1216
2304 16544 800
2480 17088 208
2464 18080 112
1856 16752 544
1376 15904 -1456
1168 15904 -1456
2128 15168 -2752
1648 -6976 6944
1264 8800 2064
2192 9984 3600
2624 12416 3504
2048 14512 2432
432 15968 2400
1888 16336 2432
2384 16400 2208
2464 16560 1904
2544 15328 2352
2768 16288 1472
3232 16944 1008
1280 15696 1680
2816 17264 -528
6272 18496 -4240
9824 17760 10240
6128 13616 944
-11712 16992 -336
-20688 9216 -6352
1584 17456 2464
1584 21616 944
4304 18992 6976
2960 16464 2272
1600 16368 -1600
864 16544 -528
2288 14352 2480
848 15984 1936
1920 15920 1536
704 15680 1248
512 15456 1040
752 15824 1184
624 15936 704
224 15824 1168
48 14112 848
-3840 21248 6560
1472 19248 17984
2000 12208 2624
224 12784 2592
-2528 12304 -2768
-1952 14928 -11312
1312 23792 -2208
2928 22672 960
896 19920 336
1280 16112 1824
256 17440 4608
224 18624 6816
64 17536 3552
112 16736 1536
496 16320 624
480 16208 224
480 16128 352
512 16128 384
496 16112 416
560 16224 624
448 16400 912
432 16336 304
368 16160 16
448 16160 -144
256 16176 32
320 15968 -144
432 16208 400
192 16368 544
320 16576 1200
384 16400 640
416 16288 304
480 16240 208
448 16304 112
656 16320 288
480 16320 320
448 16288 336
480 16240 288
496 16320 416
560 16288 224
480 16192 288
560 16240 288
512 16208 -64
432 16160 304
496 16096 304
512 16224 96
512 16208 224
640 16192 240
544 16192 272
512 16256 256
480 16272 336
