startup(x,y,z):(368,16000,3360)
1056 18080 3424
896 17872 4048
768 16576 4704
768 17120 4384
2912 17664 1776
3392 17488 1648
1648 21984 3376
-640 23472 4688
-176 19200 6240
1584 17184 1328
2320 14832 -496
2208 12944 800
-3552 11136 -3216
-1264 9664 -5248
1040 8080 -5632
720 6144 -5456
-1392 5456 -4624
-2832 6736 -4464
-2320 8848 -4512
-1680 11856 -1952
-9136 5264 736
-1792 17840 3392
1392 15696 3200
1840 19904 5504
3488 19008 6880
3408 23312 5328
3136 23360 8048
2144 23200 3680
4192 18768 3344
4192 16016 384
3792 2016 -800
2704 10864 3888
-1744 16320 240
-1392 15712 1872
-864 14080 2000
-1264 13568 1824
-1168 12944 1104
496 13056 176
1488 13888 -176
1184 14208 112
1200 14512 368
1072 14992 1248
1104 14928 240
-1360 17760 2272
1040 17920 2336
1312 16992 3584
592 17184 3696
896 16992 3744
656 16640 3616
560 16416 3664
464 16368 3664
384 16224 3840
272 16208 3968
80 16336 3968
32 16544 3888
16 16480 4016
112 16432 4032
256 16464 4096
496 16320 4160
288 16240 3824
-96 16592 3664
160 16528 3632
688 16480 3248
944 16112 3456
192 15728 3200
608 14912 3536
528 15856 3424
400 15792 3328
624 15952 3456
560 16304 3408
320 16176 2720
64 16480 2720
112 16720 2768
32 16800 2320
128 15184 2448
208 14720 2656
64 14464 2416
-64 14400 2448
-160 14624 2592
-192 15248 2432
-352 14896 3216
-352 14320 3184
-288 13776 3056
144 13872 2624
112 14480 2752
352 15056 2976
592 16080 3360
2096 15664 6912
864 17648 5088
1120 16368 4800
1024 16464 4480
880 16672 4336
640 16448 3808
224 16224 3744
48 16208 3696
48 16112 3936
-96 15792 3472
-448 15424 3024
-528 15408 2864
-512 15568 2704
-608 15616 2656
-96 15552 2624
-128 15568 2704
-48 15552 2784
-160 15552 2720
-32 15632 2816
112 15712 3008
208 15776 3296
208 15904 3408
208 15936 3440
240 15936 3456
112 15808 3648
176 15968 3344
224 16048 3616
240 16064 3696
240 16000 3760
272 16064 3728
288 16064 3728
272 16064 3600
160 16048 3568
112 15952 3520
-32 16000 3408
-64 15904 3392
16 15872 3200
208 15856 3024
160 15840 3520
272 15856 3424
352 15840 3424
336 15792 3136
400 15792 3200
272 15840 3136
352 15824 3376
368 15904 3440
352 15936 3408
240 15936 3392
192 15856 3360
0 15856 3232
0 15888 3536
176 15792 3456
128 15840 3392
384 15792 3328
368 15872 3216
384 15776 3472
400 15744 3296
512 15856 3280
400 15856 3520
320 15904 3360
208 15856 3440
112 15872 3488
112 15792 3520
96 15936 3408
64 15952 3600
96 15952 3456
96 15936 3584
176 15936 3488
288 15920 3520
288 15888 3408
288 15824 3024
352 15792 3376
400 15808 3392
352 15808 3376
320 15840 3392
272 15952 3360
192 15872 3104
112 15856 3024
112 15872 3120
192 15840 3136
176 15856 3312
496 16096 3264
656 15920 3440
576 15920 3408
544 15856 3376
384 15824 3424
320 15824 3504
320 15728 3376
320 15648 3392
240 15776 3248
448 16176 3312
480 16128 3584
400 16032 3536
400 15968 3456
256 15936 3376
256 15888 3360
176 15904 3120
480 15840 3136
544 15872 3184
336 15888 3216
352 15776 3408
400 15840 3408
464 15888 3392
576 15936 3408
496 15888 3648
400 15952 3536
384 15968 3456
512 15968 3376
432 15936 3488
320 15952 3504
288 15952 3520
192 15952 3392
96 15856 3392
208 15840 3312
288 15744 3520
224 15808 3360
192 15840 3392
192 15904 3488
352 15984 3248
432 15872 3216
384 15872 3472
480 15840 3472
544 15888 3616
400 15936 3696
288 16064 3536
320 16048 3616
528 16064 3424
368 16000 3632
272 15920 3568
288 15904 3472
240 15904 3584
352 15888 3392
400 15840 3248
400 15792 3248
304 15776 3216
256 15728 3264
320 15648 3120
256 15696 3216
240 15760 3424
160 15824 3248
384 15872 3008
320 15856 3136
368 15888 3264
480 15984 3328
464 15984 3456
448 15984 3376
432 16016 3088
384 15968 3376
384 15856 3232
368 15904 3280
336 15888 3296
240 15856 3360
208 15936 3360
160 15920 3552
320 15920 3792
224 15856 3504
160 15712 3392
208 15568 3264
288 15488 3312
432 15984 3280
336 15920 3472
384 15936 3376
384 15888 3312
400 15904 3440
400 15920 3424
432 16048 3392
496 16048 3408
480 15936 3344
480 15952 3216
