startup(x,y,z):(-5024,15760,-1648)
544 16464 704
608 16208 608
1088 16352 592
1520 16400 1552
864 16688 928
32 17552 -848
-176 16544 1056
656 16672 1232
480 16432 336
0 16096 -48
0 17136 816
176 16944 128
144 16384 1216
320 17120 1680
80 16096 624
512 15936 384
576 16368 272
368 16032 -720
432 15744 -608
416 15904 -256
512 16016 208
176 15936 -112
176 15904 0
288 15984 -80
448 16048 -32
448 16144 352
368 16240 912
432 16272 864
336 16224 1088
272 16224 1056
208 16384 1120
272 16272 960
352 16208 624
512 16128 480
496 16096 560
432 16144 592
352 16176 624
336 16192 784
320 16128 784
288 16208 1232
224 16160 1088
96 16112 848
-208 16176 1120
1792 16352 -64
688 16416 336
720 16256 368
544 16208 784
368 16144 736
432 16160 832
400 16176 768
352 16192 656
352 16224 608
368 16240 768
352 16256 560
352 16208 864
288 16176 864
384 16192 752
464 16160 976
400 16208 912
464 16160 896
512 16240 1024
464 16240 1040
352 16304 1072
336 16256 928
320 16176 864
272 16176 832
464 16064 768
368 16192 880
464 16176 1040
544 16256 976
384 16224 832
272 16288 880
304 16176 960
-672 16432 2384
304 15920 112
352 16176 384
256 16224 816
256 16240 992
352 16192 688
352 16160 768
448 16224 800
480 16016 752
384 16128 592
160 16448 3536
0 16880 1920
-16 16048 -448
112 16240 400
208 16160 656
224 16288 992
160 16320 992
304 16160 1120
368 16160 928
272 16256 1120
320 16256 1120
352 16192 896
336 16160 832
336 16208 784
496 16224 1008
432 16096 704
352 16192 928
336 16192 1168
400 16176 1072
384 16160 1008
384 16256 1056
464 16400 1216
-288 16288 1120
384 16192 1616
-320 16608 1216
304 16704 592
224 17008 1040
32 16896 1344
208 16544 880
384 16272 1120
512 16112 1232
304 16128 1232
384 16128 1232
176 16128 1136
-64 16528 3024
-832 19824 4144
-3056 16336 112
-144 14896 -2544
32 14336 -2064
848 14672 -240
560 15696 1376
736 16096 1232
512 15856 800
304 16208 1584
336 15888 976
528 15824 1264
368 15808 1040
400 15840 880
304 15776 720
288 16000 432
272 15792 512
288 15824 592
320 15968 1104
480 16080 1488
400 15968 1600
272 16096 1648
304 16176 1872
256 16160 1664
48 16144 1792
128 16224 1648
144 15840 1440
352 15968 1552
448 15904 1472
240 15952 1488
336 16064 1680
160 16064 2064
224 16160 2080
304 16112 1424
112 16224 1472
-32 16144 1440
496 16048 1488
32 16128 1168
448 16032 1600
0 16112 1616
32 16368 1296
-128 16672 1488
80 16464 1504
32 16288 1440
128 16224 1584
336 16016 1488
176 16032 1328
432 15920 1312
400 15904 976
352 15936 1200
288 15888 1104
416 16000 1312
384 15984 1632
352 16080 1904
288 16144 1792
192 16336 1904
48 16320 1600
224 16208 1360
352 16176 1456
240 16224 1296
208 16352 1408
240 16608 1488
224 16848 1680
352 16640 1744
496 16400 1520
288 16480 816
336 16048 1232
272 16576 1120
-16 16192 1072
144 17168 1376
416 16912 1696
-80 16896 1696
32 16976 1424
320 17984 2624
160 18560 3424
288 19040 5536
4896 21072 25360
-1616 21056 24752
-5488 20768 18672
-6816 16736 12192
-7280 14352 4624
-5392 12608 -2816
5360 16 -20720
7424 7584 -23056
6992 14992 -22912
6032 16432 -20992
4032 15984 -17104
800 15376 -4848
-2176 15776 992
-3664 16928 5568
-3072 17184 7664
-832 16784 7872
1824 16048 5984
4128 15584 3248
5600 16032 -1680
5728 16032 -1680
4960 16112 -2928
3712 15984 -2400
-528 15920 -1296
-2176 15904 -336
-3168 15872 400
-3456 15872 640
-2960 15840 -240
-1408 15776 -1104
-528 15792 -1792
256 15808 -2400
896 15888 -2208
1072 15840 -2096
1056 15728 -1504
688 15824 -752
192 15920 432
-336 16208 832
-768 16320 672
-736 16288 80
-800 16464 -640
-640 16736 -1456
-416 16928 -2784
-112 17008 -2800
224 17008 -2544
80 17008 -2208
-224 16832 -1872
-656 16608 -1120
-944 16288 -1120
-1024 16032 -608
-576 15632 -400
-368 15680 -432
-336 15760 -544
-272 15760 -1248
-448 15808 -1968
-512 15776 -1968
-656 15904 -2128
-1184 16016 -2000
-1744 15824 -2096
-3120 15632 -2096
-3744 15472 -2224
-4176 15472 -2320
-4272 15200 -3024
-4016 16000 -3552
-2544 15120 3680
