startup(x,y,z):(592,16352,1200)
352 16272 1024
336 16432 1088
448 16320 1024
496 16240 1088
496 16160 1008
480 16144 864
656 16176 992
576 16144 1088
624 16128 928
528 16176 864
496 16192 928
464 16256 1008
464 16384 1344
272 16304 1184
352 16256 1200
480 16224 1120
448 16176 928
480 16144 832
544 16096 848
496 16128 912
480 16128 896
464 16128 1024
400 16288 1200
432 16224 1360
480 16224 1184
368 16192 912
560 16064 800
640 16096 896
592 16224 1136
320 16224 1440
288 16304 1168
320 16416 1072
400 16240 1120
400 16160 992
368 16160 1360
480 16144 1056
464 16160 1024
448 16112 1024
448 16208 912
576 16160 912
464 16080 1072
400 16160 928
464 16176 896
512 16144 896
480 16192 896
432 16208 928
496 16256 944
576 16160 976
496 16240 1136
480 16192 1168
384 16224 1072
560 16128 1072
448 16176 1008
384 16192 1232
320 16192 992
432 16160 1024
400 16176 880
736 15952 832
432 16080 800
528 16208 1088
448 16256 1072
368 16272 1232
320 16304 1120
352 16176 1216
448 16176 1088
400 16224 1088
352 16128 896
240 16064 960
400 16032 960
224 16112 928
272 16208 1040
288 16192 1136
432 16256 1168
464 16208 1280
464 16176 1376
448 16208 1248
512 16256 1120
448 16240 1072
528 16240 1280
400 16144 1216
464 16160 1088
496 16256 944
464 16224 1040
496 16224 944
464 16192 1136
544 16304 960
560 16224 880
544 16272 1152
496 16240 976
464 16224 1184
448 16192 976
272 16144 976
320 16128 976
352 16128 960
384 16128 992
416 16144 960
496 16128 1184
480 16176 1152
544 16192 1136
544 16240 880
464 16240 944
480 16192 736
432 16160 896
496 16160 928
464 16176 976
496 16176 1152
448 16144 1136
512 16144 1168
496 16208 1248
464 16192 1168
560 16256 512
928 16032 208
608 15984 720
464 16144 800
400 16144 1072
528 16176 1056
496 16256 1072
480 16272 1072
528 16224 944
624 16176 784
432 16176 832
432 16272 672
576 16288 640
576 16240 880
512 16224 960
544 16176 944
448 16128 1376
432 16176 1408
432 16256 1280
448 16144 880
480 16112 880
448 16160 896
528 16176 960
592 16272 1104
544 16224 960
448 16176 992
416 16144 1360
480 16176 1248
496 16256 1248
496 16192 1168
512 16224 1088
528 16144 928
320 16208 672
416 16256 992
528 16176 944
464 16256 1024
448 16304 1072
336 16256 656
624 16032 672
608 16032 1088
384 16192 992
160 16560 1328
288 16480 1120
400 16160 1232
432 16128 1088
480 16160 1184
480 16144 1536
448 16256 1392
352 16240 1280
400 16208 1168
384 16144 1168
448 16192 1168
416 16256 1104
384 16272 1104
544 16176 1152
528 16160 1152
480 16160 1216
576 16240 1296
496 16096 1104
656 16112 880
432 16256 736
400 16208 688
512 16208 912
512 16176 1216
528 16192 1216
528 16192 1120
624 16096 992
480 16096 1104
512 16208 1296
528 16192 1232
544 16176 1136
432 16192 976
480 16176 1280
480 16128 944
496 16112 848
448 16144 896
416 16080 1104
400 16112 1024
368 16160 896
384 16160 832
400 16144 1008
448 16240 1328
544 16368 1488
432 16256 1536
384 16192 1200
592 16176 1168
528 16192 1120
512 16192 1120
496 16192 1040
544 16176 1056
560 16208 816
592 16288 1056
592 16336 880
688 16144 864
544 16160 1008
400 16096 1072
448 16128 992
496 16144 944
448 16144 1280
448 16064 1280
480 16224 992
432 16096 1104
640 15952 1296
512 16016 1200
448 16064 1184
480 16144 1168
448 16176 1152
448 16160 1280
416 16144 1152
464 16176 1216
496 16288 1264
512 16272 1024
528 16240 1072
496 16192 1120
560 16304 1120
464 16160 1264
448 16160 1136
496 16288 1072
480 16256 1168
336 16256 912
432 16224 1040
416 16224 1424
464 16208 1216
528 16176 1232
448 16192 1280
688 16192 1184
592 16224 1216
544 16192 1120
432 16272 1344
464 16160 1120
464 16224 1248
480 16208 992
448 16176 928
560 16240 1056
688 16224 1136
576 16192 1136
528 16144 1216
560 16176 992
560 16256 1152
448 16320 1280
496 16304 1120
512 16288 1248
480 16240 1008
496 15968 848
1136 16272 640
752 16448 720
