startup(x,y,z):(3728,14768,-5200)
240 16688 1152
304 15824 944
928 15488 -112
704 14256 -1472
864 15008 -736
384 15216 -784
544 16112 1184
544 16112 1552
464 16736 1488
640 17152 992
448 16848 768
48 16624 736
-368 16976 848
-272 16160 272
-592 15680 -256
112 15504 -560
112 15504 -448
176 15984 64
416 16064 304
496 16208 704
496 16208 672
528 16256 848
528 16272 912
416 16176 496
496 16176 656
528 16160 608
416 16192 560
512 16160 560
464 16272 976
480 16320 864
368 16224 944
288 16256 608
320 16176 832
448 16384 1120
288 16368 1056
400 16368 960
512 16336 928
544 16144 576
544 16176 656
560 16224 832
560 16272 864
480 16304 704
368 16320 752
288 16256 1088
368 16288 1040
304 16432 1152
384 16368 992
448 16288 624
176 16480 624
432 16480 800
480 15936 112
480 15792 -128
432 15840 224
656 16016 512
576 16128 896
480 16176 848
512 16112 944
528 16192 1136
496 16176 1120
512 16160 1168
544 16192 1024
496 16080 1104
512 16096 800
512 16144 800
432 16144 1056
432 16160 1088
384 16192 1072
384 16208 960
384 16160 1264
368 16192 960
400 16240 1056
368 16240 864
352 16272 1008
304 16304 960
304 16256 1024
320 16192 928
288 16176 928
416 16112 1200
432 16144 1184
288 16192 1104
416 16160 1120
368 16144 1120
416 16160 1328
368 16224 1232
208 16240 1440
432 16240 1248
416 16192 1360
528 16160 1056
528 16096 880
448 16112 944
368 16160 736
464 16224 944
416 16192 1040
384 16112 1248
352 16160 896
464 16128 848
384 16128 960
416 16208 992
464 16128 944
384 16144 1056
256 16224 1088
432 16160 1088
336 16176 1232
352 16176 1104
528 16224 1088
480 16288 1072
480 16272 1232
272 16240 1024
576 16256 1008
480 16192 1232
464 16128 1152
528 16176 1088
432 16160 1088
416 16176 928
336 16208 1280
432 16144 1136
448 16160 1184
288 16400 2928
512 17120 2928
736 18272 5792
800 27328 5808
5280 25808 1872
4448 29232 -13904
2720 14096 12464
1328 18576 16576
1264 22000 7232
2240 17632 2896
1808 12128 -1456
512 10624 -6848
1376 8112 -8832
1120 4048 -10368
-320 880 -10368
-1856 -1424 -8448
-2096 -624 -7456
-1600 1168 -6528
-1312 3280 -6496
-1328 5280 -5600
-1456 6944 -4096
288 16080 2704
288 22048 4544
-16 24752 4608
-16 24400 3664
0 22560 2576
-176 21136 1728
-272 19152 1024
64 18192 736
-160 16560 352
1280 15472 -704
1760 14592 -2128
1344 12400 -2000
752 13200 -2800
128 13280 -2784
-480 12768 -2080
-1088 12880 -2064
-960 13024 -2288
-752 13008 -1952
-528 12864 -1024
-432 14944 -432
-272 15472 416
-432 14704 -1600
-576 14496 -1136
-592 13648 256
-1440 13696 -2720
-816 13744 -2736
-832 13776 -3456
-176 14208 -2640
624 14032 -3840
624 14032 -4224
1024 13840 -272
3328 15600 -2336
4112 15536 400
3232 15968 -4288
3968 17088 -448
3472 18912 2784
1712 18720 464
1280 17168 -2688
1504 17616 -1248
1104 17104 -1472
2048 17328 -5712
880 16496 -8304
1568 17392 -3600
1760 17408 -1600
1936 17328 -2592
2416 17456 -3984
3136 16768 -4096
2944 15712 -5040
3360 17184 -4416
2272 18896 -3888
2848 11696 -3888
3408 17568 -6848
4176 17296 -7280
4208 16432 -6832
4016 20496 -4752
4944 16304 -5968
4656 16640 -6032
4960 15648 -5600
4016 15232 -5872
3632 16384 -6560
3760 15616 -6720
3632 15296 -6400
3424 15216 -6368
3280 15168 -6224
2832 15216 -6032
2832 15216 -6336
2688 15136 -5936
2944 15216 -5840
3056 15280 -5760
3088 15136 -5696
3040 14992 -5664
3376 14976 -5296
3328 14832 -5424
3536 15008 -5216
3456 14880 -5168
3360 14688 -5200
3440 14688 -5296
4048 14736 -5200
4112 14800 -5152
4288 14816 -5216
4016 14736 -5264
3920 14704 -5056
4112 14736 -5024
4000 14816 -5344
3984 14688 -5312
3776 14816 -5552
3664 14832 -5360
3616 14816 -5376
3648 14784 -5168
3568 14784 -5264
3488 14768 -5120
3456 14800 -4928
3472 14896 -4992
3616 14896 -5024
3632 14800 -5008
3536 14784 -4944
3456 14896 -5008
3376 14976 -5232
3584 14800 -5344
3552 14896 -5328
3360 14960 -5280
3408 14992 -5168
3440 14736 -5344
3552 14768 -5264
3680 14720 -5440
3584 14656 -5280
3472 14800 -5520
3536 14624 -5360
3696 14864 -5424
3872 14816 -5536
3872 14816 -5616
3856 14928 -5632
3792 14832 -5552
3952 14944 -5488
4144 14832 -5504
4352 14832 -6016
4480 14768 -5632
4608 14688 -5520
