startup(x,y,z):(528,16240,928)
528 16288 1200
432 16272 1104
640 16128 1040
464 16192 1120
336 16224 1136
400 16208 816
464 16240 928
384 16304 1024
448 16336 800
640 16144 848
416 16224 816
192 16256 912
288 16272 864
368 16144 544
576 16144 736
416 16384 768
336 16256 608
368 16224 832
368 16176 688
416 16176 1120
400 16176 960
448 16176 832
464 16128 688
400 16240 656
496 16224 720
448 16208 736
400 16176 640
400 16032 736
480 16032 576
272 16352 672
400 16224 784
800 16720 528
512 16352 928
560 16256 816
480 16224 720
576 16224 704
592 16192 768
544 16208 912
368 16272 912
272 16192 752
304 16224 752
528 16224 800
480 16240 928
432 16304 1040
480 16320 944
400 16256 960
496 16256 1024
464 16176 944
416 16208 752
368 16224 864
480 16272 784
400 16256 1136
544 16176 1136
464 16160 624
496 16032 784
464 16256 816
240 16320 1088
400 16464 768
432 16464 768
288 16224 976
592 16176 912
336 16304 944
416 16256 1104
208 16352 992
240 16352 1024
448 16160 848
480 16304 1024
544 16144 960
512 16080 768
416 16320 880
112 16576 1184
480 16352 272
704 16384 640
320 16384 864
288 16544 1408
416 16256 1232
336 16016 1440
272 16224 1136
496 16304 1184
624 16176 1008
368 16064 1008
384 15872 1136
368 16144 704
512 16224 864
608 16144 816
400 16160 1136
256 16208 1216
128 15872 1360
96 16288 1216
0 16448 1392
32 16256 1104
560 16272 848
496 16032 672
368 16128 960
448 16128 800
816 15888 640
672 15840 672
560 16048 896
512 16208 960
544 16256 880
576 16256 864
608 16272 896
528 16272 896
480 16288 1040
528 16128 1280
592 16240 1232
576 16208 1056
512 16320 880
560 16128 880
528 16160 976
528 16208 1008
528 16016 944
448 16112 1216
432 16112 1136
576 16016 1008
464 16000 1072
464 16224 880
368 16304 848
352 16112 928
416 16144 768
720 16160 672
576 16224 880
496 16176 864
576 16192 944
512 16176 736
464 16144 896
400 16144 848
576 16144 848
432 16112 1040
544 16128 928
480 16288 1104
592 16224 1104
496 16224 1376
496 16272 1280
512 16224 1088
512 16256 992
464 16208 960
544 16192 896
528 16128 896
576 16224 912
448 16192 864
480 16176 816
496 16208 896
496 16192 864
496 16176 912
480 16160 720
432 16176 816
560 16208 848
512 16176 912
480 16176 928
448 16176 768
544 16224 816
528 16176 896
544 16320 656
416 16240 848
448 16192 912
480 16176 960
512 16160 848
448 16176 960
528 16144 1056
464 16160 1024
576 16128 1104
400 16208 1040
480 16160 1040
464 16160 1024
464 16192 992
416 16224 992
304 16320 768
336 16272 720
624 16224 880
480 16128 1200
576 16400 1008
512 16288 992
464 16384 896
512 16352 800
688 16288 960
624 16272 880
480 16224 896
448 16368 1040
464 16208 864
496 16192 896
384 16160 816
608 16224 848
464 16256 656
512 16352 672
608 16304 656
560 16176 800
368 16176 992
384 16144 1088
592 16208 992
576 16288 784
416 16144 704
448 16144 880
448 16096 848
560 16160 816
560 16208 784
528 16176 832
432 16240 1104
448 16224 1056
448 16192 992
464 16224 992
528 16224 992
560 16256 976
464 16240 992
464 16240 976
592 16240 896
464 16304 960
464 16304 1184
528 16176 976
576 16176 704
512 16192 736
464 16144 800
512 16176 960
432 16160 752
400 16160 592
432 16192 864
640 16224 784
704 16208 832
208 16240 800
464 16112 672
576 16096 640
304 16240 720
400 16496 1008
496 16160 1008
544 16192 976
304 16000 896
432 16080 1072
448 16000 1216
400 16144 672
320 16256 688
320 16128 816
352 16336 1008
352 16208 944
240 16352 880
272 16320 704
464 16368 624
384 16160 528
432 15872 1104
672 15872 992
480 15952 1040
400 15920 992
240 16160 768
480 15968 720
368 16256 784
432 16336 1056
480 16320 1184
480 16192 1136
480 16096 960
448 16416 960
352 16592 1008
400 16320 1280
480 16176 1088
384 16160 992
608 16256 1088
400 16208 1104
496 16224 960
