startup(x,y,z):(592,16224,1440)
752 16064 1104
448 16128 960
448 16176 1024
432 16144 720
432 16192 592
576 16160 768
496 16192 928
512 16208 912
528 16240 784
512 16240 784
512 16176 704
608 16208 848
624 16176 704
480 16160 880
480 16176 896
624 16192 928
592 16096 480
528 16096 496
320 16016 464
256 16176 736
416 16160 736
336 16304 848
224 16304 880
368 16192 1008
400 16272 912
432 16288 800
496 16240 816
576 16304 912
544 16320 848
704 16208 640
736 16096 704
896 16112 880
704 16176 816
384 16432 1152
240 16592 1024
528 16320 768
640 16144 1296
736 15824 320
752 16272 720
624 16208 880
624 16112 928
496 16208 880
592 16208 800
560 16192 752
400 16240 768
448 16160 960
448 16224 896
416 15952 1120
320 16000 864
720 15712 912
224 15088 1040
384 15632 1056
592 16032 944
544 16192 848
528 16160 912
496 16096 768
560 16096 1376
496 16208 1344
496 15760 608
496 15824 864
480 16176 752
528 16272 640
464 16304 800
448 16288 688
432 16320 992
560 16256 880
464 16192 944
544 16288 1168
560 16304 768
448 16256 656
592 16096 736
688 16192 816
592 16208 880
608 16256 864
464 16208 880
688 16128 1056
544 16160 1072
448 16160 1216
496 16128 1136
432 16160 1056
400 16112 1120
432 16096 944
560 16192 976
544 16272 992
512 16240 1104
352 16240 992
400 16240 944
448 16272 832
560 16384 1008
496 16192 1008
464 16176 992
512 16176 1120
416 16160 1024
448 16240 1184
432 16192 992
432 16224 1056
592 16288 992
512 16032 1104
544 16128 688
624 16192 672
480 16128 672
368 16192 784
416 16176 816
496 16224 1008
400 16128 1024
432 16256 1056
480 16240 1168
736 16336 1232
416 16368 1200
496 16368 1248
464 16448 832
448 16112 768
496 16048 1088
544 16144 1136
432 16160 816
528 16112 800
528 16144 944
544 16240 1056
592 16288 1104
528 16096 960
16 16304 1584
496 16064 1024
656 16112 1200
304 16224 880
784 16224 944
592 16240 784
688 16176 736
576 16320 816
512 16272 784
480 16368 640
224 16288 1168
560 16224 912
416 16016 1024
560 16096 1104
336 16144 928
400 16176 960
640 16144 1024
400 16176 944
608 16192 1120
480 16128 944
560 16352 1168
544 16192 1072
416 16240 1072
416 16304 912
592 16272 880
624 16320 944
560 16112 848
672 16144 944
576 16080 928
448 16128 896
528 16288 1024
496 16288 1168
432 16256 1184
512 16208 1312
448 16240 1088
560 16320 896
480 16160 1008
480 16208 1008
464 16192 1136
528 16128 896
496 16096 1168
400 16256 1072
416 16272 1200
624 16192 1008
496 16336 1216
512 16208 1392
272 16336 1392
608 16096 880
640 16112 912
624 16128 976
576 16064 1040
704 16144 1040
432 16144 1296
528 16144 1280
480 16224 1504
480 16144 1248
656 16272 1248
496 16384 1200
656 16208 864
592 16176 1152
432 16256 1104
640 16160 1040
688 16032 1152
448 16336 1376
496 16160 1424
864 15936 896
496 16128 1072
704 16080 976
528 16320 1360
576 16304 992
512 16240 1376
592 16128 1248
528 16160 928
624 16160 1200
560 16112 1344
1312 16320 1504
1152 16320 1408
480 16208 1248
128 16064 1008
320 16048 976
416 16224 960
384 16144 928
384 16160 1120
560 16192 1008
592 16192 1200
576 16192 1280
528 16096 1184
672 16160 1168
592 16048 1168
608 16112 1168
576 16224 1280
576 16176 1088
560 16160 1232
400 16128 1488
400 16096 1376
384 16112 1168
464 16176 1168
1312 15712 -96
1152 15632 1088
880 15712 1296
688 16176 1376
880 15856 1136
720 15840 1104
720 16000 1264
544 16192 1248
624 16160 1312
672 16256 1152
624 16208 1184
384 16192 1520
320 16128 976
176 16144 1136
320 16208 1232
320 16112 1392
720 16656 1104
704 16512 1040
400 16256 544
480 16336 1072
624 16128 1056
608 16192 1584
592 16064 800
1088 15856 512
880 16048 960
864 16128 912
912 16048 1040
656 16224 1056
416 16208 880
400 16272 752
480 16288 992
592 16208 1008
480 16224 1168
416 16320 1152
592 16272 1104
464 16240 1136
592 16272 1184
592 16240 1232
576 16240 1552
