startup(x,y,z):(160,16144,2192)
272 17856 1872
640 18528 512
-1072 15808 1472
688 16144 1552
-304 16400 1776
-368 16320 2016
752 18064 1616
1360 17632 1440
624 16720 1456
656 16272 1280
-640 15888 800
176 15424 -336
128 17088 -16
32 16624 432
3280 16432 1136
-112 17040 288
208 16480 -160
224 15680 -64
368 15808 -96
432 15680 0
432 15504 80
304 15648 848
544 15872 944
64 16288 944
512 16080 1296
336 16048 1152
192 15984 992
336 15936 1232
336 15952 1488
400 15936 1344
432 15904 1456
400 15952 1296
416 15968 1440
272 16000 1424
688 15936 1408
368 16000 1552
432 16000 1680
576 16112 1808
304 16080 1872
336 16080 1904
368 16016 1792
352 16048 1856
368 15984 1808
416 16048 1904
336 16224 2368
336 16176 2384
400 16176 2240
336 16144 1984
304 16144 2000
432 16096 2048
432 16096 1856
368 16128 1904
352 16080 1984
352 16144 1792
368 16096 1760
320 16016 1776
320 16064 1904
336 16096 1824
304 16096 1968
288 16064 2224
368 16064 2224
416 16000 1632
560 16000 1328
272 16128 2176
512 16320 2496
368 16336 2160
320 16096 1968
336 15984 1952
368 16128 2368
128 16160 2064
368 16048 2144
240 16224 2400
384 16288 2416
336 16272 2384
336 16176 2208
288 16096 2000
368 16080 1920
400 16080 1872
464 16080 2112
288 16032 2048
288 16000 1808
320 16000 1984
208 16064 2128
272 16080 2128
320 16000 2016
288 15952 1888
224 16064 1904
320 16208 2160
400 16128 2224
400 16224 2384
272 16224 2192
272 16128 2192
304 16112 2032
208 16192 2128
192 16144 1984
368 16144 1984
464 16096 1968
336 16112 2192
224 16128 2400
208 16128 2224
352 16208 2176
352 16176 2096
400 16192 2064
416 16080 1840
480 16144 2032
480 16144 1840
464 16064 1888
432 16048 2016
352 16080 2016
320 16160 2048
320 16128 2192
368 16064 2128
288 16112 2160
272 16144 2256
336 16112 2160
336 16160 2144
352 16096 2176
400 15728 2400
1248 15744 2208
544 15888 2224
352 16048 2240
432 16144 2208
240 16128 2048
240 16064 1968
352 16112 2032
560 16128 2080
432 16128 2080
400 16112 2016
336 16032 1760
400 16192 1760
416 16160 1776
400 16112 1776
304 16128 2112
288 16064 2032
352 16064 2096
272 16112 1808
352 16064 1920
432 16016 2000
240 16064 2048
304 16080 2080
288 16096 2064
304 16080 1920
320 15952 1824
352 16096 2128
272 16144 2160
320 16208 2096
368 16192 2112
288 16224 2192
256 16176 2000
400 16176 2160
224 16144 1968
208 16160 2176
352 16112 2112
544 16112 2000
432 16096 2064
960 16016 1856
-32 16000 1840
832 16000 2128
448 16160 2112
448 16048 2192
304 16096 1728
304 16064 1776
336 16064 1680
464 16128 1936
336 16176 1968
288 16224 1904
336 16208 1904
336 16144 1936
416 16080 2048
224 16096 2112
320 16112 2080
288 16096 1984
288 16080 1936
256 16080 2080
256 16096 2080
256 16064 1984
224 16096 2112
304 16112 2128
288 16064 2080
384 16048 2048
416 16096 2048
192 16160 2048
272 16160 1936
288 16144 2096
224 16176 2032
160 16080 2096
192 16080 2048
256 16064 2400
304 16064 2320
432 16096 2176
368 16080 2064
336 16064 2000
352 16032 1968
272 16096 2064
288 16016 2000
416 15952 2032
320 16608 1808
256 16432 1872
384 16320 1968
176 16192 2112
336 16144 1856
384 16096 2080
256 16160 1872
272 16192 1872
272 16144 1840
272 16128 1456
288 16096 1424
352 16064 1744
304 16112 2096
224 16144 2384
352 16192 2384
336 16160 2096
352 16112 2032
352 16192 2064
224 16176 2112
400 16160 656
368 15568 1040
416 15744 2112
368 16048 2336
416 16144 2432
384 16224 2256
320 16176 2064
336 16064 2032
480 15984 1456
-224 15952 1248
192 16000 1440
320 16128 1664
304 16176 1840
640 16256 1808
304 16352 1584
304 16240 1744
272 16016 1440
352 16176 1680
400 16304 2016
288 16288 2160
224 16144 1904
368 16032 1824
336 16080 1888
368 16128 2080
368 16000 2240
320 16112 2448
112 16176 2176
176 16272 2144
80 16208 1856
192 16176 1792
272 16144 1744
320 16128 1600
464 16048 1616
480 16128 1504
496 15984 1760
464 15920 1616
416 15888 1280
384 16000 1456
368 16000 1472
288 16112 1616
272 16176 1648
