startup(x,y,z):(256,16384,976)
448 16320 1104
512 16368 1008
432 16288 1040
512 16240 1056
368 16224 1088
624 16048 1008
496 16176 928
528 16160 880
544 16160 880
448 16208 928
336 16224 1280
144 16368 1792
160 16400 1328
560 16160 1552
448 16160 672
576 15664 496
512 16016 880
624 16176 1136
592 16224 1344
528 16272 1312
272 16304 1312
384 16160 1040
464 16128 1008
464 16160 976
528 16112 1008
512 16096 1200
496 16160 1152
496 16176 1120
912 16176 2176
512 16336 1952
736 16320 2080
640 16416 1472
480 16288 944
400 16112 624
480 16096 688
464 15984 528
496 15968 640
496 16064 848
576 16128 1008
464 16368 1344
480 16240 1376
496 16208 1168
480 16176 1072
512 16240 1088
448 16192 1152
464 16160 1104
432 16192 1104
432 16144 1312
336 16080 1376
624 16224 1344
544 16256 1392
560 16240 1504
544 16272 1360
512 16192 1312
512 16176 1168
560 16112 864
464 16096 784
576 16240 880
464 16240 1024
512 16272 1072
400 16272 1136
560 16224 1216
608 16240 1088
608 16208 1184
608 16160 1296
576 16128 1200
592 16000 1056
496 16448 1344
528 16272 1296
480 16320 1264
528 16240 1136
592 16144 1312
496 16144 1152
560 16064 1184
384 16080 1088
560 16032 1008
704 16048 1008
400 16160 1040
480 16384 1232
512 16240 1232
512 16224 1168
464 16256 1184
480 16224 1184
496 16192 1152
496 16176 1152
480 16144 1024
464 16224 1104
448 16160 1280
464 16144 1232
512 16224 1216
576 16176 1264
656 16128 1312
544 16128 1328
496 16176 1280
544 16192 1136
656 16208 1056
640 16240 1248
560 16256 1200
608 16176 1184
496 16176 1136
480 16064 1008
608 16080 1104
368 16224 1200
384 16288 1440
672 16176 1456
608 16256 1376
464 16816 2128
400 16672 2400
688 16448 2208
784 16432 1504
560 16160 704
528 16016 640
544 15872 544
496 15888 752
320 16048 880
368 16224 1072
432 16240 1392
400 16224 1472
448 16112 1472
448 16144 1408
448 16128 1248
576 16416 2016
480 16192 1840
512 16256 1568
512 16112 1360
608 16016 1040
528 16128 1136
512 16112 1168
528 16096 1200
448 16192 1376
544 16192 1504
576 16192 1440
528 16464 1776
752 16432 1632
688 16272 1328
304 16192 1088
496 15904 624
496 15888 800
576 15984 1008
496 16112 1264
336 16192 1456
480 16144 1376
544 16032 1328
624 16032 1472
560 16112 1616
544 16112 1408
416 16160 1504
480 16176 1360
528 16160 1280
592 16096 1024
704 16144 1024
544 16192 1248
720 16128 1456
688 16160 1664
656 16192 1568
560 16208 1504
528 16160 1216
448 16192 1472
592 16176 1280
544 16176 1152
512 16112 1136
560 16080 1152
560 15968 1232
400 15984 1152
400 15984 1088
384 16096 1328
752 16112 1232
1008 16240 1232
1040 16224 1408
928 16608 1040
512 16416 1088
416 16288 1264
288 16240 1328
352 16192 1200
432 16096 1088
496 16112 1040
-704 15984 672
416 15872 160
672 15824 -96
576 15872 240
464 15968 656
464 16176 1040
656 16224 1536
528 16432 1760
496 16544 1840
416 16592 1792
384 16656 1696
448 16640 1504
1024 16368 1568
768 16240 1120
208 16224 848
128 16048 816
192 16016 400
512 15920 432
608 15968 208
624 16096 672
96 16192 880
368 16224 960
208 16336 1040
288 16368 1008
240 16304 912
208 16256 832
288 16160 768
320 16176 688
240 16064 464
608 16144 800
48 16144 480
608 16000 592
144 16176 576
304 16240 976
384 16512 800
464 16512 1088
528 16608 1552
336 16528 1600
336 16432 1216
368 16336 944
448 16208 496
608 16160 368
544 16096 464
432 16096 144
448 16112 464
480 16144 464
336 16096 496
432 16192 752
384 16240 896
272 16272 1104
336 16304 1056
384 16352 832
432 16352 512
512 16288 400
560 16144 208
448 16192 96
464 16192 224
432 16256 320
544 16160 608
464 16192 656
304 16128 176
16 15984 -160
-32 16064 -288
576 16464 656
768 16576 1168
448 16480 1200
384 16368 1072
432 16368 800
384 16336 688
400 16336 576
448 16288 592
384 16336 576
480 16320 496
592 16272 368
512 16256 352
464 16240 640
400 16224 576
336 16288 512
368 16224 272
416 16224 416
