startup(x,y,z):(6912,14688,-1600)
352 16576 816
416 16608 1552
576 16768 1856
736 16960 912
672 15856 2000
400 18000 1184
-560 16880 1552
416 16448 1792
-288 16048 1232
80 16240 1184
288 15840 1392
288 15792 1328
704 15440 880
1328 16272 720
1392 16752 720
336 16512 720
304 15808 1680
1632 16560 2048
1184 16768 1792
2336 16960 1872
2544 16912 1968
-288 16128 1344
544 16240 1232
656 16336 96
432 16752 560
688 16896 880
224 16928 1312
816 17216 1360
80 17104 1360
48 17120 1216
-112 17184 1520
336 17824 1888
-176 17536 1904
-48 16928 1600
240 16720 1936
-32 16624 1088
-336 16624 336
2304 18384 -2368
1552 17360 368
-448 16080 2720
-432 15392 3600
320 15440 3856
560 15520 3104
1056 15232 3040
928 15392 2640
336 16016 2208
720 15904 2000
912 15904 2016
736 15888 2240
-560 16496 2784
-80 16208 2768
336 16000 2992
512 15792 2672
384 15472 2640
384 15408 2144
624 15296 2144
688 14624 896
-64 14272 1456
-224 15392 2656
-256 17408 2096
64 18992 2096
592 16400 1088
80 15968 1360
-432 22496 304
-864 23360 4960
-560 21536 3920
208 19488 3168
1248 18432 2624
2032 17872 2640
2304 16960 1504
2864 15104 928
3984 14832 256
4384 14768 768
4480 14752 496
4592 15120 -272
4832 15344 -656
4112 15360 -2960
4816 14944 -2224
3712 15248 -2992
4272 14800 -1872
4720 14384 -32
10096 14848 928
9328 15232 -48
8160 14368 208
6352 14608 736
6064 15088 192
5920 15232 -192
5664 15200 -288
5744 15168 -96
5600 15344 32
5296 15344 160
5344 15152 496
6016 14544 384
6064 14896 -320
6368 14896 -480
6048 15056 -224
6192 14912 -400
5984 14832 -624
6192 14976 -752
6128 14880 -496
6128 14928 -560
5952 15056 -656
5904 14848 -672
6080 14816 -752
6176 14736 -448
6144 14992 -624
6080 15504 -912
6272 15312 -800
6048 15040 -896
6208 14896 -784
6448 15200 -1008
6336 14864 -976
6432 15040 -1040
6720 15120 -1200
6816 14960 -1248
6448 14688 -1328
6896 14944 -1072
6784 15728 -1040
6672 15520 -1104
6688 15040 -2704
6656 14896 -2896
6352 15072 -2128
6448 14768 -1408
6224 14768 -1200
6384 15152 -864
6432 15328 -928
6368 15184 -992
6480 15344 -1056
6496 15440 -1040
6384 15456 -912
6528 15264 -1088
6480 15248 -1024
6672 15200 -1232
6768 15152 -1280
6832 15120 -1296
6736 15024 -1280
6464 14944 -1312
6592 15008 -1312
6464 14960 -1168
6592 14912 -1440
6576 14864 -1536
6656 14944 -1424
6528 14992 -1264
6528 14960 -1296
6576 14976 -1216
6560 14960 -1136
6320 14944 -1200
6432 14960 -1152
6544 14944 -1120
6592 14896 -1216
6384 14928 -1744
6336 14816 -1488
6368 14736 -1504
6112 14448 -1552
6320 14464 -1248
6544 15104 -1008
6544 15008 -960
6880 15152 -1728
6224 14704 -1856
6128 14896 -1296
6576 14896 -1232
6608 14864 -1152
6576 14864 -1376
6432 14912 -1296
6432 14960 -1328
6544 14912 -1408
6528 14960 -1424
6480 14880 -1552
6416 14928 -1440
6384 15024 -1440
6512 14976 -1312
6512 14944 -1344
6304 14896 -1280
6320 14816 -1136
6464 14800 -1280
6416 14928 -1328
6464 14912 -1344
6656 14896 -1344
6592 14880 -1424
6496 14896 -1408
6624 14880 -1328
6544 14880 -1392
6368 14928 -1504
6480 14960 -1488
6640 14960 -1488
6608 14928 -1536
6592 14960 -1392
6464 14896 -1408
6368 14912 -1520
6480 14832 -1312
6496 14880 -1552
6608 14928 -1744
6480 14896 -1408
6544 14912 -1568
6576 14848 -1280
6416 14960 -1248
6320 15024 -1344
6208 15024 -1296
5984 14960 -1120
5984 14848 -1008
6352 15264 -1072
6384 15440 -1424
6944 15888 -1536
6816 16480 -1744
6544 14864 -1872
6880 15040 -1840
7248 15504 -1920
7248 15072 -1648
6992 15248 -1856
7136 14992 -2144
6864 14848 -2096
6880 14896 -1840
6848 14752 -1552
6800 14736 -1648
7008 14768 -1600
6784 14704 -1568
6672 14736 -1472
6656 14800 -1232
6624 14816 -1408
6752 14736 -1664
6736 14832 -1744
6816 14880 -1664
6880 14800 -1552
6992 14736 -1632
6864 14736 -1600
6880 14720 -1568
6720 14736 -1488
6672 14720 -1408
6560 14688 -1680
6624 14704 -1456
6688 14704 -1392
6544 14672 -1520
6672 14832 -1424
6544 14928 -1344
6576 14960 -1360
6592 15024 -1424
6672 14896 -1376
6688 14752 -1504
6816 14720 -1616
6992 14576 -1680
6960 14416 -1584
6992 14416 -1472
7024 14320 -1440
7040 14288 -1488
7040 14352 -1552
7072 14320 -1728
6944 14448 -1744
6688 14688 -1600
6832 14704 -1584
6784 14672 -1616
6720 14720 -1472
6400 14864 -1728
6464 14688 -1728
6576 14688 -2016
6864 14720 -1856
6832 14768 -1792
