startup(x,y,z):(128,16016,1664)
960 16368 1168
400 16336 1072
272 16224 1056
464 16080 992
176 16080 1088
320 16224 1184
112 16384 1248
176 16736 1552
336 16160 1328
160 16400 1264
80 16496 1440
368 16608 1776
-80 16496 1792
1040 16960 736
928 16352 432
640 15248 576
544 15904 560
448 15984 624
784 15872 720
384 16048 944
384 16192 1248
400 15952 1072
320 16208 1280
368 16208 1680
384 16112 1552
448 16016 1344
432 15968 1232
432 15984 1120
352 16048 1136
368 16048 1152
320 16144 1216
384 16112 976
384 16128 1184
352 16256 1232
288 16208 1168
336 16192 1104
352 16160 1168
352 16192 1248
352 16176 1456
256 16160 1392
304 16096 1376
272 16000 1120
496 16112 1120
400 16160 1280
256 16192 1280
368 16160 1168
336 16064 1216
304 16128 1376
512 16176 1328
256 16176 1472
288 16224 1600
304 16144 1568
192 16208 1120
208 16160 1200
240 16160 1456
448 16160 1392
416 16176 1472
352 16176 1440
304 16192 1296
432 16080 1584
240 16160 1488
352 16144 1504
288 16208 1504
272 16176 1376
288 16192 1424
288 16192 1424
368 16176 1520
448 16208 1296
384 16256 1168
304 16176 1344
400 16176 1328
416 16112 1424
384 16080 1376
288 16096 1392
368 16080 1424
336 16192 1536
416 16016 1616
160 15952 1904
160 16096 1792
192 16320 1600
288 16416 1536
432 16240 1664
416 16288 1552
336 16272 1568
192 16304 1504
288 16224 1440
256 16160 1600
288 16176 1648
160 16144 1584
144 16128 1600
320 16016 1568
448 16048 1600
208 16176 1712
128 16128 1712
112 16000 1808
256 15904 1728
160 15824 1760
192 15888 1456
192 15904 1568
96 16112 3728
368 16512 2192
416 16256 1888
480 16144 1824
448 16208 1728
320 16176 1744
208 16160 1632
208 16128 1744
336 16208 1536
368 16080 1600
288 16064 1536
192 15984 1344
192 16000 1456
224 16032 1696
112 16080 1696
32 16192 2016
160 16160 1952
160 16224 2112
160 16144 1792
224 16096 1712
128 16128 1632
208 16032 1600
224 15984 1536
288 16016 1536
336 16080 1600
480 16048 1504
368 16096 1648
304 16128 1760
224 16144 1856
112 16208 1856
192 16192 2064
144 16208 2112
144 16192 1920
112 16176 1840
240 16096 1792
288 16032 1696
272 16048 1856
256 16096 1712
288 16112 1792
304 16064 1984
176 16144 2016
96 16176 2096
128 16272 1936
208 16176 1984
240 16112 2032
304 16144 1920
128 16160 1616
64 16160 1760
240 16112 1760
160 16144 1920
352 16176 1760
352 16112 1648
272 16064 1872
288 16032 1776
208 16032 1648
272 16080 1824
304 16128 1776
176 16112 1776
224 16096 1568
208 16096 1760
304 16064 1872
352 16224 1872
256 16240 1904
368 16224 1952
192 16176 1856
176 16160 1808
320 16112 1872
368 16128 1728
304 16128 1648
256 16016 1616
144 16048 1728
128 16048 1808
128 16128 1696
224 16192 1776
128 16160 1744
160 16160 1760
160 16128 1696
192 16112 1728
256 16096 1712
304 16080 1792
288 16080 1904
384 16128 1632
256 16128 1872
256 16080 1808
352 16128 1792
224 16112 1488
288 16080 1424
192 16080 1664
128 16176 1632
256 16208 1696
256 16192 1632
480 16192 1616
320 16208 1600
208 16208 1696
144 16080 2032
144 15984 1728
160 16160 1872
304 16144 1680
416 16144 1632
384 16096 1552
368 16128 1600
240 16048 1600
1104 16384 1488
592 16288 1440
224 16160 1744
432 16160 1744
368 16160 1776
272 16160 1856
288 16256 1792
400 16320 1856
304 16288 1616
288 16320 1632
416 16256 1632
400 16240 1616
272 15920 992
272 16128 960
432 16176 928
432 15984 800
480 15872 1136
656 15872 1456
384 16000 1424
320 16160 1296
176 16224 1264
304 16256 1360
384 16224 1488
304 16272 1568
336 16240 1472
240 16256 1536
336 16256 912
448 16176 1088
240 16176 1072
336 16144 1008
384 16064 896
416 15968 672
384 15984 592
576 16064 576
416 16144 432
240 16128 480
432 16016 528
144 16080 672
416 16288 640
176 15920 448
-624 14496 -880
1504 16016 -1424
2528 16656 -1360
2032 17312 -1040
1648 17072 -960
304 17472 1792
64 17984 3024
304 17696 3264
-416 20752 3104
320 14304 1696
-112 15728 -624
-48 16576 3712
1168 17104 5840
1056 16496 3904
288 15984 -304
