startup(x,y,z):(-496,16208,1616)
2704 15648 -912
2352 15520 -1008
1872 15520 -944
1424 15536 -1088
1056 15632 -848
752 15824 -768
576 16096 -1296
416 16272 -1952
288 16576 -1888
-112 16592 -1728
-544 16448 -1648
-1008 16240 -1296
-1424 16128 -832
-1792 16160 -960
-1856 16528 -864
-1968 16496 -624
-1984 16384 -672
-1968 16256 -576
-2048 16064 -288
-2048 16064 -416
-1856 16336 32
-1600 16688 656
480 16832 432
1584 16656 112
2112 16480 -160
2224 16368 240
2320 16256 -320
2336 16000 -224
2320 15776 -192
2336 15440 16
2208 15264 -352
2000 14928 -496
1904 14576 -864
1504 14400 -784
992 14384 -176
416 14528 -144
-48 14832 -80
-464 15344 224
-960 15872 32
-1408 16496 96
-2464 16880 0
-2768 17072 160
-2800 17328 288
-2960 17584 240
-3152 17760 640
-3152 17632 960
-3120 17168 704
-3248 17008 656
-2624 16784 -80
-2400 16352 -416
-2832 16080 -448
-2256 15632 -784
-1872 15296 64
-960 15344 -592
-960 15488 608
-640 15584 2032
-1008 15824 4128
-1296 16016 3920
-448 15728 560
-176 15648 272
-1584 15648 -32
-944 15248 1648
-944 15968 -160
-1184 14192 -96
-896 16512 -1088
-1520 16992 -704
-1936 16608 -592
-1664 16432 96
-1824 16336 672
-1904 16288 896
-2080 16272 672
-1872 16224 688
-1632 16240 464
-1472 16096 544
-1504 15968 208
-1408 15984 -16
-1440 16160 96
-992 16272 -16
-800 16256 240
-848 16272 688
-848 16192 688
-896 16288 624
-896 16336 720
-848 16112 624
-912 16128 704
-880 16048 336
-864 16016 448
-816 15952 528
-464 16112 80
-432 16240 -80
-656 16192 400
-608 16128 400
-752 16176 352
-688 16176 -272
-848 16128 400
-720 16032 528
-464 16048 112
-368 16048 112
-176 16128 144
-288 16144 -368
-336 16368 -288
-288 16432 -160
-512 16480 -224
-720 16576 528
-784 16576 304
-640 16560 816
-416 16624 704
-400 16592 640
-368 16560 768
-272 16512 720
-368 16224 704
-224 16144 496
-208 16064 432
16 15808 448
464 15648 448
624 15568 336
720 15024 160
48 14816 -288
112 15552 -1088
416 15744 -1200
432 15680 -656
-64 14880 160
-528 15056 -96
-640 15056 -96
-704 16000 272
-608 16112 256
-432 16128 496
-224 16208 880
-112 16336 1120
224 16736 1200
416 16912 1248
464 16928 1184
432 16880 1136
368 16864 1312
400 16640 1088
496 16544 1168
480 16416 1216
496 16368 1184
400 16352 992
368 16288 1072
272 16240 1056
400 16144 944
304 16160 1152
288 16128 1088
304 16192 1248
352 16256 1376
368 16448 1328
432 16432 1216
256 16480 1440
64 16256 1360
128 16112 1440
112 16096 1344
464 16224 1248
576 16384 1152
416 16448 1104
560 16624 1440
512 16608 1472
528 16448 1568
496 16240 1520
544 16144 1488
464 16144 1264
624 16112 1520
832 15968 1600
976 15824 1520
928 15744 1408
1120 15712 1616
1392 15824 1504
1424 16048 1424
1664 16240 1392
1504 16224 1312
1424 16080 1072
1360 15936 1024
1312 15776 1344
928 15840 1072
672 16000 1120
336 16208 1104
-48 16384 1408
-416 16528 1600
-800 16496 1808
-1248 16384 1936
-1696 16256 1952
-1600 16576 1440
-1792 16544 1392
-1824 16544 1328
-1824 16160 1984
-1872 15744 1776
-1824 15664 1472
-1328 15360 1472
-1136 15552 1200
-880 15584 1184
-608 15712 1168
-480 15840 1088
-496 16160 1232
-112 16160 1104
32 16208 1312
144 16288 1456
256 16400 1552
352 16544 1648
496 16576 1840
688 16352 1952
1120 17088 1184
1008 16544 1984
928 16320 3104
1024 16048 2496
1248 16160 2208
1360 16160 2384
1328 16384 2160
1440 16400 2192
1184 16256 2288
1360 16240 2176
1376 16112 2288
1376 15632 2640
1488 15472 2464
1376 15568 2272
1200 15744 2224
1072 15904 2032
992 16048 2080
1200 16048 1792
1296 15984 1792
1344 15968 1776
976 15776 1632
928 15680 1744
672 15696 1504
832 15888 912
672 15888 1280
656 15664 992
0 15696 2256
-80 15936 2096
208 16288 1408
320 16416 1088
288 16384 1104
-48 16384 2512
-496 16256 1728
-528 16448 1168
-704 16480 1888
-944 16432 2160
-976 16272 1872
-768 16368 1760
-464 16656 1472
-448 16848 1216
-528 16480 1680
-608 16192 1888
-560 16224 1792
-784 16016 1712
-880 15856 1680
-992 15584 1760
-944 16144 1648
-352 16288 1792
-256 16448 1712
-192 16480 1920
-144 16640 2080
-48 17056 1904
32 17072 2096
320 16816 2384
432 16704 2032
448 16880 2032
