startup(x,y,z):(-320,16160,160)
-1424 17264 656
-3424 15280 1968
-4576 14400 -640
-4576 14544 -5104
-8704 14544 -784
-8192 15840 -784
-5856 15712 -2048
-3824 15728 800
-2128 16576 1696
-1488 16288 -112
-1088 16096 -816
-736 16272 -304
-736 16528 16
-368 16528 80
-800 16112 80
-64 16448 1328
608 15936 656
32 16048 720
-496 16272 -2016
-496 16272 272
-128 16352 -880
-144 16352 -880
-688 16240 1312
-944 16384 1344
-432 16336 464
80 16160 544
80 16160 -704
48 16176 -704
112 16336 480
96 16336 -128
-16 16272 896
-96 16208 160
64 16192 -384
-48 16176 -608
-48 16176 240
-224 16272 240
-144 16096 208
-240 16224 672
-256 16256 784
-256 16288 192
-272 16288 112
-288 16192 112
-192 16336 256
-176 16240 160
-240 16160 -80
-176 16208 96
-272 16176 144
-272 16176 256
-304 16224 256
-240 16192 160
-208 16304 -64
-32 16192 16
-160 16288 176
-160 16176 384
-224 16192 176
-272 16208 208
-256 16208 128
-144 16176 128
-128 16160 -256
-256 16160 0
-224 16208 144
-224 16208 0
-304 16240 0
-432 16320 240
-272 16304 112
-400 16240 176
-320 16304 128
-320 16304 -96
-256 16208 16
-288 16208 16
-208 16224 64
-208 16224 -48
-96 16192 240
-96 16176 400
-80 16176 400
-160 16128 288
-64 16144 96
-144 16176 -112
-160 16192 192
-288 16208 208
-352 16176 208
-352 16176 144
-416 16096 144
-480 16224 224
-432 16240 48
-320 16224 -32
-320 16144 -192
-208 16144 128
-272 16208 128
-288 16240 144
-256 16192 -16
-256 16112 -96
-208 16112 176
-208 16080 128
-176 16080 272
-192 16240 272
-304 16176 144
-320 16192 128
-432 16224 160
-448 16224 160
-448 16208 224
-496 16208 336
-384 16160 400
-320 16224 96
-176 16224 64
-128 16192 64
-240 16144 208
-320 16208 0
-336 16240 128
-224 16144 32
-224 16144 -80
-224 16208 -80
-208 16304 -64
-256 16272 96
-336 16304 48
-320 16192 160
-464 16208 112
-416 16208 112
-272 16144 448
-176 16112 160
-224 16272 32
-240 16192 64
-176 16144 240
-176 16144 128
-144 16144 128
-144 16160 -80
-112 16176 48
-224 16240 112
-240 16160 336
-240 16208 272
-128 16208 128
-192 16208 128
-672 16352 -112
-752 16528 544
-528 16528 320
-272 16368 224
-512 16368 416
-368 16272 416
-432 16224 -80
-464 16272 240
-288 16144 224
-384 16160 384
-384 16240 -16
-544 16240 -112
-704 16288 -112
-384 16224 -32
-400 16320 48
-512 16240 -176
-432 16128 32
-304 16096 112
-240 16096 -192
-240 16096 0
-96 16128 0
-240 16144 64
-272 16112 -80
-64 16128 176
-64 16112 144
-176 16112 -16
-176 16192 -16
-320 16144 16
-448 16224 208
-144 16208 64
-160 16160 80
-160 16224 160
-224 16224 64
-272 16224 64
-256 16192 224
-208 16192 208
-208 16144 192
-208 16144 224
-256 16144 368
-320 16160 368
-448 16144 256
-336 16112 304
-416 16176 352
-304 16160 240
-304 16208 -32
-240 16208 -32
-384 16176 -32
-304 16240 32
-224 16240 48
-304 16224 80
-304 16208 208
-272 16208 288
-288 16192 288
-368 16176 496
-336 16256 224
-144 16224 0
-144 16128 32
-144 16128 384
-256 16112 384
-32 16160 80
-208 16176 64
-288 16160 192
-256 16160 64
-256 16160 320
-208 16160 224
-400 16160 192
-384 16240 192
-368 16272 -336
-288 16272 -208
-192 16240 -32
-192 16192 -48
-208 16192 -48
-256 16240 -144
-240 16272 80
-144 16208 208
-272 16208 16
-272 16256 32
-304 16256 208
-336 16208 240
-416 16224 240
-336 16192 208
-192 16176 48
-288 16256 64
-288 16256 320
-368 16208 320
-336 16176 320
-208 16192 352
-256 16208 128
-256 16192 144
-256 16192 176
-192 16160 208
-224 16160 96
-160 16128 96
-208 16208 352
-128 16144 352
-224 16144 288
-224 16144 80
-384 16128 80
-512 16192 -128
-432 16192 0
-480 16208 -32
-384 16224 32
-288 16224 272
-240 16272 0
-192 16112 64
-272 16256 208
-304 16256 160
-304 16224 368
-320 16224 416
-224 16160 416
-304 16208 288
-288 16240 128
-272 16256 0
-256 16208 128
-304 16192 96
-304 16208 128
-304 16208 128
-176 16224 112
-224 16240 -96
-288 16192 400
-224 16192 272
-224 16096 304
-192 16096 304
-256 16112 240
-352 16160 304
-256 16160 240
-208 16080 208
-464 16208 64
-272 16208 64
-400 16128 80
-320 16192 0
-272 16208 160
-304 16208 304
-304 16144 288
-272 16144 464
-208 16112 464
-160 16112 544
-224 16128 480
-128 16160 320
-144 16192 128
-144 16208 0
-32 16208 0
-144 16192 240
-368 16176 320
-400 16208 256
-368 16160 48
-368 16160 112
-256 16256 112
-176 16224 16
-112 16192 192
-176 16192 288
-320 16176 128
-320 16128 80
-240 16128 80
-240 16160 112
-304 16176 128
-304 16208 80
-320 16240 80
-320 16128 128
-256 16128 224
-224 16112 160
-256 16192 240
-224 16176 240
-256 16160 128
-368 16240 176
-336 16272 336
-336 16272 432
-304 16176 432
-304 16240 240
-320 16240 464
-512 16320 368
-288 16240 288
-288 16240 416
-208 16144 416
-208 16144 80
-208 16112 0
-144 16048 288
-128 16128 384
-128 16160 144
-144 16160 144
-208 16176 96
-256 16144 64
-208 16176 -64
-16 16256 128
-144 16256 192
-192 16272 160
-192 16240 -16
-128 16240 -16
-96 16144 -128
-224 16144 304
-384 16272 320
-384 16240 416
-336 16240 432
-368 16288 432
-416 16304 304
-368 16256 464
-320 16208 112
-272 16224 176
-272 16128 176
-144 16128 176
0 16112 0
-144 16192 240
-128 16224 208
-128 16272 64
-256 16272 64
-208 16208 192
-240 16224 208
-400 16128 256
-416 16144 144
-272 16160 272
-288 16240 256
-240 16224 240
-240 16224 304
-416 16272 304
-512 16224 144
-352 16144 128
-192 16192 -128
-208 16224 0
-208 16224 96
-272 16208 96
-432 16208 0
-432 16176 208
-176 16160 192
-240 16208 288
-320 16208 288
-384 16256 224
-480 16224 304
-512 16208 304
-384 16256 240
-368 16272 384
-368 16272 160
-240 16240 160
-112 16320 80
-112 16240 240
-240 16192 80
-144 16208 80
-144 16192 384
-224 16192 240
-256 16160 240
-256 16176 224
-384 16176 304
-320 16192 272
-320 16192 16
-192 16192 224
-192 16240 -144
-272 16320 -144
-336 16224 336
-240 16208 432
-192 16144 176
-192 16128 160
-112 16128 160
-176 16192 48
-320 16256 160
-256 16256 320
-80 16224 320
-160 16208 176
-160 16128 208
-160 16112 288
-208 16112 256
-336 16208 256
-304 16192 304
-304 16272 -16
-240 16272 -272
-240 16288 -96
-128 16288 -112
-112 16240 -112
80 16208 16
-144 16080 192
-208 16128 208
-208 16064 256
-208 16064 208
-208 16064 208
-464 16096 304
-368 16160 432
-384 16176 352
-368 16192 176
-224 16208 352
-224 16176 208
-160 16176 208
-336 16128 496
-480 16112 464
-352 16112 464
-288 16160 320
-32 16112 400
-240 16112 16
-144 16144 16
-176 16176 272
-256 16144 352
-256 16240 144
-256 16256 112
-256 16256 192
-176 16240 192
-160 16192 112
-208 16112 112
-128 16144 240
-208 16160 -96
-208 16160 160
-240 16176 160
-272 16176 144
-288 16192 432
-368 16112 112
-304 16192 272
-304 16096 160
-288 16176 160
-336 16192 160
-256 16192 160
-144 16144 144
-224 16192 176
-272 16176 16
-272 16192 144
-464 16192 144
-224 16208 -128
-208 16208 -64
-256 16240 96
-64 16192 96
-64 16208 0
-192 16208 48
-192 16208 288
-176 16224 288
-192 16288 272
-160 16208 272
-240 16176 208
-240 16176 400
-272 16176 144
-224 16224 176
-208 16224 208
-400 16240 -16
-512 16336 48
-384 16224 -32
-384 16192 -160
-368 16192 128
-320 16224 128
-352 16288 160
-368 16288 -48
-416 16320 -32
-384 16336 64
-384 16288 0
-176 16288 -16
-32 16272 -16
112 16224 -96
-144 16144 0
-96 16112 192
-208 16096 0
-272 16192 0
-224 16160 320
-304 16224 64
-304 16176 384
-304 16080 304
-224 16080 0
-144 16160 0
-160 16064 -16
-208 16192 -16
-160 16224 -224
-96 16240 -64
-224 16288 -32
-224 16160 192
-208 16160 192
-160 16160 176
-128 16144 -32
-144 16144 -96
-160 16096 208
-160 16160 48
-112 16160 64
-224 16160 224
-304 16192 224
-240 16224 256
-144 16160 0
-112 16144 64
-112 16144 32
-192 16192 32
-176 16192 32
-96 16176 -112
-160 16160 80
-96 16208 96
-96 16240 96
-208 16144 400
-336 16144 400
-352 16160 144
-400 16160 320
-400 16176 368
