startup(x,y,z):(-176,16144,160)
8704 13920 1552
10672 12384 -2880
9600 14176 320
9600 16080 2368
7264 15744 576
5088 15744 576
1776 14336 1152
1088 16016 2560
720 16304 1536
-656 16128 -2368
-192 16096 1056
-544 16256 144
-544 16256 784
-2320 16400 368
-2224 16096 368
-1680 16320 704
-1744 16448 -1104
-1120 16352 -2448
-1120 15952 -1312
464 15952 304
80 16112 304
-576 16160 1536
-416 16256 880
-160 16256 1152
-208 16400 -96
-96 16208 -656
-96 16480 0
-240 16464 2320
848 16496 656
1392 16256 448
1120 16048 -672
416 16000 -1808
-304 15920 -528
-768 16272 720
-768 16208 1184
-816 16208 288
-224 16176 288
-240 16080 16
-384 16176 -144
-272 16160 -112
-272 16240 320
-464 16240 480
-448 16192 480
-352 16224 112
-224 16128 192
-96 16208 656
-48 16128 464
-96 16128 336
-96 16176 16
-64 16176 16
16 16304 -48
-272 16240 0
-368 16208 272
-416 16336 352
-352 16448 384
-352 16448 -16
-288 16400 -144
-352 16336 48
-256 16256 48
-176 16224 336
-288 16240 304
-400 16288 336
-400 16400 80
-544 16400 64
-384 16272 -144
-304 16368 -144
-192 16368 128
16 16208 160
-288 16304 176
-272 16272 288
-272 16336 64
-160 16336 -32
-64 16288 144
-144 16208 144
-32 16144 240
-192 16176 160
-240 16176 192
-80 16176 144
-80 16224 448
-352 16224 448
-320 16208 64
-288 16208 64
-432 16144 272
-416 16160 240
-416 16176 128
-336 16176 208
-336 16256 0
-288 16256 0
-336 16272 192
-240 16160 -48
-288 16016 336
256 15984 240
224 16160 272
224 16176 288
80 16176 -288
-224 16160 -288
-304 16000 128
-320 16192 240
-336 16160 288
-224 16240 64
-224 16240 64
-112 16224 112
-208 16240 112
-256 16192 112
-336 16096 64
-256 16176 400
-256 16192 288
-256 16224 48
-224 16224 48
-256 16176 144
-208 16192 80
-304 16160 144
-320 16144 208
-320 16144 144
-416 16144 256
-256 16112 256
-192 16176 256
-320 16240 336
-256 16160 -160
-192 16144 -272
-160 16176 80
-160 16144 192
-304 16144 192
-464 16112 160
-384 16128 128
-288 16096 240
-416 16192 224
-336 16160 128
-288 16160 208
-288 16208 256
-272 16208 0
-176 16192 192
-240 16208 256
-240 16176 208
-272 16256 128
-272 16208 416
-256 16208 448
-208 16224 448
-112 16208 208
-208 16224 128
-192 16192 320
-176 16128 240
-192 16144 288
-192 16144 192
-304 16208 192
-336 16176 400
-320 16208 320
-288 16208 112
-288 16176 96
-288 16176 144
-352 16272 16
-240 16304 16
-192 16240 -64
-160 16240 32
-304 16176 320
-304 16192 128
-272 16192 128
-304 16176 224
-240 16144 -32
-192 16192 32
-336 16240 16
-336 16208 128
-352 16160 208
-352 16160 -224
-384 16176 -224
-256 16256 -224
-240 16192 -176
-336 16144 -32
-368 16128 288
-368 16160 -80
-256 16160 128
-144 16096 128
-256 16128 304
-320 16240 272
-320 16224 336
-336 16224 -32
-336 16192 -96
-352 16192 -16
-304 16208 -16
-432 16240 16
-304 16128 48
-304 16160 304
-304 16208 -176
-96 16208 -144
-176 16160 -144
-192 16160 64
-240 16176 112
-176 16128 336
-288 16112 464
-336 16224 336
-336 16224 448
-304 16160 448
-336 16208 368
-320 16176 224
-272 16224 176
-48 16208 192
-48 16224 320
-224 16208 176
-272 16208 64
-176 16224 64
-192 16128 192
-352 16256 80
-384 16256 -16
-384 16224 16
-208 16224 160
-208 16128 160
-112 16192 80
-96 16208 240
-384 16192 288
-304 16224 192
-256 16176 80
-256 16176 16
-272 16208 16
-304 16288 -96
-176 16160 0
-336 16096 192
-304 16128 576
-288 16192 480
-288 16192 160
-320 16256 160
-224 16192 176
-320 16224 -112
-304 16128 208
-240 16128 272
-192 16224 160
-192 16224 160
-64 16144 160
-128 16144 144
-176 16160 208
-192 16240 144
-192 16224 96
-192 16176 176
-176 16176 176
-272 16256 112
-288 16304 112
-256 16176 96
-224 16208 32
-368 16192 112
-272 16192 64
-272 16192 -16
-256 16192 -16
-192 16192 80
-320 16192 -16
-384 16176 16
-288 16208 160
-352 16176 112
-352 16240 112
-384 16240 -16
-288 16224 -16
-240 16192 64
-352 16176 176
-128 16256 80
-128 16176 96
-112 16192 64
-128 16192 64
-208 16176 160
-208 16192 368
-192 16144 208
-256 16224 48
-224 16208 80
-224 16176 416
-368 16176 192
-224 16176 192
-320 16160 368
-208 16176 64
-288 16224 128
-288 16112 144
-240 16112 144
-208 16160 48
-272 16176 48
-256 16208 320
-144 16224 288
-144 16240 256
-144 16272 320
-192 16272 400
-208 16160 400
-288 16128 208
-304 16192 192
-384 16304 288
-352 16304 256
-272 16272 128
-272 16272 272
-208 16160 272
-176 16112 64
-224 16208 128
-16 16144 208
-80 16144 48
-80 16176 144
-48 16176 144
-48 16064 224
-144 16080 240
-160 16144 144
-160 16224 160
-256 16272 -32
-256 16160 256
-272 16160 464
-176 16160 464
-208 16208 400
-176 16256 48
-208 16272 64
-272 16160 160
-272 16208 176
-400 16208 176
-336 16160 16
-352 16208 16
-304 16272 -16
-320 16208 208
-160 16176 16
-256 16208 368
-256 16208 352
-352 16208 352
-368 16224 96
-288 16176 -96
-112 16160 -48
-96 16144 -176
-240 16144 0
-240 16288 0
-416 16288 96
-192 16208 96
-224 16256 -112
-352 16256 48
-256 16208 48
-256 16256 80
-112 16256 320
-256 16176 320
-192 16256 48
-240 16256 224
-208 16176 32
-192 16192 144
-224 16128 -96
-224 16128 -64
-256 16240 -64
-224 16240 304
-256 16272 240
-272 16320 112
-272 16288 176
-272 16304 288
-304 16304 288
-304 16128 352
-256 16128 288
-192 16176 320
-288 16112 432
-240 16176 288
-240 16192 368
-256 16192 368
-288 16144 384
-480 16176 128
-320 16144 304
-256 16128 112
-256 16176 64
-288 16176 256
-352 16240 304
-336 16208 304
-272 16192 448
-224 16240 288
-224 16224 128
-240 16192 208
-240 16192 160
-256 16256 160
-224 16208 320
-256 16160 256
-384 16208 144
-384 16208 160
-432 16192 144
-432 16192 320
-384 16176 320
-304 16224 240
-304 16176 432
-304 16288 400
-304 16256 112
-160 16256 16
-144 16256 16
-176 16224 96
-192 16176 176
-304 16208 448
-240 16240 416
-256 16288 368
-256 16288 240
-448 16208 240
-384 16288 176
-176 16160 144
-192 16128 16
-192 16176 -32
-224 16176 144
-432 16240 144
-384 16208 144
-320 16208 224
-272 16224 160
-144 16208 384
-144 16224 432
-352 16224 432
-352 16160 304
-320 16160 304
-304 16208 448
-512 16224 144
-512 16208 368
-464 16208 368
-304 16192 80
-288 16128 192
-128 16144 -80
-80 16144 -96
-176 16176 48
-224 16128 176
-224 16128 400
-224 16096 400
-336 16080 304
-352 16256 48
-240 16272 160
-224 16288 80
-176 16208 64
-176 16112 192
-112 16112 80
-240 16208 80
-224 16240 -192
-304 16144 0
-176 16224 48
-176 16224 -16
-224 16176 -16
-288 16080 -32
-160 16160 112
-288 16208 272
-192 16176 240
-192 16240 224
-192 16192 336
-288 16192 336
-272 16240 432
-320 16240 656
-224 16160 512
-384 16160 416
-240 16144 160
-240 16144 208
-48 16144 208
-16 16272 464
64 16272 544
16 16400 320
112 16336 240
80 16240 -16
80 16240 240
16 16304 240
32 16272 720
-448 16048 720
-1024 15920 -576
-1872 15632 -704
-1872 15632 608
-768 15664 608
-400 16160 1280
-384 16384 1280
-784 16672 656
-400 16288 -272
-368 16160 -320
-800 16192 -416
-800 16080 112
-640 16080 192
-464 16144 192
-480 16160 768
-480 16080 80
-512 16064 -48
-368 16080 48
-272 16064 80
-272 16144 -304
-16 16144 -304
0 16176 -64
96 16336 224
-32 16224 208
-32 16176 320
96 16032 224
176 16032 -256
-144 16128 -256
-224 16144 -240
-304 16176 192
-368 16176 256
-368 16160 320
-368 16128 224
-256 16128 80
-160 16208 80
-144 16176 160
-80 16080 192
16 16144 240
-160 16192 640
-160 16176 480
-48 16208 272
-240 16208 112
-240 16256 112
-144 16320 96
-256 16320 288
-112 16288 256
-112 16240 368
-320 16240 560
-336 16208 560
-240 16320 384
-112 16176 208
-272 16160 -80
-240 16176 112
-256 16224 192
-256 16240 144
-224 16240 144
-336 16352 192
-352 16304 208
-368 16208 336
-272 16176 160
-272 16176 96
-400 16176 96
-320 16256 -80
-272 16240 64
-336 16272 144
-320 16256 400
-320 16224 656
-320 16208 288
-208 16208 176
-368 16272 176
-368 16224 336
-192 16240 -16
