startup(x,y,z):(-192,16176,96)
-4816 17680 656
-3760 20400 -4304
-4752 20192 -2336
-944 17456 -1328
-944 17456 672
272 17248 672
224 17296 1184
1824 16048 1856
3104 16272 -32
2336 15600 -2128
1184 15552 1936
1184 16384 368
272 16384 1952
-128 16288 1952
192 15920 1072
592 15792 -160
480 15936 -448
144 15968 -1472
-48 16048 -928
-48 16048 1168
336 16464 1168
-400 16384 1408
-576 16256 288
128 16144 656
640 16160 -384
-112 16112 -864
-112 16112 80
-208 16192 80
-192 16256 896
-1392 16432 2224
-1712 16832 192
-768 16544 -1856
272 16000 -1824
-128 15840 -1552
-128 16080 880
-1056 16080 880
-1520 16544 1632
-1504 16400 864
-640 16336 160
-128 16256 -96
-192 16256 -832
-112 16288 -832
-208 16224 80
-320 16208 192
-416 16336 752
-368 16448 -208
-160 16224 -288
128 16048 -736
128 16048 -320
-208 15824 -320
-464 16000 608
-368 16144 464
-272 16224 352
-240 16224 -48
-240 16224 176
-144 16112 176
-192 16160 -352
-320 16128 192
-208 16208 176
-320 16160 128
-224 16224 -32
-224 16096 48
-144 16096 -112
-80 16192 -112
-400 16128 176
-560 16240 608
-384 16304 304
208 16080 -336
256 16160 464
256 16448 336
464 16448 336
336 16176 352
176 16304 496
-16 16160 432
-16 16128 432
16 16128 -240
112 16096 176
-80 16160 176
-208 16096 272
-224 16144 384
-336 16256 192
-352 16128 224
-352 16224 256
-240 16224 256
-352 16240 336
-128 16304 128
-48 16288 352
-176 16304 352
-176 16272 400
-304 16272 400
-352 16272 224
-432 16224 320
-256 16144 192
-272 16144 176
-240 16176 192
-416 16224 304
-416 16224 272
-416 16224 272
-384 16192 224
-272 16128 -16
-160 16144 -80
-128 16208 208
-128 16304 400
-224 16304 192
-256 16304 64
-464 16288 64
-384 16208 112
-256 16144 144
-256 16144 176
-256 16208 320
-256 16160 272
-384 16160 64
-368 16192 64
-320 16224 288
-288 16128 192
-208 16112 128
-208 16160 -112
-208 16160 16
-208 16160 0
-352 16176 0
-208 16176 80
-304 16192 592
-272 16176 464
-224 16224 224
-224 16192 192
-256 16192 192
-240 16192 112
-320 16192 208
-288 16224 224
-320 16256 464
-272 16288 352
-272 16240 272
-352 16240 272
-336 16192 288
-368 16224 288
-304 16208 272
-256 16144 240
-192 16208 208
-192 16176 112
-192 16160 48
-48 16160 256
16 16176 256
-192 16176 384
-336 16208 416
-336 16256 192
-416 16256 288
-448 16208 288
-320 16176 320
-224 16192 320
-256 16176 224
-208 16176 288
-208 16192 320
-208 16192 -32
-160 16192 -32
-272 16256 128
-240 16224 144
-240 16176 32
-304 16208 272
-288 16176 176
-288 16144 336
-272 16144 48
-144 16208 48
-128 16256 96
-112 16208 272
-208 16192 384
-288 16144 96
-288 16176 256
-288 16176 80
-304 16128 80
-352 16240 176
-256 16224 112
-432 16192 208
-528 16176 208
-528 16224 208
-400 16208 16
-400 16208 192
-416 16224 192
-224 16176 288
-224 16160 240
-240 16112 16
-240 16160 256
-272 16160 368
-288 16240 368
-256 16160 288
-208 16160 400
-80 16192 240
-192 16176 192
-192 16176 112
-240 16176 128
-288 16160 128
-176 16176 256
-240 16208 192
-288 16240 0
-288 16240 128
-512 16192 208
-368 16192 208
-208 16224 112
-304 16208 320
-304 16320 304
-256 16208 16
-256 16208 128
-96 16224 128
-256 16224 -96
-224 16208 -128
-112 16144 16
-288 16112 160
-320 16160 192
-320 16160 112
-384 16096 -48
-384 16176 -48
-224 16176 208
-208 16192 320
-336 16176 96
-192 16144 208
-192 16144 144
-368 16224 144
-336 16224 144
-160 16272 400
-208 16272 128
-208 16336 384
-240 16272 352
-176 16352 272
-176 16304 464
-304 16304 464
-320 16224 96
-384 16208 -48
-432 16176 304
-208 16144 272
-176 16160 288
-176 16176 480
-320 16176 480
-288 16224 192
-400 16176 384
-304 16192 528
-320 16208 400
-272 16256 112
-272 16208 -176
-144 16208 -176
-224 16240 160
-144 16176 0
-224 16080 208
-416 16080 160
-416 16112 16
-272 16112 16
-256 16144 112
-272 16144 112
-240 16176 96
-144 16144 0
-144 16160 96
-160 16176 -16
-160 16176 192
-320 16144 192
-336 16112 96
-304 16128 208
-192 16144 176
-224 16128 128
-240 16224 272
-240 16256 -48
-256 16256 -48
-112 16128 224
-256 16112 48
-288 16080 224
-288 16080 256
-272 16080 256
-240 16144 176
-288 16208 176
-336 16208 176
-352 16208 64
-368 16208 -16
-352 16160 144
-352 16240 16
-256 16240 -240
-272 16240 -256
-128 16224 -208
-128 16256 -80
-224 16192 80
-224 16176 160
-160 16176 160
-32 16144 -32
-64 16144 -80
-112 16144 -128
-144 16208 48
-176 16224 80
-256 16192 320
-256 16192 368
-288 16112 368
-32 16240 0
-192 16272 80
-208 16208 -16
-240 16256 64
-240 16256 -80
-272 16240 48
-256 16192 48
-272 16224 256
-336 16064 304
-368 16192 416
-384 16192 96
-384 16208 112
-496 16208 80
-352 16176 80
-432 16192 272
-480 16176 384
-336 16288 208
-256 16272 272
-192 16192 464
-192 16256 96
-192 16256 304
-336 16192 304
-224 16160 160
-240 16160 -96
-160 16208 128
-304 16176 160
-384 16240 640
-384 16256 432
-448 16256 688
-368 16144 464
-432 16208 464
-272 16240 240
-208 16272 176
-208 16272 64
-240 16272 64
-336 16320 64
-288 16192 112
-336 16208 16
-288 16144 304
-240 16176 336
-400 16192 128
-400 16160 -96
-256 16160 -48
-240 16144 -48
-176 16208 192
-128 16176 112
-176 16080 112
-176 16080 224
-128 16096 160
-80 16144 160
-128 16128 144
-144 16272 32
-128 16192 368
-176 16256 -64
-176 16192 -64
-96 16192 -64
-192 16112 400
-304 16160 464
-288 16096 496
-208 16032 384
-192 16048 176
-192 16016 272
-160 16016 272
-288 16128 208
-208 16176 208
-208 16208 352
-288 16256 336
-368 16192 192
-368 16176 336
-368 16176 336
-272 16256 240
-336 16208 256
-192 16192 64
-224 16240 32
-272 16304 112
-272 16256 160
-336 16192 96
-144 16192 112
-176 16240 112
-160 16256 -176
-288 16240 32
-288 16240 112
-208 16240 288
-192 16208 288
-80 16192 336
-192 16176 176
-112 16144 -16
48 16192 -32
0 16208 -224
0 16160 32
-144 16160 32
-256 16144 64
-144 16144 160
-208 16144 288
-176 16192 320
-176 16192 208
-368 16224 208
-352 16192 464
-368 16160 352
-352 16224 112
-320 16224 176
-272 16256 -32
-272 16224 -32
-432 16224 -32
-400 16256 32
-368 16240 176
-288 16272 32
-336 16224 144
-352 16192 176
-336 16128 160
-336 16128 64
-256 16160 112
-192 16192 112
-240 16224 256
-96 16192 192
-336 16176 112
-336 16144 400
-336 16144 400
-256 16224 112
-256 16176 128
-192 16096 16
-256 16112 0
-336 16176 96
-336 16192 48
-288 16208 0
-288 16208 64
-240 16288 64
-192 16240 272
-176 16224 160
-128 16272 96
-128 16208 352
-288 16208 512
-352 16256 512
-352 16288 512
-272 16144 480
-288 16144 16
-224 16240 64
-224 16256 -32
-224 16256 192
-176 16224 192
-304 16128 -16
-320 16160 288
-240 16160 144
-272 16160 352
-272 16128 448
-288 16128 336
-208 16096 336
-320 16080 288
-176 16128 160
-240 16112 48
-240 16096 96
-288 16144 208
-304 16144 272
-400 16192 272
-320 16176 224
-368 16240 432
-288 16192 352
-320 16160 112
-320 16208 576
-432 16208 288
-464 16240 80
-288 16256 80
-432 16208 144
-192 16176 128
-352 16192 64
-288 16224 80
-272 16224 112
-272 16224 -64
-304 16192 -64
-352 16144 368
-432 16272 336
-224 16240 416
-240 16304 80
-240 16272 -48
-288 16272 0
-400 16336 0
-336 16288 304
-320 16176 128
-272 16272 48
-272 16208 144
-304 16208 352
-240 16256 384
48 16224 384
-80 16144 320
-144 16176 464
-240 16160 336
-304 16176 224
-304 16176 64
-224 16160 64
-304 16224 128
-192 16176 176
-256 16192 320
-224 16160 480
-336 16192 352
-336 16112 352
-96 16112 -32
-144 16112 -32
-224 16144 32
-288 16176 -80
-352 16144 288
-96 16224 240
-240 16128 336
-304 16128 352
-352 16144 352
-288 16160 80
-384 16192 64
-320 16176 112
-256 16208 144
-256 16240 -80
-240 16240 -80
-288 16304 -288
-336 16288 -208
-512 16256 48
-320 16192 288
-304 16240 144
-304 16240 432
-528 16272 224
-464 16240 224
-288 16240 96
-208 16208 256
-288 16288 192
-240 16176 48
-240 16176 112
-176 16256 112
-256 16336 208
-336 16304 208
