startup(x,y,z):(-176,16144,160)
2256 14608 2064
2000 16080 -560
1040 15936 1056
-1664 15888 1616
-1456 15952 432
-1456 15536 -1408
-640 15664 -1200
-912 15664 -1200
-352 15856 1072
-784 16272 -912
-288 15728 1648
-320 16176 464
-608 16176 -480
-608 16256 -1104
240 16256 -1104
448 16352 -752
256 16352 160
352 16160 1232
400 16400 832
400 16272 -288
512 16272 -288
368 16080 160
48 16272 -1040
-176 16144 384
-224 16176 272
-384 16112 640
-384 16112 688
-32 16096 688
-64 16192 16
-80 16304 -320
848 16480 1008
1920 16512 -800
1920 16576 96
2000 16576 -528
1584 16224 64
960 16032 64
-112 16032 528
-608 16304 528
-288 16192 16
-80 16256 -944
-80 16144 288
-208 16144 80
-448 16144 80
-400 16144 272
-464 16112 288
-192 16176 336
-400 16160 -208
-256 16112 128
-512 16176 192
-320 16176 464
-272 16176 464
-352 16192 416
-240 16192 80
-240 16240 80
-208 16256 0
-208 16256 0
-320 16224 -16
-320 16224 208
-224 16176 208
-240 16096 160
-176 16144 160
-320 16208 256
-320 16208 112
-448 16304 112
-464 16288 0
-240 16240 -112
-160 16224 32
-160 16272 16
-208 16192 128
-336 16192 192
-432 16224 192
-256 16240 80
-224 16272 80
-272 16304 80
-272 16256 -48
-240 16256 336
-304 16112 336
-192 16160 192
-272 16160 176
-448 16272 144
-384 16224 112
-256 16240 288
-256 16240 48
-320 16352 48
-384 16304 -48
-432 16272 176
-368 16224 352
-272 16192 240
-272 16240 448
-224 16240 448
-176 16256 144
-384 16224 96
-352 16160 192
-448 16160 208
-352 16160 592
-320 16080 384
-320 16080 176
-416 16096 176
-352 16176 -80
-48 16208 112
-96 16192 256
-96 16192 272
-208 16192 320
-352 16224 320
-368 16208 64
-208 16256 80
-224 16240 -336
-304 16224 144
-304 16160 688
-320 16160 688
-256 16160 336
-128 16064 272
-160 16128 304
-272 16048 16
-272 16240 32
-80 16240 32
-96 16272 272
-144 16416 272
-288 16272 -320
-320 16208 144
-240 16240 16
-240 16080 112
-192 16080 112
-208 16112 528
-384 16176 304
-336 16176 224
-160 16128 208
-336 16128 304
-304 16112 112
-304 16176 416
-272 16176 416
-304 16160 448
-352 16144 672
-224 16096 272
-224 16128 272
-240 16128 336
-128 16192 336
-192 16128 208
-288 16256 160
-336 16272 112
-240 16224 16
-240 16224 272
-176 16144 272
-208 16192 208
-240 16144 288
-176 16144 48
-176 16128 272
-208 16128 208
-240 16112 208
-512 16128 16
-560 16144 288
-464 16112 176
-464 16224 336
-368 16224 368
-304 16192 368
-304 16192 336
-304 16224 160
-208 16208 144
-208 16144 144
-256 16144 144
-176 16192 256
-256 16144 224
-192 16160 -32
-160 16096 0
-160 16096 -224
-208 16160 -224
-336 16096 16
-384 16192 112
-192 16192 96
-192 16160 192
-320 16160 336
-288 16176 336
-320 16160 336
-176 16144 240
-224 16128 -96
-224 16208 64
-288 16208 112
-288 16208 112
-256 16176 288
-176 16144 272
-192 16128 256
-192 16128 112
-304 16128 112
-512 16192 16
-432 16128 256
-304 16128 112
-240 16144 336
-224 16144 80
-224 16192 144
-304 16192 160
-320 16176 320
-320 16224 384
-320 16176 160
-272 16176 160
-368 16176 128
-272 16256 176
-192 16160 128
-192 16176 32
-64 16176 -192
-192 16192 -192
-224 16208 -96
-288 16192 -16
-288 16208 -48
-288 16208 288
-400 16208 288
-448 16144 368
-432 16208 -128
-352 16192 -224
-272 16176 -208
-272 16176 -144
-304 16256 -144
-304 16208 256
-336 16224 224
-288 16224 80
-288 16208 16
-304 16208 304
-384 16176 304
-256 16176 48
-208 16208 -80
-208 16256 -144
-192 16256 -80
-256 16240 -80
-224 16208 320
-80 16224 128
-304 16288 128
-208 16304 112
-208 16272 16
-272 16272 16
-208 16240 -32
-64 16160 -48
-208 16192 128
-160 16208 352
-160 16256 192
-368 16192 144
-352 16192 144
-336 16192 160
-320 16208 160
-160 16256 -64
-144 16144 -240
-192 16176 -256
-192 16176 0
-112 16176 0
-96 16192 -32
-32 16128 -112
-176 16080 224
-256 16000 144
-256 16112 256
-272 16112 256
-352 16176 128
-304 16160 256
-320 16272 80
-416 16224 272
-288 16176 256
-288 16176 368
-288 16176 368
-272 16208 144
-208 16256 -32
-288 16144 -48
-288 16144 16
-368 16144 64
-240 16096 64
-320 16160 48
-176 16240 48
-176 16272 -80
-240 16336 -128
-240 16240 -64
-128 16240 -64
-192 16192 160
-416 16256 144
-272 16112 192
-288 16160 144
-288 16208 -80
-256 16208 -80
-192 16240 240
-320 16256 432
-288 16256 112
-352 16224 -48
-176 16256 32
-176 16144 272
-224 16144 272
-208 16288 144
-176 16256 16
-304 16208 176
-240 16208 128
-240 16256 112
-96 16144 240
-96 16144 176
-192 16208 176
-224 16176 0
-224 16112 144
-224 16240 288
-224 16240 432
-320 16352 432
-272 16304 336
-160 16272 432
-144 16256 -80
-160 16160 16
-208 16192 48
-208 16208 64
-304 16208 64
-176 16192 160
-128 16192 48
-208 16192 -64
-208 16208 64
-320 16208 64
-240 16208 128
-240 16192 528
-320 16192 176
-256 16224 176
-304 16272 -208
-304 16272 -160
-336 16304 -160
-272 16320 -48
-160 16272 160
-208 16240 32
-208 16240 288
-144 16208 288
-224 16224 240
-240 16240 160
-144 16240 176
-192 16288 160
-304 16224 -48
-304 16224 64
-352 16224 64
-320 16240 -80
-352 16304 48
-448 16192 128
-448 16208 224
-288 16208 336
-304 16192 336
-352 16144 144
-288 16096 544
-224 16176 384
-64 16208 96
-144 16176 0
-144 16176 192
-304 16144 192
-288 16144 416
-368 16112 128
-240 16160 128
-496 16160 128
-336 16160 96
-224 16176 96
-144 16192 192
-192 16176 304
-288 16224 400
-128 16192 352
-128 16128 352
-112 16128 352
-416 16128 400
-352 16224 48
-352 16208 64
-352 16144 208
-208 16144 144
-96 16208 144
-304 16256 128
-208 16192 224
-128 16144 64
-256 16144 224
-256 16192 272
-352 16192 272
-272 16224 320
-48 16192 192
-160 16144 288
-160 16112 240
-368 16208 160
-288 16208 160
-336 16272 128
-208 16240 -48
-208 16256 80
-128 16224 -16
-144 16160 208
-144 16160 208
-272 16144 208
-352 16208 160
-240 16224 -32
-304 16256 64
-336 16272 160
-336 16224 288
-272 16224 288
-288 16208 -48
-320 16224 96
-384 16240 336
-336 16224 352
-288 16256 288
-288 16256 464
-336 16176 464
-256 16192 176
-304 16192 128
-400 16224 320
-384 16128 224
-384 16128 192
-256 16128 192
-272 16128 320
-256 16160 288
-240 16128 336
-240 16192 288
-256 16192 16
-256 16192 -240
-224 16240 -240
-256 16240 144
-400 16240 320
-320 16208 240
-320 16064 336
-224 16064 384
-272 16080 368
-320 16160 368
-288 16096 416
-272 16096 176
-272 16176 48
-208 16176 80
-352 16208 80
-208 16176 144
-160 16176 32
-48 16160 176
-48 16064 256
-112 16064 256
-320 16208 272
-320 16208 272
-240 16128 400
-288 16208 256
-288 16192 128
-304 16160 -144
-208 16160 -144
-144 16192 -80
-160 16176 32
-112 16224 -192
-176 16224 -144
-144 16256 240
-304 16256 336
-288 16176 336
-256 16176 448
-256 16256 384
-304 16256 320
-304 16256 400
-288 16288 400
-272 16240 48
-384 16160 -16
-320 16192 -16
-288 16240 32
-272 16224 16
-272 16224 176
-448 16256 176
-320 16224 256
-432 16256 352
-384 16176 272
-384 16176 -32
-192 16272 -32
-304 16208 80
-272 16192 16
-256 16224 -32
-240 16224 0
-240 16224 -48
-272 16224 112
-272 16224 112
-240 16240 192
-80 16160 80
-176 16192 208
-176 16192 400
-128 16144 400
-112 16144 368
-384 16240 352
-368 16176 336
-288 16240 224
-288 16224 128
-208 16224 128
-112 16144 128
-192 16192 224
-288 16160 368
-176 16192 288
-176 16224 384
-240 16224 128
-192 16192 128
-224 16112 496
-256 16112 416
-208 16304 128
-256 16240 128
-384 16288 128
-384 16288 224
-288 16240 224
-304 16192 288
-256 16256 160
-272 16176 -80
-272 16176 80
-128 16256 80
-96 16240 272
-224 16208 304
-64 16272 32
-64 16256 64
-16 16208 256
-16 16208 160
-208 16192 160
-192 16256 32
-240 16144 64
-304 16224 96
-304 16224 128
-304 16224 128
-256 16272 208
-176 16256 64
-80 16224 160
-80 16208 544
-224 16176 416
-224 16176 352
-272 16176 352
-160 16144 160
-304 16160 272
-272 16096 320
-272 16176 304
-112 16176 160
-128 16176 160
-224 16128 256
-176 16160 32
