startup(x,y,z):(-176,16144,160)
2656 15616 2112
-240 18288 -1728
-3088 18512 -2224
-928 17056 848
-928 17200 592
-240 17200 2400
-592 16720 2400
-352 16304 2896
336 16720 848
544 15696 -2560
544 15600 2272
208 15600 -464
-176 16416 -464
-2848 16800 4512
-1632 18656 -320
-816 16928 -2384
-816 15568 -1776
-128 15568 -3072
-1472 15792 -3072
-1536 15440 1232
-1040 16160 1888
-944 16240 1456
-640 16368 320
-640 16256 -1360
-256 16256 256
-96 16128 256
-432 16080 -272
-416 16400 976
-176 16352 208
384 16336 -832
304 16240 -416
304 16240 -32
-80 16416 -32
-288 16192 1024
-112 16320 464
-32 16096 288
-32 16208 320
-32 16208 -480
-128 16272 -480
-320 16144 752
-304 16144 0
-208 16224 240
-192 16320 -368
-192 16272 -256
-224 16272 352
-432 16208 352
-560 16336 208
-480 16192 432
-336 16144 -240
-336 16112 224
-480 16112 -96
-352 16256 -96
-432 16240 48
-368 16368 352
-304 16288 208
-304 16192 -176
-304 16272 -480
-272 16272 -480
-320 16144 144
-368 16064 96
-384 16080 0
-384 16080 16
-384 16128 256
-496 16128 256
-272 16112 496
-320 16224 336
-560 16224 448
-512 16224 320
-512 16176 400
-368 16176 400
-352 16272 304
-304 16288 240
-208 16176 416
-384 16208 320
-384 16208 192
-176 16240 192
-416 16240 272
-416 16272 144
-240 16256 208
-240 16192 272
-208 16192 64
-176 16224 64
-240 16176 -48
-160 16176 -48
-160 16160 336
-304 16160 336
-352 16176 528
-224 16160 272
0 16192 160
-128 16192 96
-128 16160 112
-352 16160 112
-272 16192 160
-192 16192 -80
-96 16144 -384
-224 16112 -64
-224 16144 80
-256 16272 80
-304 16272 80
-512 16224 208
-96 16128 96
-80 16080 -240
-80 16208 576
-80 16208 -64
-32 16112 -64
64 16128 464
80 16112 320
-144 16256 -240
-272 16352 256
-272 16288 80
-192 16288 80
-416 16320 288
-256 16176 176
-352 16224 -128
-304 16192 32
-304 16192 304
-208 16176 304
-240 16176 480
-208 16176 288
-352 16160 176
-224 16192 64
-224 16240 -176
-256 16240 -176
-272 16192 128
-144 16208 64
-208 16256 160
-208 16208 144
-192 16208 112
-192 16208 528
-352 16224 528
-304 16192 432
-384 16240 400
-288 16272 128
-272 16224 -32
-272 16224 288
-208 16160 288
-160 16192 16
-80 16208 16
-224 16224 32
-176 16192 0
-176 16128 112
-208 16128 336
-304 16176 336
-352 16240 592
-288 16224 224
-208 16224 112
-208 16208 320
-208 16192 304
-208 16192 192
-288 16224 192
-272 16208 -240
-208 16112 -176
-208 16208 16
-208 16240 240
-256 16240 240
-112 16256 176
-96 16208 320
-80 16144 336
-128 16192 192
-128 16192 208
-128 16128 208
-64 16176 208
-256 16160 256
-320 16176 160
-368 16192 240
-368 16096 256
-240 16096 256
-192 16128 384
-288 16176 272
-320 16080 512
-480 16192 336
-480 16256 448
-544 16256 400
-304 16240 400
-240 16192 272
-272 16176 -32
-400 16144 288
-400 16192 80
-304 16192 80
-256 16256 160
-256 16272 208
-288 16256 96
-96 16288 272
-256 16256 96
-256 16176 64
-160 16176 64
-96 16144 160
-96 16128 240
-80 16144 144
-80 16224 32
-160 16224 160
-224 16240 160
-272 16240 32
-144 16208 32
-224 16208 -80
-256 16176 64
-256 16176 32
-208 16176 32
-400 16176 128
-368 16256 128
-288 16224 -16
-288 16240 48
-384 16240 48
-256 16096 192
-368 16192 144
-224 16160 32
-176 16176 256
-176 16240 128
-256 16240 128
-176 16336 -112
-224 16240 160
-192 16304 96
-208 16192 272
-208 16192 464
-320 16240 464
-272 16256 368
-304 16240 336
-208 16224 240
-128 16096 176
-128 16192 144
-48 16192 -48
-336 16192 -48
-288 16208 64
-448 16272 192
-336 16240 224
-336 16240 368
-416 16144 368
-416 16224 32
-256 16144 112
-256 16224 192
-256 16096 192
-256 16096 176
-256 16144 176
-144 16176 160
-288 16208 80
-336 16256 -176
-336 16176 208
-240 16176 464
-288 16208 464
-128 16160 384
-336 16208 544
-288 16208 96
-288 16176 -96
-288 16176 176
-416 16160 176
-432 16208 240
-400 16240 112
-368 16224 -48
-368 16368 -160
-304 16368 -160
-256 16288 -96
-304 16304 -80
-256 16224 -64
-208 16192 208
-208 16192 448
-288 16192 448
-224 16240 272
-224 16256 288
-224 16192 112
-272 16144 0
-272 16144 -64
-272 16128 -64
-224 16128 -16
-160 16192 -128
-176 16144 -16
-144 16208 -192
-144 16144 256
-192 16144 256
-112 16224 208
-176 16240 448
-384 16224 384
-240 16224 512
-240 16224 528
-400 16224 528
-320 16176 432
-224 16208 384
-208 16240 96
-464 16192 288
-464 16112 352
-384 16112 352
-272 16144 304
-336 16128 304
-288 16256 32
-208 16224 208
-208 16224 400
-400 16320 400
-240 16208 288
-224 16224 176
-176 16192 368
-192 16224 352
-192 16160 400
-80 16160 400
-160 16192 480
-256 16208 128
-160 16272 240
-128 16240 256
-128 16224 128
16 16224 128
-128 16256 144
-176 16176 160
-160 16144 64
-176 16128 416
-176 16112 368
-112 16112 368
-240 16112 -48
-128 16128 96
-192 16096 176
-112 16176 320
-112 16176 240
-80 16224 240
-16 16208 128
-144 16160 176
-176 16240 224
-256 16192 128
-256 16192 144
-208 16224 144
-240 16224 256
-160 16160 512
-256 16208 320
-256 16240 288
-384 16240 336
-448 16224 336
-416 16272 192
-336 16288 32
-336 16240 -16
-240 16224 128
0 16144 80
-112 16272 16
-272 16208 80
-240 16272 80
-352 16320 16
-144 16192 64
-144 16176 48
-224 16176 -96
-272 16320 -96
-368 16256 96
-304 16224 0
-336 16256 96
-304 16192 432
-304 16320 208
-336 16320 208
-288 16224 208
-96 16176 144
-176 16208 224
-208 16192 160
-208 16192 368
-320 16160 368
-272 16208 336
-336 16160 288
-224 16176 416
-272 16208 416
-272 16144 336
-400 16144 320
-208 16144 320
-224 16160 160
-128 16160 112
-320 16160 48
-320 16160 304
-336 16160 304
-464 16192 256
-448 16256 80
-368 16176 416
-320 16208 432
-320 16320 288
-256 16320 -112
-208 16208 -112
-400 16160 144
-272 16096 592
-336 16128 352
-336 16176 400
-160 16176 400
-320 16208 96
-288 16224 32
-208 16256 -32
-144 16112 48
-144 16112 208
-160 16112 368
-208 16112 368
-272 16176 256
-80 16144 176
-192 16160 -64
-192 16192 32
-128 16192 32
-208 16224 16
-112 16224 64
-192 16192 64
-240 16208 192
-240 16192 320
-320 16192 320
-272 16192 256
-144 16128 144
-304 16192 -144
-208 16224 64
-208 16224 240
-112 16256 240
-256 16256 112
-160 16112 80
-112 16112 304
-112 16080 240
-208 16080 288
-144 16096 288
-192 16080 256
-336 16112 112
-352 16144 128
-352 16176 96
-272 16176 96
-208 16112 160
-128 16112 304
-176 16160 240
-288 16144 128
-288 16240 352
-400 16240 352
-288 16224 240
-128 16176 -32
-128 16336 112
-192 16336 208
-192 16336 192
-208 16320 192
-224 16208 0
-416 16208 -64
-272 16192 80
-272 16176 -16
-32 16176 -64
-144 16224 -64
-320 16224 48
-496 16256 144
-416 16240 32
-288 16272 64
-288 16272 368
-400 16272 368
-352 16240 224
-96 16176 16
-208 16224 144
-208 16176 16
-112 16176 -128
-112 16176 -128
-112 16160 80
-208 16176 96
-224 16208 32
-224 16208 64
-144 16208 112
-288 16192 112
-96 16272 224
-64 16224 32
-80 16224 224
-80 16224 144
-160 16128 208
-208 16128 272
-176 16032 160
-192 16160 320
-192 16160 128
-16 16160 128
-96 16192 176
-160 16160 -16
-272 16144 144
-304 16128 48
-304 16128 -160
-304 16176 -160
-144 16224 48
-400 16240 112
-512 16240 192
-512 16224 272
-512 16224 144
-512 16272 144
-464 16224 304
-240 16176 192
-288 16128 176
-288 16208 288
-336 16208 288
-272 16160 80
-208 16208 176
-272 16256 112
-336 16224 -16
-336 16256 96
-416 16256 240
-288 16192 240
-352 16192 272
-144 16128 112
-64 16144 192
-64 16144 560
-80 16144 560
-240 16256 336
-160 16208 192
-304 16176 256
-176 16224 -144
-176 16096 256
-288 16096 -144
-144 16144 -144
-128 16144 -144
-224 16192 -32
-304 16144 128
-304 16160 -144
-144 16160 -144
-96 16208 16
-112 16176 208
-128 16192 112
-240 16192 176
-240 16192 272
-416 16208 272
-368 16256 128
-336 16256 32
-160 16240 272
-160 16224 -48
-80 16224 160
-208 16176 160
-304 16176 224
-320 16176 96
-192 16192 80
-240 16176 96
-240 16176 240
-176 16224 240
-208 16160 320
