startup(x,y,z):(96,16144,368)
-640 17744 -736
-2448 15264 -1136
-352 14960 176
-384 15792 -624
5264 12992 3888
2704 13312 4448
2704 13312 2208
2656 14880 2208
1696 15280 1072
1536 16048 480
368 16256 -288
-96 16336 336
-96 16512 -272
0 16512 -928
-208 16304 -832
-304 16304 -304
-240 16320 -304
-128 16192 -352
-48 16128 -288
-144 16128 -48
-144 16128 176
-208 16144 176
-144 16096 272
-96 16016 128
-144 16064 192
-64 16080 144
112 16176 288
112 16192 176
112 16192 144
0 16208 144
96 16160 224
64 16112 16
176 16160 80
176 16160 304
176 16176 304
112 16192 208
208 16176 176
112 16128 464
64 16144 384
240 16080 272
192 16144 448
192 16160 304
272 16160 304
96 16256 256
160 16192 288
144 16112 224
320 16176 176
144 16128 112
208 16160 320
144 16192 272
64 16160 96
64 16160 192
112 16176 192
80 16160 192
112 16160 144
240 16160 112
176 16160 224
176 16112 144
224 16112 -112
240 16080 -64
160 16128 144
80 16128 224
-48 16240 272
-48 16176 288
16 16192 272
16 16192 176
48 16192 176
-160 16160 320
16 16128 272
144 16192 192
144 16176 128
160 16176 64
208 16160 64
256 16192 80
160 16192 80
96 16112 240
64 16144 544
48 16208 144
48 16176 208
-32 16176 208
112 16224 160
128 16208 80
112 16144 208
112 16176 144
160 16176 288
160 16176 96
112 16144 96
80 16192 432
112 16208 400
32 16288 32
32 16288 112
160 16192 128
80 16112 128
0 16112 144
112 16160 176
16 16112 336
48 16144 80
0 16144 208
80 16096 208
80 16096 0
272 16160 0
320 16096 208
144 16112 112
112 16144 -64
224 16080 -48
224 16336 -48
160 16176 -16
176 16096 32
128 16128 32
48 16176 64
208 16192 -32
-16 16192 368
-16 16208 192
160 16208 160
80 16160 160
96 16080 304
16 16112 560
-16 16128 512
-16 16112 352
208 16032 304
112 16128 -32
144 16128 -32
240 16080 80
208 16128 112
48 16064 272
-16 16096 336
-16 16096 272
64 16128 16
192 16128 112
320 16176 192
240 16096 416
128 16128 336
208 16128 384
208 16128 368
16 16128 96
128 16192 96
224 16096 80
240 16144 0
240 16112 144
208 16080 272
208 16192 288
192 16192 32
320 16112 128
112 16080 176
112 16080 320
-64 16080 320
-96 16144 320
80 16192 144
128 16128 272
128 16128 192
80 16128 320
64 16048 320
80 16176 240
144 16208 400
128 16304 112
208 16256 256
176 16208 192
176 16208 352
192 16096 352
192 16128 208
304 16096 448
256 16192 272
256 16176 336
208 16176 416
144 16160 416
48 16128 448
176 16128 400
160 16144 400
176 16096 304
176 16112 128
288 16112 112
176 16144 112
80 16144 96
16 16192 96
144 16144 80
144 16176 160
16 16176 160
48 16176 304
80 16112 320
32 16144 112
144 16112 256
96 16112 160
96 16144 240
-16 16144 240
-112 16176 128
-80 16144 240
-32 16160 320
-32 16048 224
32 16064 192
32 16064 176
240 16016 -64
64 16096 160
96 16096 80
-128 16144 80
-208 16128 144
96 16160 240
96 16144 256
96 16144 368
176 16128 304
96 16160 304
112 16160 128
64 16112 224
-128 16176 176
-16 16176 192
-16 16160 -48
32 16160 80
128 16112 80
96 16080 320
64 16128 272
128 16096 208
128 16064 400
128 16320 368
16 16128 336
64 16208 256
-112 16160 256
64 16080 240
160 16112 432
112 16112 208
112 16032 224
160 16032 224
144 16144 64
48 16144 176
16 16096 288
128 16128 208
128 16256 336
144 16192 592
48 16192 592
112 16112 512
304 16096 160
80 16176 144
128 16208 64
128 16208 80
256 16192 80
240 16080 144
48 16080 240
48 16160 352
112 16112 -48
48 16144 -128
128 16144 -96
128 16032 144
192 16032 -32
272 16112 -32
304 16096 112
208 16048 160
112 16096 320
144 16080 256
144 16080 432
96 16176 432
-48 16080 176
80 16144 176
96 16080 224
176 16016 384
224 16080 288
224 16064 80
192 16064 80
-64 16048 192
176 16192 112
48 16192 48
48 16144 176
48 16192 272
144 16144 128
240 16112 80
352 16112 80
144 16128 176
272 16096 336
224 16048 256
224 16096 64
368 16096 64
32 16096 112
96 16096 80
64 16112 128
32 16144 384
0 16192 448
96 16160 16
96 16080 240
144 16080 240
128 16080 640
64 16032 48
0 16016 208
0 16096 256
16 16096 224
-32 16160 96
-16 16176 -128
-48 16128 128
32 16224 16
256 16240 16
64 16160 336
80 16112 480
144 16160 352
144 16160 272
96 16160 272
48 16144 272
80 16160 352
64 16176 224
160 16144 -64
80 16112 112
112 16128 256
112 16144 192
112 16144 16
48 16128 16
208 16112 96
256 16112 176
224 16064 384
224 16096 160
336 16096 -112
256 16112 -112
128 16048 128
96 16112 304
16 16160 464
48 16112 496
48 16096 304
128 16096 304
32 16112 304
48 16208 304
64 16240 512
80 16192 336
80 16192 176
128 16144 176
144 16112 368
96 16224 208
128 16192 208
160 16128 192
160 15872 176
96 16080 176
-96 16096 384
-240 16032 416
-96 16080 464
64 16128 400
64 16176 368
64 16064 448
144 16016 256
176 16016 144
112 16048 144
112 16048 240
112 16016 288
160 16032 304
160 16096 304
224 16096 336
288 16048 336
224 15984 512
96 16112 336
48 16160 48
128 16160 96
-64 16112 176
32 16192 128
32 16192 224
96 16272 224
80 16240 224
96 16208 496
256 16160 272
192 16128 240
192 16128 208
240 16048 208
144 16160 176
112 16128 400
96 16160 448
48 16160 560
192 16160 336
192 16048 304
224 16048 304
144 16064 176
224 16048 272
128 16064 192
208 16080 96
208 16144 96
128 16144 64
64 16144 128
48 16144 128
128 16160 256
272 16128 224
128 16096 272
144 16112 160
-96 16160 80
64 16112 64
64 16096 -48
144 16080 -16
80 16080 256
-96 16128 48
80 16128 16
128 16128 16
-48 16160 96
48 16160 48
32 16144 288
32 16080 384
144 16080 208
144 16064 208
224 16080 144
160 16208 160
96 16176 -32
16 16144 208
-112 16128 160
-112 16176 176
-80 16176 176
80 16192 144
80 16192 384
144 16144 224
144 16112 320
112 16112 336
96 16048 336
96 16160 -32
112 16208 80
96 16176 192
0 16176 112
-16 16208 144
-16 16224 112
-48 16224 112
-48 16224 -304
160 16144 -80
208 16160 -96
192 16192 -64
192 16192 128
-16 16192 128
-32 16160 32
48 16192 112
96 16144 160
-32 16128 320
144 16096 304
144 16032 400
128 16032 208
160 16032 208
112 16128 256
144 16176 512
144 16080 384
208 16144 -80
128 16144 64
256 16112 176
128 16176 192
64 16128 176
64 16128 256
-48 16112 256
32 16128 448
176 16160 208
16 16112 224
80 16032 256
80 16128 272
144 16144 368
128 16144 368
32 16128 64
80 16064 112
-32 16128 272
-32 16192 128
160 16192 160
224 16224 160
192 16176 144
112 16192 96
176 16048 -80
256 16080 96
160 16112 0
160 16176 128
-48 16176 128
32 16256 208
64 16176 112
144 16176 240
64 16176 240
64 16176 288
128 16208 288
64 16192 448
-96 16128 416
0 16048 224
-16 16144 256
-96 16080 208
-96 16032 304
0 16032 304
176 16096 336
32 16064 64
16 16160 -32
64 16112 64
64 16080 112
64 16080 112
80 16064 64
32 16144 192
48 16160 192
48 16208 -192
16 16256 64
96 16176 144
128 16128 16
128 16128 112
80 16112 112
80 16048 528
96 16128 656
160 16032 464
224 16224 288
80 16208 192
64 16144 368
64 16144 272
32 16176 272
96 16128 256
0 16224 336
80 16208 352
80 16208 352
272 16176 256
176 16176 256
80 16240 192
96 16224 80
128 16160 192
64 16160 192
208 16128 240
208 16128 288
256 16112 288
304 16208 400
112 16192 352
80 16160 368
80 16160 288
16 16160 320
96 16144 320
80 16192 336
128 16048 272
176 16064 240
32 16112 384
32 16176 240
0 16176 384
112 16112 384
