startup(x,y,z):(80,16144,272)
5904 19648 7472
704 13952 4272
752 16032 7568
-1008 16816 4416
-1008 15440 768
-1056 15440 432
304 15376 432
80 15952 -368
176 14688 -5200
-1488 14736 -5168
-304 16080 -2672
-160 16192 -1024
64 16128 -160
64 16128 304
528 16432 304
336 16336 560
368 16080 320
496 16176 -48
416 16144 64
320 16208 464
160 16112 416
288 16096 240
288 16128 144
128 16128 144
224 16208 400
320 16048 384
352 16048 80
256 16032 272
256 16112 336
224 16016 512
192 16016 512
144 16208 288
128 16096 560
0 16096 560
-32 16096 288
192 16080 32
32 16128 192
32 16128 208
240 16128 208
192 16176 208
240 16176 400
208 16128 16
192 16160 304
192 16128 272
16 16080 400
16 16112 112
32 16112 368
112 16128 256
48 16096 336
48 16080 192
112 16096 240
144 16128 384
112 16080 352
192 16048 288
112 16080 256
112 16128 144
144 16176 256
64 16128 176
64 16096 96
96 16096 96
64 16016 64
176 16112 160
224 16080 208
144 16160 192
144 16272 256
80 16208 208
176 16176 -16
48 16176 -16
96 16176 -16
112 16096 16
128 16160 480
208 16080 320
208 16080 528
176 16080 528
144 16128 304
144 16176 304
160 16128 224
96 16144 144
64 16144 272
96 16224 192
80 16176 176
80 16128 176
208 16128 176
160 16144 272
208 16192 304
-16 16208 320
144 16144 544
144 16160 64
80 16160 64
128 16256 144
176 16240 144
-16 16288 288
48 16176 176
112 16240 320
112 16256 128
112 16256 144
96 16224 144
112 16224 144
176 16144 464
96 16096 336
96 16064 112
96 16048 144
112 16032 96
112 16032 0
176 16160 0
144 16096 112
-48 16176 128
0 16128 224
0 16064 224
144 16064 224
176 16096 64
96 16080 160
144 16048 32
96 16096 16
48 16112 16
48 16112 112
0 16112 336
0 16064 336
16 16064 448
-32 16080 576
32 16064 400
32 16064 336
16 16128 336
16 16128 464
32 16160 336
16 16160 304
176 16112 304
224 16064 448
160 16080 320
112 16112 288
112 16112 160
16 16128 192
-16 16112 192
-64 16096 544
16 16048 736
128 16128 464
144 16080 416
224 16128 160
224 16112 64
128 16112 80
160 16208 80
80 16160 384
0 16160 272
16 16240 128
48 16208 528
48 16192 128
48 16160 288
192 16176 112
192 16096 336
240 16096 192
48 16080 192
144 16160 192
224 16160 -128
144 16064 208
144 16128 192
112 16128 32
0 16096 32
32 16128 -192
32 16176 -352
32 16096 32
272 16144 32
224 16080 80
224 16016 0
144 16016 -80
144 16144 -80
160 16160 -128
208 16144 -32
224 16176 -96
128 16096 288
128 16096 176
32 16048 128
16 16048 16
-16 16160 16
32 16240 224
80 16240 336
96 16128 288
96 16112 368
96 16112 320
112 16096 320
144 16096 272
144 16112 176
96 16112 288
208 16144 96
192 16160 64
192 16256 112
80 16256 112
112 16240 272
80 16208 368
96 16208 448
32 16128 352
32 16112 624
32 16112 592
96 16112 592
128 16144 192
48 16128 -16
32 16128 0
-112 16160 96
64 16192 48
64 16160 256
32 16160 -256
192 16128 -48
208 16112 16
128 16144 80
224 16144 112
160 16064 320
144 16064 256
0 16128 256
0 16144 80
0 16144 48
128 16128 48
48 16176 -96
160 16128 160
128 16096 176
160 16112 272
128 16128 224
128 16032 80
112 16064 144
0 16160 48
0 16224 112
96 16224 112
16 16224 128
80 16080 256
64 16144 144
128 16224 144
128 16224 128
112 16224 208
144 16096 208
80 16048 272
112 16064 176
208 16000 144
272 16112 128
176 16176 160
128 16208 208
128 16208 272
-32 16240 272
80 16208 272
48 16208 384
80 16272 224
64 16192 176
64 16176 336
144 16176 224
160 16192 272
160 16192 16
-16 16256 16
-16 16192 80
-32 16144 208
48 16112 208
32 16144 128
32 16144 256
112 16112 256
32 16112 128
32 16128 304
96 16192 352
160 16160 640
96 16112 736
112 16176 656
112 16256 480
112 16256 480
-64 16176 256
48 16096 192
112 16160 -32
-80 16160 272
64 16112 144
80 16112 256
176 16080 272
176 16112 160
176 16032 96
240 16032 64
272 16096 64
208 16128 144
64 16064 224
112 16032 272
224 16112 256
224 16112 48
112 16208 288
80 16144 176
48 16144 176
256 16176 160
176 16208 128
160 16160 352
160 16112 256
224 16112 448
112 16192 448
112 16320 192
192 16192 416
128 16176 32
160 16128 -256
112 16192 -160
112 16192 272
112 15936 400
-16 16096 400
16 16176 224
0 16096 320
128 16144 176
80 16128 240
80 16112 304
64 16112 240
192 16112 288
96 16112 288
64 16064 272
80 16112 192
176 16096 -240
112 16112 64
112 16112 176
144 16096 288
176 16080 288
160 16176 96
64 16256 240
48 16208 384
64 16160 400
0 16128 208
-16 16160 208
-16 16144 224
-16 16144 176
16 16176 176
32 16160 16
-80 16128 224
-16 16080 240
64 16112 112
64 16112 48
208 16080 256
240 16080 288
80 16112 288
16 16080 160
144 16080 256
-48 16048 272
-48 16016 400
208 16080 336
176 16080 336
208 16144 208
96 16192 240
128 16160 -16
112 16128 -128
240 16240 96
144 16096 288
144 16096 272
48 16096 272
-128 16224 224
32 16144 384
32 16224 208
-112 16128 496
48 16144 464
48 16144 176
144 16160 0
80 16064 0
48 16064 16
160 16064 336
32 16144 176
32 16144 176
32 16144 208
-16 16128 208
192 16160 80
96 16176 176
208 16160 192
288 16128 240
160 16064 336
224 16096 272
112 16144 208
112 16192 304
176 16192 304
128 16128 256
144 16176 352
112 16144 224
64 16160 288
48 16176 288
48 16176 368
16 16160 368
-16 16128 368
-128 16144 224
-16 16144 192
48 16160 224
16 16112 160
16 16112 160
-16 16112 160
48 16112 464
112 16144 464
224 16096 240
64 16080 192
64 16128 112
160 16144 192
160 16192 256
48 16192 112
192 16208 112
144 16192 176
48 16128 256
-16 16096 256
-16 16192 240
-80 16192 320
0 16224 320
32 16192 320
32 16144 176
96 16080 192
80 16048 144
80 16064 128
112 16064 432
48 16064 432
48 16096 256
48 16144 224
-16 16128 224
112 16096 176
80 16112 112
256 16128 224
256 16112 128
224 16112 112
160 16192 112
112 16128 128
0 16144 -80
64 16256 16
64 16160 64
96 16160 112
192 16144 112
112 16096 160
208 16112 496
160 16096 336
176 16112 224
176 16224 336
176 16160 736
144 16160 736
64 16208 496
48 16112 128
80 16128 208
48 16144 112
48 16128 176
64 16128 176
-32 16144 448
32 16192 448
176 16112 464
112 16112 384
0 16208 320
-64 16160 208
-64 16064 416
80 16064 416
80 16192 176
208 16144 208
160 16176 -176
128 16160 112
96 16096 176
64 16080 96
64 16176 64
144 16176 64
128 16160 256
208 16128 368
48 16160 224
48 16160 416
112 16160 208
240 16144 208
112 16192 -48
48 16176 -80
32 16096 384
-64 16160 384
-64 16144 400
-64 16112 192
0 16144 160
0 16144 -96
96 16064 -96
-16 16128 32
80 16032 160
128 16064 160
128 16080 272
48 16080 160
256 16144 192
208 16144 192
208 16144 304
144 16096 192
112 16144 32
32 16256 224
32 16256 288
224 16144 304
128 16176 304
48 16240 128
304 16128 224
256 16048 48
96 16160 32
176 16144 80
176 16128 256
160 16128 256
160 16176 192
240 16176 256
224 16064 80
176 16176 176
176 16128 192
64 16128 512
96 16048 512
288 16096 304
176 16112 400
48 16224 304
176 16112 -96
256 16144 128
16 16208 176
96 16160 192
96 16160 128
96 16160 128
-32 16144 320
64 16144 224
96 16112 -128
112 16096 -96
32 16144 0
128 16112 16
128 16112 192
80 16112 320
-64 16160 320
32 16192 416
160 16096 400
16 16144 304
64 16160 224
64 16160 112
96 16160 112
112 16192 0
144 16128 416
144 16144 464
144 16144 256
128 16192 224
