startup(x,y,z):(464,16176,-256)
-2320 17280 -688
32 17392 -1776
1008 16384 -640
-320 15408 2208
-2624 17056 1264
8304 17216 -13712
6864 16304 -19424
1008 17696 16464
-15808 15968 12112
-1616 17264 6272
-2384 15264 6000
-4144 16224 7440
-2960 16704 1120
1568 16416 368
8480 15936 5024
3120 17168 5264
1440 16688 2528
4368 16544 2272
1136 16448 1024
1008 16160 -1280
-2144 16784 -5344
-752 16608 -4112
-832 16240 -3584
-688 15984 -2064
-192 16448 -2640
-176 16240 -2400
192 16400 -2016
-448 16096 -2576
1456 16080 -2720
880 16192 -1088
816 16192 -416
1616 16160 864
1328 16384 1872
1136 16288 2432
496 16208 2096
208 16256 1888
128 16160 1616
32 16176 1760
624 16128 1376
704 16176 1408
608 16256 -368
656 16224 -400
448 16240 -560
336 16224 -592
224 16256 -672
320 16176 -928
464 16192 -704
720 16320 -1264
528 16160 -1152
400 16192 -784
496 16304 -672
384 16256 208
560 16240 608
256 16240 720
336 16304 592
160 16160 672
192 16160 720
352 16160 848
528 16336 944
752 16272 688
784 16144 288
624 16144 80
432 16208 -96
400 16208 -224
480 16240 -288
320 16208 -32
352 16224 -96
432 16272 -80
368 16288 -144
608 16256 -96
528 16208 -96
560 16160 160
496 16224 80
400 16208 96
368 16208 160
352 16224 -208
416 16224 -208
464 16208 -64
576 16176 -64
512 16208 32
544 16224 32
512 16144 304
432 16192 336
304 16240 368
416 16208 128
256 16160 -48
192 16224 128
368 16256 -48
416 16256 -16
464 16192 368
400 16096 208
368 16096 384
400 16176 112
480 16160 112
416 16160 -32
432 16208 80
544 16256 48
464 16176 -176
544 16192 0
512 16224 48
496 16224 320
464 16112 320
464 16256 384
400 16256 32
464 16208 0
384 16240 0
416 16304 -16
448 16240 -32
304 16240 -32
256 16176 -128
384 16240 -48
496 16144 16
480 16176 -80
432 16192 -64
464 16240 -64
480 16240 -32
496 16208 -80
384 16208 144
464 16224 112
464 16144 208
480 16160 240
400 16224 256
432 16256 272
432 16256 224
400 16288 272
416 16320 208
464 16256 96
528 16112 -80
480 16128 0
464 16160 0
464 16176 176
480 16256 -32
416 16256 192
416 16208 384
304 16224 320
480 16240 288
448 16272 288
352 16256 -48
368 16272 -256
432 16288 -96
608 16240 96
544 16240 160
480 16240 160
640 16208 -96
560 16192 -16
512 16256 80
544 16176 112
448 16272 112
528 16256 0
464 16240 144
400 16272 112
368 16224 -176
448 16208 -112
400 16240 64
368 16240 80
496 16192 48
432 16256 128
496 16240 96
448 16304 48
464 16256 64
512 16304 160
320 16224 240
448 16192 160
320 16192 112
400 16240 64
512 16160 160
352 16112 208
240 16208 256
336 16224 288
304 16160 16
352 16128 64
432 16272 -176
352 16288 -48
384 16272 -64
352 16304 -64
336 16256 -80
448 16208 144
496 16208 64
592 16272 -96
528 16224 -48
448 16240 0
464 16256 144
480 16208 80
560 16176 208
496 16192 -32
528 16128 48
480 16176 32
480 16160 48
432 16176 32
432 16144 64
384 16256 112
336 16256 224
416 16208 336
464 16240 368
448 16208 112
432 16256 112
304 16288 272
384 16256 192
384 16240 0
400 16288 48
448 16272 64
432 16224 192
368 16288 112
416 16256 80
384 16224 64
368 16240 64
384 16272 128
400 16240 160
448 16208 128
416 16192 -64
528 16192 0
464 16144 -96
320 16144 48
384 16208 -48
480 16208 16
400 16224 0
432 16240 48
320 16096 96
320 16144 -32
320 16256 192
400 16240 -224
400 16256 80
288 16208 288
272 16208 48
592 16224 -64
640 16240 -288
528 16256 -160
464 16304 48
528 16288 80
464 16256 144
464 16256 176
352 16224 16
272 16240 -64
544 16176 112
496 16208 128
432 16240 32
512 16208 48
448 16304 0
464 16272 224
704 16192 -128
512 16240 -16
544 16208 -64
448 16240 -32
240 16224 160
272 16208 96
400 16176 144
272 16224 160
416 16128 0
416 16208 -32
336 16240 -224
384 16240 -16
352 16256 16
448 16176 208
512 16144 -128
480 16128 -16
480 16240 96
