startup(x,y,z):(416,16288,224)
-1488 16144 2240
-1840 16048 3824
-1984 15856 3104
-160 15472 2848
1888 15856 1744
3456 16000 656
3264 16240 6480
-352 16480 3520
3040 15872 576
1760 16656 -1200
624 15840 -1088
400 16272 -2064
400 16048 -3824
464 16560 -2272
-240 16384 -1616
304 16496 -2320
-16 16432 -2016
-16 16256 -1984
240 16256 -1552
448 16176 -1232
816 16240 640
1120 16320 1184
768 16288 1712
384 16208 2432
192 16208 1824
128 16208 1648
96 16192 976
128 16160 912
544 16176 576
688 16224 80
624 16224 -448
560 16256 -736
320 16336 -1152
384 16176 -944
304 16256 -624
256 16176 -544
448 16240 -480
512 16336 -416
432 16288 -96
512 16240 64
512 16272 -48
256 16304 256
304 16192 656
320 16240 736
416 16240 688
400 16208 704
288 16240 352
320 16176 368
368 16256 336
512 16288 176
512 16320 -320
400 16304 -368
464 16256 -672
336 16208 -304
352 16144 -64
400 16224 -80
528 16160 80
480 16176 224
480 16240 368
480 16272 432
432 16256 416
576 16256 288
352 16304 288
448 16256 176
384 16272 32
384 16240 -96
448 16176 -304
576 16208 -128
464 16256 -48
512 16192 80
400 16224 208
384 16192 208
400 16208 272
352 16208 128
400 16256 80
368 16176 336
384 16224 288
416 16224 192
352 16224 144
464 16192 48
432 16192 112
480 16224 32
432 16320 48
416 16336 128
448 16272 48
560 16240 80
576 16176 48
432 16224 64
496 16208 208
368 16208 176
512 16256 240
432 16192 304
464 16192 288
368 16192 192
496 16192 352
432 16208 256
464 16208 80
384 16240 240
400 16208 144
416 16208 64
448 16176 160
528 16240 -96
544 16256 80
480 16176 416
496 16176 240
384 16208 208
592 16192 176
464 16304 -192
304 16240 128
384 16224 128
272 16208 64
464 16240 64
496 16192 0
512 16224 192
432 16240 208
432 16240 448
464 16224 224
496 16176 144
368 16240 80
432 16336 -80
448 16304 -112
480 16288 64
528 16192 288
416 16192 112
288 16224 80
368 16224 80
432 16224 112
432 16224 64
512 16272 16
512 16208 256
432 16224 176
496 16208 48
464 16240 96
400 16192 112
496 16208 288
480 16192 224
512 16208 192
448 16176 128
448 16208 80
400 16208 368
400 16208 336
512 16160 192
512 16176 16
512 16208 96
432 16176 96
416 16176 -96
512 16192 48
560 16176 80
528 16160 144
512 16256 -48
560 16256 -48
576 16192 -48
416 16224 32
384 16192 112
416 16128 224
448 16112 96
416 16144 32
352 16208 128
400 16176 192
448 16208 192
368 16288 96
400 16208 -48
512 16144 96
512 16176 64
448 16256 64
480 16256 128
432 16224 176
480 16224 256
512 16176 96
528 16208 -32
432 16256 32
384 16224 304
400 16144 192
400 16160 64
448 16144 48
384 16176 400
352 16208 272
320 16176 160
352 16208 96
352 16288 16
368 16336 192
320 16320 64
272 16240 -16
336 16288 -16
496 16240 -80
352 16288 16
352 16256 160
432 16240 272
368 16224 96
304 16288 112
336 16288 32
400 16272 64
400 16272 0
400 16288 -16
512 16336 16
480 16176 336
512 16192 288
464 16240 192
464 16208 160
448 16256 144
480 16208 224
512 16224 160
496 16192 128
480 16144 320
576 16160 224
528 16208 -208
512 16192 112
512 16192 160
448 16192 112
416 16208 64
336 16192 384
352 16224 240
480 16288 176
544 16256 -32
384 16288 64
384 16256 160
400 16256 112
368 16208 80
352 16224 128
400 16208 192
528 16176 144
512 16224 32
560 16304 -144
432 16272 112
480 16288 -48
592 16272 -16
496 16288 32
464 16176 336
432 16208 160
368 16144 192
432 16208 144
416 16256 -48
272 16272 0
416 16224 144
464 16256 144
448 16288 112
528 16256 160
480 16192 112
432 16224 112
368 16224 160
512 16128 48
448 16240 224
528 16224 144
432 16240 128
480 16224 0
480 16208 -160
448 16224 -144
448 16240 -176
400 16256 112
416 16240 80
384 16224 48
400 16240 144
432 16160 96
480 16208 48
496 16176 288
464 16224 304
