startup(x,y,z):(464,16240,128)
544 16336 608
-1184 16208 144
656 16144 496
-16 16240 848
128 16176 1200
304 16160 1168
624 16176 768
992 16176 656
1072 16160 1072
240 16176 1120
224 16160 832
48 16048 240
160 16192 -176
304 16256 -992
720 16240 -1392
480 16240 -1568
304 16352 -1280
320 16272 -1392
304 16224 -864
336 16272 -768
384 16336 -608
416 16304 0
432 16304 416
368 16192 512
480 16160 720
608 16192 800
512 16160 816
400 16192 928
320 16176 416
288 16272 -96
496 16208 -64
432 16224 64
240 16304 64
336 16256 -320
384 16192 -464
416 16224 -624
416 16240 -352
304 16192 -128
496 16160 -96
416 16208 -48
352 16240 144
432 16272 80
416 16224 -128
448 16224 -16
368 16240 80
304 16240 16
416 16176 112
608 16288 160
384 16240 144
576 16272 240
560 16192 464
432 16224 288
496 16240 240
416 16256 160
416 16272 112
432 16160 160
496 16208 48
416 16224 240
416 16176 368
368 16192 160
304 16192 96
368 16176 272
1872 15504 -1216
688 15072 816
1200 16784 -368
336 16336 496
368 15952 -128
496 16112 144
800 15936 -304
816 16080 -544
432 16224 -192
128 16320 -160
352 16288 64
240 16176 320
368 16272 -64
640 16288 80
752 16256 240
512 16208 368
432 16256 368
400 16176 272
304 16304 208
176 16208 208
320 16224 160
400 16208 0
464 16192 -192
432 16192 -272
464 16144 -192
512 16080 -80
368 16208 -64
320 16288 32
416 16208 192
368 16256 16
352 16240 192
320 16320 256
368 16208 272
448 16304 128
416 16288 176
432 16240 288
480 16176 128
480 16192 64
464 16192 80
496 16192 -16
496 16176 -128
464 16224 -112
336 16288 -64
400 16240 0
432 16224 80
384 16256 96
320 16240 48
384 16160 320
464 16144 432
544 16112 160
464 16176 192
576 16224 96
464 16224 -128
448 16192 -192
368 16256 -112
432 16272 -224
512 16144 -224
432 16288 -96
576 16224 -336
272 16192 -192
352 16272 -272
464 16336 -64
464 16256 -16
464 16224 0
400 16256 32
416 16304 160
432 16288 112
400 16336 176
464 16224 128
416 16128 224
528 16192 224
400 16208 -16
416 16208 -80
640 16256 -144
544 16256 -240
480 16240 -192
608 16208 176
608 16128 176
496 16096 -96
528 16144 -192
496 16160 96
416 16176 -64
464 16160 144
480 16176 128
512 16192 32
512 16224 48
288 16272 80
480 16288 272
464 16256 144
448 16224 0
400 16224 112
528 16224 128
688 16240 -48
544 16176 48
544 16240 48
480 16288 48
368 16128 160
432 16144 160
416 16160 256
384 16144 144
560 16176 304
496 16240 304
544 16208 64
512 16192 96
480 16176 64
512 16160 32
496 16176 112
560 16208 160
496 16240 80
528 16192 160
512 16208 176
576 16208 -64
608 16176 -16
512 16160 464
384 16144 432
256 16192 288
368 16176 272
448 16240 256
416 16208 160
384 16224 224
368 16224 16
528 16208 48
464 16208 64
544 16176 -80
320 16160 112
272 16160 160
368 16128 16
368 16160 112
384 16112 -128
416 16144 -112
496 16128 -64
576 16128 384
496 16112 208
464 16176 112
480 16240 48
416 16192 96
384 16256 128
384 16288 0
400 16208 16
432 16176 96
496 16224 96
512 16240 16
480 16160 32
544 16224 144
528 16192 0
368 16192 96
416 16160 -80
400 16176 -16
400 16176 0
400 16240 -32
480 16240 80
400 16320 240
480 16336 224
400 16240 144
432 16192 112
432 16208 144
432 16240 272
352 16160 272
384 16144 208
608 16208 16
512 16224 128
432 16192 176
320 16240 128
368 16256 64
400 16208 80
480 16160 128
384 16160 96
528 16208 144
400 16256 176
336 16256 64
432 16176 -128
448 16224 -32
528 16208 -240
432 16224 -80
352 16272 -224
448 16208 -64
368 16256 -96
384 16240 208
400 16240 192
384 16224 176
432 16224 112
480 16224 304
544 16208 272
496 16272 48
432 16256 112
624 16256 16
592 16240 -96
512 16256 -16
528 16176 -112
448 16144 -144
240 16224 -16
304 16240 -80
320 16256 -16
416 16240 32
