startup(x,y,z):(304,16256,176)
-144 16240 1616
0 16256 2256
64 16304 2160
576 16256 1296
1024 16176 944
496 16080 912
-48 16032 1408
928 15952 -880
1712 15952 -1824
2640 15920 -3056
3024 16272 -4304
3152 16352 -5408
2256 16064 -6064
1280 16128 -5920
624 16160 -5296
240 16352 -4832
-192 16400 -3680
-112 16368 -2752
256 16336 -2400
736 16320 -2800
1824 16176 -3376
3040 16032 -4848
3856 15936 -4720
2336 16032 -4080
2912 16240 -2608
1376 16608 -736
96 16992 1904
-7120 17056 6448
-7728 16816 9568
-4832 16176 8256
-3088 16112 6352
-2176 15840 6464
-1248 15664 5920
688 15504 4448
2000 15920 2768
4304 16096 3008
112 16544 5104
-80 17024 6528
3952 16416 688
3072 16672 2352
-160 16368 896
-432 16256 -3024
1360 16240 -3296
832 16096 -2368
-128 16544 -3264
624 16624 -2928
-912 16320 -2544
592 16304 -3328
288 16224 -2416
304 16288 -1872
640 16096 -1248
848 16368 -288
688 16288 288
928 16336 688
1248 16240 1536
32 16240 2000
32 16192 2016
288 16208 1904
304 16128 1296
272 16160 1136
592 16208 816
624 16256 432
608 16256 -32
496 16192 -320
400 16240 -576
256 16192 -464
144 16176 -464
256 16224 -624
592 16128 -336
560 16240 -288
544 16272 176
432 16240 224
352 16288 640
320 16320 704
432 16256 784
480 16224 656
448 16224 304
400 16240 288
464 16192 64
528 16176 -400
544 16208 -112
496 16272 -256
400 16256 -352
320 16208 -448
400 16224 -608
208 16272 -272
368 16240 -304
544 16272 144
656 16256 288
544 16224 480
480 16192 656
240 16192 832
288 16224 768
256 16192 704
368 16320 496
416 16320 240
464 16208 -64
496 16224 -288
432 16256 -608
480 16208 -640
592 16208 -400
528 16192 -320
464 16096 -208
464 16128 128
448 16240 192
368 16160 432
352 16176 448
384 16224 448
400 16224 480
208 16112 352
384 16144 32
416 16160 -48
528 16192 -208
480 16240 -272
464 16224 -240
448 16192 -208
464 16240 -208
368 16208 -224
368 16208 -144
336 16192 -160
352 16256 -16
368 16224 80
416 16208 432
352 16224 448
400 16256 112
304 16304 240
416 16288 208
480 16240 416
512 16208 208
416 16240 160
464 16240 -16
432 16240 -160
352 16336 -256
432 16256 -208
496 16304 -560
528 16352 -112
464 16352 0
464 16240 0
560 16272 16
544 16192 240
480 16208 224
352 16160 48
400 16208 304
464 16208 320
416 16176 144
368 16192 96
368 16192 192
336 16208 208
432 16192 96
464 16240 0
416 16208 -32
480 16240 -192
464 16192 -160
384 16256 -48
368 16224 64
432 16224 112
352 16208 -64
192 16224 112
320 16208 208
336 16208 96
224 16208 368
304 16192 496
400 16240 304
432 16192 240
400 16160 112
480 16224 80
384 16256 -64
368 16256 -64
368 16160 -64
384 16256 -16
400 16288 -16
384 16240 -144
336 16224 64
384 16176 144
448 16112 224
352 16176 224
352 16240 144
384 16224 0
464 16288 16
384 16176 128
544 16096 -160
496 16112 -64
496 16192 -48
240 16240 0
272 16256 0
432 16240 32
480 16224 -192
576 16288 48
528 16256 -144
464 16256 -96
528 16240 32
496 16304 288
432 16128 176
480 16016 176
384 16032 272
448 16096 176
416 16112 128
464 16176 128
464 16176 256
288 16272 128
304 16224 128
352 16240 16
384 16176 -48
320 16240 176
368 16208 48
352 16176 64
368 16144 48
368 16192 -96
496 16240 128
464 16224 240
480 16224 160
512 16256 -32
576 16224 160
368 16240 32
544 16192 -80
368 16272 32
368 16224 272
432 16112 272
480 16192 -16
416 16224 64
416 16208 -48
416 16192 -112
432 16256 16
448 16224 64
432 16240 64
384 16240 48
384 16192 304
352 16288 32
336 16240 -192
432 16208 -16
464 16192 64
480 16208 48
432 16208 0
480 16224 80
416 16240 128
448 16304 128
400 16272 96
336 16240 128
528 16256 -80
560 16208 32
448 16176 208
432 16224 128
432 16208 144
448 16224 -192
384 16208 -112
480 16240 208
480 16224 240
432 16208 112
464 16224 112
368 16192 112
336 16256 272
592 16240 240
592 16256 -96
640 16256 -96
528 16240 0
480 16208 80
