startup(x,y,z):(448,16272,-912)
-7344 16400 7184
-2928 16000 4784
-112 15984 3712
2912 15984 192
6528 16128 -224
4784 16000 720
1376 16080 1968
1440 16240 2800
2224 16304 1536
-2128 16352 1072
-3152 16256 -256
-800 16064 -2336
272 16192 -3184
608 16160 -2960
608 16160 -1984
-384 16768 -3248
1232 16416 -1824
624 16272 -1472
176 16160 -1152
-192 16176 -208
-144 16240 1152
464 16288 816
1344 16224 816
784 16320 768
560 16240 880
288 16000 1072
416 16416 1072
432 15888 288
928 16016 -80
288 16752 -576
224 14912 -464
672 16288 -464
752 16288 -464
-400 16368 368
-400 16368 416
736 16256 544
960 16096 384
784 16080 -112
864 16128 -304
688 16176 -304
368 16224 48
384 16272 80
304 16160 128
256 16160 -64
320 16240 -80
368 16240 -96
496 16304 -256
560 16192 -112
496 16192 16
560 16208 96
576 16208 416
464 16192 496
336 16192 416
240 16208 336
240 16192 496
288 16096 448
368 16160 336
512 16176 208
368 16224 -64
464 16288 -288
384 16176 -448
464 16256 -688
432 16272 -336
368 16224 -256
416 16320 -176
448 16288 -16
464 16256 -16
464 16176 192
512 16272 320
528 16288 416
400 16288 480
464 16192 496
224 16240 352
352 16272 400
464 16320 176
512 16224 176
416 16240 160
448 16240 -48
320 16336 -48
416 16336 -288
400 16304 -208
336 16256 80
304 16288 128
352 16272 112
272 16240 144
432 16256 32
384 16240 32
576 16208 128
608 16112 144
512 16096 208
432 16160 208
512 16240 -48
528 16224 368
560 16208 -176
512 16192 0
448 16176 -224
352 16176 -192
384 16128 -160
352 16288 64
384 16176 -16
416 16192 80
416 16208 80
384 16192 112
304 16144 -48
416 16272 48
496 16208 96
464 16160 -96
464 16144 -16
464 16160 16
400 16080 48
400 16128 128
384 16208 -48
384 16240 160
304 16240 80
432 16224 80
288 16208 320
304 16224 160
608 16240 48
528 16288 32
512 16272 176
496 16224 112
448 16224 -192
432 16192 288
352 16192 320
368 16240 240
608 16160 96
576 16208 96
432 16256 16
368 16256 32
384 16224 -224
544 16272 -48
496 16336 32
480 16272 128
400 16288 0
352 16240 64
464 16208 256
592 16192 64
576 16224 -384
272 16288 -64
448 16272 208
336 16256 -32
368 16224 0
384 16240 0
512 16208 112
464 16224 -16
352 16256 -32
352 16208 -144
400 16192 -96
416 16112 -128
336 16128 16
448 16160 128
320 16128 64
320 16112 48
352 16208 112
400 16272 160
432 16240 32
448 16240 192
416 16288 48
432 16320 64
400 16256 64
448 16224 16
432 16208 -176
320 16256 -96
272 16176 -48
416 16192 80
352 16224 -128
368 16160 16
416 16192 -144
368 16208 48
384 16192 -80
400 16240 48
400 16288 -112
400 16208 -80
512 16192 0
400 16192 208
512 16224 -32
480 16272 -48
480 16208 64
448 16272 16
384 16240 144
480 16224 48
416 16208 176
480 16208 176
672 16192 -128
576 16208 128
704 16224 160
688 16256 0
528 16288 192
592 16224 48
608 16256 0
-1120 17648 -16
-3408 16528 3504
-2448 16800 2224
560 16288 400
-240 16176 432
-64 16160 -464
544 16096 864
816 16080 -448
496 16128 224
-400 16208 1136
112 16208 1120
352 16288 -160
304 16224 -480
224 16352 464
736 16480 416
80 16240 240
96 16240 144
464 16208 96
608 16240 -96
576 16304 -16
656 16128 -160
192 16096 304
176 16112 528
688 16208 352
592 16160 656
384 16176 192
496 16192 -112
528 16256 -160
320 16240 -208
480 16176 64
336 16256 304
496 16336 16
720 16272 -64
592 16208 -160
624 16208 32
560 16192 144
496 16208 80
400 16240 128
480 16240 16
496 16240 48
528 16256 48
368 16160 192
528 16240 336
528 16272 176
544 16288 -64
464 16160 32
368 16192 16
464 16080 -48
480 16096 112
352 16240 288
288 16224 272
368 16224 112
608 16256 256
480 16208 64
464 16192 224
352 16176 528
368 16224 304
464 16176 80
448 16208 144
352 16192 160
512 16208 32
448 16208 208
464 16144 224
480 16224 112
496 16128 208
496 16176 208
