startup(x,y,z):(576,16224,208)
304 16192 2128
224 16096 1056
352 16192 1040
656 16224 160
1040 16144 0
-112 16176 752
192 16176 608
368 16240 208
400 16288 -16
672 16320 -656
160 16384 -640
320 16208 -432
336 16176 304
464 16128 464
608 16176 480
624 16224 432
608 16128 320
384 16080 320
416 16192 448
464 16224 544
464 16192 368
432 16208 -80
464 16224 -656
528 16192 -704
352 16192 -640
384 16208 -256
512 16272 176
576 16240 240
432 16192 240
432 16192 288
1312 16288 144
960 16304 592
592 16176 544
-96 16256 960
352 16272 704
1344 16224 -96
1344 16304 -448
688 16320 -720
768 16176 -368
1088 16336 -496
976 16288 -720
272 16192 -96
-432 16096 640
-48 16160 624
1040 16288 -192
1072 16208 -208
16 16224 208
80 16176 624
416 16336 672
720 16336 304
720 16304 48
512 16272 -48
352 16160 -336
288 16224 -416
768 16176 -592
576 16208 -304
272 16288 16
240 16224 240
368 16192 80
496 16144 16
512 16176 288
336 16176 432
384 16112 320
352 16160 160
400 16176 304
464 16176 240
448 16256 -48
256 16256 -128
336 16240 -112
320 16304 -192
368 16272 80
416 16208 208
432 16208 112
432 16176 112
400 16256 64
432 16256 128
432 16224 112
416 16160 224
448 16160 -112
560 16224 0
480 16272 16
512 16224 -48
464 16208 -96
512 16208 -144
432 16240 -32
416 16208 400
432 16160 560
432 16208 432
400 16192 304
272 16192 336
512 16192 256
480 16144 192
464 16240 160
416 16224 80
400 16256 64
384 16256 -48
384 16208 -144
432 16208 160
576 16192 256
512 16208 144
512 16192 240
448 16208 256
432 16240 272
448 16240 336
480 16176 448
656 16224 80
432 16240 208
480 16224 144
416 16304 160
416 16272 144
432 16096 96
320 16128 224
544 16064 240
480 16128 144
400 16144 208
512 16208 0
416 16224 0
384 16288 176
384 16288 -96
480 16288 -96
480 16176 -112
432 16144 -80
432 16240 -64
560 16224 80
512 16256 -32
480 16256 0
480 16208 32
592 16208 112
576 16240 112
592 16176 288
432 16240 192
400 16224 192
432 16240 160
416 16272 96
512 16272 -96
528 16240 96
480 16208 176
464 16128 176
512 16160 32
544 16224 -16
656 16256 128
320 16224 64
560 16096 80
560 16080 96
576 16144 96
576 16160 48
448 16208 -112
384 16208 48
512 16160 0
464 16208 16
528 16176 176
512 16192 96
496 16192 32
416 16224 16
304 16240 16
416 16208 96
496 16256 48
480 16224 96
480 16160 304
448 16256 256
432 16240 384
416 16240 208
448 16240 176
544 16272 96
480 16256 96
512 16256 96
544 16192 208
480 16240 80
432 16224 64
448 16176 192
512 16176 272
528 16192 432
448 16208 320
464 16160 -32
544 16240 256
480 16272 208
368 16272 256
336 16208 160
416 16256 96
528 16304 112
528 16240 32
496 16192 -128
512 16192 48
480 16208 0
464 16256 32
400 16256 272
528 16176 128
448 16192 112
544 16144 160
560 16160 352
512 16224 304
496 16176 272
464 16176 -96
448 16224 -80
512 16112 -80
576 16128 176
464 16192 208
448 16192 128
464 16224 208
512 16320 -16
640 16288 80
368 16208 224
448 16176 272
464 16208 288
448 16160 272
448 16192 320
336 16208 192
320 16256 288
448 16208 320
464 16192 416
464 16192 208
480 16208 176
480 16224 112
464 16144 16
400 16176 -16
464 16224 80
512 16256 64
528 16256 128
320 16240 144
592 16192 -112
560 16224 -48
528 16240 224
448 16256 -32
448 16160 -32
448 16224 304
416 16160 64
416 16192 -16
384 16208 32
496 16160 -96
560 16208 -48
480 16176 0
448 16192 16
448 16176 208
464 16240 64
432 16240 -96
432 16224 -32
432 16240 -16
512 16304 -64
592 16304 -176
576 16304 -192
544 16320 -64
528 16240 144
544 16224 112
448 16240 0
464 16272 16
560 16192 64
496 16176 208
528 16192 -16
544 16256 208
512 16256 160
448 16208 80
400 16240 64
384 16256 48
416 16224 240
480 16272 80
432 16288 64
