startup(x,y,z):(512,16192,144)
-1056 16528 4224
1648 16336 -2496
1072 16496 -1856
1152 16288 -896
192 16352 -1104
224 16304 -1152
-176 16160 48
-64 16400 -208
-304 16176 -384
-80 16240 -400
16 16256 320
496 16256 448
1024 16224 1696
912 16064 1024
560 16016 896
336 16096 736
272 16176 432
768 16176 48
672 16176 320
256 16176 96
304 16144 -304
224 16192 -992
224 16176 -848
816 16240 -784
1024 16272 -336
880 16288 96
624 16224 560
400 16160 608
-32 16256 768
32 16112 896
224 16064 608
464 16144 368
480 16160 80
432 16208 -160
480 16224 -368
432 16224 -288
352 16176 32
288 16112 384
304 16176 256
336 16144 208
560 16208 112
544 16256 160
560 16208 192
512 16224 176
544 16176 304
512 16192 352
352 16224 96
336 16224 496
416 16192 368
432 16224 240
416 16240 -80
672 16176 -96
432 16256 32
432 16272 -128
448 16224 -208
384 16256 -192
416 16256 64
352 16288 352
352 16240 544
384 16192 672
320 16208 544
464 16272 528
480 16256 480
576 16192 192
416 16240 32
256 16240 -144
224 16176 16
208 16224 -272
304 16224 -256
368 16240 -256
384 16192 -128
608 16128 16
512 16192 128
496 16272 -16
384 16144 -112
400 16192 32
368 16208 -16
368 16192 208
448 16112 160
240 16160 16
336 16256 -48
400 16192 96
-960 16288 3104
-1600 15856 544
496 15776 -272
1616 15728 -1424
1280 16096 -2048
352 16160 -480
384 16048 -960
416 15968 -2400
96 15920 -1056
656 16384 -1104
-96 16304 -448
-96 16208 -128
320 16080 112
1024 16336 160
1152 16176 400
624 16112 1232
416 16080 368
112 16224 640
496 16112 576
608 16160 0
592 16240 176
176 16256 -352
256 16080 -816
176 16160 -464
688 16224 -464
688 16240 -192
864 16336 304
256 16304 528
224 16256 512
336 16192 256
384 16240 112
416 16240 -112
352 16320 -176
400 16352 -112
544 16240 -48
512 16208 96
304 16208 304
368 16144 384
464 16256 272
496 16240 208
640 16192 -176
480 16192 -224
480 16160 32
304 16128 224
272 16160 96
224 16192 80
448 16144 80
384 16176 176
384 16224 -48
240 16208 -16
416 16192 0
352 16224 -224
400 16176 32
352 16256 80
400 16192 208
432 16256 160
384 16256 352
416 16256 128
416 16192 448
352 16208 208
496 16208 144
416 16192 -48
368 16224 -64
384 16224 -80
320 16208 -112
464 16192 48
464 16192 16
528 16240 -112
464 16192 -16
448 16272 32
368 16224 112
384 16240 208
448 16224 208
544 16208 160
432 16224 352
448 16272 112
432 16240 16
464 16176 64
384 16192 -48
496 16192 256
384 16160 96
352 16128 272
400 16144 256
384 16176 256
416 16192 208
464 16160 -112
448 16224 -48
496 16256 0
448 16192 -80
432 16192 -80
304 16160 -16
208 16064 64
336 16128 0
304 16224 96
368 16224 64
416 16224 16
384 16208 16
384 16176 -64
496 16144 -16
448 16112 144
384 16128 112
416 16144 176
368 16304 224
352 16272 144
336 16256 128
448 16256 224
368 16224 112
432 16240 32
448 16208 -80
448 16272 32
384 16240 176
448 16192 80
464 16208 -64
416 16208 32
528 16240 -48
448 16240 112
432 16256 112
448 16224 96
448 16208 96
608 16224 -64
640 16304 -208
448 16240 -96
416 16176 -16
464 16224 144
464 16176 32
544 16176 0
592 16176 288
432 16192 96
288 16224 48
400 16224 176
416 16208 48
384 16224 -64
608 16176 0
608 16304 -48
496 16304 -32
544 16288 -96
464 16272 -32
240 16256 96
464 16176 128
560 16240 -96
576 16240 -240
496 16240 -176
480 16304 48
448 16304 48
464 16320 192
480 16208 336
560 16224 192
464 16208 128
464 16176 320
528 16208 96
464 16160 32
384 16208 128
512 16144 160
544 16128 304
464 16096 352
448 16160 272
400 16160 192
368 16160 192
480 16240 48
448 16240 16
528 16192 256
496 16160 448
432 16176 240
368 16192 64
368 16192 80
320 16192 48
352 16304 64
528 16256 32
480 16240 -128
432 16256 176
512 16240 -192
608 16192 -128
592 16192 -176
448 16224 0
