startup(x,y,z):(528,16256,224)
240 16096 832
480 16288 896
784 16320 48
672 16336 192
368 16304 -768
736 16208 -1184
560 16208 -1536
368 16192 -1184
96 16208 -944
384 16160 -704
544 16240 -464
400 16256 -288
496 16272 336
448 16240 784
800 16224 800
624 16192 1184
400 16160 1440
464 16112 1280
400 16176 1152
352 16384 544
544 16416 112
496 16240 -192
416 16224 -368
352 16208 -720
304 16240 -1024
384 16256 -1216
496 16224 -1072
304 16224 -752
320 16208 -272
368 16240 112
352 16224 400
416 16208 496
592 16208 688
608 16208 912
576 16240 800
544 16256 720
400 16192 784
288 16192 576
320 16192 224
352 16256 -368
480 16240 -480
528 16256 -672
400 16272 -688
432 16256 -592
416 16208 -400
416 16272 -128
496 16176 144
496 16240 352
400 16256 432
320 16208 496
352 16176 624
432 16144 656
400 16144 496
400 16160 304
288 16192 160
272 16208 96
384 16112 -128
368 16176 -304
384 16208 -432
352 16256 -560
384 16272 -752
352 16256 -336
320 16256 16
352 16256 96
384 16160 336
368 16192 384
432 16176 512
432 16176 288
480 16192 656
528 16272 528
512 16272 384
416 16224 96
400 16240 0
384 16272 -224
224 16176 -560
480 16240 -368
416 16256 -336
496 16208 -112
528 16208 128
400 16208 64
448 16288 0
320 16224 -48
256 16192 384
352 16224 368
400 16224 544
400 16192 368
432 16192 64
448 16128 -144
368 16128 -96
496 16240 -112
368 16304 160
416 16144 128
544 16208 176
464 16192 464
496 16256 176
480 16288 384
352 16288 352
448 16288 512
368 16240 576
304 16272 384
304 16208 -96
288 16192 128
272 16160 112
368 16208 48
256 16192 112
416 16272 240
400 16224 224
384 16208 176
320 16176 160
416 16144 192
432 16160 176
464 16112 288
544 16208 336
496 16224 224
528 16208 176
496 16272 192
464 16272 112
512 16160 -16
448 16192 64
432 16192 32
368 16208 32
384 16256 32
464 16208 80
432 16208 -16
464 16208 16
448 16240 48
320 16320 -144
464 16288 -64
544 16256 -64
400 16240 96
496 16176 16
512 16240 256
560 16160 240
480 16160 240
528 16144 128
528 16208 240
496 16208 128
496 16256 96
384 16208 256
560 16160 368
448 16192 240
368 16224 176
416 16240 112
416 16224 80
560 16208 16
400 16240 16
480 16192 16
480 16256 -16
528 16272 -16
352 16224 32
512 16128 -32
432 16192 0
416 16208 64
400 16224 112
464 16272 -16
480 16224 -80
624 16160 224
560 16128 384
496 16160 576
336 16224 96
432 16208 0
416 16224 96
320 16304 144
448 16256 144
384 16176 -32
448 16176 64
336 16224 64
368 16288 32
352 16272 80
448 16272 80
384 16240 64
576 16160 272
336 16240 176
400 16208 96
256 16272 -32
368 16208 96
480 16176 160
464 16176 112
368 16240 304
336 16256 96
400 16080 96
512 16144 0
480 16176 16
432 16176 -96
448 16256 144
432 16240 0
448 16240 304
464 16192 128
416 16176 0
368 16208 64
272 16224 96
336 16240 160
352 16288 112
464 16208 80
304 16304 -64
464 16240 128
432 16272 272
432 16224 176
400 16192 -144
528 16240 -96
608 16240 -176
352 16224 160
416 16240 -32
400 16288 128
256 16160 272
320 16160 224
400 16160 144
432 16240 128
432 16224 128
432 16224 224
384 16256 288
400 16288 16
496 16288 144
496 16240 64
448 16272 80
496 16288 64
480 16336 -32
464 16288 -128
624 16288 -32
384 16208 0
448 16256 48
464 16272 16
448 16288 64
416 16224 112
416 16176 112
368 16240 48
448 16240 16
512 16240 -64
400 16256 -80
480 16192 -256
464 16160 -112
384 16240 0
528 16224 -64
512 16144 32
432 16192 32
432 16208 64
384 16224 160
560 16208 224
656 16192 -160
592 16208 96
544 16240 176
560 16288 80
496 16176 -304
496 16208 -48
432 16256 -16
368 16256 -48
368 16256 -48
384 16176 -96
288 16192 -176
416 16192 -192
496 16128 -128
448 16192 -160
448 16208 192
400 16192 208
544 16224 16
400 16160 144
