startup(x,y,z):(464,16224,-208)
-7680 16560 432
-832 16944 -224
-2560 15344 -1616
1488 15968 -2192
5312 15792 -3104
2400 22112 -1568
-17168 17424 17536
-752 15776 6928
3376 15632 1152
6320 15552 -2912
10096 14512 6000
3760 14432 2592
2816 15488 -304
-416 15744 -3392
192 16288 -2944
-2320 16128 -880
-688 16256 -3040
-592 16176 -2576
-272 16208 -2112
-160 16352 -2640
352 16256 -2080
864 16032 -1936
880 16032 -1408
592 16256 -400
1232 16144 1392
1200 16096 2400
912 16144 2320
-64 16144 2480
-528 16192 2112
64 16128 1632
384 16176 1440
448 16304 1376
624 16336 960
640 16304 48
576 16304 -592
384 16256 -752
256 16208 -656
224 16224 -880
240 16256 -688
96 16224 -624
448 16240 -1024
512 16240 -1072
576 16240 -864
576 16176 -480
448 16176 -384
480 16256 128
400 16288 544
176 16288 688
208 16192 816
304 16112 752
560 16160 592
688 16112 528
784 16192 -64
768 16224 -176
384 16256 -352
320 16272 -352
400 16240 -608
320 16176 -320
224 16208 96
416 16192 80
448 16336 192
688 16288 176
608 16160 336
592 16128 0
576 16160 368
464 16176 368
592 16288 64
384 16192 16
320 16288 -32
384 16176 -144
448 16160 -272
464 16144 -176
512 16224 112
592 16256 -16
560 16192 0
496 16336 144
448 16304 640
400 16272 368
512 16208 240
464 16224 160
496 16144 -64
480 16192 0
560 16144 128
496 16176 32
448 16240 -80
416 16192 -112
464 16304 48
400 16304 -32
480 16320 -368
560 16304 -304
448 16272 -32
432 16192 -144
432 16320 96
512 16336 240
464 16160 224
464 16176 192
480 16272 192
512 16304 144
400 16288 176
432 16256 0
432 16288 -208
416 16304 128
368 16288 -32
384 16288 -112
368 16240 -64
464 16192 -96
560 16128 -192
544 16192 -112
400 16160 -32
416 16160 80
464 16160 16
512 16128 80
416 16160 304
464 16256 192
528 16240 48
432 16224 -48
512 16192 -16
512 16224 128
480 16192 -32
544 16112 -176
528 16176 80
448 16176 48
432 16144 128
400 16208 176
304 16256 176
400 16240 112
528 16208 32
480 16224 -32
432 16224 64
416 16256 160
448 16272 240
592 16208 32
672 16224 160
608 16224 256
608 16224 160
480 16192 256
464 16224 -64
320 16208 -64
256 16192 208
224 16128 96
240 16096 144
384 16192 -304
336 16192 176
416 16256 240
400 16224 64
304 16224 32
176 16224 144
368 16176 80
432 16176 -32
512 16192 160
512 16176 112
384 16320 96
448 16304 128
400 16272 240
352 16272 256
400 16272 112
512 16368 176
496 16320 352
656 16304 144
560 16272 -160
560 16240 -160
464 16288 -32
432 16288 320
368 16208 144
448 16208 352
448 16240 112
480 16240 -80
384 16272 0
416 16288 112
416 16288 64
400 16224 112
352 16240 80
336 16240 64
400 16272 64
320 16208 208
560 16240 272
640 16272 32
480 16256 80
416 16224 176
432 16192 320
464 16160 384
528 16192 320
512 16192 80
560 16192 176
400 16192 208
256 16192 128
416 16192 160
368 16192 64
384 16144 48
432 16160 160
432 16208 64
432 16160 -32
544 16208 80
496 16256 -32
528 16272 -192
432 16288 -80
512 16192 0
592 16192 160
496 16192 -16
480 16176 -128
480 16192 208
416 16096 -96
368 16176 -144
352 16208 208
304 16192 256
448 16272 128
448 16240 32
480 16240 -64
368 16240 144
432 16192 -48
416 16208 -64
416 16160 64
400 16160 144
400 16192 224
512 16208 256
448 16112 320
528 16128 176
480 16160 80
464 16176 112
384 16144 112
432 16176 96
384 16176 32
432 16160 176
288 16224 32
320 16144 16
384 16176 -112
352 16192 208
448 16192 256
432 16208 112
400 16256 96
384 16272 128
448 16192 128
624 16192 16
672 16256 96
496 16224 -128
464 16224 -48
416 16160 320
448 16176 352
400 16240 32
528 16256 112
512 16208 80
496 16160 48
544 16144 48
528 16112 336
496 16208 -112
560 16208 -32
496 16160 144
480 16192 128
432 16160 -32
480 16144 -48
480 16160 -96
528 16176 0
352 16240 96
336 16208 64
352 16192 96
320 16208 32
