startup(x,y,z):(448,16192,192)
752 16224 -320
304 16144 1360
384 16192 560
256 16256 -128
592 16336 -656
560 16352 -528
400 16320 -400
464 16224 -544
816 16192 80
240 16224 144
272 16224 192
272 16144 64
416 16176 32
544 16240 32
784 16224 -160
336 16240 800
336 16272 640
576 16224 512
464 16288 176
416 16256 -256
368 16208 -544
320 16208 -240
320 16160 64
304 16208 32
848 16128 -272
1008 16128 -256
832 16240 -544
448 16224 -80
192 16144 288
176 16208 448
656 16160 400
432 16208 400
496 16224 176
464 16240 288
544 16144 176
528 16096 -16
608 16096 -112
448 16176 -160
416 16208 -48
400 16240 -272
624 16160 -336
464 16144 -96
560 16208 -112
528 16192 128
512 16176 240
480 16320 480
432 16288 256
336 16304 288
384 16256 160
416 16224 112
400 16224 -64
288 16160 -224
416 16240 -64
528 16208 -112
528 16224 64
448 16240 192
256 16240 192
464 16288 160
464 16192 128
464 16176 608
512 16160 544
400 16112 336
464 16096 352
528 16128 208
512 16192 -288
384 16208 -208
432 16208 -80
448 16208 -64
432 16176 0
432 16208 112
544 16240 208
512 16208 352
480 16176 352
432 16272 448
304 16288 432
400 16240 336
480 16304 176
496 16240 144
368 16224 144
544 16224 -208
464 16224 -240
464 16192 -208
496 16224 64
400 16224 80
480 16208 0
528 16160 176
480 16208 320
416 16240 224
272 16208 272
400 16208 320
384 16256 224
480 16208 320
512 16128 272
480 16176 96
400 16192 32
304 16144 16
224 16224 80
400 16240 -128
384 16176 240
368 16192 144
400 16224 -16
480 16256 48
544 16128 224
352 16160 304
512 16176 288
384 16192 368
384 16176 176
352 16192 48
384 16192 -160
432 16208 -112
416 16192 -64
320 16208 -48
400 16208 64
416 16176 96
448 16144 256
416 16224 80
464 16208 32
560 16192 144
448 16176 272
416 16208 240
544 16144 304
448 16096 256
384 16208 144
416 16192 -224
384 16144 -208
384 16192 64
368 16192 160
496 16176 192
432 16176 176
512 16144 176
576 16112 288
352 16192 256
448 16208 208
688 16160 112
576 16176 304
496 16192 208
416 16208 32
512 16208 -48
304 16288 -96
336 16240 -48
368 16240 32
368 16224 32
400 16208 448
448 16224 480
432 16208 208
432 16224 208
416 16208 192
432 16160 176
608 16272 144
528 16192 240
480 16208 112
496 16192 96
448 16224 -240
512 16256 -272
432 16240 -208
448 16256 96
496 16192 128
480 16224 80
432 16208 336
432 16240 240
512 16160 128
720 16160 128
576 16096 32
512 16176 32
384 16192 48
288 16192 32
272 16240 -64
416 16336 -16
464 16256 0
432 16176 16
416 16160 64
448 16192 80
416 16192 112
304 16320 96
448 16176 112
368 16176 16
448 16192 192
384 16128 208
448 16160 176
496 16032 144
464 16176 192
432 16176 16
464 16240 112
464 16144 144
592 16160 16
512 16256 160
432 16240 128
480 16176 176
496 16176 304
512 16160 144
608 16144 160
544 16208 128
464 16224 -48
448 16256 16
496 16160 -16
592 16192 -112
608 16080 -16
608 16064 32
432 16096 96
496 16112 480
432 16144 448
496 16256 272
576 16224 304
544 16304 96
352 16208 32
384 16192 176
464 16192 112
432 16224 16
416 16192 32
400 16144 160
384 16192 -272
464 16240 -96
528 16224 -144
480 16224 96
464 16208 96
400 16224 -48
448 16192 384
384 16272 368
512 16256 256
496 16240 208
480 16176 192
496 16112 0
640 16176 48
448 16192 16
416 16176 -176
448 16112 -176
464 16208 -32
512 16192 368
496 16272 0
528 16320 -32
592 16176 112
512 16192 112
528 16144 96
560 16144 -80
384 16208 -64
448 16096 -160
416 16160 -32
288 16192 16
432 16176 96
464 16144 -160
512 16192 176
448 16272 176
416 16256 256
272 16208 160
320 16176 96
400 16224 144
432 16176 160
464 16176 368
528 16192 256
464 16240 160
544 16256 96
512 16208 64
512 16256 64
464 16224 -192
464 16160 -368
384 16176 -320
