startup(x,y,z):(464,16112,-144)
6848 16592 -272
-576 16992 752
4256 16880 80
592 15824 -384
-2400 16032 -2784
-1248 15520 -4304
-4400 16032 -2976
-3120 15840 -1760
-288 16256 -2800
-752 16144 -1840
-32 16208 -2288
640 16288 -2304
1280 16016 -2624
1504 16208 -1232
1408 16160 -1232
1296 16400 -768
1104 16320 2064
864 16352 2032
-176 16176 2480
-624 16144 2992
-16 16096 2432
80 16048 1920
528 16096 1600
528 16176 1200
800 16288 -16
880 16240 -624
640 16112 -832
592 16144 -1008
448 16224 -944
208 16304 -720
240 16240 -400
320 16256 -688
560 16304 -928
640 16192 -752
496 16208 -784
672 16240 -304
528 16208 384
640 16240 448
400 16256 880
240 16256 1104
224 16224 992
208 16128 896
288 16160 720
480 16192 1136
848 16192 656
816 16112 480
592 16176 -48
512 16208 -384
416 16272 -624
160 16224 -592
256 16256 -640
144 16256 -496
384 16256 -208
496 16160 -64
528 16256 0
608 16176 112
624 16272 144
560 16288 560
496 16304 608
544 16272 -384
576 16256 -368
512 16144 -272
560 16224 -208
528 16160 -208
528 16176 -64
432 16208 -112
464 16272 240
448 16304 368
352 16272 368
432 16224 304
368 16272 384
352 16256 128
464 16256 176
512 16304 96
576 16288 -128
624 16192 -96
464 16208 -160
320 16224 96
400 16224 144
416 16192 64
416 16240 48
592 16192 -16
512 16176 128
432 16176 240
512 16144 272
528 16160 432
448 16144 432
480 16192 576
464 16240 432
480 16208 240
400 16240 80
640 16176 -112
592 16208 -80
560 16256 -64
496 16224 -64
496 16224 -144
448 16224 0
400 16240 128
352 16176 32
288 16272 192
320 16224 320
384 16144 480
576 16144 480
544 16160 16
416 16208 96
416 16224 -32
496 16208 416
544 16224 96
432 16240 96
432 16256 64
528 16240 112
624 16208 320
688 16256 48
592 16224 -80
544 16272 -80
464 16272 48
560 16240 -48
464 16336 32
464 16288 80
448 16272 128
400 16256 16
432 16240 64
480 16224 32
528 16176 240
432 16224 240
352 16272 256
352 16272 176
384 16224 272
384 16192 320
496 16208 16
528 16224 240
544 16256 272
448 16240 112
464 16272 0
496 16272 32
480 16288 96
480 16144 80
512 16176 144
480 16272 144
592 16368 80
512 16288 32
480 16240 80
592 16256 -80
464 16224 -80
480 16192 -64
480 16192 -96
352 16128 -32
384 16208 16
400 16160 240
448 16240 224
576 16192 32
320 16176 144
304 16256 -96
336 16224 16
416 16256 16
480 16176 16
400 16224 16
528 16192 96
576 16112 288
304 16224 240
400 16176 96
544 16256 224
480 16256 16
416 16272 -16
480 16192 80
480 16160 240
576 16112 272
480 16160 544
592 16192 288
512 16208 224
432 16176 208
464 16320 256
416 16256 288
384 16192 224
224 16128 304
240 16304 224
544 16256 16
608 16176 -32
624 16240 80
560 16224 0
544 16224 16
352 16224 -16
448 16192 112
384 16176 320
384 16160 480
400 16256 512
528 16208 544
640 16112 224
544 16112 304
688 16160 -48
1712 15760 -2048
3056 15824 -4736
-464 16768 -1440
-1760 16480 352
-992 16352 -320
48 16144 80
-208 15952 1168
176 15504 1472
800 16016 1120
2800 15440 -112
1984 15792 -80
224 16112 1632
160 16112 1488
880 16192 416
880 16272 -784
400 16400 -1312
176 16320 -896
304 16192 -1072
768 16192 -864
496 16128 -240
48 16208 336
144 16160 880
496 16192 736
640 16224 -240
544 16240 224
432 16304 640
336 16272 800
496 16256 704
480 16208 -80
432 16160 -128
320 16192 -80
272 16240 -416
480 16256 -784
496 16240 -528
368 16176 144
320 16272 560
656 16320 432
688 16240 -16
768 16224 224
624 16176 352
528 16144 560
560 16160 832
432 16144 784
352 16272 528
480 16272 80
544 16240 -192
416 16192 -416
400 16192 -384
384 16160 16
400 16160 48
272 16160 400
400 16176 416
384 16256 432
448 16224 336
512 16176 336
496 16192 320
560 16208 224
432 16144 320
352 16144 256
592 16176 224
496 16128 64
416 16080 -176
496 16160 -304
416 16112 -208
432 16192 -128
384 16208 144
