startup(x,y,z):(496,16240,176)
528 16464 1504
464 16528 1504
432 16672 1664
544 16512 1584
544 16448 1168
576 16560 624
368 16560 320
848 16288 320
272 16640 928
656 16512 1200
144 15984 960
640 16416 1088
176 17456 2272
176 19776 4032
176 26208 5584
576 29424 16832
-11664 -7456 -48
-3200 -13376 -624
-3200 9632 -4944
624 18048 7872
1440 14496 15200
2832 13280 7184
4688 13392 -1904
4688 12048 -8048
4416 12048 -8048
3456 10256 -5728
928 9088 -9504
1328 9280 -9088
2576 9776 -7008
2704 9424 -7344
2704 9424 -4096
3216 8064 -3296
2480 8288 -2304
2000 8288 -2816
960 9248 -2640
480 10000 -2464
16 10016 -3504
176 10224 -2480
-816 10640 -1248
800 12960 1904
-1376 14640 -1488
-1376 16480 336
-2704 17488 -768
-3936 18096 -736
-3760 19008 2336
-3760 19392 3968
-1040 19216 3312
336 18768 5824
336 18688 3664
336 18384 2864
336 17024 624
1392 15008 1232
256 14544 224
288 14848 -944
1264 14064 512
656 14256 -1280
2064 13248 -1232
1712 13664 -1040
848 12832 -1936
3088 12096 -2304
3088 11968 -1776
4000 12864 -1680
1728 14096 -1312
3760 14496 -208
1824 14336 -2464
2784 13968 -1888
3760 13424 -384
5520 13296 -1024
14176 16368 9472
6864 19248 4576
6864 18240 2512
7280 16688 2384
7280 16688 80
5280 15360 -64
7136 15104 -3040
7472 15376 -3040
6704 14480 -3056
6304 13488 -2352
4544 13344 2368
4784 16048 -1168
7888 16784 -1152
6624 14496 -2608
6752 12768 -2544
7104 13344 -2400
7104 14688 -1696
7920 14688 -1696
6672 14272 -2112
6064 14448 -1760
4768 14176 -688
5728 14240 -1872
7024 15488 -1568
6976 14528 -2224
6496 15168 -768
8128 15168 -1808
6784 13552 -1808
8352 13744 -1696
7552 13856 -2032
8048 13520 -2720
8208 15088 -2944
7824 14880 -3168
7008 14272 -3600
7104 13824 -3424
7728 14368 -3264
7088 14976 -4128
7088 14976 -4320
7520 15440 -4000
7872 15280 -4480
7472 14048 -4000
8208 14832 -3200
8800 14832 -3584
8800 13776 -3696
8272 13424 -4048
9024 13456 -3952
9024 13456 -3760
8944 12880 -4224
8944 13104 -4224
9520 14064 -4080
9584 13376 -4496
9584 13440 -4144
9184 13264 -4048
9232 13840 -3984
9232 14304 -4288
9136 14304 -4288
9056 14400 -3920
8832 14032 -3776
8816 13296 -3904
8688 13296 -3920
8688 13296 -3920
8752 13376 -3872
8512 13696 -3424
8448 13488 -3488
8544 13280 -3568
8400 13104 -3440
8688 13184 -3776
8896 13168 -3760
9136 12944 -3872
9232 12912 -3776
9312 12704 -3776
9472 12560 -4048
9568 12544 -4272
9616 12560 -4192
9520 12544 -4256
9520 12672 -4064
9168 12752 -3920
9088 12688 -3904
9152 12848 -3936
9120 12768 -3888
9296 12752 -4048
9248 12848 -4192
9168 12784 -3904
9152 12816 -3840
8928 12880 -3808
8928 12912 -3840
8816 12912 -3872
8832 12864 -3968
9120 12944 -4128
9152 12944 -4128
9312 12880 -4224
9296 12832 -4240
9248 12816 -4304
9184 12848 -4208
9200 12784 -3840
9152 12816 -3952
9328 12896 -4304
9168 12848 -4256
8992 12896 -3904
8960 12768 -3808
8960 12816 -4064
9072 12928 -4096
9072 12928 -4096
9088 12880 -4016
9120 12864 -3952
9120 12832 -3968
9056 12848 -4160
8992 12864 -4112
8960 12816 -4032
9136 12848 -4096
9248 12832 -4160
9248 12848 -4000
9152 12848 -4000
8976 12848 -4128
9008 12800 -4128
9024 12784 -4208
8800 12800 -4000
8800 12752 -3872
8848 12832 -3984
9008 12800 -3936
8960 12848 -3968
8944 12800 -3968
8928 12752 -3968
8848 12832 -4528
8960 12848 -4352
9008 12864 -4128
9168 12848 -4064
9168 12816 -4096
9120 12816 -4176
9136 12784 -4240
9232 12784 -4240
8880 12832 -3984
8960 12800 -3968
8880 12816 -4016
8944 12832 -3904
9008 12832 -3824
9104 12816 -3936
9200 12816 -4064
9200 12912 -4208
9168 12912 -3968
8912 12784 -3920
8912 12864 -3872
8784 12864 -3968
9008 12816 -3968
8848 12800 -3888
8880 12832 -3936
9040 12816 -4016
9056 12880 -4080
9072 12944 -4016
9024 12848 -4064
8976 12896 -4096
9056 12832 -4320
9136 12784 -4288
9136 12784 -4416
9136 12896 -4208
9216 12896 -4336
9168 12848 -4336
9072 12832 -3952
9248 12880 -4096
9296 12944 -4128
8832 12976 -4064
8720 12976 -3792
8624 13024 -3664
8800 12992 -3632
8912 12960 -3872
8912 12928 -3888
8800 12800 -3920
8848 12800 -3920
9136 12864 -4000
9136 12880 -4064
9072 12912 -3904
9072 12912 -4320
9088 13024 -4272
9040 12976 -4144
9152 13008 -4144
9136 13008 -3632
8928 12976 -3856
8912 12960 -3856
8960 12896 -4000
9024 12928 -3952
9008 12848 -4096
8976 12832 -4112
8976 12880 -3872
9088 12880 -4016
8976 12944 -4144
8976 12944 -4080
8912 12928 -3984
8928 12832 -3984
8928 12784 -4128
8880 12800 -4032
8944 12848 -3920
8976 12832 -3568
8928 12912 -3760
8800 12928 -3888
8816 12928 -3968
8720 12944 -4112
8896 13024 -4272
9008 13120 -4144
8784 13088 -4144
8880 13040 -4000
8992 12976 -4080
8992 12928 -3904
8896 12944 -4032
9040 12928 -3984
8960 12848 -4192
8864 12864 -3952
8928 12720 -3712
8832 12768 -3664
8864 12928 -3888
8864 12848 -3904
8864 12848 -3904
8608 12912 -4208
8768 12944 -4064
8752 13040 -4048
8752 13040 -4048
8976 12864 -4336
8928 12864 -4336
8832 12896 -4192
8768 12944 -4128
8944 12928 -4304
8960 12976 -4016
8928 12944 -4064
8928 12992 -4032
8992 12992 -3952
9024 12992 -4048
8896 12976 -4048
8832 12992 -4192
8768 12960 -4160
8880 12912 -4080
8784 12880 -3888
8816 12976 -3824
8736 12976 -3888
8736 12992 -4048
8720 12992 -4128
8736 12912 -4128
8896 13008 -4160
8848 13008 -4160
8896 12880 -4064
8816 12912 -3808
8928 12960 -3840
9040 12992 -3808
8960 12992 -3616
9088 12960 -3872
9088 12960 -4080
8992 12960 -3632
8928 12992 -4208
8992 12912 -3712
8976 12912 -3712
8672 13056 -3920
8784 13040 -3984
8784 13024 -3968
8800 13056 -4192
8944 13040 -4080
8832 12992 -4016
8832 12960 -4016
8880 12960 -4160
8848 12992 -4160
8880 13024 -4096
8960 12928 -4048
8992 12992 -3952
8960 13056 -4160
8848 13008 -4080
8848 13008 -4128
8944 12944 -4128
8880 13088 -4288
8880 13104 -4256
8912 12976 -3920
8592 12928 -3888
8704 12960 -4112
8816 12976 -4144
8816 13072 -4096
8816 13008 -4096
8816 13008 -3952
8784 12960 -3952
8816 12976 -3808
8944 13008 -3824
8896 12960 -3872
8912 12992 -3824
8864 12960 -3824
8864 12960 -4032
8992 13008 -4112
9120 13008 -4112
8864 12992 -3984
9024 12992 -3760
8864 13008 -3760
8864 12976 -3568
8864 12960 -3824
8864 13040 -4064
8992 12928 -4224
8960 12944 -4128
8960 12976 -4000
8912 12960 -3824
8976 12960 -3824
8880 12928 -3904
8896 12976 -3904
9136 12976 -3888
9008 12976 -3936
9024 13008 -3824
9024 12992 -4080
9024 13008 -3744
8976 13008 -3920
8816 13056 -3936
8816 12976 -3760
8848 13008 -3728
8832 12976 -3680
8928 13008 -3968
8960 13008 -3904
8848 13024 -3840
8880 12992 -3840
8720 13024 -3728
8848 12992 -3808
8800 12960 -3712
8880 12880 -3808
8896 12912 -3936
8864 13024 -3888
8848 13056 -4032
8848 13008 -3824
8992 13008 -3824
8960 13024 -4112
8944 13040 -3872
8976 13008 -3840
8864 13024 -3968
8832 12928 -4272
8848 13008 -4112
8832 13072 -3984
8832 13024 -3872
8880 12944 -3872
8864 12944 -4176
8832 13008 -4176
8880 12992 -3920
8784 12992 -3840
8816 12992 -3968
8816 12944 -3920
8816 12960 -4000
8752 12960 -4000
8544 12976 -3952
8720 12944 -3792
8768 12944 -4176
8832 12928 -3936
8800 12928 -3872
8896 12976 -3808
8960 12960 -3952
8960 13056 -3888
8608 13056 -3888
8960 12912 -4000
9056 12848 -4000
9104 12928 -4112
8912 12928 -4320
8832 12944 -4320
8784 12944 -4064
8832 12928 -3952
8800 13072 -4176
8816 12928 -4160
8880 12896 -4112
8672 12976 -3968
8624 13104 -3904
8704 13168 -3936
8704 13072 -3872
8896 13072 -3920
8992 12944 -4016
8944 12880 -4016
9088 12848 -3984
9088 12992 -4160
9056 12976 -4288
8816 12992 -4256
8848 12976 -4288
8944 13024 -4144
8944 12928 -4128
8848 13040 -4000
8864 13040 -3792
8912 12912 -3904
8960 12944 -3872
8784 12880 -4064
8720 12992 -4032
8944 12912 -4160
8944 13008 -4192
8880 13008 -4096
8848 13008 -4096
8800 12960 -4272
8720 12896 -4192
8896 12912 -3920
8912 12912 -3760
8768 12992 -3760
8800 13072 -3984
8784 13024 -3968
8912 12960 -3920
9008 12928 -3888
8976 12960 -3808
9104 12960 -3760
8944 13008 -3936
8912 13040 -3792
8848 12976 -3760
8800 12944 -4000
8896 12944 -4016
8848 13024 -3952
8688 12976 -4048
8784 12880 -3840
8784 13024 -4112
8912 12944 -3856
8928 12944 -3856
8880 12896 -3792
8848 12896 -3680
8880 12896 -3648
8752 12944 -3648
8864 12992 -3760
9008 12944 -4032
8832 12992 -3872
8848 13088 -3984
8800 12944 -3952
8832 12944 -3920
8832 12944 -4256
8832 12912 -4016
8832 12992 -4016
8816 13008 -3856
8720 13056 -3856
8528 12944 -3824
8784 12944 -3776
8800 12992 -3936
8736 13008 -4096
8720 12976 -4112
8720 12976 -4160
8896 12992 -4160
8912 12880 -4128
9008 12912 -4000
8800 12944 -4048
8768 12992 -4208
8800 13040 -4240
8784 12976 -4080
8864 13024 -4112
8864 12928 -3968
8816 13040 -3920
8816 13040 -3872
8672 13040 -3872
8624 12976 -4224
8656 13056 -4224
8800 13008 -4096
8800 13008 -4240
8912 13104 -4240
8832 13024 -4144
8944 12976 -3984
8976 12832 -3904
8896 12896 -3952
8992 12816 -4256
9024 12784 -4272
9024 12848 -4400
