startup(x,y,z):(432,16208,128)
1920 21920 784
2672 20432 704
2080 17440 2624
1152 15488 1232
1040 15424 832
656 15296 832
128 16112 1344
608 16256 2208
816 16624 2048
-1296 16016 2416
-320 16544 1904
-320 16544 1456
576 16848 1456
256 15824 1744
736 13120 896
-128 13120 896
-1168 12784 192
-16 13856 -144
336 14736 544
544 15504 1136
512 15680 1488
496 15680 1328
512 15776 1072
512 15840 1152
576 15856 1680
784 15888 2208
1248 15840 2256
1248 15856 2240
1168 15856 2240
960 15920 2256
528 15840 1920
288 15792 1504
304 15776 1296
368 15808 1520
608 15920 2016
976 15872 2256
1248 15712 2720
1056 15376 2720
432 15536 2656
16 16064 2928
64 16336 2736
64 16336 2800
-64 15664 3248
144 15568 2496
176 15712 1696
144 15840 1296
128 15872 1088
-256 15680 1184
160 15696 1184
80 15408 1392
-96 15408 1440
-320 15360 928
-528 15360 1008
-320 15312 1008
-192 15264 912
144 15184 208
400 14992 -224
656 15024 -224
576 15040 -208
656 15200 -304
624 15200 16
432 15488 304
352 15600 96
304 15904 -320
272 16160 -624
-1504 17696 688
288 15040 -368
704 15040 -96
192 20784 -1056
784 16848 -1056
1136 14608 -1424
512 15088 -1024
1056 16896 -1264
1376 16544 -1344
1376 16752 -1360
1344 16752 -1760
1248 16400 -1920
1200 15952 -2032
736 16224 -2096
736 16224 -2560
752 16720 -2624
752 16880 -2496
672 16880 -2960
784 16720 -2960
800 16800 -3536
672 16960 -2816
608 16832 -3216
288 17136 -3232
368 17136 -3232
384 16592 -3216
288 16768 -2800
624 16528 -1648
864 17520 -768
976 17280 -304
1248 19280 -608
1248 17232 -768
1472 17152 -864
1568 17584 -880
1488 17216 -448
1488 16288 384
1280 16288 384
1456 12048 544
1120 11120 528
480 11264 880
-768 12960 -6736
-4096 14192 -12656
-4272 15344 -4752
-2128 16608 -2928
-576 16560 -1776
160 16240 -576
-368 15568 -320
-368 14880 -128
-816 14880 -128
-1104 14288 288
-1248 13888 1264
-1296 14160 1968
-1152 14704 2448
2144 16640 4672
3264 17072 640
3040 17584 720
2240 17440 1200
1760 16752 160
1568 16272 -688
1568 15440 -1888
1568 14368 -2480
1344 14368 -5616
512 14032 -240
-2624 20256 -16
-1216 3136 -3632
-384 17024 -944
1872 14192 -3024
1872 17072 -3232
2240 17072 -3232
2896 17296 -3744
2704 18096 -2928
3248 20336 -1632
3152 21072 -896
2960 19968 -960
2432 18000 -528
1696 16512 -576
1136 15920 -1600
560 15472 -2624
112 14784 -2688
-272 14192 -2288
-272 14112 -1568
-352 14112 -224
-720 13744 -224
-768 13728 368
-832 14160 736
-8048 16464 3664
-4352 15152 8880
-880 15472 5696
1872 14528 2864
1920 13328 1808
1152 12160 1696
1152 11552 1984
-496 11552 1520
-2432 11424 1520
-2768 12112 2256
-2480 13184 2368
-2400 14544 720
-1824 15376 400
560 20640 -2320
1968 23936 -6720
2944 23296 -5472
2944 22352 -2096
2976 21440 -2224
3184 21440 -4496
2144 19216 -4496
4336 18816 -3904
3616 14624 -4816
3200 17184 -4384
2448 17152 -4288
2016 18976 -3952
1680 18848 -2304
1680 18848 -960
3120 19712 -960
2848 19056 -352
3808 19360 -656
3968 18496 -1248
3728 17264 -1696
3360 16144 -2672
3360 15376 -3552
2080 14800 -3984
-16 14368 -4032
-16 13840 -4080
-528 13840 -4080
-736 13184 -3312
-784 12992 -3712
-688 12720 -2848
-768 12176 -1664
-656 12000 -400
-656 12976 1424
48 12976 5152
-7232 21376 7392
-3072 22224 7440
-1056 21184 3808
-704 17120 -96
-704 12784 -2016
-1184 11680 -1904
-2304 12368 -592
-2304 10592 2672
1712 10592 2672
2800 17696 -1568
2016 20016 3760
1952 20864 2112
1824 19568 720
1952 19152 1072
1760 19152 112
1664 18928 112
1488 18368 -880
1392 16912 -2320
1648 9520 1392
4064 16976 -464
3664 20336 -3840
4768 23680 -3840
5984 22432 -2944
5728 20080 -1104
5536 20080 -1104
5328 19184 -944
4672 18992 -2128
3680 18496 -3744
2352 17312 -4448
1328 15536 -4656
400 14016 -4016
-240 13104 -4048
-432 12880 -4480
-528 13360 -4480
-752 13520 -3600
-1040 13344 -2160
-1360 12864 -1264
-7488 13232 5440
-6368 14624 3088
-4176 14608 5056
-992 14208 1952
176 13248 112
640 12560 -1152
640 11456 -1456
-160 10848 -1664
-864 10848 -1472
-1616 10384 -1472
-2464 21504 7600
-5232 16384 9456
-4880 12000 11664
-3440 17408 2464
240 17088 4768
2480 17568 6624
4112 17504 -1104
4736 16448 -1328
4064 16448 -1744
3088 16816 -1744
2320 17216 -1744
2112 17680 -2192
2112 18704 -2400
2448 19712 -2720
3696 20416 -3024
4208 20496 -3456
4544 19472 -4352
4048 17520 -5040
3120 16048 -2976
3264 16144 -2112
3248 17200 -2224
3504 17936 -2832
3504 17808 -2992
3488 17088 -3008
3040 16272 -3248
2480 15584 -3312
2480 14976 -3104
1984 14976 -3600
2304 15072 -3600
1328 14688 -2752
912 14480 -2288
400 14064 -2896
32 13696 -2160
-432 13152 -1056
-464 12784 -288
-672 12688 592
-1104 12928 1088
-1104 15472 -848
-6160 14768 4224
-4896 14768 8480
-2368 14768 8480
-32 14240 7248
688 13696 2656
224 13248 -832
-848 12880 -1952
-2224 12912 -1024
-2800 15040 1008
-4160 9728 -2368
-592 9616 -12448
-592 5344 -2128
416 6384 3440
2048 10336 1136
3088 13536 -1376
3520 15280 -1312
3392 16160 -2544
2736 16752 -3232
2352 17744 -3104
2480 18464 -3088
2688 19056 -2848
3216 19120 -2704
3504 18656 -3504
3504 16768 -3616
3280 15984 -1696
3792 16992 -880
3792 16992 -1520
4672 18544 -1520
4640 19232 -2784
4096 17632 -3040
3088 17632 -2784
2320 16704 -2784
1616 16000 -2288
896 15392 -2256
64 14992 -2080
-720 14496 -2624
-528 14496 -4032
-1440 14016 -2928
-1440 14016 -2048
-1616 13968 -864
-1552 13632 448
-1488 13744 1536
-2000 13648 2624
-1808 13776 3376
-2176 13776 -2960
-5312 12976 -2960
-4384 13232 -3920
-1616 13712 -2704
64 13792 -1088
-112 13648 320
-1200 13536 1136
-2032 13632 1664
-2144 14240 2032
-1968 15104 2944
-1968 15712 2960
-1376 15712 3216
-1008 15456 2336
-304 15232 1536
160 15232 1536
464 15136 768
816 15248 -192
688 15504 -800
688 15616 -1408
912 15968 -1792
2176 16544 -3600
2816 19648 -2112
2816 21168 -2256
2992 21168 -2832
2880 20928 -2672
2816 20144 -2672
2720 19312 -2832
2480 18736 -1168
2640 19008 -528
2672 19456 -832
2416 19312 -992
2304 18688 -1392
2032 17936 -1664
2032 17936 -1664
1904 17392 -1664
1616 16608 -1616
960 15904 -1536
528 15568 -2368
-528 14784 -1616
-1072 14064 -1104
-1136 13696 -1232
-1760 13056 -432
-2128 12880 -160
-2176 12848 128
-2688 12608 784
-2592 22624 15744
-4592 26832 11152
-1520 19232 15552
-1328 17440 6592
-1776 15264 2864
-2336 11632 2000
-1824 10896 1408
-1824 11872 1216
-1952 11872 1728
-2128 13072 1664
-2192 14192 1696
-1504 14912 2112
-1168 15552 2496
-1136 16192 2752
-736 17536 2304
-320 18752 1680
304 19712 1008
1792 23968 5392
2944 20880 -1616
2912 20112 -416
3120 17872 -528
3344 17968 32
3344 18496 -832
3520 18480 -1664
3360 18480 -1664
3168 18112 -2864
2976 17296 -2656
3072 17184 -2544
3072 17104 -2400
2816 17104 -2400
1840 16848 -1776
656 16160 -1744
80 15760 -1600
80 15344 -1680
-896 15008 -1632
-1328 14704 -944
-1760 14464 -816
-1760 14096 -736
-1920 13712 -560
-1936 13376 -448
-1952 13024 -432
-1904 13024 208
-1952 12736 208
-2080 12736 608
-2048 13072 784
-1920 13440 1488
-1808 13952 1808
-1744 14336 1808
-1792 14752 2304
-1792 15120 2480
-1888 15424 2400
-1920 15696 2192
-1856 17344 1744
1952 18224 -3440
2000 25008 5216
848 14304 3024
2352 15360 4672
2896 15360 2704
2688 17104 -1888
1872 17920 -5600
2720 1440 -11968
2944 15312 -7840
2944 16240 -6512
2736 16240 -6768
2720 14480 -5040
1728 17424 -4880
1728 17424 -4160
1008 17136 -4160
704 18368 -2384
624 19632 -1040
912 19616 -192
1296 19344 -1024
1696 18096 -1024
1584 16864 -1552
1184 15728 -1728
576 14896 -1424
-48 14288 -1056
-816 13888 -640
-1296 13600 -64
-1792 13680 432
-2112 13792 944
-2320 13744 1696
-2304 13840 1872
-2800 13936 2016
-3136 14080 2112
-4224 14064 -112
-3696 14880 1632
-3024 14928 2256
-2576 14672 2592
-2800 14240 1888
-2816 13968 1280
-3040 14048 896
-3040 14160 672
-3184 14512 464
-2112 14880 0
-1488 14912 -384
-1296 14672 -48
-1040 17024 688
2832 12416 -6656
3344 14688 4304
4640 16112 3872
4640 15808 1616
5312 15808 -1344
4752 16784 -1344
4176 18224 -3024
3184 18720 -3616
2320 18144 -3968
1936 17152 -3872
1856 16496 -2112
2528 17088 -864
3712 19040 -1936
3312 19776 -1920
3216 19552 -1568
2944 18768 -1648
2144 17776 -1872
1152 16768 -1888
1152 15872 -1856
-336 15056 -1776
-1152 14400 -1728
-1152 13760 -1392
-1904 13232 -960
-2544 13232 -432
-2960 12912 -432
-3168 12768 32
-3552 12560 912
-3760 12688 1888
-6176 11760 -2144
-4752 12432 -3424
-2720 13360 -2368
-1440 13568 -128
-1440 13232 992
-2032 13232 1904
-3104 13104 2144
-3664 14064 1984
-3312 14512 1328
-2688 14928 1328
-1904 15264 992
-1360 15216 464
-960 15248 320
-688 15328 96
-480 15952 -224
-480 22944 4032
3408 23808 -2352
4560 22256 -4736
