startup(x,y,z):(240,16128,336)
0 16688 1376
16 16272 816
-1376 16432 -400
528 15648 480
528 16112 608
688 16112 1216
-656 15952 1216
-112 15776 1616
464 17584 1520
560 17184 2080
-224 16800 1776
-224 16544 1824
-752 16512 1632
432 16752 2480
160 16752 2016
-144 16864 2016
224 17216 1088
80 17104 896
160 16384 768
160 16032 976
336 16032 896
336 16000 896
224 16112 1120
176 17120 944
1968 16928 416
1648 16640 832
1376 16832 640
864 17088 912
880 17088 1152
720 17264 1152
416 17376 1344
384 17392 1568
336 17408 2192
112 17296 2416
112 17296 2432
112 17216 2432
-32 17120 2512
304 16896 2400
336 16720 2416
320 16848 2512
528 16688 2912
528 16080 3392
720 16080 3248
800 15632 3248
736 15456 2976
-128 -1712 -6256
912 10304 -1456
1216 14960 816
1456 16896 1488
1520 16752 624
1088 16608 -288
1088 16672 -512
784 16672 -512
528 16784 -480
464 16752 -48
352 16544 400
128 16208 560
-208 15888 208
-208 15888 240
-320 14960 352
-432 14672 656
-784 14672 1104
-720 14400 1104
-416 14240 1216
-496 14112 1520
-432 14128 1264
-432 14272 1104
-576 14544 720
-576 14544 752
-784 14720 752
-832 14880 704
-832 14992 848
-880 15152 1024
-704 15280 1184
-752 15488 1216
-768 15712 1776
-768 15888 1456
-704 15888 1632
-704 16032 1632
-704 16240 1616
-576 16416 1456
-432 16544 1376
-304 16704 1280
-208 16720 1120
-48 16800 1264
-48 16832 1344
80 16832 1408
224 16880 1600
176 16912 1584
208 16992 1936
416 17056 1792
416 17040 1968
336 17040 1712
160 16976 1664
256 16880 1664
208 16880 1152
176 16832 1088
320 16768 1136
272 16688 1136
272 16656 1168
272 16512 944
304 16512 832
240 16448 832
304 16288 784
320 16208 688
288 16096 880
160 15952 928
160 15856 976
112 15792 976
112 15792 992
80 15824 992
16 15840 1200
-16 15856 1120
0 15824 1184
32 15744 1008
32 15840 1040
96 15808 912
112 15744 880
112 15744 576
144 15712 576
48 15792 640
240 15792 688
160 15888 688
160 15888 608
96 15872 624
128 15920 624
-64 15872 912
0 15888 704
0 15904 688
96 15856 672
272 15968 352
256 16016 592
256 16016 768
240 16064 768
160 16048 992
80 15984 752
128 16016 576
48 16144 608
48 16096 784
48 16112 944
80 16128 656
48 16032 544
-64 16032 288
-160 16112 480
-256 16208 480
-224 16288 544
-160 16208 800
-160 16240 736
-80 16240 736
0 16336 736
32 16320 1120
64 16352 1024
96 16432 880
144 16416 1088
224 16352 912
224 16400 912
80 16400 864
96 16352 864
80 16352 784
-16 16240 784
-176 16208 784
-128 16128 800
-128 16032 912
-176 16080 896
-176 16064 928
-256 16064 928
144 16112 832
64 16192 848
0 16144 528
-80 16160 848
-80 16160 864
-112 16160 864
-64 16064 656
128 16080 640
-32 16064 880
-128 15968 880
-80 15888 976
-96 15936 896
-96 15984 816
-144 15984 816
-208 15968 864
-288 16016 832
-272 16000 1056
-144 16112 816
-144 16112 464
-80 16144 464
-128 16096 592
-160 16064 752
-144 16048 480
-256 16048 624
-352 16160 496
-368 16160 656
-368 16160 912
-384 16144 912
-336 16096 912
-272 16112 720
-304 16096 992
-80 16064 928
0 16064 1072
-64 16048 976
-32 16048 704
-32 16080 336
-112 16080 336
-48 16032 688
-192 16096 672
-80 16128 656
-208 16096 736
-208 15920 912
-128 15920 720
-160 16112 912
-224 16112 928
-320 16192 928
-192 16240 1008
-224 16272 976
-80 16336 816
-80 16336 896
64 16320 896
32 16240 768
176 16256 528
-64 16224 448
-160 16224 624
-208 16208 768
-128 16112 688
-128 15984 896
-240 15984 896
-208 15936 944
-256 15952 864
-224 15840 784
-400 15856 944
-400 15776 1168
-304 15776 1168
-208 15888 1200
0 15920 864
-80 16032 800
-96 16176 800
-32 16144 976
-160 16192 832
-128 16240 816
-128 16256 560
32 16256 608
-64 16208 608
-128 16224 704
-144 16128 928
-80 16096 896
-96 16144 832
-160 16096 1136
-160 16080 1056
-160 16080 944
-256 16096 944
-336 16176 816
-272 16112 880
-368 16256 784
-368 16128 848
-368 16128 896
-288 16096 896
-192 16048 864
-80 16096 816
-96 16080 752
-176 16144 944
-128 16176 944
-128 16224 720
64 16224 720
128 16128 704
48 16176 768
-48 16080 832
-32 16064 704
-32 16048 480
16 16000 592
-16 16048 528
-16 16048 576
-240 16016 576
-256 15952 672
-176 15968 768
-160 15952 864
-208 15968 736
-208 16032 928
-288 16032 1072
-272 16064 1072
16 16160 848
-32 16224 832
48 16272 736
160 16336 608
160 16288 720
48 16224 800
48 16224 1008
32 16224 1008
-48 16096 928
-128 16096 896
128 15984 1024
128 16064 944
64 16064 880
176 16112 864
368 16112 560
416 16176 560
224 16208 400
128 16288 528
112 16224 592
144 16080 576
144 16080 528
240 16112 528
128 16096 656
112 16016 704
224 16032 688
160 16048 656
224 16032 720
240 16128 672
240 16128 704
240 16016 704
80 15984 592
96 16032 544
160 16032 624
16 16080 608
16 16080 384
112 16128 384
-80 16080 512
-112 16144 432
-64 16096 512
-208 16160 752
-256 16208 400
-256 16240 368
-464 16304 672
-336 16256 720
-128 16176 704
-48 16192 624
-80 16176 608
-80 16176 592
-96 16176 640
-48 16144 544
-48 16144 512
96 16016 512
96 15984 448
-96 16016 640
-320 16000 656
-224 15968 768
-224 15968 672
-208 16032 672
-128 15984 608
-16 15968 752
16 15968 704
48 16000 864
-16 16000 608
-16 15984 816
80 15984 560
48 16048 720
64 16064 736
-16 16064 320
-48 16064 784
-48 16048 688
144 16048 832
160 16064 928
96 16064 672
80 16096 656
80 16176 752
208 16272 912
208 16400 864
352 16400 736
320 16464 736
240 16368 576
144 16256 560
112 16224 720
112 16144 816
64 16112 896
64 16064 832
128 16064 880
176 16016 880
80 16016 704
-16 16128 688
0 16208 704
0 16256 592
64 16256 672
48 16224 672
48 16272 656
32 16208 544
48 16176 624
128 16272 720
112 16272 800
32 16176 784
32 16176 864
-16 16128 864
-16 16080 928
32 15968 880
64 15936 848
16 15936 784
16 15936 608
-48 16048 608
48 16048 528
48 16112 528
-48 16144 496
192 16144 528
128 16160 576
128 16208 720
96 16208 960
-48 16176 848
-48 16128 848
-160 16096 976
-112 16176 928
-32 16192 928
-112 16176 784
-112 16128 752
-128 16128 912
-176 16144 912
-160 16128 784
-240 16144 1088
-176 16064 1008
-176 16064 896
-96 16016 896
-16 16032 656
-96 16128 656
-64 16080 560
128 16016 560
16 16016 640
16 15968 624
16 15968 768
-112 15984 768
-160 16096 560
-176 16112 512
-128 16112 480
-128 16128 480
-144 16128 224
-16 16192 224
-48 16064 320
-144 16080 784
-144 16080 736
-272 16128 784
-176 16064 560
-176 16048 832
-240 16048 512
-80 16064 512
-144 16064 832
-320 16064 912
-320 16032 800
-192 16096 768
-288 16128 816
-288 16096 784
-368 16096 784
-272 16192 640
-112 16144 464
-160 16096 640
-256 16144 688
-256 16144 768
-352 16208 768
-352 16288 672
-544 16352 736
-256 16240 832
-368 16192 960
-320 16320 752
-320 16096 720
-224 16096 720
-192 16048 736
-288 16016 528
-272 16000 704
-176 15984 1072
-176 15952 880
-144 15952 880
-96 15936 720
-176 15968 720
-256 16080 688
-192 16128 528
-240 16032 672
-240 16064 800
-208 16064 672
-304 16048 672
-240 16112 880
-240 16160 864
-320 16192 848
-320 16128 944
-256 16192 800
-304 16224 672
-176 16224 832
-96 16224 832
16 16272 720
-64 16304 736
-64 16320 864
-64 16320 800
-32 16320 544
-48 16208 544
-64 16256 368
-16 16080 416
-48 15936 720
-48 15840 976
-64 15936 992
-64 15936 832
80 15936 832
-192 15840 1200
-192 15808 1056
-32 15856 736
-32 15888 1152
-16 15952 1136
-16 15952 1088
-48 16000 1088
-80 16080 976
-80 16176 976
-64 16144 864
-64 16128 912
-160 16128 944
-160 16128 944
-128 16048 944
-208 15968 880
-176 16048 736
-112 16032 688
-224 16064 688
-224 16032 688
-352 16064 720
-304 16064 768
-320 16016 768
-352 16000 720
-336 16032 784
-416 16016 480
-416 16000 512
-352 16000 432
-288 16000 432
-176 16048 688
