startup(x,y,z):(448,16176,240)
928 17552 992
800 17024 5872
-3440 13440 6000
-3424 14240 4624
3264 14240 2400
912 15440 2400
560 16160 1808
1088 15888 2080
848 16064 2016
752 16128 1952
752 16096 2224
704 15968 1936
496 15968 1712
656 15936 2032
608 15872 2160
544 15984 2160
528 15936 2080
704 15584 2128
672 15312 1888
944 14752 1824
944 14688 1728
1088 14688 2208
1232 15408 2208
1392 15120 2768
1504 14608 2672
528 14336 2320
368 14448 1888
-208 15008 1696
-576 15488 1968
-1872 22720 -5376
-1872 19568 -1712
624 19568 -192
-416 18960 1088
-864 17408 1088
-528 16544 1952
32 16208 1488
560 16048 1424
848 16064 1344
832 15504 1328
704 15424 1328
592 15488 1120
6256 17248 -192
3552 15552 -1456
976 15296 -1488
1968 14480 -176
-176 15248 -624
-176 15632 256
1040 15632 256
512 17072 544
160 17888 816
496 17312 1392
464 17072 1408
1392 17584 1952
1392 17392 1616
800 17392 1616
560 17440 1520
480 15888 1296
704 16976 2352
976 16576 2080
1072 16208 1552
784 15648 1328
464 15792 1392
464 15968 1472
608 15968 2032
736 16672 2240
1088 16672 1920
768 16608 1792
400 16416 1792
304 16400 1648
208 16416 1648
-1792 15504 2960
-672 15360 1024
-672 15072 -48
-544 15072 192
-192 15280 1120
192 15856 1120
816 16336 1776
784 16512 1872
672 16480 1824
512 16400 1424
512 16288 1040
496 16288 912
544 16128 912
512 16224 1104
496 16208 1184
560 16256 832
560 16208 864
608 16144 960
608 16176 928
528 16176 1024
480 16336 1024
416 16352 1312
320 16512 1728
480 16592 2096
560 16608 2144
544 16624 1952
544 16880 1952
736 16832 2256
928 17680 2816
912 19616 3616
1104 21280 2880
1776 16432 3536
2752 21632 1840
2752 21392 4656
-1024 21392 5328
-736 19584 5328
1296 17328 4112
3472 16176 4528
4848 16336 3696
4752 13216 7824
4752 13216 7296
384 -5472 1936
384 4448 -1584
384 13296 -3712
304 13296 -2432
-864 17152 -2352
-1040 19520 -1664
-1120 20576 -2512
-1312 19328 -2256
-1136 17136 -1792
-896 15312 -1520
-896 13488 1840
-800 13264 1296
-672 13760 1040
-464 14416 944
-224 14800 1248
0 15040 2000
144 15424 1552
240 15568 1344
304 15536 1776
576 14848 2752
576 14464 2272
560 14080 2272
800 13760 2176
880 13760 2496
784 13344 2496
576 12928 2640
608 12736 3280
864 13024 3168
1008 13472 3008
1008 13984 2640
1120 13968 2640
1040 14000 2608
704 13952 2608
64 13952 2304
-96 13984 2432
-128 13824 2240
-48 13504 2240
288 13232 2160
96 13280 1664
368 13344 1152
336 13696 848
336 14112 704
240 14736 192
208 14736 -32
-96 15328 -32
-192 15920 -96
-96 16288 -624
-144 16752 -1264
-80 16768 -1040
0 16608 -848
0 16304 -880
224 16304 -880
624 16096 -1408
752 15936 -1904
1040 15504 -2224
1152 15456 -2768
3168 14496 -176
3760 14880 -1936
2784 16640 -10208
2784 21152 -6768
1600 24880 -1632
2080 24880 -2224
3232 24176 -2224
3296 22480 -3872
1856 22304 -3728
3232 19280 -5808
4800 17760 -6112
4704 18016 -5008
4336 18784 -5488
4336 18944 -4912
3040 18944 -3792
2160 18656 -3792
2032 19136 -3280
2288 19552 -2096
2448 19600 -1072
2784 19248 -832
2656 18816 -736
2656 18144 -240
2096 17200 -64
2208 16416 208
1888 16416 208
1408 15824 720
1264 15552 800
624 15280 1072
-48 15040 1536
-624 14720 2352
-624 14224 3088
-1040 14224 3344
-1136 13712 3392
-4384 13120 1840
-3392 13264 -496
-2464 14080 -2144
-1568 13248 -2672
-1376 12000 -1952
-3232 10896 -976
-3232 10432 560
-3712 10432 2048
-3632 9808 2048
-4272 9952 2896
-4608 10656 3072
-4048 11552 2336
-2864 12144 1360
-1440 12272 496
-1440 11904 736
-928 11904 672
-496 11952 672
-480 12288 240
-144 12896 -80
32 13488 -352
800 14160 -768
1568 15040 -688
1552 16096 -784
3136 17600 -1360
3136 19472 -1744
4176 19472 -1888
5200 21296 -1888
6608 22912 -2528
9424 22992 -912
10560 27424 2752
10288 26272 432
10160 24192 -3408
9248 21968 -2080
8864 20528 -560
8864 19984 -864
8800 19984 -2144
8288 20176 -2144
7328 20224 -3088
6448 19568 -3328
5872 18592 -3168
5024 17248 -2672
5024 15760 -2192
4048 15760 -1888
3040 14928 -1888
1648 14064 -1504
-272 13088 -256
-1952 12240 560
-3520 11568 1024
-4992 10944 928
-6304 10624 1056
-6304 10368 1056
-7408 10400 1568
-7280 10352 1952
-6880 10400 2576
-6384 10352 3264
-5888 10592 3680
-5888 11024 3696
-5456 11024 3392
-4736 11520 3392
-4256 12080 2944
-3584 12640 2384
-2944 13312 2160
-2240 14416 1760
-1744 15264 1936
-1088 16128 2400
-1088 17232 2912
-64 17232 1888
1296 18608 1920
3040 20000 1440
4416 21248 1504
5920 22336 768
7392 23440 -144
7392 24064 -1040
8560 24064 -336
9488 24400 -336
11200 24304 -2416
12896 -4160 -944
13024 12976 -5648
10880 22816 -7312
7920 25040 -6464
7920 23440 -3200
6416 23440 -2272
6992 21088 -2272
7664 19200 -3568
7664 17888 -4496
6976 16768 -4800
5360 15680 -4384
5360 14816 -3712
3488 14816 -2640
1696 13968 -2640
80 13168 -1776
-1600 12320 -1552
-3136 11360 -288
-4400 10416 912
-5520 9600 1680
-6352 9104 2464
-6352 9024 2848
-7072 9024 2848
-7504 9120 3312
-11168 8640 -576
-9104 9936 1824
-5760 9904 2592
-5760 9376 3024
-4768 9376 3056
-5616 8960 3056
-6208 9376 2944
-5616 10528 2352
-4448 11952 1472
-3440 13152 1568
-2688 13952 2112
-2688 14976 2112
-1584 14880 2336
-240 16544 2048
1184 18416 1488
2864 20640 1488
4144 22544 992
5408 24096 592
6192 24784 848
7440 25280 240
8592 25344 112
9552 24928 -640
9552 24144 -1280
10560 24144 -1984
10720 23072 -1984
10624 14480 -464
11248 18544 -5696
8720 19488 -5520
7120 18480 -4208
7136 17488 -4464
7136 17488 -5456
6720 16672 -5456
5744 15824 -5904
5184 15168 -5776
3888 14176 -5088
2480 13456 -4496
2480 12880 -3456
1216 12880 -2400
-64 11408 -1792
-1104 11408 -1792
-2544 11056 -1184
-4048 10672 -288
-5392 10208 672
-6288 9856 1264
-7008 9792 2496
-7056 9616 3120
-7056 9616 3824
-7296 9520 3824
-7136 9552 4352
-8096 20464 12000
-7680 13936 13168
-3936 11664 6480
-2160 12368 1792
-2464 13120 3440
-3456 14064 3792
-3392 14480 5024
-2816 15152 4912
-1792 16720 4528
-288 18608 3536
1440 20320 2528
1440 21696 1904
3264 22432 1680
4496 22688 1088
5984 22624 1088
7376 22640 912
8448 22512 224
9936 21968 -1760
10320 21648 -2736
10320 21216 -3792
10368 21216 -4608
10032 20672 -4608
9408 20064 -5568
8752 19328 -5568
8240 18528 -5824
7744 17840 -5936
7104 17088 -6112
6384 16400 -5984
5712 15968 -5520
4896 15520 -5520
3872 14880 -4832
2832 14144 -4128
1584 13280 -3104
480 12560 -2384
-864 11936 -1632
-864 11248 -1088
-2000 10320 -240
-3088 10320 -240
-3984 9584 576
-4512 9216 848
-5296 8784 2112
-12512 9696 -1824
-10736 11344 960
-10736 12624 1888
-4912 12320 -2480
-1200 12320 -2480
-1616 10416 -2432
-5376 7168 -1664
-7088 5888 3008
-7120 7040 6208
-6368 9888 6512
-5072 13072 5792
-5072 15456 4832
-3216 15456 4368
-1552 17360 4368
-16 19392 3296
1184 19392 2448
2368 20112 2448
3728 20976 1760
5104 22112 848
5904 22720 1056
7024 23120 736
7776 22928 448
7776 22928 -320
8576 22784 -320
9504 22496 -1648
10272 22048 -2752
10544 21424 -3952
10560 20672 -4688
10128 19888 -5328
9536 19136 -6224
8736 18304 -6496
7968 17408 -6688
7296 16720 -6576
7296 16240 -6608
6464 16240 -6480
5600 15744 -6480
4736 15360 -6336
4400 15072 -6304
3696 14640 -5728
2736 14128 -4688
1568 13392 -3744
288 12576 -2752
288 11712 -1856
-1120 10864 -688
-2576 10864 -688
-3808 10128 64
-4736 9488 576
-5488 9008 1104
-5600 8832 1280
-10576 4816 5680
-6832 5536 320
-5232 3824 320
-2816 5424 -6064
-3616 5424 -6896
-4704 5568 -3344
-5904 6112 2000
-6640 7840 4752
-6640 10464 5392
-7344 10464 3904
-5808 13200 3904
-4224 15344 3744
-2160 16576 3824
-304 17424 3552
1600 18176 3136
3248 19072 2576
4464 20224 1808
4464 20224 1136
6640 23120 128
9152 25536 3632
9152 25536 -8480
10960 25200 -8480
10880 24352 -9952
10240 23472 -7664
10320 22800 -4480
10720 22912 -3328
14096 11472 -3232
14096 18736 -6192
12080 18736 -6368
9872 21024 -6368
8336 20288 -5312
7888 18928 -5360
7120 17792 -6240
6224 16896 -6960
5536 15904 -6816
5536 14944 -6480
4064 14944 -5712
2688 14016 -5776
1024 13136 -5008
-1712 11472 -2768
-2928 10608 -1856
-4112 9648 -960
-4304 8752 -176
-4224 8144 112
-4464 7296 784
-4464 7024 1136
-4336 7024 1136
-5264 6464 3424
-7824 1728 -7424
-6544 15136 2000
-5824 16288 8656
-7088 16032 10496
-7872 11072 8640
-7872 16912 5920
-6496 16912 3584
-5552 6208 1632
-3024 5152 1632
-1120 7584 2336
-512 11680 1776
-656 15792 2496
-672 19136 3760
144 21408 5056
144 21408 4240
1760 22912 4240
3488 23744 3440
5312 23728 2928
6896 23280 2448
7840 22544 1296
8160 21792 272
8320 21264 -1232
8400 20816 -2560
8400 20816 -3744
8320 20448 -3744
8192 20224 -4624
