startup(x,y,z):(352,16176,112)
400 16512 1248
-208 15440 608
912 16224 112
144 17328 -592
1840 16496 -592
384 16688 -1600
1024 15952 -1648
400 15792 -2432
848 15808 -1040
848 15808 -336
560 16160 272
448 16160 272
256 16192 608
400 16208 656
512 16256 848
480 16256 768
544 16224 704
528 16432 1056
560 16608 1552
592 16752 1936
592 16768 1632
352 16768 1312
448 16656 1312
448 16176 256
752 15872 -352
544 15808 -256
432 15888 -192
416 15904 80
624 15968 352
496 16064 592
480 16208 800
480 16208 928
592 16304 928
496 16288 1056
448 16240 896
496 16256 784
464 16336 1008
512 16336 1264
464 16224 1264
352 16432 1488
336 16544 1568
352 16656 1776
336 16576 1664
-48 16704 1840
-48 16480 2016
560 16976 2656
560 17600 2864
1616 18048 2816
1472 18400 1664
1472 23072 1568
3744 24064 1744
3168 20688 2688
400 16176 3248
1568 16880 2432
1568 20752 1200
9168 20768 5392
9840 12400 13328
10400 -10112 -1632
3488 21952 -2720
-2016 21952 -2272
-4816 19648 -2272
-5600 12928 128
-5040 8944 512
-4368 9584 -1216
-3408 14464 -3152
-1088 13520 -2896
-96 12784 -2928
384 12464 -3040
384 12464 -2960
480 12576 -2256
368 12576 -2256
384 13360 -1680
416 13984 -1232
640 14416 -1216
1344 14912 64
1776 15264 -1328
2224 15760 -1152
3632 16384 -1152
10016 16320 -1904
8480 17232 816
4336 16992 2656
-4208 17920 12464
-1904 19344 10960
-896 19648 8608
-896 19088 4944
1312 19088 416
2960 17408 -384
4752 17120 -3152
4512 16416 -2880
3696 15312 -2208
3696 15312 -2512
4656 15520 -2512
1872 17344 -1616
3248 17360 -2640
3088 16640 -2640
2336 15168 -800
2192 14304 -400
1760 14224 -560
1488 14224 6448
-5232 16608 6448
-448 16912 1408
1440 16480 -48
1952 15888 -1136
608 15712 -656
400 15824 -512
400 16064 -576
528 16208 -1088
784 16208 -784
-448 16720 1184
112 16976 528
112 16464 1248
-496 16464 1248
272 16400 576
160 16496 144
-80 17296 -16
128 17120 592
-672 17712 384
-800 17488 320
-1216 17616 576
-3664 18464 -1888
-8880 19360 -1888
-5904 19712 -1936
-9120 19616 -5120
-6896 18736 -7088
-3152 18288 -4976
-1456 17184 -6368
-1360 15808 -4912
-1360 14304 -3408
-1824 14304 -2496
-2912 14464 -2688
-304 16112 -3600
-304 14832 -80
-4288 14832 -1040
-3616 15920 -1040
-4224 16080 -1376
-3360 15664 -3408
-3856 16064 -5600
2448 20720 -5008
3808 13456 -3840
1152 18176 -6192
-192 19872 -6448
-1264 17792 -2352
-224 16352 -2352
-3392 16384 -1408
-3632 16368 -2112
-4528 15408 -3504
-1856 15232 -1856
-1856 14960 -1568
-1824 14960 -2224
-3024 16160 -2480
-3360 16256 -2624
-3360 16016 -1760
-2800 16016 -1488
-3504 15936 -1488
-2944 15376 -1968
-2256 15888 -1744
-2672 15392 -800
-3312 15408 -768
-3376 14944 -576
-3648 15264 -672
-3552 15712 -848
-3360 15488 128
-2992 15680 -768
-1792 15216 -1600
-1648 15296 -2016
-1008 15600 -2336
-1008 16032 -1696
-1632 16112 -1216
-1856 16288 -1088
-2400 16448 -1136
-2576 15712 -1536
-2544 15776 -1600
-2496 15664 -1664
-2496 15664 -1696
-2592 15888 -1744
-2560 16304 -1280
-3152 16752 -656
-2864 16224 -656
-2144 16400 -2848
-2192 16400 -688
-1728 15440 -1520
-2352 15824 -2096
-1840 15824 -512
-2880 15632 -400
-2592 15776 -400
-992 16528 -2672
-2112 16112 -1888
-1808 16352 -1872
-1328 16000 -2176
-1632 16192 -2432
-1632 15856 -2288
-2976 16368 -1952
-3120 15984 -1920
-2704 15776 -2496
-2704 15904 -2784
-3120 15744 -3072
-3200 15936 -3168
-3280 15792 -3232
-3328 15696 -3120
-2640 15904 -3376
-2752 15824 -2832
-2528 15952 -2496
-2512 15920 -2400
-2752 15888 -2400
-2768 15920 -2400
-2656 15728 -2576
-2656 15280 -2592
-2928 15280 -2592
-2288 15536 -4560
-3008 15360 -2816
-2816 15472 -2816
-3088 15504 -2496
-3184 15360 -2784
-2880 15456 -2848
-2960 15520 -2656
-2928 15552 -2384
-2928 16112 -2208
-2976 16112 -2208
-3088 16000 -2288
-3104 15728 -2512
-3232 15648 -2384
-3312 15728 -2544
-3152 15808 -2816
-3184 15520 -2944
-3328 15536 -3232
-3264 15584 -3072
-3152 15568 -3264
-3392 15632 -3440
-3392 15552 -3488
-3360 15520 -3248
-3168 15520 -3072
-3312 15440 -3072
-3232 15584 -3008
-3264 15632 -2960
-3200 15488 -2720
-3408 15504 -2720
-3392 15520 -2592
-3264 15552 -2416
-3120 15488 -2640
-3040 15264 -2624
-2960 15120 -2736
-2960 15136 -2784
-2720 15232 -2656
-2640 15424 -2528
-3024 15632 -2336
-3088 15728 -2704
-3216 15696 -2688
-3216 15680 -2720
-3312 15680 -2816
-3376 15568 -2816
-3200 15600 -2240
-3232 15680 -2432
-3280 15728 -2512
-3344 15728 -2432
-3136 15680 -2336
-2912 15632 -2448
-3072 15680 -2400
-3184 15712 -2416
-3184 15648 -2272
-3024 15632 -2368
-2784 15632 -2560
-2880 15648 -2560
-3200 15808 -2544
-3008 15712 -2544
-2976 15504 -2512
-2880 15488 -2448
-2960 15488 -2672
-3120 15536 -2672
-3248 15664 -2560
-3184 15616 -2576
-3296 15552 -2544
-3296 15584 -2592
-3136 15616 -2656
-3104 15616 -2752
-2896 15600 -2752
-3184 15584 -2512
-3200 15568 -2656
-3168 15568 -2624
-3040 15584 -2624
-3216 15600 -2528
-3248 15536 -2560
-3584 15104 -2768
-3328 15056 -2816
-3344 15312 -2688
-3296 15360 -2432
-3392 15440 -2480
-3264 15456 -2320
-3008 15600 -2272
-3040 15776 -2544
-3008 15856 -2720
-3136 15936 -2576
-3280 15760 -2432
-3280 15792 -2352
-3008 15792 -2384
-3008 15616 -2416
-2848 15616 -2240
-2944 15648 -2240
-2848 15568 -2464
-2976 15552 -2480
-3088 15552 -2480
-3120 15408 -2704
-3168 15216 -2560
-3216 15312 -2560
-3232 15440 -2608
-3120 15488 -2512
-3152 15632 -2336
-3088 15504 -2304
-3088 15424 -2160
-3008 15456 -2272
-2912 15456 -2400
-2912 15456 -2576
-2960 15456 -2448
-2944 15456 -2448
-3088 15504 -2192
-3136 15520 -2016
-3152 15600 -2064
-3088 15712 -2160
-3216 15664 -2288
-3216 15568 -2336
-3200 15616 -2464
-3232 15632 -2544
-3232 15712 -2480
-3232 15776 -2192
-3312 15776 -2208
-3248 15600 -2208
-3120 15632 -2208
-3072 15856 -2240
-2944 15888 -2352
-2944 15888 -2400
-3120 15680 -2272
-3088 15600 -2320
-3072 15648 -2320
-3072 15552 -2288
-3040 15488 -2432
-2992 15424 -2368
-2976 15520 -2144
-2992 15568 -2336
-3072 15536 -2432
-3072 15536 -2432
-3120 15504 -2448
-3120 15600 -2432
-3072 15552 -2368
-3104 15552 -2512
-3152 15552 -2512
-3056 15536 -2352
-3056 15616 -2512
-3040 15696 -2432
-3072 15680 -2512
-3008 15632 -2672
-3008 15600 -2432
-3232 15648 -2736
-3152 15648 -2512
-3216 15664 -2608
-2928 15664 -2448
-3040 15552 -2448
-2976 15488 -2608
-3168 15568 -2224
-3152 15520 -2336
-3120 15568 -2400
-3168 15568 -2352
-3184 15520 -2384
-3168 15552 -2368
-3168 15520 -2688
-3200 15616 -2624
-3200 15648 -2464
-3136 15632 -2544
-3104 15632 -2544
-3200 15680 -2528
-3136 15648 -2544
-3056 15536 -2480
-3040 15488 -2496
-2960 15504 -2336
-2992 15616 -2672
-3040 15552 -2512
-3120 15616 -2480
-3024 15536 -2640
-2976 15584 -2688
-2992 15552 -2528
-2992 15456 -2432
-2928 15456 -2432
-3024 15440 -2464
-3072 15584 -2448
-3152 15456 -2448
-3136 15680 -2368
-3040 15728 -2160
-3200 15728 -2192
-2976 15824 -2192
-3040 15776 -2656
-3120 15792 -2528
-3088 15760 -2560
-3104 15696 -2496
-3152 15632 -2416
-3168 15632 -2624
-3168 15584 -2640
-3056 15632 -2544
-3120 15664 -2704
-3072 15616 -2560
-3072 15616 -2448
-3136 15584 -2448
-3248 15552 -2192
-3184 15584 -2336
-3024 15552 -2448
-2960 15568 -2544
-3024 15536 -2576
-3136 15504 -2688
-3280 15872 -2480
-3280 15920 -2496
-3280 15648 -2560
-3280 15856 -2448
-3312 15856 -2448
-3248 15792 -2432
-3120 15712 -2496
-3072 15616 -2672
-3200 15792 -2432
-3152 15728 -2368
-3120 15520 -2496
-2944 15504 -2320
-2848 15632 -2320
-3008 15536 -2176
-3232 15888 -2240
-3280 15824 -2992
-3456 15712 -3056
-3456 15424 -3248
-2880 15424 -3008
-2976 15440 -3008
-2976 15616 -2400
-3136 15584 -2400
-3200 15616 -2224
-3200 15568 -2336
-3024 15568 -1984
-3120 15568 -1984
-2976 15568 -2160
-2720 15520 -2256
-2672 15600 -2064
-2720 15520 -1888
-2704 15536 -1952
-3024 15536 -2176
-3024 15536 -2304
-3312 15456 -2496
-3312 15536 -2464
-3344 15536 -2560
-3344 15600 -2560
-3424 15536 -2352
-3264 15568 -2320
-3264 15632 -2288
-3200 15584 -2192
-3200 15504 -2288
-3200 15504 -2224
-3376 15552 -2016
-3312 15568 -2160
-3312 15616 -2256
-3312 15584 -2560
-3296 15568 -2320
-3440 15584 -2208
-3312 15584 -2208
-3344 15568 -2080
-3296 15584 -2240
-3232 15536 -2176
-3472 15536 -2336
-3360 15536 -2448
-3360 15536 -2400
-3040 15552 -2480
-3040 15536 -2368
-3088 15536 -2272
-3088 15536 -2432
-3088 15536 -2944
-3104 15600 -2912
-3072 15568 -2576
-3184 15568 -2832
-3280 15600 -2400
-3328 15600 -2656
-3296 15584 -2512
-3280 15584 -2448
-3072 15584 -2320
-3168 15568 -2448
-3184 15552 -2368
-3184 15536 -2224
-3200 15504 -2224
-3104 15632 -2096
-3152 15616 -2112
-3024 15616 -2112
-3056 15504 -2176
-3264 15472 -2448
-3232 15536 -2448
-3264 15568 -2272
-3280 15584 -2496
-3392 15648 -2576
-3456 15584 -2480
-3456 15584 -2672
-3328 15616 -2496
-3392 15616 -2496
-3456 15616 -2528
-3280 15648 -2336
-3168 15648 -2496
-3168 15616 -2496
-3216 15568 -2416
-3312 15568 -2256
-3248 15616 -2080
-3168 15600 -2432
-3072 15552 -2256
-3200 15552 -2160
-3200 15584 -2048
-3216 15616 -2272
-3264 15536 -2336
-3296 15600 -2320
-3280 15536 -2176
-3216 15568 -2304
-3216 15552 -2320
-3232 15552 -2320
-3168 15520 -2128
-3168 15616 -2128
-3232 15584 -2448
