startup(x,y,z):(448,16160,224)
368 16512 1696
176 16432 1504
432 16928 1712
416 16928 1696
240 16992 1696
192 17440 1920
288 18608 2128
-1136 18080 2480
944 17504 1712
2640 15888 1424
-1056 13680 1760
-1056 16272 1552
3360 16272 688
2352 14928 688
608 15680 432
1136 16000 784
848 15952 992
656 15632 1312
864 15648 1152
1120 15632 992
1312 15232 864
832 15184 848
736 15216 1056
784 15488 688
704 15712 800
704 15712 1040
704 15952 1040
640 16112 1312
576 16080 1312
512 16144 1344
400 16080 1072
368 16048 1024
304 15888 976
144 15888 1040
144 15744 1152
272 15744 1232
464 15520 1232
720 15712 1376
800 16048 1056
816 16272 1184
1952 18112 1248
848 17312 1232
704 16848 1632
720 16608 1520
544 16304 1312
544 16160 1104
544 16192 1024
368 16192 1024
544 16224 1216
544 16256 1504
336 16256 1520
352 16304 1632
368 16240 1568
400 16160 1456
400 16176 1360
496 16160 1344
496 16160 1216
656 16160 1216
560 16144 1360
544 16144 1216
544 16128 1136
624 16176 1232
576 16192 1568
624 16112 1456
688 16144 1376
640 16176 1408
496 16176 1360
496 16256 1360
512 16192 1280
480 16256 1120
480 16176 1264
512 16192 1568
496 16224 1680
560 16240 1536
656 16224 1392
528 16272 1216
640 16256 1264
640 16208 1232
528 16208 1392
640 16144 1392
576 16160 1344
528 16176 1024
656 16224 1072
624 16160 1232
544 16128 1072
544 16128 1024
544 16128 1232
528 16080 1200
720 16064 1200
608 16080 1248
592 16080 1296
576 16112 1136
528 16192 1184
528 16224 1200
496 16320 1104
480 16320 1360
432 16368 1360
464 16320 1408
512 16272 1616
416 16304 1568
512 16336 1504
544 16240 1392
496 16160 1264
672 16048 1264
672 16048 1248
672 16096 1056
672 16096 1136
704 16048 1136
656 16032 1184
688 15952 1184
544 16000 1120
528 16144 1152
480 16144 1280
416 16192 1296
416 16096 1072
416 16096 1200
592 16096 1120
592 16048 1120
640 16160 1408
640 16256 1328
736 16256 1808
816 15904 1808
768 15744 592
496 15952 880
496 16288 1424
528 16304 1200
320 16384 1392
480 16832 1600
480 16752 1984
128 16464 1504
288 16128 944
608 15696 736
544 15776 992
544 15888 864
640 15888 720
992 15808 720
736 16112 1056
720 16608 1664
752 16320 1392
768 16048 1232
896 15952 1216
736 16240 1072
736 16032 1120
784 15936 1392
784 15968 1328
480 15968 1328
512 16096 1344
448 16400 1696
448 16240 1568
528 16208 1456
720 16128 1248
720 16128 1504
656 15984 1504
656 15824 1024
304 16192 1536
16 16560 2240
-16 16736 2176
-16 16336 1728
544 16336 1392
528 16048 1392
640 16048 912
672 16176 1120
592 16096 992
720 16000 992
720 16160 1024
592 16016 1184
656 16016 1424
544 16128 1424
544 16096 1424
496 16128 1472
528 16112 1712
528 16176 1456
688 16208 1440
768 16208 1456
688 16160 1456
672 16176 1328
672 16208 1328
640 16192 1136
656 16176 1232
704 16224 1440
672 16208 1328
544 16240 1440
624 16240 1232
496 16208 1232
704 16080 1088
736 16096 1216
720 16176 1392
656 16128 1344
528 16208 1360
736 16160 1312
736 16224 1440
432 16224 1440
384 16192 1216
480 16176 1232
592 16176 1104
624 16160 1184
576 16096 1312
624 16096 1232
608 16128 1232
624 16176 1248
592 16080 1088
544 16112 1104
464 16176 1200
464 16208 1568
576 16208 1376
560 16240 1376
576 16176 1568
592 16160 1280
512 16176 1264
720 16224 1280
720 16208 1520
688 16176 1504
544 16176 1488
576 16192 1488
656 16240 1328
576 16288 1184
464 16192 1232
560 16224 1520
624 16176 1360
496 16288 1344
496 16224 1408
480 16240 1376
400 16240 1360
560 16208 1360
544 16192 1472
672 16064 1296
560 16096 1136
560 16144 1056
544 16176 1088
544 16176 1184
592 16176 1360
528 16176 1360
640 16192 1312
656 16192 1280
512 16192 1328
528 16160 1232
528 16224 1184
544 16224 1184
704 16224 1072
784 16192 1456
672 16128 1376
416 16192 1296
400 16272 1360
528 16288 1424
608 16272 1392
608 16272 1248
528 16256 1248
592 16288 1296
480 16192 1264
608 16080 1136
608 16112 1184
656 16112 1568
560 16208 1568
464 16288 1344
480 16256 1296
544 16160 1248
464 16224 1088
560 16096 1088
784 16048 1040
560 16032 1152
656 16016 1328
656 16064 1280
656 16128 1184
784 16128 1344
608 16128 1344
544 16176 1520
480 16144 1360
624 16176 1200
576 16128 1312
560 16176 1264
560 16160 1216
736 16192 1232
608 16176 1344
608 16176 1200
608 16224 1248
432 16272 1248
384 16256 1248
384 16176 1216
448 16112 1248
608 16112 1440
608 16128 1392
688 16128 1488
608 16192 1488
512 16208 1280
512 16160 1264
528 16160 1296
544 16112 1344
720 16176 1280
720 16192 1520
480 16192 1296
576 16176 1296
576 16160 1456
448 16144 1408
480 16208 1520
528 16208 1536
608 16208 1312
592 16208 1376
672 16224 1408
672 16160 1408
624 16256 1328
544 16256 1056
656 16160 1184
576 16096 1360
688 16160 1216
688 16144 1136
800 16144 1264
752 16144 1200
784 16128 1200
624 16208 1168
688 16208 1232
640 16224 1312
640 16160 1232
656 16112 1216
640 16192 1200
640 16192 1280
544 16272 1280
592 16208 1328
560 16176 1552
496 16208 1344
304 16320 1312
368 16224 1456
240 16192 1680
-496 15968 1312
208 16528 560
176 15984 416
352 15664 320
496 15952 848
608 16160 1168
656 16176 1552
656 16304 1632
752 16352 1424
800 16352 1424
736 16128 1248
816 16080 1024
816 16048 624
848 16096 848
1040 16096 592
1216 16352 688
1200 16368 816
848 16400 1184
656 16368 1232
656 16320 1056
672 16320 992
560 16304 992
704 16272 912
688 16192 912
624 16144 848
576 16160 768
560 16144 944
560 16160 1216
560 16160 1488
608 16208 1488
624 16256 1376
592 16240 1296
688 16192 1072
736 16224 1120
736 16176 1040
816 16224 992
656 16224 928
576 16192 928
608 16224 976
400 16144 976
464 16032 896
512 16176 960
512 16272 1152
544 16320 1104
544 16208 1136
704 16208 1136
672 16224 1216
672 16144 1200
768 16160 1056
688 16240 1040
688 16240 1088
688 16240 768
720 16288 768
624 16208 976
528 16208 1152
480 16224 1072
544 16224 1216
544 16144 1040
576 16144 1200
656 16128 1200
608 16128 1280
624 16112 1024
512 16096 1344
512 16096 1232
512 16096 1120
416 16128 1120
384 16160 1168
544 16176 1008
672 16224 1104
624 16208 960
592 16208 992
720 16192 1216
672 16256 992
688 16240 1344
672 16240 816
688 16240 1088
688 16160 1152
688 16208 1328
800 16256 1072
672 16128 1072
672 16160 1088
560 16176 912
496 16112 1088
496 16064 1168
496 16160 1344
384 16160 864
624 16176 1056
544 16176 1056
560 16304 1152
704 16320 1216
768 16336 992
672 16352 1120
672 16272 976
688 16240 1152
768 16176 1136
704 16176 1200
608 16192 1152
560 16176 1456
608 16144 1232
512 16256 976
736 16192 896
560 16192 976
560 16192 1008
464 16080 1008
528 16128 1040
672 16224 1248
496 16128 1088
400 16144 1040
480 16160 1056
480 16160 1008
688 16160 992
752 16160 992
672 16176 1248
608 16192 1072
512 16208 1088
528 16288 1088
528 16224 944
576 16224 944
688 16160 960
688 16256 992
576 16256 1024
576 16144 1008
608 16144 992
464 16208 816
544 16192 1008
576 16192 896
560 16160 896
560 16176 928
496 16176 944
544 16176 1056
688 16144 1136
752 16144 1136
752 16224 1136
720 16224 1136
784 16176 1104
736 16176 1104
592 16112 992
816 16224 928
656 16192 864
704 16096 800
704 16096 992
656 16128 1008
448 16128 832
480 16128 832
368 16064 912
528 16064 992
704 16048 1088
576 16144 704
576 16096 1040
592 16096 1040
640 16128 848
608 16096 864
496 16112 1120
176 16000 1568
400 16224 1088
400 16224 1152
608 16272 1152
704 16144 1088
544 16096 960
480 16096 1184
560 16160 880
560 16224 1024
464 16224 1024
560 16224 1216
576 16256 1200
544 16272 1264
656 16160 1248
624 16224 1136
624 16176 1120
576 16176 1184
544 16176 1280
560 16128 1280
400 16144 1152
496 16096 1040
544 16144 912
608 16224 848
464 16224 928
464 16128 1120
512 16128 1024
512 16192 1088
576 16208 1056
512 16112 1136
496 16208 1056
528 16208 1104
528 16208 1168
560 16224 1168
544 16224 960
656 16160 880
656 16144 1072
576 16144 1104
