startup(x,y,z):(672,16208,272)
576 16192 960
704 16144 1024
672 16176 1056
704 16192 1136
624 16240 1152
608 16208 1104
496 16208 944
560 16144 1008
560 16208 864
608 16192 960
592 16144 784
704 16032 1056
560 16176 1152
720 16144 1008
720 16144 1056
624 16144 1072
624 16208 1088
608 16208 1008
768 16144 1008
800 16144 992
688 16208 1024
720 16176 912
784 16176 912
784 16176 1008
704 16176 1136
624 16176 1136
736 16144 1136
752 16112 960
704 16192 1008
592 16192 800
752 16192 992
752 16288 1104
624 16304 1184
656 16304 1200
592 16208 1200
672 16192 1120
720 16144 1296
832 16192 1296
800 16272 1184
592 16288 1312
624 16256 1200
624 16256 1456
672 16160 1456
640 16176 1248
752 16176 1200
816 16144 1200
624 16192 1184
560 16144 1168
592 16192 1200
576 16208 1152
544 16256 1248
544 16224 1104
592 16224 1072
800 16224 1120
784 16208 976
800 16208 1136
768 16192 1056
640 16208 1056
512 16224 912
592 16224 1072
704 16240 1232
640 16208 1200
624 16208 1136
672 16160 1456
672 16160 1264
784 16192 1264
672 16192 1248
752 16144 1376
848 16176 1040
992 16192 1008
576 16176 1248
640 16128 1088
608 16128 1056
752 16080 1040
688 16112 992
688 16208 1040
608 16208 1200
592 16144 1200
752 16128 960
720 16048 1104
672 16096 1136
688 16128 1168
768 16128 1168
1136 16048 1424
864 15968 1440
736 15920 1024
736 16016 944
736 15968 1264
736 16096 1312
1088 16304 1008
960 16304 1008
912 16128 1456
784 16128 1568
880 16176 1328
864 16224 1408
496 16176 1312
528 16144 1152
688 16176 992
736 16144 1056
688 16112 1008
656 16160 1120
656 16144 1136
768 16144 1136
640 16160 1200
624 16144 1376
752 16144 944
752 16144 1008
896 16160 1008
688 16096 1088
768 16112 992
640 16240 1024
752 16192 1104
752 16176 1216
784 16176 1216
736 16208 1056
640 16192 1072
512 16160 1184
512 16144 1216
512 16144 1216
608 16224 1216
704 16272 1520
608 16208 1520
688 16224 1312
736 16112 1056
816 16176 1072
864 16208 1200
752 16144 1232
736 16160 1200
736 16176 1328
832 16128 1008
688 16128 1296
720 16208 1296
768 16240 1280
768 16240 1008
640 16192 1216
704 16144 1200
816 16176 1264
816 16224 1216
656 16144 1008
608 16176 1040
624 16144 1152
672 16192 1280
608 16048 1120
656 16112 1088
784 16112 1088
752 16144 1024
752 16144 1200
688 16064 1456
592 16064 1632
592 16112 1632
624 16096 1440
624 16128 1200
512 16192 1408
560 16112 1168
560 16160 1008
624 16160 1008
816 16144 1008
784 16080 1136
784 16128 1072
832 16128 1040
848 16192 1040
816 16144 1296
816 16128 1136
800 16128 1088
800 16128 1216
832 16128 1216
736 16160 1328
704 16160 1328
704 16144 1280
784 16208 1168
736 16192 1248
736 16208 752
656 16240 1072
656 16224 1024
656 16144 1104
480 16144 992
576 16192 992
608 16208 864
480 16224 1072
576 16160 1200
576 16160 1248
608 16160 1216
592 16272 1312
720 16208 1264
768 16240 1184
816 16240 1392
752 16240 1376
752 16240 1344
800 16192 1056
816 16192 1056
624 16112 1056
688 16144 1264
720 16112 1280
656 16080 1088
656 16176 1040
592 16160 800
528 16176 992
528 16192 944
736 16192 1072
752 16256 1072
672 16256 1232
656 16256 1328
720 16176 1376
752 16224 1408
672 16192 1296
688 16240 1120
720 16160 1184
720 16240 1360
784 16208 1424
688 16208 1424
736 16208 1232
688 16176 1392
752 16176 1520
720 16208 1456
800 16144 1440
800 16144 1440
864 16160 1440
864 16160 1392
784 16160 1488
720 16192 1488
544 16192 1424
752 16160 1168
720 16144 1184
624 16272 1184
640 16176 1184
640 16176 1008
848 16128 1248
672 16128 1232
688 16176 1232
608 16192 1152
672 16240 1152
704 16128 880
656 16160 1168
656 16208 1200
656 16208 1008
912 16208 960
912 16160 1168
736 16160 1120
736 16144 1168
800 16144 1232
672 16128 1232
704 16080 1200
624 16080 1136
528 16144 1216
528 16160 1280
624 16096 1168
640 16080 1376
624 16080 1392
608 16112 1232
592 16160 1232
720 16256 1184
640 16224 1392
624 16192 1120
656 16192 944
640 16176 1104
384 16176 944
432 16176 864
480 16112 864
432 16176 880
576 16192 944
704 16032 896
848 16048 960
864 16096 896
960 16096 1136
960 16240 1584
704 16240 1584
640 16320 1424
688 16160 1072
656 16176 1072
592 16192 1104
672 16128 1104
560 16160 1184
624 16160 1136
752 16176 1136
752 16128 1024
768 16144 1008
624 16144 976
608 16112 992
752 16112 736
704 16144 736
928 16224 816
768 16144 1200
688 16240 896
736 16176 1120
624 16256 1280
496 16208 1120
560 16160 1088
560 16160 1344
592 16032 1440
720 16048 912
608 16080 976
608 16080 816
688 16144 816
704 16144 1136
640 16160 1024
592 16160 1088
672 16128 1328
592 16128 1280
704 16160 1184
704 16128 1168
656 16128 1232
640 16176 1200
624 16160 1200
592 16176 1312
576 16160 1264
592 16160 992
736 16192 928
752 16160 928
672 16208 944
560 16240 1328
736 16256 1376
704 16240 1136
704 16192 1152
640 16320 1088
592 16192 1184
576 16192 1120
544 16240 1120
640 16224 1296
928 16176 1088
832 16144 896
768 16112 1040
672 16112 1104
848 16096 976
848 16144 976
848 16144 1056
800 16128 1056
704 16160 1216
640 16240 1200
640 16144 1520
592 16160 1472
592 16160 1424
640 16176 1424
656 16224 1232
528 16192 1216
576 16208 1312
656 16304 1200
624 16304 1216
592 16224 1200
592 16192 1072
656 16192 1072
736 16176 1072
752 16160 1104
768 16080 1104
656 16160 1408
656 16128 1200
800 16032 928
720 16032 928
720 16048 1264
528 16096 1168
656 16096 1120
608 16096 1152
528 16048 992
528 15904 784
480 15904 784
544 15840 848
448 16080 1088
544 16160 1072
544 16256 1360
688 16064 880
560 16048 960
560 15984 1024
656 15984 784
848 16192 784
800 16256 720
704 16320 976
512 16256 688
592 16240 816
688 16304 1344
736 16304 1344
672 16448 1920
416 16384 1520
432 16192 960
496 16096 768
496 16016 960
672 16016 752
1584 16752 752
1232 16672 576
1056 16368 720
976 16384 736
976 16272 848
976 16208 688
880 16144 624
880 16048 736
816 16048 384
672 16240 384
192 16224 320
576 16080 320
1056 16000 192
-32 16064 480
416 16144 528
416 16144 576
544 16176 576
304 16224 880
560 16128 528
576 16128 208
720 16176 336
928 16160 256
1088 16080 272
1040 16208 176
1040 16208 304
736 16256 432
480 16432 1088
0 15584 752
336 15760 752
-1856 14784 -2368
-16 15488 192
464 15568 2144
-368 17232 4080
448 17024 2752
448 16928 1168
1712 17008 992
720 17008 864
1040 16720 864
816 16560 720
736 16528 656
912 16496 -976
1104 16544 1248
1152 16128 560
1152 16144 192
576 16144 640
976 16240 448
560 16240 448
720 16192 208
720 16096 112
672 16176 80
560 16192 -160
688 16128 -80
560 16240 -64
560 16240 -352
560 16288 -352
672 16224 -32
608 16208 96
592 16224 144
432 16352 448
512 16288 272
512 16336 240
608 16336 272
576 16304 208
464 16304 208
576 16272 160
560 16256 -144
896 16272 336
704 16304 192
624 16192 -32
624 16128 192
640 16128 192
624 16144 288
576 16160 -160
560 16128 -144
640 16144 48
576 16176 64
576 16224 48
576 16224 384
608 16224 96
608 16256 96
688 16144 144
640 16240 0
576 16272 -208
608 16224 48
608 16320 64
624 16320 -144
512 16272 -144
464 16272 32
640 16240 304
752 16240 288
912 16176 352
640 16160 192
640 16128 256
672 16128 256
752 16160 432
624 16176 -64
576 16288 -176
592 16160 144
592 16192 32
848 16192 -64
752 16160 32
960 16208 32
736 16304 0
656 16304 160
688 16320 208
624 16224 416
416 16224 416
528 16224 80
448 16224 48
464 16208 48
672 16224 16
688 16208 -128
736 16256 -32
784 16224 64
608 16240 48
608 16240 336
624 16208 240
672 16224 192
672 16256 384
640 16256 352
656 16224 128
704 16272 192
720 16192 112
560 16192 112
624 16160 -48
624 16160 32
624 16240 -16
624 16208 -16
640 16240 64
656 16208 -160
656 16192 160
784 16144 -48
640 16112 64
672 16208 112
672 16208 256
528 16208 256
432 16224 400
