startup(x,y,z):(432,16240,96)
2544 16464 -12960
19936 17872 -22800
23008 10832 7216
5520 15680 7360
3968 16496 640
11472 17328 -1024
-416 17216 5664
3264 16528 2112
816 16688 -560
-1840 16608 -3376
144 16048 -4928
-416 16320 -4128
544 16560 -3856
544 16480 -2832
-1296 16496 -3296
-1360 16096 -3056
512 16096 -3056
464 16560 -2160
-96 16336 -2000
1088 16400 -2640
736 16416 -2032
976 16352 -1184
880 16352 -112
896 16352 864
896 16368 1328
1136 16368 2304
528 16240 2608
528 16256 2576
-192 16176 2080
192 16176 2080
288 16160 1344
256 16176 1168
352 16240 1280
576 16288 1072
464 16304 544
144 16304 304
240 16288 0
304 16208 -304
432 16272 -848
432 16096 1072
-992 16096 1072
-928 15984 1392
64 16064 448
672 16176 -464
736 16144 -400
1120 16272 -1264
1120 16256 -1408
1184 16256 -1408
1152 16208 -1424
816 16272 -1280
416 16256 -496
-96 16224 -112
176 16192 176
176 16192 528
144 16192 352
112 16240 352
272 16208 80
416 16224 336
528 16304 640
576 16208 672
576 16160 880
608 16112 1104
576 16112 1184
368 16176 1184
304 16288 896
208 16288 960
16 16320 288
144 16272 304
144 16272 288
160 16272 160
288 16192 160
304 16144 128
448 16208 -176
656 16208 -576
720 16192 -672
720 16240 -560
672 16240 -336
752 16176 -336
400 16096 96
240 16176 512
464 16176 192
480 16144 192
480 16176 416
304 16176 208
464 16224 208
384 16208 368
336 16144 336
400 16128 224
400 16128 352
448 16240 272
448 16240 464
400 16288 464
512 16224 480
480 16240 416
256 16288 320
416 16224 -96
464 16288 -192
464 16288 -128
288 16320 -128
400 16352 -176
528 16288 -304
368 16256 32
352 16240 16
352 16272 128
496 16272 304
384 16320 304
400 16336 496
368 16304 464
432 16320 304
272 16224 256
384 16160 464
400 16240 288
416 16272 320
384 16272 240
448 16256 240
384 16240 176
448 16224 288
448 16240 208
432 16240 48
432 16256 192
432 16256 192
576 16256 80
464 16256 128
512 16208 128
400 16240 176
416 16208 176
400 16176 112
352 16304 128
288 16256 224
432 16208 320
432 16208 608
496 16128 352
480 16160 112
480 16176 16
432 16176 240
416 16256 128
416 16304 48
368 16304 352
240 16272 352
320 16256 400
416 16208 176
368 16224 160
448 16240 176
400 16272 -48
400 16240 48
448 16256 192
400 16256 128
448 16224 80
368 16224 64
384 16128 128
384 16128 144
480 16128 240
352 16144 400
336 16144 400
464 16192 192
528 16192 128
544 16208 192
400 16208 64
448 16272 -32
304 16320 32
384 16144 -128
400 16144 -48
272 16208 128
368 16224 0
368 16192 144
400 16192 144
496 16160 112
320 16176 160
384 16144 144
480 16192 144
608 16160 224
480 16128 144
416 16160 288
448 16176 160
512 16208 320
512 16208 320
432 16208 320
480 16256 176
480 16224 176
576 16208 0
416 16224 16
320 16192 32
400 16256 -16
400 16272 192
480 16272 96
464 16208 96
400 16224 80
528 16192 80
448 16224 112
400 16320 16
336 16288 -96
368 16304 16
384 16192 32
336 16208 96
336 16144 192
224 16192 -112
224 16192 112
304 16192 112
336 16288 288
512 16256 16
496 16272 -192
400 16128 -80
400 16096 -16
496 16176 128
496 16144 0
480 16144 0
336 16224 -96
336 16224 0
336 16176 -16
336 16160 0
384 16112 144
384 16192 256
432 16192 224
480 16208 176
464 16224 48
368 16240 176
368 16224 192
576 16224 304
544 16256 304
496 16240 320
592 16240 176
480 16240 208
480 16240 48
464 16272 224
432 16176 176
432 16096 64
480 16096 64
336 16096 16
528 16176 16
480 16304 64
432 16288 144
464 16176 80
384 16192 160
512 16224 80
512 16176 96
512 16176 144
576 16160 144
528 16160 368
464 16192 176
576 16176 64
592 16096 80
464 16096 16
560 16128 -16
416 16208 176
528 16176 144
480 16224 -48
528 16240 160
608 16256 272
608 16256 112
528 16224 80
480 16224 272
496 16336 448
384 16272 448
368 16224 112
528 16272 -64
464 16208 -16
480 16224 144
560 16208 -144
512 16192 0
512 16160 64
480 16160 320
464 16192 16
528 16160 16
384 16208 16
336 16240 160
368 16320 112
368 16256 -64
304 16240 -64
528 16224 240
320 16208 160
368 16192 240
480 16256 400
544 16240 320
512 16304 208
496 16240 240
416 16256 64
352 16192 -64
352 16192 144
400 16176 144
432 16176 368
384 16192 -128
352 16208 -48
336 16272 16
352 16256 -16
448 16096 0
416 16160 -144
416 16192 -128
464 16224 -32
464 16224 32
368 16176 32
256 16256 64
208 16192 240
256 16144 304
352 16176 272
448 16224 144
448 16224 160
304 16224 160
384 16272 240
448 16192 160
496 16176 32
496 16192 256
496 16208 128
640 16208 -128
432 16208 -96
352 16176 -96
192 16224 32
128 16224 160
336 16176 -128
416 16224 -16
176 16288 160
448 16160 224
448 16224 96
448 16224 128
384 16224 128
368 16208 352
496 16192 -16
336 16240 64
368 16224 16
416 16192 -80
416 16208 -208
448 16208 64
480 16224 64
496 16272 -176
368 16272 -192
432 16288 -160
416 16240 -16
416 16176 176
432 16176 48
544 16240 48
480 16272 -272
320 16288 0
352 16256 -144
400 16320 -48
496 16240 -80
464 16208 16
480 16144 128
384 16240 128
560 16208 -48
560 16256 128
464 16256 32
416 16208 48
384 16240 32
384 16240 -32
416 16336 -32
464 16192 176
464 16144 48
416 16176 320
352 16256 320
304 16208 -112
400 16224 0
400 16208 112
480 16208 32
496 16208 32
416 16240 64
416 16208 176
496 16176 112
544 16272 288
384 16240 16
384 16240 160
384 16208 160
288 16160 224
352 16224 144
368 16224 -112
480 16160 128
496 16192 -16
496 16208 64
368 16208 32
464 16224 176
400 16208 176
432 16192 144
432 16112 448
576 16208 336
512 16208 496
512 16176 400
512 16144 80
528 16240 48
496 16240 144
208 16208 -48
320 16224 -16
320 16224 -96
400 16176 -96
496 16240 -112
480 16192 64
448 16176 -128
352 16256 -160
352 16272 -64
368 16272 112
304 16240 112
416 16240 80
336 16224 336
464 16192 224
432 16160 48
576 16208 144
576 16208 -48
512 16256 -160
624 16240 -160
560 16224 0
512 16208 32
480 16288 -48
592 16256 48
592 16240 128
528 16240 80
560 16240 0
640 16240 0
592 16224 -32
512 16272 -16
384 16240 64
432 16240 176
432 16240 64
368 16176 -192
480 16256 -224
464 16192 16
320 16192 176
368 16192 192
336 16224 16
336 16224 -16
304 16224 256
352 16192 -256
464 16192 -112
400 16208 112
368 16208 320
384 16256 48
368 16192 -16
368 16192 96
400 16192 -80
304 16224 -80
304 16208 -16
544 16160 288
528 16112 176
464 16176 304
464 16192 128
432 16192 128
320 16208 256
352 16224 48
320 16304 64
384 16208 -16
432 16256 96
384 16336 48
416 16352 0
448 16304 48
496 16240 160
432 16256 112
432 16208 80
176 16208 112
336 16144 112
272 16192 144
224 16144 320
480 16128 32
352 16208 -272
448 16272 -256
544 16240 192
384 16224 240
432 16128 400
384 16192 432
352 16192 416
384 16176 416
512 16176 176
544 16160 224
464 16112 320
480 16160 176
496 16208 128
624 16160 128
640 16208 240
496 16176 176
416 16208 208
448 16224 176
464 16176 256
432 16256 208
432 16240 -160
416 16256 -48
416 16144 240
560 16176 80
560 16176 240
480 16064 240
576 16176 240
560 16192 320
496 16128 256
512 16128 -128
544 16192 -144
576 16128 -80
576 16144 96
336 16208 96
304 16208 192
400 16176 192
336 16192 -16
416 16176 -32
448 16144 -16
320 16224 416
416 16272 272
448 16208 112
448 16256 32
480 16256 -144
208 16208 -144
272 16208 112
272 16224 480
384 16176 336
496 16160 336
496 16192 80
496 16176 32
480 16128 96
464 16128 0
464 16096 0
496 16128 -16
432 16208 80
384 16288 -192
352 16288 96
352 16224 224
352 16224 64
320 16176 64
352 16176 48
416 16192 160
544 16240 48
512 16272 144
432 16304 32
432 16224 -96
496 16224 208
496 16192 208
496 16224 32
336 16336 80
400 16272 16
400 16208 64
416 16240 128
416 16240 128
560 16240 272
496 16288 224
432 16256 96
464 16224 64
496 16224 48
496 16208 48
544 16208 48
496 16240 112
432 16208 -80
352 16208 -16
464 16256 0
464 16304 32
400 16240 64
528 16240 64
512 16240 0
464 16240 48
512 16272 -80
560 16240 96
560 16224 -32
624 16224 -32
560 16272 -160
544 16304 64
512 16240 160
432 16240 -64
448 16288 -112
448 16288 64
352 16256 64
432 16240 64
336 16272 -64
496 16240 -192
384 16256 96
384 16160 160
432 16160 160
448 16176 -272
368 16176 144
400 16208 320
432 16256 272
464 16208 208
480 16208 112
544 16208 32
544 16208 32
576 16160 80
496 16160 48
640 16176 -16
608 16224 144
560 16256 176
432 16208 128
640 16176 48
640 16240 -96
608 16240 80
608 16224 80
496 16288 -32
464 16288 128
544 16160 272
496 16144 208
496 16176 144
528 16224 16
432 16224 16
432 16208 -48
400 16208 112
448 16192 -144
416 16192 -128
464 16256 16
480 16224 -176
432 16208 -464
368 16176 -160
208 16112 160
448 16160 16
320 16128 48
320 16112 272
272 16112 320
208 16160 160
224 16208 160
544 16240 16
480 16272 112
416 16240 144
400 16256 128
400 16336 0
384 16336 48
432 16352 48
400 16368 160
240 16288 48
256 16288 64
416 16208 208
464 16208 -32
480 16224 80
480 16224 112
480 16160 112
400 16192 128
336 16240 208
400 16288 112
480 16192 208
400 16304 48
400 16256 80
432 16208 192
432 16144 192
592 16144 272
464 16192 272
512 16176 128
448 16176 0
448 16224 -224
416 16240 48
576 16256 64
512 16256 160
496 16272 176
496 16256 160
432 16256 224
608 16224 464
576 16160 464
512 16176 64
400 16224 16
464 16160 64
464 16224 112
416 16144 256
320 16144 256
352 16192 -32
368 16224 -32
368 16288 -80
464 16224 304
528 16160 416
432 16160 176
352 16176 96
256 16128 224
464 16160 160
448 16256 176
448 16256 192
448 16208 192
480 16224 112
496 16240 224
432 16240 224
368 16288 480
432 16240 336
448 16160 144
416 16192 208
512 16192 208
464 16176 208
464 16176 384
432 16224 224
512 16144 224
496 16256 400
544 16192 96
576 16144 96
512 16176 112
512 16240 192
624 16192 192
656 16192 192
560 16112 96
528 16160 144
432 16256 208
528 16256 192
416 16192 208
448 16208 208
448 16208 384
480 16192 384
368 16224 336
624 16240 128
544 16208 48
544 16192 144
480 16192 16
512 16192 -160
464 16176 -160
384 16192 0
448 16240 16
528 16304 224
544 16224 224
368 16160 144
368 16176 32
432 16176 -80
560 16272 -80
752 16256 32
544 16176 464
496 16176 288
544 16208 160
464 16192 80
464 16192 -16
368 16208 -16
336 16192 128
544 16240 80
416 16224 16
448 16224 -240
464 16256 144
608 16208 96
608 16224 160
480 16224 160
480 16240 256
400 16192 48
384 16272 144
368 16176 80
304 16208 224
144 16176 288
144 16192 208
304 16192 -48
400 16208 48
256 16208 352
320 16160 352
320 16176 304
352 16224 240
560 16160 112
528 16208 -32
432 16336 -32
432 16208 80
480 16208 320
368 16272 320
400 16208 64
432 16256 64
384 16208 256
352 16208 16
464 16192 80
352 16224 32
336 16192 144
336 16224 0
336 16224 0
368 16192 80
336 16240 144
352 16192 224
448 16256 256
496 16272 144
512 16256 144
512 16224 -32
496 16208 16
496 16208 32
480 16208 144
464 16208 144
432 16288 32
272 16288 112
368 16256 -32
432 16160 48
352 16176 32
352 16224 144
512 16224 144
512 16208 96
400 16240 -32
320 16272 192
336 16240 320
352 16208 304
352 16192 304
528 16144 288
480 16144 368
528 16160 240
512 16160 256
304 16192 256
368 16144 160
384 16176 48
432 16208 96
352 16144 144
320 16208 112
320 16208 112
352 16208 -144
480 16240 -48
320 16256 64
336 16288 0
368 16304 -96
448 16288 -48
368 16208 112
352 16224 160
352 16224 224
512 16176 224
464 16288 16
432 16256 -128
304 16240 32
208 16160 0
256 16224 144
320 16240 352
336 16224 336
336 16192 336
352 16192 352
352 16192 224
304 16160 224
320 16304 96
400 16192 352
272 16112 208
384 16128 288
304 16128 160
416 16144 192
416 16144 304
464 16192 304
432 16224 208
432 16208 160
560 16176 80
480 16160 128
480 16144 80
480 16144 240
448 16192 176
528 16176 176
416 16208 96
416 16208 -48
368 16272 32
384 16304 160
464 16224 176
416 16224 176
416 16224 80
416 16176 0
512 16176 0
432 16256 176
432 16176 368
352 16240 112
416 16192 272
496 16208 192
528 16240 336
496 16224 288
496 16208 96
416 16208 112
448 16160 112
432 16224 -64
304 16176 48
336 16128 144
432 16224 96
432 16256 16
400 16256 -32
528 16208 -32
464 16288 32
400 16288 240
352 16224 208
352 16096 144
352 16128 0
512 16128 -256
608 16144 -96
448 16208 -32
400 16240 96
288 16240 112
496 16240 160
496 16288 240
288 16288 176
256 16224 176
432 16128 128
480 16160 144
496 16176 0
592 16192 48
592 16272 64
480 16336 32
336 16336 32
480 16320 32
448 16256 -16
368 16240 -160
416 16240 -384
448 16288 -16
432 16272 64
432 16272 64
384 16272 64
384 16240 240
352 16144 -160
304 16208 -112
320 16176 32
400 16160 160
448 16144 -64
448 16176 112
288 16176 112
576 16192 -32
448 16240 48
432 16144 160
432 16160 -48
432 16208 -80
688 16208 0
544 16192 0
544 16224 0
464 16208 -48
464 16192 96
480 16112 96
480 16144 144
400 16192 128
320 16192 128
288 16304 128
352 16320 64
512 16256 128
416 16208 -96
464 16240 -16
496 16256 16
496 16208 48
272 16208 192
272 16144 192
272 16176 144
224 16256 272
256 16208 224
352 16160 128
256 16240 352
368 16096 176
496 16224 -16
432 16208 336
432 16272 240
272 16272 112
352 16256 112
608 16240 16
448 16256 16
448 16304 -48
480 16240 -128
400 16256 -96
480 16224 -64
480 16240 -16
496 16176 -144
480 16176 -192
512 16176 -80
320 16176 -80
480 16256 -48
384 16240 128
432 16208 256
352 16240 96
208 16240 112
272 16224 144
368 16160 272
352 16256 208
352 16256 112
352 16240 240
464 16272 240
464 16256 368
432 16192 208
400 16256 -32
640 16176 32
640 16272 192
464 16256 160
432 16256 80
512 16240 0
528 16256 0
496 16224 -16
352 16288 128
544 16240 64
416 16272 64
528 16240 -16
528 16272 64
464 16272 64
528 16208 -176
528 16192 -176
528 16176 48
432 16176 144
208 16128 128
320 16144 0
320 16144 128
240 16176 128
432 16272 48
416 16304 96
432 16144 96
432 16144 64
448 16176 -16
368 16176 16
432 16208 16
448 16240 224
416 16256 240
416 16208 224
496 16192 144
496 16160 0
384 16160 -80
432 16208 -80
448 16240 224
416 16160 256
592 16208 16
416 16224 32
416 16256 160
416 16256 240
400 16192 240
400 16192 160
448 16208 96
480 16240 272
368 16240 176
368 16240 48
368 16240 48
432 16192 64
544 16240 192
624 16192 256
608 16224 48
560 16240 16
560 16256 64
480 16256 -48
416 16304 -48
496 16272 112
480 16240 -32
416 16208 192
400 16192 144
400 16192 0
384 16272 0
368 16320 176
400 16208 112
416 16256 0
496 16256 -96
384 16240 16
384 16256 0
608 16256 0
496 16208 16
416 16272 80
464 16256 -16
512 16224 96
512 16208 -64
368 16208 144
592 16160 144
368 16192 -160
432 16272 96
128 16336 144
176 16384 192
800 16128 112
800 16256 -288
608 16256 -288
448 16304 -640
560 16304 -336
240 16288 16
128 16256 -128
480 16064 64
480 16480 -496
944 16480 -1168
1232 16384 -1168
352 16032 -896
-464 15696 368
704 15952 576
704 16208 736
368 16208 1040
-48 16128 1040
512 16080 816
880 16256 640
848 16272 176
752 16192 -112
752 16288 192
368 16288 752
96 16288 752
464 16208 608
320 16128 240
32 16224 -128
256 16192 -448
720 16208 -704
752 16336 -1024
752 16336 -1056
512 16304 -1056
320 16272 -640
368 16208 -224
16 16112 192
-112 16176 800
-112 16208 592
368 16208 592
576 16112 240
416 16176 448
576 16240 416
592 16224 432
544 16288 464
544 16256 352
496 16256 464
384 16176 96
352 16176 96
240 16160 96
432 16176 -240
416 16272 -400
416 16240 -592
464 16240 -336
368 16240 0
384 16192 0
384 16208 192
400 16288 368
512 16192 576
512 16208 400
512 16240 336
512 16240 272
448 16256 272
576 16144 256
528 16176 400
384 16240 208
400 16240 208
336 16240 320
384 16304 48
384 16304 96
160 16240 96
288 16304 -112
368 16320 -48
608 16288 -496
656 16192 -752
384 16224 -560
64 16240 -64
64 16240 -80
-48 16320 -80
160 16288 -16
352 16208 304
656 16208 128
640 16192 176
416 16256 272
368 16304 224
368 16304 368
544 16176 368
496 16128 272
336 16176 80
432 16208 112
432 16192 448
512 16192 208
656 16256 -368
528 16208 -480
528 16208 -416
432 16192 -416
320 16256 -288
352 16160 -48
448 16144 144
544 16176 288
544 16208 592
480 16208 640
400 16176 640
416 16224 432
384 16256 656
384 16208 320
288 16208 192
288 16272 160
320 16256 144
240 16256 -368
352 16256 -368
464 16240 -336
464 16192 -272
576 16208 -80
576 16320 -112
448 16256 192
320 16224 224
352 16224 224
304 16224 352
400 16240 272
480 16240 240
496 16288 16
544 16288 112
416 16288 -96
432 16144 384
416 16192 288
416 16272 176
352 16272 192
416 16224 -80
416 16224 -416
304 16240 -240
528 16304 80
528 16272 80
656 16288 0
592 16144 0
528 16208 -144
544 16208 -64
496 16240 96
416 16192 0
416 16304 208
384 16256 304
544 16240 224
464 16160 144
464 16144 224
416 16144 240
416 16208 112
352 16192 80
416 16224 32
480 16256 32
400 16144 -144
432 16224 96
496 16192 176
496 16224 176
512 16176 -32
400 16208 -80
448 16224 -144
432 16224 -16
240 16160 -16
352 16160 80
352 16208 144
416 16192 144
432 16192 144
400 16272 192
448 16160 208
416 16160 0
400 16192 -16
560 16144 0
560 16256 0
576 16256 0
384 16208 80
320 16224 80
320 16224 80
432 16112 208
416 16128 208
352 16256 320
304 16208 144
352 16224 112
400 16192 144
448 16208 48
448 16176 0
448 16240 -192
400 16240 64
304 16176 80
304 16288 224
304 16240 208
352 16240 32
480 16272 32
448 16208 -144
384 16240 -144
224 16304 -80
304 16304 304
352 16304 272
336 16272 112
560 16272 320
560 16304 160
640 16288 80
528 16224 112
704 16224 0
704 16288 208
496 16288 -80
496 16288 288
432 16240 224
400 16256 48
432 16240 48
432 16240 352
368 16320 256
256 16304 256
336 16240 320
416 16208 352
496 16224 160
464 16208 144
432 16208 48
544 16288 -64
544 16256 -160
528 16256 320
496 16192 320
496 16224 176
560 16176 208
528 16144 256
544 16208 80
432 16176 64
432 16208 320
496 16208 96
448 16240 16
352 16288 16
368 16320 32
480 16224 -48
368 16128 64
336 16144 16
304 16128 96
352 16208 16
320 16224 -48
352 16240 192
384 16304 144
320 16288 208
368 16256 240
368 16304 192
400 16304 0
512 16256 32
432 16176 -48
432 16256 -176
432 16320 -64
224 16256 32
304 16208 16
368 16176 144
368 16176 -32
432 16304 48
432 16240 48
272 16208 0
272 16256 -208
304 16224 -16
368 16208 -32
368 16208 32
368 16256 160
592 16192 560
592 16192 560
512 16224 368
496 16240 448
512 16176 400
544 16160 560
544 16224 464
304 16224 256
416 16208 256
384 16208 176
480 16176 176
528 16192 160
608 16256 0
512 16288 -96
288 16176 32
288 16176 -32
448 16240 -112
688 16240 -208
592 16304 -288
