startup(x,y,z):(432,16240,96)
208 13040 10352
-7728 16464 -496
4176 17648 5152
13472 16032 -3152
10496 17488 -3360
5792 16944 -2400
2368 16384 1488
1936 16048 4608
4656 15872 2560
2784 16256 2128
-1856 15856 -1872
-1456 16112 -3040
-640 16688 -4656
-1376 15936 -5488
-1024 16128 -3040
64 16224 -2352
-912 16592 -1792
-768 16112 -1728
-768 16192 -1744
592 16192 -2304
480 16224 -240
560 16352 1104
944 16208 2096
1088 16208 2000
880 16096 2320
880 16128 2288
48 16128 1728
272 16176 1696
352 16128 1904
352 16112 1904
608 16256 1824
688 16208 1104
496 16224 208
256 16208 -256
256 16272 -608
416 16272 -1040
464 16336 -1040
384 16272 -1008
288 16272 -800
-48 16400 -400
384 16384 -848
592 16320 -592
592 16288 -1376
576 16288 -848
896 16224 -848
560 16256 -832
720 16288 -880
672 16272 -64
608 16272 432
608 16192 656
400 16256 496
304 16272 816
128 16240 784
160 16240 560
624 16176 560
480 16144 864
640 16160 816
864 16192 640
736 16192 432
736 16208 368
592 16208 208
528 16256 208
432 16224 -144
384 16144 -224
304 16128 -304
224 16224 -320
336 16160 -176
336 16128 48
384 16128 80
448 16160 80
576 16208 -320
336 16240 -208
544 16256 -320
480 16304 -240
416 16208 160
384 16224 176
400 16176 256
400 16192 256
352 16192 288
320 16176 144
432 16192 144
528 16176 -16
560 16224 32
512 16160 -96
592 16128 -112
512 16160 48
560 16160 112
560 16160 416
448 16176 416
592 16192 320
416 16144 320
304 16192 240
368 16192 48
400 16240 0
400 16288 32
416 16288 32
352 16224 144
368 16176 160
400 16208 112
400 16256 96
528 16176 352
416 16240 144
416 16256 112
560 16256 128
416 16304 128
416 16336 80
448 16272 96
480 16208 176
432 16208 224
432 16208 288
400 16144 288
432 16144 464
544 16176 176
480 16208 96
432 16240 48
528 16208 -256
512 16224 -112
512 16224 -32
576 16368 -32
576 16336 -32
608 16288 -128
576 16256 80
544 16272 -128
352 16208 128
256 16176 176
256 16144 128
304 16144 128
432 16208 16
464 16192 48
480 16224 80
272 16192 160
272 16240 64
336 16256 48
288 16256 -144
336 16256 -144
368 16320 32
352 16304 96
432 16224 192
624 16240 16
624 16256 -48
560 16256 208
544 16256 128
480 16288 288
480 16256 272
544 16144 496
560 16160 432
448 16176 480
448 16176 288
352 16224 288
336 16336 96
464 16320 -16
400 16256 -16
512 16176 64
512 16176 144
496 16208 64
496 16256 64
560 16256 32
544 16272 64
464 16224 16
464 16288 144
384 16304 96
384 16272 144
384 16176 288
432 16176 288
368 16224 208
400 16224 304
416 16208 320
320 16240 192
592 16240 208
528 16224 240
528 16176 224
576 16176 160
576 16176 64
448 16240 64
624 16240 32
448 16208 48
256 16240 -48
304 16288 -352
304 16304 -384
384 16304 -192
336 16272 -192
352 16288 -16
480 16224 -144
496 16160 -144
624 16160 -128
624 16208 32
656 16240 -128
560 16240 -128
400 16272 -288
448 16192 80
512 16192 160
512 16160 176
432 16160 240
464 16208 176
464 16240 144
416 16240 144
208 16256 80
320 16240 -160
304 16256 32
352 16288 144
384 16304 64
384 16240 0
480 16240 208
512 16240 -16
368 16240 -112
352 16256 160
336 16160 160
560 16192 128
512 16144 32
400 16208 144
496 16224 128
496 16176 112
464 16224 64
464 16192 144
400 16192 144
416 16272 208
512 16304 160
432 16240 176
432 16240 144
400 16272 144
624 16256 -32
544 16304 96
368 16176 224
448 16192 32
464 16192 32
464 16112 16
432 16144 288
432 16208 192
464 16192 -32
304 16224 -112
304 16240 -256
336 16240 -32
400 16304 -112
448 16320 144
416 16224 32
464 16208 64
496 16240 -16
512 16256 176
432 16272 192
432 16192 32
448 16096 32
432 16096 32
576 16112 80
448 16096 80
416 16176 384
288 16176 368
432 16176 144
432 16288 0
480 16208 208
288 16272 160
368 16304 320
576 16320 240
432 16144 176
448 16208 272
432 16240 32
432 16240 32
464 16208 112
416 16160 208
480 16160 224
464 16144 224
512 16112 192
576 16144 48
512 16176 64
512 16096 48
592 16192 112
464 16192 272
416 16176 272
400 16208 224
480 16224 176
416 16192 48
512 16240 240
560 16256 48
496 16144 176
496 16144 192
560 16176 80
624 16144 80
432 16208 128
480 16192 160
448 16208 96
432 16160 -32
416 16128 240
320 16160 224
320 16160 -48
576 16160 0
608 16208 0
560 16288 -48
464 16240 -48
432 16320 80
400 16272 112
368 16240 -32
512 16240 160
512 16288 96
480 16288 -160
592 16352 -144
688 16288 48
528 16224 96
528 16240 128
528 16256 240
512 16288 128
416 16240 128
512 16208 176
512 16192 288
464 16192 448
352 16192 624
480 16240 400
336 16240 400
544 16224 192
624 16192 256
592 16160 96
480 16256 -160
448 16192 -16
448 16144 160
352 16144 160
368 16192 -32
416 16208 16
368 16288 48
320 16208 32
336 16160 16
336 16256 -64
400 16256 -64
432 16288 -112
448 16224 80
432 16192 80
288 16160 128
384 16192 272
368 16240 48
480 16240 96
432 16224 48
400 16240 -128
416 16256 0
416 16256 0
528 16256 0
496 16256 -112
496 16256 -128
496 16272 -128
336 16288 96
304 16176 80
432 16176 128
432 16192 160
432 16224 -32
384 16224 -48
368 16256 -48
384 16240 16
368 16288 64
352 16256 96
496 16224 80
496 16208 144
528 16208 128
336 16224 128
368 16256 64
384 16224 160
592 16272 -256
544 16272 16
480 16176 64
480 16208 352
528 16208 416
576 16192 416
496 16240 16
448 16208 -96
448 16320 160
496 16320 160
688 16272 256
528 16224 368
432 16208 368
448 16272 368
416 16224 544
336 16160 128
480 16112 112
256 16096 16
240 16208 272
240 16224 32
448 16160 144
400 16208 0
464 16176 96
544 16208 192
608 16224 192
464 16240 304
432 16224 208
448 16240 208
272 16224 80
384 16256 -32
432 16272 -128
432 16288 -160
480 16288 80
624 16208 144
464 16192 96
464 16272 80
368 16272 80
400 16256 112
192 16160 160
432 16112 160
256 16160 176
400 16192 -128
416 16208 -256
416 16128 -128
416 16128 144
368 16176 128
368 16160 -128
240 16160 -128
432 16224 -112
176 16192 80
256 16192 192
0 16240 48
224 16240 48
112 16240 48
288 16272 256
384 16208 224
544 16272 208
528 16256 0
416 16224 32
352 16208 32
368 16192 112
432 16256 32
464 16208 96
352 16224 112
304 16208 240
448 16160 128
352 16240 224
352 16288 400
416 16208 240
448 16224 224
448 16144 128
544 16176 -32
544 16128 48
464 16128 320
320 16144 320
368 16240 288
336 16240 240
400 16272 144
544 16272 272
400 16256 256
448 16272 144
512 16192 320
512 16256 176
640 16256 128
560 16256 192
448 16224 192
560 16288 208
592 16240 -128
496 16240 -48
528 16224 -48
608 16080 0
608 16160 64
432 16160 448
400 16192 288
416 16272 176
432 16192 -64
432 16192 -256
368 16192 -256
304 16240 192
288 16224 224
400 16240 224
464 16224 -48
480 16192 48
448 16176 -176
368 16208 272
416 16224 144
464 16176 144
464 16176 64
464 16224 64
368 16256 352
464 16256 352
368 16224 352
352 16256 128
304 16320 -16
496 16304 -96
512 16304 -48
336 16256 272
336 16176 176
352 16176 176
400 16192 96
400 16240 192
416 16256 192
464 16192 176
432 16224 192
400 16224 96
416 16192 96
560 16272 64
544 16272 -16
464 16272 240
480 16288 -80
400 16352 -64
400 16320 16
352 16320 224
320 16336 224
432 16272 144
368 16304 48
464 16240 32
464 16240 400
368 16192 400
368 16176 80
400 16192 208
368 16288 64
416 16368 64
480 16256 -16
496 16240 48
480 16240 32
384 16288 240
464 16256 144
464 16096 -32
464 16096 96
544 16112 96
480 16176 0
416 16176 240
448 16240 -64
432 16208 16
480 16240 -80
464 16256 -32
480 16256 -112
512 16192 -48
512 16208 -16
448 16208 240
496 16176 272
448 16112 272
432 16192 64
512 16208 -32
432 16240 -224
304 16272 -80
384 16256 64
352 16240 96
384 16288 144
432 16352 160
400 16272 -16
352 16224 128
256 16224 128
256 16192 256
512 16240 224
448 16256 256
496 16256 64
608 16304 112
560 16192 48
416 16192 48
464 16224 -32
496 16160 256
448 16160 272
464 16112 144
464 16160 128
384 16192 16
320 16192 96
352 16192 96
480 16240 240
544 16272 160
528 16304 160
464 16320 176
496 16224 80
496 16208 16
496 16224 -32
368 16176 -112
416 16192 -112
416 16256 -256
352 16256 -256
528 16192 -368
448 16176 -32
512 16240 -32
464 16208 -48
608 16096 0
512 16144 0
384 16176 -80
400 16208 -48
384 16240 80
384 16256 80
432 16256 288
400 16208 144
400 16272 144
464 16224 -32
464 16224 208
432 16272 208
448 16272 -48
432 16144 -192
320 16144 64
368 16208 80
416 16192 80
416 16224 48
496 16240 64
432 16224 -32
496 16256 16
448 16192 64
496 16208 -64
528 16224 176
528 16224 240
336 16176 208
352 16176 48
240 16224 160
160 16240 96
304 16272 -32
480 16304 240
416 16288 336
464 16288 80
416 16288 -112
368 16272 0
368 16256 112
304 16240 -32
208 16192 -48
304 16176 96
304 16208 -16
384 16192 176
384 16192 -32
496 16160 -32
496 16208 -16
496 16112 -32
512 16112 -288
480 16208 -96
448 16208 176
416 16192 368
608 16128 336
672 16160 496
608 16160 192
528 16128 0
432 16192 160
384 16176 176
352 16224 -16
352 16192 80
352 16160 -16
560 16128 16
528 16128 -80
384 16208 240
384 16160 240
272 16128 224
256 16224 48
304 16240 304
304 16192 176
448 16272 -112
512 16272 96
448 16272 112
608 16272 112
560 16288 96
640 16208 176
624 16240 128
480 16240 -32
384 16336 128
288 16240 128
480 16192 96
384 16192 32
320 16224 112
352 16288 48
352 16224 0
432 16240 48
544 16256 176
464 16240 160
480 16144 -16
528 16128 -80
592 16128 -32
592 16128 144
528 16128 80
384 16208 144
400 16208 96
384 16240 96
512 16240 384
608 16256 256
528 16320 128
496 16272 112
416 16288 -64
416 16256 -64
416 16256 -64
176 16288 336
144 16240 224
224 16192 208
224 16208 112
224 16272 -16
368 16288 96
368 16304 192
448 16304 16
528 16256 16
496 16192 -64
400 16176 -80
400 16240 -64
400 16288 144
400 16288 -16
496 16240 -144
544 16192 -144
608 16176 -224
544 16208 80
416 16208 160
416 16272 416
416 16272 304
384 16272 304
304 16208 160
352 16176 48
288 16208 -64
208 16288 112
208 16288 128
288 16288 32
304 16288 -80
544 16272 -80
592 16304 112
656 16224 176
528 16208 16
496 16144 96
496 16176 128
336 16192 48
336 16240 160
240 16240 -16
432 16192 64
352 16272 64
320 16272 80
448 16320 -16
400 16272 192
400 16272 192
448 16272 128
464 16224 128
496 16288 224
480 16224 -128
576 16240 80
576 16240 -144
560 16240 16
560 16240 112
464 16128 64
576 16128 -64
448 16128 -64
432 16272 -112
288 16256 128
368 16224 -48
320 16224 -160
400 16240 -16
400 16240 240
448 16112 304
432 16144 304
480 16128 400
368 16176 224
576 16208 384
496 16256 -64
560 16208 16
560 16208 16
464 16256 16
512 16208 -160
512 16080 -160
320 16208 -80
432 16128 0
608 16224 -16
608 16224 128
544 16224 0
496 16208 0
464 16176 -48
464 16192 128
480 16224 288
448 16144 272
416 16208 112
416 16240 208
416 16288 80
400 16288 192
464 16192 192
480 16224 128
432 16192 208
304 16176 208
304 16176 208
336 16176 96
144 16192 96
448 16208 -48
416 16160 144
304 16192 208
240 16208 288
224 16256 128
416 16176 48
416 16160 48
480 16160 48
512 16224 -208
368 16224 -128
336 16256 48
464 16224 192
464 16160 80
352 16160 64
464 16192 64
592 16160 128
560 16208 144
496 16240 16
560 16208 -48
656 16192 0
656 16128 144
608 16128 144
480 16128 176
512 16096 -16
624 16144 32
496 16176 64
400 16240 288
464 16208 128
464 16256 -96
496 16256 96
464 16192 96
384 16176 48
416 16112 80
464 16096 48
464 16176 -96
592 16224 0
592 16224 144
560 16288 144
416 16240 0
496 16256 -48
624 16320 -144
800 16240 -320
800 16160 96
592 16096 16
576 16096 80
608 16144 112
512 16224 112
512 16304 -128
480 16320 32
656 16208 16
528 16208 -16
528 16224 112
480 16224 256
432 16224 256
432 16192 32
576 16160 64
496 16224 0
416 16240 208
416 16288 208
448 16288 -16
528 16256 16
384 16176 48
416 16144 160
496 16160 32
560 16224 -160
496 16224 -64
464 16256 48
544 16208 64
544 16208 96
384 16160 256
336 16160 576
-80 16064 688
112 16064 608
368 16080 608
400 16112 608
320 16208 -48
256 16192 96
656 16192 208
464 16000 208
-288 16192 -48
-288 16000 -48
656 16000 -48
576 16176 -16
256 16272 -96
144 16128 -96
528 16128 448
464 16320 224
368 16480 544
368 16288 256
368 16224 208
592 16224 368
560 16208 368
656 16304 320
592 16464 384
560 16256 224
512 16176 256
480 16400 -16
448 16368 112
448 16368 144
480 16352 144
736 16288 64
736 16272 -160
736 16208 -112
544 16160 -112
672 16176 -144
672 16128 -192
624 16192 -224
560 16192 -224
448 16352 0
432 16224 32
352 16160 208
496 16176 -64
496 16208 48
736 16208 48
672 16272 -96
528 16192 96
528 16192 176
528 16192 384
272 16672 400
448 15728 224
288 15808 0
352 15952 -304
176 15536 -160
640 15696 -656
1088 15808 -1600
464 16112 -1424
-384 15824 288
480 15760 -208
1392 16080 80
880 16320 336
880 16224 304
368 16224 544
896 16272 544
784 16272 896
672 16352 432
784 16192 -208
752 16096 432
64 16256 928
64 16192 976
464 16208 448
688 16208 64
-80 16096 -704
-80 16048 -1024
1088 16144 -1024
1088 16160 -1008
768 16160 -864
272 16240 -592
400 16192 -592
112 16160 544
-16 16160 1088
400 16240 1280
832 16240 800
928 16256 416
752 16272 160
656 16288 352
656 16256 496
544 16256 720
432 16176 752
96 16240 624
176 16240 496
352 16240 496
368 16208 -32
592 16336 -480
688 16256 -1008
512 16256 -992
224 16272 -576
224 16272 352
-96 16224 352
160 16208 288
384 16160 768
368 16192 608
480 16192 464
432 16192 352
400 16160 352
512 16128 688
704 16144 672
608 16080 512
320 16144 464
400 16256 304
416 16224 -80
416 16208 -176
416 16208 -528
448 16224 -640
400 16176 -80
368 16208 -80
352 16160 32
544 16160 -128
528 16176 -192
512 16128 80
448 16224 240
448 16224 368
576 16224 368
496 16208 336
496 16272 432
512 16320 384
512 16240 416
400 16224 192
432 16256 -16
432 16208 -128
432 16208 -256
480 16208 -64
224 16240 -112
256 16176 -112
256 16272 -64
432 16272 -208
480 16224 -448
464 16240 -240
512 16288 -176
512 16288 240
384 16320 240
400 16208 512
400 16240 480
448 16272 400
544 16272 384
400 16288 304
400 16256 352
512 16256 288
288 16224 288
304 16208 288
272 16288 112
208 16288 96
336 16304 32
336 16304 128
144 16256 128
288 16256 -64
272 16384 -112
368 16352 -128
416 16288 320
528 16208 368
464 16272 176
464 16240 224
240 16240 224
384 16240 304
384 16256 -32
544 16240 -256
512 16208 64
512 16192 32
608 16208 -32
496 16208 -288
496 16224 -320
448 16176 32
432 16144 -144
320 16208 16
528 16240 -32
528 16272 32
480 16272 32
256 16160 48
208 16128 192
272 16240 176
320 16224 112
384 16272 112
384 16240 128
528 16240 144
496 16224 144
464 16256 32
512 16256 -48
304 16208 176
304 16240 224
272 16240 48
256 16240 -16
384 16224 -16
384 16128 400
224 16208 176
368 16160 32
368 16176 176
496 16192 -48
496 16256 64
480 16256 64
544 16224 48
480 16224 112
448 16192 224
528 16176 256
544 16176 112
512 16224 192
544 16176 96
448 16240 96
448 16240 112
496 16240 240
528 16192 240
576 16160 240
432 16128 400
336 16128 256
432 16224 160
432 16160 272
464 16176 128
400 16176 16
512 16192 176
384 16208 416
512 16208 240
464 16224 192
464 16192 224
368 16192 224
368 16224 224
528 16240 320
560 16272 128
432 16272 48
608 16256 -80
496 16240 -208
528 16192 -96
400 16272 -16
496 16256 128
448 16256 -64
496 16160 80
320 16208 -176
320 16288 48
320 16256 160
416 16224 112
400 16208 128
400 16208 48
400 16208 144
512 16176 144
352 16208 224
208 16240 256
320 16160 176
400 16192 144
464 16256 64
464 16304 -48
352 16304 -96
368 16272 -96
496 16224 -240
432 16272 112
352 16256 16
288 16224 192
288 16224 48
560 16224 48
656 16192 -80
704 16224 32
496 16192 0
336 16192 -16
384 16144 176
368 16160 272
368 16240 96
304 16240 48
368 16240 -144
480 16192 -144
336 16208 -48
368 16208 -16
496 16224 -80
496 16288 -80
416 16224 -96
256 16272 -96
256 16240 16
304 16304 0
512 16272 0
544 16256 80
528 16224 32
528 16272 -80
416 16272 32
352 16288 192
448 16336 192
512 16304 128
464 16272 -160
528 16176 80
448 16240 32
432 16304 -128
416 16240 32
416 16208 176
400 16208 176
576 16112 -32
496 16240 -64
496 16192 0
496 16304 96
480 16304 96
432 16272 272
400 16272 256
464 16304 144
624 16208 128
752 16208 208
544 16128 304
544 16192 304
336 16160 160
496 16192 96
592 16208 48
592 16320 48
592 16224 -48
400 16224 368
368 16208 368
336 16256 432
464 16192 96
304 16208 64
384 16208 -128
416 16160 -128
432 16176 -64
448 16240 96
288 16224 64
352 16208 0
352 16208 240
256 16144 176
352 16224 176
464 16240 176
576 16224 160
448 16176 -32
288 16208 0
400 16208 64
352 16256 32
400 16256 32
512 16144 64
384 16176 -176
384 16288 -48
448 16288 -80
496 16288 -80
480 16288 16
448 16304 112
496 16256 16
480 16256 -32
480 16272 -64
512 16224 48
560 16240 272
496 16240 48
496 16240 64
496 16240 64
400 16208 336
432 16176 128
304 16208 288
448 16320 112
384 16240 192
384 16272 96
368 16256 256
320 16176 272
352 16240 240
496 16208 160
496 16208 224
448 16144 224
480 16176 256
464 16240 384
336 16272 272
256 16304 224
240 16304 160
368 16256 -16
352 16240 64
368 16240 80
368 16304 112
368 16304 32
448 16352 32
432 16288 64
544 16208 112
656 16208 48
464 16176 112
432 16224 144
464 16208 16
480 16208 128
480 16208 272
464 16208 272
496 16256 368
464 16256 176
368 16224 -112
336 16256 128
352 16304 192
304 16256 96
304 16224 48
464 16224 48
624 16192 48
448 16224 -16
416 16304 0
496 16304 0
400 16240 48
320 16240 368
464 16240 160
464 16240 128
416 16240 112
352 16224 288
416 16224 288
400 16192 240
528 16176 0
624 16352 112
656 16240 80
608 16224 80
608 16192 80
544 16192 80
528 16240 -32
496 16192 -32
416 16224 -96
512 16128 -16
432 16208 -96
352 16240 48
352 16224 368
400 16192 464
416 16192 496
400 16192 496
288 16224 304
432 16208 240
448 16208 176
320 16192 192
320 16208 -80
304 16208 64
240 16272 64
320 16288 -48
384 16208 -32
464 16288 80
544 16240 48
512 16272 -48
512 16304 144
528 16304 144
576 16304 -192
640 16208 32
352 16224 32
448 16272 96
480 16304 128
448 16256 48
304 16160 176
496 16224 -128
512 16240 -256
416 16240 -256
448 16256 -400
336 16160 -176
416 16320 192
592 16256 -112
544 16240 -32
512 16256 32
560 16288 32
432 16224 384
384 16304 272
464 16288 192
512 16224 224
464 16208 224
288 16256 224
352 16192 160
208 16144 192
352 16256 192
432 16224 -176
512 16224 16
512 16224 272
400 16224 272
416 16192 112
464 16208 -112
304 16272 64
448 16272 304
384 16272 448
400 16256 192
512 16176 128
528 16160 160
544 16208 0
512 16176 32
