startup(x,y,z):(432,16240,96)
1232 14880 -1920
3616 15856 -3600
7680 15568 -3600
-5888 22000 6688
2096 14480 8528
-4992 15920 4816
9216 16736 -1632
1424 16592 1664
-2592 16608 1104
-1600 16032 -2944
-1600 15776 -4624
336 15776 -5120
-2256 16032 -5120
-624 16144 -3680
-1120 16656 -3680
-368 16416 -3024
1120 16240 -2528
896 16288 -1680
-64 16288 -2528
480 16480 -2960
480 16256 -2416
480 16256 -1280
112 16320 -1280
672 16400 96
816 16352 1248
1008 16240 2112
896 16144 2144
208 16160 2528
-352 16208 2560
-224 16192 2256
-224 16128 2048
96 16128 1424
352 16208 1760
640 16224 1296
592 16304 752
320 16336 224
320 16400 -400
464 16400 -400
448 16320 -816
64 16048 -976
496 16128 -880
384 16160 -160
672 16400 -768
656 16336 -816
240 16304 -928
240 16384 -1008
560 16256 -672
560 16272 -336
512 16272 272
400 16272 496
304 16192 496
400 16240 400
240 16208 816
48 16208 960
304 16272 816
496 16288 1040
480 16224 1008
784 16256 784
784 16192 528
720 16208 240
512 16160 240
432 16160 16
496 16192 16
432 16256 -304
256 16240 -448
160 16352 -528
160 16240 -496
160 16192 -464
240 16192 -304
320 16304 -304
432 16192 -64
544 16176 -64
352 16224 -48
448 16144 -48
432 16288 -176
448 16176 144
368 16192 400
368 16112 224
496 16224 336
512 16224 192
288 16176 176
352 16224 -64
352 16256 16
528 16256 16
464 16208 48
480 16288 96
416 16144 176
192 16240 160
208 16208 128
208 16208 128
336 16208 0
400 16208 0
400 16272 -480
400 16272 -336
448 16224 -336
448 16048 144
528 16160 288
432 16176 288
320 16176 224
464 16176 272
432 16224 64
416 16192 32
480 16256 48
464 16208 224
320 16288 160
304 16304 48
304 16256 208
272 16256 144
320 16128 144
432 16224 224
432 16192 -160
400 16192 80
368 16192 80
368 16192 160
496 16256 144
448 16176 -32
320 16256 -32
432 16240 64
368 16160 0
352 16208 -128
368 16224 16
304 16192 112
304 16144 192
400 16144 0
368 16256 0
416 16336 96
480 16352 -144
416 16288 -160
352 16208 -80
512 16208 -112
480 16208 -80
224 16208 -64
384 16240 112
384 16224 128
432 16224 32
528 16304 32
512 16272 432
400 16272 176
448 16320 176
544 16256 336
496 16256 432
368 16224 272
560 16208 224
304 16192 256
464 16192 80
432 16256 64
640 16240 224
496 16256 16
640 16208 -32
432 16288 48
496 16288 -32
512 16272 -32
496 16240 -208
384 16304 -384
320 16240 0
336 16224 -16
336 16256 64
384 16288 80
480 16256 224
464 16192 336
544 16240 544
480 16240 336
448 16144 192
448 16224 112
512 16224 160
432 16144 160
336 16240 16
416 16240 -80
480 16320 144
512 16320 352
496 16336 352
560 16240 208
464 16224 -128
400 16224 -32
256 16208 -112
448 16192 -96
656 16128 0
656 16128 64
656 16128 192
448 16192 192
464 16240 368
464 16288 256
496 16288 336
400 16256 336
384 16256 160
448 16208 128
400 16208 112
416 16192 -16
448 16240 -64
560 16240 -176
512 16208 112
464 16208 208
400 16224 112
400 16352 160
352 16352 192
544 16320 192
368 16192 96
432 16224 16
384 16272 -48
304 16256 112
336 16224 32
496 16320 16
256 16240 224
336 16256 176
336 16240 480
368 16240 528
416 16224 528
368 16240 272
416 16160 304
368 16208 208
432 16208 320
480 16144 496
432 16224 272
432 16224 -128
352 16160 -144
448 16224 80
512 16224 144
624 16224 400
544 16128 240
576 16208 144
416 16272 -48
400 16272 -48
448 16256 -176
352 16208 -80
448 16208 -112
432 16160 -160
336 16240 -112
416 16208 64
416 16208 -96
480 16304 -96
448 16272 208
480 16304 32
576 16256 0
416 16288 32
480 16304 160
480 16224 256
464 16224 112
432 16160 112
544 16224 144
448 16224 256
416 16256 208
496 16240 272
496 16224 176
608 16288 272
432 16288 272
400 16240 32
432 16272 176
496 16272 80
448 16176 256
336 16208 176
336 16208 256
352 16208 256
400 16208 208
384 16144 96
320 16112 -48
448 16160 32
528 16240 80
384 16272 272
384 16240 192
240 16240 304
208 16256 224
496 16256 32
496 16224 176
400 16176 208
400 16256 288
400 16208 144
480 16208 144
448 16256 -64
464 16320 -128
400 16240 -80
368 16304 -192
368 16272 -128
448 16272 -384
496 16240 -384
512 16176 48
528 16208 96
560 16208 -112
496 16288 0
432 16304 -128
432 16304 160
464 16224 160
528 16208 32
432 16160 -32
560 16192 -320
480 16176 176
480 16256 -160
400 16256 -272
416 16272 -272
304 16304 -112
368 16272 48
352 16256 -96
464 16256 -240
352 16224 -48
352 16208 144
320 16208 144
432 16144 -304
528 16160 -112
576 16256 16
288 16272 160
416 16320 208
416 16240 64
528 16240 -192
512 16320 -192
384 16304 -80
352 16304 48
352 16288 128
320 16256 16
272 16192 128
272 16224 112
272 16224 -112
368 16208 -112
432 16176 32
416 16208 128
336 16192 160
400 16240 336
384 16256 192
400 16224 224
352 16144 -48
352 16224 192
352 16192 80
432 16192 80
384 16160 112
416 16160 64
560 16112 -112
464 16176 -272
704 16144 -256
496 16240 -400
400 16240 -176
400 16272 -144
448 16256 -256
448 16224 -32
512 16224 -96
544 16272 -96
592 16256 -112
512 16256 -64
576 16224 -128
528 16192 -128
624 16256 -96
576 16256 -48
560 16272 -128
560 16272 -112
576 16240 -112
464 16256 160
496 16192 288
384 16176 320
480 16192 272
448 16208 128
448 16208 48
448 16224 48
464 16208 176
400 16160 192
480 16192 192
560 16192 32
480 16240 128
368 16240 144
368 16272 128
368 16272 240
352 16240 384
416 16240 384
352 16256 160
384 16240 208
496 16224 384
304 16176 384
336 16160 224
416 16160 -64
496 16176 -160
320 16160 192
432 16144 176
496 16080 224
464 16192 96
464 16192 192
368 16192 96
432 16272 160
304 16240 128
544 16240 128
336 16272 48
416 16256 -208
496 16128 176
320 16192 -48
400 16272 128
400 16240 48
320 16208 -16
304 16384 32
304 16384 -64
384 16288 -64
416 16208 160
208 16176 160
416 16176 224
480 16240 64
432 16256 -128
368 16288 -128
416 16272 -112
384 16160 80
256 16144 48
544 16256 160
576 16288 112
528 16224 128
528 16240 -128
544 16176 144
448 16176 16
528 16208 16
528 16224 -208
480 16208 -48
464 16208 -48
528 16224 16
512 16224 48
544 16256 16
560 16208 208
512 16256 160
560 16240 80
368 16256 -48
384 16192 64
336 16192 80
448 16176 288
496 16240 192
384 16256 80
400 16272 80
384 16272 80
528 16288 16
560 16224 -32
464 16240 128
480 16256 96
432 16224 176
384 16208 208
416 16224 160
368 16320 0
496 16272 -192
496 16336 -448
480 16240 -368
384 16224 -32
384 16272 32
416 16208 -112
320 16208 48
384 16240 96
384 16240 16
512 16208 16
528 16192 112
528 16208 304
528 16208 352
480 16224 128
336 16160 64
400 16208 48
464 16224 96
448 16208 128
448 16208 208
400 16176 144
240 16176 192
432 16112 192
496 16128 160
576 16192 16
464 16240 -32
416 16192 16
400 16176 32
384 16240 80
448 16144 224
368 16208 -16
384 16224 64
544 16112 160
496 16272 64
368 16240 -32
432 16176 80
512 16208 80
416 16224 80
416 16208 64
352 16192 96
288 16192 96
288 16112 128
256 16080 192
416 16176 -16
432 16176 64
448 16192 32
352 16256 80
352 16256 -64
368 16304 -64
368 16288 16
432 16240 64
288 16176 -64
320 16176 -64
304 16160 64
352 16272 -96
336 16304 -32
320 16320 -32
352 16256 64
272 16256 64
448 16256 32
448 16288 -304
416 16256 -112
496 16240 176
480 16224 256
416 16208 240
400 16176 208
416 16224 416
416 16176 464
336 16208 240
480 16176 176
480 16160 336
448 16224 144
336 16192 -144
336 16240 -48
336 16192 48
400 16192 -64
352 16208 -64
512 16208 80
512 16192 144
480 16144 272
544 16160 -128
688 16160 -160
512 16224 48
576 16272 240
672 16272 48
672 16240 352
688 16240 304
624 16176 304
672 16240 192
576 16192 48
560 16256 256
480 16176 320
416 16224 240
416 16160 384
352 16160 112
336 16272 112
464 16160 144
448 16144 -112
480 16128 320
448 16176 208
288 16240 176
336 16176 48
368 16160 -64
432 16192 128
448 16192 160
416 16224 112
416 16224 144
464 16192 144
464 16176 368
416 16304 288
416 16320 336
672 16240 304
512 16224 352
560 16224 -32
416 16256 192
416 16208 240
528 16208 352
592 16192 352
432 16176 176
336 16176 208
368 16128 -16
224 16176 48
224 16160 64
352 16160 32
320 16160 32
448 16176 0
416 16288 192
448 16272 176
272 16336 112
336 16208 -80
336 16256 -48
416 16208 16
416 16240 64
400 16240 272
432 16160 272
368 16208 240
352 16256 272
320 16304 96
352 16176 272
416 16208 272
416 16224 256
464 16224 256
560 16224 112
448 16240 112
480 16240 -112
448 16112 96
464 16096 64
400 16240 96
512 16208 128
512 16240 160
352 16240 176
400 16240 32
496 16288 32
336 16256 320
384 16256 224
336 16224 224
496 16240 224
480 16304 112
400 16416 144
400 16320 48
432 16256 -64
288 16256 -32
352 16192 -32
448 16192 16
432 16192 16
464 16192 16
432 16240 128
448 16192 416
368 16256 48
528 16192 256
528 16192 96
400 16208 96
336 16192 128
304 16176 192
304 16128 352
400 16128 -48
480 16208 -48
496 16160 176
512 16176 144
624 16208 240
528 16144 64
576 16160 -16
624 16176 -192
496 16224 -160
496 16208 16
544 16208 128
400 16256 48
416 16256 -288
416 16192 -288
320 16208 48
336 16224 0
416 16128 80
384 16160 208
336 16128 112
128 16288 112
128 16112 464
368 16112 464
304 16176 272
256 16320 240
368 16240 -16
480 16240 192
736 16224 256
496 16240 0
496 16272 -16
416 16272 80
320 16160 80
416 16144 -64
368 16096 -64
800 16208 96
240 16128 -208
464 16128 80
320 16272 96
768 16320 0
768 16160 0
384 16160 0
640 16176 320
672 16112 0
848 16304 -176
1152 16464 -1488
304 16640 -160
-320 16432 656
448 16432 832
336 16304 560
480 16160 528
480 16160 688
688 16128 688
688 16176 640
624 16240 448
752 16176 80
592 16160 464
224 16224 576
448 16240 640
464 16240 272
464 16256 16
416 16256 -784
672 16384 -784
1360 16384 -992
560 16400 -912
-96 16352 -352
432 16272 -352
432 16256 -32
448 16256 464
384 16256 464
224 16128 512
512 16144 528
480 16224 288
560 16208 160
592 16208 288
592 16272 448
528 16272 448
272 16224 656
160 16208 416
400 16256 496
496 16320 240
464 16240 -304
432 16288 -560
432 16192 -608
496 16192 -608
224 16272 -464
176 16352 -304
352 16368 -48
272 16304 176
240 16208 464
368 16240 480
592 16224 64
592 16320 -64
624 16320 -160
496 16192 -160
480 16192 -96
448 16272 256
304 16352 560
304 16272 272
400 16272 272
576 16192 128
624 16160 -192
672 16176 -704
544 16208 -544
464 16224 -352
416 16208 -176
256 16256 192
256 16256 304
304 16256 432
608 16256 432
528 16224 208
480 16128 -128
416 16128 -192
384 16176 272
336 16192 320
368 16192 400
480 16192 368
352 16224 16
304 16208 -112
304 16192 160
304 16224 -32
464 16192 -336
400 16160 -160
272 16224 112
272 16208 -48
368 16208 224
560 16208 224
464 16288 96
464 16288 96
464 16208 128
416 16192 400
384 16256 416
384 16256 576
432 16256 592
448 16256 192
352 16272 192
560 16320 48
464 16272 -240
336 16240 -128
304 16240 -384
304 16208 -128
400 16208 -160
544 16208 -208
640 16240 -208
624 16272 -256
576 16272 -464
544 16208 -384
384 16256 -176
336 16160 176
352 16192 640
416 16176 544
512 16176 352
512 16176 48
608 16288 48
640 16336 -128
704 16336 32
416 16352 272
432 16208 224
224 16224 464
240 16208 400
384 16192 144
384 16192 -64
528 16336 -432
800 16336 -432
544 16320 -496
560 16208 -144
512 16144 192
496 16160 368
608 16128 528
592 16160 288
416 16192 128
416 16160 64
448 16160 -128
560 16160 64
544 16224 64
496 16240 176
560 16256 208
400 16240 96
400 16256 224
368 16224 176
496 16224 336
560 16224 -16
768 16256 -144
544 16256 -144
512 16176 96
576 16176 160
480 16192 144
432 16160 80
432 16224 144
336 16208 256
352 16192 80
480 16192 272
400 16224 272
480 16160 400
496 16224 400
384 16224 224
272 16224 144
272 16240 224
368 16224 176
432 16256 -144
480 16256 -144
336 16208 48
464 16224 -64
464 16304 208
400 16288 16
304 16320 -128
432 16272 -128
448 16304 48
448 16224 -288
496 16272 -48
368 16256 144
368 16192 160
448 16192 304
336 16208 304
416 16272 240
512 16224 144
496 16208 128
608 16208 208
416 16256 272
416 16256 128
368 16256 400
384 16272 464
416 16272 464
416 16208 592
592 16256 416
672 16272 160
784 16240 32
672 16224 -144
432 16256 -80
464 16256 -16
592 16272 160
544 16256 288
544 16256 224
544 16272 224
336 16240 224
224 16256 -48
256 16256 176
592 16240 176
624 16240 224
496 16256 48
512 16256 -16
496 16192 224
432 16080 320
432 16064 160
480 16064 368
368 16144 368
448 16128 320
416 16128 320
272 16144 240
240 16224 208
128 16256 112
288 16288 80
400 16192 -48
368 16272 32
368 16256 96
608 16256 80
448 16208 80
352 16256 16
560 16240 176
544 16240 128
496 16304 128
512 16240 224
480 16208 -128
528 16256 -32
624 16176 128
624 16176 0
528 16176 0
512 16208 -128
464 16224 -16
464 16240 -16
592 16256 80
560 16224 48
496 16272 288
416 16272 304
480 16368 96
528 16256 48
528 16256 64
528 16336 64
544 16368 16
496 16320 96
416 16272 176
512 16256 336
464 16208 144
400 16272 288
480 16224 240
480 16224 160
576 16240 160
512 16272 208
480 16224 128
320 16240 192
384 16240 -160
432 16128 -32
672 16080 -80
576 16176 0
576 16176 -48
496 16176 176
384 16224 -80
464 16208 -96
496 16208 -16
416 16080 240
384 16144 288
480 16176 176
368 16240 96
432 16192 32
432 16192 256
464 16160 80
528 16112 320
432 16144 320
320 16176 160
368 16240 16
400 16304 0
240 16256 160
384 16256 96
304 16320 48
304 16352 80
480 16352 80
304 16272 272
304 16320 -96
352 16320 -112
400 16160 160
400 16208 16
416 16208 224
448 16224 336
384 16272 16
352 16240 192
432 16272 64
432 16224 80
480 16224 16
384 16304 16
416 16224 -128
432 16224 -16
496 16240 32
416 16176 192
368 16208 -64
368 16160 0
528 16176 -16
384 16112 80
368 16112 80
544 16208 -48
480 16256 0
448 16288 -16
528 16240 112
352 16256 336
416 16144 336
432 16176 64
480 16192 80
480 16176 -64
448 16144 -160
384 16144 -208
208 16176 -208
224 16288 -176
320 16160 288
304 16176 48
416 16256 0
272 16176 304
512 16176 176
512 16144 80
496 16208 48
480 16208 208
352 16224 208
368 16304 336
432 16336 272
368 16320 320
432 16288 224
432 16240 176
400 16160 32
368 16160 -16
368 16176 -128
352 16224 -128
448 16256 -112
336 16208 -256
400 16112 80
368 16128 48
480 16256 32
432 16288 64
432 16240 112
368 16240 -32
288 16224 -32
464 16272 0
528 16304 112
640 16352 80
528 16304 208
384 16272 112
416 16208 416
464 16176 176
464 16272 160
448 16272 96
336 16240 96
272 16192 64
512 16176 48
432 16208 192
336 16224 128
416 16224 64
368 16192 208
432 16160 128
432 16240 176
496 16288 240
448 16208 272
400 16208 176
480 16192 176
496 16256 208
512 16144 112
464 16208 128
448 16240 128
512 16192 -48
512 16176 272
464 16224 240
512 16224 160
448 16224 160
368 16288 192
384 16176 320
480 16256 384
512 16304 160
400 16272 96
384 16288 144
384 16224 352
432 16208 224
464 16208 272
496 16208 64
304 16208 64
320 16256 32
432 16208 32
464 16272 0
512 16256 112
496 16224 96
416 16224 48
320 16288 48
368 16208 176
416 16192 144
416 16272 336
368 16272 256
320 16240 16
480 16144 80
416 16096 96
352 16192 0
352 16192 80
384 16240 80
512 16176 320
464 16160 320
496 16192 304
480 16192 32
448 16192 -144
448 16192 0
464 16208 -64
544 16224 -192
544 16192 0
512 16192 144
416 16288 112
272 16240 112
320 16256 144
400 16256 144
384 16192 176
432 16208 336
496 16192 528
368 16208 400
224 16208 288
320 16240 304
432 16256 240
400 16224 160
400 16144 -32
448 16112 64
448 16112 224
352 16128 224
368 16144 208
352 16208 240
400 16112 368
512 16176 304
464 16176 272
480 16208 32
512 16304 48
512 16304 144
512 16320 144
496 16240 96
480 16240 16
464 16144 -112
544 16208 -48
576 16176 -16
688 16256 -112
528 16288 0
528 16304 128
544 16208 176
352 16208 224
496 16192 224
464 16176 160
560 16192 176
528 16192 192
448 16224 176
512 16208 -64
512 16240 128
496 16240 240
576 16208 240
512 16176 224
688 16208 304
544 16256 192
464 16288 336
368 16272 304
368 16272 32
480 16240 32
512 16224 96
480 16128 48
464 16160 32
352 16256 128
464 16256 224
464 16208 112
400 16272 32
400 16208 32
352 16208 32
448 16256 416
464 16224 208
480 16192 512
432 16288 192
480 16208 0
480 16256 16
432 16256 -96
432 16288 -128
480 16288 -304
480 16288 -304
448 16304 -112
256 16288 -112
240 16272 -16
368 16176 48
368 16192 -176
400 16160 0
400 16240 16
416 16240 48
320 16272 48
176 16208 80
368 16224 -80
400 16240 0
384 16224 -48
544 16272 0
544 16224 208
336 16176 112
464 16256 352
400 16256 352
432 16288 160
416 16304 -48
384 16240 -240
352 16256 208
368 16256 144
400 16224 144
400 16224 288
480 16240 288
384 16272 160
416 16192 128
336 16224 -272
400 16192 -80
304 16224 -96
384 16272 -96
384 16256 -112
400 16256 208
320 16272 208
368 16304 208
176 16256 160
384 16208 64
464 16288 -48
384 16256 -80
384 16160 -80
416 16160 -64
384 16176 -144
288 16176 32
208 16240 32
336 16208 -240
336 16240 -16
544 16192 128
416 16160 -96
352 16208 208
368 16256 224
368 16256 80
608 16272 -32
560 16240 -32
528 16240 32
576 16256 -32
480 16320 -48
496 16288 -48
496 16256 -336
480 16256 -208
576 16240 -48
576 16208 48
576 16208 48
400 16224 80
432 16288 16
256 16192 192
400 16144 48
528 16176 -48
496 16144 -208
496 16144 176
432 16176 176
272 16208 128
352 16224 176
496 16224 208
544 16272 16
432 16288 384
448 16256 272
368 16192 192
368 16192 128
320 16224 128
368 16192 -144
384 16144 -16
320 16224 176
384 16224 32
432 16272 80
528 16256 144
528 16224 128
512 16224 80
352 16304 80
496 16224 -112
432 16176 432
592 16176 256
544 16208 352
512 16240 288
416 16272 176
448 16304 96
448 16304 -128
352 16272 -128
432 16208 -96
304 16208 -32
352 16256 0
496 16224 -112
496 16224 -224
592 16224 -480
400 16192 -384
368 16144 -256
304 16272 144
400 16224 0
560 16224 -208
560 16256 -96
560 16224 96
576 16224 240
512 16272 240
464 16224 240
320 16240 -48
416 16192 -80
240 16256 128
304 16304 96
336 16304 48
336 16256 80
352 16176 -16
464 16128 128
464 16224 128
432 16224 240
512 16176 240
544 16176 128
464 16160 128
432 16160 288
352 16160 160
384 16192 -64
416 16192 -32
496 16192 -96
464 16240 -112
512 16288 -16
512 16256 -16
448 16256 -16
384 16288 16
432 16240 -16
464 16224 32
432 16160 -96
304 16192 112
368 16288 128
304 16288 32
352 16224 32
448 16272 -192
528 16192 -96
288 16208 48
288 16224 272
368 16224 176
352 16288 64
400 16256 80
400 16256 0
336 16256 48
416 16224 80
416 16224 112
400 16224 112
544 16272 48
432 16304 128
288 16240 112
336 16272 64
288 16336 -16
288 16304 -112
480 16336 -192
480 16336 -48
448 16256 -160
