startup(x,y,z):(352,16080,192)
16544 16928 -7952
11088 15920 -512
5040 16128 -512
-224 16784 896
-176 16864 -80
-3744 14832 6624
-3744 13248 3264
-6176 16528 912
-7120 19456 -15856
7472 18736 -19104
6064 17744 -5184
-5472 17104 12528
13584 13232 -6784
4272 13472 -1200
4272 16896 2896
-13728 16896 3616
-4032 16320 3616
1728 16480 13440
-7392 17904 17840
-48 17536 12080
-48 17536 11200
528 16304 11200
-1616 18176 6304
2864 18320 -1408
3008 17600 -4592
-1088 17392 -3600
688 16112 -464
1296 15712 1312
1296 15120 4448
-656 15120 9056
-640 15264 9056
2352 15936 12528
17504 18080 -8416
5024 16000 -704
5024 19264 1760
-6864 19264 -8224
-9408 18640 -8224
-4240 18128 -8992
-2288 17968 -11008
1360 17392 -3312
-1408 15792 1808
-1408 15520 -3232
-1664 15520 -3792
3248 15856 -3792
1008 16128 -32
528 16608 -1792
3472 16176 544
2704 15936 1648
2592 15936 3680
1008 16720 4416
1616 16720 1488
416 16608 1488
1088 15536 3136
-2944 18064 -2912
-3856 17888 2944
2032 16800 2864
3072 15936 2944
3072 15984 2592
-2528 15984 3696
-656 16160 3696
-1040 16032 6704
624 15552 736
352 16016 -4000
-176 16768 -2656
-176 16144 -3216
1408 16144 -4784
1328 16224 -4784
256 16160 -5104
624 15872 -3392
400 15936 592
656 16224 2096
656 16224 2288
1216 16144 2880
528 16144 2880
192 16224 1264
-4848 16688 -5360
-3136 16592 -2544
-272 16144 -672
-272 16144 1440
1584 16096 1440
-448 16032 2816
1824 15984 2912
672 15856 4064
112 15968 2112
384 16176 1248
384 16288 3264
128 16288 3264
736 16288 1232
1632 16000 -1104
1136 16048 -896
1136 16112 -16
464 16112 -16
720 16112 864
512 15952 -192
912 16160 -736
960 16000 -496
864 16048 -1728
0 16272 -1648
0 16272 -1552
-224 16240 -592
240 16272 -592
192 16256 336
384 16080 992
272 16064 912
-112 16128 192
-112 16144 576
384 16144 576
576 16208 1248
496 16160 1456
640 16176 1056
832 16192 960
640 16128 320
640 16128 -160
400 16272 -160
272 16240 -32
192 16224 768
112 16192 560
112 16224 512
224 16224 352
272 16256 352
256 16176 48
208 16112 -352
320 16080 -1344
608 16080 -912
608 16176 -880
528 16176 -880
512 16160 -208
432 16080 -112
464 16144 16
224 16160 352
224 16176 768
384 16144 944
384 16144 512
448 16144 512
352 16128 720
432 16112 880
464 16224 672
464 16256 512
336 16256 400
432 16144 400
256 16112 240
240 16080 32
224 16160 -64
240 16176 -144
320 16128 -208
320 16128 -208
160 16176 -16
128 16208 -16
272 16096 -16
208 16096 -144
208 16144 64
480 16160 272
480 16192 336
464 16192 384
336 16208 320
512 16160 320
416 16080 208
320 16080 144
432 16128 48
432 16112 608
448 16112 608
624 16112 352
448 16096 128
416 16192 32
352 16080 32
352 16080 16
400 16128 -80
416 16112 -80
336 16128 -16
480 16112 96
416 16192 96
416 16208 80
384 16208 176
464 16208 176
384 16176 272
384 16160 48
528 16208 -32
432 16208 336
432 16160 464
336 16192 688
320 16192 688
320 16128 416
368 16128 432
416 16192 48
416 16192 0
368 16192 0
368 16176 224
528 16224 208
416 16144 -16
288 16112 96
288 16112 160
240 16128 160
224 16128 160
224 16160 480
416 16192 480
608 16160 352
480 16144 720
624 16128 544
528 16080 528
528 16080 304
272 16128 304
368 16160 240
336 16112 128
416 16144 160
320 16272 48
320 16176 -16
352 16176 -16
272 16224 -16
368 16144 32
384 16112 160
416 16176 208
416 16096 288
400 16096 288
320 16112 304
480 16080 224
432 16144 80
336 16080 -144
304 16096 208
304 16096 384
192 16112 384
336 16176 464
576 16208 288
384 16112 512
240 16128 320
240 16096 416
384 16096 416
480 16080 240
432 16048 144
368 16128 32
352 16096 48
336 16112 288
336 16112 112
352 16208 112
416 16192 -128
432 16160 -112
384 16176 -64
400 16144 112
400 16144 32
432 16176 128
416 16224 128
384 16224 384
400 16176 128
432 16160 112
416 16128 272
448 16192 288
432 16176 48
448 16176 144
464 16128 176
544 16128 16
448 16192 176
448 16192 128
288 16160 128
416 16112 112
400 16112 272
400 16128 224
336 16080 0
336 16080 -64
272 16112 -64
224 16144 32
256 16160 272
400 16112 416
528 16160 -128
512 16192 176
512 16192 304
560 16224 304
496 16160 176
464 16144 208
480 16208 80
432 16272 64
432 16272 48
416 16304 48
416 16208 64
272 16208 304
272 16128 224
256 16144 -32
240 16208 -144
240 16208 -16
400 16064 -16
336 16080 -96
352 16064 -48
432 16064 64
432 16096 112
464 16096 112
464 16048 208
528 16112 208
304 16112 304
320 16128 112
288 16160 240
480 16112 208
496 16192 304
496 16192 288
384 16192 352
352 16192 352
368 16160 352
304 16144 128
320 16192 112
384 16160 320
384 16224 256
368 16224 128
544 16176 128
480 16176 176
448 16192 224
480 16160 176
480 16160 256
400 16288 256
384 16176 96
384 16240 176
448 16192 176
352 16240 224
592 16208 320
592 16160 304
512 16160 304
512 16144 240
416 16208 224
400 16240 -144
384 16224 208
384 16224 224
368 16224 224
352 16160 384
304 16144 384
368 16176 480
448 16176 480
464 16176 288
464 16176 208
288 16144 208
304 16144 128
480 16144 304
480 16160 368
432 16176 320
432 16176 352
384 16128 240
480 16096 224
480 16096 144
512 16016 144
400 16048 256
400 16048 272
352 16176 240
368 16176 272
368 16176 224
368 16160 544
416 16160 368
432 16128 368
368 16128 416
352 16144 368
416 16048 224
336 16144 336
336 16160 112
544 16160 112
512 16096 208
480 16080 128
432 16064 176
624 16144 128
624 16176 192
400 16176 192
464 16112 176
496 16080 144
256 16112 176
464 16064 384
576 16112 160
576 16112 464
560 16208 464
528 16112 352
560 16080 208
464 16192 112
416 16192 192
400 16192 272
400 16128 608
432 16128 608
448 16176 544
384 16224 496
256 16192 416
256 16128 368
320 16128 368
272 16112 256
288 16128 224
272 16144 256
432 16112 288
480 16112 320
416 16112 336
416 16112 448
368 16160 304
448 16144 304
336 16240 272
448 16192 368
240 16176 336
272 16128 224
272 15872 96
320 16080 96
384 16112 288
304 16176 224
416 16096 256
240 16128 224
336 16096 496
336 16096 288
224 16048 288
288 16032 416
336 16112 480
416 16128 160
416 16224 -32
432 16224 304
368 16048 304
480 16112 256
480 16160 208
416 16128 80
496 16128 32
496 16176 128
448 16176 64
448 16160 64
336 16256 144
160 16208 448
208 16160 128
208 16224 240
368 16224 240
480 16080 272
432 16096 240
288 16064 240
352 16128 368
352 16128 448
352 16128 480
416 16128 480
256 16128 272
400 16160 352
416 16144 480
416 16128 336
624 16128 336
528 16176 320
496 16144 320
432 16064 144
304 16096 160
416 16256 256
464 16080 240
464 16176 -16
432 16176 -48
512 16176 -48
352 16192 144
304 16192 192
336 16192 96
384 16144 192
336 16128 128
336 16128 416
464 16160 416
496 16112 432
384 16064 496
432 16096 320
432 16096 384
176 16096 384
144 16192 384
224 16192 240
400 16224 -48
368 16224 48
304 16256 112
304 16192 320
384 16192 320
256 16160 256
288 16144 -48
384 16096 32
384 16144 16
288 16144 96
304 16160 96
336 16144 208
336 16160 240
336 16144 160
208 16144 128
384 16144 336
384 16048 384
464 16048 384
480 16128 432
464 16128 352
208 16160 240
224 16144 416
224 16144 576
384 16144 464
352 16160 464
400 16144 336
336 16144 576
336 16096 416
592 16144 352
464 16176 272
464 16224 352
464 16128 192
384 16128 192
384 16144 176
384 16096 416
576 16096 512
416 16112 256
432 16128 160
432 16080 288
192 16080 288
240 16160 464
368 16208 192
368 16176 96
352 16176 160
352 16176 32
384 16224 32
400 16176 80
480 16176 64
384 16176 192
432 16160 16
464 16160 96
464 16160 240
432 16016 240
416 16128 192
432 16080 224
432 16128 288
336 16128 288
336 16128 224
320 16080 224
208 16128 80
256 16144 -80
304 16240 48
544 16208 112
544 16208 176
