startup(x,y,z):(432,16128,240)
-3760 16448 2000
1696 15296 -4944
1536 15920 -4768
-368 16176 -6464
-368 16096 -7072
-48 16096 -6144
496 16576 -6144
1232 16592 -2736
768 16560 1568
-720 16272 4304
-720 16064 2256
-1200 16064 -1072
3376 16112 -1072
1088 17696 -5184
-1536 17440 2176
-448 16544 4048
1808 16064 3616
-48 16144 1184
-48 16144 2160
3584 16048 2160
2144 16192 5312
-1312 16208 4960
1456 16368 1616
1360 16496 800
1360 16224 16
880 16224 128
1648 16096 1136
1120 15872 1136
-160 16208 1968
800 15984 2384
1280 16128 1232
1280 16176 -256
816 16176 -256
-224 16080 -1440
-512 16192 -1296
-768 16192 -2512
-64 16016 -4192
368 16016 -3920
224 16128 -992
224 16160 -256
-48 16160 -16
256 16080 -16
416 16064 -400
480 16080 240
352 16128 1472
352 16160 1472
544 16192 480
544 16192 240
480 16112 240
560 16176 1776
304 16208 1776
560 16272 1968
656 16144 1648
576 16096 832
576 16128 144
448 16272 -736
304 16256 -800
528 16208 -752
560 16176 -544
352 16224 -224
304 16128 -80
304 16176 -96
352 16176 -80
384 16192 -80
624 16128 16
400 16112 512
288 16144 752
288 16144 688
400 16208 704
480 16128 816
480 16128 816
368 16160 336
336 16144 336
304 16192 160
352 16192 320
448 16192 144
448 16176 -96
320 16176 -256
160 16192 -256
256 16192 -688
304 16144 -800
336 16160 -304
368 16112 272
448 16192 432
304 16112 544
320 16128 864
320 16208 832
288 16208 832
608 16240 608
608 16176 528
528 16144 608
496 16160 400
576 16160 256
592 16192 96
432 16144 48
320 16112 -80
320 16192 -128
464 16192 -128
560 16208 -352
432 16208 -128
368 16240 288
400 16160 272
400 16208 208
464 16208 272
512 16208 272
352 16224 512
400 16224 592
400 16176 496
416 16096 496
-272 16224 192
-272 16224 368
-176 16224 368
320 16128 32
224 16128 128
304 16160 -48
256 16192 16
256 16192 224
384 16192 224
208 16272 176
400 16224 176
464 16192 416
416 16160 240
416 16032 304
416 15968 304
432 15968 304
336 16096 208
368 16064 176
368 16112 384
352 16208 496
320 16224 224
368 16208 256
464 16128 368
464 16128 320
528 16048 320
528 16048 240
288 16128 304
256 16112 320
256 16112 304
272 16176 528
288 16176 192
288 16128 192
208 16080 448
400 16112 448
400 16240 80
400 16224 384
336 16160 496
336 16208 528
240 16208 144
368 16160 144
480 16144 80
416 16064 368
496 16080 -192
480 16112 64
544 16080 208
544 16208 256
432 16208 256
320 16224 400
336 16224 288
352 16256 144
448 16224 64
448 16256 144
528 16224 -16
496 16224 -192
496 16160 -192
400 16064 128
480 16064 128
560 16032 160
528 16064 304
528 16096 384
560 16096 544
352 16112 544
512 16112 352
448 16144 304
400 16112 240
400 16224 320
336 16224 160
208 16224 368
352 16144 368
448 16208 192
400 16176 48
432 16208 0
432 16176 -176
400 16176 -176
336 16240 -112
304 16160 256
400 16144 272
496 16176 176
640 16128 96
624 16192 160
544 16096 -16
544 16176 0
592 16176 0
464 16160 192
448 16208 0
256 16160 192
336 16192 208
352 16160 208
432 16112 96
432 16144 112
400 16144 224
368 16144 176
608 16080 176
656 16096 272
464 16160 560
288 16272 288
288 16304 176
272 16304 176
128 16240 256
208 16160 0
112 16160 160
272 16128 240
368 16096 256
368 16192 336
368 16192 176
384 16224 176
384 16304 320
400 16224 544
304 16160 256
304 16160 112
448 16176 112
480 16224 320
432 16096 96
432 16128 0
368 16208 128
320 16208 -64
160 16192 -48
160 16128 64
272 16128 64
288 16192 128
336 16256 272
384 16224 224
336 16240 336
528 16224 176
416 16224 144
416 16224 288
368 16064 304
352 16064 304
352 16160 240
400 16096 240
384 16128 240
384 16128 304
400 16128 240
464 16128 240
496 16096 112
544 16128 80
480 16160 -96
480 16144 16
448 16112 -128
464 16224 -80
432 16176 224
432 16176 192
416 16176 192
400 16176 256
496 16208 -32
512 16224 -112
512 16176 160
352 16176 96
352 16128 96
352 16160 -96
224 16080 96
272 16176 112
288 16192 304
272 16208 128
272 16208 144
448 16160 144
368 16112 16
416 16128 144
480 16112 320
448 16128 128
448 16016 128
384 16080 128
384 16080 64
672 16080 64
560 16064 240
256 16064 240
320 16144 96
320 16160 240
384 16160 160
448 16176 384
448 16224 384
384 16176 400
480 16176 416
480 16176 368
384 16192 192
304 16176 144
304 16160 432
384 16160 320
496 16256 320
592 16192 176
608 16192 448
480 16144 336
480 16192 576
464 16192 336
368 16096 368
256 16128 368
256 16224 432
256 16192 192
416 16240 160
416 16112 240
480 16112 240
496 16160 160
400 16160 192
384 16160 160
464 16144 144
416 16112 160
384 16144 160
384 16144 336
240 16096 336
304 16160 224
448 16128 208
528 16176 176
528 16176 192
512 16160 -16
480 16160 -16
544 16176 160
464 16128 160
464 16144 320
368 16176 256
384 16128 192
464 16128 288
464 16144 -16
416 16144 144
496 16128 144
400 16192 176
336 16144 256
384 16176 112
432 16176 288
416 16208 160
352 16208 48
352 16192 304
304 16192 384
224 16160 384
320 16208 320
400 16208 128
368 16208 176
368 16192 256
416 16192 256
528 16096 256
432 16064 352
304 16112 432
400 16080 304
304 16096 272
304 16112 272
208 16112 496
272 16112 496
448 16112 512
256 16080 288
272 16112 80
272 16144 368
272 16144 224
480 16128 224
528 16096 240
400 16080 224
592 16064 288
432 16144 176
512 16144 320
512 16160 144
576 16160 144
464 16144 224
512 16144 224
432 16224 320
464 16160 352
464 16112 336
368 16112 384
368 16096 576
480 16192 576
352 16096 160
304 16224 464
336 16224 368
336 16272 336
400 16272 336
416 16208 128
416 16208 -96
384 16160 -32
544 16240 -16
416 16240 128
416 16272 256
320 16256 128
192 16208 256
368 16144 256
368 16144 496
400 16144 496
464 16160 320
576 16160 272
560 16160 192
224 16128 368
224 16160 336
416 16144 288
416 16176 0
480 16176 0
448 16160 96
400 16128 192
400 16208 304
400 16128 112
528 16128 -96
560 16096 -96
576 16096 112
480 16080 48
512 16064 160
576 16064 96
576 16064 112
544 16064 304
416 16128 304
512 16112 240
464 16128 480
480 16048 256
400 16096 288
368 16064 128
448 16112 128
432 16128 32
416 16144 288
416 16176 400
272 16176 112
272 16224 16
400 16224 16
144 16208 320
224 16256 288
256 16240 240
336 16144 64
416 16160 224
416 16144 160
400 16144 288
528 16192 448
464 16192 448
272 16176 384
320 16160 416
224 16224 144
320 16208 432
320 16208 48
496 16128 16
416 16144 16
304 16096 144
304 16096 272
368 16128 240
400 16176 272
400 16128 192
400 16128 368
368 16128 368
368 16016 208
352 16160 -16
400 16176 48
400 16160 144
416 16160 80
432 16112 80
480 16192 192
368 16144 368
416 16144 400
256 16096 432
240 16160 352
240 16160 320
240 16144 320
400 16080 224
352 16064 320
464 16224 256
464 16128 272
496 16160 400
448 16160 400
432 16128 176
416 16176 176
208 16112 480
368 16112 512
368 16112 240
368 16128 320
320 16128 320
304 16192 240
352 16144 304
336 16160 240
416 16160 16
416 16080 128
368 16176 -48
448 16112 208
448 16112 256
464 16160 256
432 16128 320
352 16064 384
224 16080 304
224 16080 288
240 16080 384
272 16112 384
352 16096 368
624 16144 288
448 16144 176
464 16160 384
464 16144 240
480 16144 320
400 16160 320
432 16144 80
352 16064 112
352 16112 224
400 16240 352
400 16240 352
320 16256 -48
336 16192 192
304 16224 48
496 16160 16
528 16032 176
528 16080 272
448 16080 272
432 16176 64
496 16112 512
448 16032 784
432 16000 576
432 16048 624
368 16048 400
368 16080 400
352 16096 96
544 16112 32
416 16128 368
320 16144 304
320 16144 16
336 16144 160
352 16112 160
