startup(x,y,z):(432,16128,240)
2544 15936 4672
2064 16080 2640
2016 16080 -2944
1344 16096 -2944
592 16160 -4320
-208 16256 -3328
2016 16064 -3904
640 15968 -2672
640 16048 -368
-16 16048 -368
496 15872 944
-1712 16832 -7952
-3200 16720 -3712
-1440 16672 -608
-1440 16672 1120
-1424 16432 3872
-3296 16144 3872
608 16400 4592
-544 16224 6896
-288 15680 6576
208 15904 1488
208 15904 2688
624 16240 2688
832 16560 1664
2704 16288 -384
1120 16016 -1360
864 16048 -496
864 16240 1664
1136 16240 2928
512 16048 2928
1760 15744 -816
1744 16704 -2352
-96 17120 816
-96 16688 -880
464 16688 -1184
-400 16256 -1184
-336 16416 -2384
368 16144 -2880
-608 16048 624
-656 15728 -1456
-656 15728 -1264
544 15680 -1264
48 16096 464
0 16256 -992
1232 16144 -144
1232 16240 432
592 16240 192
1024 16112 192
1152 16048 592
384 16096 -416
400 16128 1600
400 16256 2784
208 16256 2208
208 16064 2208
320 16112 2240
320 16048 1728
48 16112 1360
-208 16304 416
-112 16304 -256
288 16384 -256
656 16208 -1152
368 16064 -2112
464 16064 -1904
464 16256 -1232
160 16256 -1008
160 16240 -1008
464 16096 -1056
288 16160 -96
240 16096 528
208 16096 336
208 16096 -16
272 16144 -16
496 16128 -64
272 16144 528
240 16112 1040
240 16144 1408
416 16144 1360
352 16064 1360
560 16000 1088
384 16032 480
192 16128 96
272 16128 -512
272 16128 -464
496 16176 -464
576 16272 -336
432 16208 32
352 16160 -112
352 16160 -352
240 16192 -464
128 16208 -464
368 16144 -304
368 16160 -208
480 16160 -320
432 16048 80
432 16048 288
288 16112 288
336 16160 560
288 16144 784
400 16160 1008
400 16224 1072
384 16224 992
368 16192 992
304 16304 736
384 16272 432
448 16256 224
352 16192 128
352 16192 -32
496 16080 -32
560 16112 -80
528 16064 -16
528 16096 -176
480 16112 -176
416 16112 -176
368 16096 -32
240 16144 0
288 16144 336
448 16144 592
448 16144 512
544 16208 512
528 16240 448
576 16160 640
416 16096 400
416 16144 432
464 16144 368
368 16080 368
400 16144 -32
320 16080 -80
272 16128 48
352 16128 0
352 16128 0
464 16128 0
496 16112 -16
384 16128 240
384 16096 336
272 16096 80
224 16032 80
320 16080 -16
224 16144 272
352 16208 272
352 16176 512
320 16176 400
352 16128 400
368 16128 480
480 16096 576
512 16160 384
512 16064 272
480 16064 272
352 16112 448
384 16144 368
336 16224 144
240 16160 240
240 16208 64
288 16208 -64
304 16240 -64
512 16224 -32
384 16112 128
432 16112 160
432 16112 16
592 16224 16
368 16256 272
432 16192 80
368 16096 208
368 16128 288
272 16128 144
208 16080 144
336 16144 64
320 16176 416
384 16144 144
384 16144 160
464 16144 160
480 16128 96
496 16160 -80
416 16192 -208
336 16160 80
336 16080 -48
400 16080 240
384 16096 240
352 16128 368
304 16144 448
208 16096 416
208 16032 240
384 16032 240
352 16112 608
256 16208 416
176 16176 496
320 16128 272
320 16128 272
416 16128 272
432 16096 96
448 16128 240
352 16096 224
400 16096 112
400 16224 192
336 16224 192
256 16192 208
240 16160 352
336 16112 256
320 16144 240
320 16112 544
384 16112 544
432 16128 352
528 16080 176
496 16144 0
304 16192 144
304 16192 160
432 16160 160
432 16192 336
464 16144 640
496 16176 192
432 16272 256
432 16176 240
480 16176 128
384 16240 128
416 16288 320
304 16192 176
416 16080 -224
416 16128 -192
400 16128 -32
288 16160 -32
224 16192 160
272 16144 160
336 16192 48
336 16176 160
384 16176 512
368 16080 512
400 16080 336
480 16096 208
496 16160 208
496 16272 208
576 16160 160
336 16144 288
416 16176 208
416 16208 368
272 16128 272
432 16128 272
480 16080 192
480 16160 320
448 16160 96
448 16160 160
448 16256 -160
432 16256 -160
368 16240 96
384 16176 -272
416 16128 128
416 16160 384
352 16160 464
320 16112 464
368 16064 272
304 16112 320
368 16128 416
384 16128 192
384 16128 0
336 16144 0
400 16128 -80
320 16208 32
368 16192 160
368 16192 176
352 16208 288
304 16192 288
320 16176 288
304 16224 352
496 16160 160
400 16144 128
400 16144 112
416 16112 112
304 16096 144
272 16144 464
304 16176 336
304 16176 256
192 16096 304
352 16160 304
240 16144 256
192 16160 256
224 16144 336
224 16144 240
288 16144 240
352 16240 -192
400 16176 -16
352 16240 48
352 16192 128
512 16192 128
432 16128 464
336 16112 176
320 16144 256
368 16080 304
368 16048 464
384 16048 464
368 16224 256
464 16160 336
416 16176 448
512 16144 304
512 16144 80
416 16176 80
224 16112 128
240 16064 80
400 16080 -32
368 16160 48
368 16160 128
384 16080 128
336 16192 80
400 16176 128
416 16096 400
416 16112 352
384 16112 352
256 16128 240
320 16112 304
176 16112 336
256 16176 352
256 16176 384
128 16208 384
208 16160 512
192 16176 496
224 16144 336
144 16128 240
144 16176 128
208 16176 128
240 16256 176
288 16192 576
272 16096 336
352 16128 224
352 16160 192
272 16160 192
384 16128 144
480 16160 144
448 16144 144
432 16176 176
496 16160 288
496 16160 96
432 16160 96
592 16176 320
528 16080 208
496 16064 176
544 16144 96
544 16112 128
416 16112 80
544 16112 80
624 16144 112
528 16080 48
576 16096 32
576 16080 -48
672 16080 256
352 16096 256
336 16272 320
512 16160 288
160 16144 352
304 16192 240
304 16192 96
288 16224 96
304 16144 96
320 16128 80
480 16064 16
368 16144 -96
448 16224 -96
448 16144 -48
384 16128 80
496 16144 16
448 16160 16
448 16160 128
320 16032 128
384 16080 32
400 16128 272
448 16112 96
464 16160 192
464 16160 304
512 16144 304
480 16112 320
464 16160 176
336 16128 400
432 16192 336
432 16192 512
416 16224 512
400 16160 416
432 16176 240
448 16192 80
368 16160 208
368 16160 64
496 16176 64
608 16208 240
496 16224 -48
432 16192 -32
432 16160 0
608 16160 -144
560 16208 -144
416 16176 64
336 16224 288
432 16080 0
432 16112 64
368 16112 64
256 16016 272
192 16064 224
368 16048 352
352 16112 672
352 16048 528
320 16048 336
544 16064 336
448 16160 224
368 16128 224
208 16096 16
208 16064 224
352 16064 224
368 16016 128
384 16080 96
368 16080 336
272 16144 304
272 16240 384
368 16240 128
432 16224 192
368 16160 288
464 16128 368
448 16128 208
448 16176 304
336 16176 304
208 16096 432
512 16144 368
384 16080 368
544 16096 176
544 16144 256
448 16144 256
416 16096 480
576 16128 304
464 16128 464
480 16144 768
480 16144 704
224 16080 704
336 16192 432
352 16224 64
384 16176 336
384 16128 272
464 16128 336
464 16112 336
656 16144 304
528 16208 144
528 16144 32
528 16176 256
480 16176 48
496 16192 48
368 16112 208
320 16192 144
464 16128 144
464 16128 192
448 16192 128
448 16160 128
384 16160 240
384 16096 48
368 16112 80
368 16208 32
544 16208 32
448 16144 80
496 16208 272
432 16224 432
400 16192 400
400 16128 240
576 16128 304
560 16080 304
352 16080 240
384 16048 -32
336 16048 176
336 16128 464
240 16128 464
368 16128 64
432 16016 176
352 16128 144
416 16160 192
416 16160 -16
416 16144 -16
288 16224 64
224 16176 192
288 16176 272
288 16160 336
288 16128 448
448 16128 448
512 16128 272
432 16208 288
256 16144 224
384 16144 336
304 16128 336
272 16208 208
176 16208 256
240 16160 368
256 16144 384
256 16160 416
384 16160 416
496 16176 192
512 16112 144
544 16080 176
448 16128 304
448 16128 336
560 16160 336
384 16128 320
368 16128 128
368 16128 352
368 16080 288
368 16080 -32
432 16096 -32
384 16144 -368
432 16096 -32
432 16080 208
432 16000 272
432 16000 272
320 16128 272
272 16224 144
176 16160 528
160 16144 336
160 16144 224
208 16176 224
512 16192 192
512 16160 320
416 16160 32
368 16176 192
368 16176 384
320 16208 384
528 16144 240
