startup(x,y,z):(432,16128,240)
480 16256 -1600
464 16160 -960
464 16240 -480
464 16240 -176
432 16128 -176
352 16144 -464
720 16144 -752
-1904 15872 -2144
-2512 16448 -1584
-960 16288 512
496 16112 1136
240 16272 1808
240 16272 2544
304 16192 2544
416 16144 3504
448 16176 3248
320 16176 1072
800 16192 192
800 16144 -16
416 16144 -464
432 16064 -240
448 16064 -240
288 16064 80
544 16080 736
384 16192 512
352 16144 64
352 16144 -384
80 16224 -544
176 16144 -544
224 16144 -976
432 16192 -1360
496 16176 -1136
416 16208 -464
304 16192 96
304 16192 352
352 16144 352
368 16176 880
384 16128 976
448 16048 736
272 16112 464
272 16112 128
336 16064 128
560 16112 64
480 16144 480
384 16128 480
368 16032 688
352 16064 592
288 16080 208
288 16080 -272
352 16144 -272
240 16144 0
384 16208 -96
352 16336 -176
400 16240 -112
480 16160 304
448 16144 576
368 16096 704
368 16096 688
384 16176 688
352 16160 656
320 16160 512
400 16112 304
368 16112 240
368 16128 160
544 16128 160
336 16128 32
416 16192 -192
480 16208 -112
256 16224 -16
256 16256 160
240 16256 288
96 16224 288
176 16224 384
368 16192 320
400 16160 80
400 16160 320
400 15904 448
528 16064 496
512 16064 304
544 16048 304
496 16128 368
352 16256 384
384 16272 80
384 16176 240
384 16176 240
544 16112 304
592 16128 384
448 16160 0
512 16144 128
528 16128 320
432 16176 144
448 16256 112
448 16272 -16
464 16272 -16
512 16208 416
416 16160 480
384 16176 272
384 16096 384
384 16080 80
384 16032 32
384 16128 -16
432 16144 -32
432 16128 -32
416 16128 -48
480 16144 -48
256 16096 192
304 16192 80
384 16176 432
448 16208 384
448 16208 160
304 16208 160
656 16128 640
480 16096 720
512 16080 432
384 16112 352
432 16176 240
432 16224 336
336 16224 256
352 16224 256
400 16240 224
448 16224 192
336 16176 512
336 16144 304
336 16144 384
304 16144 336
480 16144 336
528 16144 256
480 16176 224
384 16224 176
400 16176 400
400 16176 480
416 16160 528
384 16112 528
320 16192 368
416 16176 432
384 16224 368
400 16192 144
384 16160 144
384 16048 48
400 16048 48
432 16192 304
448 16208 160
432 16288 -16
432 16240 304
256 16192 432
320 16192 432
320 16160 256
384 16112 240
544 16128 352
352 16048 384
320 16096 304
256 16128 464
256 16128 352
288 16128 400
288 16064 400
320 16064 240
160 16080 256
384 16128 336
384 16192 352
352 16176 400
336 16192 368
352 16192 368
288 16096 288
400 16096 128
288 16096 -96
320 16144 0
320 16144 32
304 16160 288
288 16176 256
336 16128 144
368 16128 192
336 16144 336
352 16112 512
352 16144 368
208 16144 416
384 16192 416
384 16144 512
368 16144 256
432 16160 288
416 16112 304
416 16112 384
496 16096 384
480 16192 160
448 16208 96
416 16224 448
464 16160 400
464 16144 432
208 16144 560
272 16048 560
272 16080 560
224 16112 464
352 16144 176
400 16192 240
400 16224 128
416 16176 64
480 16224 80
480 16176 32
416 16176 32
400 16192 176
528 16160 96
416 16144 352
368 16192 208
416 16112 240
416 16368 240
384 16176 -48
368 16144 256
368 16128 256
512 16160 16
416 16240 -64
304 16288 128
304 16288 -176
272 16288 -176
416 16256 -192
272 16144 16
240 16160 240
384 16192 240
384 16192 272
432 16096 224
272 16064 400
272 16128 320
288 16128 64
464 16176 112
432 16160 288
528 16096 192
528 16144 80
480 16112 64
400 16112 64
528 16048 80
464 16096 272
432 16176 384
400 16176 336
560 16192 32
464 16176 48
464 16176 208
464 16160 208
336 16144 240
288 16176 224
448 16256 528
448 16176 448
512 16176 384
304 16192 336
352 16144 192
336 16144 448
400 16128 256
464 16096 304
656 16064 128
400 16144 256
496 16144 96
528 16256 96
416 16224 352
448 16144 240
400 16080 160
384 16064 128
304 16048 128
304 16112 256
448 16112 0
368 16160 224
336 16144 48
160 16128 64
160 16128 128
192 16128 16
176 16128 16
160 16128 192
256 16144 -128
256 16128 208
368 16144 16
464 16160 320
464 16096 320
400 16096 320
352 16032 384
432 16048 448
560 16112 368
528 16128 352
528 16160 624
464 16160 336
592 16144 336
432 16160 288
592 16160 288
496 16176 576
432 16224 352
368 16128 320
368 16128 448
496 16144 448
352 16112 288
448 16096 -48
512 16128 -144
432 16144 64
432 16208 352
432 16224 256
400 16160 112
400 16160 272
352 16240 272
400 16192 272
464 16112 560
320 16160 496
320 16160 496
400 16192 224
512 16192 224
272 16208 240
368 16192 288
352 16192 192
384 16080 288
384 16080 208
480 16064 208
560 16064 432
704 16160 208
528 16144 176
528 16240 304
400 16240 304
448 16224 192
512 16080 144
512 16144 352
544 16112 64
528 16128 -16
528 16128 -80
384 16128 -80
448 16064 256
304 16096 240
384 16192 224
320 16288 160
320 16144 240
320 16144 240
304 16080 320
368 16064 640
400 16096 640
416 16128 368
256 16128 432
320 16144 256
320 16208 304
272 16208 304
432 16288 32
368 16240 160
384 16128 304
528 16144 592
480 16160 336
384 16080 352
384 16080 320
368 16080 416
352 16128 416
336 16128 272
288 16256 176
352 16192 176
352 16176 144
352 16176 -112
320 16176 -112
224 16176 64
304 16160 160
416 16096 112
256 16096 -16
352 16064 96
352 16064 -80
480 16144 -80
464 16160 288
608 16096 96
480 16128 272
480 16064 224
432 16064 224
432 16128 352
464 16112 368
560 16144 208
480 16160 -48
512 16128 144
448 16112 240
128 16128 160
256 16112 128
256 16112 144
288 16192 144
64 16192 288
176 16144 64
224 16208 160
400 16144 112
640 16064 80
640 16048 208
544 16048 128
432 16096 128
352 16128 -16
448 16176 80
368 16192 176
368 16240 160
352 16240 160
384 16208 80
432 16176 240
352 16176 288
496 16176 384
480 16112 320
384 16240 96
384 16176 -16
368 16176 192
160 16192 192
256 16192 208
320 16176 320
416 16112 576
416 16144 240
432 16144 240
480 16256 496
464 16256 496
400 16144 304
400 16208 160
352 16192 16
352 16176 128
272 16176 128
448 16176 96
320 16192 160
320 16080 304
384 16176 336
384 16112 416
352 16176 400
352 16176 480
240 16208 480
320 16192 368
368 16240 304
384 16288 208
384 16240 80
400 16240 176
416 16224 176
464 16192 144
368 16176 80
368 16176 96
416 16208 -32
416 16112 80
400 16112 256
240 16160 256
464 16128 176
368 16176 416
448 16176 336
448 16112 224
320 16112 112
496 16096 112
384 16064 192
384 16080 352
448 16112 352
464 16208 176
368 16176 320
368 16112 240
352 16224 224
320 16224 224
512 16144 368
592 16144 128
448 16192 240
240 16176 384
288 16176 96
336 16176 112
336 16176 224
144 16240 224
208 16160 224
384 16096 96
400 16160 448
400 16160 192
320 16176 64
448 16192 64
384 16160 64
384 16208 256
336 16160 448
240 16128 384
240 16144 32
288 16144 32
352 16176 240
192 16208 288
320 16208 288
320 16160 192
320 16160 480
304 16128 480
368 16192 336
416 16144 384
432 16128 208
384 16160 128
224 16160 48
224 16176 128
304 16176 224
304 16176 224
368 16112 224
320 16160 464
368 16128 448
368 16064 368
416 16064 128
496 16160 128
416 16224 240
384 16160 240
336 16128 304
336 16160 400
368 16192 320
368 16096 272
368 16096 272
336 16112 176
320 16128 256
448 16144 32
400 16192 -128
400 16192 48
384 16144 48
384 16176 368
400 16176 368
640 16192 224
480 16320 144
416 16240 464
416 16208 320
416 16208 128
496 16176 128
352 16240 64
352 16160 256
480 16192 320
368 16144 112
352 16048 16
352 16048 -48
368 16048 -48
496 16080 64
512 16112 160
512 16144 304
512 16112 128
400 16176 112
400 16176 112
400 16176 80
368 16112 224
