startup(x,y,z):(352,16080,192)
176 16224 -5168
464 16000 -6400
944 16208 -6048
672 16192 -1632
704 16064 2880
704 16064 -7488
5440 14800 -7488
-992 15536 -4480
-3904 16800 -528
-3024 17344 1136
-3024 16912 5856
-2944 16912 6416
-48 16576 6416
-272 16144 7984
-368 16000 8560
-176 15648 1120
-176 15648 288
832 15904 288
720 15520 592
3344 15856 -1664
1600 16032 -2496
1600 15872 -720
944 15872 2304
864 15936 2304
64 15728 4576
400 16112 2432
-4688 17216 -4096
-4688 17088 688
-3776 17088 688
256 16304 80
1200 15872 -2112
-2288 16432 -2032
-2288 16880 -4192
1680 16880 1424
240 16896 1424
-800 16096 -16
1040 15904 -1760
-352 16272 0
-352 16112 -1408
-576 16112 -1408
1632 16064 -400
1488 16032 560
528 16128 1152
2640 15648 -1168
1904 15648 1312
624 16064 1312
0 16272 3424
352 16192 2976
-384 16080 2688
-384 16160 2176
288 16160 2176
224 15968 2688
-128 15952 1184
336 16240 -176
336 16288 80
464 16288 80
736 16160 -1024
608 16160 -2192
480 16208 -1680
464 16304 -784
464 16304 -960
416 16176 -960
528 16144 -1168
368 16192 -80
160 16112 592
160 16080 320
128 16080 320
272 16128 368
272 16064 336
80 16112 880
240 16016 1152
240 16000 1744
496 16000 1744
432 16032 1600
624 16032 1248
720 16000 864
720 16112 624
544 16112 624
160 16176 -32
304 16160 16
480 16160 -144
384 16176 128
384 16144 128
272 16144 128
320 16128 -224
448 16208 -544
208 16144 -416
160 16144 -384
160 16144 -416
304 16176 -416
336 16160 -160
320 16112 -288
352 16032 -16
352 16112 464
464 16112 976
496 16112 976
480 16144 960
544 16128 1088
448 16176 992
384 16176 512
384 16176 320
448 16096 320
368 16128 224
304 16192 112
256 16192 -16
256 16192 0
288 16160 16
400 16096 16
368 16080 -208
560 16096 -32
592 16240 -112
592 16176 -48
560 16176 -48
640 16128 80
528 16128 240
368 16176 384
256 16160 352
256 16160 576
352 16080 576
368 16112 816
368 16176 688
384 16176 224
384 16256 176
320 16256 128
304 16256 128
400 16176 336
208 16176 272
272 16160 320
272 16128 432
304 16128 432
352 16096 256
320 16080 64
352 16064 -192
368 16064 -256
368 16064 -48
512 16064 192
384 16080 192
224 16096 304
32 16048 448
192 16000 448
192 16032 352
336 16032 352
224 16192 464
192 16192 352
224 16272 576
160 16208 416
144 16128 400
144 16144 352
336 16144 352
288 16160 192
304 16192 0
432 16192 -64
464 16192 -208
464 16192 -112
416 16176 -112
304 16192 -80
304 16112 304
336 16224 272
336 16192 368
480 16208 352
480 16208 432
352 16176 432
448 16192 480
448 16144 496
496 16144 400
496 16256 176
464 16144 224
448 16128 320
448 16176 128
368 16176 -32
368 16208 64
288 16208 64
400 16160 224
352 16128 240
384 16096 560
384 16160 208
368 16160 -48
480 16128 -48
432 16128 416
432 16128 480
288 16144 240
352 16160 192
352 16160 96
432 16128 96
416 16000 64
512 16064 -48
176 16080 240
176 16080 288
304 16064 288
384 16096 208
528 16112 64
432 16160 80
448 16176 32
448 16208 -112
432 16208 -112
384 16176 -80
304 16208 -32
512 16112 208
448 16176 80
448 16176 -16
416 16144 -16
448 16208 176
432 16176 192
192 16080 480
192 16272 304
256 16272 512
256 16304 512
224 16288 528
336 16160 416
512 16112 464
512 16112 400
400 16112 400
288 16112 288
352 16176 48
368 16192 80
368 16224 128
368 16224 256
336 16112 256
368 16144 288
336 16144 288
384 16160 272
384 16160 288
336 16160 256
288 16160 256
224 16144 480
288 16240 64
288 16176 304
256 16176 320
256 16176 320
320 16192 144
304 16144 272
320 16112 176
320 16144 112
400 16144 272
656 16160 272
480 16176 480
352 16208 192
432 16144 256
432 16144 352
352 16128 352
272 16128 384
304 16144 112
288 16192 128
416 16144 288
416 16144 208
352 16112 208
352 16160 304
208 16176 320
400 16096 240
400 16064 208
480 16064 208
464 16048 160
352 16016 336
432 16048 336
464 16048 384
464 16048 192
416 16048 192
416 16080 64
384 16064 48
400 16112 272
400 16208 256
320 16208 256
480 16192 16
432 16208 96
480 16144 224
432 16112 240
432 16112 320
560 16016 320
448 16112 336
368 16144 416
384 16208 160
384 16128 416
352 16128 416
432 16064 256
592 16064 112
496 16160 384
496 16096 256
528 16096 256
544 16096 288
496 16112 208
512 16160 144
512 16176 144
512 16208 112
512 16208 112
544 16128 176
528 16080 320
208 16144 400
208 16128 160
304 16112 32
368 16144 -96
352 16240 112
272 16208 176
272 16160 160
368 16160 -16
448 16160 -16
480 16240 -48
544 16224 -48
384 16160 128
384 16160 432
176 16176 432
224 16064 320
288 16048 96
336 16032 320
336 16112 256
320 16112 672
304 16064 672
368 16016 416
336 16048 224
368 16112 224
368 16112 400
432 16080 400
496 16144 320
432 16112 352
464 16128 400
464 16128 160
576 16128 112
432 16144 112
384 16208 160
320 16272 240
576 16256 192
576 16256 16
512 16144 16
528 16144 64
560 16192 432
416 16096 336
416 16096 256
304 16064 256
384 16064 240
256 16112 464
320 16176 608
336 16160 512
336 16112 352
384 16112 352
432 16144 368
304 16192 336
416 16128 256
416 16160 176
336 16160 176
400 16192 208
448 16144 240
464 16192 32
400 16176 160
400 16096 320
368 16096 160
432 16096 160
464 16144 112
368 16096 288
368 16144 272
208 16144 128
240 16144 128
336 16192 256
352 16144 496
400 16160 240
400 16128 208
544 16128 208
528 16032 240
432 16128 -112
544 16128 128
544 16112 208
464 16112 208
464 16208 16
480 16112 32
416 16128 208
448 16096 176
448 16160 80
576 16160 80
480 16192 464
400 16160 64
432 16080 288
432 16160 288
336 16160 272
464 16160 272
576 16144 272
480 16096 208
480 16064 192
384 16064 96
288 16208 96
416 16176 32
400 16240 112
416 16224 128
320 16224 96
320 16224 64
432 16176 64
496 16208 128
400 16128 288
336 16064 384
336 16112 336
288 16112 336
464 16096 464
416 16032 304
592 16064 224
560 16016 592
560 16096 384
528 16096 576
304 16112 576
400 16080 336
384 16144 368
464 16096 256
464 16128 96
464 16128 48
448 16064 48
352 16064 160
448 16096 -96
384 16128 112
384 16112 208
864 16048 288
640 16048 288
288 16208 96
256 16160 -48
192 16176 80
192 16160 -16
448 16176 240
608 16160 160
304 16128 208
96 16128 400
96 16320 1648
-688 16320 -368
-1376 16800 -368
-176 16144 -1216
160 16032 -336
1088 16032 -368
1088 16032 -368
560 16016 -368
464 16208 496
592 16080 800
1072 16144 1392
1312 16192 864
1312 16176 640
672 16176 640
64 16176 480
464 16160 224
480 16176 176
480 16208 512
656 16208 560
592 16224 560
208 16144 480
448 16144 304
464 16080 96
464 16160 -16
480 16160 -16
672 16080 -224
432 16128 -144
368 16144 96
336 16128 432
336 16128 688
416 16080 688
416 16128 528
240 16176 240
272 16208 112
272 16240 208
272 16240 96
288 16272 96
352 16096 112
368 16048 592
480 16048 544
480 16080 240
416 16080 240
208 16064 160
256 16112 64
304 16176 -160
304 16112 -176
496 16112 96
448 16144 96
464 16096 416
672 16032 288
496 16096 544
496 16096 624
352 16096 624
272 16144 304
352 16112 96
336 16176 -240
336 16160 80
560 16160 80
384 16272 336
384 16192 448
448 16224 32
496 16192 64
496 16192 0
432 16256 0
480 16192 -192
224 16176 16
256 16112 240
256 16112 -80
448 16112 -80
384 16080 352
128 16080 464
16 16080 400
16 16048 304
320 16048 288
416 16080 288
400 16144 208
400 16160 192
400 16160 256
400 16128 336
352 16128 336
272 16192 272
320 16192 0
352 16176 96
352 16176 -16
208 16224 -16
400 16176 304
432 16224 128
528 16208 160
448 16192 240
448 16192 144
320 16208 144
416 16176 224
320 16240 -112
304 16240 -64
304 16240 96
320 16192 96
416 16112 304
