startup(x,y,z):(432,16128,240)
32 16288 -1216
400 16336 -1376
384 16256 -656
384 16288 -400
432 16288 96
400 16096 96
2432 15616 -4592
592 16112 -2656
208 16448 160
288 16320 224
176 16256 1456
496 16256 2176
496 16064 3568
512 16064 3568
256 16080 3584
752 16032 1424
1200 16096 1008
560 16176 1568
912 16144 272
656 16080 -816
656 16144 -336
816 16144 512
816 16144 752
256 16016 752
-64 16032 -320
400 16032 -2128
-320 16240 -1520
192 16352 -544
64 16352 -1088
624 16208 -1088
-176 16272 -1056
176 16160 -1072
208 16128 160
320 16112 -304
560 16112 368
352 16256 368
288 16224 656
624 16096 704
640 16192 544
784 16176 160
784 16176 432
624 16112 432
384 16096 656
320 16144 656
496 16160 1120
496 16128 624
256 16112 464
256 16112 128
288 16112 128
320 16176 -224
512 16160 -736
672 16112 -784
544 16192 -960
336 16240 -432
384 16192 32
448 16064 448
448 16064 704
384 16144 704
256 16256 592
368 16256 576
368 16256 480
384 16208 384
384 16208 528
416 16176 528
352 16176 480
448 16144 480
432 16144 192
432 16208 240
432 16176 -48
432 16160 -272
352 16160 -272
336 16224 0
400 16256 16
560 16240 144
384 16192 416
384 16128 448
336 16128 320
496 16192 368
400 16192 368
608 16128 416
464 16128 544
512 16128 640
512 16128 704
528 16128 592
496 16128 400
416 16144 400
352 16192 368
480 16160 384
304 16160 176
352 16144 16
288 16160 -32
288 16224 -416
256 16224 -416
304 16224 -224
272 16256 -288
272 16224 -160
272 16208 -112
256 16208 176
192 16160 176
320 16192 480
432 16192 608
528 16144 608
576 16176 832
592 16128 976
544 16128 912
544 16064 512
512 16064 512
512 16144 336
304 16144 16
352 16144 16
432 16208 96
432 16144 0
480 16240 192
480 16240 272
240 16160 272
352 16176 288
432 16176 208
384 16144 320
384 16192 288
576 16192 16
416 16144 16
368 16160 320
368 16208 400
336 16112 400
464 16160 304
368 16224 288
368 16160 0
320 16160 0
384 16144 176
320 16112 256
288 16064 256
288 16112 208
288 16160 192
304 16160 192
272 16288 48
416 16192 80
320 16128 192
352 16112 176
352 16080 240
352 16160 448
368 16160 704
400 16192 624
304 16176 672
272 16208 400
336 16240 256
336 16272 448
320 16272 352
448 16224 288
448 16144 224
336 16144 400
352 16144 400
272 16160 304
480 16080 256
416 16208 224
416 16208 224
528 16160 208
528 16096 208
528 16112 112
560 16096 288
480 16144 416
192 16128 592
368 16128 480
368 16208 400
336 16208 144
368 16176 192
144 16176 192
464 16128 240
448 16176 256
448 16144 352
384 16144 160
480 16160 160
496 16192 336
512 16192 288
288 16160 160
192 16192 64
192 16192 400
480 16176 400
432 16160 432
416 16144 160
288 16176 336
464 16096 352
464 16176 384
432 16144 400
432 16144 368
288 16144 368
304 16224 320
320 16240 352
400 16256 320
400 16224 208
400 16224 288
304 16160 288
352 16224 352
336 16208 32
352 16176 -32
288 16192 48
384 16144 160
400 16272 176
384 16240 240
384 16240 240
160 16256 240
240 16128 16
336 16160 176
464 16176 80
400 16192 160
400 16192 -32
368 16128 16
432 16128 160
432 16144 160
320 16160 96
384 16144 -16
496 16192 -224
496 16192 -128
432 16144 -128
512 16176 112
464 16160 208
528 16208 144
496 16192 80
464 16192 96
464 16160 208
496 16160 96
288 16208 96
480 16192 176
512 16112 224
512 16160 176
384 16160 128
464 16160 128
256 16096 304
432 16080 304
560 16096 32
544 16112 -16
496 16160 0
496 16160 48
496 16160 -16
416 16144 -16
464 16160 80
432 16080 224
512 16048 336
416 16112 320
416 16176 336
448 16176 336
336 16128 256
432 16208 128
400 16240 128
400 16176 144
432 16176 112
480 16240 256
480 16240 256
432 16240 -48
448 16128 -48
528 16144 -32
480 16192 80
560 16160 176
480 16128 -224
512 16160 16
432 16160 128
432 16160 256
512 16192 256
400 16128 400
432 16096 208
448 16160 32
352 16160 144
352 16144 112
480 16144 112
448 16096 16
352 16064 64
368 16112 304
576 16176 352
496 16128 240
496 16112 80
384 16112 144
432 16208 144
480 16224 192
480 16176 80
496 16144 32
368 16128 112
368 16128 112
512 16160 80
512 16112 272
432 16112 272
400 16208 384
464 16192 -16
480 16144 160
480 16144 240
448 16176 240
400 16176 256
416 16240 176
320 16176 64
448 16192 128
304 16192 0
320 16144 -16
256 16112 160
288 16096 400
368 16224 160
336 16224 48
336 16224 176
384 16128 272
384 16160 160
416 16160 496
368 16176 496
304 16224 160
432 16144 176
448 16096 272
464 16144 96
464 16144 176
336 16144 48
432 16256 48
352 16224 80
336 16176 160
400 16128 288
336 16176 208
352 16208 208
256 16208 -176
256 16080 -48
352 16080 -48
448 16160 -176
416 16160 -128
448 16128 16
336 16112 80
336 16112 16
336 16112 -80
352 16112 -80
352 16176 -112
464 16160 144
432 16160 320
448 16128 128
400 16112 160
400 16160 144
528 16160 144
272 16096 176
304 16096 64
400 16096 288
528 16016 288
528 16016 336
320 16096 288
336 16144 256
336 16160 144
464 16160 144
384 16096 272
416 16160 144
288 16176 0
416 16144 16
416 16144 224
416 16128 224
512 16160 272
448 16112 384
192 16144 352
240 16176 192
272 16208 -144
272 16176 -96
416 16176 -96
496 16144 128
400 16144 224
480 16096 320
432 16096 256
432 16224 208
336 16224 304
192 16192 304
368 16160 368
416 16112 16
384 16160 96
464 16176 304
400 16128 192
400 16128 368
400 16128 368
464 16192 192
336 16176 144
368 16272 96
368 16176 304
368 16176 96
464 16192 96
320 16144 208
448 16112 208
416 16176 160
288 16208 128
368 16160 304
368 16160 336
400 16080 336
320 16160 336
528 16144 112
592 16128 80
480 16112 224
416 16080 144
384 16192 48
480 16160 -64
480 16176 16
272 16176 16
240 16176 304
448 16192 144
368 16144 336
448 16144 112
448 16112 144
320 16112 144
272 16176 336
400 16128 400
464 16160 256
352 16224 320
496 16192 256
496 16208 288
544 16208 288
496 16208 304
432 16240 16
384 16176 224
272 16192 368
272 16096 320
352 16096 320
192 16240 400
304 16144 400
416 16128 64
576 16144 32
336 16144 192
336 16144 -16
384 16160 -16
400 16144 128
432 16192 272
368 16144 288
352 16176 352
336 16192 304
336 16176 464
560 16176 208
624 16176 208
736 16192 112
592 16224 240
480 16176 128
480 16176 464
368 16144 464
432 16080 320
464 16096 416
320 16080 496
400 16144 448
400 16160 304
224 16192 368
288 16112 432
304 16176 96
304 16176 112
320 16144 112
368 16128 352
400 16160 320
288 16112 384
384 16192 416
400 16192 240
400 16208 128
400 16208 288
240 16176 288
336 16064 272
512 16096 112
368 16048 160
368 16096 48
384 16096 -192
432 16064 -192
336 16064 16
448 16128 -96
400 16160 -80
384 16208 -16
240 16288 144
240 16352 192
272 16352 192
272 16384 192
368 16320 352
336 16304 496
368 16256 256
368 16160 400
352 16160 192
304 16128 192
304 16144 256
400 16176 208
400 16176 224
432 16176 304
416 16160 304
416 16160 240
432 16064 240
400 16176 144
544 16224 160
528 16112 352
480 16128 528
480 16112 368
384 16128 272
336 16160 240
336 16160 336
432 16176 336
448 16160 416
400 16144 272
368 16128 128
368 16128 -48
384 16112 -128
400 16144 -128
400 16160 -16
416 16160 240
464 16208 432
496 16304 368
416 16272 240
416 16208 160
464 16208 160
416 16192 128
512 16256 176
672 16256 0
480 16224 -16
480 16224 -48
272 16192 -48
384 16160 224
368 16144 208
352 16208 -160
288 16176 -96
288 16160 0
368 16160 80
368 16240 80
560 16144 16
368 16096 272
384 16128 208
384 16128 448
400 16128 320
608 16016 320
608 16080 416
